12,23,1.249046
12,24,2.356194
12,39,0.785398
12,40,1.570796
12,41,2.356194
13,12,1.249046
13,13,2.356194
13,22,-0.785398
14,62,1.570796
15,10,0.321751
15,76,0.785398
16,10,-0.785398
17,78,3.141593
18,39,0.321751
18,41,3.141593
19,58,0.321751
20,39,3.141593
20,42,0.785398
20,58,-0.785398
21,28,0.321751
21,42,0.000000
21,79,2.356194
22,10,2.356194
22,36,0.321751
22,39,3.141593
22,44,-2.356194
23,30,-1.892547
23,39,-2.356194
23,42,-0.321751
23,53,1.249046
24,32,0.000000
24,39,2.356194
24,45,2.356194
25,7,0.321751
25,51,-1.570796
26,7,-0.785398
26,13,0.000000
26,14,1.570796
26,15,2.356194
26,39,-1.249046
26,41,1.570796
26,49,0.785398
26,53,-1.570796
26,60,1.570796
27,32,-1.249046
27,33,-2.356194
27,43,-1.249046
27,45,1.892547
27,50,-1.249046
27,55,0.000000
27,62,-2.356194
27,81,3.141593
28,14,0.000000
28,37,-1.249046
28,38,-2.356194
28,39,0.785398
28,45,-1.249046
28,47,1.892547
29,14,-0.785398
29,19,0.785398
29,20,1.570796
29,21,2.356194
29,31,0.785398
29,32,1.892547
29,48,-2.356194
29,59,-1.249046
30,7,0.785398
30,32,-1.249046
30,34,1.892547
30,40,-1.570796
30,45,0.785398
30,51,0.785398
30,65,-2.356194
31,14,0.785398
31,22,2.356194
31,27,0.785398
31,28,1.892547
31,35,-2.356194
31,38,0.785398
31,46,-1.249046
31,48,1.892547
31,52,-1.249046
31,59,1.892547
32,5,1.249046
32,10,0.000000
32,11,1.892547
32,20,-0.785398
32,21,-1.892547
32,28,-1.249046
32,29,-2.356194
32,39,-1.249046
32,40,-2.356194
32,48,-1.249046
32,50,1.892547
32,65,-2.356194
32,66,0.785398
32,67,1.570796
32,69,-1.892547
33,4,0.321751
33,14,-1.892547
33,50,-1.249046
33,51,-2.356194
33,52,0.785398
33,56,-1.249046
33,61,-1.249046
34,4,-0.785398
34,7,0.000000
34,19,1.249046
34,20,2.356194
34,32,0.785398
34,33,1.892547
34,35,1.249046
34,36,2.356194
34,58,-1.249046
34,59,3.141593
35,7,-0.785398
35,18,-0.785398
35,19,-1.892547
35,43,0.785398
35,44,1.892547
35,50,1.892547
35,54,-1.249046
35,56,1.892547
35,60,0.000000
35,61,1.892547
35,64,-1.249046
35,71,0.321751
36,10,-2.356194
36,11,-0.785398
36,30,1.570796
36,33,-0.785398
36,46,2.356194
36,58,1.892547
36,62,3.141593
36,66,-1.249046
36,67,3.141593
36,71,-0.785398
37,3,0.321751
37,6,2.356194
37,7,-0.785398
37,8,-1.892547
37,14,2.356194
37,23,3.141593
37,36,-2.356194
37,51,-1.249046
37,52,-2.356194
37,54,0.785398
38,11,1.249046
38,13,-1.892547
38,30,-1.570796
38,55,-1.249046
38,61,3.141593
38,65,0.000000
38,66,1.892547
38,69,0.000000
39,9,1.249046
39,11,-1.892547
39,20,3.141593
39,23,1.570796
39,27,1.570796
39,33,0.785398
39,49,0.000000
39,57,-1.249046
40,7,1.249046
40,9,-1.892547
40,13,1.249046
40,14,2.356194
40,30,1.570796
40,34,-2.356194
40,52,0.785398
40,53,2.356194
40,64,0.000000
40,68,3.141593
40,71,-1.249046
40,72,-2.356194
40,74,0.785398
40,82,2.356194
41,12,0.000000
41,13,-1.892547
41,23,-1.570796
41,36,1.570796
41,52,-1.570796
41,55,0.785398
41,56,1.892547
41,60,-1.249046
41,62,1.892547
41,65,-1.249046
41,69,2.356194
42,4,0.000000
42,5,-0.785398
42,9,1.249046
42,10,2.356194
42,27,-1.570796
42,51,-0.785398
42,63,3.141593
42,67,0.000000
42,70,0.000000
42,80,0.000000
42,81,-1.892547
43,9,-1.892547
43,36,-1.570796
43,43,-1.570796
43,54,0.000000
43,55,-0.785398
43,56,-1.892547
43,60,0.785398
43,72,0.000000
43,77,2.356194
44,12,1.249046
44,13,2.356194
44,15,-0.785398
44,16,-1.570796
44,17,-2.356194
44,39,0.785398
44,61,-1.249046
44,62,3.141593
44,70,3.141593
45,10,1.249046
45,20,-2.356194
45,31,-1.570796
45,71,0.000000
45,72,2.356194
45,84,2.356194
46,4,0.000000
46,5,-1.892547
46,8,1.249046
46,10,-1.892547
46,23,1.570796
46,25,0.785398
46,57,-0.785398
46,60,0.000000
46,61,1.892547
46,68,-1.249046
46,69,3.141593
46,72,-1.570796
47,7,0.000000
47,8,-1.892547
47,16,1.570796
47,40,-1.570796
48,2,-0.785398
48,5,1.249046
48,6,3.141593
48,13,3.141593
48,16,-1.570796
48,23,-1.570796
48,26,-1.570796
48,56,3.141593
48,59,1.570796
48,61,-0.785398
48,68,0.785398
48,72,0.000000
48,76,-2.819842
49,4,0.000000
49,5,-1.892547
49,9,1.249046
49,14,-2.356194
49,46,0.785398
49,59,0.000000
49,65,0.785398
49,66,2.356194
49,73,-0.785398
50,7,1.249046
50,20,1.570796
50,22,0.785398
50,30,1.570796
50,47,-2.356194
50,63,0.785398
50,74,0.000000
51,5,1.249046
51,7,-1.892547
51,10,-2.356194
51,17,2.356194
51,23,-2.356194
51,49,0.000000
51,65,-2.356194
52,4,-0.785398
52,5,-1.892547
52,9,0.785398
52,16,-0.785398
52,19,0.000000
52,31,-2.356194
52,55,0.000000
52,66,2.356194
52,69,-2.356194
52,73,-0.785398
52,77,0.000000
52,78,-1.892547
53,71,0.785398
53,75,0.785398
53,76,2.356194
54,6,1.249046
54,7,3.141593
54,19,-1.570796
54,26,0.000000
54,29,3.141593
54,39,0.785398
54,51,0.000000
54,53,3.141593
54,62,2.356194
54,79,0.785398
54,80,1.892547
54,85,2.356194
55,5,0.000000
55,6,-1.892547
55,11,1.570796
55,34,0.785398
55,41,3.141593
55,69,0.000000
55,70,1.892547
55,85,3.141593
56,3,0.000000
56,11,-0.321751
56,12,2.819842
56,15,1.570796
56,24,0.785398
56,66,0.000000
56,67,1.892547
56,74,1.570796
56,78,-1.249046
56,80,-1.892547
57,12,-1.570796
57,15,-0.321751
57,19,-2.356194
57,28,0.000000
57,29,3.141593
57,38,3.141593
57,53,0.000000
57,54,3.141593
57,64,2.356194
57,68,3.141593
57,74,-0.785398
57,75,3.141593
58,7,2.356194
58,9,0.785398
58,23,0.785398
58,51,3.141593
58,57,0.000000
58,62,1.249046
58,63,3.141593
58,65,0.000000
58,66,2.356194
58,76,1.570796
59,14,-2.356194
59,21,3.141593
59,27,0.000000
59,30,0.000000
59,42,0.000000
59,45,3.141593
59,47,0.000000
59,76,-0.785398
59,77,-2.356194
59,78,0.785398
59,79,1.570796
59,81,1.570796
59,83,-1.892547
60,11,-2.356194
60,18,-1.249046
60,19,-2.356194
60,28,-1.570796
60,32,-2.356194
60,37,0.000000
60,55,3.141593
60,65,1.570796
61,16,0.785398
61,23,3.141593
61,25,-1.570796
61,30,3.141593
61,68,0.000000
61,69,1.892547
61,75,-1.570796
62,3,-1.570796
62,17,1.570796
62,49,0.000000
62,57,1.249046
62,59,-1.892547
62,66,1.570796
62,69,-1.249046
62,70,3.141593
63,15,0.785398
63,17,-0.785398
63,18,3.141593
63,24,0.000000
63,25,3.141593
63,36,0.000000
63,37,3.141593
63,46,3.141593
63,56,0.000000
63,57,-1.892547
63,66,-0.321751
64,4,1.249046
64,5,2.356194
64,30,0.785398
64,55,-0.785398
64,61,0.000000
64,67,-1.249046
64,68,3.141593
64,78,1.570796
65,3,0.321751
65,7,0.000000
65,20,-2.356194
65,27,0.785398
65,32,3.141593
65,41,0.000000
65,44,3.141593
65,46,0.785398
65,53,3.141593
65,59,1.249046
65,60,3.141593
65,63,1.570796
65,69,0.000000
65,86,2.356194
66,3,-1.570796
66,7,2.356194
66,9,-1.570796
66,29,3.141593
66,38,0.000000
66,58,0.000000
66,59,-1.892547
66,70,-1.570796
66,74,1.570796
66,79,-1.249046
66,80,-2.356194
66,86,3.141593
67,2,-0.785398
67,7,-2.819842
67,55,1.249046
67,56,2.356194
67,62,0.000000
67,74,-0.785398
67,75,3.141593
67,86,-2.356194
68,17,0.785398
68,21,0.000000
68,35,0.000000
68,36,3.141593
68,43,3.141593
68,53,0.000000
68,54,-0.785398
68,55,-1.892547
68,61,1.570796
68,68,0.000000
68,72,0.000000
68,73,2.356194
68,76,0.000000
68,77,1.892547
69,9,0.000000
69,10,3.141593
69,19,3.141593
69,28,3.141593
69,45,0.000000
69,48,3.141593
69,60,0.000000
69,66,2.819842
69,69,-1.570796
69,73,-1.570796
69,82,0.785398
69,83,1.892547
69,86,2.356194
70,3,0.321751
70,66,-1.570796
70,74,0.000000
70,78,-1.249046
70,80,2.356194
70,85,-0.785398
70,86,-2.356194
71,3,-1.570796
71,6,0.321751
71,11,0.000000
71,12,3.141593
71,20,0.000000
71,25,0.000000
71,26,1.892547
71,62,-0.785398
71,71,0.000000
71,75,-1.570796
72,22,1.570796
72,26,-1.249046
72,32,0.000000
72,44,0.000000
72,68,0.000000
72,69,1.892547
72,72,-1.570796
72,76,1.570796
72,80,-0.321751
73,6,-2.819842
73,8,-0.785398
73,10,-2.356194
73,23,3.141593
73,28,-1.570796
73,63,-0.785398
73,64,-1.892547
73,66,1.570796
73,76,-0.321751
73,81,-1.249046
74,2,-1.570796
74,4,0.321751
74,20,0.785398
74,24,0.000000
74,29,0.000000
74,36,-2.356194
74,67,3.141593
75,7,0.321751
75,9,3.141593
75,12,0.000000
75,18,1.570796
75,22,3.141593
75,25,-1.570796
75,30,-1.570796
75,41,0.000000
75,44,3.141593
75,46,0.000000
75,71,-1.249046
75,72,3.141593
76,4,-2.819842
76,14,1.570796
76,61,1.249046
76,62,2.356194
76,76,1.570796
77,2,0.321751
77,6,0.321751
77,8,3.141593
77,15,3.141593
77,19,0.000000
77,20,1.892547
77,23,0.000000
77,33,-2.356194
77,38,0.000000
77,39,3.141593
77,60,-0.785398
77,61,-1.892547
77,74,-2.356194
77,76,-0.321751
77,87,2.356194
78,2,-0.785398
78,9,0.785398
78,11,-1.570796
78,12,3.141593
78,16,0.000000
78,17,1.892547
78,26,3.141593
78,31,3.141593
78,42,0.000000
78,64,0.785398
78,81,-1.249046
78,82,-2.356194
78,87,3.141593
79,2,-1.570796
79,5,0.321751
79,6,-2.819842
79,13,1.570796
79,21,-1.249046
79,22,3.141593
79,38,0.785398
79,62,2.356194
79,65,-2.356194
79,75,0.785398
79,79,2.819842
79,87,-2.356194
80,5,-1.570796
80,8,0.321751
80,9,-2.819842
80,15,1.892547
80,18,-1.249046
80,19,3.141593
80,40,0.785398
80,41,1.892547
80,60,0.785398
80,61,2.356194
80,76,-2.356194
80,79,-1.570796
81,30,0.000000
81,41,-1.249046
81,42,-2.356194
81,61,-2.356194
81,80,1.570796
82,7,0.321751
82,8,-2.819842
82,11,1.570796
82,13,-1.570796
82,22,1.570796
82,67,0.785398
82,75,0.785398
82,80,-0.321751
82,83,0.785398
82,84,1.892547
82,87,2.356194
83,10,0.321751
83,11,-2.819842
83,14,1.570796
83,18,3.141593
83,22,-0.785398
83,24,1.892547
83,34,-2.356194
83,39,0.000000
83,62,-0.785398
83,65,-2.356194
83,68,-2.356194
83,87,3.141593
84,6,0.321751
84,7,-2.819842
84,14,-0.321751
84,20,0.785398
84,21,2.356194
84,24,-1.249046
84,25,3.141593
84,41,-2.356194
84,43,0.000000
84,60,3.141593
84,82,-1.249046
84,84,-1.892547
84,87,-2.356194
85,6,-0.785398
85,9,0.321751
85,10,-2.819842
85,37,0.000000
85,66,0.785398
85,69,0.785398
86,9,-0.785398
86,23,1.892547
86,29,3.141593
86,67,-2.356194
87,11,1.570796
87,18,0.000000
87,24,-2.356194
87,59,0.785398
87,76,0.000000
87,80,1.570796
88,2,-1.570796
88,14,-1.570796
88,22,2.356194
88,31,1.570796
88,38,0.785398
88,39,1.892547
88,53,0.785398
88,60,-2.356194
88,65,-1.570796
88,68,0.785398
88,80,-0.321751
88,87,2.356194
89,16,1.570796
89,19,-0.785398
89,29,1.892547
89,31,2.356194
89,33,0.000000
89,39,-1.249046
89,40,-2.356194
89,54,-2.356194
89,57,0.785398
89,77,-0.321751
89,78,2.819842
89,81,-1.249046
89,82,-2.356194
89,87,3.141593
90,13,1.570796
90,22,0.000000
90,27,1.570796
90,45,0.785398
90,61,1.570796
90,66,0.785398
90,69,-1.570796
90,75,1.570796
90,87,-2.356194
91,19,-1.570796
91,22,-0.785398
91,24,0.000000
91,25,1.570796
91,46,-2.356194
91,58,-1.570796
91,72,0.785398
91,75,-0.321751
91,76,2.819842
91,78,-0.321751
92,27,-1.249046
92,67,-1.570796
92,70,1.570796
92,72,-0.321751
92,73,2.819842
92,76,-2.356194
92,80,2.819842
93,19,1.570796
93,29,-1.249046
93,31,-1.570796
93,32,-2.356194
93,34,0.785398
93,41,0.000000
93,44,0.785398
93,45,2.356194
93,49,1.570796
93,62,-1.570796
93,73,-1.570796
94,35,-2.356194
94,45,-2.356194
94,65,0.000000
94,67,0.785398
94,81,3.141593
94,86,1.570796
95,2,0.321751
95,7,2.356194
95,25,0.785398
95,57,-2.356194
95,60,1.570796
95,63,1.570796
95,68,-1.570796
95,71,0.785398
95,74,0.785398
95,82,1.570796
95,85,0.000000
96,6,-0.785398
96,25,-0.321751
96,26,2.819842
96,31,2.356194
96,40,-1.570796
96,49,-1.570796
96,60,-1.570796
96,66,1.570796
96,71,-0.321751
96,72,2.819842
96,74,-0.321751
96,75,2.819842
97,4,-1.892547
97,9,-1.570796
97,26,-2.356194
97,35,-1.570796
97,45,-1.570796
97,63,-1.570796
97,72,-2.356194
97,75,-2.356194
98,13,-1.570796
98,16,-1.570796
98,19,-1.570796
98,22,-1.570796
98,26,-1.570796
98,30,-1.570796
98,66,-1.570796
98,69,-1.570796
98,72,-1.570796
98,75,-1.570796
98,80,-0.785398
98,81,-1.892547
