11,41,0.785398
11,42,1.570796
11,43,2.356194
12,27,1.249046
12,28,3.141593
12,58,1.570796
15,14,1.249046
15,15,2.356194
15,24,-0.785398
15,75,1.570796
16,13,0.321751
17,13,-1.570796
17,53,1.249046
18,55,-2.356194
19,51,0.321751
20,28,0.785398
20,41,0.321751
20,51,-1.570796
21,11,0.321751
21,13,3.141593
21,28,-0.321751
21,31,1.892547
21,50,1.570796
21,79,2.356194
22,11,-1.570796
22,35,2.356194
22,43,-1.892547
22,48,0.785398
23,26,1.892547
23,40,-0.785398
23,41,-1.892547
23,51,2.819842
24,35,2.819842
24,55,2.356194
25,43,0.785398
25,44,1.570796
25,45,2.356194
25,48,-0.785398
25,49,-1.570796
25,51,-1.570796
25,52,-2.356194
26,23,0.321751
26,35,-1.570796
26,36,-2.356194
26,55,-1.249046
26,57,1.892547
27,23,-0.785398
27,33,-1.892547
27,57,-1.249046
27,59,1.892547
27,62,1.249046
28,20,0.785398
28,21,2.356194
28,31,3.141593
28,43,-0.785398
28,44,-1.570796
28,45,-2.356194
28,49,0.785398
28,50,2.356194
28,59,-1.249046
28,60,-2.356194
29,24,-1.892547
29,35,0.000000
29,56,0.785398
29,57,1.892547
29,64,3.141593
30,10,2.356194
30,22,-1.892547
30,32,2.356194
30,33,3.141593
30,48,-0.785398
30,49,-1.570796
30,50,-2.356194
30,58,-2.356194
30,60,0.785398
30,64,-2.356194
31,9,0.321751
31,24,1.249046
31,26,-1.892547
31,29,1.249046
31,31,-1.892547
31,55,0.785398
32,9,-0.785398
32,28,0.000000
32,29,-1.892547
32,33,1.249046
32,34,2.356194
32,56,-1.249046
32,57,-2.356194
32,61,-0.785398
32,68,-0.785398
32,69,-1.892547
32,82,2.819842
33,22,0.000000
33,23,-1.892547
33,25,0.785398
33,26,2.356194
33,31,1.249046
33,33,-1.892547
33,52,0.785398
33,53,1.892547
33,82,-2.356194
34,20,1.249046
34,21,3.141593
34,25,-1.570796
34,30,0.000000
34,31,-1.892547
34,53,-1.249046
34,54,-2.356194
34,55,0.785398
34,56,1.892547
34,62,-2.356194
34,63,0.785398
34,64,1.892547
35,15,0.785398
35,16,1.570796
35,18,1.570796
35,20,-1.892547
35,28,1.249046
35,29,3.141593
35,57,-2.356194
35,64,-1.249046
35,65,3.141593
36,26,1.249046
36,28,-1.892547
36,33,1.570796
36,44,3.141593
36,47,0.000000
36,48,3.141593
36,50,0.000000
36,55,0.000000
36,60,-1.249046
36,62,1.892547
36,67,0.785398
36,68,1.892547
37,25,0.000000
37,26,-1.892547
37,31,1.249046
37,33,-2.356194
37,62,-1.249046
37,63,3.141593
37,68,-1.249046
37,69,3.141593
37,83,3.141593
38,20,-0.785398
38,23,1.249046
38,24,3.141593
38,28,1.249046
38,29,2.356194
38,30,-0.785398
38,35,2.356194
38,44,0.000000
38,55,-0.785398
38,56,-1.570796
38,58,1.892547
38,66,3.141593
38,72,0.785398
38,73,1.570796
38,75,-1.892547
39,22,0.000000
39,23,-1.892547
39,34,-1.892547
40,20,1.249046
40,21,3.141593
40,25,1.249046
40,27,-1.892547
40,39,1.249046
40,40,2.356194
40,54,3.141593
40,69,0.785398
40,73,-2.819842
41,36,1.249046
41,37,2.356194
41,38,-0.785398
41,39,-1.892547
41,56,0.000000
41,57,-0.785398
42,28,1.249046
42,30,-1.892547
42,34,1.249046
42,36,-1.892547
42,60,0.000000
42,61,0.785398
42,62,1.892547
42,74,1.249046
43,27,0.000000
43,28,-1.892547
43,45,-2.356194
43,54,0.000000
43,56,3.141593
43,62,-1.249046
43,63,3.141593
43,72,-0.785398
44,21,0.000000
44,22,-1.892547
44,32,-0.785398
44,37,1.249046
44,38,3.141593
44,58,0.000000
44,60,3.141593
44,64,0.000000
44,65,1.892547
44,70,0.000000
44,74,-1.249046
45,19,1.249046
45,20,3.141593
45,24,1.249046
45,25,3.141593
45,29,1.249046
45,30,3.141593
45,35,2.356194
45,36,-0.785398
45,53,0.785398
45,54,1.892547
45,65,-1.249046
45,67,1.892547
45,85,2.819842
46,7,0.785398
46,18,0.321751
46,28,0.000000
46,29,-1.892547
46,39,2.356194
46,42,0.785398
46,43,1.570796
46,44,2.356194
46,56,2.356194
46,67,-1.249046
46,68,3.141593
46,72,-1.249046
46,73,3.141593
46,85,-2.356194
47,7,0.000000
47,13,-0.785398
47,14,-1.892547
47,18,-1.570796
47,22,0.000000
47,23,-1.892547
47,26,1.249046
47,27,3.141593
47,31,1.249046
47,33,-1.892547
47,37,0.000000
47,41,3.141593
47,62,0.785398
47,63,1.892547
47,74,0.000000
47,75,1.892547
47,78,0.785398
47,79,1.570796
47,80,2.356194
47,81,-0.785398
47,82,-1.892547
48,7,-0.785398
48,30,0.000000
48,31,-1.892547
48,35,1.249046
48,36,3.141593
48,40,-1.892547
48,43,2.356194
48,51,2.356194
48,54,-0.785398
48,55,-2.356194
48,63,-1.249046
48,64,-2.356194
48,75,-1.249046
49,34,0.000000
49,42,0.000000
49,43,-2.356194
49,46,2.356194
49,59,0.785398
49,60,1.892547
49,66,0.000000
49,67,1.892547
49,77,-1.249046
49,86,2.819842
50,7,2.356194
50,27,1.249046
50,28,3.141593
50,37,3.141593
50,40,1.249046
50,41,3.141593
50,44,0.000000
50,49,-0.785398
50,50,-2.356194
50,52,2.356194
50,60,-1.249046
50,61,-2.356194
50,67,-1.249046
50,68,-2.356194
50,73,0.000000
50,74,1.892547
50,86,-2.356194
51,6,0.321751
51,30,1.249046
51,31,3.141593
51,35,0.000000
51,51,-2.356194
51,54,1.249046
51,55,2.356194
51,64,2.356194
51,74,-1.249046
51,75,3.141593
52,6,-0.785398
52,17,1.570796
52,45,1.249046
52,46,3.141593
52,49,1.249046
52,50,3.141593
52,53,0.000000
52,54,-1.892547
52,58,2.356194
52,65,2.356194
52,72,3.141593
53,17,-2.819842
53,36,0.000000
53,37,-1.892547
53,41,3.141593
53,57,-2.356194
53,61,-1.570796
53,65,-2.819842
53,77,0.000000
53,78,1.570796
53,79,2.356194
53,80,-0.785398
53,81,-1.892547
54,23,0.321751
54,27,0.321751
54,39,0.321751
54,47,0.000000
54,48,-1.892547
54,56,-0.785398
54,60,1.570796
54,64,-0.785398
55,14,0.321751
55,23,-1.570796
55,27,-1.570796
55,31,-0.785398
55,33,0.000000
55,39,-1.570796
55,59,0.321751
55,60,-2.819842
55,70,0.785398
55,77,-0.785398
56,14,-1.570796
56,17,0.321751
56,26,-0.785398
56,32,-2.356194
56,41,0.321751
56,45,-0.785398
56,49,1.570796
56,59,-1.570796
56,64,0.785398
56,73,3.141593
57,13,1.570796
57,17,-1.570796
57,21,1.570796
57,28,2.356194
57,37,-0.785398
57,41,-1.570796
57,48,0.321751
57,49,-2.819842
57,64,-0.321751
57,65,2.819842
57,77,1.570796
58,13,-2.819842
58,20,0.000000
58,24,2.356194
58,33,2.356194
58,44,2.356194
58,48,-1.570796
58,52,1.570796
58,58,0.785398
59,5,0.321751
59,7,-2.356194
59,11,-0.785398
59,12,-1.892547
59,29,-0.785398
59,32,1.570796
59,36,2.356194
59,43,1.570796
59,47,1.570796
59,58,-0.321751
59,59,2.819842
59,66,3.141593
59,74,0.000000
59,76,-0.785398
59,77,-1.570796
59,78,-2.356194
59,80,0.785398
59,81,1.570796
59,83,1.570796
59,84,2.356194
59,85,-0.785398
59,87,2.819842
60,5,-0.785398
60,18,1.570796
60,31,0.321751
60,32,-2.819842
60,38,-0.785398
60,42,0.321751
60,43,-2.819842
60,46,0.321751
60,47,-2.819842
60,59,-2.356194
60,67,0.000000
60,68,1.892547
60,87,-2.356194
61,18,-2.819842
61,24,-0.785398
61,31,-1.570796
61,34,1.570796
61,42,-1.570796
61,46,-0.785398
61,68,-1.249046
61,69,-2.356194
61,74,3.141593
61,76,0.000000
61,79,0.785398
62,16,0.321751
62,33,0.321751
62,34,-2.819842
62,46,-1.570796
62,59,0.785398
62,61,1.249046
62,62,2.356194
62,64,3.141593
63,12,1.570796
63,16,-1.570796
63,22,1.570796
63,29,-0.785398
63,59,-0.785398
63,66,0.000000
63,67,3.141593
63,69,0.000000
63,73,3.141593
63,78,0.000000
64,11,0.321751
64,12,-2.819842
64,32,0.321751
64,33,-2.819842
64,36,1.570796
64,41,-1.570796
64,52,-1.570796
64,56,1.249046
64,57,2.356194
65,5,0.785398
65,11,-1.570796
65,14,-0.785398
65,24,1.570796
65,54,0.000000
65,55,-0.785398
65,56,-1.892547
65,68,0.000000
65,73,3.141593
65,78,0.785398
65,81,-1.249046
65,82,-2.356194
65,83,0.785398
66,5,0.000000
66,20,-0.785398
66,31,0.321751
66,32,-2.819842
66,40,1.570796
66,63,-1.570796
66,86,1.570796
67,5,-0.785398
67,13,2.356194
67,23,1.570796
67,26,1.570796
67,31,-0.785398
67,50,0.785398
67,51,1.892547
67,58,0.785398
67,72,0.000000
67,73,3.141593
67,77,0.785398
68,19,1.570796
68,22,0.321751
68,23,-2.819842
68,31,-1.570796
68,40,-1.570796
68,51,-1.249046
68,52,-2.356194
68,53,3.141593
68,63,3.141593
68,78,1.570796
68,81,0.000000
69,5,0.785398
69,15,1.570796
69,22,-1.570796
69,25,-0.785398
69,43,1.249046
69,44,2.356194
69,72,0.000000
69,73,3.141593
69,75,0.785398
69,78,-0.321751
70,5,0.000000
70,11,1.570796
70,14,0.321751
70,15,-2.819842
70,41,1.249046
70,43,-1.892547
70,59,0.000000
70,61,3.141593
70,80,2.819842
70,85,-2.819842
71,5,-0.785398
71,11,-2.819842
71,14,-1.570796
71,34,1.249046
71,36,-1.570796
71,37,-2.356194
71,39,0.785398
71,68,0.000000
71,77,1.570796
71,80,-1.570796
72,31,1.249046
72,32,2.356194
72,42,0.000000
72,77,-0.321751
72,81,0.000000
72,84,-2.356194
73,5,0.785398
73,9,0.000000
73,13,2.356194
73,24,0.785398
73,27,1.249046
73,28,2.356194
73,36,3.141593
73,39,0.321751
73,44,0.000000
73,46,3.141593
73,72,1.570796
73,79,2.819842
73,88,2.356194
74,5,0.000000
74,12,0.321751
74,13,-2.819842
74,16,-1.570796
74,19,0.785398
74,31,-2.356194
74,33,0.321751
74,39,-0.785398
74,42,0.000000
74,76,1.570796
74,79,-1.570796
74,85,0.785398
74,88,-2.819842
75,5,-0.785398
75,12,-0.785398
75,20,3.141593
75,24,0.785398
75,31,-1.570796
75,33,-0.785398
75,45,0.000000
75,46,3.141593
75,53,0.000000
75,55,3.141593
75,76,-0.321751
75,77,2.819842
75,83,-0.321751
76,15,1.570796
76,24,-0.785398
76,28,2.356194
76,33,-1.570796
76,42,-2.356194
76,48,0.000000
76,50,3.141593
76,61,0.000000
76,62,3.141593
76,70,0.785398
76,77,-1.570796
76,81,1.570796
76,84,-1.249046
76,86,-1.892547
77,23,3.141593
77,36,0.785398
77,40,3.141593
77,71,1.570796
77,78,1.570796
77,81,-0.321751
77,82,2.819842
78,17,0.000000
78,20,0.785398
78,34,0.785398
78,37,-2.356194
78,49,0.000000
78,50,3.141593
78,71,-0.321751
78,72,2.819842
78,78,-0.321751
78,79,2.819842
78,82,-1.570796
79,20,-0.785398
79,28,1.570796
79,32,3.141593
79,54,0.000000
79,55,3.141593
79,72,-1.570796
79,79,-1.570796
79,83,1.570796
79,88,2.356194
80,20,2.356194
80,30,-0.785398
80,50,0.000000
80,51,3.141593
80,70,1.570796
80,80,1.570796
80,84,-2.356194
80,88,3.141593
81,19,0.321751
81,20,-2.819842
81,22,0.321751
81,23,-2.819842
81,35,-2.356194
81,62,0.000000
81,65,0.785398
81,80,-0.321751
81,88,-2.356194
82,19,-0.785398
82,22,-0.785398
82,28,-1.570796
82,30,0.785398
82,43,3.141593
82,66,-1.570796
82,78,1.570796
82,82,2.819842
82,88,2.356194
83,5,0.785398
83,11,2.356194
83,16,-0.785398
83,40,0.000000
83,75,-2.356194
83,78,-0.321751
83,79,2.819842
84,5,-0.321751
84,7,2.356194
84,10,-0.785398
84,45,1.570796
84,60,0.000000
84,61,0.785398
84,62,1.892547
84,72,1.570796
84,79,-2.356194
84,82,-0.321751
84,86,-0.785398
84,87,-1.892547
85,13,2.356194
85,17,1.570796
85,19,-1.570796
85,25,-2.356194
85,34,1.570796
85,41,1.570796
85,48,0.000000
85,62,-1.249046
85,72,-0.321751
85,73,2.819842
85,76,1.570796
86,34,-1.570796
86,41,-1.570796
86,51,0.785398
86,52,2.356194
86,64,-1.570796
86,73,-2.356194
86,80,1.570796
86,83,-0.785398
87,14,1.570796
87,17,-1.570796
87,19,1.570796
87,27,1.570796
87,31,-1.570796
87,45,-1.570796
87,51,-0.785398
87,56,0.785398
87,57,1.570796
87,58,2.356194
87,59,3.141593
87,65,-2.356194
87,80,-0.321751
87,81,2.819842
87,84,1.570796
88,27,-1.570796
88,62,1.570796
88,70,1.570796
88,77,0.785398
88,81,-2.356194
88,85,3.141593
89,6,0.785398
89,12,2.356194
89,22,-1.570796
89,46,1.570796
89,57,-0.321751
89,58,2.819842
89,62,0.785398
89,66,0.785398
89,70,-0.321751
89,71,2.819842
89,74,-1.570796
89,77,-0.321751
89,78,2.819842
90,6,0.000000
90,11,-0.785398
90,24,1.570796
90,58,-2.356194
90,62,-0.321751
90,63,2.819842
90,78,-1.570796
90,87,0.000000
90,88,2.356194
91,6,-0.785398
91,16,1.570796
91,58,0.785398
91,71,-0.321751
91,72,2.819842
91,82,0.785398
91,88,-2.356194
92,59,3.141593
92,63,-0.321751
92,64,2.819842
92,72,-1.570796
92,82,-0.321751
92,83,2.819842
93,24,-1.570796
93,64,-1.570796
93,76,1.570796
93,83,-2.356194
94,16,-1.570796
94,36,1.570796
94,54,0.000000
94,83,0.785398
95,14,2.356194
95,33,1.570796
95,40,1.570796
95,44,1.570796
95,55,-2.356194
95,61,-1.570796
95,80,0.785398
95,83,-0.321751
95,88,2.356194
96,13,0.000000
96,22,1.570796
96,33,-1.570796
96,37,-2.356194
96,40,-1.570796
96,52,0.785398
96,74,-1.570796
96,80,-0.321751
96,81,2.819842
96,84,-1.249046
96,85,-2.356194
96,87,-0.785398
97,25,1.570796
97,28,1.570796
97,59,0.785398
97,81,-2.356194
98,16,0.000000
98,17,3.141593
98,19,-1.570796
98,22,-1.570796
98,25,-1.570796
98,28,-1.570796
98,45,-1.570796
98,50,-2.356194
98,53,-1.570796
98,57,-2.356194
98,60,-2.356194
98,67,-1.570796
98,71,-1.570796
98,78,-1.570796
98,81,-1.570796
