15,32,1.249046
15,33,2.356194
15,52,0.785398
15,53,1.570796
15,54,2.356194
17,32,-1.570796
17,71,2.356194
19,75,2.356194
20,35,1.570796
21,35,0.000000
22,35,-0.785398
24,18,3.141593
25,15,0.321751
26,15,-0.785398
26,54,2.819842
27,50,1.249046
27,67,0.321751
28,52,-1.249046
28,59,0.321751
28,67,-0.785398
29,34,0.321751
29,48,-1.570796
29,50,-2.356194
30,34,-0.785398
30,45,0.785398
30,50,2.356194
30,57,1.249046
30,59,3.141593
31,15,2.356194
31,45,-0.785398
31,47,-1.249046
31,48,-2.356194
31,52,1.249046
31,53,2.356194
31,64,1.892547
31,68,2.819842
32,35,-1.570796
32,39,1.570796
32,57,-1.249046
33,30,1.249046
33,34,3.141593
33,39,-0.321751
33,42,1.249046
33,43,2.356194
33,44,-0.785398
33,45,-1.570796
33,46,-2.356194
33,49,-0.785398
33,50,-1.892547
33,62,-0.321751
33,68,3.141593
34,28,0.000000
34,53,-2.356194
34,55,0.785398
34,56,1.892547
34,68,-2.356194
35,11,0.321751
35,56,-1.249046
35,58,1.892547
36,11,-0.785398
36,29,-0.321751
36,36,2.356194
36,39,-0.785398
36,40,-1.570796
36,42,-1.570796
36,43,-2.356194
36,44,0.785398
36,45,1.570796
36,46,2.356194
36,59,-2.356194
36,61,0.785398
36,62,1.570796
36,82,3.141593
37,32,-0.785398
37,33,-1.570796
37,35,-1.892547
37,56,0.785398
38,30,-0.785398
38,57,-1.249046
38,58,-2.356194
38,60,0.785398
38,65,-1.570796
38,67,-1.249046
38,68,3.141593
39,23,0.785398
39,24,1.570796
39,61,-1.249046
39,62,-2.356194
39,63,0.785398
39,72,0.785398
39,73,1.570796
39,75,1.570796
39,76,2.356194
39,77,-0.785398
39,78,-1.892547
40,35,1.570796
40,51,0.000000
40,52,1.892547
40,55,0.000000
40,57,0.785398
40,58,1.892547
40,64,-1.249046
40,66,1.892547
41,23,0.321751
41,28,1.249046
41,34,-0.785398
41,35,-2.356194
41,58,-1.249046
41,60,1.892547
41,66,-1.249046
41,67,-2.356194
41,75,3.141593
42,36,0.785398
42,41,0.321751
42,54,0.000000
42,55,0.785398
42,56,1.892547
42,61,-2.356194
42,69,0.000000
42,70,1.892547
42,84,2.819842
43,25,-1.892547
43,30,-2.819842
43,45,1.249046
43,46,2.356194
43,58,0.785398
43,59,2.356194
43,64,0.785398
43,65,2.356194
43,72,1.892547
43,75,-2.819842
43,84,-1.570796
44,33,2.356194
44,36,0.000000
44,40,-0.785398
44,49,0.000000
44,50,1.570796
44,68,0.785398
44,74,-1.892547
45,11,2.356194
45,29,-1.570796
45,30,-2.356194
45,31,0.785398
45,36,-1.570796
45,45,-1.570796
45,53,0.000000
45,54,1.570796
45,56,-1.570796
45,69,-1.249046
45,70,-2.356194
46,10,0.321751
46,34,0.785398
46,35,2.356194
46,58,-1.249046
46,66,1.892547
47,10,-1.570796
47,28,2.819842
47,32,-0.785398
47,39,1.570796
47,55,-2.356194
47,61,-1.570796
47,63,1.570796
47,68,1.892547
47,72,-0.321751
48,19,1.249046
48,20,2.356194
48,32,2.356194
48,35,-0.321751
48,36,2.819842
48,39,-0.321751
48,40,2.819842
48,47,1.570796
48,51,0.785398
48,70,1.892547
48,75,1.570796
48,77,-1.892547
48,85,2.356194
49,17,1.249046
49,30,1.570796
49,32,-2.356194
49,36,-2.356194
49,47,-0.321751
49,48,2.819842
49,52,3.141593
49,63,-1.249046
49,64,3.141593
49,70,-1.249046
50,33,1.570796
50,40,-0.321751
50,41,2.819842
50,53,1.570796
50,75,2.356194
51,24,0.785398
51,33,-0.321751
51,34,2.819842
51,41,-1.570796
51,48,-0.321751
51,49,2.819842
51,54,3.141593
51,67,-2.356194
51,69,0.785398
51,70,1.892547
52,8,0.321751
52,10,3.141593
52,29,-1.570796
52,34,-2.356194
52,49,-2.356194
52,55,0.000000
52,77,1.892547
53,8,-0.785398
53,19,3.141593
53,25,-2.819842
53,38,1.570796
53,66,2.819842
53,69,0.785398
53,73,-1.249046
53,81,-1.892547
54,22,1.249046
54,38,-0.321751
54,39,2.819842
54,56,0.000000
54,58,1.892547
54,63,0.321751
54,66,-1.570796
55,21,-0.785398
55,22,-1.892547
55,24,-1.570796
55,35,0.785398
55,39,-2.356194
55,56,-0.785398
55,63,-0.785398
55,67,0.000000
55,79,-2.356194
56,14,0.000000
56,15,1.570796
56,16,2.356194
56,18,-0.785398
56,19,-1.892547
56,25,2.356194
56,31,0.785398
56,35,-0.321751
56,36,2.819842
56,43,0.785398
56,53,1.570796
56,58,-0.785398
56,70,2.819842
57,23,0.785398
57,31,-0.321751
57,32,2.819842
57,36,-2.356194
57,43,-0.321751
57,44,2.819842
57,79,3.141593
57,86,2.356194
58,16,1.570796
58,21,0.785398
58,32,-2.356194
58,44,-2.356194
58,56,-1.570796
58,68,-0.321751
58,71,-2.356194
58,75,0.785398
58,81,2.356194
58,84,0.785398
59,16,0.000000
59,18,0.785398
59,19,1.570796
59,20,3.141593
59,24,-1.892547
59,51,-2.356194
59,53,-1.570796
59,61,-1.570796
59,63,-1.570796
59,76,-1.249046
59,77,3.141593
60,12,1.249046
60,13,2.356194
60,67,2.356194
61,7,0.321751
61,9,-2.356194
61,16,-2.819842
61,20,0.000000
61,22,-2.819842
61,64,1.570796
61,66,-0.785398
61,71,1.892547
61,78,-0.785398
62,7,-0.785398
62,26,-1.570796
62,61,1.570796
62,64,0.785398
62,66,2.356194
62,73,1.570796
62,74,2.356194
62,79,-2.356194
63,16,1.570796
63,18,1.249046
63,20,2.356194
63,42,-2.356194
63,59,0.785398
63,61,2.356194
63,64,-0.321751
63,66,-2.819842
63,71,-1.892547
63,77,-2.356194
64,7,0.785398
64,38,1.570796
64,61,3.141593
64,80,0.321751
65,7,-0.785398
65,8,-2.356194
65,9,0.785398
65,10,1.570796
65,11,2.356194
65,16,-1.892547
65,21,2.819842
65,27,2.356194
65,44,-1.570796
65,47,-1.570796
65,52,-0.785398
65,56,2.356194
65,58,0.321751
65,61,-2.356194
65,66,2.819842
65,73,0.785398
65,80,-0.785398
66,14,-1.892547
66,19,-0.785398
66,21,-2.356194
66,31,2.356194
66,54,-0.321751
66,58,-0.785398
66,64,-0.785398
66,66,-2.356194
66,73,0.000000
66,76,0.785398
66,77,1.892547
67,30,0.321751
67,31,-2.819842
67,34,-1.570796
67,43,1.570796
67,46,1.570796
67,55,-2.356194
67,66,2.356194
67,68,1.570796
67,73,-0.785398
67,78,2.819842
67,81,1.570796
67,87,2.356194
68,18,0.785398
68,30,-1.570796
68,43,-1.570796
68,52,2.356194
68,65,0.321751
68,66,-2.819842
68,78,-1.570796
68,82,-2.356194
68,87,3.141593
69,13,0.785398
69,33,2.356194
69,48,1.570796
69,51,0.321751
69,52,-2.819842
69,65,-0.785398
69,73,0.785398
69,79,1.570796
69,87,-2.356194
70,6,0.785398
70,9,1.249046
70,10,2.356194
70,13,0.000000
70,22,-2.356194
70,29,-1.570796
70,51,-0.785398
70,73,-0.785398
70,74,-2.356194
70,79,-0.321751
70,80,2.819842
71,18,1.249046
71,45,2.356194
71,67,1.570796
71,80,-1.570796
72,5,0.321751
72,11,-1.570796
72,13,-2.356194
72,44,0.321751
72,45,-2.819842
72,47,-0.785398
72,71,0.000000
72,73,2.819842
72,83,0.785398
72,84,1.892547
73,5,-0.785398
73,7,-1.249046
73,9,-1.892547
73,14,0.785398
73,15,2.356194
73,16,-0.785398
73,26,2.356194
73,44,-0.785398
73,69,1.570796
73,70,3.141593
74,24,1.249046
74,25,3.141593
74,73,0.000000
74,75,0.785398
75,13,0.000000
75,18,-1.570796
75,21,0.785398
75,22,2.356194
75,23,-0.785398
75,24,-1.892547
75,37,2.356194
75,44,-1.570796
75,52,-0.785398
75,56,2.356194
75,59,2.356194
75,66,2.356194
75,69,0.785398
75,80,-2.356194
76,5,0.785398
76,12,3.141593
76,16,1.249046
76,17,3.141593
76,36,1.570796
76,49,-1.570796
76,55,0.321751
76,56,-2.819842
76,58,0.321751
76,59,-2.819842
76,66,-2.819842
76,69,0.000000
76,71,0.785398
76,73,-2.819842
76,76,-0.321751
76,77,2.819842
77,5,-0.321751
77,22,2.819842
77,35,0.321751
77,36,-2.819842
77,51,1.570796
77,58,-0.785398
77,65,-0.785398
77,69,-0.785398
77,81,1.570796
77,83,0.000000
78,19,0.000000
78,20,-1.892547
78,35,-0.785398
78,51,-1.570796
78,54,0.321751
78,55,-2.819842
78,58,-1.570796
78,77,-0.785398
78,78,3.141593
79,5,0.321751
79,8,-1.570796
79,18,1.570796
79,24,3.141593
79,29,0.000000
79,35,-1.570796
79,38,2.356194
79,68,0.321751
79,75,0.000000
79,76,2.356194
79,79,0.785398
80,5,-0.785398
80,16,2.356194
80,17,-0.785398
80,37,1.570796
80,53,0.321751
80,54,-2.819842
80,57,2.356194
80,68,-0.785398
80,76,-1.570796
80,79,-0.785398
80,86,-0.785398
80,88,2.819842
81,5,0.785398
81,20,1.249046
81,21,3.141593
81,23,-2.356194
81,36,0.321751
81,37,-2.819842
81,48,0.000000
81,50,3.141593
81,53,-1.570796
81,88,-2.356194
82,5,-0.321751
82,7,2.356194
82,11,-2.819842
82,15,2.356194
82,25,1.249046
82,26,2.356194
82,27,3.141593
82,36,-1.570796
82,52,-0.785398
82,56,-1.570796
82,58,1.570796
82,61,1.570796
82,74,1.570796
82,77,-1.570796
83,15,-2.819842
83,34,0.000000
83,39,2.356194
83,58,2.356194
83,74,-0.321751
83,75,2.819842
84,5,0.321751
84,8,-1.892547
84,11,0.000000
84,12,1.570796
84,14,-1.892547
84,23,0.000000
84,38,-0.785398
84,57,0.321751
84,58,-2.819842
84,71,0.000000
84,75,-1.570796
84,78,0.785398
85,5,-0.785398
85,21,1.249046
85,22,3.141593
85,26,0.000000
85,27,1.570796
85,28,2.356194
85,29,3.141593
85,51,2.356194
85,54,2.356194
85,57,-0.785398
85,79,0.785398
86,10,1.249046
86,47,2.356194
86,60,2.356194
86,68,0.000000
86,73,2.819842
86,76,0.785398
86,79,-0.785398
86,83,2.819842
87,19,0.321751
87,25,1.249046
87,27,-2.356194
87,46,1.570796
87,50,-1.570796
87,56,-0.785398
87,59,0.321751
87,60,-2.819842
87,70,0.785398
87,71,2.356194
87,73,-1.570796
87,76,-0.321751
87,77,2.819842
87,88,2.356194
88,8,0.321751
88,19,-1.570796
88,28,0.000000
88,29,1.892547
88,31,1.249046
88,32,2.356194
88,38,2.356194
88,42,2.356194
88,45,0.321751
88,46,-2.819842
88,59,-0.785398
88,64,0.785398
88,65,2.356194
88,66,0.000000
88,71,-2.356194
88,77,-2.356194
88,81,3.141593
88,84,-2.356194
88,86,0.785398
88,88,-2.819842
89,24,-1.892547
89,33,2.356194
89,41,1.570796
89,45,-1.570796
89,52,-0.785398
89,74,-1.570796
90,10,2.356194
90,11,-0.785398
90,12,-1.892547
90,16,1.249046
90,17,3.141593
90,22,-1.570796
90,29,-1.570796
90,31,-1.249046
90,41,-2.819842
90,63,-0.785398
90,64,-2.356194
90,68,1.570796
91,15,0.321751
91,33,-1.249046
91,34,-2.356194
91,54,1.570796
91,58,0.321751
91,68,-0.321751
91,69,2.819842
92,5,0.321751
92,15,-1.570796
92,25,1.570796
92,38,0.321751
92,43,3.141593
92,46,1.570796
92,69,-2.356194
92,76,1.570796
93,5,-0.785398
93,14,3.141593
93,25,-2.819842
93,31,1.249046
93,32,2.356194
93,42,-1.570796
93,50,2.356194
93,62,1.570796
93,87,2.356194
94,13,-1.570796
94,18,1.570796
94,23,0.000000
94,30,0.000000
94,31,-1.892547
94,37,-0.785398
94,56,1.249046
94,62,-0.321751
94,63,2.819842
94,82,1.570796
94,86,0.000000
95,12,1.570796
95,17,0.000000
95,39,-1.249046
95,41,-1.570796
95,42,-2.356194
95,44,-0.785398
95,45,-1.570796
95,46,-2.356194
95,47,0.785398
95,54,-1.570796
95,63,-2.356194
96,11,-0.785398
96,12,-2.356194
96,21,1.570796
96,26,0.785398
96,27,3.141593
96,56,-2.356194
96,59,-0.321751
96,60,2.819842
96,76,0.785398
97,20,0.000000
97,26,-0.785398
97,39,0.000000
97,40,3.141593
97,60,-2.356194
97,67,-2.356194
97,70,-1.570796
97,77,-2.356194
97,80,-0.785398
97,81,-1.892547
98,19,-0.785398
98,26,-1.570796
98,33,0.000000
98,36,3.141593
98,48,-1.570796
98,52,-1.570796
98,56,-1.570796
98,60,-1.570796
98,63,-1.570796
98,74,-1.570796
