17,62,1.570796
20,18,3.141593
22,76,2.356194
24,12,0.321751
25,12,-0.785398
27,25,0.785398
27,26,2.356194
27,52,1.249046
28,25,-0.785398
28,54,-2.356194
29,12,2.356194
29,80,2.356194
31,29,0.785398
32,29,0.000000
32,31,1.892547
33,8,0.321751
33,43,2.356194
33,46,-0.785398
33,47,-1.892547
33,64,1.249046
34,8,-0.785398
34,29,-0.321751
34,37,0.785398
34,38,1.570796
34,40,1.892547
34,54,2.356194
34,66,-2.356194
35,17,0.785398
35,18,2.356194
35,25,2.356194
35,42,-1.570796
35,43,-2.356194
35,50,0.785398
35,51,1.570796
35,61,1.249046
36,17,-0.785398
36,36,0.000000
36,37,-0.785398
36,38,-1.570796
36,40,-1.892547
36,56,1.570796
36,57,2.356194
36,60,-0.785398
37,8,2.356194
37,20,0.785398
37,22,1.570796
37,27,2.356194
37,28,-0.785398
37,29,-1.892547
37,32,2.819842
37,62,-0.785398
38,32,-2.356194
38,54,-1.249046
38,55,-2.356194
38,66,2.356194
39,6,0.321751
39,20,-0.321751
39,31,-0.785398
39,83,2.356194
40,6,-0.785398
40,66,-1.249046
40,67,-2.356194
40,69,-0.785398
40,70,-1.892547
41,23,-2.356194
41,28,3.141593
42,19,2.356194
42,25,0.000000
42,54,1.570796
42,57,-1.570796
42,66,0.785398
42,67,1.892547
43,13,0.785398
43,14,2.356194
43,19,-1.570796
43,22,2.356194
43,29,1.570796
43,54,-1.570796
43,59,-0.785398
43,67,-1.249046
43,68,-2.356194
43,70,3.141593
44,13,-0.785398
44,20,0.000000
44,21,-0.785398
44,22,-2.356194
44,29,-1.570796
44,56,0.785398
44,62,-0.321751
45,19,0.785398
45,26,0.785398
45,57,-2.356194
45,63,-1.249046
45,64,-2.356194
45,67,3.141593
45,75,1.249046
46,15,0.785398
46,20,0.000000
46,27,-2.356194
46,72,0.000000
46,74,-0.785398
47,6,0.785398
47,8,1.249046
47,10,1.570796
47,11,3.141593
47,16,0.000000
47,17,-0.785398
47,18,-1.570796
47,19,-2.356194
47,76,-0.785398
48,13,0.321751
48,15,-2.356194
48,21,0.321751
48,22,-2.819842
48,67,0.000000
48,69,3.141593
48,86,3.141593
49,21,-0.785398
49,31,0.785398
49,72,0.000000
50,11,2.356194
50,12,-0.785398
50,13,-2.356194
50,32,-2.356194
51,6,1.249046
51,10,-1.892547
51,70,3.141593
51,81,-0.785398
51,82,-1.892547
52,17,0.785398
52,21,-1.570796
52,39,-2.356194
52,67,-0.785398
52,72,0.000000
52,87,2.356194
53,4,-1.570796
53,6,-1.249046
53,18,-2.356194
53,30,0.785398
53,64,0.000000
53,65,3.141593
53,75,3.141593
54,11,-0.785398
54,22,1.570796
54,25,1.570796
54,34,0.785398
54,77,0.000000
55,18,2.356194
55,22,-1.570796
55,68,0.785398
55,72,0.000000
55,73,3.141593
56,26,-2.356194
56,83,-0.785398
56,84,-1.892547
57,7,1.570796
57,12,-0.785398
57,36,-2.356194
57,40,-2.356194
57,77,0.000000
57,78,3.141593
58,20,-1.570796
58,72,0.000000
59,2,0.785398
59,6,1.570796
59,10,2.356194
59,14,-1.570796
59,17,-2.356194
59,21,1.570796
59,34,-2.356194
59,69,0.785398
59,75,-2.356194
60,2,0.000000
60,6,-2.819842
60,17,0.785398
60,21,-0.321751
60,22,2.819842
60,69,0.000000
60,77,0.000000
60,78,3.141593
61,2,-0.785398
61,22,-1.570796
61,69,-0.785398
62,23,1.570796
62,40,0.785398
62,69,0.785398
63,4,-2.819842
63,10,-0.785398
63,23,-0.321751
63,24,2.819842
63,30,0.785398
63,34,1.570796
63,41,-2.356194
63,66,0.785398
63,78,3.141593
63,84,0.000000
64,2,0.321751
64,6,1.570796
64,17,-0.785398
64,24,-2.356194
64,31,-2.356194
64,34,-1.570796
64,88,-0.785398
64,90,2.819842
65,2,-0.785398
65,5,0.321751
65,6,-2.819842
65,9,2.356194
65,19,1.570796
65,22,0.785398
65,36,0.785398
65,69,-2.356194
65,74,-2.356194
65,90,-2.356194
66,2,-1.570796
66,5,-0.785398
66,8,-0.785398
66,12,2.356194
66,19,-2.356194
66,69,2.356194
66,76,0.000000
66,77,3.141593
67,11,0.000000
67,12,-2.356194
67,30,0.785398
67,34,1.570796
67,37,-1.570796
67,61,0.000000
67,62,3.141593
67,69,3.141593
67,90,2.356194
68,7,1.570796
68,13,-2.356194
68,17,2.356194
68,24,1.570796
68,31,-2.356194
68,39,0.785398
68,88,0.000000
68,89,-0.785398
68,90,-2.356194
69,16,0.000000
69,17,-2.356194
69,35,-2.356194
69,91,-2.356194
70,9,-1.570796
70,15,1.570796
70,21,-1.570796
70,37,1.570796
70,40,-1.570796
70,63,0.785398
70,68,-0.785398
70,70,-2.356194
71,15,-2.819842
71,64,-2.356194
72,6,-1.570796
72,13,0.321751
72,17,0.321751
73,2,-1.570796
73,13,-1.570796
73,17,-1.570796
73,20,-2.356194
73,23,0.785398
73,27,-2.356194
73,40,-2.356194
73,56,0.000000
73,57,3.141593
73,84,0.785398
73,91,1.570796
74,24,0.000000
74,60,0.000000
74,63,3.141593
74,85,-2.356194
74,91,-1.570796
75,4,1.570796
75,8,2.356194
75,21,2.356194
75,25,-2.356194
75,29,0.785398
75,53,0.000000
75,55,3.141593
75,87,1.570796
76,4,2.356194
76,7,0.321751
76,8,-2.819842
76,20,-0.785398
76,87,-1.570796
77,3,0.321751
77,4,-2.819842
77,7,-0.785398
77,26,1.570796
77,48,0.000000
77,49,3.141593
77,61,0.000000
78,14,-0.785398
78,22,0.785398
78,26,-0.785398
78,27,3.141593
78,32,3.141593
78,43,0.000000
78,44,3.141593
78,51,0.000000
78,52,3.141593
78,63,0.785398
78,64,3.141593
79,2,0.321751
79,3,-2.819842
79,10,-1.570796
79,22,-0.785398
79,23,3.141593
79,25,1.570796
80,2,-0.785398
80,13,1.570796
80,47,0.000000
80,58,0.000000
80,60,0.785398
80,63,-2.819842
81,9,1.570796
81,30,0.000000
82,9,-1.570796
82,24,-1.570796
82,26,0.000000
82,37,0.000000
82,38,3.141593
82,44,0.000000
82,45,3.141593
82,51,-2.356194
82,53,0.000000
82,54,3.141593
82,59,0.785398
83,2,-1.570796
83,15,1.570796
83,23,-0.785398
83,47,0.000000
83,49,3.141593
83,64,-2.356194
84,8,1.570796
84,28,-2.356194
84,29,0.785398
84,34,1.892547
84,43,1.892547
84,89,0.785398
85,15,-1.570796
85,19,-1.570796
85,22,1.570796
85,30,-1.249046
85,41,-1.570796
85,43,-1.249046
85,56,-0.785398
85,57,-1.892547
85,67,0.785398
85,90,-2.356194
86,8,2.356194
86,32,-1.249046
86,40,1.570796
86,45,-2.356194
86,53,1.249046
86,54,3.141593
86,68,-2.356194
87,7,0.321751
87,8,-2.819842
87,22,-1.570796
87,34,-1.249046
87,36,-1.570796
87,37,-2.356194
87,38,0.785398
87,52,-0.785398
87,53,-1.892547
88,7,-0.785398
88,41,-2.356194
88,44,-0.785398
88,45,-1.570796
88,46,-2.356194
88,65,0.000000
88,66,3.141593
89,21,2.356194
89,31,0.785398
89,39,-0.785398
90,14,1.570796
90,24,1.570796
90,27,1.570796
90,32,-2.356194
91,7,-1.570796
91,24,-1.570796
91,30,1.570796
91,38,-0.785398
91,46,2.356194
92,16,1.570796
92,20,-1.570796
92,27,-1.570796
92,34,0.000000
92,35,3.141593
92,45,-0.785398
93,6,1.570796
93,23,1.570796
93,37,1.570796
94,19,1.570796
94,23,-1.570796
94,26,1.570796
94,44,2.356194
95,6,2.356194
95,31,1.570796
95,37,-1.570796
95,43,-0.785398
96,5,0.321751
96,6,-2.819842
96,19,-1.570796
96,31,-1.570796
96,70,0.000000
96,71,3.141593
96,88,0.785398
97,2,-1.570796
97,5,-0.785398
97,13,-1.570796
97,22,1.570796
98,5,-1.570796
98,9,-1.570796
98,16,-1.570796
98,22,-1.570796
98,26,-1.570796
98,29,-1.570796
98,90,-2.356194
