6,48,1.249046
6,49,2.356194
6,60,1.249046
6,61,2.356194
6,67,0.785398
6,68,1.892547
7,47,0.321751
7,72,0.785398
7,73,1.892547
8,14,1.249046
8,15,2.356194
8,28,0.785398
8,29,1.570796
8,30,2.356194
9,47,-0.321751
9,59,-0.321751
10,62,-2.356194
10,73,3.141593
10,81,1.570796
11,9,1.249046
11,10,3.141593
11,13,-1.570796
11,45,1.249046
11,81,0.000000
12,8,0.321751
12,27,1.249046
12,56,0.785398
12,57,1.570796
12,61,-1.249046
12,71,0.000000
12,81,-0.785398
13,8,-0.785398
13,26,0.321751
13,41,1.249046
13,45,-1.249046
13,63,-1.249046
13,71,-0.785398
13,78,1.892547
14,26,-0.785398
14,29,-0.321751
14,80,2.356194
15,26,2.356194
15,32,2.819842
15,41,-1.249046
15,47,-1.570796
15,66,-1.249046
15,67,-2.356194
15,69,0.785398
15,70,2.356194
16,18,1.570796
16,26,3.141593
16,52,2.356194
16,53,0.785398
16,54,1.892547
16,60,-1.249046
16,61,3.141593
16,70,-1.570796
17,18,0.000000
17,30,0.000000
17,32,-1.570796
17,33,-2.356194
17,43,-1.570796
17,49,0.785398
17,56,0.785398
17,57,1.892547
17,62,0.000000
17,63,1.892547
18,18,-0.785398
18,30,-0.785398
18,36,1.570796
18,45,-1.570796
18,65,0.785398
18,66,1.892547
18,73,1.570796
18,79,-0.785398
18,81,-1.249046
19,8,2.356194
19,18,0.785398
19,27,1.570796
19,40,-2.356194
19,41,-0.785398
19,42,-1.570796
19,57,-1.570796
19,59,0.000000
19,60,1.892547
19,69,1.892547
19,75,2.356194
19,79,2.356194
20,7,0.321751
20,18,0.000000
20,23,-0.785398
20,24,-1.892547
20,28,-2.356194
20,29,-0.785398
20,30,-1.570796
20,31,-2.356194
20,32,0.785398
20,33,1.570796
20,34,2.356194
20,35,-0.785398
20,36,-1.892547
20,54,-1.249046
20,60,-1.249046
20,61,-2.356194
20,63,3.141593
20,70,-2.356194
20,71,0.785398
20,77,0.785398
20,87,2.356194
21,18,-1.570796
21,56,-1.249046
21,63,-1.570796
21,66,0.000000
21,74,3.141593
21,83,0.785398
21,84,1.570796
21,85,2.356194
22,6,0.321751
22,7,-2.819842
22,10,0.000000
22,11,1.570796
22,12,2.356194
22,16,0.785398
22,17,2.356194
22,37,0.321751
22,39,-2.356194
22,72,-1.570796
22,74,-1.570796
22,78,-1.570796
22,81,0.785398
23,6,-0.785398
23,37,-0.785398
23,58,-0.785398
23,60,1.892547
23,76,0.785398
23,77,2.356194
23,87,-0.785398
24,18,-2.356194
24,19,0.785398
24,20,2.356194
24,32,-0.785398
24,33,-1.570796
24,34,3.141593
24,45,-1.249046
24,47,2.356194
24,57,0.785398
24,67,1.892547
25,20,-2.356194
25,36,-0.785398
25,37,-1.570796
25,39,1.892547
25,47,-1.570796
25,54,2.819842
25,67,-1.249046
25,72,-1.249046
25,73,3.141593
25,84,-1.570796
26,16,-1.570796
26,39,-1.249046
26,40,-2.356194
26,41,0.785398
26,42,1.892547
26,74,0.000000
26,85,0.000000
26,89,0.321751
26,91,2.819842
27,18,2.356194
27,19,-0.785398
27,20,-1.570796
27,21,-2.356194
27,29,0.785398
27,30,1.570796
27,31,2.356194
27,51,0.000000
27,52,1.892547
27,56,-1.570796
27,65,0.000000
27,66,1.892547
27,71,-2.356194
27,86,-1.249046
27,87,3.141593
28,16,-0.785398
28,17,-1.892547
28,42,-1.570796
28,44,0.785398
28,45,2.356194
28,58,-1.570796
28,66,-1.249046
28,67,3.141593
28,69,1.570796
28,74,-0.785398
28,80,0.000000
28,88,-0.785398
28,91,-2.819842
29,6,0.785398
29,30,2.356194
29,40,0.785398
29,44,-1.570796
29,52,-1.570796
29,54,-1.570796
29,61,-0.785398
29,63,2.819842
29,79,3.141593
29,82,-1.249046
29,83,3.141593
30,6,0.000000
30,22,1.249046
30,23,2.356194
30,27,1.249046
30,28,2.356194
30,29,-0.785398
30,30,-2.356194
30,50,0.785398
30,51,2.356194
30,63,-1.570796
30,70,-2.356194
31,6,-0.785398
31,21,-0.785398
31,22,-1.892547
31,41,-1.570796
31,51,-1.570796
31,58,0.000000
31,59,1.892547
31,65,0.785398
31,72,0.000000
31,73,1.892547
31,78,0.785398
32,27,-1.570796
32,36,0.785398
32,37,1.570796
32,38,2.356194
32,39,0.785398
32,43,-1.570796
32,46,0.000000
32,47,1.892547
32,61,2.356194
32,66,-1.249046
32,68,3.141593
32,74,2.819842
32,78,0.000000
32,91,2.356194
33,6,0.785398
33,13,1.249046
33,14,2.356194
33,28,1.570796
33,40,-1.249046
33,48,2.819842
33,54,1.570796
33,68,-1.570796
33,74,-1.570796
33,78,-1.570796
33,89,0.785398
33,91,-2.819842
34,8,2.356194
34,30,2.356194
34,34,0.785398
34,42,-1.249046
34,43,-2.356194
34,44,0.785398
34,48,-2.356194
34,54,-0.785398
34,55,-2.356194
34,56,0.785398
34,57,1.892547
34,61,-0.785398
34,62,-1.570796
34,63,3.141593
34,76,0.785398
34,77,2.356194
34,82,0.000000
34,83,1.892547
35,5,0.321751
35,13,-2.356194
35,19,1.249046
35,20,2.356194
35,26,0.785398
35,38,1.892547
35,52,1.249046
35,53,3.141593
35,57,-1.249046
35,58,3.141593
35,83,-1.249046
35,84,3.141593
35,89,0.321751
36,5,-0.785398
36,18,-0.785398
36,19,-1.892547
36,35,-0.785398
36,40,1.570796
36,41,2.356194
36,43,0.785398
36,46,-2.356194
36,47,-0.785398
36,50,2.356194
36,59,1.570796
36,77,-0.785398
36,79,1.892547
36,89,-1.570796
36,91,-2.356194
37,12,-0.785398
37,13,-1.570796
37,14,-2.356194
37,26,0.000000
37,27,-1.570796
37,29,-1.570796
37,30,3.141593
37,35,2.356194
37,38,-0.785398
37,52,-1.249046
37,53,-2.356194
37,74,0.785398
37,75,1.570796
37,76,3.141593
37,79,-1.249046
37,80,3.141593
37,86,0.000000
37,87,1.570796
37,88,3.141593
38,31,1.570796
38,33,1.249046
38,55,0.000000
38,56,0.785398
38,57,1.570796
38,62,1.892547
39,18,0.785398
39,19,1.570796
39,20,2.356194
39,31,0.000000
39,40,-1.570796
39,41,3.141593
39,54,1.570796
39,64,1.892547
39,69,1.570796
39,76,1.570796
39,88,3.141593
40,42,1.570796
40,44,2.356194
40,54,-2.819842
40,65,2.819842
40,69,-0.785398
40,70,-2.356194
40,76,-0.321751
40,90,3.141593
41,25,0.785398
41,26,1.892547
41,42,0.000000
41,44,-2.356194
41,68,1.570796
41,72,1.570796
41,84,1.570796
42,21,2.356194
42,28,0.785398
42,29,1.570796
42,42,-0.785398
42,45,0.785398
42,46,3.141593
42,58,-2.819842
42,61,0.000000
42,68,-2.356194
42,72,0.000000
42,78,-1.249046
42,84,-0.321751
43,4,0.785398
43,19,-0.785398
43,20,-1.892547
43,26,-0.785398
43,35,3.141593
43,37,1.570796
43,45,-0.785398
43,50,0.000000
43,51,-1.892547
43,56,0.000000
43,57,-1.892547
43,72,-1.570796
43,85,-1.249046
43,86,3.141593
44,4,0.000000
44,15,1.249046
44,16,3.141593
44,37,-2.819842
44,49,-0.785398
44,55,1.570796
44,60,0.000000
44,64,-0.785398
44,70,0.000000
44,71,2.356194
44,80,0.000000
44,87,0.000000
44,88,1.570796
44,89,2.356194
45,4,-0.785398
45,13,0.785398
45,55,-2.819842
45,66,-0.321751
45,67,2.819842
45,76,0.000000
45,77,1.892547
45,80,-1.570796
45,90,-2.356194
46,11,1.249046
46,12,3.141593
46,17,2.356194
46,18,0.785398
46,19,1.570796
46,20,2.356194
46,27,-2.356194
46,32,2.356194
46,36,0.000000
46,48,1.249046
46,49,2.356194
46,50,3.141593
46,53,0.321751
46,63,1.570796
46,67,-2.356194
46,71,-0.785398
46,72,3.141593
46,79,3.141593
46,83,1.570796
47,4,0.785398
47,10,0.000000
47,11,-1.892547
47,16,-1.892547
47,25,-0.785398
47,31,0.321751
47,47,0.000000
47,48,-1.892547
47,53,-1.570796
47,57,3.141593
47,62,0.321751
47,63,-2.819842
47,67,0.785398
47,69,1.249046
47,70,3.141593
47,83,-0.321751
47,84,2.819842
48,4,-0.321751
48,7,1.570796
48,8,2.356194
48,25,0.000000
48,31,-1.570796
48,34,0.785398
48,46,-0.785398
48,56,-1.570796
48,62,-1.570796
48,79,0.000000
48,84,-1.570796
49,19,-0.785398
49,23,1.570796
49,24,3.141593
49,37,2.819842
49,43,3.141593
49,51,1.570796
49,55,1.570796
49,80,-1.570796
49,85,0.000000
49,86,1.892547
49,89,-1.570796
50,8,3.141593
50,11,1.249046
50,12,3.141593
50,35,-0.785398
50,37,-2.356194
50,42,-1.570796
50,50,0.321751
50,51,-2.819842
50,54,0.321751
50,55,-2.819842
50,58,1.570796
50,67,-1.570796
50,70,0.785398
50,81,1.570796
50,87,2.819842
51,3,-0.785398
51,9,0.785398
51,11,-1.892547
51,14,1.249046
51,15,3.141593
51,23,-2.819842
51,37,2.356194
51,45,1.570796
51,50,-1.570796
51,54,-0.785398
51,58,-1.570796
51,61,2.356194
51,81,-0.785398
51,82,3.141593
51,87,-1.570796
52,33,1.249046
52,37,-2.819842
52,54,2.356194
52,60,0.321751
52,61,-2.819842
52,71,0.000000
52,73,0.785398
52,74,1.892547
52,78,0.000000
52,79,1.570796
52,80,3.141593
53,7,0.785398
53,12,0.321751
53,17,1.249046
53,19,1.570796
53,20,2.356194
53,24,0.785398
53,31,2.356194
53,53,0.321751
53,71,-0.785398
54,7,-1.570796
54,12,-1.570796
54,17,-1.892547
54,33,-2.356194
54,49,2.356194
54,53,-1.570796
54,56,3.141593
54,59,0.321751
54,60,-2.819842
55,3,0.785398
55,11,0.785398
55,15,-0.785398
55,19,0.000000
55,27,-2.356194
55,44,-1.570796
55,49,-2.819842
55,59,-1.570796
55,77,2.819842
56,3,0.000000
56,20,0.000000
56,23,3.141593
56,30,2.356194
56,47,0.321751
56,52,2.356194
56,55,1.570796
56,58,-0.785398
56,61,0.000000
56,62,3.141593
56,69,0.000000
56,70,-0.785398
56,77,-1.570796
56,86,0.000000
56,91,-2.356194
57,3,-0.785398
57,13,0.785398
57,15,-1.570796
57,16,-2.356194
57,29,0.321751
57,30,-2.819842
57,47,-0.785398
57,51,0.321751
57,52,-2.819842
57,55,-1.570796
57,87,-1.570796
58,13,-1.570796
58,21,2.356194
58,25,-2.356194
58,29,-0.785398
58,51,-0.785398
58,83,1.570796
58,88,1.570796
59,12,1.570796
59,19,0.785398
59,21,-2.819842
59,42,1.570796
59,54,1.570796
59,72,-0.321751
59,75,3.141593
59,83,0.000000
60,3,0.785398
60,5,1.249046
60,6,3.141593
60,11,0.000000
60,12,-2.356194
60,16,1.249046
60,17,3.141593
60,24,0.785398
60,38,1.570796
60,70,1.570796
60,83,-1.570796
60,85,0.000000
60,86,1.570796
60,87,3.141593
60,90,2.819842
61,3,-0.321751
61,9,1.249046
61,10,3.141593
61,13,0.785398
61,14,2.356194
61,15,-0.785398
61,16,-1.892547
61,20,0.000000
61,27,2.356194
61,31,0.321751
61,38,-2.819842
61,47,2.356194
61,58,2.356194
61,59,0.785398
61,70,0.785398
61,73,2.356194
61,81,0.000000
61,82,2.356194
61,90,-2.356194
62,13,-1.570796
62,31,-1.570796
62,46,0.000000
62,57,-0.785398
62,60,-1.570796
62,71,-2.356194
62,73,3.141593
62,82,-1.570796
62,87,1.570796
63,7,-0.785398
63,8,-1.892547
63,17,1.249046
63,18,2.356194
63,23,-0.785398
63,25,-1.249046
63,27,3.141593
63,73,-2.356194
63,87,-0.321751
63,89,3.141593
64,16,0.000000
64,17,-1.892547
64,23,2.356194
64,27,-2.356194
64,68,0.785398
64,79,1.570796
64,83,0.785398
65,2,-0.785398
65,4,-2.356194
65,10,1.570796
65,14,1.249046
65,15,3.141593
65,45,-1.570796
65,69,1.570796
65,72,0.321751
65,74,-2.356194
65,79,-0.321751
66,4,2.356194
66,65,0.785398
66,69,-0.321751
66,85,3.141593
67,4,-2.819842
67,8,-1.570796
67,26,1.570796
67,65,-0.321751
67,70,-1.249046
67,72,3.141593
67,80,-0.785398
67,91,-2.356194
68,3,-1.570796
68,7,1.570796
68,11,0.321751
68,16,1.249046
68,17,3.141593
68,20,-2.356194
68,23,0.000000
68,26,3.141593
68,45,1.570796
68,66,-1.249046
68,67,3.141593
69,6,0.321751
69,7,-2.819842
69,11,-1.570796
69,20,0.785398
69,36,0.785398
69,54,0.785398
69,63,1.570796
69,80,0.785398
69,83,-0.321751
69,84,2.819842
70,6,-1.570796
70,10,1.570796
70,20,-0.785398
70,21,-2.356194
70,26,3.141593
70,36,0.000000
70,54,-0.321751
70,55,2.819842
70,58,0.000000
70,59,1.892547
70,64,3.141593
70,74,-2.356194
70,78,1.570796
70,84,-1.570796
71,3,0.785398
71,4,2.356194
71,9,0.000000
71,26,-2.356194
71,36,-0.785398
71,55,-2.356194
71,59,-1.249046
71,60,3.141593
71,71,-2.356194
71,78,-0.321751
71,82,2.819842
71,85,1.570796
72,3,-0.785398
72,12,0.321751
72,18,3.141593
72,23,0.785398
72,26,2.356194
72,61,1.570796
72,66,1.570796
72,71,2.356194
72,79,-2.356194
73,12,-1.570796
73,17,-1.570796
73,23,0.000000
73,26,3.141593
73,29,0.785398
73,32,2.356194
73,48,1.570796
73,61,-0.321751
73,67,-2.356194
73,69,0.785398
73,82,-0.321751
73,84,3.141593
73,87,2.819842
73,91,-2.356194
74,7,1.570796
74,11,1.570796
74,21,2.356194
74,23,-0.785398
74,26,-2.356194
74,29,-0.321751
74,32,-2.356194
74,52,0.000000
74,62,-1.249046
74,64,1.892547
74,73,2.356194
74,74,-0.785398
74,76,2.819842
75,7,-2.819842
75,11,-2.819842
75,15,3.141593
75,45,0.785398
75,53,-2.356194
75,57,1.570796
75,60,0.785398
75,64,-1.249046
75,66,1.892547
75,76,-1.570796
75,80,0.785398
75,83,-0.785398
75,84,3.141593
75,87,-0.785398
75,88,3.141593
76,5,0.321751
76,9,0.321751
76,19,1.570796
76,23,2.356194
76,45,-0.321751
76,46,2.819842
76,57,-0.321751
76,58,2.819842
76,66,-1.249046
76,80,0.000000
76,82,2.356194
76,85,0.000000
76,86,2.356194
76,89,0.000000
77,5,-1.570796
77,13,0.321751
77,14,-2.819842
77,19,-2.819842
77,22,0.321751
77,23,-2.819842
77,30,2.356194
77,40,1.570796
77,46,-1.570796
77,50,1.570796
77,54,1.570796
77,58,-1.570796
77,77,0.785398
77,86,-2.356194
77,90,-2.356194
78,2,0.785398
78,4,1.570796
78,8,0.321751
78,9,-2.819842
78,13,-1.570796
78,22,-1.570796
78,30,3.141593
78,40,0.000000
78,50,-0.321751
78,55,3.141593
78,64,0.000000
78,65,1.570796
78,77,-0.321751
78,78,2.819842
78,80,-0.321751
78,83,1.570796
78,86,0.785398
79,2,0.000000
79,8,-1.570796
79,12,1.570796
79,25,0.000000
79,28,3.141593
79,30,-2.356194
79,37,0.785398
79,40,-0.785398
79,44,2.819842
79,52,2.819842
79,56,1.570796
79,78,-2.356194
79,81,-2.356194
79,83,-0.321751
80,2,-0.785398
80,7,1.570796
80,11,0.321751
80,12,-2.819842
80,15,0.321751
80,23,1.249046
80,24,3.141593
80,37,-0.321751
80,38,2.819842
80,44,-1.570796
80,52,-1.570796
80,56,-0.321751
80,67,3.141593
80,88,2.819842
81,6,0.321751
81,7,-2.819842
81,11,-1.570796
81,22,0.321751
81,27,-0.785398
81,28,3.141593
81,30,2.356194
81,38,-2.356194
81,45,1.570796
81,49,1.570796
81,53,1.570796
81,63,0.785398
81,65,-1.892547
81,67,-2.356194
81,84,-0.785398
81,88,-2.356194
81,91,-1.570796
82,14,0.321751
82,15,-2.819842
82,18,1.570796
82,22,-1.570796
82,26,1.570796
82,41,0.785398
82,45,-0.321751
82,46,2.819842
82,49,-0.321751
82,53,-0.321751
82,59,2.819842
82,63,-0.785398
82,67,0.785398
83,5,0.321751
83,6,-2.819842
83,14,-1.570796
83,17,0.321751
83,18,-2.819842
83,21,-0.785398
83,26,-2.819842
83,29,-0.785398
83,38,0.785398
83,42,2.819842
83,46,-2.356194
83,63,2.356194
83,67,0.000000
83,71,0.785398
84,2,-1.570796
84,5,-1.570796
84,13,1.570796
84,17,-1.570796
84,40,3.141593
84,42,-2.356194
84,46,0.785398
84,52,2.819842
84,61,2.356194
84,62,-0.785398
84,63,-2.356194
84,67,-0.785398
84,69,-1.570796
84,72,2.819842
85,12,0.321751
85,13,-2.819842
85,20,2.356194
85,28,3.141593
85,37,-0.785398
85,47,2.819842
85,52,-2.356194
85,70,-2.356194
85,72,-2.356194
86,8,1.570796
86,12,-1.570796
86,15,1.570796
86,22,0.321751
86,27,-1.570796
86,39,-1.570796
86,42,2.356194
86,45,0.785398
86,52,0.785398
86,67,-1.570796
87,4,2.356194
87,7,0.321751
87,8,-2.819842
87,14,0.321751
87,15,-2.819842
87,19,-1.570796
87,22,-0.785398
87,34,0.000000
87,42,-2.356194
87,45,-0.321751
87,47,-2.819842
87,52,0.000000
87,55,-0.785398
87,58,-2.819842
88,3,0.000000
88,4,-2.356194
88,11,2.356194
88,14,-0.785398
88,22,2.356194
88,31,1.249046
88,32,2.356194
89,5,0.785398
89,10,0.321751
89,11,-2.819842
89,14,-1.570796
89,21,0.321751
89,22,-2.819842
89,30,0.321751
89,38,0.000000
89,39,-1.892547
89,42,0.321751
89,49,1.570796
89,50,2.356194
89,51,-0.785398
89,52,-2.356194
89,61,2.356194
89,91,-1.570796
90,5,-0.785398
90,17,1.570796
90,21,-1.570796
90,25,1.570796
90,36,0.785398
90,37,3.141593
90,53,1.570796
90,60,-0.785398
90,69,2.356194
91,9,0.321751
91,10,-2.819842
91,13,1.570796
91,24,0.321751
91,25,-2.819842
91,29,0.321751
91,30,-2.819842
91,36,-0.785398
91,46,-2.356194
91,54,3.141593
91,69,3.141593
92,9,-0.785398
92,13,2.356194
92,24,-0.785398
92,69,-2.356194
93,12,0.321751
93,13,-2.819842
93,28,0.321751
93,29,-2.819842
93,36,2.356194
93,49,0.785398
93,59,0.000000
93,64,1.570796
93,80,0.785398
93,84,2.356194
93,88,0.321751
93,90,2.819842
94,2,-1.570796
94,23,1.570796
94,25,-1.570796
94,28,-0.785398
94,35,0.321751
94,36,-2.819842
94,50,3.141593
94,60,-2.356194
94,82,2.356194
94,84,3.141593
94,88,-0.785398
94,90,-1.570796
95,11,0.321751
95,12,-2.819842
95,28,2.356194
95,35,-0.785398
95,51,1.570796
95,60,2.356194
95,79,3.141593
95,84,-2.356194
96,4,-1.570796
96,11,-0.785398
96,27,0.321751
96,28,-2.819842
96,45,0.785398
96,52,-2.356194
96,59,-0.785398
96,78,-0.785398
97,7,-0.785398
97,15,-1.570796
97,19,-1.570796
97,27,-0.785398
97,32,-1.570796
97,35,-1.570796
97,46,-1.570796
97,64,-1.570796
97,71,-0.785398
97,78,-1.570796
97,84,-1.570796
97,87,-1.570796
98,11,-1.570796
98,23,-1.570796
98,27,-1.570796
98,41,3.141593
98,47,-2.356194
98,67,-1.570796
98,75,-1.570796
98,81,-1.570796
98,91,-1.570796
