13,44,0.785398
13,45,1.570796
13,46,2.356194
13,51,0.785398
13,52,1.570796
13,53,2.356194
13,59,0.785398
13,60,1.570796
13,61,2.356194
14,26,1.249046
14,27,3.141593
14,76,0.785398
14,77,1.892547
16,15,3.141593
16,26,-1.570796
17,14,-0.785398
19,14,2.356194
20,13,0.321751
21,13,-1.570796
22,12,1.570796
23,11,0.321751
23,12,-2.819842
23,69,0.321751
23,83,3.141593
24,11,-0.785398
24,59,0.321751
24,61,2.819842
24,69,-0.785398
25,52,0.785398
25,61,-2.356194
26,11,2.356194
26,32,0.321751
26,36,1.570796
26,38,1.892547
26,47,1.570796
26,52,-0.321751
26,59,-0.321751
27,10,0.321751
27,38,-1.249046
27,39,-2.356194
27,49,1.892547
27,55,1.892547
27,85,2.356194
28,10,-0.785398
28,42,0.785398
28,43,1.892547
28,49,-1.249046
28,50,-2.356194
28,51,0.785398
28,52,2.356194
29,35,-1.249046
29,37,1.892547
29,43,-1.249046
29,44,-2.356194
29,52,-1.570796
29,56,-1.249046
29,58,1.892547
29,62,-1.249046
29,64,1.892547
29,75,0.321751
29,83,0.321751
30,39,1.892547
30,48,0.785398
30,49,1.892547
30,58,-1.249046
30,59,3.141593
30,75,-0.785398
30,83,-0.785398
31,49,-1.249046
31,50,3.141593
31,60,0.000000
31,61,1.892547
32,9,0.785398
32,36,-0.785398
32,37,-1.570796
32,43,0.785398
32,44,1.892547
32,51,0.000000
32,52,1.892547
32,73,0.785398
32,74,2.356194
33,9,-0.785398
33,10,3.141593
33,39,-1.570796
33,44,-1.249046
33,46,1.892547
33,52,-1.249046
33,53,3.141593
33,57,-2.356194
33,67,-1.249046
33,68,3.141593
33,74,-1.570796
34,40,2.356194
34,46,-1.249046
34,47,-2.356194
34,64,2.819842
34,69,1.570796
34,75,0.000000
34,76,1.892547
35,41,0.000000
35,42,1.892547
35,50,3.141593
35,55,-2.356194
35,64,-1.570796
35,71,1.892547
35,76,-1.249046
35,77,3.141593
35,88,2.356194
36,42,-1.249046
36,44,1.892547
36,65,-2.356194
36,86,0.785398
37,44,-1.249046
37,45,-2.356194
37,67,0.785398
37,72,-1.249046
37,73,3.141593
37,79,1.570796
37,84,0.000000
38,20,1.249046
38,21,2.356194
38,37,0.785398
38,38,1.892547
38,50,3.141593
38,68,-2.356194
38,74,1.570796
38,79,-0.321751
39,19,-0.785398
39,20,-1.892547
39,38,-1.249046
39,39,-2.356194
39,41,0.785398
39,42,1.892547
39,53,0.000000
39,62,0.785398
39,75,3.141593
39,80,-1.249046
39,81,3.141593
39,90,2.819842
40,6,0.321751
40,8,3.141593
40,42,-1.249046
40,43,-2.356194
40,47,3.141593
40,63,0.000000
40,71,0.785398
40,76,0.000000
40,82,1.570796
41,6,-0.785398
41,36,3.141593
41,65,-2.356194
41,72,-2.356194
41,77,-2.356194
41,82,-0.321751
41,91,2.819842
42,38,0.000000
42,39,3.141593
42,42,1.570796
42,88,-0.321751
42,91,-2.356194
43,42,-1.570796
43,54,0.785398
44,31,0.785398
44,32,1.892547
44,49,0.000000
44,55,1.570796
44,78,0.785398
44,86,2.819842
44,90,-2.356194
45,32,-1.249046
45,33,-2.356194
45,35,3.141593
45,44,0.000000
45,51,-2.356194
45,56,-2.356194
45,57,0.785398
45,58,1.892547
45,78,0.000000
45,86,-1.570796
46,37,0.000000
46,39,0.785398
46,40,1.892547
46,46,-2.356194
46,78,-0.785398
46,82,0.000000
46,87,1.570796
46,91,-2.356194
47,6,0.785398
47,40,-1.249046
47,41,-2.356194
47,42,0.785398
47,43,1.892547
47,59,-1.249046
47,60,3.141593
47,71,1.570796
47,83,-1.570796
47,87,-0.321751
47,88,2.819842
48,6,0.000000
48,20,0.000000
48,36,3.141593
48,43,-1.249046
48,44,-2.356194
48,45,0.785398
48,46,1.892547
48,78,2.356194
48,84,1.570796
48,88,-1.570796
49,6,-0.785398
49,46,-1.249046
49,47,3.141593
49,76,2.356194
49,77,-0.785398
49,84,-0.321751
49,85,2.819842
49,89,1.570796
50,30,3.141593
50,38,0.000000
50,40,3.141593
50,63,0.000000
50,71,2.356194
50,75,-1.570796
50,85,-1.570796
50,89,-0.321751
51,6,0.785398
51,8,1.249046
51,9,2.356194
51,50,-2.356194
51,59,0.785398
51,61,2.356194
51,64,-1.570796
51,70,0.000000
51,71,-2.356194
51,74,1.570796
51,91,2.819842
52,11,2.356194
52,36,2.356194
52,44,0.000000
52,45,3.141593
52,60,-0.785398
52,65,0.785398
52,66,2.356194
52,91,-2.356194
53,91,-1.570796
54,4,0.321751
54,16,1.249046
54,17,2.356194
54,50,0.785398
54,61,0.785398
54,66,3.141593
54,74,-0.785398
54,88,1.570796
55,4,-0.785398
55,14,1.249046
55,16,-1.892547
55,43,0.785398
55,51,-2.356194
55,61,0.000000
55,63,-0.785398
55,64,-1.892547
55,79,0.000000
55,85,1.570796
55,88,-0.321751
56,8,0.000000
56,13,-0.785398
56,14,-1.892547
56,20,1.249046
56,21,2.356194
56,36,3.141593
56,44,-2.356194
56,90,2.819842
57,8,-0.785398
57,17,1.249046
57,18,2.356194
57,19,-0.785398
57,20,-1.892547
57,60,0.000000
57,67,-1.570796
57,75,-1.570796
57,81,3.141593
57,86,1.570796
57,90,-1.570796
58,4,0.785398
58,8,2.356194
58,16,-0.785398
58,17,-1.892547
58,28,2.356194
58,59,-0.785398
58,86,-0.321751
58,87,2.819842
58,91,-2.356194
59,4,0.000000
59,7,-0.785398
59,13,1.249046
59,14,3.141593
59,32,0.000000
59,39,1.249046
59,40,2.356194
60,4,-0.785398
60,11,1.249046
60,13,-1.892547
60,18,1.249046
60,19,2.356194
60,36,0.000000
60,44,0.785398
60,45,1.892547
60,83,0.785398
60,87,-0.321751
60,88,2.819842
61,10,0.000000
61,11,-1.892547
61,15,1.249046
61,16,2.356194
61,17,-0.785398
61,18,-1.892547
61,45,-1.249046
61,46,-2.356194
61,49,0.785398
61,83,-0.321751
61,84,2.819842
61,88,-1.570796
62,4,0.785398
62,8,1.249046
62,9,3.141593
62,14,-0.785398
62,15,-1.892547
62,23,1.249046
62,24,2.356194
62,35,0.785398
62,38,-2.356194
62,50,-2.356194
62,79,0.785398
62,84,-2.356194
63,4,-0.785398
63,5,-2.356194
63,7,-0.785398
63,8,-1.892547
63,12,-0.785398
63,18,1.249046
63,19,2.356194
63,22,-0.785398
63,23,-1.892547
63,36,-1.249046
63,37,-2.356194
63,89,0.785398
64,17,-0.785398
64,18,-1.892547
64,50,-1.570796
64,85,1.570796
64,89,-0.321751
64,90,2.819842
65,13,1.249046
65,14,2.356194
65,34,0.785398
65,35,1.892547
65,73,0.785398
65,85,-0.321751
65,90,-1.570796
66,10,1.249046
66,11,2.356194
66,12,-0.785398
66,13,-1.892547
66,35,-1.249046
66,36,-2.356194
66,37,3.141593
66,82,1.570796
66,87,2.819842
67,3,0.785398
67,9,-0.785398
67,10,-1.892547
67,15,1.249046
67,16,2.356194
67,59,1.570796
67,78,0.785398
67,82,-0.321751
67,83,2.819842
67,87,-2.356194
68,3,-0.321751
68,5,2.356194
68,13,1.249046
68,15,-1.892547
68,59,0.785398
68,75,2.356194
68,79,1.570796
68,83,-2.356194
68,91,-1.570796
69,11,1.249046
69,13,-1.892547
69,36,3.141593
69,59,0.000000
69,75,3.141593
69,79,-0.321751
69,80,2.819842
70,4,0.785398
70,9,1.249046
70,11,-1.892547
70,72,0.000000
70,75,-2.356194
70,80,-2.356194
71,59,-0.321751
71,61,-2.819842
72,3,0.321751
72,8,-1.892547
72,22,1.570796
72,35,0.785398
72,36,1.892547
72,85,1.570796
73,11,1.249046
73,12,3.141593
73,18,1.249046
73,19,2.356194
73,22,3.141593
73,49,2.356194
73,60,2.356194
73,73,1.570796
73,85,-0.321751
73,86,2.819842
74,3,-0.321751
74,17,-0.785398
74,18,-1.892547
74,37,-1.249046
74,38,-2.356194
74,48,1.570796
74,59,0.000000
74,60,-2.356194
74,86,-2.356194
75,14,1.249046
75,15,3.141593
75,22,-0.785398
75,23,-2.356194
75,48,-2.819842
75,55,2.356194
75,76,-0.785398
76,3,0.321751
76,5,3.141593
76,14,-1.892547
76,19,1.249046
76,20,2.356194
76,36,0.785398
76,37,1.892547
76,42,0.785398
76,43,1.892547
76,54,-0.785398
76,79,2.819842
77,6,0.785398
77,8,-1.892547
77,12,-1.570796
77,17,0.000000
77,18,-0.785398
77,19,-1.892547
77,29,0.000000
77,30,3.141593
77,79,-2.356194
77,83,0.785398
78,3,0.000000
78,11,-0.785398
78,42,0.000000
78,43,-1.892547
78,46,-2.356194
78,83,-0.321751
78,84,2.819842
79,6,-2.819842
79,18,0.000000
79,20,3.141593
79,39,-1.249046
79,40,-2.356194
79,68,0.785398
79,84,-2.356194
80,3,-0.785398
80,5,-1.892547
80,23,0.000000
80,29,0.785398
80,30,1.570796
80,31,2.356194
80,32,3.141593
80,54,2.356194
80,84,0.785398
80,88,0.785398
80,91,2.356194
81,21,2.356194
81,47,1.570796
81,53,0.321751
81,54,-2.819842
81,69,-0.321751
81,70,2.819842
81,84,-0.321751
81,85,2.819842
81,88,-0.321751
82,12,1.249046
82,13,2.356194
82,14,3.141593
82,19,1.249046
82,20,3.141593
82,30,-0.321751
82,47,-0.321751
82,48,2.819842
82,53,-0.785398
82,70,-2.356194
82,81,-1.570796
82,85,-2.356194
83,6,1.570796
83,17,0.000000
83,18,-0.785398
83,19,-1.892547
83,24,0.000000
83,26,3.141593
83,31,-1.249046
83,32,3.141593
83,48,-1.570796
84,49,-2.356194
84,86,1.570796
85,5,1.570796
85,9,0.321751
85,29,0.000000
85,31,3.141593
85,53,0.785398
85,55,1.249046
85,56,2.356194
85,70,-1.570796
85,83,1.570796
85,86,-0.321751
85,87,2.819842
86,5,-2.819842
86,9,-1.570796
86,36,-2.356194
86,50,0.785398
86,53,0.000000
86,58,-2.356194
87,13,2.356194
87,23,0.000000
87,24,3.141593
87,51,1.570796
87,53,-1.570796
87,55,-2.356194
87,63,0.785398
87,67,0.785398
87,71,0.785398
87,79,1.570796
87,87,-0.321751
87,88,2.819842
88,3,-0.785398
88,7,1.570796
88,12,-0.785398
88,51,-0.321751
88,64,1.570796
88,79,-1.570796
88,84,0.000000
88,88,-2.356194
89,3,2.356194
89,6,0.321751
89,7,-2.819842
89,29,0.785398
89,38,0.785398
89,52,-1.570796
89,56,-2.356194
89,60,1.570796
89,64,-0.321751
89,65,2.819842
89,91,2.356194
90,2,0.321751
90,3,-2.819842
90,30,-2.356194
90,85,-0.321751
90,86,2.819842
90,89,0.000000
90,91,3.141593
91,2,-0.785398
91,5,0.321751
91,6,-2.819842
91,9,1.570796
91,21,0.000000
91,36,1.570796
91,43,1.570796
91,50,1.570796
91,53,0.785398
91,57,1.570796
91,60,-1.570796
91,65,-0.321751
91,66,2.819842
91,72,0.785398
91,86,-1.570796
91,88,1.570796
92,5,-0.785398
92,14,1.570796
92,23,-2.356194
92,53,-0.321751
92,54,2.819842
92,66,-1.570796
92,70,1.570796
92,73,2.819842
92,83,1.570796
92,91,-2.819842
93,5,-1.570796
93,14,-1.570796
93,33,0.785398
93,40,0.785398
93,54,-2.356194
93,70,0.000000
93,73,-1.570796
93,79,1.570796
94,8,-0.785398
94,29,1.570796
94,40,-0.321751
94,41,2.819842
94,64,1.570796
94,70,-0.785398
95,41,-2.356194
95,51,0.785398
96,2,-1.570796
96,19,1.570796
96,29,-1.570796
96,32,1.570796
96,35,-1.570796
96,38,-1.570796
96,48,1.570796
96,51,-0.321751
96,52,2.819842
96,62,1.570796
96,65,-2.356194
96,84,-1.570796
96,89,-1.570796
97,21,0.785398
97,32,-1.570796
97,52,-2.356194
97,58,-1.570796
97,67,-1.570796
98,18,-0.785398
98,22,-2.356194
98,42,-1.570796
98,45,-1.570796
98,48,-1.570796
98,52,-1.570796
98,55,-1.570796
98,62,-1.570796
98,73,-2.356194
98,77,-1.570796
98,81,-1.570796
