9,16,1.249046
9,17,3.141593
10,39,1.249046
10,40,2.356194
10,47,0.785398
10,48,1.570796
10,49,2.356194
10,52,0.785398
10,53,1.570796
10,54,2.356194
12,13,-0.785398
12,39,-1.570796
13,37,-2.356194
13,40,1.570796
13,52,0.321751
13,54,2.819842
13,67,2.356194
14,40,0.000000
15,30,1.570796
15,31,2.356194
15,32,-0.785398
15,33,-1.892547
15,48,2.356194
17,30,-2.819842
17,76,2.356194
18,20,0.000000
18,21,1.570796
18,22,2.356194
18,27,-0.785398
18,52,1.892547
19,10,0.321751
19,12,3.141593
19,39,1.892547
20,10,-0.785398
20,29,-2.819842
20,54,-2.356194
20,58,0.785398
21,10,2.356194
21,15,0.785398
21,16,1.570796
21,23,1.570796
21,25,1.249046
21,26,2.356194
21,27,-0.785398
21,28,-1.892547
21,42,0.785398
21,46,3.141593
21,49,-1.249046
22,8,1.249046
22,10,3.141593
22,23,0.000000
22,46,-1.570796
22,52,-1.570796
23,10,-2.356194
23,18,-2.819842
23,38,2.356194
23,43,0.785398
23,55,1.249046
23,57,1.892547
23,59,2.356194
24,25,-1.570796
24,26,-2.356194
24,30,0.785398
24,31,1.570796
24,32,2.356194
24,36,0.785398
24,38,-2.819842
24,44,-2.356194
24,45,0.785398
24,59,3.141593
25,16,-0.785398
25,21,1.249046
25,46,-1.249046
25,48,-1.570796
25,49,-2.356194
25,59,-2.356194
26,4,0.321751
26,19,0.000000
26,29,0.785398
27,4,-1.570796
27,24,-2.356194
27,26,0.785398
27,27,1.570796
27,28,3.141593
27,42,0.000000
27,43,3.141593
27,61,0.785398
27,62,1.892547
28,10,0.785398
28,16,0.785398
28,30,-1.570796
28,36,-0.785398
28,54,3.141593
28,65,-0.785398
28,66,-1.892547
29,18,-0.785398
29,19,-1.892547
29,27,2.356194
29,38,-1.249046
29,39,-2.356194
29,40,3.141593
29,50,1.892547
29,55,0.000000
30,7,1.249046
30,26,-0.785398
30,29,-1.570796
30,56,-2.356194
31,15,-1.892547
31,32,0.000000
31,34,3.141593
31,48,-1.570796
31,49,-2.356194
31,51,-1.249046
31,52,-2.356194
31,53,0.785398
31,54,1.570796
31,55,3.141593
31,60,0.321751
31,62,2.819842
32,3,0.321751
32,9,0.000000
32,18,1.249046
32,19,3.141593
32,22,-1.570796
32,25,1.249046
32,26,2.356194
32,29,3.141593
32,37,0.000000
32,38,3.141593
32,46,-0.785398
32,62,-2.356194
33,3,-1.570796
33,8,3.141593
33,17,-0.785398
33,18,-1.892547
33,23,0.000000
33,24,-0.785398
33,25,-1.892547
33,55,0.000000
33,56,1.892547
33,60,-0.321751
34,56,-1.249046
34,57,3.141593
34,77,2.356194
35,5,0.000000
35,8,0.000000
35,19,0.000000
35,28,3.141593
35,31,0.000000
35,32,3.141593
35,62,-2.356194
35,77,3.141593
36,3,0.000000
36,4,2.356194
36,7,0.000000
36,11,0.000000
36,12,-1.892547
36,42,2.356194
36,77,-2.356194
37,4,-1.570796
37,7,0.000000
37,21,0.000000
37,37,0.000000
37,38,3.141593
37,41,-0.785398
37,43,1.570796
37,46,2.356194
37,56,-2.356194
37,60,1.570796
38,14,3.141593
38,33,3.141593
38,41,0.785398
38,46,-2.819842
38,60,-0.321751
39,18,3.141593
39,35,0.000000
39,36,3.141593
39,43,-1.892547
40,10,-0.785398
40,31,0.785398
40,63,2.819842
41,8,2.356194
41,14,0.000000
41,19,0.000000
41,26,0.000000
41,27,3.141593
41,33,3.141593
41,59,0.785398
42,17,2.356194
42,23,0.000000
42,24,3.141593
42,35,0.000000
42,36,3.141593
42,57,3.141593
42,60,0.000000
42,61,1.570796
42,77,2.356194
43,10,2.356194
43,15,0.000000
43,65,2.356194
43,77,3.141593
44,3,0.000000
44,26,0.000000
44,27,3.141593
44,40,0.785398
44,51,3.141593
44,55,1.570796
44,61,-0.321751
44,77,-2.356194
45,17,2.356194
45,30,0.000000
45,34,0.785398
45,35,1.892547
45,44,0.785398
45,47,-2.356194
45,55,0.000000
45,62,-1.249046
46,5,1.249046
46,6,3.141593
46,12,3.141593
46,16,-0.785398
46,35,-1.249046
46,36,-2.356194
46,37,3.141593
46,54,0.785398
47,4,0.000000
47,5,-1.892547
47,19,2.356194
47,56,-1.570796
47,58,1.892547
48,13,2.356194
48,31,0.000000
48,34,0.785398
48,35,1.892547
48,46,1.570796
49,2,-0.785398
49,6,1.249046
49,7,3.141593
49,12,-0.785398
49,35,-1.249046
49,36,3.141593
49,47,3.141593
49,58,-0.785398
49,60,0.000000
49,61,1.892547
50,10,2.356194
50,25,0.000000
50,26,3.141593
50,37,-2.356194
50,48,1.570796
50,58,0.785398
50,62,3.141593
50,77,2.356194
51,13,-0.785398
51,48,-0.321751
51,49,2.819842
51,58,-0.321751
51,60,3.141593
51,77,3.141593
52,3,0.321751
52,7,1.249046
52,8,3.141593
52,34,0.000000
52,35,3.141593
52,49,-1.570796
52,77,-2.356194
53,3,-1.570796
53,6,0.000000
53,7,-1.892547
53,19,2.356194
53,50,1.570796
53,59,-0.321751
54,2,-0.785398
54,5,-0.785398
54,13,2.356194
54,18,-0.785398
54,51,-2.356194
54,77,2.356194
55,30,0.000000
55,31,3.141593
55,54,1.570796
55,75,0.785398
55,77,-2.819842
56,55,-2.356194
56,58,1.570796
56,60,0.000000
56,61,-1.892547
57,3,2.356194
57,10,-0.785398
57,28,3.141593
57,37,0.785398
57,58,-0.321751
58,2,-0.785398
58,23,-0.785398
58,39,3.141593
58,76,2.356194
59,8,2.356194
59,20,0.000000
59,21,3.141593
59,35,0.785398
59,60,-2.356194
59,76,3.141593
60,4,2.356194
60,7,-0.785398
60,11,2.356194
60,36,-2.356194
60,76,-2.356194
61,18,3.141593
61,24,0.000000
61,26,3.141593
61,29,0.000000
61,31,0.785398
61,32,1.892547
61,41,0.785398
61,48,0.785398
61,49,1.570796
61,54,0.785398
61,56,1.249046
61,57,2.356194
62,16,-0.785398
62,32,-1.249046
62,33,3.141593
62,38,0.785398
63,2,-1.570796
63,14,3.141593
63,39,-2.356194
63,46,0.785398
63,49,0.785398
63,56,-2.356194
64,18,2.356194
64,25,0.000000
64,28,0.785398
64,29,1.892547
64,46,-0.321751
64,53,2.819842
64,56,0.785398
64,60,2.356194
65,17,-0.785398
65,29,-1.249046
65,30,3.141593
65,40,1.570796
65,43,0.785398
65,56,-0.785398
65,58,1.570796
65,60,3.141593
66,14,1.570796
66,31,0.000000
66,43,-0.321751
66,47,-0.785398
67,2,1.570796
67,22,3.141593
67,32,-1.570796
67,45,2.819842
67,60,-1.570796
67,61,3.141593
68,25,0.000000
68,27,3.141593
68,41,0.785398
68,45,-2.356194
68,52,-1.570796
68,54,-1.570796
69,2,-1.570796
69,4,-0.785398
69,11,1.249046
69,12,3.141593
69,38,0.785398
69,41,-0.321751
69,42,2.819842
69,45,2.356194
69,49,-2.356194
70,10,0.321751
70,35,-2.356194
70,38,-0.321751
70,39,2.819842
70,45,3.141593
70,54,2.819842
71,3,2.356194
71,10,-1.570796
71,20,1.249046
71,21,2.356194
71,42,-0.321751
71,45,-1.570796
71,54,-1.570796
72,9,1.570796
72,13,3.141593
72,18,1.249046
72,20,-1.892547
72,25,0.000000
72,26,1.892547
72,32,1.570796
72,36,1.570796
72,39,-0.321751
72,40,2.819842
72,43,-2.356194
72,55,0.785398
72,57,1.892547
72,66,2.356194
73,2,-1.570796
73,5,1.570796
73,8,0.321751
73,9,-2.819842
73,12,-0.785398
73,16,1.249046
73,18,-1.892547
73,26,-1.249046
73,27,3.141593
73,32,0.785398
73,36,0.785398
73,40,-2.356194
73,46,0.785398
73,52,0.785398
73,65,-0.785398
73,66,-2.356194
74,4,0.321751
74,5,-2.819842
74,8,-1.570796
74,28,1.570796
74,32,-0.321751
74,33,2.819842
74,36,-0.321751
74,37,2.819842
74,40,0.785398
74,46,-0.321751
74,53,3.141593
74,57,-1.892547
75,22,3.141593
75,25,2.356194
75,28,-0.321751
75,37,-1.570796
75,40,-0.321751
75,41,2.819842
76,4,-2.819842
76,10,1.570796
76,13,0.321751
76,30,2.819842
76,33,-0.321751
76,34,2.819842
76,44,0.785398
76,47,-0.321751
76,50,3.141593
76,54,-0.785398
77,2,0.321751
77,9,0.321751
77,10,-2.819842
77,13,-1.570796
77,25,1.570796
77,30,-1.570796
77,34,-1.570796
77,41,-0.321751
77,42,2.819842
77,44,-0.321751
77,45,2.819842
78,2,-0.785398
78,23,2.356194
78,25,-0.321751
78,26,2.819842
78,42,-2.356194
78,45,-2.356194
78,75,1.570796
79,5,0.321751
79,9,-2.819842
79,12,2.356194
79,19,1.249046
79,20,2.356194
79,26,-1.570796
79,31,0.785398
79,55,2.356194
79,75,-2.819842
80,11,0.321751
80,12,-2.819842
80,15,-1.570796
80,31,-0.321751
80,32,2.819842
80,54,-0.785398
80,55,-2.356194
81,2,-1.570796
81,4,0.321751
81,5,-2.819842
81,7,0.321751
81,8,-2.819842
81,11,-1.570796
81,24,1.570796
81,28,1.570796
81,39,0.785398
82,4,-0.785398
82,7,-0.785398
82,28,-0.321751
82,29,2.819842
82,32,-0.321751
82,33,2.819842
82,39,-0.321751
82,40,2.819842
83,7,0.785398
83,10,2.356194
83,15,0.321751
83,29,-2.356194
83,33,-2.356194
83,40,-2.356194
84,7,-0.785398
84,10,-2.819842
84,12,1.570796
84,15,-0.785398
84,23,0.321751
84,25,2.819842
84,29,0.785398
84,33,0.785398
84,50,1.570796
85,3,0.785398
85,18,1.570796
85,23,-0.785398
85,25,-1.570796
85,29,-0.321751
85,30,2.819842
85,33,-0.321751
85,34,2.819842
85,51,3.141593
86,3,0.000000
86,6,2.356194
86,34,-2.356194
87,26,-1.570796
87,30,-0.321751
87,31,2.819842
87,41,0.785398
87,45,2.356194
87,48,1.570796
87,63,2.356194
87,66,-0.785398
87,67,-1.892547
88,3,0.000000
88,8,2.356194
88,21,1.570796
88,23,-1.570796
88,31,-2.356194
88,41,-0.321751
88,43,2.356194
88,45,3.141593
88,49,3.141593
89,8,-2.356194
89,45,-2.356194
89,55,1.570796
90,3,0.000000
90,10,0.785398
90,13,2.356194
90,24,1.570796
90,45,0.785398
90,57,1.570796
90,58,2.356194
90,59,-0.785398
90,60,-1.892547
91,3,-0.785398
91,7,0.785398
91,13,-2.819842
91,27,1.570796
91,45,0.000000
91,50,-0.785398
91,51,-1.570796
91,52,-2.356194
91,53,0.785398
92,7,0.000000
92,9,-0.785398
92,10,-1.892547
92,45,-0.785398
93,7,-0.785398
93,35,0.785398
93,45,0.785398
94,7,2.356194
94,35,-0.321751
94,36,2.819842
94,45,-0.321751
94,48,1.892547
95,3,0.785398
95,7,-2.819842
95,36,-2.356194
95,51,-0.785398
95,52,-1.892547
96,4,-2.356194
96,11,2.356194
96,39,0.785398
96,44,2.356194
96,45,-0.785398
96,46,-1.570796
96,48,-1.892547
97,6,-1.570796
97,11,-2.819842
97,15,-1.570796
97,19,-1.570796
97,23,-1.570796
97,27,-1.570796
97,31,-1.570796
97,36,-1.570796
97,40,-2.356194
97,42,-0.785398
97,43,-1.892547
98,9,-0.785398
98,10,-1.892547
