8,44,1.249046
8,45,2.356194
9,34,1.249046
9,35,2.356194
9,57,2.356194
9,60,0.785398
9,61,1.570796
9,62,2.356194
10,27,1.249046
10,28,2.356194
10,33,-0.785398
10,44,-2.356194
11,54,0.321751
12,54,-0.785398
12,76,2.356194
13,43,0.321751
14,15,0.785398
14,16,2.356194
14,25,-1.570796
14,46,2.819842
15,13,1.249046
15,14,3.141593
15,16,-1.570796
15,43,-0.321751
15,55,2.819842
15,60,0.321751
15,62,2.819842
15,72,0.321751
16,62,-2.356194
17,11,0.321751
17,40,2.356194
17,50,-1.570796
17,55,3.141593
17,60,-0.321751
17,69,1.249046
17,72,-2.819842
18,11,-0.785398
18,52,-1.570796
18,55,-1.570796
18,61,-1.570796
19,30,1.570796
19,32,1.249046
19,33,2.356194
19,43,1.249046
19,62,1.570796
19,82,2.356194
20,30,0.000000
20,51,-1.249046
20,53,1.892547
20,58,0.000000
20,59,1.892547
20,62,0.000000
21,40,0.785398
21,49,3.141593
21,53,-1.249046
21,54,3.141593
21,80,0.321751
22,22,0.785398
22,46,-2.356194
22,47,0.000000
22,56,0.785398
22,60,-1.249046
22,68,1.892547
22,77,1.892547
22,80,-1.570796
23,11,2.356194
23,22,0.000000
23,49,-0.785398
23,50,-1.570796
23,51,-2.356194
23,62,-1.249046
23,63,3.141593
23,79,3.141593
24,32,-0.785398
24,36,0.785398
24,44,-2.356194
24,45,0.785398
24,46,1.892547
24,53,0.000000
24,54,1.892547
24,59,0.785398
24,60,1.892547
24,75,-0.321751
25,9,0.321751
25,21,0.321751
25,23,2.819842
25,37,-1.249046
25,38,-2.356194
25,40,0.785398
25,46,-1.249046
25,47,-2.356194
25,49,0.785398
25,50,1.892547
25,54,-1.249046
25,55,-2.356194
25,70,-1.249046
25,72,1.892547
26,9,-0.785398
26,21,-0.785398
26,41,-1.249046
26,42,-2.356194
26,43,0.785398
26,44,1.892547
26,50,-1.249046
26,51,3.141593
26,61,-1.249046
26,62,3.141593
26,72,-1.249046
26,73,3.141593
26,75,1.570796
27,14,1.570796
27,29,1.570796
27,30,2.356194
27,32,-0.785398
27,33,-1.570796
27,34,-2.356194
27,36,0.785398
27,37,1.892547
27,44,-1.249046
27,45,3.141593
27,52,0.000000
27,53,1.892547
28,14,0.000000
28,16,1.570796
28,18,1.570796
28,19,2.356194
28,26,-0.785398
28,27,-1.892547
28,38,-2.356194
28,42,3.141593
28,47,0.785398
28,48,1.892547
28,53,-1.249046
28,54,-2.356194
28,59,-1.249046
28,60,3.141593
29,22,-1.249046
29,24,-1.892547
29,36,0.000000
29,48,-1.249046
29,49,-2.356194
29,50,3.141593
29,71,0.000000
29,72,1.892547
29,76,-1.249046
29,77,3.141593
30,16,-1.570796
30,26,1.249046
30,27,2.356194
30,29,-0.785398
30,30,-1.570796
30,31,-2.356194
30,43,0.785398
30,44,1.892547
30,57,-2.356194
30,62,-2.356194
30,72,-1.249046
30,73,3.141593
30,78,0.000000
30,79,1.892547
31,6,1.249046
31,25,-0.785398
31,26,-1.892547
31,44,-1.249046
31,45,-2.356194
31,47,0.785398
31,48,1.892547
31,53,0.000000
31,64,0.785398
31,74,-2.356194
31,79,-1.249046
31,80,3.141593
31,87,2.356194
32,5,0.321751
32,19,1.249046
32,20,2.356194
32,48,-1.249046
32,49,-2.356194
32,76,0.785398
32,81,1.570796
32,84,0.785398
32,85,1.570796
32,87,-2.356194
33,5,-0.785398
33,8,-0.785398
33,10,-1.249046
33,12,-2.356194
33,17,1.249046
33,19,-1.892547
33,43,3.141593
33,45,0.785398
33,52,3.141593
33,66,-2.356194
34,16,0.000000
34,17,-1.892547
34,59,-2.356194
34,63,0.785398
34,79,1.570796
34,83,-1.249046
35,15,3.141593
35,21,-0.785398
35,40,3.141593
35,50,-2.356194
35,80,3.141593
36,42,0.000000
36,46,3.141593
36,52,0.000000
36,53,3.141593
36,65,-2.356194
36,71,0.785398
36,81,0.000000
36,82,1.892547
37,13,-1.892547
37,16,1.249046
37,17,2.356194
37,18,3.141593
37,22,1.249046
37,23,2.356194
37,67,0.785398
37,88,2.356194
38,20,0.000000
38,21,-0.785398
38,22,-1.892547
38,42,0.785398
38,43,1.892547
38,83,-1.249046
38,84,-2.356194
38,88,3.141593
39,4,0.321751
39,6,-2.356194
39,9,-0.785398
39,10,-1.892547
39,14,0.000000
39,15,-1.892547
39,43,-1.249046
39,44,-2.356194
39,46,3.141593
39,53,0.000000
39,54,3.141593
39,70,-2.356194
39,88,-2.356194
40,4,-0.785398
40,12,1.249046
40,13,3.141593
40,23,0.000000
40,32,0.000000
40,33,3.141593
40,48,0.000000
40,50,3.141593
40,67,0.785398
41,4,0.785398
41,21,3.141593
41,30,3.141593
41,37,0.000000
41,44,3.141593
41,52,0.000000
41,68,-2.356194
41,73,0.000000
42,4,-0.321751
42,6,2.356194
42,10,0.000000
42,11,-1.892547
42,25,0.000000
42,46,0.000000
42,48,3.141593
42,54,-2.356194
42,87,-0.785398
42,89,2.819842
43,8,2.356194
43,23,3.141593
43,30,3.141593
43,36,0.000000
43,89,-2.356194
44,5,-1.570796
44,7,-1.892547
44,25,0.000000
44,46,3.141593
44,68,0.785398
44,73,0.785398
44,79,3.141593
44,83,1.570796
45,3,-0.785398
45,10,1.249046
45,11,2.356194
45,18,0.000000
45,30,2.356194
45,34,0.785398
45,48,0.000000
45,49,3.141593
45,69,-2.356194
45,74,-2.356194
45,83,-0.321751
45,84,2.819842
46,40,0.785398
46,76,0.785398
46,84,-1.570796
47,3,0.785398
47,7,1.249046
47,9,-1.892547
47,26,0.000000
47,41,-1.570796
47,77,-2.356194
48,3,0.000000
48,6,-0.785398
48,7,-1.892547
48,24,2.356194
48,32,0.000000
48,33,3.141593
48,42,0.000000
49,3,-0.785398
49,11,3.141593
49,23,-0.785398
49,41,1.570796
49,80,0.785398
49,88,-0.785398
49,90,2.819842
50,8,1.249046
50,9,3.141593
50,34,0.000000
50,40,0.321751
50,41,-2.819842
50,49,3.141593
50,81,-2.356194
50,90,-2.356194
51,3,0.785398
51,77,0.000000
52,3,0.000000
52,6,-0.785398
52,7,-1.892547
52,13,3.141593
52,40,-2.819842
53,3,-0.785398
53,39,-0.785398
53,80,-2.356194
54,82,0.785398
55,7,1.249046
55,8,3.141593
55,46,0.000000
55,47,3.141593
55,83,-2.356194
56,3,0.785398
56,39,2.356194
56,85,0.785398
57,3,-0.785398
57,4,-2.356194
57,5,-0.785398
57,6,-1.892547
57,11,3.141593
57,38,0.321751
57,39,-2.819842
57,45,0.000000
57,47,3.141593
57,81,0.785398
58,8,1.249046
58,9,3.141593
58,14,2.356194
58,38,-0.785398
58,87,-2.356194
59,13,-0.785398
59,26,2.356194
60,7,-1.892547
60,11,2.356194
60,20,2.356194
60,25,1.570796
60,38,0.785398
60,85,3.141593
61,2,0.785398
61,5,-1.570796
61,19,1.570796
61,22,0.000000
61,24,-0.785398
61,39,3.141593
61,42,1.249046
61,43,2.356194
61,45,3.141593
62,3,-2.356194
62,19,3.141593
62,87,0.785398
62,91,2.356194
63,7,1.249046
63,8,3.141593
63,16,-0.785398
63,19,-2.356194
63,42,-1.249046
63,43,3.141593
63,49,0.785398
63,89,0.785398
63,91,-2.819842
64,45,3.141593
64,51,3.141593
65,5,0.000000
65,6,-1.892547
66,9,2.356194
68,2,0.785398
68,8,-2.356194
68,18,2.356194
69,2,0.000000
69,6,-1.570796
69,9,1.570796
69,18,-2.819842
70,5,3.141593
70,11,0.785398
70,12,1.570796
70,14,-1.570796
71,2,0.000000
71,4,-1.892547
71,83,0.785398
71,87,0.785398
71,91,-2.356194
72,2,-0.785398
72,11,0.321751
72,12,-2.819842
72,15,0.321751
72,16,-2.819842
72,84,-2.356194
72,88,-2.356194
73,6,0.321751
73,11,-1.570796
73,15,-0.785398
74,6,-1.570796
74,82,0.785398
75,5,1.570796
75,9,1.570796
75,40,1.570796
76,2,0.785398
76,5,-2.819842
76,9,-2.819842
76,15,-1.570796
76,84,-2.356194
77,2,-0.321751
77,7,0.321751
78,7,-1.570796
78,82,0.785398
79,2,0.321751
79,6,1.570796
79,83,-2.356194
79,89,0.785398
80,47,0.785398
80,90,0.000000
81,2,0.000000
81,4,-1.892547
81,91,-2.356194
82,2,-0.785398
82,6,1.570796
82,20,1.249046
82,21,2.356194
82,40,2.356194
82,91,-1.570796
83,39,-0.785398
83,40,-2.356194
83,49,-1.570796
83,89,0.785398
84,2,0.785398
84,8,1.570796
84,18,-0.785398
84,20,-2.356194
84,28,1.570796
85,2,0.000000
85,8,2.356194
85,19,0.000000
85,30,2.356194
86,4,-2.356194
86,7,0.000000
86,13,1.570796
86,30,-2.356194
86,44,-1.570796
87,2,0.000000
87,19,-1.570796
87,26,0.321751
87,91,-1.570796
88,2,-0.785398
88,26,-1.570796
89,12,-1.570796
89,24,1.249046
89,25,3.141593
90,2,0.785398
90,8,1.570796
90,39,1.570796
90,75,1.570796
91,2,0.000000
91,5,2.356194
91,11,0.000000
91,12,3.141593
91,24,-2.356194
91,30,-1.570796
91,39,-1.570796
91,75,-1.570796
91,90,0.000000
91,91,3.141593
92,5,-2.819842
92,14,1.570796
92,24,-1.570796
93,2,-0.321751
93,21,-1.570796
94,91,2.356194
95,6,-0.785398
95,7,-1.570796
95,13,-1.570796
95,34,0.785398
95,55,1.570796
95,70,1.570796
96,9,-2.356194
96,18,1.570796
96,35,-2.356194
96,55,-1.570796
96,60,1.570796
96,70,-1.570796
96,73,1.570796
97,12,1.570796
97,15,1.570796
97,73,-1.570796
97,90,-1.570796
98,9,-1.570796
98,12,-1.570796
98,15,-1.570796
98,18,-1.570796
98,41,0.000000
98,42,3.141593
98,60,-1.570796
