7,38,0.785398
7,39,1.570796
7,40,2.356194
7,44,0.785398
7,45,1.570796
7,46,2.356194
7,50,0.785398
7,51,1.892547
8,61,0.785398
8,62,1.892547
9,26,1.249046
9,27,3.141593
9,51,-0.785398
10,72,2.356194
11,24,-0.785398
12,12,3.141593
12,26,1.570796
12,44,1.570796
12,59,0.321751
13,11,-0.785398
13,26,0.000000
13,44,-2.819842
14,26,-0.785398
14,40,0.785398
14,41,2.356194
14,42,-0.785398
14,43,-1.892547
14,50,2.356194
14,57,1.249046
14,59,3.141593
15,40,-1.570796
15,49,0.000000
15,59,-2.356194
15,81,3.141593
16,39,1.570796
16,46,1.249046
16,47,2.356194
16,54,0.000000
16,55,-0.785398
16,56,-1.892547
17,31,1.570796
17,44,1.249046
17,46,-1.892547
18,31,0.000000
18,43,-0.785398
18,44,-1.892547
18,49,1.249046
18,50,2.356194
18,51,0.785398
18,52,1.892547
18,60,-2.356194
18,63,-0.785398
18,64,-1.892547
19,31,-0.785398
19,38,0.321751
19,48,-0.785398
19,49,-1.892547
19,75,0.321751
20,38,-1.570796
20,45,1.249046
20,46,3.141593
20,75,-0.785398
21,26,2.356194
21,44,-0.785398
21,45,-1.892547
21,49,1.249046
21,50,2.356194
21,51,-0.785398
21,58,-0.785398
21,59,-2.356194
21,72,0.785398
21,73,1.892547
21,75,2.356194
22,26,-2.819842
22,30,2.356194
22,35,1.249046
22,36,3.141593
22,41,1.249046
22,42,3.141593
22,47,1.249046
22,49,-1.892547
22,75,3.141593
23,24,0.321751
23,29,0.321751
23,30,-2.819842
23,40,0.000000
23,41,-1.892547
23,45,1.249046
23,47,-1.892547
23,52,0.000000
23,53,-1.892547
23,84,2.356194
24,24,-1.570796
24,29,-1.570796
24,49,1.249046
24,50,2.356194
25,28,3.141593
25,37,1.249046
25,38,3.141593
25,42,1.249046
25,44,-1.892547
25,48,0.000000
25,49,-1.892547
26,21,1.570796
26,27,-1.570796
26,36,0.000000
26,37,-1.892547
26,71,0.785398
26,72,1.892547
27,21,-2.819842
27,26,3.141593
27,44,0.000000
27,72,-1.249046
27,74,1.892547
28,25,-1.570796
28,29,0.000000
28,30,-1.892547
28,34,1.570796
28,74,-1.249046
28,75,-2.356194
28,78,0.785398
29,18,0.000000
29,19,-1.892547
29,28,1.570796
29,34,-2.819842
29,56,1.249046
29,57,2.356194
29,71,0.785398
29,72,1.892547
30,22,0.785398
30,23,3.141593
30,28,-2.819842
30,32,0.000000
30,33,-1.892547
30,55,0.000000
30,56,-1.892547
30,72,-1.249046
30,73,-2.356194
30,74,3.141593
30,79,-2.819842
31,6,2.356194
31,22,-1.570796
31,31,1.570796
31,36,0.000000
31,37,-1.892547
31,41,1.249046
31,42,3.141593
31,60,1.249046
31,61,2.356194
31,66,0.785398
31,67,1.570796
31,68,2.356194
31,69,0.785398
31,70,1.892547
31,76,0.000000
31,77,-0.785398
31,78,-1.892547
31,86,2.819842
32,5,0.321751
32,25,0.321751
32,30,0.000000
32,34,1.249046
32,35,3.141593
32,48,1.249046
32,49,2.356194
32,57,0.000000
32,59,-0.785398
32,60,-1.892547
32,73,3.141593
32,86,-1.570796
33,5,-0.785398
33,25,-1.570796
33,29,1.570796
33,38,1.249046
33,40,-1.892547
33,47,-0.785398
33,48,-1.892547
33,68,-2.356194
33,75,0.000000
34,14,1.570796
34,19,1.570796
34,24,1.570796
34,28,0.321751
34,29,-2.819842
34,32,0.321751
34,71,-2.356194
34,72,3.141593
34,77,0.000000
34,81,-0.785398
34,82,-1.892547
35,14,-2.819842
35,19,-2.819842
35,24,-2.819842
35,28,-1.570796
35,32,-1.570796
35,36,0.000000
35,37,-1.892547
35,41,1.249046
35,42,2.356194
35,50,1.249046
35,51,2.356194
35,74,0.000000
35,75,0.785398
35,76,2.356194
36,11,0.000000
36,27,1.570796
36,31,1.570796
36,47,1.249046
36,48,2.356194
36,49,-0.785398
36,50,-1.892547
36,70,0.785398
36,71,1.892547
37,16,0.321751
37,21,0.321751
37,27,-2.819842
37,30,0.321751
37,31,-2.819842
37,39,0.000000
37,40,-1.892547
37,46,-0.785398
37,47,-1.892547
37,71,-1.249046
37,72,-2.356194
37,75,-0.785398
37,76,-1.570796
37,77,3.141593
38,12,-2.819842
38,21,-1.570796
38,30,-1.570796
38,38,-0.785398
38,42,1.249046
38,43,2.356194
38,78,0.000000
38,79,1.892547
39,5,0.785398
39,7,1.249046
39,8,2.356194
39,15,0.321751
39,16,-2.819842
39,20,1.570796
39,33,1.570796
39,41,0.000000
39,42,-1.892547
39,48,1.249046
39,49,2.356194
39,79,-1.249046
39,81,1.892547
39,87,2.356194
40,5,0.000000
40,15,-1.570796
40,19,0.321751
40,20,-2.819842
40,23,0.321751
40,28,1.570796
40,32,0.321751
40,33,-2.819842
40,36,2.356194
40,47,-0.785398
40,48,-1.892547
40,87,3.141593
41,5,-1.570796
41,7,-1.249046
41,9,-1.892547
41,14,1.570796
41,19,-1.570796
41,23,-1.570796
41,27,0.321751
41,28,-2.819842
41,32,-1.570796
41,35,-0.785398
41,39,3.141593
41,44,1.249046
41,45,3.141593
41,55,3.141593
41,61,0.785398
41,77,0.000000
41,78,0.785398
41,79,1.892547
41,81,-1.570796
41,87,-2.356194
42,13,0.321751
42,14,-2.819842
42,18,1.570796
42,22,1.570796
42,27,-1.570796
42,31,1.570796
42,38,-0.785398
42,43,0.321751
42,53,-0.785398
42,67,3.141593
43,17,0.321751
43,18,-2.819842
43,21,0.321751
43,22,-2.819842
43,26,1.570796
43,30,0.321751
43,31,-2.819842
43,43,-0.785398
43,69,0.785398
43,87,2.356194
44,12,0.321751
44,13,-2.819842
44,21,-1.570796
44,25,0.321751
44,26,-2.819842
44,30,-1.570796
44,61,0.000000
44,62,3.141593
44,71,0.785398
44,72,1.892547
44,77,1.570796
44,81,-1.249046
44,82,-2.356194
45,4,0.785398
45,12,-1.570796
45,17,-2.819842
45,25,-1.570796
45,43,2.356194
45,72,-1.249046
45,74,1.892547
45,77,-0.785398
45,79,1.892547
46,4,0.000000
46,15,0.321751
46,32,0.000000
46,35,0.785398
46,36,1.892547
46,43,-2.819842
46,74,-1.249046
47,4,-0.785398
47,8,0.785398
47,9,3.141593
47,15,-0.785398
47,23,-0.785398
47,38,-1.570796
47,39,-2.356194
47,40,0.785398
47,81,3.141593
47,85,0.000000
47,86,-1.892547
48,8,-0.785398
48,11,1.570796
48,70,0.000000
48,77,-1.249046
48,79,2.356194
48,83,0.785398
48,84,2.356194
49,4,0.785398
49,34,0.321751
49,61,0.000000
49,62,0.785398
49,73,0.000000
49,74,1.892547
49,79,-1.570796
49,84,-2.356194
50,4,0.000000
50,18,2.356194
50,25,-0.785398
50,34,-1.570796
50,63,-2.356194
50,74,-1.249046
50,75,3.141593
50,84,0.785398
51,4,-0.785398
51,17,0.321751
51,18,-2.819842
51,33,-0.785398
52,13,2.356194
52,17,-1.570796
52,70,1.249046
52,71,2.356194
52,88,1.570796
53,65,0.000000
53,66,1.892547
53,84,-1.249046
53,88,-2.819842
54,4,0.785398
54,16,2.356194
54,20,1.570796
54,70,-1.570796
54,75,0.000000
55,4,0.000000
55,7,-0.785398
55,8,-1.892547
55,15,0.321751
55,16,-2.819842
55,74,0.000000
55,77,-2.356194
56,4,-0.785398
56,19,1.570796
56,66,0.321751
56,75,-2.356194
56,79,0.785398
56,82,0.000000
56,83,1.570796
56,84,2.356194
56,86,-0.785398
56,88,2.819842
57,14,0.321751
57,15,-2.819842
57,18,0.321751
57,19,-2.819842
57,66,-0.785398
57,77,1.570796
57,88,-2.356194
58,41,1.570796
58,81,1.570796
59,13,0.321751
59,14,-2.819842
59,17,0.321751
59,18,-2.819842
59,39,1.249046
59,41,-2.356194
59,69,0.785398
59,81,-0.321751
60,9,1.570796
60,13,-0.785398
60,17,-0.785398
60,38,0.321751
60,66,0.785398
60,69,-0.785398
60,70,-2.356194
60,82,-1.570796
60,85,0.785398
60,86,1.892547
60,88,2.356194
61,8,0.321751
61,13,2.356194
61,22,2.356194
61,38,-0.785398
61,67,-2.356194
61,68,0.000000
61,88,3.141593
62,4,0.785398
62,10,0.000000
62,11,1.570796
62,16,0.785398
62,20,1.249046
62,21,3.141593
62,69,0.000000
62,70,1.892547
62,77,0.000000
62,84,-1.249046
62,86,-1.892547
62,88,-2.356194
63,4,0.000000
63,7,-0.785398
63,8,-2.356194
63,16,-0.785398
63,17,-2.356194
63,18,0.785398
63,24,1.570796
63,38,2.356194
63,70,-1.249046
63,74,3.141593
64,4,-0.785398
64,9,0.000000
64,11,-2.819842
64,36,1.249046
64,75,1.570796
65,19,2.356194
65,24,-1.570796
65,35,0.321751
65,47,-2.356194
65,67,0.785398
65,68,1.892547
65,75,-0.785398
65,77,1.892547
65,84,0.785398
65,88,2.356194
66,4,0.785398
66,12,2.356194
66,18,0.321751
66,19,-2.819842
66,35,-0.785398
66,38,-0.785398
66,69,-2.356194
66,70,0.785398
66,78,2.819842
66,81,0.000000
66,82,1.892547
66,88,3.141593
67,4,0.000000
67,11,-0.785398
67,18,-0.785398
67,67,0.000000
67,75,-2.356194
67,78,-1.570796
67,83,2.819842
67,88,-2.356194
68,4,-0.785398
68,67,-1.570796
68,88,2.356194
69,4,0.785398
69,26,2.356194
69,34,-1.570796
69,76,0.785398
69,80,1.570796
69,84,-2.356194
69,88,3.141593
70,4,0.000000
70,9,3.141593
70,21,1.570796
70,38,2.356194
70,73,-1.570796
70,80,-0.321751
70,81,2.819842
70,88,-2.356194
71,4,-0.785398
71,12,1.570796
71,16,1.570796
71,21,2.356194
71,37,0.000000
71,38,-2.356194
71,81,-1.570796
72,11,0.321751
72,12,-2.819842
72,16,-2.819842
72,20,-0.785398
72,72,1.570796
72,75,0.785398
72,78,3.141593
73,11,-1.570796
73,14,0.321751
73,28,2.356194
73,31,1.570796
73,36,-1.570796
73,40,1.570796
73,42,2.356194
73,73,-2.356194
74,14,-0.785398
74,18,2.356194
74,20,1.570796
74,31,-1.570796
74,42,3.141593
74,79,0.785398
74,88,2.356194
75,17,0.321751
75,20,2.356194
75,42,-1.570796
75,71,0.785398
75,75,1.570796
75,77,0.785398
75,81,1.570796
75,83,-1.570796
75,84,-2.356194
75,86,0.785398
75,88,-2.819842
76,7,1.249046
76,8,3.141593
76,13,1.570796
76,20,-2.819842
76,30,2.356194
76,34,2.356194
76,64,0.785398
76,72,1.570796
76,75,0.785398
77,12,0.321751
77,13,-2.819842
77,29,-0.785398
77,41,1.249046
77,43,3.141593
77,65,0.000000
77,69,0.785398
77,72,-0.321751
77,73,2.819842
77,75,-0.321751
78,15,0.321751
78,22,2.356194
78,33,2.356194
78,40,0.321751
78,43,-2.356194
78,50,3.141593
78,55,2.356194
78,56,3.141593
78,62,0.000000
78,63,0.785398
78,64,2.356194
78,76,-2.356194
78,84,0.785398
78,85,1.892547
78,87,2.356194
79,12,-2.819842
79,21,0.321751
79,22,-2.819842
79,32,0.321751
79,33,-2.819842
79,40,-1.570796
79,54,-1.570796
79,64,-1.570796
79,71,0.000000
80,5,-0.321751
80,7,2.356194
80,10,-0.785398
80,11,-1.892547
80,14,0.321751
80,15,-2.819842
80,18,2.356194
80,29,2.356194
80,36,2.356194
80,58,1.570796
80,65,1.570796
80,68,0.785398
80,83,-0.321751
81,14,-1.570796
81,18,-2.819842
81,20,0.321751
81,21,-2.819842
81,28,1.570796
81,31,0.321751
81,32,-2.819842
81,43,2.356194
81,53,-1.570796
81,58,-1.570796
81,65,-0.321751
81,72,2.356194
82,13,1.570796
82,16,0.321751
82,20,-0.785398
82,24,0.000000
82,25,-1.570796
82,28,-2.819842
82,31,-0.785398
82,39,2.356194
82,42,0.321751
82,43,-2.819842
82,46,1.570796
82,61,0.000000
82,69,-1.249046
82,75,2.356194
82,81,1.570796
83,13,-2.819842
83,31,2.356194
83,35,2.356194
83,38,0.321751
83,39,-2.819842
83,46,2.356194
83,50,1.570796
83,66,-1.570796
83,75,-2.356194
83,78,0.785398
83,81,-0.321751
84,15,0.321751
84,16,-2.819842
84,30,0.321751
84,31,-2.819842
84,34,0.321751
84,35,-2.819842
84,38,-0.785398
84,41,0.321751
84,42,-2.819842
84,45,0.321751
84,46,-2.819842
84,64,0.000000
84,65,2.356194
84,71,0.000000
84,76,1.570796
84,79,2.819842
84,82,-1.249046
85,30,-0.785398
85,34,-0.785398
85,41,-0.785398
85,45,-0.785398
85,54,0.000000
85,65,-2.356194
85,71,-0.785398
85,74,1.570796
85,79,-2.356194
86,6,0.785398
86,15,-2.819842
86,30,2.356194
86,41,2.356194
86,61,1.570796
86,71,0.785398
86,74,-0.321751
87,29,0.321751
87,30,-2.819842
87,33,1.570796
87,40,0.321751
87,41,-2.819842
87,44,1.570796
87,48,1.570796
87,61,-0.321751
87,62,2.819842
87,69,1.570796
87,71,-0.321751
87,72,2.819842
87,77,-2.356194
88,9,-2.356194
88,32,0.321751
88,33,-2.819842
88,40,-0.785398
88,43,0.321751
88,44,-2.819842
88,47,0.321751
88,48,-2.819842
88,57,0.000000
88,58,3.141593
88,62,-1.570796
88,72,-2.356194
88,80,2.356194
89,9,0.785398
89,17,2.356194
89,28,0.321751
89,29,-2.819842
89,32,-0.785398
89,43,-0.785398
89,47,-0.785398
89,63,0.785398
89,64,3.141593
89,78,0.785398
89,80,3.141593
90,9,-0.321751
90,20,1.570796
90,28,-0.785398
90,43,-1.570796
90,63,-0.785398
91,2,0.321751
91,12,-2.356194
91,32,-1.570796
91,39,2.356194
91,55,0.000000
91,56,0.785398
91,67,1.570796
91,78,-0.321751
91,81,2.819842
91,87,0.785398
92,2,-0.785398
92,35,2.356194
92,38,0.321751
92,39,-2.819842
92,42,1.570796
92,46,-1.570796
92,57,-2.356194
92,70,0.785398
92,87,-0.321751
93,11,3.141593
93,30,1.570796
93,34,0.321751
93,35,-2.819842
93,48,1.570796
93,57,-1.570796
93,61,1.570796
93,67,-1.570796
93,70,-0.321751
93,71,2.819842
93,76,0.785398
94,22,1.570796
94,37,0.321751
94,38,-2.819842
94,52,2.356194
94,64,-1.570796
94,71,-2.356194
94,73,0.785398
94,76,-0.321751
94,81,-1.249046
94,82,-2.356194
94,87,-0.785398
94,88,-1.570796
95,7,0.000000
95,8,-1.892547
95,22,-2.819842
95,33,0.321751
95,34,-2.819842
95,37,-0.785398
95,41,2.356194
95,44,2.356194
95,48,2.356194
95,51,1.570796
95,68,1.570796
95,73,-0.321751
95,74,2.819842
96,17,-0.785398
96,18,-1.570796
96,19,-2.356194
96,20,-0.785398
96,21,-1.892547
96,26,0.785398
96,33,-0.785398
96,40,0.321751
96,41,-2.819842
96,47,0.321751
96,48,-2.819842
96,50,0.321751
96,51,-2.819842
96,55,0.785398
96,61,0.785398
96,65,1.570796
97,27,3.141593
97,29,2.356194
97,37,-1.570796
97,40,-0.785398
97,47,-0.785398
97,50,-0.785398
97,56,-2.356194
97,59,1.570796
97,62,-2.356194
97,63,3.141593
97,71,0.785398
97,76,-0.785398
97,77,-1.892547
98,28,-0.785398
98,32,-0.785398
98,40,-1.570796
98,43,-1.570796
98,47,-1.570796
98,50,-1.570796
98,59,-1.570796
98,65,-1.570796
98,68,-1.570796
98,72,-2.356194
98,73,-0.785398
98,74,-1.892547
