5,50,0.785398
5,51,1.892547
6,45,1.249046
6,46,3.141593
6,56,0.785398
6,57,1.570796
6,58,2.356194
6,61,0.785398
6,62,1.570796
6,63,2.356194
7,42,0.785398
7,51,-0.785398
8,33,1.249046
8,34,3.141593
8,71,2.356194
9,43,-0.785398
9,45,0.000000
9,46,1.570796
9,61,0.321751
9,63,2.819842
9,71,-2.819842
10,22,1.249046
10,23,3.141593
10,33,-1.570796
10,51,2.356194
11,17,1.249046
11,18,2.356194
11,21,-0.785398
11,34,0.785398
11,46,-0.321751
11,51,-2.356194
11,61,0.000000
11,63,-2.356194
11,68,-0.321751
12,43,2.356194
12,52,1.570796
12,76,1.249046
13,15,0.321751
13,34,-0.321751
13,43,3.141593
13,46,0.321751
13,54,2.356194
13,60,-0.785398
14,15,-1.570796
14,41,-1.570796
14,43,-2.356194
14,65,0.785398
14,67,1.892547
15,37,2.356194
15,40,1.570796
15,46,0.000000
15,58,-1.570796
15,79,2.819842
16,15,3.141593
16,27,1.570796
16,40,-2.819842
16,44,1.570796
16,49,-1.570796
16,56,3.141593
16,59,0.785398
16,60,2.356194
16,69,-2.356194
16,81,1.249046
16,83,1.570796
16,84,2.356194
17,27,0.000000
17,44,0.000000
17,47,2.819842
17,50,0.785398
17,51,2.356194
17,56,-2.356194
17,69,0.785398
18,27,-0.785398
18,29,-1.570796
18,32,-0.321751
18,53,-2.356194
19,10,0.321751
19,30,1.570796
19,42,1.249046
19,50,-2.356194
19,53,0.785398
19,55,0.000000
19,56,-1.570796
19,67,-1.570796
20,10,-0.785398
20,24,1.249046
20,25,2.356194
20,28,1.570796
20,33,3.141593
20,36,-0.321751
20,40,1.249046
20,46,-0.785398
20,51,1.570796
20,62,2.356194
20,73,2.356194
21,20,0.000000
21,21,1.570796
21,22,2.356194
21,28,-0.785398
21,44,-1.892547
21,48,-2.356194
21,58,0.000000
21,69,-0.785398
21,79,-1.570796
21,83,-2.819842
22,24,-1.249046
22,35,2.356194
22,36,-0.785398
22,37,-1.892547
22,54,-1.570796
22,58,-0.785398
22,66,2.819842
22,88,3.141593
23,19,1.249046
23,27,-2.356194
23,34,-1.892547
23,41,-1.892547
23,43,1.570796
23,46,1.249046
23,48,-1.570796
23,62,2.356194
23,66,-1.570796
23,70,0.785398
24,8,0.321751
24,10,3.141593
24,18,0.321751
24,27,0.785398
24,43,0.000000
24,45,-0.785398
24,46,-1.892547
24,52,1.249046
24,56,-2.356194
24,57,-0.785398
24,58,-1.570796
24,78,2.356194
24,81,-2.356194
25,8,-0.785398
25,21,-2.819842
25,32,-1.570796
25,37,0.000000
25,38,-1.892547
25,43,-0.785398
25,49,0.000000
25,50,-1.570796
25,66,-0.785398
26,20,-1.892547
26,25,0.000000
26,35,2.356194
26,46,1.249046
26,47,2.356194
26,54,-2.819842
26,62,2.356194
26,79,2.356194
26,80,-0.785398
27,42,-0.785398
27,64,-2.356194
27,67,0.321751
27,89,2.356194
28,24,1.249046
28,26,-2.356194
28,32,-0.785398
28,33,-1.892547
28,61,-1.570796
28,64,0.785398
28,67,-1.570796
28,87,1.570796
28,89,-2.356194
29,23,0.000000
29,24,-1.892547
29,27,1.570796
29,36,0.785398
29,37,2.356194
29,46,-1.570796
29,47,-2.356194
29,55,0.785398
29,56,1.570796
29,72,-1.892547
29,75,-2.356194
30,21,1.249046
30,22,3.141593
30,27,0.000000
30,36,-1.570796
30,43,0.000000
30,44,-1.892547
30,53,-1.570796
30,66,-1.249046
30,67,-2.356194
30,68,-0.785398
30,87,-2.819842
31,20,0.000000
31,21,-1.892547
31,27,-1.570796
31,50,1.249046
31,51,2.356194
31,74,0.000000
31,75,-1.570796
31,77,-1.892547
32,17,0.785398
32,18,2.356194
32,48,1.249046
32,50,-1.892547
32,57,-1.570796
32,64,1.570796
32,67,0.785398
32,68,1.570796
33,17,-1.570796
33,24,0.785398
33,25,2.356194
33,56,1.570796
33,59,0.785398
33,79,1.249046
33,85,2.356194
33,89,2.356194
34,7,0.321751
34,9,-2.356194
34,23,1.570796
34,25,-1.570796
34,30,3.141593
34,48,-2.356194
34,55,-0.785398
34,56,-2.356194
34,59,-0.321751
34,61,2.356194
34,63,-0.785398
34,70,-0.785398
34,71,-1.892547
34,76,0.785398
34,77,1.570796
34,83,-0.785398
34,84,-1.892547
35,7,-0.785398
35,21,0.785398
35,42,1.249046
35,43,3.141593
35,48,0.785398
35,57,1.570796
35,66,2.356194
35,67,-0.785398
35,68,-1.892547
35,73,-0.785398
35,90,2.819842
36,19,1.249046
36,20,3.141593
36,26,-1.570796
36,27,-2.356194
36,29,3.141593
36,41,-0.785398
36,42,-1.892547
36,60,3.141593
36,73,2.356194
36,77,0.785398
36,84,0.785398
36,85,1.570796
36,87,-1.892547
36,90,-2.356194
37,46,1.249046
37,48,-1.892547
37,55,1.249046
37,57,-1.892547
37,62,1.249046
37,64,-1.892547
37,79,-1.892547
37,90,2.356194
38,16,0.785398
38,23,-1.570796
38,53,0.785398
38,76,-0.785398
38,77,-1.892547
38,86,1.570796
38,89,0.000000
38,90,-2.356194
39,20,2.356194
39,28,0.000000
39,29,-1.892547
39,35,1.249046
39,36,3.141593
39,43,1.249046
39,45,-1.892547
39,59,-0.785398
39,65,1.249046
39,66,2.356194
40,7,0.785398
40,10,1.249046
40,11,2.356194
40,34,0.000000
40,35,-1.892547
40,50,3.141593
40,62,-2.356194
40,64,-0.785398
40,65,-1.892547
40,91,2.356194
41,7,-0.321751
41,18,-1.570796
41,43,-1.570796
41,60,1.570796
41,69,0.785398
41,90,-0.785398
42,38,1.570796
42,44,0.785398
42,45,2.356194
42,48,-0.785398
42,49,-1.570796
42,50,-2.356194
42,52,-0.785398
42,53,-1.892547
42,58,1.249046
42,60,3.141593
42,67,0.785398
42,68,2.356194
42,87,-2.356194
43,8,-0.321751
43,12,2.356194
43,38,3.141593
43,55,1.249046
43,56,2.356194
43,57,-0.785398
43,58,-1.892547
43,60,-1.570796
43,68,-2.356194
43,73,2.356194
43,84,-0.785398
43,85,-1.892547
44,15,2.356194
44,20,0.785398
44,21,2.356194
44,27,1.570796
44,34,0.785398
44,35,2.356194
44,42,1.249046
44,54,-0.785398
44,55,-1.892547
44,62,2.356194
44,81,0.785398
44,82,2.356194
45,6,1.249046
45,13,-1.892547
45,15,-1.570796
45,21,-1.570796
45,26,-0.785398
45,27,-2.356194
45,59,1.249046
45,82,-2.356194
46,5,0.321751
46,16,0.785398
46,17,2.356194
46,22,0.785398
46,23,2.356194
46,28,0.785398
46,29,2.356194
46,37,-0.785398
46,47,1.249046
46,48,2.356194
46,56,1.249046
46,57,2.356194
46,58,-0.785398
46,59,-1.892547
46,61,-1.570796
46,68,-0.785398
46,87,1.249046
46,88,2.356194
46,89,3.141593
47,5,-1.570796
47,22,-1.570796
47,28,-1.570796
47,46,0.000000
47,47,-1.892547
47,55,-0.785398
47,56,-1.892547
47,63,2.356194
47,81,0.000000
47,82,-1.570796
47,83,-2.356194
48,8,0.000000
48,14,1.249046
48,26,1.249046
48,27,3.141593
48,32,1.249046
48,34,-1.892547
48,39,-1.570796
48,61,-0.785398
48,62,-1.892547
48,87,-2.356194
49,8,-0.785398
49,13,-0.785398
49,24,1.249046
49,26,-1.892547
49,31,0.000000
49,32,-1.892547
49,37,1.249046
49,38,3.141593
49,49,1.249046
49,50,2.356194
49,58,1.249046
49,59,3.141593
49,71,-0.785398
49,72,-1.570796
49,74,1.570796
49,75,3.141593
50,23,0.000000
50,24,-1.892547
50,35,1.249046
50,37,-1.892547
50,42,1.570796
50,47,1.249046
50,49,-1.892547
50,57,-0.785398
50,58,-1.892547
50,65,1.249046
50,66,2.356194
50,86,-0.785398
50,87,-1.570796
50,88,-2.356194
50,90,3.141593
51,11,-2.819842
51,15,-1.570796
51,34,0.000000
51,35,-1.892547
51,41,-0.785398
51,64,-0.785398
51,65,-1.892547
52,4,0.785398
52,19,1.249046
52,20,3.141593
52,38,1.249046
52,39,3.141593
52,50,2.356194
52,72,1.249046
52,74,-1.570796
52,75,-2.356194
53,4,-0.785398
53,5,-2.356194
53,8,-0.785398
53,9,-1.892547
53,12,1.249046
53,13,3.141593
53,18,0.000000
53,19,-1.892547
53,24,1.249046
53,25,3.141593
53,36,1.249046
53,38,-1.892547
53,44,0.000000
53,56,1.249046
53,57,3.141593
53,69,1.249046
53,70,2.356194
53,71,-0.785398
53,72,-1.892547
53,90,3.141593
54,23,0.000000
54,24,-1.892547
54,53,1.249046
54,54,2.356194
54,55,-0.785398
54,56,-1.892547
54,66,1.249046
54,67,2.356194
54,68,-0.785398
54,69,-1.892547
54,82,1.249046
54,83,2.356194
55,15,1.249046
55,16,3.141593
55,21,1.249046
55,22,3.141593
55,34,0.000000
55,35,-1.892547
55,49,0.000000
55,52,-0.785398
55,53,-1.892547
55,78,1.249046
55,79,2.356194
55,81,-0.785398
55,82,-1.892547
56,8,1.249046
56,10,-1.892547
56,20,0.000000
56,21,-1.892547
56,32,1.249046
56,33,3.141593
56,44,1.249046
56,58,1.249046
56,59,2.356194
56,66,-2.356194
56,77,-0.785398
56,78,-1.892547
56,90,2.356194
57,3,0.785398
57,13,0.000000
57,14,-1.892547
57,31,0.000000
57,32,-1.892547
57,49,-2.819842
57,56,1.249046
57,58,-1.892547
57,66,0.785398
57,70,1.249046
57,71,2.356194
57,85,2.356194
58,3,0.000000
58,6,-0.785398
58,7,-1.892547
58,17,1.249046
58,18,3.141593
58,29,1.249046
58,30,3.141593
58,35,1.249046
58,36,3.141593
58,41,1.249046
58,43,-1.892547
58,47,0.000000
58,48,-1.892547
58,54,0.000000
58,55,-0.785398
58,56,-1.892547
58,62,3.141593
58,69,-0.785398
58,70,-1.892547
58,84,-0.785398
59,3,-0.785398
59,22,1.249046
59,23,3.141593
59,29,-1.892547
59,34,0.000000
59,35,-1.892547
59,40,0.000000
59,41,-1.892547
59,51,1.570796
59,59,0.000000
59,65,0.000000
59,66,-1.892547
59,79,1.249046
59,80,2.356194
60,9,1.249046
60,10,3.141593
60,15,0.000000
60,16,-1.892547
60,21,0.000000
60,22,-1.892547
60,27,-1.570796
60,32,1.249046
60,33,3.141593
60,45,1.570796
60,64,-0.785398
60,78,-0.785398
60,79,-1.892547
60,90,0.785398
61,3,0.785398
61,25,1.249046
61,26,3.141593
61,37,1.570796
61,43,1.249046
61,45,-2.356194
61,91,-2.356194
62,3,0.000000
62,12,1.249046
62,13,3.141593
62,24,0.000000
62,25,-1.892547
62,29,1.249046
62,34,1.249046
62,35,2.356194
62,36,-0.785398
62,37,-2.356194
62,41,1.249046
62,47,2.356194
62,91,-1.570796
63,7,-1.892547
63,39,2.356194
63,46,-1.892547
63,64,0.000000
64,3,0.000000
64,5,-1.892547
64,16,1.570796
64,27,0.000000
64,42,-2.356194
64,43,-0.785398
64,44,-1.892547
64,78,0.785398
64,79,1.570796
64,80,2.356194
64,83,-0.785398
64,84,-1.570796
64,86,1.892547
65,3,-1.570796
65,9,0.000000
65,10,-1.892547
65,15,0.000000
65,26,1.570796
65,29,0.785398
65,31,-1.892547
65,34,0.785398
65,35,2.356194
65,36,-0.785398
65,37,-1.892547
65,40,1.570796
66,19,1.249046
66,20,3.141593
66,26,3.141593
66,29,-1.570796
66,34,-1.570796
66,40,-2.819842
66,66,0.000000
66,79,0.785398
66,86,-1.570796
66,90,3.141593
67,24,-1.570796
67,26,-1.570796
67,32,1.249046
67,33,3.141593
67,38,0.000000
67,39,-1.892547
67,79,-0.785398
67,80,-2.356194
67,84,0.785398
68,6,1.570796
68,22,1.249046
68,23,3.141593
68,27,-2.356194
68,72,0.000000
68,85,-1.249046
68,86,3.141593
69,5,0.000000
69,29,1.249046
69,31,-1.892547
69,35,1.249046
69,36,3.141593
69,87,0.785398
69,89,1.570796
69,90,2.356194
69,91,3.141593
70,3,0.785398
70,4,3.141593
70,20,0.000000
70,21,-1.892547
70,28,0.321751
70,34,0.000000
70,35,-1.892547
70,43,2.356194
71,3,-1.570796
71,19,1.570796
71,23,1.249046
71,24,3.141593
71,32,1.249046
71,33,3.141593
71,82,0.000000
72,18,0.000000
72,19,-2.356194
72,22,0.000000
72,23,-1.892547
72,26,1.249046
72,28,-2.356194
72,87,-1.249046
72,89,-1.570796
72,90,3.141593
73,7,1.570796
73,12,0.321751
73,21,2.356194
73,29,0.785398
73,31,-1.892547
73,36,1.249046
73,37,2.356194
73,42,2.356194
74,2,-1.570796
74,6,0.000000
74,12,-1.570796
74,16,0.785398
74,21,-1.570796
74,29,-1.570796
74,34,0.000000
74,35,-0.785398
74,36,-1.892547
74,42,-2.819842
74,91,2.356194
75,5,1.570796
75,11,3.141593
75,16,-0.785398
75,17,-2.356194
75,23,3.141593
75,25,-1.570796
75,27,1.249046
75,28,3.141593
75,41,-0.785398
75,81,0.000000
75,90,-0.785398
76,4,0.000000
76,10,-1.570796
76,15,3.141593
77,14,-1.570796
77,21,-1.892547
77,32,3.141593
77,42,2.356194
78,2,-0.785398
78,19,-1.570796
78,37,1.249046
78,39,1.892547
78,42,-2.819842
78,80,0.000000
78,82,0.785398
78,83,1.892547
79,17,1.249046
79,18,3.141593
79,23,0.000000
79,24,-1.892547
79,83,-1.249046
79,84,-2.356194
79,89,0.785398
80,6,0.000000
80,38,-0.785398
80,39,-1.892547
80,41,-2.356194
80,90,-2.356194
81,33,0.785398
82,8,-0.785398
82,14,0.321751
82,41,2.356194
82,74,1.249046
82,75,2.356194
82,90,2.356194
83,8,2.356194
83,14,-1.570796
83,19,1.570796
83,24,1.249046
83,25,3.141593
83,38,1.570796
83,39,2.356194
83,41,3.141593
83,89,-0.785398
83,90,-2.356194
84,2,-0.785398
84,8,-2.819842
84,18,0.000000
84,41,-2.356194
84,91,-2.356194
85,6,0.321751
85,23,-1.892547
85,38,2.356194
86,6,-1.570796
86,10,1.249046
86,11,3.141593
86,21,-1.570796
86,31,1.249046
86,36,1.249046
86,38,-2.356194
86,41,2.356194
86,69,0.785398
86,75,1.249046
86,76,2.356194
86,88,0.785398
86,89,1.892547
87,24,0.000000
87,55,0.785398
87,56,1.892547
87,58,1.249046
87,59,2.356194
87,63,0.785398
87,64,1.570796
87,65,2.356194
87,89,-1.249046
87,90,-2.356194
87,91,3.141593
88,13,1.249046
88,14,3.141593
88,19,1.570796
88,28,1.249046
88,30,-1.892547
88,53,3.141593
88,75,-1.570796
88,81,0.000000
88,83,0.785398
88,84,1.892547
89,7,0.321751
89,12,0.321751
89,18,0.000000
89,27,0.000000
89,28,-1.892547
89,36,0.000000
89,38,-1.892547
89,52,-1.570796
89,56,-0.785398
89,64,2.356194
89,84,-1.249046
89,85,-2.356194
90,2,-1.570796
90,7,-1.570796
90,12,-1.570796
90,17,1.570796
90,26,1.570796
90,51,-0.785398
90,58,-2.819842
90,64,3.141593
91,11,3.141593
91,16,0.000000
91,20,1.570796
91,26,-2.819842
91,34,1.249046
91,56,-0.785398
91,57,-1.892547
91,70,0.785398
91,90,-2.356194
92,10,-1.570796
92,20,2.356194
92,28,1.249046
92,29,3.141593
92,39,2.356194
92,52,1.249046
92,53,2.356194
92,75,0.785398
92,76,1.892547
92,85,0.785398
92,86,1.892547
93,18,1.249046
93,20,3.141593
93,23,0.000000
93,24,-1.892547
93,60,0.000000
93,61,-1.892547
93,69,0.000000
93,70,-1.892547
93,76,-1.249046
93,77,-2.356194
93,86,-1.249046
93,87,-2.356194
94,3,2.356194
94,17,0.321751
94,22,1.570796
94,49,1.249046
94,51,-1.892547
94,58,0.785398
94,59,2.356194
95,2,-0.785398
95,7,1.570796
95,12,3.141593
95,17,-1.570796
95,20,0.000000
95,47,1.249046
95,49,-1.892547
95,54,1.249046
95,55,2.356194
95,83,0.785398
95,84,2.356194
96,2,0.785398
96,7,-2.819842
96,11,-1.570796
96,16,3.141593
96,20,-0.785398
96,25,-1.892547
96,29,0.000000
96,30,-1.892547
96,41,3.141593
96,46,0.000000
96,47,-1.892547
96,53,0.000000
96,54,-1.892547
96,58,0.321751
96,60,-2.356194
96,83,-1.570796
96,86,0.785398
96,87,1.892547
96,91,2.356194
97,3,-2.356194
97,5,-0.785398
97,6,-1.892547
97,10,-0.785398
97,15,-1.570796
97,20,-1.570796
97,33,1.570796
97,39,1.570796
97,44,0.000000
97,87,-1.249046
97,88,-2.356194
97,90,-0.785398
98,14,-0.785398
98,23,-1.570796
98,27,-0.785398
98,31,0.000000
98,32,-0.785398
98,37,0.000000
98,38,-0.785398
98,49,0.000000
98,56,0.000000
98,57,-0.785398
98,65,-0.785398
