4,45,1.249046
4,46,3.141593
4,52,1.570796
5,39,0.785398
5,40,1.892547
5,42,1.249046
5,43,2.356194
5,54,0.785398
5,55,1.892547
6,33,1.249046
6,34,3.141593
6,60,0.785398
6,61,1.892547
7,24,1.249046
7,25,2.356194
7,31,0.785398
7,45,-0.785398
7,48,0.785398
7,49,1.570796
7,51,-1.892547
7,54,0.321751
7,68,0.785398
7,69,1.892547
8,40,-0.321751
8,42,-2.819842
8,60,0.321751
9,32,-0.785398
9,52,1.249046
9,54,3.141593
10,41,2.356194
10,44,0.321751
10,60,3.141593
10,78,2.356194
11,14,3.141593
11,22,-1.570796
11,36,0.785398
11,37,2.356194
11,38,0.785398
11,39,1.570796
12,13,-1.570796
12,36,-0.785398
12,49,-1.570796
12,51,-1.892547
12,55,-2.356194
12,57,-0.785398
12,58,-1.570796
12,60,-2.356194
13,28,1.249046
13,29,2.356194
13,32,2.356194
13,43,-0.785398
13,44,-1.892547
13,53,-0.785398
13,61,1.570796
14,25,0.785398
14,32,-2.819842
15,35,1.249046
15,36,3.141593
15,40,-2.356194
15,44,0.785398
15,45,1.570796
15,46,2.356194
15,50,0.785398
15,51,1.570796
15,53,-1.570796
15,54,-2.356194
15,55,0.785398
15,56,1.892547
15,82,2.819842
16,33,1.249046
16,71,-0.785398
16,72,-1.892547
16,82,-1.570796
17,38,-2.356194
17,46,-2.356194
17,50,0.000000
17,56,-0.785398
17,60,0.785398
17,61,1.892547
18,25,-0.785398
18,35,-0.785398
18,36,-1.892547
18,40,2.356194
18,41,0.785398
18,42,1.570796
18,44,-1.892547
18,56,2.356194
19,50,0.000000
19,51,-1.570796
19,52,-2.356194
19,55,-0.785398
19,56,-2.356194
19,61,-0.785398
20,13,3.141593
20,26,0.785398
20,31,1.249046
20,33,-2.356194
20,45,0.785398
20,46,1.570796
20,47,2.356194
20,57,0.000000
20,58,1.892547
20,64,-1.570796
20,66,0.785398
20,67,2.356194
21,17,1.249046
21,19,1.892547
21,34,0.785398
21,35,2.356194
21,36,-0.785398
21,66,-1.570796
21,68,0.000000
21,69,1.570796
21,70,2.356194
21,71,0.785398
21,72,1.570796
21,73,2.356194
21,74,-0.785398
21,75,-1.892547
22,15,0.000000
22,21,1.892547
22,23,1.249046
22,24,2.356194
22,25,-0.785398
22,26,-2.356194
22,38,0.785398
22,39,2.356194
22,40,-0.785398
22,46,-0.785398
22,47,-2.356194
22,63,-1.249046
23,8,0.321751
23,19,-1.892547
23,30,-1.570796
23,32,1.249046
23,34,-2.356194
23,42,0.785398
23,44,1.570796
23,45,3.141593
23,55,0.000000
23,56,1.570796
23,58,-2.356194
23,61,2.356194
23,65,-1.249046
23,66,-2.356194
23,67,0.785398
23,68,2.356194
24,8,-0.785398
24,21,-0.785398
24,25,2.356194
24,26,-0.785398
24,38,-2.356194
24,68,-1.570796
24,85,2.356194
25,15,0.321751
25,17,3.141593
25,29,2.356194
25,40,2.356194
25,41,-0.785398
25,42,-1.570796
25,46,2.356194
25,51,0.785398
25,52,1.570796
25,53,2.356194
25,61,-1.249046
25,62,-2.356194
25,70,0.785398
26,18,0.000000
26,19,1.570796
26,24,3.141593
26,39,-1.892547
26,58,0.785398
26,59,1.892547
26,65,0.785398
26,66,1.892547
27,15,0.000000
27,24,-1.570796
27,44,0.000000
27,53,3.141593
27,68,1.892547
28,29,1.249046
28,33,-0.785398
28,39,1.249046
28,40,2.356194
28,41,0.000000
28,61,-2.356194
28,64,0.785398
29,15,-0.321751
29,24,0.000000
29,27,-2.356194
29,43,2.356194
29,44,-0.785398
29,45,-1.570796
29,46,-2.356194
29,51,0.785398
29,52,1.892547
29,56,-1.249046
29,57,-2.356194
29,58,0.785398
29,80,0.321751
30,32,3.141593
30,52,-1.249046
30,53,-2.356194
30,59,-1.249046
30,60,-2.356194
30,66,-1.249046
30,67,3.141593
30,72,1.892547
30,80,-0.785398
31,8,0.785398
31,15,0.000000
31,20,0.785398
31,21,3.141593
31,40,-1.892547
31,55,0.000000
31,56,1.892547
31,77,3.141593
32,8,0.000000
32,20,-1.570796
32,27,-0.785398
32,37,-0.785398
32,38,-1.892547
32,46,1.249046
32,47,2.356194
32,58,1.892547
32,64,0.000000
32,65,1.892547
32,70,-1.570796
32,78,0.000000
33,8,-0.785398
33,19,0.785398
33,29,0.785398
33,42,-0.785398
33,43,-1.570796
33,44,-2.356194
33,45,-0.785398
33,46,-1.892547
33,54,0.785398
33,55,2.356194
33,58,-1.249046
33,59,-2.356194
33,60,0.785398
33,61,1.892547
33,75,-1.249046
33,76,3.141593
33,87,2.356194
34,8,2.356194
34,18,1.570796
34,23,1.570796
34,33,0.785398
34,61,-1.249046
34,62,3.141593
34,66,-1.249046
34,68,1.892547
34,77,1.570796
34,80,-1.249046
34,81,-2.356194
34,87,3.141593
35,7,0.321751
35,13,1.249046
35,14,2.356194
35,17,0.000000
35,23,-2.356194
35,26,1.249046
35,27,2.356194
35,30,1.570796
35,37,1.249046
35,38,3.141593
35,48,0.000000
35,55,-0.785398
35,56,-2.356194
35,63,0.000000
35,64,1.892547
35,68,-1.249046
35,69,3.141593
35,78,3.141593
35,87,-2.356194
36,7,-0.785398
36,16,3.141593
36,20,0.321751
36,24,0.785398
36,32,-0.785398
36,33,-2.356194
36,36,0.000000
36,37,-1.892547
36,54,0.000000
36,58,0.000000
36,59,1.892547
36,64,-1.249046
36,65,3.141593
36,70,0.000000
36,71,1.892547
36,74,-1.249046
36,75,3.141593
36,79,1.570796
37,24,-0.785398
37,26,-1.570796
37,35,3.141593
37,40,1.249046
37,41,2.356194
37,59,-1.249046
37,60,-2.356194
37,72,2.819842
37,79,-0.321751
38,19,0.000000
38,24,2.356194
38,32,1.249046
38,34,-1.892547
38,38,1.249046
38,40,-1.892547
38,62,1.570796
38,67,0.000000
38,68,1.892547
38,72,-1.570796
38,77,1.570796
39,15,3.141593
39,23,0.000000
39,24,-2.356194
39,31,0.000000
39,32,-1.892547
39,64,1.892547
39,68,-1.249046
39,73,0.000000
39,74,1.892547
39,77,-0.321751
39,81,-1.249046
39,82,-2.356194
39,86,-0.785398
39,88,2.819842
40,16,0.785398
40,17,3.141593
40,22,1.570796
40,29,0.785398
40,30,3.141593
40,34,0.785398
40,35,1.570796
40,37,-1.892547
40,55,-0.785398
40,56,-1.570796
40,57,-2.356194
40,58,0.785398
40,59,1.892547
40,78,-1.249046
40,79,3.141593
40,88,-2.356194
41,21,0.000000
41,29,-1.570796
41,40,1.249046
41,41,2.356194
41,42,0.000000
41,52,0.785398
41,53,1.892547
41,59,-1.249046
41,61,1.892547
41,65,-1.249046
41,66,-2.356194
41,67,3.141593
41,70,-0.321751
41,80,1.570796
42,15,0.321751
42,16,-2.819842
42,20,1.570796
42,27,0.785398
42,31,1.249046
42,33,-1.570796
42,35,-2.356194
42,38,1.249046
42,40,-1.892547
42,43,1.570796
42,53,-1.249046
42,54,-2.356194
42,61,-1.249046
42,62,3.141593
42,71,-1.249046
42,72,3.141593
43,15,-1.570796
43,20,-2.819842
43,27,-0.785398
43,36,0.785398
43,38,-1.892547
43,63,0.000000
43,77,-1.249046
43,79,2.356194
44,18,0.321751
44,23,1.570796
44,36,-1.570796
44,41,1.249046
44,43,-1.892547
44,64,-1.570796
44,74,1.570796
44,79,-2.356194
44,88,2.356194
45,13,1.570796
45,18,-1.570796
45,23,-2.819842
45,34,1.570796
45,35,3.141593
45,53,0.785398
45,54,1.892547
45,67,3.141593
45,75,3.141593
45,83,-1.249046
45,84,-2.356194
45,86,0.785398
45,88,-2.819842
46,6,0.785398
46,12,0.000000
46,17,1.570796
46,21,0.321751
46,30,0.000000
46,31,-1.892547
46,54,-1.249046
46,56,1.892547
47,6,0.000000
47,16,0.321751
47,17,-2.819842
47,21,-1.570796
47,38,-0.785398
47,48,0.785398
47,49,1.892547
47,56,-1.249046
47,57,-2.356194
47,73,0.785398
48,6,-0.785398
48,16,-1.570796
48,28,1.570796
48,32,0.000000
48,33,-1.892547
48,41,2.356194
48,49,-1.249046
48,50,-2.356194
48,70,1.570796
48,86,-0.785398
48,88,2.819842
49,19,1.570796
49,23,0.321751
49,28,-2.819842
49,39,0.000000
49,40,-1.892547
49,60,0.000000
49,61,3.141593
49,66,-2.356194
49,70,-1.570796
49,75,1.570796
49,88,-2.356194
50,14,1.570796
50,18,0.321751
50,19,-2.819842
50,23,-1.570796
50,34,0.000000
50,59,1.570796
50,75,-0.321751
50,76,2.819842
51,14,-2.819842
51,18,-1.570796
51,22,1.570796
51,25,0.321751
51,32,0.785398
51,33,2.356194
51,44,3.141593
51,48,0.000000
51,51,3.141593
51,58,-0.785398
51,72,0.785398
51,76,-1.570796
51,88,2.356194
52,6,0.785398
52,17,1.570796
52,21,0.321751
52,22,-2.819842
52,25,-1.570796
52,37,-1.570796
52,39,0.000000
52,70,1.570796
52,88,3.141593
53,6,-0.321751
53,8,2.356194
53,11,-0.785398
53,16,0.321751
53,17,-2.819842
53,21,-1.570796
53,28,-1.570796
53,31,-1.249046
53,33,-2.356194
53,35,2.356194
53,74,-2.356194
53,88,-2.356194
54,13,0.000000
54,14,1.892547
54,20,1.570796
54,24,2.356194
54,34,0.000000
54,42,0.000000
54,44,3.141593
54,47,1.570796
54,64,0.785398
54,68,0.785398
54,79,-2.356194
54,83,-0.785398
54,88,2.356194
55,19,0.321751
55,20,-2.819842
55,23,0.321751
55,24,-2.819842
55,49,0.000000
55,61,0.785398
55,65,-2.356194
55,72,-2.356194
55,87,-0.785398
55,88,-2.356194
56,14,-0.785398
56,19,-1.570796
56,26,1.570796
56,34,2.356194
56,47,-1.570796
56,51,-2.356194
56,80,0.785398
57,7,0.785398
57,14,2.356194
57,24,0.000000
57,26,-2.819842
57,33,0.321751
57,34,-2.819842
57,59,0.785398
57,63,-2.356194
58,7,0.000000
58,13,-0.785398
58,22,-1.570796
58,33,-0.785398
58,52,0.785398
58,82,-2.356194
59,7,-0.785398
59,57,0.785398
59,61,-2.356194
59,68,0.785398
59,75,0.785398
60,47,0.000000
60,84,0.785398
61,15,1.570796
61,18,0.785398
61,33,2.356194
61,50,1.570796
61,59,-2.356194
61,70,-2.356194
61,73,0.000000
61,85,1.570796
62,15,-1.570796
62,18,0.000000
62,32,0.000000
62,45,1.570796
62,74,-1.570796
62,78,-2.356194
62,85,-0.321751
62,89,2.356194
63,18,-0.785398
63,20,-2.356194
63,24,-1.570796
63,45,0.785398
63,52,-2.356194
63,56,-1.570796
63,60,0.785398
63,64,0.785398
63,75,-2.356194
63,86,-1.249046
63,87,-2.356194
63,89,3.141593
64,18,2.356194
64,46,3.141593
64,52,-1.570796
64,58,1.570796
64,61,-2.356194
64,65,-2.356194
64,89,-2.356194
65,7,0.785398
65,17,0.321751
65,18,-2.819842
65,20,-1.570796
65,47,0.000000
65,48,1.892547
65,58,-1.570796
65,76,0.785398
66,7,-0.321751
66,9,2.356194
66,11,-0.785398
66,12,-1.570796
66,17,-0.785398
66,28,-0.785398
66,35,1.249046
66,36,2.356194
66,41,3.141593
66,48,-1.249046
66,62,0.785398
66,77,-2.356194
67,34,0.321751
67,50,-2.356194
67,85,0.785398
67,89,2.356194
68,19,0.000000
68,20,3.141593
68,34,-0.785398
68,50,-1.570796
68,63,-1.570796
68,89,3.141593
69,89,-2.356194
70,16,1.570796
70,19,1.570796
70,84,1.570796
71,16,-2.819842
71,39,1.570796
71,73,0.785398
72,53,1.570796
72,74,-2.356194
72,85,1.570796
72,89,2.356194
73,23,1.570796
73,26,1.570796
73,35,-2.356194
73,53,-1.570796
73,86,-2.356194
73,87,0.785398
73,89,-2.819842
74,29,1.570796
74,71,0.000000
74,72,3.141593
75,44,0.785398
75,83,1.570796
76,8,0.785398
76,17,1.249046
76,18,3.141593
76,83,0.785398
77,8,-0.321751
77,16,0.321751
77,26,-1.570796
77,30,-1.570796
77,63,1.570796
77,83,-0.321751
77,84,2.819842
77,88,2.356194
78,23,-1.570796
78,41,0.785398
78,42,1.570796
78,43,2.356194
78,44,-0.785398
78,45,-1.570796
78,46,-2.356194
78,48,3.141593
78,55,1.570796
78,63,-1.570796
78,80,0.785398
78,86,0.785398
78,88,-2.819842
79,16,-0.321751
79,81,-2.356194
79,84,-0.321751
80,27,1.570796
80,55,2.356194
80,85,-1.249046
80,88,2.819842
81,14,1.249046
81,15,2.356194
81,16,-0.785398
81,17,-1.570796
81,31,1.570796
81,34,-0.785398
81,42,2.356194
81,53,1.249046
81,55,3.141593
81,78,1.570796
81,81,0.785398
81,88,-2.356194
82,36,-1.570796
82,42,3.141593
82,49,0.000000
82,52,-0.785398
82,55,-2.356194
82,75,1.570796
83,11,2.356194
83,27,-1.570796
83,39,3.141593
83,54,0.000000
83,78,-1.570796
84,31,-1.570796
84,38,-0.785398
84,41,0.321751
84,43,2.819842
84,54,-1.570796
84,75,-1.570796
85,13,0.000000
85,36,1.570796
85,38,-1.570796
85,56,0.785398
85,60,1.570796
86,13,-0.785398
86,54,1.570796
86,57,-2.356194
86,80,1.570796
86,84,1.570796
86,88,2.356194
87,37,-2.356194
87,73,1.570796
87,76,1.570796
87,84,0.000000
87,86,1.570796
88,60,-1.570796
88,76,0.785398
89,49,1.570796
89,74,1.570796
89,77,2.819842
89,84,-0.321751
89,86,-2.819842
90,14,3.141593
90,53,-1.570796
90,71,1.570796
90,77,-1.570796
91,2,0.321751
91,24,2.356194
91,28,0.785398
91,41,0.785398
91,48,-0.785398
91,62,1.570796
91,71,0.785398
91,85,3.141593
92,2,-0.785398
92,24,-2.819842
92,27,0.785398
92,36,1.570796
92,42,-2.356194
92,50,1.570796
92,62,-1.570796
92,71,-0.321751
92,75,2.819842
93,32,2.356194
93,50,-1.570796
93,80,1.570796
93,84,0.000000
94,21,-0.785398
94,39,1.570796
94,58,1.570796
94,68,1.570796
94,71,0.321751
94,80,-0.785398
94,81,-2.356194
95,7,0.000000
95,8,-1.892547
95,26,-0.785398
95,27,-1.892547
95,37,-2.356194
95,39,0.785398
95,71,-0.785398
96,41,1.892547
96,50,3.141593
96,54,2.356194
96,71,0.785398
97,31,-2.356194
97,41,-1.249046
97,42,-2.356194
97,57,-0.785398
97,68,0.785398
97,73,-0.785398
97,74,-1.892547
98,52,-0.785398
98,69,-2.356194
98,70,-0.785398
98,71,-1.892547
