5,31,1.249046
5,32,2.356194
5,43,0.785398
5,44,1.570796
5,45,2.356194
6,24,1.249046
6,25,2.356194
6,39,0.000000
7,17,1.249046
7,18,2.356194
7,23,-0.785398
7,31,-2.356194
7,55,1.249046
7,56,3.141593
8,39,0.785398
8,52,0.000000
8,53,1.570796
8,68,1.570796
9,11,2.356194
9,15,-0.785398
9,39,0.000000
9,49,1.892547
9,57,1.892547
9,68,0.000000
10,10,-0.785398
10,58,2.819842
10,68,-1.570796
11,25,0.321751
11,33,2.356194
11,37,0.785398
11,42,-2.356194
11,46,-0.785398
12,19,1.570796
12,29,0.785398
12,30,1.570796
12,32,-1.892547
12,48,-1.249046
12,50,-1.570796
12,52,3.141593
12,82,2.819842
13,10,2.356194
13,22,1.892547
13,40,-1.570796
13,41,-2.356194
13,52,-2.356194
13,60,0.785398
13,61,1.570796
13,62,2.356194
13,63,0.785398
13,64,1.892547
13,68,2.819842
13,82,-2.356194
14,31,-2.356194
14,33,0.785398
14,34,1.570796
14,36,1.570796
14,46,2.356194
14,52,2.356194
14,55,-0.321751
15,19,-0.785398
15,29,-1.892547
15,39,1.570796
15,49,0.785398
15,50,1.570796
15,58,-1.249046
15,64,-1.570796
16,13,1.249046
16,15,1.570796
16,16,2.356194
16,27,-1.892547
16,34,-0.785398
16,40,-2.356194
16,41,0.785398
16,42,1.570796
16,52,-1.249046
16,53,-2.356194
16,54,0.785398
16,69,2.819842
17,6,0.321751
17,17,0.000000
17,18,1.570796
17,63,-1.249046
17,72,0.785398
17,73,1.570796
17,74,2.356194
17,75,-0.785398
17,76,-1.892547
17,83,3.141593
18,6,-0.785398
18,15,-2.819842
18,22,2.356194
18,25,-1.570796
18,32,-0.785398
18,33,-1.570796
18,34,-2.356194
18,40,0.785398
18,46,-2.356194
18,58,0.785398
19,10,-0.785398
19,12,-1.249046
19,21,-1.892547
19,27,2.356194
19,41,-1.249046
19,42,-2.356194
19,43,0.785398
19,52,-2.356194
19,53,0.785398
19,54,1.570796
19,61,3.141593
20,14,-1.570796
20,18,0.000000
20,19,-1.892547
20,44,-1.249046
20,45,-2.356194
20,49,0.785398
20,63,0.785398
21,15,0.785398
21,16,2.356194
21,22,0.785398
21,23,1.570796
21,25,-1.892547
21,64,-1.249046
22,15,-1.570796
22,20,1.249046
22,21,3.141593
22,45,0.785398
22,46,1.892547
22,54,-2.356194
22,55,0.785398
22,61,1.892547
22,66,-1.249046
23,4,0.321751
23,6,3.141593
23,13,0.785398
23,14,3.141593
23,19,0.000000
23,20,-1.892547
23,25,2.356194
23,50,-0.785398
23,57,-2.356194
23,58,-0.785398
23,59,-1.892547
23,61,-1.249046
23,63,1.892547
24,4,-0.785398
24,13,-1.570796
24,17,1.249046
24,18,3.141593
24,52,-1.249046
24,53,-2.356194
24,54,0.785398
24,65,2.356194
24,66,0.785398
24,69,-2.356194
25,8,0.000000
25,9,1.892547
25,12,1.570796
25,22,1.570796
25,24,-1.570796
25,45,-0.785398
25,55,-1.249046
25,56,-2.356194
25,67,-1.249046
25,68,-2.356194
26,11,-0.785398
26,20,1.249046
26,22,-2.356194
26,26,2.356194
26,47,-1.249046
26,49,1.570796
26,50,2.356194
26,60,0.785398
26,65,3.141593
26,75,3.141593
27,19,0.000000
27,20,-1.892547
27,23,0.785398
27,25,-1.892547
27,42,0.785398
27,43,1.570796
27,44,2.356194
27,54,0.785398
27,55,1.892547
27,66,0.000000
27,72,0.785398
27,73,2.356194
27,85,2.356194
28,4,0.785398
28,9,-2.819842
28,18,1.570796
28,23,-1.570796
28,56,-2.356194
28,59,0.785398
28,63,-1.249046
28,69,0.785398
28,73,-1.570796
28,85,3.141593
29,4,0.000000
29,7,-0.785398
29,8,-1.892547
29,18,-2.819842
29,22,3.141593
29,27,1.249046
29,28,2.356194
29,49,-1.249046
29,50,-2.356194
29,53,0.785398
29,60,-1.249046
29,61,3.141593
29,74,0.000000
29,75,1.892547
29,85,-2.356194
30,11,0.000000
30,12,-1.892547
30,21,-1.570796
30,25,1.249046
30,27,-1.892547
30,42,-0.785398
30,45,2.356194
30,54,-1.249046
30,55,-2.356194
30,76,2.819842
30,85,2.356194
31,4,-0.785398
31,5,3.141593
31,20,3.141593
31,50,0.785398
31,51,1.892547
31,72,-1.249046
31,73,3.141593
31,80,0.785398
31,81,1.892547
31,84,0.000000
31,85,-2.356194
32,9,1.570796
32,14,0.000000
32,15,-1.892547
32,29,1.249046
32,30,3.141593
32,51,-1.249046
32,52,-2.356194
32,61,0.785398
32,62,1.892547
32,74,0.000000
32,78,2.356194
33,7,0.785398
33,17,1.249046
33,28,-0.785398
33,29,-1.892547
33,36,2.356194
33,45,-2.356194
33,56,0.785398
33,57,1.892547
33,62,-1.249046
33,64,1.892547
33,69,-1.249046
33,71,1.892547
34,7,-0.785398
34,12,1.570796
34,25,1.249046
34,26,3.141593
34,32,1.249046
34,33,2.356194
34,43,-2.356194
34,51,0.785398
34,52,1.892547
34,57,-1.249046
34,58,-2.356194
34,59,0.785398
34,60,1.892547
34,64,-1.249046
34,65,-2.356194
35,7,2.356194
35,12,-2.819842
35,30,1.249046
35,32,-1.892547
35,38,0.000000
35,47,0.321751
35,53,-2.356194
35,60,-1.249046
35,62,1.892547
35,67,0.000000
35,68,1.892547
35,72,-1.249046
35,73,3.141593
36,7,-2.819842
36,14,0.321751
36,28,1.249046
36,30,-1.892547
36,40,0.000000
36,41,3.141593
36,62,-1.249046
36,64,1.892547
36,68,-1.249046
36,69,3.141593
36,75,0.785398
37,3,0.785398
37,5,0.000000
37,6,-1.892547
37,9,0.321751
37,14,-1.570796
37,18,0.000000
37,19,-1.892547
37,26,1.249046
37,28,-1.892547
37,39,-0.785398
37,49,0.000000
37,59,0.000000
37,60,3.141593
37,64,-1.249046
37,70,0.000000
37,71,1.892547
37,76,-1.249046
38,3,0.000000
38,9,-1.570796
38,25,0.321751
38,31,1.249046
38,32,2.356194
38,36,2.356194
38,46,0.000000
38,54,0.000000
38,66,-2.356194
38,73,2.356194
39,3,-0.785398
39,12,1.570796
39,16,1.570796
39,20,0.000000
39,21,-1.892547
39,25,-1.570796
39,30,0.000000
39,31,-1.892547
39,34,0.000000
39,35,0.000000
39,44,1.249046
39,45,3.141593
39,49,3.141593
39,53,3.141593
39,56,0.000000
39,60,1.249046
39,61,2.356194
39,62,3.141593
39,66,-1.570796
40,11,0.321751
40,12,-2.819842
40,15,0.321751
40,16,-2.819842
40,23,0.000000
40,33,-0.785398
40,36,-2.356194
40,39,2.356194
40,43,0.000000
40,47,0.000000
40,48,-1.892547
40,59,0.000000
40,60,-1.892547
40,71,-0.785398
41,7,1.570796
41,15,-1.570796
41,18,1.570796
41,46,3.141593
41,50,0.000000
41,51,-1.892547
41,68,3.141593
41,77,2.356194
42,3,0.785398
42,6,0.000000
42,10,0.321751
42,11,-2.819842
42,14,1.570796
42,17,0.321751
42,18,-2.819842
42,32,1.570796
42,44,0.321751
43,3,0.000000
43,13,0.321751
43,14,-2.819842
43,17,-1.570796
43,27,1.570796
43,32,-1.570796
43,44,-1.570796
43,48,1.570796
43,57,0.785398
43,75,-1.570796
43,77,1.570796
44,3,-0.785398
44,9,0.321751
44,10,-2.819842
44,13,-1.570796
44,47,0.321751
44,48,-2.819842
44,57,-0.321751
44,58,2.819842
44,65,-2.356194
44,78,-2.356194
44,79,0.785398
44,80,1.892547
44,87,2.356194
45,30,2.356194
45,38,3.141593
45,42,1.570796
45,47,-1.570796
45,58,-1.570796
45,70,1.249046
45,72,1.892547
45,74,2.356194
45,87,-2.819842
46,8,0.321751
46,9,-2.819842
46,22,1.570796
46,41,0.321751
46,42,-2.819842
46,79,0.785398
46,83,2.356194
46,84,-0.785398
47,8,-1.570796
47,11,1.570796
47,15,-1.570796
47,18,2.356194
47,22,-2.819842
47,36,0.321751
47,37,-2.819842
47,41,-0.785398
47,46,0.785398
47,53,1.570796
47,61,0.785398
47,62,2.356194
47,70,-1.249046
47,72,-1.892547
47,74,-1.249046
47,75,-2.356194
47,86,-2.356194
48,7,1.570796
48,10,0.321751
48,11,-2.819842
48,20,0.321751
48,28,2.356194
48,36,-1.570796
48,46,-0.321751
48,47,2.819842
48,53,-0.321751
48,61,-0.785398
48,67,0.000000
49,3,0.785398
49,6,0.000000
49,10,-0.785398
49,20,-0.785398
49,27,0.321751
49,28,-2.819842
49,47,-1.570796
49,55,2.819842
49,66,1.570796
49,68,-2.356194
49,71,0.000000
50,3,-0.321751
50,5,3.141593
50,10,2.356194
50,13,2.356194
50,16,1.570796
50,23,2.356194
50,27,-1.570796
50,55,-1.570796
50,57,1.249046
50,58,2.356194
50,63,-0.785398
50,64,-1.570796
51,9,0.321751
51,10,-2.819842
51,15,0.321751
51,16,-2.819842
51,22,0.321751
51,23,-2.819842
51,71,0.000000
51,75,0.785398
51,76,1.892547
51,86,2.356194
52,9,-1.570796
52,15,-0.785398
52,22,-1.570796
52,49,0.785398
52,51,1.249046
52,52,2.356194
52,53,0.785398
52,54,1.570796
52,62,-2.356194
52,66,3.141593
52,77,2.819842
52,80,-1.249046
52,81,-2.356194
52,86,3.141593
53,31,0.785398
53,51,-1.892547
53,58,-1.570796
53,60,-1.892547
53,74,0.785398
53,77,-1.570796
53,86,-2.356194
54,4,0.785398
54,8,2.356194
54,26,-1.570796
54,31,-0.321751
54,38,1.570796
54,45,1.570796
54,47,1.249046
54,56,-1.892547
54,64,0.000000
54,66,3.141593
54,75,1.570796
54,78,0.000000
54,79,1.892547
54,86,2.356194
55,4,0.000000
55,7,-0.785398
55,21,-1.570796
55,33,2.819842
55,38,-0.321751
55,59,0.000000
55,61,3.141593
55,75,-0.321751
55,76,2.819842
55,79,-1.249046
55,80,-2.356194
55,86,3.141593
56,4,-0.785398
56,14,2.356194
56,33,-1.570796
56,55,0.000000
56,57,3.141593
56,64,0.000000
56,65,3.141593
56,69,0.000000
56,70,3.141593
56,76,-1.570796
56,86,-2.356194
57,10,1.570796
57,13,0.321751
57,14,-2.819842
57,51,0.000000
57,53,3.141593
57,62,3.141593
57,72,0.000000
57,73,0.785398
58,4,0.785398
58,10,-2.819842
58,20,1.570796
58,47,-2.356194
58,49,3.141593
58,55,0.000000
58,66,0.000000
58,69,0.785398
58,70,1.892547
58,74,-1.570796
59,4,-0.321751
59,6,2.356194
59,8,-0.785398
59,9,-1.892547
59,12,0.321751
59,13,-2.819842
59,16,1.570796
59,24,1.570796
59,31,1.570796
59,32,2.356194
59,33,0.785398
59,44,0.000000
59,51,0.000000
59,53,3.141593
59,60,1.249046
59,61,2.356194
59,64,3.141593
59,70,-1.249046
59,71,3.141593
59,75,0.000000
59,79,1.570796
60,12,-1.570796
60,15,0.321751
60,16,-2.819842
60,29,-1.570796
60,41,3.141593
60,55,0.000000
60,72,1.570796
60,79,-0.321751
60,86,2.356194
61,15,-0.785398
61,24,0.785398
61,26,1.249046
61,27,2.356194
61,28,0.000000
61,32,-2.356194
61,33,0.000000
61,45,0.785398
61,51,2.356194
61,53,3.141593
61,68,0.785398
61,72,-0.321751
61,73,2.819842
61,76,-0.321751
61,80,-1.249046
61,81,-2.356194
61,86,3.141593
62,29,-2.356194
62,40,0.000000
62,49,-0.785398
62,50,-1.892547
62,59,-0.785398
62,60,-1.892547
62,69,-1.570796
62,73,-1.570796
62,78,2.819842
62,86,-2.356194
63,9,1.249046
63,10,3.141593
63,19,0.321751
63,22,1.570796
63,26,-2.356194
63,31,0.000000
63,37,0.000000
63,38,3.141593
63,44,0.000000
63,45,-0.785398
63,46,-1.892547
63,52,0.000000
63,65,0.785398
63,66,1.892547
64,19,-1.570796
64,33,-2.356194
64,48,0.000000
64,50,3.141593
64,59,0.000000
64,71,1.570796
64,75,1.570796
64,78,-0.321751
65,5,0.785398
65,17,0.785398
65,18,2.356194
65,37,0.000000
65,38,3.141593
65,44,0.000000
65,46,3.141593
65,53,0.000000
65,55,3.141593
65,71,-0.321751
65,75,-0.321751
65,76,2.819842
66,5,-0.321751
66,27,0.000000
66,33,0.000000
66,35,3.141593
66,60,0.000000
66,64,0.785398
66,65,1.892547
66,86,2.356194
67,23,-2.356194
67,29,0.000000
67,31,3.141593
67,37,0.000000
67,39,3.141593
67,45,0.000000
67,46,3.141593
67,54,3.141593
67,66,2.819842
67,70,2.819842
67,74,2.819842
67,76,-0.321751
67,77,2.819842
67,86,3.141593
68,21,-1.570796
68,28,1.570796
68,35,3.141593
68,41,0.000000
68,42,3.141593
68,49,0.000000
68,59,0.000000
68,60,3.141593
68,66,-1.570796
68,70,-1.570796
68,74,-2.356194
68,77,-1.570796
68,80,0.000000
68,81,-1.892547
68,86,-2.356194
69,19,-0.785398
69,28,-2.356194
69,32,0.000000
69,38,3.141593
69,45,0.000000
69,46,3.141593
69,53,0.000000
69,56,3.141593
69,67,1.570796
69,74,0.785398
69,78,0.000000
69,79,2.356194
70,26,-0.785398
70,29,0.785398
70,30,3.141593
70,33,0.785398
70,35,1.570796
70,36,3.141593
70,48,0.000000
70,49,3.141593
70,64,1.570796
70,67,-0.321751
70,75,3.141593
71,6,0.785398
71,23,0.785398
71,26,2.356194
71,29,-0.785398
71,33,-0.785398
71,44,2.356194
71,51,0.000000
71,59,0.785398
71,69,2.819842
71,80,3.141593
72,6,-0.321751
72,23,-0.321751
72,26,3.141593
72,33,0.785398
72,60,-2.356194
72,69,-2.356194
73,33,0.000000
73,37,2.819842
73,42,-0.785398
73,45,2.356194
73,47,0.785398
73,48,1.892547
73,77,1.570796
73,82,2.356194
74,23,0.321751
74,26,3.141593
74,33,-0.785398
74,37,-2.356194
74,50,2.356194
74,52,0.785398
74,66,1.570796
74,70,1.570796
74,74,1.570796
74,78,-2.356194
74,81,-0.785398
74,82,-2.356194
75,17,2.356194
75,23,-0.785398
75,26,-2.356194
75,30,0.785398
75,33,2.356194
75,56,0.000000
75,57,0.785398
75,62,0.000000
75,66,-0.321751
75,67,2.819842
75,70,-0.321751
75,71,2.819842
75,74,-0.321751
75,75,2.819842
75,85,1.570796
76,17,-2.819842
76,30,0.000000
76,32,-0.785398
76,33,-2.356194
76,53,-0.321751
76,54,2.819842
76,63,-2.356194
76,67,-1.570796
76,75,-2.356194
76,85,-2.819842
77,20,2.356194
77,30,-0.785398
77,54,-1.570796
77,59,3.141593
77,71,-0.321751
77,72,2.819842
78,20,-2.819842
78,34,0.785398
78,55,1.570796
78,64,0.000000
78,72,-2.356194
78,84,3.141593
79,34,-0.321751
79,35,2.819842
79,38,0.785398
79,51,1.570796
79,55,-0.321751
79,65,-2.356194
79,84,-2.356194
80,27,2.356194
80,35,-2.356194
80,38,-0.321751
80,39,2.819842
80,52,3.141593
80,69,0.785398
81,26,0.000000
81,27,-2.356194
81,39,-2.356194
81,46,0.785398
81,58,2.819842
81,62,1.570796
81,69,-0.321751
81,70,2.819842
81,74,1.570796
82,25,2.356194
82,46,0.000000
82,48,1.892547
82,58,-1.570796
82,62,-0.321751
82,63,2.819842
82,70,-1.570796
82,75,3.141593
83,25,-2.356194
83,46,-0.785398
83,54,0.785398
83,59,1.570796
83,71,1.570796
83,79,0.785398
83,80,1.892547
83,84,2.356194
84,9,-0.785398
84,43,-1.570796
84,46,0.785398
84,50,2.819842
84,54,0.000000
84,59,-0.321751
84,63,-0.321751
84,71,-0.321751
84,72,2.819842
84,82,1.570796
85,25,2.356194
85,46,-0.321751
85,47,2.819842
85,50,-1.570796
85,54,-0.785398
85,61,2.819842
85,65,2.819842
85,68,1.570796
85,72,-1.570796
86,10,0.000000
86,25,-2.819842
86,40,0.785398
86,47,-2.356194
86,54,0.785398
86,65,-2.356194
86,68,-0.321751
86,69,2.819842
86,73,1.570796
86,83,2.819842
87,40,-0.321751
87,54,-0.321751
87,55,2.819842
87,61,-0.321751
87,74,3.141593
87,83,-2.356194
88,11,0.785398
88,28,2.356194
88,37,1.570796
88,43,2.356194
88,63,2.819842
88,69,-0.321751
89,12,3.141593
89,28,-2.819842
89,37,0.000000
89,48,0.785398
89,52,0.785398
89,55,-0.321751
89,63,-1.570796
89,71,2.819842
90,14,-0.785398
90,37,-0.785398
90,39,1.570796
90,49,3.141593
90,52,-0.321751
90,53,2.819842
90,57,2.819842
90,71,-1.570796
90,83,2.356194
91,39,-0.321751
91,40,2.819842
91,61,-2.356194
91,68,1.570796
91,83,-2.819842
92,20,-1.249046
92,21,-2.356194
92,40,-1.570796
92,53,-0.321751
92,54,2.819842
92,57,-0.321751
92,58,2.819842
92,65,0.785398
92,68,-0.321751
92,69,2.819842
92,80,2.356194
92,81,-0.785398
92,82,-1.892547
93,25,-1.570796
93,47,-1.570796
93,51,1.570796
93,54,-1.570796
93,58,-2.356194
93,65,-0.321751
93,66,2.819842
93,69,-1.570796
93,74,1.570796
93,78,0.000000
93,79,-1.892547
94,33,2.356194
94,51,-0.321751
94,52,2.819842
94,55,1.570796
94,58,0.785398
94,63,1.570796
94,66,-1.570796
94,70,1.570796
94,74,-0.785398
94,75,-2.356194
95,37,2.356194
95,41,0.785398
95,45,2.819842
95,52,-1.570796
95,55,-0.321751
95,67,1.570796
95,70,-0.785398
95,71,-2.356194
96,33,-1.249046
96,34,-2.356194
96,36,-0.785398
96,37,-2.356194
97,40,-0.785398
97,41,-1.892547
97,43,-1.249046
97,45,-1.570796
97,46,-2.356194
97,53,0.785398
97,58,-2.356194
97,60,-1.249046
97,61,-2.356194
97,62,-0.785398
97,63,-1.570796
97,64,-2.356194
97,66,-0.785398
97,67,-1.892547
98,50,-2.356194
98,54,-2.356194
98,55,-0.785398
98,56,-1.892547
