8,48,1.249046
8,49,3.141593
9,65,2.356194
10,24,1.249046
10,25,3.141593
10,40,1.570796
11,45,-0.785398
12,49,1.249046
12,50,2.356194
12,70,1.570796
14,50,2.819842
14,75,2.356194
14,77,0.785398
15,14,3.141593
15,21,-1.570796
15,37,-0.321751
15,39,-2.819842
15,56,0.785398
15,78,-2.356194
16,13,-1.570796
16,50,-2.819842
17,38,3.141593
17,47,0.321751
18,43,1.249046
18,45,1.892547
18,54,1.249046
18,55,2.356194
18,56,-0.785398
18,57,-1.570796
18,58,-2.356194
18,59,0.785398
18,60,1.892547
18,79,3.141593
19,31,1.249046
19,32,2.356194
19,42,0.321751
19,51,1.249046
19,62,1.570796
19,63,2.356194
19,64,-0.785398
19,65,-1.892547
20,36,-1.892547
21,27,0.000000
21,28,1.570796
21,42,-1.570796
21,56,1.892547
21,58,1.249046
21,60,-1.570796
21,63,2.819842
22,34,-1.570796
22,40,-1.570796
22,44,-1.570796
22,47,-0.321751
22,58,-1.892547
22,63,-2.356194
22,73,0.321751
23,28,-0.321751
23,35,1.570796
23,37,1.249046
23,38,2.356194
23,73,-0.785398
25,10,0.321751
25,12,3.141593
25,27,1.570796
25,41,0.785398
25,42,2.356194
25,51,-1.570796
25,53,-1.892547
25,55,-2.356194
25,58,0.785398
25,59,2.356194
25,61,0.785398
25,64,3.141593
26,10,-1.570796
26,25,-0.785398
26,37,-2.356194
26,58,-0.785398
26,65,0.000000
26,69,1.892547
26,85,3.141593
27,32,-1.570796
27,35,1.570796
27,42,0.000000
27,45,-0.785398
27,46,-1.892547
27,55,0.785398
27,71,1.892547
28,26,0.785398
28,35,-2.819842
28,42,-1.570796
28,48,2.356194
28,56,-2.356194
28,57,-0.785398
28,58,-1.570796
28,59,-2.356194
28,61,-0.785398
28,64,2.356194
28,65,-0.785398
28,86,2.356194
29,26,-1.570796
29,32,0.000000
29,76,-2.356194
30,25,1.570796
30,30,0.785398
30,31,3.141593
30,36,2.356194
30,67,-1.570796
31,9,0.785398
31,20,2.356194
31,25,3.141593
31,30,-1.570796
31,34,0.321751
31,47,-2.356194
31,61,0.785398
31,69,2.356194
31,73,-1.249046
31,75,2.356194
32,9,-0.785398
32,10,3.141593
32,23,2.356194
32,25,-1.570796
32,39,1.249046
32,40,2.356194
32,47,2.356194
32,66,-1.249046
32,67,-2.356194
32,79,-2.356194
33,23,-1.570796
33,27,2.356194
33,37,1.249046
33,39,-1.892547
33,47,-2.819842
33,52,2.356194
33,62,-0.321751
33,69,-1.249046
33,71,1.892547
33,81,0.321751
34,18,0.000000
34,24,0.000000
34,45,-0.785398
34,46,-1.892547
34,58,0.000000
34,59,1.892547
34,65,2.356194
34,73,0.785398
34,81,-1.570796
35,14,0.785398
35,15,1.570796
35,16,2.356194
35,20,-1.570796
35,30,0.000000
35,31,-1.570796
35,32,-2.356194
35,33,-0.785398
35,34,-1.892547
35,66,0.785398
35,67,2.356194
35,87,2.356194
36,18,-2.819842
36,21,0.785398
36,22,2.356194
36,23,0.785398
36,29,1.570796
36,49,-0.785398
36,50,-1.892547
36,53,0.785398
36,54,1.570796
36,56,1.570796
36,57,2.356194
36,69,0.785398
36,76,3.141593
36,80,-1.249046
36,81,-2.356194
36,86,-0.785398
36,87,-2.356194
37,21,-1.570796
37,27,2.356194
37,28,-0.785398
37,29,-2.356194
37,34,1.249046
37,36,-1.892547
37,42,0.000000
37,63,-1.249046
37,64,-2.356194
37,69,-1.570796
37,77,1.570796
38,17,-1.570796
38,20,1.570796
38,24,0.000000
38,26,-1.892547
38,31,2.356194
38,32,0.785398
38,39,1.570796
38,66,-1.249046
38,67,-2.356194
38,68,0.000000
38,79,1.892547
39,18,0.000000
39,20,-2.819842
39,35,2.356194
39,39,-1.570796
39,53,-0.785398
39,69,0.000000
39,75,1.570796
40,14,1.249046
40,15,2.356194
40,24,-2.819842
40,28,0.000000
40,29,-1.892547
40,43,2.356194
40,47,0.000000
40,64,0.785398
40,65,1.892547
40,70,-1.249046
40,81,2.819842
41,13,0.321751
41,26,1.249046
41,27,3.141593
41,32,0.785398
41,33,2.356194
41,54,0.000000
41,55,-2.356194
41,61,2.356194
41,65,-1.249046
41,66,-2.356194
41,72,-1.249046
41,74,2.356194
42,8,0.785398
42,26,-1.892547
42,30,1.249046
42,31,3.141593
42,33,-1.570796
42,38,1.249046
42,39,3.141593
42,50,0.785398
42,51,1.570796
42,60,0.321751
42,61,-2.819842
42,68,0.000000
42,74,-2.356194
42,81,-0.785398
42,83,1.892547
42,87,-0.785398
42,89,2.819842
43,8,0.000000
43,11,0.785398
43,28,1.249046
43,30,-1.892547
43,35,2.356194
43,37,-0.785398
43,38,-1.892547
43,53,-1.249046
43,54,-2.356194
43,55,0.000000
43,60,-0.785398
43,64,0.785398
43,69,-1.570796
43,74,0.785398
43,85,3.141593
43,89,-2.356194
44,33,0.000000
44,34,-1.892547
44,51,3.141593
44,57,1.892547
44,60,2.356194
44,70,0.000000
44,74,0.000000
44,76,1.570796
44,77,2.356194
44,81,3.141593
45,7,0.321751
45,14,3.141593
45,17,0.321751
45,18,-2.819842
45,21,0.785398
45,38,1.249046
45,39,2.356194
45,55,1.570796
45,60,3.141593
45,67,-2.356194
45,84,3.141593
46,7,-1.570796
46,14,-1.570796
46,17,-1.570796
46,21,-0.785398
46,22,-2.356194
46,24,0.785398
46,30,1.249046
46,31,3.141593
46,36,0.000000
46,37,-0.785398
46,38,-1.892547
46,46,2.356194
46,48,-0.785398
46,51,-2.819842
46,53,0.000000
46,57,-1.570796
46,60,-1.570796
46,69,0.785398
46,74,-0.321751
46,84,-1.570796
47,15,0.785398
47,16,3.141593
47,20,1.570796
47,24,-1.570796
47,27,0.785398
47,69,0.000000
47,79,0.785398
47,85,2.356194
47,88,1.570796
48,11,0.000000
48,12,1.570796
48,13,2.356194
48,19,0.321751
48,23,1.570796
48,27,-0.785398
48,40,1.249046
48,41,2.356194
48,60,0.321751
48,65,0.000000
48,66,0.785398
48,67,1.892547
48,69,-1.570796
48,72,2.819842
48,83,0.785398
48,88,-2.819842
49,23,-2.819842
49,35,0.000000
49,47,2.356194
49,52,1.892547
49,63,2.819842
49,74,2.356194
50,26,0.785398
50,32,-2.356194
50,40,-1.570796
50,54,3.141593
50,56,-1.249046
50,58,1.892547
50,69,2.819842
50,72,0.000000
50,74,-2.356194
51,24,3.141593
51,41,1.570796
51,63,-0.785398
51,64,-2.356194
51,72,-1.570796
51,87,2.819842
52,13,0.321751
52,16,3.141593
52,26,0.321751
52,27,-2.819842
52,30,0.785398
52,32,1.249046
52,33,2.356194
52,34,0.785398
52,35,1.892547
52,53,-2.356194
52,58,-0.785398
52,62,3.141593
52,71,3.141593
52,83,-1.249046
52,85,-1.892547
52,87,-2.356194
53,6,0.785398
53,18,0.321751
53,26,-1.570796
53,31,-0.785398
53,32,-1.892547
53,35,-1.249046
53,36,-2.356194
53,37,3.141593
53,43,-2.356194
53,50,-0.785398
53,54,1.570796
53,75,0.785398
53,79,-1.570796
53,81,-2.356194
54,6,0.000000
54,11,0.785398
54,18,-1.570796
54,54,-0.321751
54,61,-1.570796
54,62,3.141593
54,65,0.785398
54,75,-0.785398
54,76,-2.356194
54,77,0.785398
54,78,2.356194
55,6,-0.785398
55,21,-0.785398
55,51,0.785398
55,63,2.356194
55,69,-1.570796
55,71,2.356194
55,74,1.570796
56,17,3.141593
56,29,1.570796
56,34,0.000000
56,51,-0.321751
56,52,2.819842
56,55,0.785398
56,73,0.321751
56,78,-0.321751
57,17,-2.356194
57,24,-0.785398
57,29,-1.570796
57,52,-2.356194
57,57,-2.356194
57,67,1.570796
57,88,3.141593
58,6,0.785398
58,14,-2.356194
58,58,0.000000
58,64,-2.356194
58,73,-2.819842
59,6,0.000000
59,10,-0.785398
59,17,2.356194
59,31,1.570796
59,76,0.000000
59,80,-0.321751
59,86,-2.356194
60,6,-0.785398
60,16,-0.785398
60,34,1.570796
60,37,0.000000
60,38,3.141593
60,48,-1.570796
60,59,0.785398
60,61,1.570796
60,64,1.570796
60,69,-0.785398
60,73,2.819842
61,34,-1.570796
61,59,0.000000
61,61,3.141593
61,64,-0.321751
61,73,-1.570796
61,78,3.141593
61,81,0.000000
62,19,1.570796
62,27,1.570796
62,41,-1.570796
62,56,1.570796
62,59,-0.785398
62,61,-2.356194
62,66,2.819842
62,81,-0.785398
63,27,-1.570796
63,48,1.570796
63,52,-1.570796
63,59,0.785398
63,63,1.249046
63,64,3.141593
63,66,-1.570796
63,69,0.785398
63,74,2.356194
63,77,0.000000
63,78,0.000000
63,85,0.785398
63,89,2.356194
64,6,0.785398
64,15,2.819842
64,45,-2.356194
64,69,0.000000
64,73,-0.785398
64,79,0.785398
64,82,2.819842
64,85,-0.321751
64,89,-2.819842
65,6,0.000000
65,10,0.785398
65,11,1.570796
65,15,-1.570796
65,69,-0.785398
65,71,-2.356194
65,79,-0.785398
65,82,-2.356194
66,6,-0.785398
66,16,-2.356194
66,18,0.785398
66,35,0.000000
66,36,3.141593
66,52,2.356194
66,67,2.356194
66,70,0.000000
66,85,0.000000
66,86,-1.570796
66,88,3.141593
67,11,-0.321751
67,13,-2.819842
67,19,3.141593
67,27,1.570796
67,33,-1.570796
67,58,0.321751
67,67,-2.819842
67,70,0.785398
67,76,1.570796
67,83,0.785398
67,84,3.141593
67,88,-2.356194
68,16,1.570796
68,48,2.356194
68,58,-0.785398
68,71,-2.356194
68,83,-0.785398
69,20,-1.570796
69,27,0.000000
69,33,1.570796
69,44,2.356194
69,47,0.321751
69,48,-2.819842
69,54,2.356194
69,58,2.356194
69,65,0.000000
69,77,-2.356194
70,26,0.785398
70,33,-1.570796
70,36,2.356194
70,47,-0.785398
70,53,0.321751
70,54,-2.819842
70,57,0.321751
70,58,-2.819842
70,65,0.785398
70,74,-1.570796
70,84,1.570796
71,16,-1.570796
71,35,1.570796
71,44,1.570796
71,49,1.570796
71,53,-1.570796
71,57,-0.785398
71,65,0.000000
71,71,1.570796
71,84,-0.321751
71,88,2.356194
72,5,0.321751
72,7,-2.356194
72,13,-1.570796
72,29,1.570796
72,35,-2.819842
72,42,3.141593
72,44,0.000000
72,46,-0.785398
72,49,-2.819842
72,52,1.570796
72,60,0.321751
72,88,3.141593
73,5,-0.785398
73,24,0.785398
73,29,-1.570796
73,31,0.000000
73,33,-0.785398
73,34,-1.892547
73,40,1.570796
73,51,0.321751
73,52,-2.819842
73,54,1.570796
73,57,0.785398
73,65,3.141593
73,72,3.141593
73,85,-1.892547
73,88,-2.356194
74,16,1.249046
74,18,1.892547
74,24,-0.321751
74,38,1.249046
74,43,0.000000
74,47,0.321751
74,48,-2.819842
74,51,-1.570796
74,57,0.000000
74,65,-2.356194
74,70,-1.892547
74,81,0.785398
74,83,-1.570796
75,5,0.785398
75,15,0.321751
75,19,2.819842
75,28,1.892547
75,36,1.249046
75,38,-1.892547
75,68,-0.785398
75,75,1.570796
75,81,-0.321751
75,88,2.356194
76,5,0.000000
76,10,-0.785398
76,11,-1.570796
76,12,-2.356194
76,25,-1.570796
76,29,2.819842
76,34,0.000000
76,35,-0.785398
76,36,-1.892547
76,47,-2.819842
76,50,2.356194
76,56,0.321751
76,61,3.141593
76,88,3.141593
77,5,-0.785398
77,19,0.000000
77,21,0.785398
77,22,1.892547
77,24,1.570796
77,29,-2.356194
77,41,0.000000
77,52,1.570796
77,70,1.570796
77,78,1.570796
77,88,-2.356194
78,14,-0.785398
78,24,-2.356194
78,39,-0.785398
78,42,1.570796
78,52,-2.819842
78,73,-1.570796
78,88,2.356194
79,5,0.785398
79,22,-1.570796
79,36,3.141593
79,42,0.000000
79,44,-1.892547
79,51,-0.785398
79,54,0.321751
79,65,2.356194
79,82,-0.785398
79,86,0.785398
79,88,-2.819842
80,5,0.000000
80,12,0.785398
80,21,2.356194
80,34,-0.785398
80,42,-0.785398
80,51,0.000000
80,54,-1.570796
80,74,1.570796
81,5,-0.785398
81,15,0.785398
81,21,-2.356194
81,27,-1.249046
81,28,-2.356194
81,30,0.785398
81,38,2.356194
81,42,-1.570796
81,45,0.321751
81,49,1.249046
81,50,3.141593
81,52,0.785398
81,53,3.141593
82,13,-0.785398
82,23,0.785398
82,31,-2.356194
82,45,-1.570796
82,48,0.321751
82,52,-0.785398
82,63,-2.356194
82,66,1.570796
82,82,0.785398
83,16,0.785398
83,31,-1.570796
83,34,0.000000
83,48,-1.570796
83,52,-1.570796
83,62,-2.356194
83,66,2.356194
83,68,0.785398
83,83,3.141593
84,16,0.000000
84,18,1.892547
84,20,1.249046
84,21,3.141593
84,25,2.819842
84,27,0.000000
84,39,2.356194
84,42,0.000000
84,46,0.000000
84,60,-1.892547
84,65,0.321751
84,66,-2.819842
84,68,0.000000
84,71,2.356194
85,25,-2.356194
85,29,2.356194
85,65,-0.785398
85,68,-0.785398
85,71,3.141593
85,79,0.785398
85,87,2.356194
86,16,0.000000
86,18,-1.892547
86,28,-0.785398
86,34,1.249046
86,35,3.141593
86,41,3.141593
86,53,-1.570796
86,57,-0.785398
86,71,-2.356194
86,79,0.000000
86,87,-2.819842
87,16,-0.785398
87,20,-0.785398
87,38,1.249046
87,39,3.141593
87,52,0.785398
87,60,1.570796
87,62,1.570796
87,86,-0.785398
88,23,3.141593
88,29,2.356194
88,30,0.785398
88,31,1.570796
88,36,1.249046
88,38,-1.892547
88,74,2.356194
89,23,-1.570796
89,26,0.321751
89,35,0.000000
89,36,-1.892547
89,47,1.570796
89,51,-0.785398
89,52,-1.892547
89,68,2.356194
89,71,2.356194
89,73,0.321751
89,74,-2.819842
89,86,2.356194
90,20,1.570796
90,24,1.570796
90,39,1.249046
90,40,2.356194
90,41,3.141593
90,47,0.785398
90,49,1.570796
90,67,0.321751
90,68,-2.819842
90,70,0.321751
90,71,-2.819842
90,73,-0.785398
90,86,-2.819842
91,17,2.356194
91,20,0.785398
91,24,0.000000
91,44,1.570796
91,47,0.000000
91,67,-0.785398
91,70,-0.785398
91,81,-1.892547
92,21,2.819842
92,24,-0.785398
92,37,-0.785398
92,38,-1.892547
92,42,1.570796
92,44,-1.570796
92,47,-1.570796
92,51,1.570796
92,58,-1.570796
92,64,0.785398
92,67,2.356194
93,14,-2.356194
93,19,3.141593
93,21,-2.356194
93,25,0.000000
93,28,-0.785398
93,33,-0.785398
93,34,-1.892547
93,42,-1.570796
93,46,1.570796
93,67,-2.819842
94,28,2.356194
94,30,-1.570796
94,45,0.321751
94,46,-2.819842
94,50,3.141593
94,63,0.321751
95,12,-1.570796
95,20,0.000000
95,23,2.356194
95,24,-0.785398
95,28,-2.356194
95,42,0.000000
95,45,-1.570796
95,49,-0.785398
95,66,2.356194
95,75,0.785398
96,44,0.000000
96,49,-1.570796
96,62,0.321751
96,63,-2.819842
96,65,0.321751
96,66,-2.819842
96,72,0.785398
96,79,-0.785398
96,80,-1.892547
97,15,-0.785398
97,16,-1.570796
97,20,-2.356194
97,39,3.141593
97,55,0.000000
97,56,3.141593
97,62,-0.785398
97,65,-0.785398
97,74,-0.785398
97,75,-1.892547
98,25,-0.785398
98,30,-1.570796
98,36,0.000000
98,43,-0.785398
98,59,-1.570796
98,62,-1.570796
98,65,-1.570796
98,68,-1.570796
98,70,0.000000
98,71,-0.785398
98,72,-1.892547
