7,50,0.785398
7,51,1.570796
7,52,2.356194
7,56,0.785398
7,57,1.570796
7,58,2.356194
7,62,0.785398
7,63,1.570796
7,64,2.356194
7,65,0.785398
7,66,1.892547
8,41,1.249046
8,42,3.141593
8,73,0.785398
8,74,1.892547
9,29,1.249046
9,30,2.356194
9,40,-0.785398
9,66,-0.785398
10,23,1.249046
10,24,2.356194
10,28,-0.785398
12,42,0.785398
13,16,2.356194
13,22,-1.570796
13,44,1.570796
13,54,-0.785398
13,60,-2.356194
13,70,0.321751
14,15,-1.570796
14,55,-0.785398
14,70,-0.785398
15,40,-0.785398
15,42,-1.570796
15,51,-1.570796
15,56,0.785398
15,64,0.000000
16,56,-1.570796
17,40,0.785398
17,58,-0.321751
17,68,0.000000
17,69,0.000000
18,13,0.321751
18,15,3.141593
18,35,0.785398
18,45,-0.785398
18,46,-2.356194
18,50,0.785398
18,55,0.785398
18,59,-1.249046
18,60,3.141593
19,13,-0.785398
19,35,0.000000
19,38,0.785398
19,43,-2.356194
19,47,-2.356194
19,51,-1.570796
19,57,1.892547
19,69,1.570796
20,35,-1.570796
20,67,0.000000
20,68,-0.785398
21,41,0.000000
21,42,1.892547
21,49,0.785398
21,57,-1.570796
21,65,-2.356194
21,71,0.000000
21,86,3.141593
22,56,0.000000
22,61,0.000000
22,62,1.892547
22,75,3.141593
22,83,0.321751
23,36,1.249046
23,38,-1.892547
23,40,0.000000
23,41,2.356194
23,43,-1.249046
23,44,3.141593
23,52,1.570796
23,56,0.785398
23,62,-1.249046
23,63,3.141593
23,68,0.000000
23,69,0.785398
23,70,1.892547
23,83,-0.785398
24,35,-0.785398
24,41,-1.570796
24,45,1.570796
24,53,3.141593
24,57,-2.356194
24,70,-1.249046
24,71,-2.356194
24,72,3.141593
24,83,2.356194
25,38,1.892547
25,45,-0.785398
25,46,3.141593
25,50,0.785398
25,54,-2.356194
25,59,-2.356194
25,81,1.249046
25,83,3.141593
26,24,0.785398
26,25,1.570796
26,27,1.892547
26,36,1.570796
26,51,0.000000
26,52,3.141593
26,68,-2.356194
26,78,0.000000
26,80,-0.785398
26,83,-2.356194
27,34,1.249046
27,36,3.141593
27,50,0.000000
27,62,0.785398
27,82,-0.785398
27,88,2.356194
28,27,-1.892547
28,32,1.249046
28,36,-1.570796
28,40,-1.249046
28,41,3.141593
28,51,0.000000
28,52,1.892547
28,56,0.000000
28,58,3.141593
28,66,3.141593
28,71,0.000000
28,74,3.141593
28,85,0.785398
28,86,1.570796
29,34,-2.356194
29,42,0.000000
29,43,1.892547
29,52,-1.249046
29,53,3.141593
30,29,1.249046
30,31,-1.892547
30,34,0.785398
30,43,-1.249046
30,44,3.141593
30,48,0.000000
30,69,0.000000
31,12,0.785398
31,36,0.785398
31,39,-2.356194
31,45,0.000000
31,46,1.892547
31,74,3.141593
31,84,0.785398
32,26,1.249046
32,28,-1.892547
32,41,1.570796
32,52,0.000000
32,58,0.000000
32,59,1.892547
32,66,0.000000
32,67,3.141593
32,77,0.000000
32,79,3.141593
33,11,0.321751
33,30,1.249046
33,31,3.141593
33,34,-1.570796
33,37,-0.785398
33,38,3.141593
33,41,-0.785398
33,42,3.141593
33,47,-1.249046
33,48,3.141593
33,53,-1.570796
33,59,-1.249046
33,61,1.892547
34,11,-1.570796
34,36,2.356194
34,39,0.000000
34,49,0.000000
34,50,1.892547
34,61,-1.249046
34,63,1.892547
34,70,0.000000
34,73,3.141593
34,79,0.785398
34,85,-0.785398
35,22,1.249046
35,50,-1.249046
35,52,1.892547
35,63,-1.249046
35,64,-2.356194
36,26,0.785398
36,28,-1.892547
36,33,-0.785398
36,37,3.141593
36,47,1.570796
36,52,-1.249046
36,53,3.141593
36,59,0.000000
36,60,1.892547
36,66,-2.356194
36,72,0.785398
37,26,-1.570796
37,31,1.570796
37,38,0.000000
37,47,-0.785398
37,48,-2.356194
37,54,0.000000
37,55,1.892547
37,60,-1.249046
37,61,-2.356194
37,88,-0.785398
37,90,2.819842
38,25,3.141593
38,30,0.000000
38,35,0.000000
38,45,0.785398
38,55,-1.249046
38,57,1.892547
38,63,0.000000
38,64,1.892547
38,69,0.000000
38,90,-1.570796
39,24,-1.892547
39,35,-0.785398
39,47,3.141593
39,52,0.000000
39,53,1.892547
39,57,-1.249046
39,58,-2.356194
39,64,-1.249046
39,65,3.141593
40,22,-1.892547
40,35,2.356194
40,53,-1.249046
40,54,3.141593
40,67,0.785398
40,68,1.892547
40,80,3.141593
40,87,1.892547
40,91,2.356194
41,32,2.356194
41,45,-1.249046
41,46,3.141593
41,56,0.785398
41,57,1.892547
41,68,-1.249046
41,69,-2.356194
41,85,-0.785398
41,87,-1.249046
41,88,-2.356194
41,90,-0.785398
42,25,1.249046
42,26,3.141593
42,37,0.785398
42,57,-1.249046
42,58,3.141593
42,66,3.141593
42,72,3.141593
43,38,-1.249046
43,40,2.356194
43,43,0.000000
43,44,1.892547
43,53,0.000000
43,74,0.000000
43,85,0.000000
44,28,1.570796
44,40,-1.570796
44,44,-1.249046
44,46,1.892547
44,51,0.785398
44,52,2.356194
44,61,-2.356194
44,64,0.785398
44,86,0.000000
44,87,1.570796
44,89,1.892547
45,27,0.000000
45,32,0.000000
45,33,-1.570796
45,35,3.141593
45,41,0.000000
45,42,1.892547
45,46,-1.249046
45,47,3.141593
45,52,-1.570796
45,89,-1.249046
45,90,-2.356194
45,91,3.141593
46,10,0.785398
46,21,-0.785398
46,22,-1.892547
46,30,1.249046
46,31,3.141593
46,42,-1.249046
46,43,3.141593
46,53,-2.356194
46,85,0.000000
47,10,0.000000
47,36,3.141593
47,55,0.785398
48,10,-0.785398
48,26,3.141593
48,33,0.000000
48,34,-1.892547
48,37,0.785398
48,38,2.356194
48,46,0.000000
48,47,1.892547
48,52,-2.356194
48,66,3.141593
48,89,0.000000
48,91,3.141593
49,30,0.785398
49,31,2.356194
49,47,-1.249046
49,49,1.892547
49,69,0.000000
49,86,0.785398
49,87,2.356194
50,30,-0.785398
50,36,0.000000
50,38,2.819842
50,43,0.000000
50,44,1.892547
50,51,2.356194
50,62,0.785398
50,63,1.892547
50,82,3.141593
50,86,-0.785398
50,90,3.141593
51,10,0.785398
51,18,1.249046
51,19,2.356194
51,30,2.356194
51,38,-2.356194
51,45,-2.356194
51,56,0.785398
51,57,1.892547
51,63,-1.249046
51,64,-2.356194
52,10,0.000000
52,28,1.249046
52,43,3.141593
52,51,3.141593
52,57,-1.249046
52,59,1.892547
52,72,3.141593
52,74,0.785398
52,85,0.000000
52,86,-1.570796
52,87,3.141593
53,10,-0.785398
53,18,-1.249046
53,27,0.321751
53,32,3.141593
53,48,1.570796
53,53,0.785398
53,54,1.892547
53,59,-1.249046
53,61,1.892547
53,78,3.141593
53,81,0.000000
53,83,0.785398
53,88,0.000000
54,20,-1.570796
54,27,-1.570796
54,43,-2.356194
54,44,0.785398
54,45,1.892547
54,48,-0.785398
54,49,3.141593
54,54,-1.249046
54,56,1.892547
54,61,-1.249046
54,62,-2.356194
54,65,0.785398
54,66,1.570796
54,67,2.356194
54,84,-1.249046
54,85,3.141593
54,89,-2.356194
55,26,-0.785398
55,29,1.249046
55,35,-1.570796
55,38,-0.785398
55,39,-1.892547
55,50,0.000000
55,56,-1.249046
55,57,-2.356194
55,58,0.785398
55,59,1.892547
55,69,-2.356194
55,73,0.000000
55,87,0.785398
56,21,-1.570796
56,59,-1.249046
56,61,1.892547
56,82,0.785398
56,83,1.892547
56,88,-1.249046
56,89,3.141593
57,20,3.141593
57,24,2.356194
57,31,0.000000
57,32,-1.892547
57,36,2.356194
57,42,-2.356194
57,54,0.000000
57,55,1.570796
57,56,2.356194
57,61,-1.249046
57,62,-2.356194
57,70,2.356194
57,71,0.785398
57,72,1.570796
57,73,2.356194
57,83,-1.249046
57,84,-2.356194
57,91,3.141593
58,10,0.785398
58,22,1.249046
58,23,3.141593
58,30,1.570796
58,38,1.249046
58,40,-1.892547
58,44,-0.785398
58,45,-1.570796
58,50,-2.356194
58,57,0.000000
58,58,1.892547
58,65,0.785398
58,66,2.356194
58,67,-0.785398
59,10,0.000000
59,18,-0.785398
59,19,-1.570796
59,20,-2.356194
59,21,-0.785398
59,22,-1.892547
59,30,-2.819842
59,34,1.570796
59,37,0.000000
59,55,3.141593
59,60,0.785398
59,65,-1.570796
59,82,0.785398
59,83,1.892547
60,10,-0.785398
60,34,-2.819842
60,36,-0.785398
60,55,-1.570796
60,64,0.785398
60,72,-2.356194
60,83,-1.249046
60,85,1.892547
60,91,3.141593
61,23,0.000000
61,24,-1.892547
61,39,2.356194
61,43,1.249046
61,49,1.570796
61,57,-0.785398
61,58,-1.570796
61,59,-2.356194
61,65,-2.356194
61,79,0.785398
61,80,1.892547
61,85,-1.249046
61,87,1.892547
62,10,0.785398
62,31,0.000000
62,32,-1.892547
62,42,0.000000
62,43,-1.892547
62,49,-0.785398
62,51,1.892547
62,67,0.000000
62,80,-1.249046
62,81,-2.356194
63,10,0.000000
63,25,0.321751
63,30,1.570796
63,72,0.785398
63,73,1.570796
63,74,2.356194
63,88,-1.249046
63,89,-2.356194
64,10,-0.785398
64,25,-1.570796
64,29,0.000000
64,39,-1.570796
64,48,-1.570796
64,49,3.141593
64,51,-1.570796
64,86,3.141593
64,91,-2.356194
65,28,1.570796
65,43,3.141593
65,50,-2.356194
65,62,-1.249046
65,64,1.570796
65,65,2.356194
65,69,-0.785398
65,70,-1.570796
65,71,-2.356194
65,72,-0.785398
65,82,0.785398
65,83,1.892547
65,88,0.785398
66,22,1.249046
66,23,3.141593
66,28,-2.819842
66,40,1.570796
66,48,0.000000
66,54,2.356194
66,57,0.785398
66,74,-1.249046
66,75,-2.356194
66,76,0.785398
66,77,1.892547
66,83,-1.249046
66,85,1.892547
67,26,0.000000
67,27,-1.892547
67,35,1.570796
67,39,0.000000
67,52,0.000000
67,58,2.356194
67,64,-0.785398
67,65,-2.356194
67,69,3.141593
67,79,2.356194
67,80,0.785398
67,81,1.892547
67,85,-1.249046
67,87,1.892547
67,91,-2.356194
68,10,0.785398
68,25,1.570796
68,30,1.570796
68,34,0.000000
68,38,1.570796
68,42,1.570796
68,71,0.000000
68,75,0.785398
68,81,-1.249046
68,82,3.141593
68,87,-1.249046
68,88,3.141593
69,10,-0.321751
69,12,2.356194
69,19,-0.785398
69,20,-1.892547
69,24,0.321751
69,25,-2.819842
69,29,0.321751
69,30,-2.819842
69,37,0.000000
69,42,-2.819842
69,65,0.785398
69,66,1.892547
69,76,-1.249046
69,78,-2.356194
69,84,0.785398
69,85,1.892547
70,33,-1.570796
70,40,0.000000
70,41,-1.892547
70,44,0.000000
70,46,3.141593
70,52,0.000000
70,66,-1.249046
70,67,-2.356194
70,79,1.570796
70,86,3.141593
71,23,0.321751
71,24,-2.819842
71,28,0.000000
71,48,2.356194
71,74,0.785398
71,75,1.892547
71,84,0.785398
71,91,-2.356194
72,35,-0.785398
72,42,2.356194
72,55,-0.785398
72,65,0.000000
72,75,-1.249046
72,76,-2.356194
72,81,-1.570796
72,84,-0.321751
72,85,2.819842
73,22,0.000000
73,37,1.570796
73,47,-1.570796
73,50,1.570796
73,52,0.000000
73,53,3.141593
73,60,1.249046
73,61,2.356194
73,62,3.141593
73,73,3.141593
73,79,3.141593
73,82,1.570796
73,85,-1.570796
73,89,-2.356194
74,20,1.249046
74,21,3.141593
74,30,1.570796
74,36,0.000000
74,59,-0.785398
74,60,-1.892547
74,82,-0.785398
74,83,3.141593
74,87,3.141593
75,55,-0.785398
75,63,0.000000
75,66,3.141593
76,29,1.570796
76,47,0.000000
76,60,0.000000
76,61,3.141593
76,72,2.356194
76,77,0.000000
76,79,3.141593
76,81,0.785398
76,84,-1.570796
77,28,0.321751
77,29,-2.819842
77,33,2.356194
77,51,2.356194
77,57,0.000000
77,58,3.141593
77,82,3.141593
78,25,2.356194
78,28,-0.785398
78,32,0.321751
78,33,-2.819842
78,37,-1.570796
78,44,1.570796
78,54,1.570796
78,64,-0.785398
78,70,-0.785398
78,71,-2.356194
78,77,3.141593
78,90,0.785398
79,23,1.249046
79,32,-0.785398
79,44,2.356194
79,49,3.141593
79,54,-1.570796
79,79,0.000000
79,83,0.000000
79,87,0.785398
79,91,-2.356194
80,28,2.356194
80,43,0.321751
80,44,-2.819842
80,48,-1.570796
80,77,0.785398
80,81,0.000000
80,82,2.356194
80,84,0.000000
81,11,0.785398
81,27,0.321751
81,28,-2.819842
81,32,-1.570796
81,43,-1.570796
81,52,3.141593
81,56,1.249046
81,57,2.356194
81,58,3.141593
81,66,0.000000
81,74,0.000000
81,75,1.892547
81,78,1.570796
81,85,-1.570796
81,89,-2.356194
82,11,-0.321751
82,27,-1.570796
82,37,0.000000
82,38,3.141593
82,47,-1.570796
82,55,0.000000
82,56,-1.892547
82,70,0.785398
82,71,1.892547
82,76,2.819842
82,78,-0.321751
82,82,-0.321751
82,83,2.819842
83,34,1.570796
83,50,-1.570796
83,71,-1.249046
83,72,3.141593
83,76,-1.570796
83,80,2.819842
83,83,-2.356194
84,31,1.570796
84,37,1.570796
84,65,0.000000
84,66,3.141593
84,74,3.141593
84,77,1.570796
84,80,-1.570796
84,90,0.000000
84,91,3.141593
85,26,2.356194
85,34,2.356194
85,37,-1.570796
85,41,1.570796
85,77,0.000000
85,84,-2.356194
86,26,-2.819842
86,29,1.249046
86,30,3.141593
86,33,0.321751
86,34,-2.819842
86,40,0.321751
86,41,-2.819842
86,64,0.785398
86,77,-0.785398
86,79,2.356194
87,12,0.785398
87,28,0.321751
87,33,-0.785398
87,40,-0.785398
87,50,2.356194
87,78,-0.785398
87,79,-2.356194
87,89,-1.570796
88,13,-2.356194
88,28,-0.785398
88,40,-1.570796
88,49,-0.785398
88,56,1.570796
88,65,-1.570796
88,67,0.000000
88,75,1.570796
88,80,-2.356194
88,83,-2.356194
88,87,1.570796
89,15,-1.570796
89,46,1.570796
89,72,1.570796
89,75,-1.570796
89,78,1.570796
90,46,-1.570796
90,78,0.785398
90,88,-2.356194
91,35,0.000000
91,36,3.141593
91,48,1.570796
91,71,-0.785398
91,78,-0.321751
91,79,2.819842
91,81,0.785398
92,19,-0.785398
92,28,2.356194
92,42,1.570796
92,55,2.356194
92,58,3.141593
92,64,1.570796
92,79,-2.356194
93,28,-2.819842
93,32,2.356194
93,35,1.570796
93,38,1.570796
93,42,-1.570796
93,45,1.570796
93,54,0.321751
93,55,-2.819842
93,57,-0.785398
93,60,-1.570796
93,64,-1.570796
93,77,1.570796
93,85,1.570796
94,31,0.321751
94,32,-2.819842
94,35,-1.570796
94,54,-0.785398
94,57,-1.570796
94,73,-1.570796
94,79,-1.570796
95,25,-0.785398
95,31,-0.785398
95,41,1.570796
95,49,-1.570796
95,85,-1.570796
95,88,1.570796
96,31,2.356194
96,51,-1.570796
96,55,-2.356194
96,62,1.570796
96,65,0.785398
96,91,1.570796
97,30,-0.785398
97,45,-1.570796
97,58,0.000000
97,68,0.785398
97,82,-0.785398
98,38,-1.570796
98,41,-1.570796
98,60,-2.356194
98,62,-1.570796
98,66,-1.570796
98,70,3.141593
98,76,-1.570796
98,79,0.000000
98,80,3.141593
98,88,-1.570796
98,91,-1.570796
