6,31,1.249046
6,32,2.356194
6,41,0.785398
6,42,1.892547
6,44,1.249046
6,45,2.356194
7,23,1.249046
7,24,2.356194
7,30,-0.785398
7,53,1.570796
8,44,-2.356194
9,60,2.356194
10,39,0.321751
11,10,1.249046
11,11,2.356194
11,39,-1.570796
11,65,2.356194
12,20,-2.356194
12,24,2.356194
12,33,0.321751
12,35,-2.356194
12,44,0.785398
13,8,0.321751
13,26,0.000000
13,27,1.570796
13,28,2.356194
13,45,-2.356194
13,47,0.785398
13,73,1.570796
14,8,-1.570796
14,24,2.819842
14,30,2.356194
14,33,3.141593
14,77,0.785398
15,27,0.000000
15,29,-1.892547
15,37,1.249046
15,38,2.356194
15,40,0.785398
15,41,1.570796
15,42,2.356194
15,43,0.785398
15,44,1.570796
15,45,2.356194
15,47,-0.785398
15,78,-2.356194
16,24,-2.819842
16,27,-0.785398
16,35,1.570796
16,49,-1.249046
16,51,1.570796
16,53,-1.892547
16,59,0.321751
17,21,-1.892547
17,29,2.356194
17,32,-0.785398
17,33,-1.892547
17,44,2.356194
18,16,0.000000
18,23,0.785398
18,27,0.000000
18,28,-1.892547
18,39,1.249046
18,44,-2.356194
18,57,1.249046
18,59,3.141593
18,79,2.819842
19,16,-0.785398
19,18,-1.570796
19,25,1.570796
19,26,3.141593
19,49,-0.785398
19,50,-1.570796
19,51,-2.356194
19,55,0.785398
19,79,-2.356194
20,19,1.570796
20,21,1.249046
20,23,-1.892547
20,33,-0.785398
20,34,-1.892547
21,27,2.356194
21,37,-0.785398
21,38,-1.570796
21,39,-2.356194
21,44,1.249046
21,45,2.356194
22,7,0.785398
22,16,0.000000
22,25,0.000000
22,26,-1.892547
22,64,1.570796
22,66,-1.892547
23,7,-0.785398
23,8,3.141593
23,11,1.249046
23,12,2.356194
23,31,1.570796
23,56,-1.249046
23,57,-2.356194
24,39,0.000000
24,40,-1.892547
24,60,0.000000
24,64,3.141593
25,37,1.249046
25,38,3.141593
25,46,1.249046
25,47,2.356194
25,64,-2.356194
26,11,-0.785398
26,15,1.249046
26,17,-1.892547
26,21,0.000000
26,25,3.141593
26,30,0.000000
26,31,-0.785398
26,44,0.000000
26,53,1.570796
26,80,3.141593
27,6,0.785398
27,35,-0.785398
27,57,1.249046
27,58,2.356194
27,60,-0.785398
27,61,-1.570796
28,9,1.892547
28,18,1.249046
28,21,-2.819842
28,33,-0.785398
28,37,0.785398
28,38,2.356194
28,39,0.785398
28,40,1.892547
28,50,1.249046
28,51,2.356194
28,52,-0.785398
28,53,-1.892547
28,63,-1.249046
28,64,-2.356194
28,67,-0.785398
28,68,-1.892547
29,5,0.321751
29,15,0.785398
29,16,2.356194
29,17,-0.785398
29,44,-0.785398
29,45,-1.570796
29,46,-2.356194
29,58,3.141593
30,5,-1.570796
30,20,-2.819842
30,37,0.000000
30,39,-0.785398
30,40,-1.892547
30,54,1.249046
30,59,0.000000
30,60,1.892547
31,15,3.141593
31,19,-0.785398
31,33,0.785398
31,51,-2.356194
31,53,-0.785398
31,54,-1.892547
31,62,1.570796
31,63,2.356194
31,64,0.785398
31,65,1.892547
32,8,-0.785398
32,19,0.000000
32,34,-2.356194
32,36,-0.785398
32,57,-2.356194
32,65,-1.249046
32,67,1.570796
32,68,2.356194
32,71,0.785398
33,15,-1.570796
33,16,-2.356194
33,17,0.785398
33,18,2.356194
33,60,-1.249046
33,62,-2.356194
34,4,0.785398
34,13,-1.892547
34,18,-2.356194
34,65,0.785398
34,72,-2.819842
35,4,0.000000
35,66,-1.249046
35,67,-2.356194
35,70,-0.785398
35,71,-1.892547
36,4,-0.785398
36,60,0.000000
37,9,0.321751
37,21,2.356194
38,4,0.785398
38,9,-1.570796
38,11,0.000000
38,21,-2.819842
39,4,-0.321751
39,20,-0.785398
39,67,0.000000
39,68,1.892547
39,81,2.356194
40,20,2.356194
40,62,2.356194
40,63,0.785398
40,64,1.892547
40,69,-2.356194
40,79,0.785398
41,14,2.356194
41,19,0.321751
41,20,-2.819842
41,61,-1.570796
41,64,-1.249046
41,65,-2.356194
41,66,0.785398
41,82,2.819842
42,3,1.249046
42,14,-2.819842
42,46,1.249046
42,47,2.356194
42,52,0.785398
42,53,1.892547
42,60,0.000000
42,67,-1.249046
42,68,3.141593
42,82,-2.356194
43,2,0.321751
43,17,1.249046
43,19,3.141593
43,53,-1.249046
43,55,1.570796
43,56,3.141593
43,61,0.785398
43,62,2.356194
43,65,3.141593
44,2,-0.785398
44,10,-1.249046
44,15,0.785398
44,61,-0.785398
44,72,0.785398
44,73,1.892547
45,5,0.000000
45,8,2.819842
45,12,-2.356194
45,30,2.356194
45,76,-0.785398
45,77,-1.892547
46,5,-0.785398
46,15,0.321751
46,17,-2.356194
46,29,-1.570796
46,40,0.321751
46,57,0.000000
46,58,1.570796
46,60,2.356194
46,69,0.785398
47,7,0.000000
47,8,-1.570796
47,9,3.141593
47,12,2.356194
47,28,1.570796
47,40,-1.570796
47,60,-1.570796
47,70,0.000000
48,28,-2.819842
48,39,-0.785398
48,58,0.785398
48,71,-1.249046
49,23,0.000000
49,26,-0.785398
49,27,-1.892547
49,45,0.785398
49,58,-0.321751
49,64,3.141593
50,5,0.785398
50,46,3.141593
50,59,-1.249046
50,60,3.141593
51,5,0.000000
51,11,0.321751
51,16,3.141593
51,47,0.000000
51,56,0.000000
51,66,0.785398
52,48,-1.570796
53,11,-2.819842
53,13,0.321751
53,30,0.000000
53,31,3.141593
53,68,0.000000
53,69,1.892547
53,74,2.356194
53,81,-0.785398
53,83,2.819842
54,13,-1.570796
54,22,2.356194
54,27,2.356194
54,60,0.000000
54,61,1.892547
54,65,0.000000
54,66,1.892547
54,83,-2.356194
55,5,-0.785398
55,12,1.570796
55,16,1.570796
55,21,3.141593
55,26,3.141593
55,33,1.570796
55,44,0.000000
55,46,3.141593
55,56,0.000000
55,70,-1.249046
55,73,-2.819842
56,2,-1.570796
56,5,2.356194
56,12,-2.819842
56,16,2.356194
56,20,-1.570796
56,25,-0.785398
56,48,0.785398
56,62,-1.249046
56,63,3.141593
56,83,2.356194
57,5,-2.819842
57,7,0.321751
57,8,-2.819842
57,10,0.321751
57,14,0.785398
57,49,1.570796
57,64,0.000000
57,65,1.892547
57,81,0.785398
57,83,-2.819842
58,7,-1.570796
58,42,1.249046
58,43,2.356194
58,44,0.785398
58,45,1.892547
58,50,3.141593
58,60,0.000000
58,61,1.892547
58,66,2.819842
59,2,0.321751
59,6,1.570796
59,9,0.321751
59,10,-2.819842
59,12,0.321751
59,17,-1.570796
59,24,1.570796
59,30,2.356194
59,34,2.356194
59,46,3.141593
59,51,0.000000
59,52,1.892547
59,66,-2.356194
59,71,2.819842
60,6,-2.819842
60,9,-1.570796
60,12,-0.785398
60,15,-2.356194
60,22,0.785398
60,29,1.570796
60,32,1.249046
60,42,-1.249046
60,44,2.356194
60,47,0.000000
60,48,1.892547
60,52,-1.249046
60,53,3.141593
60,66,0.785398
61,2,0.000000
61,8,1.570796
61,12,0.000000
61,20,2.356194
61,26,2.356194
61,28,0.000000
61,31,0.321751
61,36,0.785398
61,37,1.570796
61,38,3.141593
61,48,-1.249046
61,49,3.141593
61,54,-2.356194
61,66,-0.785398
61,67,-2.356194
61,71,-0.785398
61,73,1.892547
62,2,-0.785398
62,13,1.570796
62,15,2.356194
62,18,1.570796
62,20,-2.356194
62,27,0.000000
62,31,-1.570796
62,44,-0.321751
62,50,1.570796
62,56,0.785398
62,69,0.785398
62,82,2.356194
63,15,-2.819842
63,17,0.321751
63,18,-2.819842
63,20,-1.570796
63,22,0.321751
63,25,0.000000
63,33,-1.570796
63,37,2.356194
63,50,-0.321751
63,51,2.819842
63,53,0.785398
63,61,1.570796
63,65,-1.570796
63,69,-0.785398
63,71,0.000000
63,82,3.141593
64,6,2.356194
64,10,0.000000
64,22,-0.785398
64,26,0.000000
64,29,1.570796
64,37,-2.819842
64,51,-2.356194
64,61,-0.321751
64,62,2.819842
64,72,-1.249046
64,74,-1.892547
64,82,-2.356194
65,6,3.141593
65,14,-2.356194
65,16,0.321751
65,22,-1.570796
65,28,0.321751
65,29,-2.819842
65,35,0.000000
65,36,-1.892547
65,41,0.000000
65,42,3.141593
65,48,2.819842
65,62,-1.570796
65,66,-1.570796
65,70,-2.356194
66,6,-2.356194
66,16,-0.785398
66,18,0.000000
66,38,2.356194
66,48,-1.570796
66,52,1.570796
66,82,2.356194
67,3,0.000000
67,6,2.356194
67,13,0.000000
67,16,-1.570796
67,19,-2.356194
67,21,1.570796
67,27,0.321751
67,28,-2.819842
67,34,-1.570796
67,45,0.785398
67,52,-0.321751
67,53,2.819842
67,60,1.570796
67,71,0.785398
67,82,3.141593
68,5,0.321751
68,6,-2.819842
68,13,-1.570796
68,42,0.785398
68,46,-2.356194
68,53,-2.356194
68,60,-0.321751
68,61,2.819842
68,72,0.000000
68,82,-2.356194
69,3,2.356194
69,5,-0.785398
69,10,1.570796
69,26,0.321751
69,27,-2.819842
69,33,1.570796
69,39,1.570796
69,43,-2.356194
69,50,-2.356194
69,61,-2.356194
69,82,2.356194
70,2,0.321751
70,3,-2.819842
70,24,2.356194
70,26,-0.785398
70,41,1.570796
70,54,1.570796
70,61,-1.570796
70,70,0.785398
70,82,3.141593
71,2,-0.785398
71,12,1.570796
71,15,-0.785398
71,24,-2.819842
71,30,2.356194
71,41,-1.570796
71,54,-0.321751
71,55,2.819842
71,58,0.785398
71,68,1.570796
71,82,-2.356194
72,10,-1.570796
72,29,0.321751
72,30,-2.819842
72,48,1.570796
72,55,-2.356194
72,58,-0.321751
72,59,2.819842
72,71,-1.570796
73,2,-1.570796
73,15,2.356194
73,23,-2.356194
73,29,-0.785398
73,42,1.570796
73,52,1.570796
73,55,0.785398
73,59,-2.356194
73,63,1.570796
74,14,0.321751
74,15,-2.819842
74,17,0.321751
74,45,1.570796
74,55,-0.321751
74,56,2.819842
75,14,-0.785398
75,17,-0.785398
75,45,-1.570796
75,56,-2.356194
75,63,0.785398
76,12,2.356194
76,42,-1.570796
76,56,-1.570796
76,63,-0.321751
76,64,2.819842
77,10,2.356194
77,11,-0.785398
77,46,1.570796
77,49,-1.570796
77,64,-2.356194
77,70,0.785398
78,9,-0.785398
78,43,1.570796
78,46,-1.570796
78,57,1.570796
78,70,-0.321751
79,12,1.570796
79,16,0.785398
79,19,1.570796
79,29,0.785398
79,32,2.356194
79,39,-1.570796
79,50,1.570796
79,71,-1.249046
79,72,3.141593
80,7,0.785398
80,9,2.356194
80,12,0.785398
80,14,2.356194
80,16,0.000000
80,19,3.141593
80,29,-0.321751
80,32,3.141593
80,43,-1.570796
80,47,1.570796
81,7,-0.785398
81,9,-2.356194
81,12,-0.321751
81,14,-2.819842
81,16,-0.785398
81,19,-1.570796
81,32,-1.570796
81,36,-1.570796
81,40,1.570796
82,44,1.570796
82,57,-1.570796
84,37,1.570796
84,44,-1.570796
84,58,1.570796
85,14,0.785398
85,16,2.356194
86,14,0.000000
87,17,2.819842
87,24,0.785398
88,14,-0.321751
88,17,-1.570796
88,24,-0.321751
88,25,2.819842
88,28,-2.356194
88,35,-2.356194
88,42,0.785398
88,45,0.785398
89,15,-2.356194
89,21,0.785398
89,25,-2.356194
89,42,-0.321751
89,43,2.819842
90,7,2.356194
90,21,-0.321751
90,22,2.819842
90,43,-1.570796
91,7,-2.819842
91,18,0.785398
91,22,-2.356194
91,29,1.570796
91,40,-2.356194
91,44,-2.356194
91,49,-1.570796
92,4,0.000000
92,11,0.785398
92,18,-0.321751
92,19,2.819842
92,25,-1.570796
92,64,1.570796
93,11,-0.321751
93,12,2.819842
93,60,2.356194
93,63,0.321751
93,64,-2.819842
94,5,0.785398
94,19,-0.321751
94,20,2.819842
94,23,0.785398
94,34,-1.570796
94,37,0.785398
94,42,1.570796
94,57,0.785398
94,60,-2.819842
94,63,-0.785398
94,72,2.356194
94,74,-0.785398
94,75,-1.892547
95,6,3.141593
95,12,-0.321751
95,13,2.819842
95,20,-2.356194
95,23,-0.321751
95,24,2.819842
95,27,0.785398
95,46,0.785398
95,50,0.000000
95,51,2.356194
95,53,-2.356194
95,59,-1.892547
95,70,0.000000
95,71,-1.892547
96,13,-2.356194
96,24,-2.356194
96,35,0.785398
96,39,-2.356194
96,51,-1.570796
96,85,0.321751
96,87,2.819842
97,16,-1.570796
97,20,-1.570796
97,24,-1.570796
97,52,-0.785398
97,62,-1.570796
98,10,-2.356194
98,13,-1.570796
98,29,-2.356194
98,32,-1.570796
98,36,-1.570796
98,40,0.000000
98,41,3.141593
98,45,-2.356194
98,49,-2.356194
98,53,-2.356194
98,65,-0.785398
