9,29,1.249046
9,30,2.356194
9,60,1.249046
9,61,2.356194
10,18,1.249046
10,19,2.356194
10,28,-0.785398
10,59,0.321751
11,47,1.249046
12,44,0.000000
12,45,1.570796
12,59,-0.321751
12,78,2.356194
13,39,1.249046
13,41,1.892547
13,52,1.892547
13,55,1.249046
13,57,1.892547
14,12,1.249046
14,13,3.141593
14,16,-1.570796
14,32,0.785398
14,63,2.819842
15,11,0.321751
15,51,-0.785398
16,11,-1.570796
16,31,0.321751
16,48,-2.819842
16,55,-1.892547
16,63,-2.819842
17,34,-2.819842
17,41,-1.570796
17,52,0.000000
17,72,0.321751
18,31,-0.321751
18,48,-2.356194
18,66,1.249046
19,44,0.000000
19,54,0.785398
19,64,0.785398
19,70,1.249046
19,72,3.141593
20,26,1.249046
20,27,2.356194
20,31,0.000000
20,32,-1.892547
20,42,2.356194
20,46,-2.356194
20,54,0.000000
21,23,0.000000
21,30,3.141593
21,34,-0.321751
21,37,-2.356194
21,59,-0.785398
21,60,-1.892547
21,62,1.570796
21,72,3.141593
22,51,0.000000
22,53,-0.785398
22,65,-1.892547
22,68,-1.249046
23,33,1.249046
23,39,-1.570796
23,41,-1.249046
23,42,-2.356194
23,44,0.785398
23,72,3.141593
24,23,0.321751
24,36,-1.249046
24,45,-1.249046
24,46,-2.356194
24,47,3.141593
24,51,0.000000
24,52,3.141593
24,57,0.000000
24,61,-0.785398
24,62,-1.892547
24,69,-0.785398
24,70,-1.892547
24,72,-2.356194
24,84,2.356194
25,10,2.356194
25,23,-1.570796
25,38,-1.249046
25,39,-2.356194
25,74,1.249046
25,75,2.356194
25,84,3.141593
26,31,-2.819842
26,34,0.785398
26,49,0.785398
26,63,0.000000
26,64,-1.570796
26,71,-0.785398
26,72,-1.570796
26,84,-2.356194
27,8,0.321751
27,22,2.356194
27,34,-0.785398
27,35,-2.356194
27,36,0.785398
27,37,1.892547
27,52,3.141593
27,60,0.000000
27,69,3.141593
27,74,-1.249046
27,75,-2.356194
28,8,-0.785398
28,16,1.249046
28,17,2.356194
28,22,3.141593
28,27,0.000000
28,31,-2.356194
28,32,0.785398
28,38,-2.356194
28,39,0.785398
28,40,1.570796
28,41,2.356194
28,58,3.141593
28,78,2.356194
28,79,0.785398
29,13,0.000000
29,19,2.356194
29,22,-1.570796
29,42,0.000000
29,45,-2.356194
29,51,3.141593
29,53,0.000000
29,62,1.249046
29,63,2.356194
29,68,3.141593
30,8,2.356194
30,24,2.356194
30,27,3.141593
30,30,1.570796
30,34,-1.249046
30,36,-1.570796
30,37,-2.356194
30,38,0.785398
30,61,-0.785398
30,62,-1.892547
30,71,1.249046
30,72,2.356194
30,73,0.785398
30,74,1.570796
30,76,-1.892547
30,79,0.321751
30,82,2.356194
30,83,0.000000
31,7,0.321751
31,39,-1.249046
31,40,-2.356194
31,57,1.249046
31,58,3.141593
31,67,0.000000
31,68,-1.570796
32,7,-0.785398
32,21,3.141593
32,23,-1.570796
32,27,0.000000
32,33,2.356194
32,43,-1.249046
32,44,-2.356194
32,50,0.785398
32,54,0.000000
32,56,-0.785398
32,60,0.000000
32,72,-2.356194
32,73,-0.785398
32,74,-1.570796
32,75,-2.356194
32,78,-0.785398
32,79,-1.570796
33,7,2.356194
33,17,1.570796
33,34,0.785398
33,35,2.356194
33,58,-2.356194
33,82,2.819842
34,6,0.321751
34,17,0.000000
34,42,3.141593
34,52,3.141593
34,65,1.249046
34,66,2.356194
34,70,-2.356194
34,76,0.000000
34,79,0.785398
35,6,-1.570796
35,19,-1.570796
35,33,-0.785398
35,34,-2.356194
35,55,0.785398
35,62,2.356194
35,64,-0.785398
35,65,-1.892547
35,80,-1.249046
35,82,3.141593
36,17,-2.819842
36,20,0.785398
36,22,1.570796
36,24,1.570796
36,31,-1.570796
36,40,0.785398
36,44,0.000000
36,47,3.141593
36,56,-2.356194
36,61,-0.785398
36,67,1.249046
36,68,2.356194
36,69,-0.785398
36,72,2.356194
37,14,0.000000
37,26,-1.249046
37,28,-1.570796
37,53,0.000000
37,66,-0.785398
37,67,-1.892547
37,81,-0.785398
38,19,0.000000
38,23,0.000000
38,30,-1.249046
38,31,-2.356194
38,41,-0.321751
38,46,2.356194
38,48,0.000000
38,49,3.141593
38,60,0.000000
38,61,-1.570796
38,62,-2.356194
39,12,1.570796
39,23,0.785398
39,35,-2.356194
39,42,-1.249046
39,43,-2.356194
39,45,0.000000
39,56,0.000000
39,69,0.785398
39,72,-2.356194
40,12,0.000000
40,14,0.000000
40,25,2.356194
40,49,1.249046
40,50,2.356194
40,54,3.141593
40,63,1.249046
40,64,2.356194
41,5,0.785398
41,12,-1.570796
41,15,0.000000
41,22,-0.785398
41,30,0.785398
41,31,1.570796
41,32,2.356194
41,37,3.141593
41,42,2.356194
41,43,0.785398
41,44,1.570796
41,46,-1.570796
41,47,-2.356194
41,48,-0.785398
41,49,-1.892547
41,62,-0.785398
41,63,-1.892547
41,68,0.000000
41,83,0.000000
41,84,1.892547
41,87,2.356194
42,5,0.000000
42,24,-2.356194
42,41,-0.785398
42,53,1.249046
42,54,2.356194
42,56,0.785398
42,57,1.570796
42,58,2.356194
42,72,2.356194
42,87,-2.356194
43,5,-0.785398
43,16,-1.570796
43,24,0.785398
43,26,1.249046
43,27,2.356194
43,52,-0.785398
43,53,-1.892547
43,64,0.000000
43,66,0.785398
43,67,1.892547
43,69,0.000000
43,82,0.785398
44,33,2.356194
44,40,-0.785398
44,41,-1.570796
44,45,-2.356194
44,46,0.785398
44,47,2.356194
44,57,-0.785398
44,58,-2.356194
44,61,3.141593
44,68,-2.356194
44,83,-1.249046
45,12,1.249046
45,13,3.141593
45,56,3.141593
45,66,1.570796
46,11,0.000000
46,12,-1.892547
46,44,-2.356194
46,46,-0.785398
46,61,0.000000
46,65,-0.785398
47,4,0.321751
47,6,-2.356194
47,16,1.249046
47,17,3.141593
47,27,-2.356194
47,30,-0.785398
47,31,-1.570796
47,32,-2.356194
47,37,0.785398
47,55,0.000000
47,58,3.141593
47,81,0.785398
47,82,1.892547
48,4,-0.785398
48,15,-0.785398
48,16,-1.892547
48,46,1.249046
48,47,2.356194
48,48,3.141593
48,52,0.000000
48,53,3.141593
48,55,-0.785398
48,67,2.356194
48,82,-1.249046
48,84,1.892547
49,26,-2.356194
49,29,0.785398
49,30,1.570796
49,31,2.356194
49,37,-0.785398
49,41,0.000000
49,58,2.356194
49,60,0.000000
49,63,3.141593
49,77,0.785398
49,78,1.892547
49,86,2.356194
49,87,-0.785398
49,89,2.819842
50,4,0.785398
50,24,-0.785398
50,49,1.249046
50,50,2.356194
50,52,0.785398
50,53,1.570796
50,78,-1.249046
50,79,-2.356194
50,89,-2.356194
51,4,-0.321751
51,6,2.356194
51,47,-2.356194
51,48,-0.785398
51,63,1.249046
51,65,-1.570796
51,72,-2.356194
51,85,2.356194
52,8,2.356194
52,14,1.249046
52,15,3.141593
52,29,-0.785398
52,30,-1.570796
52,31,-2.356194
52,32,0.785398
52,33,1.570796
52,34,2.356194
52,36,0.785398
52,37,1.570796
52,39,1.570796
52,40,2.356194
52,42,0.785398
52,43,1.570796
52,50,2.356194
52,53,-0.321751
52,55,-2.819842
52,60,2.356194
52,62,-0.785398
52,89,2.356194
53,5,-1.570796
53,7,-1.892547
53,13,0.000000
53,14,-1.892547
53,19,1.249046
53,20,3.141593
53,45,-1.249046
53,46,-2.356194
53,49,-0.785398
53,59,-1.570796
53,79,0.785398
53,80,1.892547
53,85,-1.249046
53,86,-2.356194
53,89,3.141593
54,3,-0.785398
54,17,1.249046
54,19,-1.892547
54,24,2.356194
54,33,2.356194
54,39,-1.570796
54,40,-2.356194
54,42,-0.785398
54,55,-2.356194
54,57,0.785398
54,62,1.249046
54,64,-1.570796
54,65,-2.356194
54,73,0.785398
54,74,1.892547
54,80,-1.249046
54,81,-2.356194
54,89,-2.356194
55,9,1.249046
55,10,3.141593
55,22,1.249046
55,28,1.249046
55,29,2.356194
55,61,-0.785398
55,62,-1.892547
55,69,-0.785398
55,74,-1.249046
55,75,-2.356194
55,89,2.356194
56,3,0.785398
56,21,0.000000
56,22,-1.892547
56,26,0.785398
56,48,0.000000
56,56,1.249046
56,58,-1.892547
56,89,3.141593
57,3,0.000000
57,7,-0.785398
57,8,-1.892547
57,24,-1.570796
57,42,0.785398
57,43,1.570796
57,44,2.356194
57,46,3.141593
57,51,2.356194
57,54,0.000000
57,55,-0.785398
57,56,-1.892547
57,66,0.785398
57,73,0.000000
57,75,3.141593
57,89,-2.356194
58,3,-0.785398
58,17,1.249046
58,18,3.141593
58,23,1.570796
58,32,-0.785398
58,33,-1.570796
58,35,-1.570796
58,36,-2.356194
58,39,0.785398
58,40,1.570796
58,41,3.141593
58,50,-0.785398
58,61,0.785398
58,62,2.356194
58,77,0.000000
58,83,0.000000
58,84,1.892547
58,89,2.356194
59,10,1.570796
59,20,1.249046
59,21,2.356194
59,25,0.785398
59,46,2.356194
59,56,1.249046
59,57,2.356194
59,62,-2.356194
59,69,1.570796
59,73,0.000000
59,81,3.141593
59,84,-1.249046
59,85,-2.356194
59,89,3.141593
60,7,1.249046
60,8,2.356194
60,9,-0.785398
60,10,-2.356194
60,14,-0.785398
60,15,-1.892547
60,43,-0.785398
60,53,1.249046
60,54,2.356194
60,55,-0.785398
60,56,-1.892547
60,64,1.249046
60,66,-1.892547
60,70,3.141593
60,89,-2.356194
61,3,0.785398
61,12,3.141593
61,29,2.819842
61,35,1.249046
61,36,2.356194
61,49,1.249046
61,50,2.356194
61,51,0.785398
61,61,-0.785398
61,73,3.141593
62,3,0.000000
62,5,-0.785398
62,6,-1.892547
62,22,-1.892547
62,34,0.321751
62,47,1.570796
62,49,-1.892547
62,58,0.785398
62,59,2.356194
62,65,-2.356194
62,75,0.000000
63,3,-0.785398
63,14,1.249046
63,15,3.141593
63,39,0.321751
63,42,1.570796
63,54,1.570796
63,55,3.141593
63,85,0.785398
63,86,1.892547
64,3,0.785398
64,13,0.000000
64,14,-1.892547
64,18,0.000000
64,19,-1.892547
64,22,1.249046
64,24,-1.892547
64,49,1.249046
64,50,2.356194
64,51,-0.785398
64,52,-1.892547
64,59,0.000000
64,74,0.785398
64,75,1.892547
64,86,-1.249046
64,87,-2.356194
64,88,-0.785398
64,90,2.819842
65,3,0.000000
65,7,-0.785398
65,8,-1.892547
65,16,1.249046
65,17,3.141593
65,36,0.785398
65,39,-2.819842
65,63,-1.249046
65,64,-2.356194
65,90,-2.356194
66,3,-1.570796
66,10,1.249046
66,11,3.141593
66,29,-1.570796
66,55,0.785398
66,58,-0.785398
66,59,-2.356194
66,68,0.000000
66,69,1.892547
66,76,-1.249046
66,77,-2.356194
66,84,0.000000
66,85,1.892547
67,23,1.249046
67,27,0.000000
67,31,1.570796
67,41,0.785398
67,48,-2.819842
67,70,-2.356194
68,8,0.000000
68,9,-1.892547
68,13,0.000000
68,14,-1.892547
68,18,0.000000
68,19,-1.892547
68,26,-2.356194
68,31,-2.819842
68,54,-0.785398
68,81,0.000000
68,82,1.892547
68,86,-1.249046
68,87,3.141593
68,90,2.356194
69,6,1.249046
69,7,3.141593
69,16,1.249046
69,17,3.141593
69,25,1.570796
69,29,0.000000
69,30,-1.892547
69,33,1.249046
69,35,-1.892547
69,38,2.356194
69,42,-1.570796
69,45,-2.356194
69,48,0.000000
69,49,1.892547
69,51,1.570796
69,57,1.570796
69,82,-1.249046
69,84,1.892547
69,90,3.141593
70,10,1.249046
70,11,3.141593
70,25,-2.819842
70,27,0.000000
70,32,0.000000
70,33,-1.892547
70,38,-2.819842
70,41,1.570796
70,51,3.141593
70,58,-2.356194
70,78,0.000000
70,79,1.892547
70,90,-1.570796
71,3,0.785398
71,5,-1.892547
71,19,0.000000
71,20,-1.892547
71,23,0.000000
71,41,-2.819842
71,51,-2.356194
71,72,0.000000
71,79,-1.249046
71,80,3.141593
71,91,-2.356194
72,3,-1.570796
72,17,1.249046
72,18,3.141593
72,25,2.356194
72,34,1.249046
72,36,-1.892547
72,48,0.000000
72,49,-1.570796
72,50,-2.356194
72,81,0.000000
72,82,1.892547
72,86,-1.249046
72,87,3.141593
73,7,0.000000
73,8,-1.892547
73,24,0.000000
73,25,-2.356194
73,33,0.000000
73,34,-1.892547
73,38,0.000000
73,53,0.000000
73,71,0.785398
73,72,1.892547
73,82,-1.249046
73,83,3.141593
73,88,-2.356194
74,19,1.249046
74,20,3.141593
74,26,0.785398
74,27,3.141593
74,32,1.570796
74,41,3.141593
74,45,1.249046
74,46,3.141593
74,50,0.000000
74,51,3.141593
74,65,0.785398
74,66,1.892547
74,72,-1.249046
74,74,1.892547
74,84,-2.356194
75,5,3.141593
75,18,0.000000
75,22,-0.785398
75,26,-1.570796
75,31,0.000000
75,39,0.000000
75,40,-1.892547
75,44,0.000000
75,45,-1.892547
75,66,-1.249046
75,67,-2.356194
75,69,0.785398
75,70,1.892547
75,74,-1.249046
75,75,3.141593
75,81,3.141593
75,90,0.000000
75,91,3.141593
76,8,1.249046
76,10,-1.892547
76,17,0.785398
76,24,1.249046
76,25,3.141593
76,52,1.249046
76,53,2.356194
76,70,-1.249046
76,71,3.141593
76,76,-2.356194
77,2,0.321751
77,23,0.000000
77,24,-1.892547
77,28,3.141593
77,37,-0.785398
77,41,0.000000
77,45,1.249046
77,46,2.356194
77,47,3.141593
77,50,0.000000
77,51,-0.785398
77,52,-1.892547
77,74,3.141593
78,2,-0.785398
78,16,0.000000
78,17,-1.892547
78,27,-1.570796
78,32,0.785398
78,44,0.000000
78,45,-1.892547
78,78,0.000000
79,30,0.000000
79,33,-2.356194
79,43,-0.785398
79,47,0.000000
79,48,3.141593
79,52,0.000000
79,59,0.785398
79,60,1.570796
79,61,2.356194
79,69,0.000000
79,70,1.892547
79,80,-2.356194
79,85,0.785398
80,3,0.785398
80,5,-1.892547
80,18,-0.785398
80,70,-1.249046
80,72,1.892547
80,76,0.000000
80,82,0.785398
80,86,-2.356194
81,3,-1.570796
81,36,2.356194
81,72,-1.249046
81,73,3.141593
82,2,-0.785398
82,17,3.141593
82,31,2.356194
82,48,3.141593
82,56,0.785398
82,57,1.570796
82,59,-1.570796
82,60,-2.356194
82,61,3.141593
82,74,0.000000
82,75,1.892547
82,79,0.000000
82,80,1.892547
83,34,-0.785398
83,39,3.141593
83,46,-0.785398
83,63,0.000000
83,64,3.141593
83,70,0.000000
83,71,1.892547
83,75,-1.249046
83,76,3.141593
83,80,-1.249046
83,81,3.141593
84,5,0.000000
84,6,-1.892547
84,29,-0.785398
84,32,1.570796
84,37,-0.785398
84,59,3.141593
84,71,-1.249046
84,73,1.892547
85,19,-0.785398
85,32,-1.570796
85,49,-0.785398
85,68,0.785398
85,73,-1.249046
85,74,3.141593
85,82,-1.570796
85,87,-2.356194
86,22,0.000000
86,23,3.141593
86,42,2.356194
86,52,0.000000
86,55,3.141593
86,62,0.000000
86,70,0.785398
86,79,0.000000
87,2,-0.785398
87,11,1.249046
87,12,3.141593
87,59,0.000000
87,60,3.141593
87,71,-1.570796
88,5,0.000000
88,16,2.356194
88,21,2.356194
88,40,-0.785398
88,62,0.785398
88,78,0.785398
88,84,0.785398
88,85,1.892547
89,15,3.141593
89,55,0.000000
89,57,0.785398
89,58,1.892547
89,63,0.000000
89,64,1.892547
89,70,3.141593
89,79,-1.249046
89,81,-1.570796
89,82,-2.356194
89,85,-1.249046
89,86,-2.356194
89,87,3.141593
90,8,0.000000
90,9,-1.892547
90,14,-1.570796
90,18,-0.785398
90,58,-1.249046
90,59,-2.356194
90,64,-1.249046
90,65,-2.356194
91,7,1.570796
91,12,1.249046
91,13,3.141593
91,52,0.000000
91,54,3.141593
91,76,-2.356194
92,7,-2.819842
92,11,0.321751
92,17,2.356194
92,56,0.000000
93,5,0.000000
93,6,-1.892547
93,11,-1.570796
93,81,0.785398
93,85,0.785398
94,9,1.249046
94,10,3.141593
94,16,-1.570796
94,49,2.356194
94,53,0.000000
94,60,-2.356194
94,70,-2.356194
95,2,-0.785398
95,8,0.321751
95,48,-0.785398
95,56,-2.356194
95,91,1.570796
96,8,-1.570796
96,13,2.356194
96,19,1.570796
96,62,0.000000
96,63,0.785398
96,68,-2.356194
96,73,3.141593
96,77,1.570796
96,91,-1.570796
97,12,1.570796
97,18,-0.785398
97,32,2.356194
97,50,0.000000
97,60,0.785398
97,64,-1.570796
97,71,-0.785398
97,80,0.000000
97,88,-1.570796
98,5,-0.785398
98,10,0.000000
98,11,-0.785398
98,16,-0.785398
98,22,-1.570796
98,30,0.000000
98,56,3.141593
98,61,-2.356194
98,66,3.141593
98,78,-2.356194
98,82,-2.356194
98,86,3.141593
