12,40,1.249046
12,41,2.356194
13,61,1.570796
14,19,0.785398
14,20,2.356194
14,40,-2.356194
15,13,1.249046
15,14,3.141593
15,20,-1.570796
16,12,0.321751
17,12,-0.785398
19,77,3.141593
21,12,2.356194
22,26,0.785398
22,39,0.321751
22,41,2.819842
23,26,0.000000
25,8,0.321751
25,26,-0.321751
25,28,-2.819842
26,8,-0.785398
26,42,1.249046
26,43,2.356194
26,49,-0.785398
26,50,-1.892547
27,18,1.249046
27,27,0.785398
27,34,1.249046
27,35,2.356194
27,41,-0.785398
27,42,-1.892547
28,33,-0.785398
28,34,-1.892547
29,8,2.356194
29,20,-2.819842
29,26,0.000000
29,27,-1.892547
29,48,0.000000
29,62,1.249046
29,64,1.570796
29,66,-1.892547
30,7,0.321751
30,19,-1.892547
30,39,0.000000
30,45,3.141593
31,7,-0.785398
31,17,-1.892547
31,65,2.819842
32,28,3.141593
32,62,-1.570796
32,65,-2.356194
33,18,1.249046
33,19,3.141593
33,25,1.249046
33,26,3.141593
33,32,3.141593
33,43,1.249046
33,44,2.356194
33,46,3.141593
33,52,0.000000
33,60,0.785398
34,17,-0.785398
34,18,-1.892547
34,23,1.249046
34,25,-1.892547
34,29,0.000000
34,40,0.785398
34,41,1.570796
34,43,-1.892547
34,64,1.570796
34,83,2.356194
35,22,0.000000
35,23,-1.892547
35,33,1.249046
35,34,2.356194
35,62,-1.249046
35,64,-2.356194
36,7,0.785398
36,19,1.249046
36,20,2.356194
36,32,-0.785398
36,33,-1.892547
36,42,-2.356194
36,44,3.141593
36,54,0.000000
36,65,0.000000
36,66,1.892547
37,10,1.570796
37,11,2.356194
37,18,-0.785398
37,19,-1.892547
37,28,0.000000
37,60,0.785398
37,61,1.892547
37,66,-1.249046
37,67,-2.356194
38,26,3.141593
38,36,2.356194
38,51,0.000000
38,52,3.141593
38,61,-1.249046
38,62,3.141593
39,10,-2.819842
39,14,3.141593
39,21,1.249046
39,22,2.356194
39,32,1.249046
39,33,2.356194
40,19,1.249046
40,21,-1.892547
40,31,-0.785398
40,32,-1.892547
40,58,0.785398
40,77,-0.785398
40,78,-1.892547
41,4,-1.570796
41,6,-1.249046
41,8,-1.892547
41,18,0.000000
41,19,-1.892547
41,60,0.785398
41,61,1.892547
42,34,0.000000
42,38,3.141593
42,61,-1.249046
42,62,3.141593
43,14,1.249046
43,15,3.141593
43,70,0.000000
43,71,1.892547
44,29,1.249046
44,30,2.356194
44,31,3.141593
44,56,0.000000
44,57,3.141593
44,64,-2.356194
44,71,-1.249046
44,72,3.141593
44,85,2.356194
45,12,0.000000
45,13,-1.892547
45,18,1.249046
45,19,3.141593
45,27,1.249046
45,29,-1.892547
45,73,0.000000
45,74,1.892547
46,3,0.785398
46,10,0.000000
46,17,-0.785398
46,18,-1.892547
46,26,-0.785398
46,27,-1.892547
46,35,0.000000
46,40,3.141593
46,60,0.000000
46,68,0.785398
47,3,0.000000
47,5,-0.785398
47,6,-1.892547
47,14,1.249046
47,15,3.141593
47,22,1.249046
47,23,3.141593
47,75,-1.249046
47,76,-2.356194
47,82,-0.785398
47,83,-1.892547
48,3,-1.570796
48,21,0.000000
48,22,-1.892547
48,40,2.356194
48,64,-2.356194
48,71,0.000000
48,72,1.892547
49,12,0.000000
49,13,-1.892547
49,18,1.249046
49,19,2.356194
49,66,0.785398
49,72,-1.249046
49,73,3.141593
50,17,0.000000
50,18,-1.892547
50,44,0.785398
50,60,0.000000
50,68,0.785398
50,69,1.892547
51,2,0.785398
51,6,1.249046
51,7,2.356194
51,33,1.570796
51,45,-1.570796
51,62,0.000000
51,63,1.892547
51,69,-1.249046
51,70,-2.356194
51,71,3.141593
51,75,0.000000
51,76,1.892547
52,13,0.785398
52,14,1.570796
52,15,3.141593
52,22,0.785398
52,46,-2.356194
52,63,-1.249046
52,64,3.141593
52,77,2.819842
53,23,-2.356194
53,33,-1.570796
53,66,0.785398
53,67,1.892547
54,5,-2.819842
54,14,-2.819842
54,50,0.000000
54,59,0.000000
54,60,0.785398
54,61,1.892547
54,67,-1.249046
54,68,-2.356194
54,69,3.141593
54,77,0.000000
55,4,-1.892547
55,8,0.785398
55,20,0.785398
55,25,0.785398
55,71,0.785398
55,77,-0.785398
55,86,2.356194
56,6,1.249046
56,7,3.141593
56,13,3.141593
56,21,-2.356194
56,31,0.785398
56,62,-1.249046
56,64,1.892547
56,78,-0.785398
56,79,-1.570796
56,80,-2.356194
56,86,3.141593
57,9,-0.785398
57,11,0.000000
57,13,-2.356194
57,27,-2.356194
57,32,-2.356194
57,57,0.000000
57,58,1.892547
57,64,-1.249046
57,65,3.141593
57,75,3.141593
57,86,-2.356194
58,3,0.000000
58,4,-0.785398
58,5,-1.892547
58,13,2.356194
58,34,0.785398
58,58,-1.249046
58,60,1.892547
59,8,0.000000
59,9,-1.570796
59,35,-2.356194
59,60,-1.249046
59,61,3.141593
59,68,-2.356194
60,6,1.249046
60,7,3.141593
60,20,0.785398
60,25,0.785398
60,74,0.785398
60,86,2.356194
61,21,-2.356194
61,26,-2.356194
61,45,0.000000
61,50,3.141593
61,56,0.000000
61,64,-2.356194
61,80,2.356194
61,86,3.141593
62,4,0.000000
62,5,-1.892547
62,8,0.785398
62,76,-2.356194
62,79,-0.785398
62,86,-2.356194
63,2,0.000000
63,7,1.570796
63,22,0.785398
63,29,0.785398
63,61,0.000000
63,62,1.892547
64,6,0.321751
64,23,-2.356194
64,30,-2.356194
64,40,0.000000
64,44,3.141593
64,56,0.000000
64,58,3.141593
64,62,-1.249046
64,63,-2.356194
65,11,-2.356194
65,15,0.785398
65,75,0.785398
65,86,2.356194
66,4,0.000000
66,5,-0.785398
66,6,-1.570796
66,28,0.785398
66,35,0.000000
66,38,3.141593
66,42,1.570796
66,47,0.000000
66,50,3.141593
66,55,0.785398
66,67,0.785398
66,71,0.785398
66,86,3.141593
67,8,-2.356194
67,12,0.785398
67,29,-2.356194
67,42,-1.570796
67,68,-1.570796
67,73,3.141593
67,77,-2.356194
67,86,-2.356194
68,8,-1.570796
68,13,-2.356194
68,18,1.570796
68,24,0.000000
68,36,0.785398
68,63,0.000000
69,19,3.141593
69,27,-2.356194
69,39,3.141593
69,41,0.000000
69,47,3.141593
69,50,0.000000
69,60,0.785398
69,61,1.892547
69,75,0.785398
70,20,0.000000
70,21,1.892547
70,76,-2.356194
70,81,0.785398
71,4,2.356194
71,16,0.785398
71,21,-1.249046
71,33,0.000000
71,35,3.141593
71,57,0.000000
71,58,1.892547
71,62,-1.249046
71,63,3.141593
71,67,0.000000
71,68,1.892547
71,73,0.000000
71,85,-0.785398
71,87,2.819842
72,23,-1.570796
72,39,0.000000
72,41,3.141593
72,53,0.785398
72,58,-1.249046
72,59,3.141593
72,68,-1.249046
72,69,3.141593
72,74,-1.570796
72,87,-2.356194
73,2,-0.785398
73,24,-2.356194
73,26,0.785398
73,47,0.000000
73,65,0.000000
73,66,1.892547
74,27,-2.356194
74,36,0.000000
74,37,3.141593
74,56,1.892547
74,61,0.000000
74,62,1.892547
74,71,0.000000
74,72,1.892547
75,6,0.785398
75,7,1.892547
75,12,0.785398
75,23,-2.356194
75,62,-1.249046
75,64,1.892547
75,77,2.356194
76,4,0.785398
76,7,-1.249046
76,8,3.141593
76,13,-2.356194
76,18,0.785398
76,59,0.000000
76,60,1.892547
76,65,2.819842
76,78,-2.356194
77,19,-2.356194
77,21,0.785398
77,34,0.000000
77,54,-0.785398
77,65,-1.570796
77,74,-1.249046
77,75,-2.356194
78,2,-0.785398
78,53,1.570796
78,61,-1.249046
78,62,3.141593
78,66,1.570796
78,70,-1.249046
78,71,3.141593
78,81,0.785398
79,6,2.356194
79,12,-2.356194
79,50,0.785398
79,51,1.570796
79,57,-1.249046
79,58,3.141593
79,63,1.570796
79,66,-0.321751
79,72,1.570796
80,6,-2.819842
80,18,0.000000
80,19,3.141593
80,29,3.141593
80,40,-0.785398
80,53,-1.249046
80,54,3.141593
80,64,3.141593
80,73,3.141593
80,87,2.356194
81,51,2.356194
81,55,0.000000
81,68,-1.249046
81,85,0.785398
81,87,-2.819842
82,18,0.785398
82,35,0.000000
82,36,3.141593
82,49,1.249046
82,51,-2.356194
82,56,-1.570796
82,70,-1.570796
83,2,0.321751
83,6,1.570796
83,12,0.785398
83,19,-2.356194
83,41,0.000000
83,48,-0.785398
83,49,-1.892547
83,57,0.000000
83,58,1.892547
83,66,-1.570796
83,71,0.000000
83,72,1.892547
83,76,1.570796
84,2,-0.785398
84,13,-2.356194
84,31,0.785398
84,53,0.000000
84,54,1.892547
84,73,2.819842
84,76,-0.321751
85,8,2.356194
85,17,0.785398
85,37,3.141593
85,55,2.819842
85,59,-1.249046
85,60,3.141593
86,3,0.785398
86,4,3.141593
86,44,0.000000
86,45,0.785398
86,46,1.570796
86,47,2.356194
86,48,3.141593
86,55,-1.570796
86,73,-0.321751
86,74,2.819842
86,77,-0.785398
86,86,2.356194
87,3,-0.785398
87,6,1.570796
87,25,3.141593
87,51,0.785398
87,58,2.356194
87,61,-1.570796
87,66,1.570796
87,77,-1.570796
87,86,3.141593
88,3,-1.570796
88,5,0.321751
88,6,-2.819842
88,10,3.141593
88,12,0.000000
88,27,0.000000
88,39,3.141593
88,47,-2.356194
88,52,-2.356194
88,57,0.000000
88,66,-0.321751
88,67,2.819842
88,75,2.819842
88,86,-2.356194
89,5,-1.570796
89,59,2.356194
89,64,1.570796
89,67,-1.570796
89,71,0.000000
89,75,-1.570796
90,7,1.570796
90,11,1.570796
90,41,1.249046
90,42,2.356194
90,45,3.141593
90,54,0.785398
90,58,0.000000
90,68,-2.356194
91,7,-2.819842
91,36,0.000000
91,40,-0.785398
91,41,-1.892547
91,55,-2.356194
91,65,0.000000
92,2,-0.785398
92,5,0.321751
92,10,0.785398
92,13,0.000000
92,34,3.141593
92,59,-2.356194
92,66,-1.570796
92,74,1.570796
93,5,-1.570796
93,8,1.249046
93,9,3.141593
93,11,-2.356194
93,63,0.785398
93,67,1.570796
93,78,1.570796
93,84,1.249046
93,85,3.141593
94,7,0.321751
94,22,0.785398
94,23,1.570796
94,24,2.356194
94,46,0.785398
94,60,0.785398
94,67,-0.321751
94,71,0.785398
94,78,-0.321751
95,7,-0.785398
95,26,0.785398
95,27,2.356194
95,29,0.785398
95,30,1.892547
95,47,-2.356194
95,69,2.819842
95,76,1.570796
95,82,-0.785398
95,83,-1.892547
96,7,-1.570796
96,22,-0.785398
96,30,-1.249046
96,31,-2.356194
96,35,3.141593
96,51,0.785398
96,69,-1.570796
96,73,-2.356194
96,77,-2.356194
96,78,-0.785398
96,79,-1.892547
97,2,-1.570796
97,25,-0.785398
97,48,0.785398
97,52,-2.356194
97,59,0.785398
98,23,-0.785398
98,49,-2.356194
98,60,-2.356194
98,63,-1.570796
98,67,-2.356194
98,71,-2.356194
