8,54,0.785398
8,55,1.570796
8,56,2.356194
8,63,0.785398
8,64,1.570796
8,65,2.356194
9,44,1.249046
9,45,3.141593
10,17,1.249046
10,18,2.356194
10,43,0.321751
11,38,1.892547
11,54,0.321751
11,56,2.819842
12,34,1.892547
12,40,1.892547
12,46,1.892547
12,64,0.785398
13,11,1.249046
13,12,3.141593
13,16,-1.570796
13,27,1.892547
13,64,0.000000
14,10,0.321751
14,34,-1.892547
14,46,-1.892547
14,48,-2.356194
14,66,-2.356194
15,10,-0.785398
15,17,0.785398
15,19,1.249046
15,60,0.785398
15,61,1.892547
15,65,-2.356194
15,70,1.892547
15,80,3.141593
16,24,0.321751
16,36,0.000000
16,43,-2.356194
16,56,-1.570796
16,57,-2.356194
16,58,0.785398
16,72,1.892547
17,36,-1.570796
17,40,-2.819842
17,70,-1.892547
17,77,-1.892547
18,10,0.785398
18,53,-2.356194
19,10,0.000000
19,22,1.249046
19,31,3.141593
19,36,-2.356194
19,38,-0.785398
19,46,-1.570796
19,48,3.141593
19,53,0.785398
19,57,0.785398
19,62,0.000000
20,19,-1.249046
20,55,1.892547
20,59,-2.819842
20,62,-0.785398
20,65,-1.249046
20,67,3.141593
20,70,0.321751
20,75,-2.819842
21,10,0.000000
21,25,2.819842
21,30,0.321751
21,40,-0.785398
21,42,-1.249046
21,44,3.141593
21,48,0.000000
21,51,0.785398
21,62,2.356194
21,70,-0.785398
22,17,0.785398
22,21,-1.570796
22,35,1.892547
22,40,2.356194
22,58,-2.356194
22,61,0.321751
23,11,2.819842
23,17,0.000000
23,19,0.785398
23,28,1.892547
23,37,2.356194
23,46,1.570796
23,47,3.141593
23,52,-1.570796
23,64,0.785398
23,70,-1.570796
23,71,-2.356194
24,7,-1.570796
24,20,-1.249046
24,21,-2.356194
24,23,0.785398
24,49,0.785398
24,51,1.570796
24,55,0.321751
24,58,-2.356194
24,59,0.785398
24,61,-2.819842
24,78,1.892547
25,11,-2.356194
25,14,1.249046
25,17,-2.819842
25,26,-1.249046
25,28,-1.892547
25,30,-2.356194
25,40,-0.785398
25,49,-0.321751
25,55,-0.785398
25,68,-2.356194
25,76,-1.892547
26,24,2.356194
26,40,2.356194
26,53,1.892547
26,55,2.356194
26,60,0.000000
26,62,0.785398
26,68,2.356194
26,71,0.785398
26,80,-2.356194
27,18,2.356194
27,21,0.785398
27,22,1.570796
27,30,2.356194
27,35,1.570796
27,47,1.570796
27,55,-2.819842
27,60,-0.785398
27,74,-2.356194
27,87,2.356194
28,6,0.785398
28,24,-1.249046
28,25,-2.356194
28,28,0.785398
28,35,0.000000
28,37,-0.785398
28,60,2.356194
28,64,0.785398
28,70,-0.785398
28,76,0.321751
29,9,1.892547
29,22,2.356194
29,49,-1.570796
29,54,-1.570796
29,55,-2.356194
29,57,0.785398
29,58,1.570796
29,60,-2.356194
29,64,-1.570796
29,76,-0.785398
29,79,0.000000
30,5,0.321751
30,21,-0.785398
30,22,-2.356194
30,29,-1.570796
30,35,3.141593
30,38,0.000000
30,39,-1.570796
30,41,1.892547
30,61,0.000000
30,72,0.000000
30,74,1.892547
30,79,-1.570796
30,85,-1.892547
31,5,-0.785398
31,7,-1.249046
31,9,-1.892547
31,19,3.141593
31,23,0.000000
31,24,1.570796
31,25,2.356194
31,27,0.785398
31,35,-1.570796
31,37,1.570796
31,51,3.141593
31,57,0.321751
31,81,0.321751
32,29,2.819842
32,57,-0.785398
32,60,0.785398
32,83,-2.356194
33,15,-0.785398
33,29,-1.570796
33,31,1.249046
33,32,2.356194
33,35,-0.785398
33,39,1.570796
33,53,2.356194
33,57,2.356194
33,71,0.000000
34,4,0.321751
34,6,-2.356194
34,10,0.785398
34,11,2.356194
34,20,0.785398
34,21,1.892547
34,57,-2.819842
34,60,0.000000
34,61,-1.892547
34,69,1.570796
34,70,3.141593
34,76,3.141593
34,88,2.356194
35,4,-0.785398
35,11,-2.356194
35,25,-2.356194
35,44,0.785398
35,59,-0.785398
35,74,-0.785398
35,81,-1.892547
35,88,3.141593
36,4,0.785398
36,40,-1.249046
36,42,-1.892547
36,51,-1.249046
36,53,1.570796
36,64,-2.356194
36,65,-0.785398
36,69,-2.819842
36,77,1.249046
36,79,-1.892547
36,88,-2.356194
37,4,0.000000
37,10,-0.785398
37,13,2.356194
37,16,-0.785398
37,17,-1.570796
37,19,1.570796
37,21,-1.570796
37,30,-0.785398
37,32,0.000000
37,33,1.570796
37,35,1.570796
37,55,-1.570796
37,61,-0.785398
37,62,-1.892547
38,4,-0.785398
38,23,-1.249046
38,24,-2.356194
38,30,0.785398
38,44,1.249046
38,46,-1.892547
38,53,0.785398
38,57,2.356194
38,67,1.570796
38,79,2.356194
39,19,2.356194
39,35,-0.321751
39,43,-0.785398
39,48,2.356194
39,53,0.000000
39,55,-0.785398
39,56,-1.892547
39,64,1.249046
39,65,2.356194
39,66,-0.785398
39,82,0.785398
39,83,2.356194
40,11,-0.785398
40,12,-1.570796
40,13,-2.356194
40,41,2.356194
40,46,2.356194
40,62,0.785398
40,72,0.000000
40,73,-1.892547
40,78,-2.356194
40,82,-1.570796
40,86,2.356194
40,87,-0.785398
40,89,2.819842
41,9,3.141593
41,26,-0.785398
41,27,-1.892547
41,34,1.570796
41,44,0.000000
41,51,0.785398
41,53,-2.819842
41,57,0.000000
41,71,1.570796
41,78,0.785398
41,81,1.570796
41,84,0.321751
41,89,-2.356194
42,4,0.785398
42,19,-0.785398
42,43,0.000000
42,48,-1.892547
42,63,-1.570796
42,70,0.321751
42,78,0.000000
43,4,0.000000
43,7,-0.785398
43,10,2.356194
43,46,-1.892547
43,50,1.249046
43,59,2.356194
43,72,2.356194
43,84,3.141593
44,4,-0.785398
44,16,0.785398
44,17,2.356194
44,18,-0.785398
44,19,-1.570796
44,20,-2.356194
44,26,1.249046
44,31,1.249046
44,38,-1.892547
44,42,0.000000
44,43,-0.785398
44,44,-1.892547
44,49,0.321751
44,69,0.000000
44,75,1.249046
44,76,2.356194
44,77,-0.785398
44,90,2.356194
45,16,-0.785398
45,24,0.785398
45,36,-1.892547
45,49,-0.785398
45,52,0.000000
45,53,3.141593
45,65,2.356194
45,66,0.785398
45,67,1.570796
45,68,3.141593
45,73,-2.356194
45,84,0.000000
45,90,3.141593
46,27,0.000000
46,38,1.249046
46,39,3.141593
46,44,0.785398
46,49,2.356194
46,58,2.356194
46,64,-0.785398
46,75,-2.356194
46,84,-1.570796
46,86,1.570796
47,4,0.785398
47,7,1.249046
47,9,-1.570796
47,11,1.570796
47,12,2.356194
47,22,0.785398
47,43,0.000000
47,52,1.249046
47,53,2.356194
47,54,0.785398
47,55,1.570796
47,56,2.356194
47,57,-0.785398
47,58,-2.356194
47,71,-2.819842
47,81,-2.356194
47,82,0.785398
47,83,2.356194
47,86,0.000000
47,88,-1.570796
47,90,3.141593
48,4,0.000000
48,28,-1.570796
48,30,-1.892547
48,40,3.141593
48,59,1.570796
48,61,1.249046
48,68,-2.356194
48,69,-0.785398
48,70,-1.892547
48,83,-1.570796
48,86,-0.785398
48,90,-2.356194
49,4,-0.785398
49,7,-1.249046
49,9,1.570796
49,11,3.141593
49,16,0.785398
49,32,0.000000
49,38,-0.785398
49,48,-1.249046
49,55,-2.819842
49,86,2.356194
50,29,1.249046
50,30,2.356194
50,31,0.000000
50,36,-1.892547
50,40,0.000000
50,41,0.785398
50,42,1.892547
50,45,-2.819842
50,51,-1.249046
50,52,-2.356194
50,53,-0.785398
50,54,-1.892547
50,64,0.785398
50,66,-1.570796
50,67,3.141593
50,72,1.249046
50,73,2.356194
50,79,1.570796
50,86,-2.819842
50,89,0.321751
50,91,2.819842
51,4,0.785398
51,11,-1.570796
51,12,-2.356194
51,28,0.000000
51,29,-1.892547
51,32,0.000000
51,33,-0.785398
51,34,-1.892547
51,58,0.321751
51,64,-0.785398
51,68,1.570796
51,70,1.249046
51,72,-1.892547
51,81,2.356194
52,4,0.000000
52,8,-0.785398
52,9,-1.892547
52,31,-0.785398
52,36,0.000000
52,41,0.000000
52,64,2.356194
52,68,0.000000
52,76,-2.356194
52,77,0.785398
52,87,1.570796
52,91,-2.819842
53,4,-0.785398
53,21,0.785398
53,33,1.570796
53,39,0.000000
53,56,2.356194
53,62,-2.356194
53,70,-1.249046
53,71,-2.356194
53,73,-0.785398
53,74,-1.892547
54,12,1.249046
54,13,2.356194
54,15,-0.785398
54,16,-1.892547
54,37,2.356194
54,42,0.000000
54,64,-1.249046
54,65,-2.356194
54,68,3.141593
54,79,-1.570796
54,85,0.000000
54,87,3.141593
55,7,1.249046
55,8,2.356194
55,10,0.785398
55,23,-0.785398
55,29,2.356194
55,32,0.785398
55,39,0.000000
55,55,-2.356194
55,61,2.819842
55,85,-0.785398
55,87,-1.570796
56,21,2.356194
56,24,-2.356194
56,28,0.000000
56,48,2.356194
56,57,2.356194
56,58,-0.785398
56,68,0.000000
56,76,0.000000
56,81,0.000000
56,85,2.356194
56,91,2.356194
57,13,1.570796
57,14,2.356194
57,22,0.000000
57,23,0.000000
57,29,2.356194
57,35,2.356194
57,82,-1.570796
57,85,-2.819842
57,89,0.000000
57,91,-2.819842
58,4,0.321751
58,8,-1.570796
58,10,-1.892547
58,19,-0.785398
58,20,-1.570796
58,24,2.356194
58,30,0.000000
58,31,0.000000
58,35,3.141593
58,39,0.785398
58,49,0.785398
58,53,-1.892547
58,59,-0.785398
58,69,3.141593
58,73,1.249046
58,74,2.356194
58,79,1.892547
59,4,-0.785398
59,29,-2.356194
59,32,0.000000
59,37,2.356194
59,46,0.785398
59,64,0.785398
59,65,1.570796
59,67,-1.892547
59,72,-0.785398
59,73,-1.892547
59,80,-2.356194
59,82,-0.785398
59,90,2.356194
60,10,1.249046
60,11,2.356194
60,31,-0.785398
60,35,0.000000
60,40,-1.570796
60,46,-0.321751
60,60,0.000000
60,61,-1.892547
60,87,2.356194
60,90,3.141593
61,4,0.785398
61,7,1.249046
61,8,2.356194
61,19,3.141593
61,22,-2.356194
61,29,2.356194
61,35,-0.785398
61,57,1.249046
61,58,2.356194
61,64,0.000000
61,65,-1.570796
61,66,3.141593
61,84,-0.321751
61,90,-2.356194
62,24,0.000000
62,28,-2.356194
62,40,2.356194
62,44,0.785398
62,45,1.570796
62,47,-1.570796
62,48,-2.356194
62,55,-2.356194
62,56,-0.785398
62,57,-1.892547
62,62,1.249046
62,68,2.356194
62,69,0.785398
62,70,1.570796
62,72,1.570796
62,73,2.356194
62,80,1.892547
63,3,0.321751
63,8,-2.356194
63,9,-0.785398
63,10,-1.892547
63,23,0.785398
63,30,-0.785398
63,39,0.000000
63,53,-1.892547
63,60,0.785398
63,64,0.000000
63,66,-0.785398
63,67,-1.892547
64,3,-0.785398
64,6,-0.785398
64,14,1.249046
64,15,2.356194
64,18,3.141593
64,21,0.000000
64,22,0.000000
64,24,0.000000
64,25,-0.785398
64,37,0.000000
64,42,2.356194
64,57,1.249046
64,58,2.356194
64,87,0.000000
64,88,1.892547
64,90,2.356194
65,6,0.785398
65,11,0.000000
65,23,-2.356194
65,40,-1.892547
65,42,-1.570796
65,49,-1.892547
65,56,-0.785398
65,57,-1.892547
65,72,-1.249046
65,73,-2.356194
65,75,0.785398
65,79,1.892547
65,85,-2.356194
65,90,-2.819842
66,3,0.785398
66,9,3.141593
66,18,1.249046
66,28,2.356194
66,32,1.249046
66,33,3.141593
66,37,0.321751
66,43,0.785398
66,44,2.356194
66,45,-0.785398
66,53,1.570796
66,63,1.249046
66,64,2.356194
66,65,0.785398
66,66,1.892547
67,3,0.000000
67,5,-0.785398
67,6,-1.892547
67,12,2.356194
67,16,1.570796
67,31,0.321751
67,35,2.356194
67,37,-0.785398
67,50,2.356194
67,51,0.785398
67,58,0.785398
67,61,-2.356194
67,62,-0.785398
67,63,-1.892547
67,68,-1.570796
67,70,-1.570796
67,71,3.141593
68,3,-0.785398
68,10,1.249046
68,11,3.141593
68,34,-0.785398
68,39,2.356194
68,66,-1.570796
68,73,0.785398
68,82,-2.356194
68,85,-0.785398
68,86,-1.570796
68,88,2.356194
69,3,0.785398
69,7,1.249046
69,8,2.356194
69,9,-0.785398
69,13,1.249046
69,14,2.356194
69,18,1.570796
69,21,-2.356194
69,32,2.356194
69,46,-0.785398
69,64,1.249046
69,65,3.141593
69,88,-2.356194
70,3,0.000000
70,6,-0.785398
70,7,-1.892547
70,11,0.000000
70,12,-0.785398
70,13,-1.892547
70,17,0.000000
70,18,-2.356194
70,57,1.249046
70,59,-1.570796
70,60,-2.356194
70,61,0.785398
70,62,1.570796
71,3,-0.785398
71,9,1.249046
71,10,3.141593
71,19,-2.356194
71,25,0.785398
71,39,2.356194
71,41,-0.785398
71,46,1.249046
71,64,-1.249046
71,66,1.570796
71,67,2.356194
71,75,-2.356194
71,80,0.000000
72,3,0.785398
72,7,1.249046
72,9,-1.892547
72,14,1.249046
72,15,3.141593
72,18,0.785398
72,23,0.000000
72,24,0.000000
72,28,1.249046
72,29,2.356194
72,38,-1.892547
72,46,-1.892547
72,62,-2.819842
72,80,-1.570796
72,88,2.356194
73,3,0.000000
73,6,-0.785398
73,7,-1.892547
73,11,1.249046
73,12,2.356194
73,19,0.785398
73,51,1.892547
73,58,2.356194
73,60,-0.785398
73,61,-1.892547
73,67,-2.356194
73,78,0.000000
73,79,2.356194
74,3,-0.785398
74,9,1.249046
74,11,-1.892547
74,16,1.570796
74,19,-0.785398
74,28,-1.570796
74,39,1.249046
74,48,-0.785398
74,55,-1.892547
74,63,1.249046
74,65,-1.892547
74,74,-2.356194
74,85,2.356194
74,86,-0.785398
74,87,-1.892547
75,8,0.000000
75,9,-1.892547
75,16,3.141593
75,25,0.321751
75,61,1.249046
75,63,-1.892547
75,82,0.785398
76,6,1.249046
76,7,3.141593
76,12,1.249046
76,14,-1.892547
76,16,-2.356194
76,49,-0.785398
76,50,-1.892547
76,56,0.000000
76,57,-1.570796
76,68,2.356194
77,5,0.000000
77,6,-1.892547
77,16,0.785398
77,23,1.570796
77,25,-1.570796
77,54,0.000000
77,73,-1.249046
77,74,-2.356194
77,75,0.785398
77,76,1.570796
78,2,0.321751
78,9,1.249046
78,31,-1.892547
78,38,-1.892547
78,45,-2.356194
78,53,0.000000
78,58,0.321751
78,64,2.356194
78,65,0.785398
78,80,1.892547
79,2,-0.785398
79,4,-2.356194
79,12,0.785398
79,13,2.356194
79,23,-2.356194
79,50,0.785398
79,55,1.892547
79,71,-0.321751
79,72,2.819842
79,76,-0.321751
79,81,2.819842
80,2,0.785398
80,4,2.356194
80,7,0.321751
80,12,-1.570796
80,25,2.356194
80,26,-0.785398
80,27,-2.356194
80,31,2.356194
80,32,-0.785398
80,33,-1.892547
80,38,2.356194
80,39,-0.785398
80,46,1.892547
80,52,1.570796
80,53,3.141593
80,60,0.785398
80,61,2.356194
80,63,-1.249046
80,65,2.356194
80,81,-1.570796
81,2,0.000000
81,30,-1.892547
81,56,-1.249046
81,65,-1.570796
81,72,-0.785398
81,74,1.892547
81,77,-0.785398
81,78,3.141593
81,88,0.000000
82,2,-0.785398
82,7,-2.819842
82,39,2.356194
82,40,-0.785398
82,44,2.356194
82,49,1.892547
82,53,1.570796
82,61,-0.321751
82,62,2.819842
82,66,1.570796
82,76,3.141593
82,79,1.570796
83,2,0.785398
83,9,1.570796
83,23,-1.249046
83,25,-1.892547
83,29,2.819842
83,32,0.000000
83,34,-0.785398
83,43,-0.785398
83,53,-0.321751
83,58,-0.321751
83,79,-0.321751
83,81,3.141593
83,85,3.141593
84,2,-0.321751
84,5,-1.892547
84,8,0.321751
84,9,-2.819842
84,29,-2.356194
84,36,-0.785398
84,44,-0.785398
84,45,-1.570796
84,47,3.141593
84,51,2.819842
84,54,-1.249046
84,55,3.141593
84,59,-1.249046
84,64,1.892547
84,68,-1.570796
84,73,0.785398
84,83,-1.570796
84,85,-2.356194
85,8,-1.570796
85,13,-0.785398
85,21,-2.819842
85,38,-1.249046
85,39,-2.356194
85,51,-1.570796
85,69,0.000000
85,77,2.819842
85,81,0.000000
85,82,2.356194
86,7,1.570796
86,18,0.321751
86,25,1.249046
86,27,-1.892547
86,41,0.000000
86,42,1.892547
86,47,-0.321751
86,61,-0.321751
86,62,2.819842
86,82,-1.570796
86,88,0.321751
86,90,2.819842
87,6,0.321751
87,7,-2.819842
87,14,3.141593
87,18,-1.570796
87,20,-2.356194
87,24,0.000000
87,25,-1.892547
87,31,1.249046
87,32,2.356194
87,36,3.141593
87,49,2.819842
87,53,1.570796
87,58,-2.356194
87,62,-1.570796
87,75,1.570796
87,79,1.892547
87,85,2.356194
88,6,-1.570796
88,13,-0.785398
88,30,-0.785398
88,31,-1.892547
88,45,1.892547
88,53,-0.321751
88,54,2.819842
88,68,2.819842
88,75,-0.321751
88,85,3.141593
89,2,0.785398
89,5,1.570796
89,13,-1.570796
89,20,2.356194
89,28,3.141593
89,42,-0.785398
89,49,0.000000
89,54,-2.356194
89,59,0.785398
89,63,-1.570796
89,72,1.570796
89,80,-1.249046
89,82,1.892547
90,2,-0.321751
90,5,-2.819842
90,9,2.356194
90,16,-1.570796
90,20,-2.819842
90,27,-1.570796
90,49,-1.570796
90,60,1.570796
90,68,-0.321751
90,77,1.570796
90,87,-1.892547
91,8,0.321751
91,9,-2.819842
91,18,0.321751
91,22,-0.785398
91,26,1.570796
91,55,-2.356194
91,60,-0.321751
91,61,2.819842
91,71,3.141593
91,74,2.819842
91,77,-0.321751
91,78,2.819842
92,8,-0.785398
92,18,-1.570796
92,25,0.321751
92,26,-2.819842
92,39,1.570796
92,48,-1.570796
92,61,-1.570796
92,74,-1.570796
92,86,2.819842
93,2,0.321751
93,3,-2.819842
93,17,1.570796
93,25,-1.570796
93,39,-1.570796
93,65,0.000000
93,71,1.570796
93,80,1.570796
94,11,1.570796
94,15,2.356194
94,16,-0.785398
94,20,1.570796
94,24,-0.785398
94,28,1.570796
94,33,2.356194
94,34,3.141593
94,41,0.785398
94,44,0.000000
94,59,1.570796
94,71,0.000000
94,76,1.570796
95,2,-0.321751
95,8,2.819842
95,14,-0.785398
95,32,-1.570796
95,37,0.785398
95,42,-2.356194
95,51,-2.356194
95,59,-0.321751
95,60,2.819842
95,71,-1.570796
95,73,1.570796
95,76,-0.321751
95,77,2.819842
96,20,-1.570796
96,46,-1.570796
96,73,-0.321751
96,74,2.819842
96,77,-2.356194
97,3,0.785398
97,8,-1.570796
97,9,-2.356194
97,28,-1.570796
97,51,1.570796
97,56,-1.570796
97,60,-0.321751
97,68,-2.356194
97,74,-2.356194
98,4,-2.356194
98,5,-0.785398
98,6,-1.892547
98,15,-2.356194
98,31,-1.570796
98,35,0.000000
98,51,-1.570796
98,61,-1.249046
98,62,-2.356194
98,71,-1.570796
98,74,-1.570796
98,78,-2.356194
98,85,-1.892547
