15,32,1.249046
15,33,2.356194
16,31,-0.785398
16,63,2.356194
17,25,0.785398
17,26,2.356194
17,73,2.356194
18,16,1.249046
18,17,3.141593
18,26,-1.570796
19,15,0.321751
20,15,-0.785398
21,15,2.356194
22,67,0.321751
23,13,0.321751
24,13,-0.785398
24,32,1.570796
24,54,0.321751
24,65,1.249046
24,67,3.141593
25,32,0.000000
25,54,-1.570796
25,67,-2.356194
25,81,2.356194
26,32,-0.785398
27,13,2.356194
28,53,0.785398
28,61,0.321751
29,11,0.321751
29,45,1.570796
29,61,-0.785398
30,11,-0.785398
30,45,0.000000
30,47,0.785398
30,48,1.570796
30,50,1.570796
31,45,-0.785398
31,84,3.141593
32,29,0.000000
32,37,0.321751
32,39,2.819842
32,62,2.819842
33,26,1.570796
33,29,-0.785398
33,39,-2.356194
33,51,-1.570796
33,57,0.785398
33,58,1.570796
34,26,-0.321751
34,32,0.785398
34,44,0.000000
34,45,-1.570796
34,46,-2.356194
34,55,0.000000
34,56,0.000000
34,62,-2.819842
34,66,1.570796
35,9,2.356194
35,42,0.785398
35,43,2.356194
35,54,0.785398
35,66,-2.819842
35,71,0.000000
35,72,-1.892547
36,8,0.321751
36,9,-2.819842
36,27,-1.570796
36,31,0.321751
36,34,0.000000
36,43,-2.356194
36,54,-0.785398
36,55,-2.356194
36,60,0.785398
36,63,1.249046
36,65,-1.892547
36,70,1.570796
36,77,0.321751
37,8,-0.785398
37,22,0.000000
37,23,1.570796
37,24,2.356194
37,26,1.570796
37,31,-1.570796
37,42,-0.785398
37,47,1.570796
37,53,1.570796
37,60,-0.785398
37,61,-2.356194
37,69,-0.785398
38,26,-2.819842
38,30,1.570796
38,34,0.000000
38,35,-1.570796
38,36,3.141593
38,46,0.000000
38,53,-2.356194
38,63,-1.570796
38,66,1.249046
38,67,3.141593
38,77,3.141593
38,86,2.356194
39,37,-2.356194
39,51,-1.570796
39,54,1.570796
39,66,-1.892547
40,26,-2.356194
40,33,2.356194
40,49,1.249046
40,50,3.141593
40,54,0.000000
40,70,1.249046
40,78,-2.356194
41,36,2.356194
41,43,1.570796
41,48,0.321751
41,62,-0.785398
41,69,0.000000
41,70,-1.892547
41,80,0.785398
41,82,1.570796
41,84,-1.892547
42,31,-1.570796
42,43,-2.819842
42,48,-1.570796
42,54,-2.819842
42,64,0.785398
42,65,2.356194
43,34,-0.785398
43,41,0.321751
43,76,-0.785398
43,77,-2.356194
43,79,-0.785398
43,80,-1.570796
44,41,-1.570796
44,63,0.000000
44,72,0.785398
44,73,1.570796
44,74,2.356194
45,20,2.356194
45,26,0.785398
45,27,2.356194
45,50,0.000000
45,51,-1.892547
45,56,3.141593
45,69,0.785398
45,88,2.356194
46,5,0.785398
46,19,-0.785398
46,20,-2.356194
46,27,-2.356194
46,40,-1.570796
46,55,-1.570796
46,70,-1.249046
46,71,-2.356194
46,72,-0.785398
46,82,0.785398
47,5,0.000000
47,15,1.249046
47,16,2.356194
47,32,1.570796
47,52,2.356194
47,53,0.785398
47,64,1.249046
47,65,3.141593
47,86,0.000000
47,87,-1.892547
48,5,-0.785398
48,14,0.000000
48,15,-1.892547
48,24,-2.356194
48,32,3.141593
48,43,0.785398
48,51,-1.570796
48,54,-1.249046
48,55,-2.356194
48,75,1.249046
48,76,3.141593
48,85,3.141593
49,5,2.356194
49,11,2.356194
49,22,-1.570796
49,30,1.570796
49,32,-1.570796
49,36,0.000000
49,37,0.785398
49,46,2.356194
49,57,0.000000
49,58,-0.785398
49,59,-1.570796
49,60,-2.356194
49,62,-0.785398
49,69,0.000000
49,79,1.249046
50,4,0.321751
50,9,0.000000
50,10,-1.892547
50,29,0.000000
50,41,1.249046
50,46,-2.356194
50,52,1.570796
50,64,0.000000
50,65,3.141593
50,72,0.000000
50,73,0.000000
51,4,-0.785398
51,7,0.785398
51,8,2.356194
51,18,1.249046
51,19,3.141593
51,39,0.000000
51,49,1.570796
51,71,-0.785398
52,8,-2.356194
52,15,1.249046
52,16,2.356194
52,17,-0.785398
52,18,-1.892547
52,32,1.570796
52,44,-1.570796
52,48,0.000000
52,49,-2.356194
52,54,-0.785398
52,73,0.785398
53,13,1.249046
53,15,-1.892547
53,31,0.000000
53,39,1.570796
53,56,2.356194
53,60,2.356194
53,66,2.356194
53,78,0.785398
53,80,-1.892547
53,82,-2.356194
53,87,0.785398
53,88,2.356194
53,89,0.000000
54,12,-0.785398
54,13,-1.892547
54,34,1.570796
54,39,-2.819842
54,42,1.570796
54,50,-2.819842
54,55,-0.785398
54,58,0.000000
54,68,3.141593
54,70,1.570796
54,72,1.570796
54,87,-0.785398
55,8,0.000000
55,9,-1.570796
55,10,-2.356194
55,29,1.570796
55,34,-2.819842
55,42,-2.819842
55,45,1.570796
55,48,0.321751
55,52,1.570796
55,61,1.570796
55,70,0.000000
55,76,2.356194
55,77,-0.785398
55,78,-2.356194
56,3,0.321751
56,5,-2.356194
56,18,1.249046
56,19,2.356194
56,36,0.321751
56,40,0.321751
56,45,-2.819842
56,48,-1.570796
56,61,3.141593
56,70,-1.570796
56,79,0.000000
56,80,0.785398
56,83,-2.356194
56,84,0.785398
56,85,1.892547
56,87,2.356194
57,3,-0.785398
57,17,0.000000
57,18,-1.892547
57,27,-1.570796
57,36,-1.570796
57,40,-1.570796
57,61,-2.356194
57,67,0.785398
57,69,2.356194
57,75,-2.356194
57,87,-2.356194
57,90,2.356194
58,14,1.249046
58,15,2.356194
58,42,0.321751
58,46,1.570796
58,63,0.785398
58,67,-1.570796
58,69,-1.570796
58,74,-2.356194
58,77,1.570796
58,80,0.000000
58,81,-1.570796
58,82,-2.356194
58,84,-0.785398
58,85,-1.892547
59,13,-0.785398
59,14,-1.892547
59,23,1.249046
59,24,3.141593
59,42,-1.570796
59,45,0.321751
59,46,-2.819842
59,62,0.785398
59,65,2.356194
59,70,0.785398
59,72,-1.892547
59,77,-2.819842
59,79,-0.785398
59,91,2.819842
60,9,1.249046
60,10,2.356194
60,22,0.000000
60,23,-1.892547
60,45,-1.570796
60,52,2.356194
60,70,-1.570796
60,74,1.249046
60,76,-1.892547
60,91,-2.356194
61,3,0.785398
61,8,0.000000
61,9,-1.892547
61,32,1.570796
61,57,0.785398
61,63,-1.892547
61,78,1.249046
61,79,2.356194
61,81,0.785398
61,82,1.892547
61,91,2.356194
62,3,0.000000
62,18,1.249046
62,19,3.141593
62,26,0.321751
62,32,-2.819842
62,35,1.570796
62,40,-1.570796
62,43,-0.785398
62,56,0.785398
62,72,0.000000
62,73,-1.892547
62,76,1.249046
62,78,-1.892547
62,82,-1.249046
62,83,-2.356194
62,88,0.785398
62,89,1.570796
63,3,-0.785398
63,15,1.249046
63,16,2.356194
63,17,-0.785398
63,18,-1.892547
63,26,-1.570796
63,35,-2.819842
63,55,0.785398
63,60,2.819842
63,65,0.000000
63,75,0.000000
63,76,-1.892547
64,14,0.000000
64,15,-1.892547
64,25,3.141593
64,47,1.249046
64,48,3.141593
64,51,2.356194
64,54,0.785398
64,69,1.249046
64,70,3.141593
64,73,1.249046
64,74,3.141593
65,3,0.785398
65,10,2.356194
65,11,0.785398
65,12,1.570796
65,13,3.141593
65,24,-1.570796
65,53,0.785398
65,60,-2.819842
65,88,-0.785398
65,89,-1.570796
65,90,3.141593
66,3,-0.321751
66,22,1.249046
66,23,3.141593
66,31,0.321751
66,35,1.570796
66,39,2.356194
66,42,-0.785398
66,52,0.785398
66,55,-1.892547
66,75,1.249046
66,76,3.141593
67,4,-1.249046
67,5,-2.356194
67,8,-0.785398
67,9,-1.570796
67,10,-2.356194
67,11,-0.785398
67,21,-0.785398
67,22,-1.892547
67,31,-1.570796
67,52,-0.785398
67,53,-2.356194
67,65,0.000000
67,70,0.000000
67,71,-1.892547
67,74,0.000000
67,75,-1.892547
68,17,1.249046
68,18,3.141593
68,29,1.249046
68,30,3.141593
68,43,0.321751
68,67,-1.570796
68,79,1.249046
68,80,2.356194
68,91,2.356194
69,15,1.249046
69,17,-1.892547
69,28,0.321751
69,43,-0.785398
69,46,0.785398
69,55,0.000000
69,56,-1.892547
69,68,-2.356194
69,72,3.141593
69,78,-0.785398
69,79,-1.892547
69,91,3.141593
70,13,1.249046
70,15,-1.892547
70,23,0.000000
70,24,-1.892547
70,28,-1.570796
70,31,1.249046
70,32,3.141593
70,40,2.356194
70,43,0.000000
70,54,1.570796
70,58,1.249046
70,59,2.356194
70,60,3.141593
70,71,-1.570796
70,74,0.785398
70,75,2.356194
70,91,-2.356194
71,12,-0.785398
71,13,-1.892547
71,26,1.249046
71,27,3.141593
71,42,0.785398
71,49,2.356194
71,54,-2.819842
71,69,1.249046
71,70,3.141593
71,73,0.785398
71,91,2.356194
72,25,0.000000
72,26,-1.892547
72,33,1.249046
72,34,2.356194
72,38,0.785398
72,49,-2.819842
72,65,0.785398
72,68,0.000000
72,69,-1.892547
72,75,-1.570796
72,76,-2.356194
72,87,0.785398
72,88,1.892547
72,91,-2.819842
73,5,1.249046
73,6,2.356194
73,24,1.570796
73,37,0.785398
73,39,0.000000
73,48,-1.892547
73,54,0.000000
73,60,2.356194
73,64,0.785398
73,67,3.141593
73,73,-2.356194
74,5,-1.892547
74,23,0.000000
74,35,1.249046
74,38,-2.356194
74,59,-0.785398
74,65,-0.785398
74,66,-1.892547
74,88,-1.570796
74,90,-2.356194
75,3,-0.785398
75,26,0.000000
75,27,-1.892547
75,37,-2.356194
75,53,1.249046
75,54,3.141593
75,62,-0.785398
75,70,0.000000
75,74,0.000000
75,78,0.785398
75,79,1.570796
75,80,2.356194
75,82,0.785398
75,83,1.570796
75,84,2.356194
75,87,0.000000
76,20,1.249046
76,21,3.141593
76,25,3.141593
76,33,0.000000
76,36,-2.356194
76,45,-2.819842
76,56,2.356194
76,66,2.356194
76,69,-2.356194
76,90,2.356194
77,9,1.249046
77,11,1.892547
77,19,-0.785398
77,20,-1.892547
77,24,-1.570796
77,35,0.000000
77,43,0.321751
77,47,0.321751
77,55,1.570796
77,75,0.000000
77,78,-0.785398
77,87,-0.785398
77,88,-1.570796
77,90,3.141593
78,4,0.785398
78,5,2.356194
78,7,0.785398
78,13,-1.570796
78,14,-2.356194
78,22,1.249046
78,23,3.141593
78,39,1.570796
78,43,-1.570796
78,47,-1.570796
78,55,-2.819842
78,64,0.785398
78,67,-0.785398
78,72,3.141593
78,90,-2.356194
79,4,-0.785398
79,11,-1.892547
79,26,0.000000
79,30,0.785398
79,33,0.785398
79,34,2.356194
79,39,-2.819842
79,46,3.141593
79,49,0.000000
79,50,-1.892547
79,60,2.356194
79,70,1.570796
80,4,0.785398
80,9,-2.356194
80,24,1.249046
80,25,3.141593
80,34,-2.356194
80,41,1.570796
80,45,-1.570796
80,48,1.570796
80,57,1.249046
80,58,2.356194
81,6,-0.785398
81,7,-1.892547
81,16,1.249046
81,17,2.356194
81,19,-0.785398
81,20,-1.892547
81,27,0.321751
81,33,-2.356194
81,36,0.321751
81,40,0.000000
81,48,-2.819842
81,68,0.000000
81,71,0.000000
81,72,0.785398
81,90,2.356194
82,13,1.249046
82,14,2.356194
82,15,-0.785398
82,16,-1.892547
82,29,-2.356194
82,36,-1.570796
82,55,0.000000
82,56,-1.892547
82,61,3.141593
82,65,1.249046
82,66,2.356194
82,70,-2.356194
82,73,-1.249046
82,77,0.000000
82,79,0.785398
82,80,1.892547
82,90,-2.819842
83,2,-0.785398
83,5,-2.356194
83,12,-0.785398
83,13,-1.892547
83,26,0.000000
83,27,-1.570796
83,31,-1.570796
83,42,1.570796
83,45,0.321751
83,64,0.000000
83,65,-1.892547
83,69,0.785398
83,85,0.785398
83,86,1.892547
83,89,-0.785398
84,25,1.570796
84,30,3.141593
84,34,1.570796
84,41,0.000000
84,45,-1.570796
84,48,0.321751
84,53,1.570796
84,63,1.570796
84,72,2.356194
84,74,-0.785398
84,89,2.356194
85,2,0.785398
85,5,1.249046
85,6,2.356194
85,24,0.000000
85,25,-2.356194
85,28,0.321751
85,34,-2.819842
85,48,-1.570796
85,53,-2.819842
85,62,0.321751
85,76,-1.249046
85,77,-2.356194
85,79,-0.785398
85,80,-1.570796
85,81,-2.356194
85,84,0.785398
85,89,-2.819842
86,3,-2.356194
86,4,-0.785398
86,5,-1.892547
86,16,1.249046
86,17,2.356194
86,18,-0.785398
86,28,-1.570796
86,36,1.570796
86,39,1.570796
86,51,0.000000
86,52,-1.892547
86,57,-0.785398
86,62,-0.785398
86,71,-2.356194
86,85,-1.249046
87,15,-0.785398
87,16,-1.892547
87,27,-2.356194
87,31,0.321751
87,35,0.321751
87,36,-2.819842
87,38,0.321751
87,39,-2.819842
87,65,-2.356194
87,88,-2.356194
88,31,-1.570796
88,35,-1.570796
88,38,-1.570796
88,42,-1.570796
88,48,1.249046
88,49,3.141593
88,54,2.356194
88,60,1.249046
88,67,-1.249046
88,68,-2.356194
88,70,-0.785398
88,71,-1.570796
88,72,-2.356194
88,73,0.785398
88,74,1.892547
88,76,1.249046
88,77,2.356194
88,79,0.785398
88,80,1.892547
89,7,1.249046
89,8,2.356194
89,18,0.000000
89,22,-2.819842
89,34,0.785398
89,44,-0.785398
89,55,0.000000
89,74,-1.249046
89,82,2.356194
89,83,0.785398
89,84,1.892547
89,88,2.356194
90,5,1.249046
90,7,-1.892547
90,20,-0.785398
90,21,-1.892547
90,28,2.356194
90,34,-0.785398
90,35,-2.356194
90,36,0.000000
90,40,1.249046
90,41,2.356194
90,42,3.141593
90,46,0.000000
90,47,-1.892547
90,52,-0.785398
90,53,-1.570796
90,54,-2.356194
90,76,-1.249046
90,77,-2.356194
90,79,-0.785398
90,88,3.141593
91,4,0.000000
91,5,-1.892547
91,26,0.000000
91,27,-1.892547
91,33,3.141593
91,37,0.785398
91,38,2.356194
91,39,-0.785398
91,40,-1.892547
91,44,1.249046
91,45,3.141593
91,49,1.249046
91,50,3.141593
91,59,-0.785398
91,60,-1.892547
91,81,-1.249046
91,88,-2.356194
92,14,1.570796
92,32,-1.570796
92,47,1.249046
92,49,-1.892547
93,9,1.249046
93,10,2.356194
93,13,-0.785398
93,14,-2.356194
93,29,1.249046
93,30,2.356194
93,36,0.000000
93,41,1.249046
94,15,1.570796
94,18,1.249046
94,19,2.356194
94,28,0.000000
94,29,-1.892547
94,34,1.249046
94,35,3.141593
94,40,0.000000
94,41,-1.892547
94,46,-1.892547
94,51,1.249046
94,52,3.141593
94,81,-0.785398
94,82,-1.570796
94,83,3.141593
95,4,1.570796
95,17,-0.785398
95,18,-1.892547
95,32,1.249046
95,34,-1.892547
95,43,0.000000
95,44,-1.892547
95,50,-0.785398
95,51,-1.892547
95,84,1.570796
96,4,-0.785398
96,5,-2.356194
96,6,-0.785398
96,30,1.249046
96,32,-1.892547
96,38,0.000000
96,39,-1.570796
96,40,-2.356194
97,3,-0.785398
97,8,1.570796
97,13,-0.785398
97,14,-1.892547
97,28,1.249046
97,30,-1.892547
98,9,-2.356194
98,20,-0.785398
98,25,0.000000
98,27,-0.785398
98,28,-1.892547
98,35,-0.785398
98,42,0.000000
98,50,0.000000
98,59,0.000000
98,82,-0.785398
98,83,-1.892547
