4,38,0.785398
4,39,1.570796
4,40,2.356194
4,46,0.785398
4,47,1.570796
4,48,2.356194
4,52,0.785398
4,57,2.356194
5,30,1.249046
5,31,2.356194
5,65,1.892547
6,29,-0.785398
6,30,-1.892547
6,47,0.785398
6,52,0.321751
6,56,3.141593
7,26,0.785398
7,27,2.356194
7,61,0.321751
7,65,-0.785398
8,27,-1.570796
9,38,1.570796
9,47,-1.570796
9,53,0.000000
9,60,0.000000
10,14,1.249046
10,15,3.141593
10,37,0.321751
10,38,-2.819842
10,48,0.785398
10,78,2.356194
11,13,0.321751
11,37,-1.570796
11,42,3.141593
11,48,-1.570796
11,53,0.785398
11,54,2.356194
11,64,-0.785398
12,13,-1.570796
12,41,-1.570796
12,53,-1.570796
12,61,1.570796
13,74,0.321751
14,36,3.141593
14,57,3.141593
14,60,-0.785398
14,69,0.785398
14,70,1.892547
14,74,-0.785398
15,12,0.785398
15,37,0.785398
15,38,3.141593
15,72,1.892547
15,74,2.356194
15,84,2.819842
16,12,-0.785398
16,13,3.141593
16,32,0.000000
16,33,-1.892547
16,37,-0.785398
16,43,2.356194
16,47,1.249046
16,48,3.141593
16,59,1.249046
16,60,2.356194
16,62,0.785398
16,63,1.570796
16,64,3.141593
16,74,3.141593
16,84,-2.356194
17,27,1.570796
17,42,0.000000
17,43,-2.356194
17,46,0.000000
17,47,-1.892547
17,52,1.570796
17,57,1.249046
17,59,-1.892547
17,72,-1.892547
17,74,-2.356194
18,26,0.321751
18,27,-2.819842
18,44,0.785398
18,45,3.141593
18,50,1.249046
18,52,-2.356194
18,55,1.249046
18,57,-1.892547
18,62,0.000000
18,69,-0.785398
18,70,-1.892547
19,26,-1.570796
19,44,-0.785398
19,49,0.000000
19,50,-1.892547
19,55,-1.892547
19,60,1.249046
19,61,3.141593
20,24,1.249046
20,25,3.141593
20,34,1.570796
20,48,1.570796
20,58,1.249046
20,60,-1.892547
21,23,-0.785398
21,24,-1.892547
21,34,-2.819842
21,43,0.000000
21,44,-1.570796
21,45,3.141593
21,48,-2.819842
21,51,0.321751
21,56,1.249046
21,58,-1.892547
21,62,2.356194
21,72,-0.785398
21,73,-1.570796
21,75,1.570796
21,77,-1.892547
22,28,1.570796
22,32,0.321751
22,37,1.570796
22,42,1.570796
22,51,-1.570796
22,55,0.000000
22,56,-1.892547
22,61,1.570796
23,27,0.321751
23,28,-2.819842
23,32,-1.570796
23,36,0.321751
23,37,-2.819842
23,41,0.000000
23,45,0.321751
23,59,0.785398
23,61,-2.819842
23,85,3.141593
24,36,-1.570796
24,45,-1.570796
24,49,1.570796
24,74,-0.785398
24,75,-1.570796
24,76,-2.356194
24,80,0.785398
24,81,1.570796
24,83,-1.892547
25,26,0.321751
25,27,-2.819842
25,44,1.570796
25,49,-2.819842
25,57,0.000000
25,58,-1.570796
25,59,-2.356194
26,26,-1.570796
26,44,-2.819842
26,47,0.000000
26,48,-1.892547
26,55,2.356194
26,64,-0.785398
26,81,-2.819842
27,29,1.570796
27,38,1.570796
27,60,0.785398
27,69,0.000000
28,24,1.570796
28,28,0.321751
28,29,-2.819842
28,33,1.570796
28,38,-2.819842
28,50,0.000000
28,51,-1.570796
28,52,-2.356194
28,59,0.785398
28,64,0.000000
28,65,3.141593
28,78,-0.785398
28,79,-1.892547
29,24,-2.819842
29,28,-1.570796
29,32,0.321751
29,33,-2.819842
29,36,0.321751
29,40,0.321751
29,44,1.570796
29,55,1.570796
30,11,0.785398
30,27,1.570796
30,32,-1.570796
30,36,-1.570796
30,40,-1.570796
30,44,-2.819842
30,47,1.249046
30,48,3.141593
30,58,0.000000
30,59,-1.892547
31,11,0.000000
31,21,-0.785398
31,26,0.000000
31,42,0.321751
31,54,-0.785398
31,55,-1.570796
31,56,-2.356194
31,63,0.000000
31,75,0.785398
31,76,1.570796
31,77,2.356194
31,86,2.356194
32,11,-0.785398
32,23,0.000000
32,24,1.570796
32,25,3.141593
32,34,-0.785398
32,42,-1.570796
32,45,0.321751
32,59,1.249046
32,60,2.356194
32,61,3.141593
32,86,3.141593
33,37,-0.785398
33,45,-1.570796
33,58,-0.785398
33,59,-1.892547
33,68,3.141593
33,75,-0.785398
33,86,-2.356194
34,24,2.356194
34,29,1.570796
34,33,1.570796
34,48,1.249046
34,49,3.141593
34,63,0.000000
35,23,0.321751
35,24,-2.819842
35,29,-2.819842
35,33,0.000000
35,39,-0.785398
35,53,1.249046
35,54,3.141593
36,11,0.785398
36,23,-1.570796
36,32,0.785398
36,52,0.321751
36,86,2.356194
37,11,0.000000
37,32,-0.785398
37,33,-2.356194
37,40,0.000000
37,45,0.321751
37,52,-0.785398
37,59,1.570796
37,63,0.785398
37,64,1.570796
37,65,2.356194
37,86,3.141593
38,11,-0.785398
38,31,1.570796
38,86,-2.356194
39,24,0.000000
39,25,-1.892547
39,30,0.000000
39,43,0.785398
39,48,-2.356194
39,49,0.785398
39,50,1.570796
39,52,-1.570796
39,53,-2.356194
39,61,1.570796
39,64,0.785398
39,86,2.356194
40,11,0.785398
40,35,2.356194
40,36,3.141593
40,41,0.785398
40,55,0.000000
40,56,1.570796
40,57,2.356194
40,58,-0.785398
40,59,-1.570796
40,66,2.356194
40,86,3.141593
41,11,-0.321751
41,13,2.356194
41,34,-1.570796
41,44,-1.892547
41,46,-1.570796
41,86,-2.356194
42,40,0.000000
42,47,1.570796
42,56,0.785398
42,65,-1.249046
42,66,3.141593
43,47,-0.321751
43,53,1.570796
43,56,-0.321751
43,61,-0.321751
44,44,1.570796
44,53,-0.321751
44,54,2.819842
44,62,-1.570796
44,74,0.000000
44,76,3.141593
45,24,1.570796
45,30,1.570796
45,35,0.785398
45,44,-0.321751
45,49,-1.249046
45,50,3.141593
45,54,-1.570796
45,59,2.819842
45,69,0.000000
45,70,1.892547
46,12,0.785398
46,23,0.000000
46,29,0.321751
46,36,0.000000
46,37,1.892547
46,41,0.000000
46,42,1.892547
46,45,-1.249046
46,46,3.141593
46,51,1.570796
46,59,-1.570796
46,64,1.570796
46,72,2.356194
47,12,0.000000
47,29,-1.570796
47,38,2.819842
47,43,2.819842
47,52,3.141593
47,56,-2.356194
47,60,1.570796
47,64,-0.321751
47,74,0.785398
47,75,2.356194
47,77,3.141593
48,12,-0.785398
48,32,0.000000
48,33,1.892547
48,43,-1.570796
48,47,-1.570796
48,60,-0.321751
48,71,0.785398
48,74,-0.785398
49,27,0.000000
49,33,-1.249046
49,34,3.141593
49,38,-0.785398
49,39,3.141593
49,53,-1.570796
49,62,2.819842
49,71,-0.321751
49,74,2.356194
50,26,3.141593
50,30,2.819842
50,35,0.000000
50,36,1.570796
50,37,3.141593
50,45,1.570796
50,68,2.819842
50,72,-1.249046
50,74,-2.356194
50,87,2.356194
51,25,-1.570796
51,30,-1.570796
51,45,-0.321751
51,46,2.819842
51,62,-0.321751
51,75,0.000000
51,76,1.570796
51,77,2.356194
51,87,3.141593
52,23,1.249046
52,24,3.141593
52,42,1.570796
52,46,-1.570796
52,64,2.819842
52,68,-0.321751
52,69,2.819842
52,87,-2.356194
53,22,0.321751
53,27,1.570796
53,42,-0.321751
53,43,2.819842
53,47,1.570796
53,69,-1.570796
54,32,-1.570796
54,39,1.570796
54,43,-1.570796
54,48,3.141593
54,65,3.141593
54,77,1.570796
54,87,2.356194
55,24,2.356194
55,39,-0.321751
55,77,-0.321751
55,79,2.356194
55,87,3.141593
56,19,1.249046
56,20,2.356194
56,21,-0.785398
56,25,0.000000
56,36,1.570796
56,41,2.819842
56,45,1.570796
56,50,1.570796
56,87,-2.356194
57,23,-1.249046
57,24,-2.356194
57,31,3.141593
57,41,-2.356194
57,45,-0.321751
57,50,-0.321751
57,51,2.819842
58,47,2.819842
58,51,-1.570796
58,68,1.570796
58,79,0.785398
59,27,0.785398
59,33,0.785398
59,38,1.570796
59,58,0.785398
59,63,0.000000
59,68,-0.321751
59,69,2.819842
59,74,1.570796
59,80,3.141593
60,27,-0.785398
60,28,-2.356194
60,34,1.570796
60,39,3.141593
60,48,3.141593
60,53,-2.356194
60,59,-2.356194
60,65,-2.356194
60,74,-0.321751
60,75,2.819842
60,81,0.785398
60,83,1.892547
60,87,2.356194
61,12,0.785398
61,24,1.249046
61,25,2.356194
61,26,0.000000
61,34,-0.321751
61,35,2.819842
61,40,0.000000
61,43,-2.356194
61,70,3.141593
61,87,3.141593
62,12,-0.321751
62,23,0.321751
62,35,-1.570796
62,49,-1.570796
62,71,0.000000
62,75,-0.321751
62,81,0.000000
62,83,-1.892547
62,87,-2.356194
63,25,2.356194
63,28,-2.356194
63,72,-1.570796
63,81,-1.570796
64,12,0.321751
64,14,-2.356194
64,20,0.785398
64,21,1.570796
64,23,-1.570796
64,33,1.570796
64,37,1.570796
64,46,1.570796
64,77,-1.249046
64,78,-2.356194
64,79,0.785398
64,80,2.356194
65,12,-0.785398
65,33,-0.321751
65,34,2.819842
65,37,-0.321751
65,46,-0.321751
65,47,2.819842
65,58,1.570796
65,67,1.570796
65,74,1.570796
65,80,-2.356194
66,34,-1.570796
66,39,2.819842
66,67,0.785398
66,74,-0.321751
66,75,2.819842
67,35,1.570796
67,39,-1.570796
67,47,-0.321751
67,53,1.570796
67,59,-2.356194
67,63,0.785398
67,67,-0.321751
67,68,2.819842
68,24,0.000000
68,35,-0.321751
68,36,2.819842
68,49,2.819842
68,53,0.785398
68,68,-2.356194
68,72,1.570796
68,75,-0.321751
68,76,2.819842
69,36,-1.570796
69,49,-1.570796
69,53,-0.321751
69,54,2.819842
69,60,1.570796
69,76,-2.356194
70,25,-0.321751
70,26,2.819842
70,54,-1.570796
70,64,0.785398
70,68,0.785398
70,76,-1.570796
70,82,1.570796
70,87,2.356194
71,26,-2.356194
71,30,1.570796
71,33,0.000000
71,34,3.141593
71,41,-1.570796
71,51,1.570796
71,64,-0.321751
71,65,2.819842
71,68,-0.321751
71,69,2.819842
71,85,0.785398
71,87,-2.819842
72,51,-0.321751
72,52,2.819842
72,61,-1.570796
72,65,-2.356194
72,69,-2.356194
73,38,-1.570796
73,42,1.570796
73,52,-2.356194
74,31,-1.570796
74,35,1.570796
74,52,0.785398
74,80,-1.892547
75,27,2.356194
75,35,-1.570796
75,42,0.785398
75,52,-0.321751
75,53,2.819842
75,56,0.785398
75,78,-0.785398
76,27,-2.819842
76,42,-0.321751
76,43,2.819842
76,50,1.570796
76,53,-2.356194
76,56,-0.321751
76,57,2.819842
76,65,-1.570796
77,43,-2.356194
77,57,-2.356194
77,60,1.570796
77,63,1.570796
78,24,0.321751
78,43,-1.570796
78,57,-1.570796
78,66,1.570796
78,73,0.785398
79,30,1.570796
79,60,-1.570796
79,63,-1.570796
79,66,-1.570796
79,69,-1.570796
79,73,-0.321751
79,74,2.819842
79,79,-2.356194
80,22,1.249046
80,24,-1.570796
80,25,-2.356194
80,30,2.356194
80,42,1.570796
80,74,-1.570796
81,30,-2.819842
81,46,-1.570796
81,56,1.570796
82,29,-0.785398
82,50,-1.570796
82,56,-1.570796
82,71,1.570796
82,74,0.321751
82,77,3.141593
83,29,2.356194
83,42,-1.570796
83,74,-0.785398
83,86,2.356194
84,29,-2.819842
84,61,1.570796
84,67,1.570796
84,71,0.785398
84,74,0.000000
84,86,-2.819842
85,61,-1.570796
85,67,-1.570796
85,71,0.000000
85,75,0.000000
85,85,-0.785398
86,13,0.785398
86,28,-1.249046
86,29,-2.356194
86,30,0.785398
86,52,-1.570796
86,71,-1.570796
87,14,-2.356194
87,15,-0.785398
87,24,1.249046
87,26,3.141593
87,31,-2.356194
87,48,0.000000
87,49,0.785398
87,60,1.570796
87,75,0.321751
88,21,1.249046
88,50,-1.570796
88,63,1.570796
88,71,-2.356194
88,85,2.356194
89,51,2.356194
89,66,0.785398
89,69,-2.819842
89,75,-0.321751
89,85,-2.819842
90,23,-1.892547
90,37,1.249046
90,50,0.321751
90,51,-2.819842
90,67,-0.785398
90,68,-1.892547
90,72,0.785398
90,78,-1.892547
91,21,-0.785398
91,32,0.785398
91,50,-0.785398
91,59,2.356194
91,64,2.356194
91,75,-0.785398
91,76,-1.892547
91,84,-2.356194
91,87,1.249046
92,37,-1.249046
92,39,3.141593
92,50,-1.570796
92,54,1.570796
92,58,0.321751
92,59,-2.819842
92,63,0.000000
92,67,0.000000
92,85,0.000000
93,39,-2.356194
93,58,-1.570796
94,30,-0.785398
94,62,-1.570796
94,75,0.785398
94,76,1.892547
94,86,-0.785398
95,53,3.141593
95,67,1.249046
95,68,2.356194
95,74,-0.785398
96,38,-0.785398
96,39,-1.570796
96,40,-2.356194
96,56,2.356194
96,66,-0.785398
96,67,-1.892547
96,69,1.570796
96,85,0.321751
96,87,2.819842
97,44,0.785398
97,45,1.892547
97,51,0.000000
97,52,-1.570796
97,53,-2.356194
97,70,-2.356194
97,74,-0.785398
97,75,-1.892547
97,77,-1.249046
98,45,-1.249046
98,46,-2.356194
98,56,-1.249046
98,57,-2.356194
98,58,3.141593
98,60,0.000000
