5,37,1.249046
5,38,2.356194
6,49,2.356194
6,54,1.249046
6,55,2.356194
6,62,0.785398
6,63,1.892547
7,52,0.000000
7,65,2.356194
8,33,0.785398
8,62,0.321751
8,72,1.570796
9,22,1.249046
9,23,3.141593
9,74,0.785398
9,75,1.892547
10,36,1.249046
10,37,2.356194
10,44,0.000000
10,45,-1.892547
10,49,1.249046
10,51,1.570796
10,55,1.892547
10,62,-0.321751
10,64,-2.819842
11,22,-2.356194
11,33,0.321751
11,39,0.000000
11,40,1.570796
11,41,2.356194
11,48,0.321751
12,37,2.819842
12,51,-0.321751
12,55,-1.892547
12,57,0.785398
12,58,2.356194
12,62,-0.785398
12,73,0.321751
13,24,1.249046
13,35,-1.892547
13,37,-2.356194
13,40,0.785398
13,48,3.141593
13,57,-0.785398
13,73,-1.570796
14,44,0.785398
14,45,1.570796
14,46,3.141593
14,48,-1.570796
15,31,0.000000
15,33,3.141593
15,38,0.785398
15,40,-1.892547
15,51,2.356194
15,59,1.249046
15,60,2.356194
15,61,0.785398
15,62,1.570796
15,63,2.356194
15,66,-0.785398
15,67,-1.892547
16,33,-1.570796
16,38,-1.570796
17,29,2.356194
17,30,-0.785398
17,34,0.785398
17,35,2.356194
17,36,0.785398
17,37,2.356194
17,44,0.000000
17,45,-1.892547
17,71,0.321751
18,10,2.356194
18,28,-1.892547
18,37,-1.570796
18,42,1.249046
18,43,3.141593
18,51,-1.892547
18,61,-0.785398
18,62,-1.570796
18,63,-2.356194
18,67,0.785398
19,23,-0.321751
19,33,0.000000
19,39,2.356194
20,8,0.321751
20,27,1.570796
20,31,1.249046
20,32,3.141593
20,37,0.000000
20,38,-1.892547
20,48,-1.570796
20,53,-0.321751
21,8,-1.570796
21,23,1.570796
21,27,-0.321751
21,35,1.249046
21,36,3.141593
21,42,-1.570796
21,49,1.570796
21,59,-1.570796
21,61,1.892547
21,77,0.785398
21,78,1.570796
21,79,2.356194
21,80,0.785398
21,81,1.570796
21,85,3.141593
22,23,-2.819842
22,34,0.000000
22,35,-1.892547
22,65,-0.785398
22,75,-0.785398
23,27,0.000000
23,28,-1.892547
23,32,0.785398
23,33,2.356194
23,38,1.249046
23,39,3.141593
23,46,1.249046
23,47,2.356194
23,58,3.141593
23,67,-1.249046
23,68,3.141593
23,75,2.356194
23,83,3.141593
24,15,0.000000
24,16,1.570796
24,18,1.570796
24,19,2.356194
24,20,-0.785398
24,21,-1.892547
24,30,-0.785398
24,33,-1.570796
24,36,1.249046
24,38,-1.892547
24,54,-1.892547
24,59,0.000000
24,73,-2.356194
24,74,-0.785398
24,75,-2.356194
24,78,2.356194
25,30,2.356194
25,34,0.785398
25,36,-1.892547
25,63,2.356194
25,76,0.785398
25,82,0.321751
26,18,3.141593
26,29,0.000000
26,34,-1.570796
26,46,-0.785398
26,47,-2.356194
26,48,-0.785398
26,49,-2.356194
26,66,0.785398
26,67,1.570796
26,69,-1.570796
26,78,-1.249046
26,79,3.141593
27,7,2.356194
27,18,-2.356194
27,32,1.249046
27,33,3.141593
27,37,1.249046
27,38,3.141593
27,43,1.249046
27,44,2.356194
27,56,-0.785398
27,57,-1.570796
27,58,-2.356194
27,73,1.570796
27,74,2.356194
27,80,0.000000
27,86,-2.356194
27,89,2.356194
28,6,0.321751
28,22,1.570796
28,41,1.249046
28,43,-1.892547
28,49,0.000000
28,52,2.356194
28,69,2.356194
28,70,0.000000
28,89,3.141593
29,6,-1.570796
29,22,-2.819842
29,40,0.000000
29,41,-1.892547
29,59,1.249046
29,60,2.356194
29,61,-0.785398
29,62,-1.570796
29,63,-2.356194
29,66,0.785398
29,71,0.000000
29,78,-2.356194
29,79,0.785398
30,16,1.570796
30,33,1.249046
30,35,-1.892547
30,38,1.249046
30,39,3.141593
30,54,1.570796
30,55,2.356194
30,58,-0.785398
30,69,3.141593
30,74,-1.249046
30,82,-2.356194
30,90,2.819842
31,15,0.000000
31,19,0.321751
31,37,0.321751
31,43,1.570796
31,76,-1.249046
31,77,-2.356194
31,78,0.785398
31,84,-1.570796
31,87,-1.570796
31,90,-2.356194
32,11,1.570796
32,14,1.570796
32,19,-1.570796
32,23,1.570796
32,31,0.321751
32,42,-0.785398
32,49,2.356194
32,50,-0.785398
32,54,2.356194
32,65,-0.785398
32,66,-1.570796
32,67,-2.356194
32,71,-1.249046
32,72,3.141593
32,79,-1.249046
32,81,1.892547
32,86,0.000000
33,11,-0.321751
33,18,1.570796
33,22,0.000000
33,31,-1.570796
33,45,2.356194
33,74,0.785398
33,75,1.892547
33,87,-2.356194
34,18,-2.819842
34,50,1.570796
34,52,-1.892547
34,75,-1.249046
34,77,1.892547
35,12,2.356194
35,16,0.321751
35,24,0.321751
35,29,1.570796
35,33,1.570796
35,55,1.249046
35,56,3.141593
35,78,-2.356194
35,89,1.570796
36,11,-0.785398
36,16,-1.570796
36,29,-2.819842
36,32,0.000000
36,41,1.570796
36,50,0.000000
36,60,0.000000
36,64,0.785398
36,65,1.892547
36,73,0.785398
36,74,1.892547
36,89,3.141593
37,7,1.249046
37,8,2.356194
37,19,1.570796
37,31,1.570796
37,41,-2.819842
37,46,-1.892547
37,50,-1.570796
37,55,-2.356194
37,65,-1.249046
37,66,-2.356194
37,74,-1.249046
37,89,-2.356194
38,14,1.570796
38,19,-2.819842
38,48,1.249046
38,49,3.141593
38,53,1.249046
38,54,3.141593
38,58,1.249046
38,59,2.356194
38,60,0.785398
38,61,1.570796
38,63,1.892547
38,70,0.000000
38,71,0.785398
38,72,1.892547
38,77,-1.249046
38,78,3.141593
38,83,-1.249046
38,84,3.141593
39,8,2.819842
39,13,0.321751
39,14,-2.819842
39,22,-2.819842
39,44,-2.819842
39,47,0.321751
39,52,0.321751
39,56,0.000000
39,57,-0.785398
39,58,-1.892547
39,65,0.785398
39,72,-1.249046
39,74,1.892547
39,79,0.000000
39,80,1.892547
39,87,0.785398
40,13,-1.570796
40,16,0.321751
40,20,0.321751
40,24,0.321751
40,28,-0.785398
40,34,2.356194
40,37,0.321751
40,42,0.321751
40,47,-1.570796
40,52,-1.570796
40,60,0.321751
40,74,-1.249046
40,75,-2.356194
40,80,-1.249046
40,82,1.892547
40,90,1.892547
41,6,-1.570796
41,16,-0.785398
41,20,-1.570796
41,24,-1.570796
41,28,2.356194
41,33,0.321751
41,34,-2.819842
41,37,-0.785398
41,42,-1.570796
41,60,-0.785398
41,63,-1.570796
41,67,-2.356194
41,68,-0.785398
41,69,-1.570796
41,70,3.141593
41,77,0.000000
41,88,-0.785398
41,91,2.819842
42,4,-0.785398
42,19,-0.785398
42,27,0.321751
42,28,-2.819842
42,33,-1.570796
42,37,2.356194
42,64,-2.356194
42,76,1.570796
42,79,0.000000
42,83,-1.249046
42,84,3.141593
42,91,-2.356194
43,22,3.141593
43,27,-1.570796
43,36,0.321751
43,37,-2.819842
43,50,-0.785398
43,55,1.570796
43,72,0.000000
43,73,1.570796
43,85,0.000000
43,86,1.892547
43,89,0.000000
44,25,0.000000
44,31,-0.785398
44,46,-1.570796
44,60,-1.570796
44,80,-0.785398
44,82,1.892547
44,91,2.819842
45,10,1.570796
45,20,0.000000
45,35,0.321751
45,36,-2.819842
45,78,0.785398
45,82,-1.249046
45,84,1.892547
45,88,2.819842
45,91,-2.356194
46,9,0.321751
46,10,-2.819842
46,14,2.356194
46,19,3.141593
46,35,-0.785398
46,54,-1.570796
46,75,-2.356194
46,85,2.819842
46,88,-1.570796
47,9,-1.570796
47,13,0.321751
47,14,-2.819842
47,18,-1.570796
47,27,2.356194
47,40,-1.570796
47,57,2.356194
47,75,-1.570796
47,80,-1.249046
47,81,3.141593
47,85,-1.570796
47,89,0.000000
47,90,2.356194
48,13,-1.570796
48,17,1.570796
48,30,1.570796
48,56,-0.785398
48,90,-2.356194
49,17,-2.819842
49,35,-1.570796
49,43,1.570796
49,48,1.570796
49,87,2.356194
49,90,-1.570796
50,7,1.570796
50,15,0.321751
50,39,2.356194
50,56,0.000000
50,57,3.141593
50,65,0.000000
50,66,3.141593
50,81,0.000000
50,82,-1.570796
50,83,3.141593
50,88,1.570796
51,3,0.785398
51,7,-2.819842
51,11,1.570796
51,15,-0.785398
51,30,-1.570796
51,43,-1.570796
51,48,0.000000
51,80,1.570796
51,89,2.819842
52,3,0.000000
52,5,-0.785398
52,6,-1.892547
52,10,0.321751
52,11,-2.819842
52,20,1.570796
52,34,2.356194
52,38,2.356194
52,46,0.000000
52,53,1.570796
52,71,0.785398
52,72,1.570796
52,73,2.356194
52,77,0.785398
52,78,1.570796
52,86,-2.356194
52,89,-1.570796
53,3,-0.785398
53,10,-1.570796
53,43,3.141593
53,54,-2.356194
53,55,0.785398
53,56,1.570796
53,58,1.892547
53,61,1.249046
53,63,1.570796
53,64,2.356194
53,84,-0.785398
53,90,1.570796
54,15,2.356194
54,20,2.356194
54,31,1.249046
54,36,-0.785398
54,37,-1.892547
54,40,0.785398
54,45,1.249046
54,46,2.356194
54,49,-0.785398
54,72,0.000000
54,77,-0.785398
54,78,-1.570796
54,79,-2.356194
54,80,0.785398
54,90,-0.321751
54,91,2.819842
55,9,0.785398
55,17,1.249046
55,18,2.356194
55,23,1.249046
55,27,2.356194
55,44,-0.785398
55,45,-1.892547
55,54,1.249046
55,56,-1.570796
55,58,-1.892547
55,61,-1.249046
55,63,-1.570796
55,64,-2.356194
55,81,-1.570796
55,88,1.570796
55,91,-2.356194
56,11,1.570796
56,12,2.356194
56,13,0.000000
56,40,-0.785398
56,41,-1.892547
56,53,-0.785398
56,54,-1.892547
56,75,0.000000
56,91,-1.570796
57,8,0.000000
57,9,-1.892547
57,15,-1.892547
57,30,0.000000
57,31,-1.892547
57,36,1.249046
57,37,2.356194
57,44,1.249046
57,45,2.356194
57,57,0.000000
57,71,3.141593
57,79,1.570796
58,3,0.785398
58,6,1.249046
58,7,3.141593
58,13,3.141593
58,27,2.356194
58,35,-0.785398
58,36,-1.892547
58,42,0.000000
58,43,-0.785398
58,44,-1.892547
58,50,0.000000
58,55,3.141593
58,79,-0.321751
58,80,2.819842
59,3,0.000000
59,21,2.356194
59,22,0.785398
59,26,-1.892547
59,48,3.141593
59,57,0.000000
59,77,0.785398
59,80,-1.570796
59,87,-2.356194
60,3,-0.785398
60,6,-1.570796
60,10,-1.570796
60,14,2.356194
60,29,1.249046
60,30,2.356194
60,37,1.249046
60,38,2.356194
60,39,3.141593
60,51,1.249046
60,52,2.356194
60,55,3.141593
60,81,1.570796
60,90,-1.570796
61,9,1.570796
61,22,0.321751
61,23,-2.819842
61,28,0.000000
61,29,-1.892547
61,41,0.000000
61,49,0.000000
61,50,-0.785398
61,51,-1.892547
61,60,0.000000
61,71,0.785398
61,75,-1.570796
61,81,-0.321751
61,82,2.819842
61,88,0.785398
62,9,-2.819842
62,16,-1.570796
62,22,-1.570796
62,26,1.249046
62,27,3.141593
62,31,2.356194
62,47,3.141593
62,53,0.000000
62,58,3.141593
62,72,-1.570796
62,79,-2.356194
62,82,-1.570796
62,85,-1.570796
63,8,-1.570796
63,18,0.000000
63,20,0.785398
63,21,2.356194
63,25,0.000000
63,26,-1.892547
63,30,1.570796
63,44,1.249046
63,45,3.141593
63,63,0.000000
63,64,3.141593
63,66,0.000000
64,3,0.785398
64,7,1.570796
64,18,-1.570796
64,24,1.570796
64,29,0.321751
64,30,-2.819842
64,33,0.321751
64,43,0.000000
64,44,-1.892547
64,48,1.249046
64,49,2.356194
64,50,3.141593
64,74,-2.356194
64,80,0.785398
65,3,-0.321751
65,7,-2.819842
65,17,-0.785398
65,21,-0.785398
65,22,-2.356194
65,23,-0.785398
65,29,-0.785398
65,42,-0.785398
65,47,0.000000
65,48,-1.892547
65,57,3.141593
65,66,2.356194
65,71,-2.356194
65,84,1.570796
66,33,-2.819842
66,46,3.141593
66,51,1.249046
66,52,2.356194
66,59,0.000000
66,75,1.570796
66,81,-1.570796
66,84,-0.321751
66,85,2.819842
66,88,1.570796
67,4,-0.785398
67,6,3.141593
67,9,1.570796
67,16,2.356194
67,23,1.570796
67,26,1.570796
67,30,0.000000
67,38,1.570796
67,45,-1.570796
67,69,1.570796
67,78,0.785398
67,85,-2.356194
67,91,-1.570796
68,6,-1.570796
68,9,-2.819842
68,12,-0.785398
68,19,-0.785398
68,38,2.356194
68,44,1.570796
68,49,0.000000
68,50,-1.892547
68,57,1.570796
68,69,-1.570796
68,82,1.570796
68,85,-1.570796
68,89,1.570796
69,31,-0.785398
69,32,3.141593
69,36,0.785398
69,44,-2.819842
69,57,-1.570796
69,63,2.356194
69,72,1.570796
69,79,-1.570796
69,89,-0.321751
70,15,-1.570796
70,18,1.570796
70,33,0.785398
70,47,-0.785398
70,51,1.570796
70,62,1.570796
70,65,0.000000
70,72,0.785398
70,91,2.819842
71,3,0.785398
71,6,0.000000
71,10,1.570796
71,18,2.356194
71,29,1.570796
71,37,-2.819842
71,40,0.785398
71,62,-2.819842
71,68,1.570796
71,72,-0.321751
71,73,2.819842
71,80,1.570796
71,88,1.570796
71,91,-2.356194
72,3,-0.321751
72,5,3.141593
72,17,0.321751
72,18,-2.819842
72,28,0.321751
72,29,-2.819842
72,32,0.321751
72,33,-2.819842
72,40,-1.570796
72,42,-1.570796
72,51,-1.570796
72,60,0.000000
72,61,-1.892547
72,68,-0.321751
72,73,-1.570796
72,86,1.570796
72,91,-1.570796
73,13,1.570796
73,17,-0.785398
73,32,-1.570796
73,43,1.570796
73,77,-1.570796
73,83,-1.570796
74,9,1.570796
74,17,2.356194
74,27,0.321751
74,28,-2.819842
74,43,0.000000
74,45,0.785398
74,46,1.892547
74,51,0.000000
74,52,3.141593
74,59,-1.570796
74,65,3.141593
74,71,2.819842
75,4,0.785398
75,8,0.321751
75,9,-2.819842
75,16,0.321751
75,17,-2.819842
75,20,-1.570796
75,27,-0.785398
75,39,-1.570796
75,43,-0.785398
75,55,1.570796
75,78,1.570796
75,84,1.570796
75,89,0.785398
76,4,-0.321751
76,6,2.356194
76,16,-1.570796
76,46,-0.785398
76,49,-2.356194
76,55,-1.570796
76,71,-0.321751
76,72,2.819842
76,81,-1.570796
76,89,-0.321751
76,90,2.819842
77,8,-2.819842
77,19,2.356194
77,23,-1.570796
77,38,1.570796
77,43,-1.570796
77,69,1.570796
77,72,-2.356194
77,75,0.785398
77,90,-2.356194
78,4,0.321751
78,7,-1.892547
78,15,2.356194
78,34,-1.570796
78,38,-1.570796
78,54,1.570796
78,57,1.570796
78,69,0.785398
78,72,0.785398
78,75,-0.321751
78,76,2.819842
78,84,-1.570796
78,87,0.785398
79,4,-0.785398
79,11,2.356194
79,14,0.321751
79,15,-2.819842
79,22,1.570796
79,54,-1.570796
79,69,-0.321751
79,70,2.819842
79,72,-0.321751
79,73,2.819842
79,76,-2.356194
79,87,-0.321751
79,88,2.819842
80,10,0.321751
80,11,-2.819842
80,14,-0.785398
80,26,2.356194
80,33,1.570796
80,37,1.570796
80,57,-1.570796
80,60,-1.570796
80,65,1.570796
80,67,1.570796
80,70,-2.356194
80,73,-2.356194
80,82,1.570796
80,88,-2.356194
81,14,2.356194
81,25,0.321751
81,26,-2.819842
81,29,-1.570796
81,37,-1.570796
81,50,1.570796
81,63,1.570796
81,67,-1.570796
81,79,-1.570796
81,85,1.570796
82,9,0.321751
82,10,-2.819842
82,13,0.321751
82,14,-2.819842
82,25,-0.785398
82,33,-1.570796
82,46,-1.570796
82,50,2.356194
83,13,-0.785398
83,28,1.570796
83,36,1.570796
83,42,1.570796
83,49,0.321751
83,50,-2.819842
83,65,-1.570796
83,73,-1.570796
83,91,-1.570796
84,9,-2.819842
84,21,-1.570796
84,32,1.570796
84,39,1.570796
84,49,-0.785398
84,79,1.570796
85,13,2.356194
85,53,1.570796
85,85,-1.570796
86,12,0.321751
86,13,-2.819842
86,20,1.570796
86,24,-1.570796
86,39,-1.570796
87,12,-0.785398
87,28,-1.570796
87,49,-1.570796
87,60,1.570796
87,66,1.570796
88,5,-0.785398
88,16,2.356194
88,23,1.570796
88,26,1.570796
88,73,1.570796
88,86,1.570796
89,10,1.249046
89,11,3.141593
89,15,0.321751
89,16,-2.819842
89,23,-1.570796
89,26,-1.570796
89,35,-1.570796
89,38,1.570796
89,41,-0.785398
89,57,1.570796
90,15,-0.785398
90,28,1.570796
90,66,-1.570796
91,22,1.570796
91,25,1.570796
91,41,1.570796
92,28,-1.570796
92,34,1.570796
92,38,2.356194
92,64,1.570796
92,82,0.785398
92,86,2.356194
93,14,2.356194
93,25,-1.570796
93,37,0.321751
93,38,-2.819842
93,64,-0.321751
93,65,2.819842
93,82,-0.321751
93,84,2.356194
93,86,3.141593
94,7,-1.570796
94,14,-2.819842
94,18,2.356194
94,37,-0.785398
94,50,1.570796
94,57,0.785398
94,61,0.785398
94,65,-1.570796
94,72,-0.785398
94,86,-2.356194
95,18,-2.819842
95,24,1.570796
95,37,-1.570796
95,57,-0.321751
95,58,2.819842
95,61,-0.321751
95,62,2.819842
95,66,-2.356194
95,69,-1.570796
96,11,-0.785398
96,15,1.249046
96,27,1.570796
96,31,-1.570796
96,34,-1.570796
96,47,1.570796
96,54,-2.356194
96,58,-2.356194
96,62,-1.570796
96,74,-0.785398
97,21,-1.570796
97,37,1.570796
97,44,1.570796
97,64,3.141593
97,77,-0.785398
97,82,-0.785398
97,89,1.570796
98,15,-1.249046
98,24,-1.570796
98,27,-1.570796
98,30,0.000000
98,31,3.141593
98,37,-1.570796
98,41,-1.570796
98,44,-1.570796
98,47,-1.570796
98,51,-2.356194
98,59,3.141593
98,88,-0.785398
