4,47,1.249046
4,48,2.356194
4,60,0.785398
4,61,1.892547
5,41,1.249046
5,42,2.356194
5,54,0.000000
5,66,0.785398
5,67,1.892547
5,69,1.249046
5,70,2.356194
5,72,0.785398
5,73,1.570796
5,74,2.356194
5,76,0.785398
5,77,1.570796
5,78,2.356194
6,37,1.249046
6,38,2.356194
6,40,-0.785398
6,47,-2.356194
6,61,-0.785398
7,24,1.249046
7,25,2.356194
7,35,0.785398
7,61,2.356194
8,52,1.249046
8,66,0.321751
8,69,3.141593
9,49,2.356194
9,51,-0.785398
9,52,-1.892547
9,56,0.000000
9,57,1.570796
9,58,2.356194
9,59,-0.785398
9,60,-1.892547
9,66,-0.785398
9,77,0.785398
10,18,1.249046
10,19,2.356194
10,21,-0.785398
10,46,1.249046
10,48,-1.892547
10,77,0.000000
11,39,-2.819842
11,42,0.321751
11,77,-1.570796
11,83,0.785398
11,84,1.892547
12,13,1.249046
12,14,2.356194
12,16,-0.785398
12,52,0.785398
12,55,-2.356194
12,56,-0.785398
12,57,-1.570796
12,58,-2.356194
12,61,-0.785398
12,62,-1.570796
12,63,-2.356194
12,76,1.570796
13,12,0.321751
13,33,0.321751
13,40,1.249046
13,42,3.141593
13,49,1.570796
13,50,2.356194
13,70,-1.249046
13,88,1.892547
14,12,-1.570796
14,27,0.785398
14,28,1.570796
14,29,2.356194
14,33,-1.570796
14,36,0.000000
14,38,-1.570796
14,47,-1.892547
14,53,0.785398
15,32,2.356194
15,42,-1.570796
15,43,-2.356194
15,44,-0.785398
15,45,-1.892547
15,66,-0.321751
15,68,2.356194
15,86,-1.249046
16,28,-0.321751
16,32,-1.570796
16,36,-2.819842
16,40,-0.785398
16,72,3.141593
16,81,1.570796
16,90,-2.819842
17,67,3.141593
18,29,-0.785398
18,33,-1.892547
18,35,-1.570796
18,45,1.249046
18,46,3.141593
18,52,-1.249046
18,53,-2.356194
18,59,3.141593
18,67,-1.570796
18,72,-0.321751
18,84,2.819842
18,87,0.321751
19,24,0.785398
19,25,2.356194
19,44,-0.785398
19,84,-1.570796
19,87,-0.785398
20,24,-0.785398
20,35,0.000000
20,41,1.249046
20,42,3.141593
20,47,2.356194
20,61,0.785398
20,62,1.892547
20,69,0.785398
20,70,2.356194
20,71,0.785398
20,80,1.892547
20,85,1.570796
20,87,2.356194
21,29,3.141593
21,33,1.249046
21,34,3.141593
21,40,-0.785398
21,55,0.785398
21,56,1.570796
21,57,3.141593
21,72,-1.249046
21,74,2.356194
21,80,-1.249046
21,81,3.141593
21,90,2.356194
22,26,0.785398
22,28,-1.892547
22,43,2.356194
22,44,-0.785398
22,45,-1.892547
22,68,-0.785398
22,70,2.819842
22,83,0.785398
22,90,3.141593
23,37,-2.819842
23,49,0.785398
23,50,2.356194
23,58,2.356194
23,70,-1.570796
23,74,-0.321751
24,24,0.000000
24,27,3.141593
24,36,-1.892547
24,47,1.249046
24,48,3.141593
24,50,-1.570796
24,56,-0.785398
24,57,-1.892547
24,62,-1.249046
24,64,1.892547
24,80,2.819842
24,85,-2.356194
24,89,0.321751
25,28,0.785398
25,40,-1.892547
25,44,1.249046
25,45,2.356194
25,65,-2.356194
25,72,1.570796
25,89,-1.570796
26,23,1.249046
26,25,-2.356194
26,30,-1.570796
26,34,-2.819842
26,38,-1.570796
26,49,1.249046
26,51,-1.570796
26,52,-2.356194
26,62,0.785398
26,74,1.892547
26,84,0.000000
27,31,0.000000
27,32,-0.785398
27,49,-1.892547
27,57,-0.785398
27,70,0.785398
27,74,-1.249046
27,76,2.356194
27,83,2.356194
28,10,0.321751
28,12,3.141593
28,30,3.141593
28,35,3.141593
28,40,1.249046
28,42,-1.892547
28,44,1.570796
28,46,0.000000
28,47,-1.892547
28,76,-1.570796
29,10,-0.785398
29,24,0.321751
29,29,-1.892547
29,38,1.249046
29,40,-1.892547
29,45,-2.356194
29,53,0.785398
29,54,1.570796
29,55,2.356194
29,65,-1.249046
29,67,1.892547
29,71,-0.321751
29,73,2.356194
29,77,1.570796
29,81,2.819842
29,87,2.819842
30,14,0.000000
30,15,1.570796
30,16,2.356194
30,32,0.000000
30,33,-1.892547
30,37,0.321751
30,42,2.356194
30,67,-1.249046
30,68,3.141593
30,75,1.570796
30,77,-0.785398
30,78,3.141593
30,81,-1.570796
30,90,-0.321751
30,91,2.819842
31,20,-1.249046
31,21,-2.356194
31,23,-0.785398
31,31,3.141593
31,37,-1.570796
31,47,3.141593
31,64,3.141593
31,69,0.000000
31,70,1.892547
31,72,-0.785398
31,73,3.141593
31,75,-0.785398
31,85,0.785398
31,87,-0.785398
31,88,3.141593
31,91,-2.356194
32,30,-1.570796
32,36,-0.785398
32,46,-1.570796
32,52,0.000000
32,53,-0.785398
32,54,-1.570796
32,55,-2.356194
32,56,3.141593
32,70,-1.249046
32,71,-2.356194
32,74,-0.785398
32,77,-2.356194
32,85,-0.321751
32,89,1.570796
33,28,1.249046
33,29,3.141593
33,38,1.249046
33,39,3.141593
33,43,1.249046
33,44,2.356194
33,75,-2.356194
33,83,0.000000
33,86,-1.570796
33,89,-0.321751
34,28,-1.892547
34,37,0.000000
34,38,-1.892547
34,42,0.000000
34,43,-1.892547
34,62,1.570796
34,82,0.000000
34,87,1.570796
34,91,2.819842
35,30,1.249046
35,31,2.356194
35,32,3.141593
35,36,-0.785398
35,41,-0.785398
35,54,3.141593
35,82,-1.570796
35,85,1.570796
35,91,-2.356194
36,20,0.000000
36,21,1.892547
36,56,0.000000
36,57,3.141593
36,69,0.000000
36,70,0.785398
36,78,1.570796
36,85,-0.321751
37,24,-1.892547
37,38,2.356194
37,44,0.785398
37,45,1.892547
37,62,-1.570796
37,71,-1.570796
37,78,0.785398
37,81,0.785398
38,27,0.000000
38,28,-1.892547
38,37,-0.785398
38,48,3.141593
38,52,-1.570796
38,72,1.570796
38,82,0.000000
38,86,-0.321751
38,87,2.819842
38,90,-2.356194
39,21,0.000000
39,31,-0.785398
39,40,-0.785398
39,45,-0.785398
39,72,-0.321751
39,73,2.819842
39,80,2.819842
39,87,-2.356194
40,25,1.570796
40,65,1.570796
40,73,-1.570796
40,80,-1.570796
40,83,-0.321751
40,84,2.819842
41,9,0.785398
41,34,-1.570796
41,65,2.356194
41,84,-1.570796
41,91,2.356194
42,9,0.000000
42,23,-1.570796
42,61,0.000000
42,64,-0.785398
42,78,-1.570796
42,82,1.570796
42,85,-2.356194
42,88,0.785398
42,91,-2.819842
43,9,-0.785398
43,22,3.141593
43,27,3.141593
43,31,2.356194
43,35,1.570796
43,76,-2.356194
43,82,-0.321751
43,83,2.819842
43,88,-0.321751
44,30,-0.785398
44,83,-1.570796
44,86,0.785398
45,21,-2.356194
45,35,2.356194
45,42,0.000000
45,44,0.785398
45,45,2.356194
45,55,2.356194
45,72,2.356194
45,77,0.785398
46,9,0.785398
46,19,-1.570796
46,22,0.785398
46,23,3.141593
46,34,0.321751
46,35,-2.819842
46,45,-2.356194
46,71,3.141593
46,78,0.000000
47,9,0.000000
47,22,-1.570796
47,34,-0.785398
47,52,0.000000
47,53,-0.785398
47,54,-1.570796
47,55,-2.356194
47,56,0.785398
47,70,-0.785398
47,79,-2.356194
47,84,-1.570796
47,88,1.570796
48,9,-0.785398
48,21,1.570796
48,46,1.570796
48,57,-1.570796
48,79,-1.570796
48,88,-0.321751
49,20,0.000000
49,24,1.570796
49,29,2.356194
49,46,0.000000
49,70,2.356194
49,89,-2.356194
50,9,0.785398
50,28,1.570796
50,46,-0.785398
50,69,-0.785398
51,9,0.000000
51,23,1.570796
51,27,0.000000
51,44,-2.356194
51,47,-0.785398
51,49,2.819842
51,58,-1.570796
51,66,-0.785398
52,9,-0.785398
52,22,0.321751
52,23,-2.819842
52,26,-0.785398
52,42,-1.570796
52,49,-1.570796
52,84,1.570796
52,87,1.570796
52,90,0.785398
53,9,0.785398
53,19,2.356194
53,22,-1.570796
53,90,-0.321751
53,91,2.819842
54,9,0.000000
54,51,0.000000
54,88,-2.356194
54,91,-2.356194
55,9,-0.785398
55,27,2.356194
55,50,-0.785398
55,75,3.141593
55,91,-1.570796
56,20,1.570796
56,35,-1.570796
56,54,-1.570796
57,20,-2.819842
57,25,1.570796
57,61,3.141593
57,89,1.570796
58,9,0.785398
58,24,0.000000
58,25,-2.356194
58,28,2.356194
58,66,1.249046
58,67,2.356194
58,68,3.141593
58,86,-2.356194
59,9,0.000000
59,17,-0.785398
59,18,-1.892547
59,22,1.249046
59,23,3.141593
59,26,0.785398
59,27,3.141593
59,40,-2.356194
59,65,0.321751
59,80,1.570796
60,9,-0.785398
60,38,-1.570796
60,59,-1.570796
60,65,-0.785398
60,80,-1.570796
61,25,0.321751
61,26,-2.819842
61,45,1.570796
61,65,-1.570796
61,75,-2.356194
61,87,1.570796
62,25,-1.570796
62,58,1.570796
62,87,-1.570796
63,9,0.785398
63,18,0.000000
63,19,-1.892547
63,45,0.785398
64,9,-0.321751
64,11,2.356194
64,23,-0.785398
64,29,2.356194
64,30,3.141593
64,45,-0.321751
64,61,1.570796
64,88,1.570796
64,91,-1.570796
65,46,-1.249046
65,47,-2.356194
65,58,-1.570796
65,68,1.570796
65,81,0.785398
66,27,0.000000
66,37,0.000000
66,49,0.000000
66,62,-2.356194
66,68,-1.570796
66,82,0.000000
66,83,1.892547
67,17,1.249046
67,41,-2.356194
67,50,-2.356194
67,83,-1.249046
67,84,-2.356194
67,85,0.785398
67,89,0.785398
68,9,0.321751
68,11,-2.356194
68,50,-1.570796
68,72,1.570796
68,86,-2.356194
68,90,3.141593
69,9,-0.785398
69,33,1.570796
69,86,-1.570796
69,91,-2.356194
70,17,-0.785398
70,72,-1.570796
70,75,1.570796
70,83,1.570796
71,20,1.249046
71,21,3.141593
71,28,2.356194
71,39,1.570796
71,49,2.356194
71,53,1.570796
71,83,-1.570796
71,89,1.570796
72,27,3.141593
72,34,-1.570796
72,48,-0.785398
72,53,-1.570796
72,78,1.570796
73,23,2.356194
73,26,-0.785398
73,75,-1.570796
73,78,-1.570796
74,17,0.321751
74,22,1.570796
74,30,2.356194
74,84,1.570796
74,90,2.356194
75,22,-2.819842
75,25,-0.785398
75,88,2.356194
75,90,3.141593
76,15,1.249046
76,17,-1.570796
76,18,-2.356194
76,20,-0.785398
76,21,-1.892547
76,38,-1.570796
76,87,-0.785398
76,90,-2.356194
78,27,-1.570796
78,45,3.141593
78,87,-1.570796
79,12,0.321751
79,23,3.141593
79,42,-0.785398
79,81,1.570796
80,29,2.356194
80,35,2.356194
80,53,2.356194
80,81,-1.570796
80,84,-1.570796
80,87,1.570796
81,10,0.000000
81,13,-2.356194
81,26,1.249046
81,27,2.356194
81,34,-0.785398
82,24,1.249046
82,26,-1.892547
82,39,2.356194
82,77,1.570796
82,90,2.356194
83,23,0.000000
83,24,-1.892547
83,38,-0.785398
83,52,-1.570796
83,77,-1.570796
83,85,2.356194
84,21,1.249046
84,22,3.141593
84,36,1.570796
84,84,-1.570796
84,86,0.000000
85,20,0.321751
85,27,2.356194
85,36,-1.570796
86,83,0.785398
86,85,0.785398
86,87,-2.819842
87,21,-2.356194
87,39,3.141593
87,79,1.570796
88,30,2.356194
88,37,-0.785398
88,44,3.141593
88,71,1.570796
88,87,2.819842
89,17,0.321751
89,27,1.249046
89,28,2.356194
89,71,-1.570796
89,87,-2.356194
90,26,0.000000
90,27,-1.892547
90,41,-0.785398
90,78,-0.785398
91,16,-0.785398
91,19,2.356194
91,50,2.356194
92,31,2.356194
92,77,1.570796
93,37,3.141593
93,43,3.141593
93,48,1.570796
93,77,2.356194
94,25,1.249046
94,26,2.356194
94,41,1.570796
94,47,0.000000
94,75,0.000000
94,76,-0.785398
94,87,2.356194
95,32,1.249046
95,33,3.141593
95,39,1.249046
95,51,1.570796
95,80,0.785398
95,86,0.000000
96,23,-0.785398
96,30,1.249046
96,45,1.570796
96,55,2.356194
96,65,2.356194
96,81,-2.356194
97,37,-0.785398
97,38,-1.892547
97,43,0.000000
97,44,-0.785398
97,49,0.000000
97,68,2.356194
97,71,2.356194
98,30,-1.249046
98,31,-2.356194
98,32,-0.785398
98,33,-1.570796
98,34,-2.356194
98,53,-0.785398
98,63,-0.785398
98,67,-0.785398
98,70,-0.785398
