9,42,0.785398
9,43,1.892547
10,33,1.249046
10,34,3.141593
10,51,0.785398
10,52,1.570796
10,53,2.356194
11,43,-0.785398
11,66,2.356194
12,18,1.249046
12,19,2.356194
13,15,2.356194
13,17,-0.785398
13,33,-0.785398
13,72,2.356194
14,77,0.000000
15,52,2.356194
15,78,-2.356194
16,12,0.321751
16,38,1.570796
16,50,1.249046
16,52,3.141593
17,12,-1.570796
17,38,0.000000
17,52,-2.356194
18,32,0.321751
18,34,2.819842
18,58,0.321751
19,43,2.356194
19,47,0.321751
20,10,0.321751
20,12,3.141593
20,40,-1.249046
20,41,-2.356194
20,43,3.141593
20,56,1.249046
20,58,3.141593
21,10,-1.570796
21,43,-1.570796
21,47,-2.819842
21,58,-2.356194
21,63,0.321751
21,79,3.141593
22,63,-0.785398
23,43,-0.785398
23,44,-1.892547
23,55,0.321751
23,60,0.785398
23,61,1.892547
23,63,2.356194
24,23,0.785398
24,24,2.356194
24,30,2.356194
24,55,-0.785398
24,58,0.000000
24,63,3.141593
25,23,-0.785398
25,27,-0.785398
25,47,-0.321751
25,55,2.356194
25,59,-1.249046
25,63,-2.356194
25,70,1.892547
25,73,0.000000
25,74,-1.892547
26,50,-2.356194
26,52,0.785398
26,53,1.570796
27,29,-0.785398
27,30,-2.356194
27,37,3.141593
27,42,0.000000
27,62,-1.570796
27,68,-0.321751
27,83,2.819842
28,20,1.570796
28,25,2.356194
28,48,-1.570796
28,53,-0.321751
28,57,-2.356194
28,83,-1.570796
29,8,0.321751
29,10,3.141593
29,20,-0.321751
29,22,2.356194
29,23,-0.785398
29,24,-1.892547
29,59,0.000000
29,67,1.249046
29,69,3.141593
30,8,-0.785398
30,50,1.570796
30,55,-1.570796
31,8,2.356194
31,15,1.249046
31,17,1.892547
31,22,3.141593
31,32,3.141593
31,52,1.892547
31,56,-2.356194
31,60,-0.785398
31,62,1.892547
31,70,2.819842
32,7,0.321751
32,13,0.000000
32,19,-0.785398
32,20,-1.892547
32,23,1.570796
32,52,-1.249046
32,53,3.141593
32,67,-0.785398
32,70,-2.356194
33,7,-1.570796
33,54,-2.356194
34,16,-1.892547
34,22,0.321751
34,64,-1.249046
34,74,0.000000
34,75,-1.892547
35,61,-1.570796
35,66,-1.249046
35,67,3.141593
35,71,0.785398
35,73,2.356194
36,19,1.249046
36,29,3.141593
36,68,1.570796
36,71,-1.570796
37,18,0.000000
37,68,-0.321751
37,70,3.141593
37,73,-0.321751
37,74,2.819842
38,15,0.785398
38,16,2.356194
38,20,-0.785398
38,61,0.785398
38,74,-1.570796
38,85,2.819842
39,28,2.356194
39,62,-2.356194
39,66,1.570796
39,70,0.000000
39,85,-2.356194
40,15,-2.819842
40,21,0.321751
40,66,0.785398
40,71,-1.570796
40,81,-0.785398
40,82,-1.892547
41,13,0.321751
41,21,-1.570796
41,64,0.785398
41,67,2.819842
42,6,2.356194
42,13,-1.570796
42,61,0.785398
42,67,-1.570796
42,73,1.570796
43,5,0.321751
43,19,1.570796
43,28,0.000000
43,62,0.000000
43,63,1.892547
43,68,0.000000
43,69,1.892547
43,74,3.141593
44,5,-0.785398
44,17,1.249046
44,19,3.141593
44,63,-1.249046
44,64,3.141593
45,9,0.785398
45,10,1.570796
45,14,0.785398
45,15,1.570796
46,18,-0.785398
46,71,-1.249046
46,72,3.141593
47,13,2.819842
47,67,0.000000
47,68,1.892547
47,78,1.570796
48,11,-0.785398
48,13,-1.570796
48,16,2.356194
48,62,0.000000
48,63,0.785398
48,64,1.892547
48,78,-0.321751
49,14,0.000000
49,16,-2.819842
49,59,0.785398
49,64,-1.249046
49,69,-1.249046
49,70,3.141593
49,79,-1.249046
49,80,3.141593
50,66,-1.570796
50,85,-0.785398
50,87,2.819842
51,4,0.321751
51,6,-2.356194
51,62,0.000000
51,63,1.892547
51,67,-2.356194
51,87,-2.356194
52,4,-0.785398
52,73,0.000000
52,74,1.892547
53,64,-1.249046
53,65,3.141593
53,79,0.000000
53,80,1.892547
54,12,-1.570796
54,40,0.785398
54,60,0.000000
54,66,0.000000
54,67,1.892547
54,70,0.000000
54,87,2.356194
55,40,0.000000
55,62,0.000000
55,63,1.892547
55,68,2.819842
55,81,-1.249046
55,82,-2.356194
55,87,3.141593
56,10,1.570796
56,40,-0.785398
56,58,0.785398
56,63,-1.249046
56,64,3.141593
56,68,-1.570796
56,87,-2.356194
57,40,2.356194
57,59,-2.356194
58,9,3.141593
58,39,0.000000
58,40,-2.356194
58,61,0.785398
58,66,1.570796
58,70,-2.356194
58,87,2.356194
59,13,2.356194
59,66,-0.321751
59,73,2.356194
59,76,0.000000
59,77,1.892547
59,83,0.785398
59,84,1.570796
59,85,2.356194
59,87,3.141593
60,8,-2.819842
60,12,-0.785398
60,68,2.819842
60,87,-2.356194
61,3,0.785398
61,6,0.000000
61,7,-1.892547
61,24,2.356194
61,48,-2.356194
61,64,0.000000
61,68,-1.570796
61,75,0.785398
61,79,2.819842
61,82,-1.249046
62,3,0.000000
62,23,-0.785398
62,65,-1.570796
62,69,0.000000
62,76,-2.356194
63,3,-0.785398
63,18,1.570796
63,45,0.000000
63,46,1.892547
63,61,0.000000
63,79,-0.321751
64,9,1.570796
64,46,-1.249046
64,47,-2.356194
64,48,3.141593
64,70,-0.321751
64,71,2.819842
64,77,0.785398
64,81,2.819842
65,13,1.570796
65,36,1.249046
65,59,0.000000
65,60,3.141593
65,64,-2.356194
65,71,-1.570796
65,78,1.570796
65,87,2.356194
66,35,0.321751
66,69,1.570796
66,78,-0.321751
66,87,3.141593
67,35,-1.570796
67,66,0.785398
67,69,-0.321751
67,70,2.819842
67,76,0.000000
67,87,-2.356194
68,12,0.000000
68,13,-1.570796
68,15,1.892547
68,34,-0.785398
68,74,0.000000
68,75,2.356194
69,7,2.356194
69,11,1.570796
69,17,2.356194
69,38,-1.570796
69,46,-2.356194
69,61,1.570796
69,75,-2.356194
69,78,0.000000
69,81,3.141593
69,87,2.356194
70,7,-2.819842
70,10,0.321751
70,11,-2.819842
70,14,0.321751
70,17,-2.356194
70,68,-0.785398
70,69,-1.570796
70,70,-2.356194
70,72,-2.356194
70,87,3.141593
71,3,0.785398
71,10,-1.570796
71,22,2.356194
71,54,0.785398
71,58,0.785398
71,72,-1.570796
71,79,0.785398
71,87,-2.356194
72,3,0.000000
72,5,-1.892547
72,13,0.321751
72,14,-2.819842
72,44,3.141593
72,50,0.000000
72,59,1.570796
72,63,-2.356194
72,66,0.785398
72,79,-0.321751
72,80,2.819842
73,3,-0.785398
73,13,-0.785398
73,21,-1.570796
73,38,-0.785398
73,52,-2.356194
73,59,-0.321751
73,60,2.819842
73,70,0.785398
73,80,-2.356194
74,9,-1.570796
74,13,2.356194
74,47,0.000000
74,57,-2.356194
74,60,-1.570796
74,65,1.570796
75,12,0.321751
75,13,-2.819842
75,17,-1.570796
75,20,1.570796
75,24,1.570796
75,40,1.570796
75,53,0.785398
75,72,-2.356194
75,78,1.570796
76,12,-0.785398
76,20,-1.570796
76,30,1.570796
76,43,0.000000
76,45,3.141593
76,58,0.785398
76,62,-2.356194
76,78,-0.321751
76,79,2.819842
76,87,2.356194
77,27,1.570796
77,30,-1.570796
77,66,-1.570796
77,73,0.785398
77,76,1.570796
77,79,-2.356194
77,82,0.000000
77,83,1.892547
77,85,1.249046
77,87,3.141593
78,12,-1.570796
78,24,-1.570796
78,51,-2.356194
78,64,1.570796
79,16,1.570796
79,36,1.570796
79,56,-2.356194
79,60,0.000000
79,64,0.785398
79,74,-1.570796
79,77,-2.356194
79,80,-2.356194
79,87,3.141593
80,27,-1.570796
80,33,1.570796
80,36,-1.570796
80,61,-2.356194
80,64,-0.321751
80,65,2.819842
80,68,0.785398
80,85,-1.892547
80,87,-2.356194
81,16,-1.570796
81,33,-1.570796
81,40,-1.570796
81,57,0.785398
81,65,-1.570796
81,78,1.570796
82,8,1.570796
82,54,1.570796
82,58,1.570796
82,61,-1.570796
82,72,-1.570796
83,58,-0.321751
83,70,-2.356194
83,76,0.785398
83,87,2.356194
84,8,2.356194
84,30,1.570796
84,54,-1.570796
84,60,2.819842
84,73,0.785398
84,80,-2.356194
84,84,0.785398
84,85,1.570796
84,87,3.141593
85,8,-2.819842
85,30,-1.570796
85,60,-1.570796
85,67,-1.570796
85,71,1.570796
85,77,-1.570796
86,61,-2.356194
86,71,-1.570796
86,81,-0.785398
86,87,3.141593
87,4,0.000000
87,52,1.570796
87,68,1.570796
88,68,-1.570796
88,71,0.000000
88,72,3.141593
88,79,1.570796
88,88,3.141593
89,85,0.321751
90,5,0.785398
90,10,1.570796
90,24,1.570796
90,53,-1.570796
90,69,0.785398
90,85,-0.785398
91,5,-0.321751
91,24,-1.570796
91,79,-1.570796
92,10,2.356194
92,64,0.785398
92,73,1.570796
92,76,-1.570796
93,6,0.000000
93,8,-1.570796
94,85,0.785398
94,89,2.356194
95,14,1.570796
95,44,1.570796
95,59,1.570796
95,71,-1.570796
95,74,-1.570796
95,77,0.785398
95,88,-0.785398
96,36,1.570796
96,44,-1.570796
96,59,-1.570796
96,66,-2.356194
96,78,0.000000
96,79,1.570796
96,81,1.892547
96,84,0.000000
96,85,-1.892547
97,14,-1.570796
97,36,-1.570796
97,71,1.570796
98,11,-2.356194
98,71,-1.570796
98,81,-1.892547
