13,26,1.249046
13,27,2.356194
13,34,0.785398
13,35,1.570796
13,36,2.356194
14,14,2.356194
14,56,2.356194
15,13,-1.570796
15,26,-2.356194
15,62,2.356194
16,65,1.570796
17,67,0.785398
17,68,1.892547
19,13,3.141593
20,74,2.356194
21,9,0.321751
21,36,3.141593
22,9,-1.570796
23,32,0.321751
24,38,0.785398
25,32,3.141593
25,38,0.000000
25,44,0.321751
26,19,0.785398
26,38,-0.785398
26,40,-1.570796
26,44,-0.785398
27,27,-2.356194
27,38,0.785398
27,44,2.356194
27,76,2.819842
28,18,0.321751
28,38,0.000000
28,40,-0.785398
28,41,-1.570796
28,76,-2.356194
29,46,2.356194
29,47,-0.785398
29,48,-1.892547
30,30,-1.570796
30,35,1.249046
30,36,2.356194
30,38,3.141593
31,31,0.785398
31,32,2.356194
31,42,0.000000
31,51,0.000000
31,52,-1.892547
32,15,1.249046
32,35,-1.570796
32,38,0.000000
32,40,0.785398
32,41,2.356194
33,13,1.249046
33,24,-2.356194
33,27,0.000000
33,29,0.785398
33,32,2.819842
33,36,1.570796
33,41,-1.570796
33,53,0.321751
34,11,1.249046
34,20,-2.356194
34,24,0.785398
34,38,-2.356194
34,53,-1.570796
35,20,0.785398
35,27,3.141593
35,30,0.000000
35,34,1.249046
35,39,0.000000
35,40,1.570796
35,42,-1.892547
36,6,1.249046
36,20,0.000000
36,27,-1.570796
36,32,-1.249046
36,48,0.785398
36,49,2.356194
37,24,-1.570796
37,28,0.785398
37,34,-1.249046
37,36,3.141593
37,40,0.000000
37,42,0.785398
37,43,1.570796
37,49,-1.570796
37,57,-0.785398
37,58,-1.892547
38,4,0.321751
38,8,-0.321751
38,16,0.000000
38,28,-1.570796
38,50,0.785398
38,51,2.356194
39,4,-0.785398
39,16,-1.570796
39,27,3.141593
39,38,1.570796
39,40,3.141593
39,43,0.000000
39,45,-1.892547
39,47,1.570796
39,77,3.141593
40,9,-0.785398
40,15,-2.356194
40,19,-0.785398
40,24,1.249046
40,26,-1.892547
40,35,-0.785398
40,36,-1.892547
40,61,0.000000
40,62,-1.892547
41,42,-0.785398
41,53,1.249046
41,54,2.356194
42,4,0.785398
42,19,0.000000
42,20,-1.570796
42,32,1.570796
42,40,-1.892547
42,49,-0.785398
42,53,-1.892547
43,4,0.000000
43,18,1.570796
43,29,1.249046
43,30,2.356194
43,36,-0.785398
43,37,-1.892547
44,7,2.356194
44,8,-0.785398
44,9,-1.892547
44,12,-0.785398
44,23,0.000000
44,28,-0.785398
44,41,1.249046
44,42,2.356194
44,63,0.785398
44,64,1.892547
45,4,-0.785398
45,6,-1.892547
45,19,3.141593
45,30,0.000000
45,40,-0.785398
45,41,-1.892547
45,46,1.249046
45,47,2.356194
45,48,0.785398
45,49,1.570796
45,53,0.785398
45,54,1.570796
45,55,2.356194
45,56,0.785398
45,57,1.892547
45,59,1.570796
45,66,1.892547
45,69,0.000000
45,70,-1.892547
46,23,3.141593
46,59,3.141593
46,68,3.141593
47,36,1.570796
47,42,0.785398
47,46,-2.356194
47,49,0.000000
47,63,-0.785398
48,40,1.249046
48,41,3.141593
48,46,0.000000
48,49,-1.570796
48,55,1.570796
49,3,0.785398
49,9,1.570796
49,22,-0.785398
49,23,-1.892547
49,48,3.141593
49,57,-1.892547
49,63,2.356194
50,3,0.000000
50,8,-0.785398
50,9,-2.356194
50,17,-2.356194
50,31,-2.819842
50,36,-0.785398
50,40,-1.249046
50,41,-2.356194
50,42,-0.785398
51,3,-0.785398
51,10,1.570796
51,36,2.356194
51,45,-0.785398
51,46,-1.892547
51,51,1.249046
51,52,2.356194
51,53,-0.785398
51,58,1.249046
51,65,-0.785398
52,10,0.000000
52,12,-1.892547
52,15,0.785398
52,35,0.000000
52,55,0.785398
52,56,2.356194
52,57,-0.785398
52,58,-1.892547
52,67,-2.819842
53,16,-2.356194
53,21,0.785398
53,22,1.570796
53,23,2.356194
53,30,0.000000
53,48,1.249046
53,55,-1.570796
53,64,2.356194
53,65,-0.785398
53,66,-1.892547
54,3,0.785398
54,5,1.249046
54,6,2.356194
54,8,0.785398
54,10,-2.819842
54,30,-1.570796
54,40,0.785398
54,46,1.249046
54,48,-1.892547
55,3,0.000000
55,22,0.785398
55,27,1.249046
55,28,2.356194
55,41,-1.570796
55,45,0.000000
55,46,-1.892547
55,50,0.000000
55,60,-0.785398
55,61,-2.356194
56,3,-0.785398
56,5,-1.570796
56,22,0.000000
56,37,0.785398
56,38,2.356194
56,43,2.356194
56,50,-1.570796
56,62,0.000000
56,65,-2.356194
56,66,0.785398
56,67,1.892547
56,80,2.356194
57,6,0.785398
57,7,2.356194
57,19,0.785398
57,20,1.892547
57,27,-2.356194
57,38,-1.570796
57,80,3.141593
58,13,1.570796
58,14,2.356194
58,23,2.819842
58,27,0.785398
58,40,3.141593
58,42,-2.356194
58,53,1.249046
58,54,3.141593
58,61,0.785398
58,65,1.570796
58,67,-1.892547
58,80,-2.356194
59,2,0.321751
59,20,-0.785398
59,29,2.356194
59,44,1.249046
59,45,3.141593
60,2,-0.785398
60,10,3.141593
60,13,0.785398
60,26,-0.785398
60,37,0.000000
60,51,-0.785398
60,52,-1.892547
60,62,0.785398
60,65,2.356194
61,2,0.785398
61,13,0.000000
61,19,-0.785398
61,20,-1.570796
61,21,-2.356194
61,22,-0.785398
61,23,-1.892547
61,28,-1.570796
61,35,0.785398
61,36,2.356194
61,39,0.785398
61,40,2.356194
61,62,0.000000
62,2,0.000000
62,4,-0.785398
62,5,-1.892547
62,9,0.000000
62,32,1.570796
62,47,2.356194
62,65,-1.249046
62,66,-2.356194
62,72,0.785398
62,73,1.570796
62,74,2.356194
62,79,-0.785398
62,81,2.819842
63,2,-0.785398
63,13,3.141593
63,28,-0.785398
63,29,-1.570796
63,30,-2.356194
63,38,-0.785398
63,43,0.000000
63,52,0.785398
63,53,2.356194
63,60,1.249046
63,62,3.141593
63,81,-2.356194
64,21,0.785398
64,22,1.570796
64,23,2.356194
64,34,0.785398
64,43,-1.570796
64,47,1.570796
64,53,-1.570796
64,58,-1.570796
64,73,-2.819842
65,2,0.785398
65,11,-1.570796
65,13,-1.570796
65,14,-2.356194
65,32,-1.570796
65,42,1.570796
65,47,0.000000
65,54,0.785398
65,56,-1.892547
65,63,-2.356194
66,2,-0.321751
66,4,2.356194
66,22,0.785398
66,54,-1.570796
66,70,-0.785398
66,71,-1.892547
67,24,0.785398
67,25,1.570796
67,26,2.356194
67,35,2.356194
67,39,1.570796
67,44,2.356194
67,47,3.141593
67,52,0.785398
67,53,2.356194
68,2,0.321751
68,7,-0.785398
68,12,1.892547
68,19,1.249046
68,20,2.356194
68,21,-0.785398
68,22,-1.892547
68,33,1.249046
68,39,-2.819842
68,47,-1.570796
68,53,-1.570796
69,2,-0.785398
69,4,1.570796
69,15,1.570796
69,16,2.356194
69,25,0.785398
69,43,3.141593
69,48,0.000000
69,57,1.570796
69,58,2.356194
69,59,-0.785398
70,2,0.785398
70,8,-2.356194
70,19,-1.570796
70,25,0.000000
70,38,-1.570796
70,43,-1.570796
70,48,2.356194
71,2,0.000000
71,4,-1.892547
71,13,-1.249046
71,15,3.141593
71,39,-2.356194
71,44,1.570796
71,46,1.249046
71,62,-2.356194
71,67,0.000000
71,70,0.785398
72,2,-0.785398
72,8,2.356194
72,9,-0.785398
72,11,2.819842
72,19,-0.785398
72,20,-1.570796
72,21,-2.356194
72,25,3.141593
72,31,1.249046
72,32,3.141593
72,44,-0.785398
72,58,2.819842
73,2,0.785398
73,6,0.000000
73,7,-1.892547
73,16,-2.356194
73,25,-2.356194
73,35,0.785398
73,38,2.356194
73,46,-1.249046
73,66,2.356194
73,70,0.321751
73,72,2.819842
74,2,-0.321751
74,4,2.356194
74,12,-2.356194
74,25,0.785398
74,27,1.249046
74,28,2.356194
74,29,-0.785398
74,30,-1.892547
74,35,-0.785398
74,42,1.570796
74,48,-2.356194
74,56,-1.249046
74,58,3.141593
74,66,-2.819842
75,8,1.249046
75,10,-1.892547
75,14,-1.570796
75,25,-0.785398
75,40,2.356194
75,41,-0.785398
75,42,-2.356194
75,51,1.249046
75,58,-1.570796
75,62,0.785398
76,7,0.000000
76,8,-1.892547
76,27,-1.570796
76,37,-0.321751
76,43,1.570796
76,62,-0.321751
76,73,-2.356194
77,5,2.356194
77,12,0.785398
77,13,1.570796
77,15,-1.570796
77,16,-2.356194
77,30,2.356194
77,45,1.570796
77,80,0.321751
77,82,2.819842
78,2,0.000000
78,3,-0.785398
78,4,-1.892547
78,10,1.249046
78,11,3.141593
78,27,0.000000
78,38,3.141593
78,42,0.000000
78,43,-1.892547
78,51,2.819842
78,57,1.570796
78,58,2.356194
78,64,-2.356194
78,66,-0.785398
78,67,-1.570796
79,9,-0.785398
79,10,-1.892547
79,25,0.785398
79,26,2.356194
79,29,-2.356194
79,34,1.570796
79,41,1.570796
80,21,1.249046
80,22,3.141593
80,26,-2.356194
80,29,0.785398
80,34,3.141593
80,38,0.000000
80,41,3.141593
80,46,-1.570796
80,52,-2.356194
80,53,0.785398
80,57,-2.819842
80,60,-0.321751
80,62,-2.819842
80,78,0.321751
81,15,1.892547
81,18,1.249046
81,19,2.356194
81,29,-0.785398
81,30,-2.356194
81,38,-1.570796
81,41,-1.570796
81,45,1.570796
82,10,0.785398
82,11,2.356194
82,21,-2.356194
82,27,0.785398
82,28,3.141593
82,34,-0.321751
82,36,2.356194
82,42,0.785398
82,43,2.356194
82,45,3.141593
82,49,0.321751
82,53,0.321751
82,61,-2.819842
82,66,0.321751
82,80,3.141593
83,8,1.570796
83,18,-2.356194
83,27,-1.570796
83,45,-1.570796
83,58,0.000000
83,59,-0.785398
83,60,-1.892547
83,66,-0.785398
83,80,-2.356194
84,8,3.141593
84,11,0.000000
84,13,-0.785398
84,14,-1.892547
84,18,0.785398
84,23,1.249046
84,25,1.570796
84,33,1.249046
84,35,3.141593
84,42,3.141593
84,49,-2.819842
84,53,-2.819842
84,57,-2.356194
85,3,0.785398
85,8,-1.570796
85,18,-0.785398
85,19,-2.356194
85,20,-0.785398
85,28,0.785398
85,29,1.570796
85,31,1.570796
85,38,1.570796
85,44,1.249046
85,46,-1.892547
85,60,0.000000
85,80,2.356194
86,3,0.000000
86,5,-0.785398
86,6,-2.356194
86,25,-2.819842
86,36,-2.356194
86,38,3.141593
86,42,-0.321751
86,48,0.000000
86,51,-0.785398
86,52,-2.356194
86,65,-0.785398
86,73,1.249046
86,75,1.570796
86,77,1.570796
86,87,1.249046
87,3,-0.785398
87,7,0.785398
87,9,-1.892547
87,15,0.785398
87,16,2.356194
87,38,-1.570796
87,48,-0.785398
87,53,0.000000
87,54,1.570796
87,55,2.356194
87,59,0.785398
87,60,1.892547
87,70,1.249046
87,83,1.570796
87,85,1.570796
88,7,-1.570796
88,13,1.249046
88,14,3.141593
88,16,-1.570796
88,24,-2.356194
88,39,1.570796
88,48,0.000000
88,60,-1.249046
88,61,-2.356194
88,87,-1.249046
89,11,1.249046
89,13,-1.892547
89,17,0.785398
89,18,2.356194
89,24,0.785398
89,28,-0.785398
89,42,-0.785398
89,43,-1.570796
89,44,-2.356194
89,49,1.570796
89,63,0.000000
89,64,1.892547
89,70,-1.249046
89,73,2.819842
89,85,-2.819842
90,3,2.356194
90,5,-0.785398
90,17,-1.570796
90,21,-1.570796
90,39,-1.892547
90,50,-2.356194
90,54,0.000000
90,65,-2.356194
90,68,3.141593
90,73,-2.356194
91,2,0.321751
91,3,-2.819842
91,8,1.249046
91,10,-1.892547
91,24,-1.892547
91,29,0.321751
91,73,0.785398
91,83,0.321751
91,85,2.819842
92,2,-0.785398
92,35,-0.785398
92,61,-2.356194
92,63,0.785398
92,69,-2.356194
92,70,3.141593
92,73,-0.321751
92,74,2.819842
92,78,0.785398
93,2,0.785398
93,5,1.249046
93,7,-1.892547
93,26,1.249046
93,27,2.356194
93,28,-0.785398
93,29,-1.570796
93,31,3.141593
93,42,3.141593
93,45,0.000000
93,52,3.141593
93,64,3.141593
93,81,1.249046
93,86,2.819842
94,2,0.000000
94,4,-0.785398
94,5,-1.892547
94,17,1.249046
94,18,3.141593
94,24,0.785398
94,33,1.249046
94,34,2.356194
94,35,-0.785398
94,36,-1.570796
94,38,-1.570796
94,39,-2.356194
94,55,0.000000
94,65,1.570796
94,76,1.570796
95,2,-0.785398
95,9,-0.785398
95,58,-2.356194
95,87,2.819842
96,2,0.785398
96,6,3.141593
96,17,-1.570796
96,20,0.000000
96,21,-1.892547
96,26,1.570796
96,30,-0.785398
96,61,0.000000
96,67,1.570796
96,72,2.356194
96,78,-1.570796
96,82,1.570796
97,3,-2.356194
97,19,3.141593
97,26,-0.785398
97,27,-2.356194
97,33,-2.356194
97,38,0.000000
97,50,3.141593
97,52,0.000000
97,63,-0.785398
97,64,-1.892547
97,68,-2.356194
97,69,-0.785398
97,70,-1.570796
97,72,-2.356194
97,84,-1.249046
97,85,-2.356194
97,86,-0.785398
98,9,0.000000
98,16,0.000000
98,17,-0.785398
98,18,-1.892547
98,23,0.000000
98,56,3.141593
98,74,-0.785398
98,75,-1.892547
98,81,-0.785398
