8,48,1.249046
8,49,2.356194
9,62,0.000000
9,63,1.570796
9,64,2.356194
11,41,1.249046
11,42,2.356194
11,45,-0.785398
11,61,1.249046
11,63,3.141593
12,63,-2.356194
13,19,1.249046
13,20,2.356194
13,32,0.785398
13,33,1.570796
13,34,2.356194
13,35,0.785398
13,36,1.892547
13,79,2.356194
14,13,1.249046
14,14,2.356194
14,18,-0.785398
15,57,-0.321751
15,59,-2.819842
16,11,0.321751
17,11,-0.785398
17,38,-2.356194
17,73,1.570796
17,75,-1.892547
18,11,2.356194
18,33,2.356194
18,38,2.356194
18,53,0.000000
18,54,1.892547
18,59,2.819842
19,9,1.249046
19,11,3.141593
19,33,3.141593
19,38,3.141593
19,43,0.785398
19,83,2.356194
20,11,-2.356194
20,54,-0.785398
21,36,-0.321751
21,38,-2.819842
21,43,-0.321751
21,59,-1.249046
21,61,1.892547
21,72,2.819842
22,6,0.321751
22,47,1.892547
22,65,1.570796
22,66,2.356194
22,67,0.785398
23,6,-0.785398
23,15,1.249046
23,38,2.819842
23,43,0.321751
23,49,1.892547
23,70,-1.249046
24,14,0.321751
24,35,0.321751
24,47,-1.892547
24,51,1.892547
24,53,1.249046
24,58,2.356194
24,61,0.000000
24,63,-1.570796
25,20,1.570796
25,26,-0.321751
25,38,-2.819842
25,43,-0.321751
25,58,-2.356194
25,77,0.321751
26,14,-0.321751
26,20,3.141593
26,34,0.321751
26,37,-1.892547
26,46,2.819842
26,49,-0.321751
26,55,-1.892547
26,59,0.785398
26,61,3.141593
26,68,2.356194
26,77,-1.570796
27,25,1.249046
27,32,1.892547
28,6,2.356194
28,13,0.785398
28,15,-2.356194
28,18,-0.321751
28,23,1.249046
28,35,2.819842
28,41,1.249046
28,47,-2.356194
28,49,-0.785398
28,61,-2.819842
28,76,2.356194
29,5,0.321751
29,25,-1.249046
29,35,-1.570796
29,45,-1.892547
29,76,-2.819842
30,5,-0.785398
30,13,3.141593
30,21,-0.785398
30,33,-1.570796
30,37,2.356194
30,53,-1.249046
30,54,-2.356194
30,60,0.000000
30,62,1.570796
30,64,1.570796
30,66,-1.892547
30,73,2.356194
31,13,-1.570796
31,23,3.141593
31,29,3.141593
31,49,-0.785398
31,50,-1.892547
31,69,-0.785398
32,14,0.785398
32,15,2.356194
32,18,-1.570796
32,36,-1.570796
32,46,2.356194
32,58,-2.356194
32,59,-0.785398
32,60,-1.570796
32,75,-0.785398
32,78,0.785398
32,87,2.356194
33,19,0.785398
33,20,2.356194
33,21,0.785398
33,84,1.249046
34,25,2.356194
34,42,0.000000
34,43,-1.892547
34,45,-1.570796
34,62,0.785398
34,69,2.356194
34,79,0.000000
34,81,1.570796
34,82,2.356194
35,18,0.000000
35,30,-1.892547
35,36,-0.785398
35,40,2.356194
35,46,-2.356194
35,62,0.000000
35,84,-1.249046
35,86,-1.892547
36,11,1.570796
36,13,-1.570796
36,17,3.141593
36,32,-0.785398
36,62,-0.785398
36,69,-1.249046
36,70,3.141593
36,72,2.356194
36,79,0.000000
36,88,2.356194
37,9,0.785398
37,16,-1.892547
37,37,-0.785398
37,38,-1.892547
38,6,1.249046
38,7,3.141593
38,14,-1.892547
38,21,1.249046
38,34,1.249046
38,35,3.141593
39,31,0.321751
39,41,3.141593
39,72,-1.570796
39,81,-2.356194
40,11,-1.570796
40,31,-0.785398
40,34,-2.356194
40,39,1.570796
40,46,-0.785398
40,71,-0.785398
40,76,0.321751
40,79,-2.356194
41,9,2.356194
41,16,0.785398
41,17,1.570796
41,24,-1.570796
41,31,0.000000
41,34,0.785398
41,36,1.249046
41,37,2.356194
41,39,3.141593
41,52,2.356194
41,76,-0.785398
41,83,0.321751
42,8,-1.892547
42,30,0.785398
42,36,-1.892547
42,39,-2.356194
42,83,-1.570796
42,86,1.570796
42,90,2.356194
43,4,1.249046
43,26,-2.356194
43,27,0.785398
43,28,1.892547
43,49,-0.785398
43,50,-1.892547
43,57,1.249046
43,58,2.356194
43,81,1.249046
43,82,3.141593
43,87,-2.356194
43,88,0.785398
43,90,-2.819842
44,3,0.321751
44,7,1.570796
44,30,-1.892547
44,45,1.249046
44,46,3.141593
44,56,-0.785398
44,77,0.000000
44,78,1.892547
45,3,-0.785398
45,7,0.000000
45,24,-1.570796
45,38,-0.785398
45,41,2.356194
45,43,0.785398
46,7,-1.570796
46,15,1.570796
46,17,-1.570796
46,20,1.249046
46,21,3.141593
46,25,0.000000
46,26,1.570796
46,28,3.141593
46,32,2.356194
46,78,-0.785398
46,88,0.000000
46,90,2.819842
47,6,1.570796
47,13,0.785398
47,20,-1.892547
47,28,-1.570796
47,32,-2.819842
47,78,2.356194
47,85,0.785398
47,86,1.570796
47,87,3.141593
47,90,-2.356194
48,3,0.785398
48,5,0.000000
48,18,-1.892547
48,31,-1.892547
48,39,-0.785398
48,78,3.141593
49,3,0.000000
49,11,1.570796
49,23,1.249046
49,29,-1.892547
49,45,0.785398
49,58,0.785398
49,78,-2.356194
49,90,2.356194
50,3,-0.785398
50,9,1.249046
50,11,-2.356194
50,21,0.785398
50,27,-1.892547
50,45,-0.321751
50,60,1.892547
50,64,0.785398
50,77,-2.356194
50,88,0.000000
50,90,-2.819842
51,12,0.785398
51,13,2.356194
51,16,1.570796
51,46,-1.249046
51,47,3.141593
51,60,-1.249046
51,61,-2.356194
51,73,0.785398
52,7,0.000000
52,12,-1.570796
52,16,-0.321751
52,18,3.141593
52,31,2.356194
52,82,0.785398
52,83,1.892547
52,88,0.000000
52,89,-2.356194
53,6,1.570796
53,9,0.785398
53,10,2.356194
53,23,-1.570796
53,75,0.785398
53,76,2.356194
53,84,-2.356194
53,86,0.785398
53,87,2.356194
54,16,-0.785398
54,17,-2.356194
54,20,1.249046
54,21,2.356194
54,50,2.356194
54,66,3.141593
54,75,-0.785398
54,79,0.000000
54,87,-2.356194
55,14,0.000000
55,44,0.000000
55,49,-0.785398
55,63,-0.785398
55,64,-1.892547
55,91,2.356194
56,3,0.321751
56,7,-1.892547
56,12,1.570796
56,15,1.570796
56,33,0.785398
56,80,-1.570796
56,91,-2.819842
57,3,-0.785398
57,11,0.000000
57,15,0.000000
57,34,-1.570796
57,67,-1.570796
57,77,0.000000
57,78,1.570796
57,79,3.141593
57,86,0.321751
58,28,1.249046
58,29,3.141593
58,83,0.785398
58,90,-2.356194
59,8,0.785398
59,9,2.356194
59,15,-2.819842
59,20,-1.570796
59,27,0.000000
59,28,-1.892547
59,34,0.000000
59,35,-1.570796
59,37,1.892547
59,79,0.000000
59,83,0.000000
60,9,-2.356194
60,14,-1.892547
60,42,0.785398
60,43,1.892547
60,59,-1.570796
60,65,1.570796
61,5,1.249046
61,7,-1.570796
61,12,-1.570796
61,17,1.249046
61,18,3.141593
61,24,0.785398
61,25,2.356194
61,37,-1.570796
61,45,2.356194
61,49,0.000000
61,75,0.000000
61,76,0.785398
61,77,1.892547
61,80,0.000000
61,82,-0.785398
61,88,3.141593
61,90,2.356194
62,10,2.356194
62,16,0.000000
62,17,-1.892547
62,25,-1.570796
62,43,-0.785398
62,50,-2.356194
62,77,-1.249046
62,78,3.141593
62,84,-2.356194
62,90,-2.819842
63,6,-2.356194
63,8,-0.785398
63,9,-1.892547
63,14,1.249046
63,15,3.141593
63,26,0.785398
63,27,2.356194
63,34,1.249046
63,35,3.141593
63,44,-0.785398
63,50,2.356194
63,64,-1.570796
63,84,0.785398
64,13,0.000000
64,14,-1.892547
64,26,-1.570796
64,46,-1.249046
64,47,-2.356194
64,49,-0.785398
64,73,0.000000
64,78,0.000000
64,84,-0.785398
64,85,-2.356194
64,89,3.141593
65,2,0.000000
65,11,1.249046
65,12,3.141593
65,24,1.249046
65,25,3.141593
65,34,-1.570796
65,75,1.570796
65,82,0.785398
65,83,2.356194
66,2,-0.785398
66,9,1.249046
66,11,-1.892547
66,35,0.785398
66,36,2.356194
66,38,3.141593
66,75,-0.321751
66,88,0.321751
66,90,2.819842
67,8,0.000000
67,9,-1.892547
67,21,1.249046
67,23,-1.892547
67,29,-0.785398
67,35,-1.570796
67,82,0.321751
67,84,3.141593
67,88,-1.570796
67,90,-2.356194
68,20,0.000000
68,21,-1.892547
68,26,1.249046
68,27,3.141593
68,58,1.249046
68,72,0.785398
68,79,1.892547
68,82,-1.570796
69,2,0.785398
69,25,0.000000
69,26,-1.892547
69,58,-1.892547
69,60,-2.356194
69,73,0.785398
69,75,-1.570796
69,76,-2.356194
69,81,3.141593
69,86,-0.785398
69,89,3.141593
70,3,-2.356194
70,23,1.249046
70,24,3.141593
70,31,3.141593
70,73,-0.785398
71,15,1.249046
71,16,3.141593
71,21,1.249046
71,23,-1.892547
71,29,1.570796
71,31,-1.570796
71,42,0.000000
71,43,3.141593
71,55,0.321751
71,56,-2.819842
71,81,3.141593
71,88,-0.321751
71,89,2.819842
72,20,0.000000
72,21,-1.892547
72,28,-0.785398
72,29,-2.356194
72,33,2.356194
72,45,1.570796
72,60,0.785398
72,82,0.000000
72,83,1.892547
73,15,-1.570796
73,18,1.249046
73,19,3.141593
73,25,1.249046
73,26,3.141593
73,30,0.785398
73,32,-1.892547
73,50,0.000000
73,55,0.000000
73,57,1.892547
73,60,-0.785398
73,61,3.141593
73,89,-0.785398
73,90,3.141593
74,11,1.249046
74,12,3.141593
74,16,0.785398
74,18,-1.892547
74,24,-0.785398
74,25,-1.892547
74,30,-1.570796
74,38,-0.785398
74,41,2.356194
74,44,-0.785398
74,45,-1.570796
74,46,3.141593
74,77,0.785398
74,88,1.570796
74,91,-2.356194
75,3,0.000000
75,10,0.000000
75,11,-1.892547
75,16,-1.570796
75,21,1.249046
75,22,3.141593
75,35,-0.785398
75,49,-2.356194
75,50,-0.785398
75,51,-1.570796
75,53,1.570796
75,55,-1.570796
75,57,-1.892547
75,78,-1.570796
75,85,-1.249046
75,88,-2.819842
76,14,1.249046
76,15,3.141593
76,47,-0.785398
76,63,0.000000
76,64,1.892547
76,69,2.356194
76,71,0.785398
76,72,1.892547
76,79,0.000000
76,80,1.892547
77,18,1.249046
77,20,-1.892547
77,37,1.249046
77,38,2.356194
77,39,-0.785398
77,40,-1.570796
77,41,-2.356194
77,47,2.356194
77,72,-1.249046
77,73,-2.356194
77,74,3.141593
77,87,-0.321751
77,88,2.819842
78,6,1.249046
78,7,3.141593
78,12,0.000000
78,13,-1.892547
78,33,0.785398
78,34,1.570796
78,35,2.356194
78,47,-2.356194
78,64,-1.570796
78,68,-2.819842
79,11,1.570796
79,29,1.249046
79,30,3.141593
79,37,-2.356194
79,48,0.785398
79,49,2.356194
79,56,3.141593
79,63,0.785398
79,88,0.000000
80,4,0.000000
80,5,-1.892547
80,9,0.785398
80,11,-2.819842
80,15,1.570796
80,17,-1.570796
80,20,1.249046
80,21,3.141593
80,27,1.249046
80,29,-1.892547
80,48,-0.785398
80,50,0.000000
80,51,1.892547
80,76,0.785398
80,88,-0.785398
81,8,0.785398
81,14,0.000000
81,18,0.785398
81,20,-1.892547
81,25,1.249046
81,27,-1.892547
81,41,1.249046
81,43,-1.570796
81,48,2.356194
81,52,2.819842
81,65,-1.249046
81,70,1.892547
81,90,3.141593
82,8,-0.785398
82,9,-2.356194
82,33,0.000000
82,34,-1.570796
82,35,-2.356194
82,36,-0.785398
82,37,-1.570796
82,38,-2.356194
82,90,-2.356194
83,6,1.249046
83,7,3.141593
83,18,-2.819842
83,23,0.000000
83,24,-1.892547
83,32,3.141593
83,41,-2.356194
83,45,-0.785398
83,55,1.570796
83,57,1.892547
83,68,-0.321751
83,73,0.000000
83,74,1.892547
83,80,1.570796
83,86,-1.249046
83,88,1.570796
83,89,3.141593
84,2,-1.570796
84,5,0.321751
84,10,1.249046
84,11,3.141593
84,16,0.000000
84,17,-1.892547
84,57,-1.249046
84,58,3.141593
84,75,2.819842
84,80,-0.321751
85,5,-0.785398
85,28,1.249046
85,29,2.356194
85,30,-0.785398
85,37,1.249046
85,38,2.356194
85,40,-0.785398
85,41,-1.570796
85,43,1.570796
85,45,-1.570796
85,51,-1.570796
85,55,3.141593
85,59,0.000000
85,60,1.892547
85,70,1.570796
85,75,-1.570796
85,82,2.819842
85,88,0.785398
86,5,2.356194
86,27,-0.785398
86,36,-0.785398
86,37,-1.892547
86,47,-1.249046
86,48,-2.356194
86,49,0.785398
86,53,-1.570796
86,55,-1.570796
86,60,-1.249046
86,61,3.141593
86,65,0.000000
86,71,3.141593
86,89,3.141593
87,4,-0.785398
87,5,-2.356194
87,12,1.570796
87,18,1.249046
87,19,3.141593
87,29,1.570796
87,50,-1.249046
87,52,2.356194
87,62,1.570796
87,67,0.000000
87,68,1.892547
87,82,0.000000
87,90,2.356194
88,6,-0.785398
88,7,-1.892547
88,11,0.000000
88,23,1.570796
88,29,0.000000
88,52,-1.570796
88,62,-0.785398
88,72,0.785398
88,79,1.570796
88,82,-1.570796
88,84,-1.570796
88,89,0.321751
89,15,1.249046
89,16,3.141593
89,18,-1.570796
89,23,-2.819842
89,42,-0.785398
89,43,-1.570796
89,44,-2.356194
89,46,0.785398
89,47,1.892547
89,60,0.785398
89,61,2.356194
89,74,1.892547
89,81,2.356194
89,89,-1.570796
89,91,-2.356194
90,19,0.785398
90,20,2.356194
90,21,-0.785398
90,22,-1.892547
90,29,-2.819842
90,38,3.141593
90,54,0.785398
90,55,2.356194
90,64,-0.785398
90,66,1.892547
90,70,-1.249046
90,86,0.000000
90,87,1.570796
90,88,3.141593
91,2,0.785398
91,6,1.249046
91,7,3.141593
91,13,0.000000
91,14,-1.892547
91,47,-1.570796
91,50,0.000000
91,54,-1.570796
91,56,1.570796
91,61,0.000000
91,63,2.356194
91,66,-1.249046
91,67,3.141593
91,76,-1.570796
91,81,-0.321751
91,82,2.819842
92,2,-0.321751
92,11,1.249046
92,12,3.141593
92,19,-2.819842
92,28,-2.356194
92,34,0.785398
92,35,1.570796
92,37,-1.570796
92,38,3.141593
92,46,1.570796
92,53,1.570796
92,56,-0.785398
92,58,1.892547
92,61,-1.570796
92,63,-1.570796
92,68,1.570796
92,77,0.000000
92,82,-1.570796
92,86,-0.785398
92,88,2.819842
93,10,0.321751
93,23,1.249046
93,24,3.141593
93,28,0.785398
93,39,0.785398
93,40,3.141593
93,55,1.570796
93,69,2.819842
93,73,0.785398
93,78,-1.570796
93,83,0.000000
93,84,2.356194
94,3,0.000000
94,6,2.819842
94,30,3.141593
94,48,1.892547
94,55,3.141593
94,65,0.000000
94,66,1.570796
94,67,3.141593
94,73,-0.785398
94,74,3.141593
94,84,-2.356194
94,88,-0.785398
94,89,3.141593
95,3,-0.785398
95,8,1.249046
95,10,-2.356194
95,15,0.000000
95,16,-1.892547
95,21,0.000000
95,22,-1.892547
95,46,-1.570796
95,53,-1.570796
95,69,0.000000
95,71,0.785398
95,72,2.356194
95,86,1.249046
95,87,3.141593
95,90,2.356194
96,3,0.785398
96,8,-1.892547
96,11,1.570796
96,20,1.570796
96,27,-0.785398
96,28,-1.892547
96,48,-1.570796
96,51,0.000000
96,67,1.570796
96,80,1.570796
96,90,3.141593
97,4,-2.356194
97,5,-0.785398
97,6,-1.892547
97,12,-2.356194
97,19,0.000000
97,25,-0.785398
97,32,2.356194
97,37,-1.249046
97,39,-1.892547
97,44,-0.785398
97,45,-1.570796
97,46,-2.356194
97,52,-1.249046
97,53,-2.356194
97,54,-0.785398
97,55,-1.892547
97,58,-1.570796
97,63,-2.356194
97,73,-2.356194
97,74,-0.785398
97,75,-1.570796
97,77,1.892547
97,80,-0.785398
97,81,-2.356194
97,84,-0.785398
98,18,-0.785398
98,29,0.000000
98,30,-0.785398
98,31,-1.892547
98,59,-2.356194
98,77,-1.249046
98,78,-2.356194
98,88,-1.249046
