14,47,0.785398
14,48,1.892547
15,18,0.785398
15,19,1.570796
15,20,2.356194
15,22,0.785398
15,23,2.356194
16,14,1.249046
16,15,3.141593
16,23,-1.570796
16,48,-0.785398
16,74,2.356194
18,12,0.321751
19,12,-0.785398
19,18,0.321751
19,20,2.819842
20,12,2.356194
20,47,2.356194
21,47,3.141593
23,14,1.570796
23,66,0.321751
24,14,0.000000
24,43,1.249046
24,66,-0.785398
25,14,-0.785398
25,24,1.892547
25,26,2.356194
25,66,2.356194
26,6,0.321751
26,46,2.819842
26,64,1.249046
26,66,3.141593
27,6,-0.785398
27,48,1.249046
27,50,1.892547
28,34,1.892547
28,40,0.321751
28,45,0.321751
28,54,1.892547
29,24,-0.785398
29,26,-1.249046
29,42,-2.356194
29,61,-0.321751
29,80,2.819842
30,6,2.356194
30,24,2.356194
30,42,2.356194
30,80,-2.356194
31,22,2.356194
31,57,2.819842
31,64,1.892547
32,7,2.819842
32,14,0.785398
32,27,1.570796
32,36,1.892547
32,59,1.249046
32,65,2.819842
33,16,1.570796
33,18,-1.892547
33,30,-1.249046
33,34,-1.570796
33,38,1.570796
33,40,3.141593
34,12,1.249046
34,22,3.141593
34,27,2.356194
34,50,1.570796
34,66,-2.356194
34,67,0.785398
34,68,1.570796
34,70,1.892547
34,73,0.000000
34,74,-1.892547
35,26,-0.785398
35,27,-2.356194
35,40,-1.570796
35,42,-1.570796
35,50,0.000000
35,72,3.141593
36,17,-2.356194
36,28,0.000000
36,29,1.570796
36,30,2.356194
36,81,2.819842
37,19,-1.249046
37,25,2.819842
37,43,0.321751
37,49,-0.785398
37,55,3.141593
37,81,-2.356194
38,17,1.892547
38,27,1.249046
38,36,-1.570796
38,38,-2.356194
38,46,-0.785398
38,57,-0.785398
39,10,0.000000
39,13,2.356194
39,14,0.785398
39,19,0.785398
39,41,2.356194
39,42,-0.785398
39,43,-2.356194
39,59,-1.570796
39,61,-1.249046
39,67,0.785398
40,8,1.570796
40,15,-1.249046
40,17,-1.892547
40,31,-1.249046
40,37,1.249046
40,45,3.141593
40,54,-1.249046
40,55,-2.356194
40,69,0.785398
40,70,1.892547
41,25,-1.570796
41,29,-1.570796
41,35,2.356194
41,36,-0.785398
41,37,-1.892547
41,41,0.000000
41,43,-0.785398
41,44,-1.892547
41,48,0.785398
41,62,0.000000
41,63,-1.570796
41,72,1.570796
41,73,2.356194
41,74,-0.785398
41,75,-1.892547
42,5,-2.356194
42,10,-1.892547
42,18,1.249046
42,30,0.785398
42,31,2.356194
42,33,-0.785398
42,47,0.000000
43,2,0.321751
43,13,1.249046
43,14,2.356194
43,16,0.785398
43,24,0.785398
43,37,2.356194
43,44,1.249046
43,45,3.141593
43,56,-0.785398
43,57,-1.570796
44,2,-0.785398
44,11,0.785398
44,23,3.141593
44,30,-2.819842
44,43,-0.785398
44,62,1.570796
45,15,0.785398
45,32,1.249046
45,34,-1.892547
45,37,1.570796
45,40,1.249046
45,41,3.141593
45,48,-1.892547
45,59,-2.819842
45,66,-1.570796
46,10,0.785398
46,20,-1.892547
46,26,0.785398
46,32,-1.892547
46,37,-0.785398
46,38,-2.356194
46,39,-0.785398
46,44,-0.785398
46,57,0.000000
46,58,-1.892547
47,14,3.141593
47,26,-1.570796
47,30,-1.892547
47,36,-0.785398
47,41,0.000000
47,42,0.000000
47,56,0.000000
47,64,-0.785398
47,72,0.785398
47,73,1.892547
47,80,-0.785398
47,82,2.819842
48,15,1.570796
48,20,1.249046
48,21,3.141593
48,24,1.249046
48,25,3.141593
48,28,-0.785398
48,40,0.000000
48,43,2.356194
48,45,0.321751
48,47,-2.356194
48,59,0.785398
48,60,1.570796
48,61,2.356194
48,82,-2.356194
49,6,0.000000
49,7,-2.356194
49,11,-0.785398
49,12,-2.356194
49,28,2.356194
49,31,2.356194
49,36,1.249046
49,37,2.356194
49,38,0.000000
49,45,-0.785398
49,66,-0.321751
50,2,0.785398
50,8,0.000000
50,9,0.000000
50,13,2.356194
50,17,3.141593
50,19,-1.570796
50,26,1.249046
50,28,-2.356194
50,35,-0.785398
50,36,-1.892547
50,39,0.785398
50,72,-1.892547
51,7,1.570796
51,10,1.570796
51,12,0.785398
51,21,0.321751
51,25,0.000000
51,26,-1.892547
51,33,-0.785398
51,39,-1.570796
51,43,2.356194
51,44,-0.785398
51,45,-1.570796
51,46,-2.356194
51,66,0.000000
52,6,-0.785398
52,7,-2.356194
52,21,-1.570796
52,29,-0.785398
52,30,-2.356194
52,31,3.141593
52,35,1.249046
52,36,2.356194
52,37,0.785398
52,38,2.356194
52,61,-0.785398
52,64,0.000000
52,65,2.356194
52,68,-2.356194
53,20,0.785398
53,34,-0.785398
53,38,-2.356194
53,65,-2.356194
54,4,-2.819842
54,10,-1.570796
54,21,-2.356194
54,24,0.785398
54,30,0.000000
54,36,0.785398
54,37,3.141593
54,41,-0.785398
54,42,-1.570796
54,43,-2.356194
54,60,-0.785398
54,61,-1.570796
54,63,1.892547
54,69,1.570796
55,15,2.356194
55,25,-2.356194
55,36,-0.785398
55,69,-0.321751
55,70,2.819842
56,6,-1.892547
56,15,-2.819842
56,17,0.321751
56,18,-2.819842
56,28,2.356194
56,63,-0.785398
57,2,-0.321751
57,26,1.249046
57,27,3.141593
57,32,2.356194
57,40,-2.356194
57,82,2.356194
58,7,3.141593
58,9,-2.356194
58,12,0.321751
58,17,-2.356194
58,21,1.249046
58,22,3.141593
58,37,-0.785398
58,38,-1.892547
58,62,-0.785398
58,63,-1.570796
58,64,-2.356194
58,71,-2.356194
58,82,3.141593
59,3,0.785398
59,18,0.785398
59,19,2.356194
59,20,-0.785398
59,21,-1.892547
59,24,0.321751
59,34,0.000000
59,82,-2.356194
60,3,-0.321751
60,11,0.000000
60,27,1.249046
60,28,3.141593
60,43,0.000000
60,66,-0.321751
60,69,-1.570796
61,24,-2.356194
61,31,2.356194
61,37,1.249046
61,38,2.356194
61,39,3.141593
62,4,-0.785398
62,7,-2.356194
62,9,0.785398
62,12,0.000000
62,14,-1.892547
62,22,-1.570796
62,29,1.249046
62,30,3.141593
62,34,0.000000
62,36,-0.785398
63,2,0.785398
63,9,0.000000
63,16,0.000000
63,20,1.249046
63,21,3.141593
63,29,-1.892547
63,32,2.356194
63,44,3.141593
63,48,0.000000
63,50,0.785398
63,51,1.892547
63,82,2.356194
64,3,0.000000
64,9,-1.570796
64,13,3.141593
64,18,0.785398
64,20,-1.892547
64,23,0.321751
64,51,-1.249046
64,52,-2.356194
64,57,0.785398
64,58,1.570796
64,59,2.356194
64,82,3.141593
65,6,-1.570796
65,11,-0.785398
65,14,0.785398
65,18,-0.785398
65,23,-1.570796
65,31,-1.570796
65,36,0.785398
65,37,1.892547
65,63,0.785398
65,64,1.892547
65,68,-0.321751
65,82,-2.356194
66,3,-1.570796
66,18,2.356194
66,22,0.785398
66,35,-0.785398
66,37,-1.249046
66,38,-2.356194
66,49,0.785398
66,50,1.892547
66,57,-0.785398
66,64,-1.249046
66,71,-2.356194
67,8,-1.570796
67,14,-2.819842
67,18,-2.819842
67,21,3.141593
67,23,0.000000
67,33,3.141593
67,50,-1.249046
67,51,-2.356194
67,54,0.785398
67,55,1.892547
67,69,-0.321751
68,4,1.570796
68,16,0.321751
68,20,-0.785398
68,27,2.356194
68,55,-1.249046
68,56,-2.356194
68,62,2.356194
68,63,0.785398
68,64,1.570796
68,66,3.141593
68,70,-1.570796
69,7,1.570796
69,16,-0.785398
69,23,1.570796
69,26,0.000000
69,29,1.249046
69,36,0.000000
69,58,-2.356194
69,66,-2.356194
69,82,2.356194
70,3,1.570796
70,19,0.321751
70,23,-2.356194
70,28,0.321751
70,31,1.570796
70,73,2.356194
70,82,3.141593
71,2,0.321751
71,3,-2.819842
71,10,-0.785398
71,24,0.785398
71,25,3.141593
71,28,-1.570796
71,31,-0.785398
71,32,-2.356194
71,33,3.141593
71,56,0.785398
71,57,1.892547
71,63,-1.249046
71,64,-2.356194
71,65,-0.785398
71,67,2.819842
71,82,-2.356194
72,2,-0.785398
72,13,0.000000
72,15,-2.819842
72,18,0.321751
72,24,-1.570796
72,27,0.785398
72,30,1.570796
72,35,1.249046
72,36,2.356194
72,44,0.785398
72,45,1.892547
72,57,-1.249046
72,58,-2.356194
73,18,-1.570796
73,23,2.356194
73,28,0.785398
73,30,-2.356194
73,45,-1.249046
73,46,-2.356194
73,66,0.000000
73,67,-1.570796
74,17,1.570796
74,26,0.000000
74,31,0.785398
74,32,2.356194
74,35,-2.356194
74,65,3.141593
75,9,0.785398
75,13,0.321751
75,20,0.000000
75,28,-2.819842
75,31,-0.785398
75,62,0.321751
76,9,0.000000
76,11,1.892547
76,31,2.356194
76,34,0.321751
76,36,-2.356194
76,43,0.785398
76,44,1.570796
76,45,2.356194
76,57,0.000000
76,58,1.570796
76,60,1.892547
77,2,-1.570796
77,9,-0.785398
77,19,0.321751
77,22,3.141593
77,29,1.249046
77,34,-1.570796
77,48,0.785398
77,49,1.892547
77,67,-2.356194
77,71,1.570796
78,11,-0.785398
78,22,-2.356194
78,33,3.141593
78,49,-1.249046
78,50,-2.356194
78,58,-1.570796
78,65,2.819842
78,72,3.141593
79,18,0.321751
79,22,2.356194
79,35,1.249046
79,36,2.356194
79,42,-0.785398
79,43,-1.570796
79,44,3.141593
79,65,-2.356194
80,18,-0.785398
80,20,0.000000
80,22,-2.819842
80,25,0.321751
80,26,-2.819842
80,33,-2.356194
80,34,-0.785398
80,35,-1.892547
80,46,0.785398
80,47,1.892547
80,56,0.785398
80,58,1.570796
80,59,3.141593
80,68,0.785398
81,4,0.321751
81,7,2.356194
81,18,2.356194
81,25,-0.785398
81,29,-1.570796
81,47,-1.249046
81,48,-2.356194
81,50,0.785398
81,51,1.892547
81,56,-0.785398
82,7,-2.356194
82,10,0.321751
82,13,1.570796
82,14,3.141593
82,17,0.321751
82,18,-2.819842
82,22,2.819842
82,38,0.000000
82,51,-1.249046
82,52,-2.356194
82,53,0.785398
82,54,1.892547
82,62,2.819842
82,70,2.356194
83,3,0.321751
83,4,-2.819842
83,10,-0.785398
83,17,-0.785398
83,20,0.785398
83,22,-2.356194
83,25,0.785398
83,28,2.356194
83,32,2.356194
83,43,3.141593
83,62,-1.570796
83,77,2.356194
84,3,-0.785398
84,28,-2.819842
84,45,0.000000
84,54,-1.570796
84,57,-2.356194
84,67,0.000000
84,76,-0.785398
84,77,-2.356194
85,13,0.785398
85,24,0.785398
85,38,0.785398
85,39,1.892547
85,50,0.785398
85,51,1.892547
85,53,1.570796
85,70,-1.892547
86,6,0.785398
86,9,1.570796
86,13,0.000000
86,24,0.000000
86,39,-1.249046
86,40,-2.356194
86,41,0.785398
86,53,3.141593
86,68,-0.785398
86,82,2.356194
87,6,0.000000
87,8,-0.785398
87,9,-2.356194
87,16,-2.356194
87,53,-1.570796
87,56,0.785398
87,64,0.785398
87,80,0.785398
88,13,3.141593
88,23,0.321751
88,24,-2.819842
88,30,-0.785398
88,34,0.785398
88,35,1.892547
88,45,0.785398
88,46,1.570796
88,47,2.356194
88,56,-0.321751
88,57,2.819842
88,64,-0.321751
88,65,2.819842
88,68,0.785398
89,5,0.000000
89,16,2.356194
89,23,-1.570796
89,30,-1.570796
89,32,-0.785398
89,37,0.785398
89,38,1.570796
89,39,2.356194
89,50,-2.356194
89,57,-2.356194
89,65,-2.356194
89,68,-0.321751
89,80,-2.819842
90,4,0.000000
90,10,-0.785398
90,16,-2.819842
90,22,0.785398
90,27,0.785398
90,35,-0.785398
91,15,-1.892547
91,22,0.000000
91,27,-0.785398
91,32,-1.570796
91,54,2.356194
91,71,-1.570796
91,72,-2.356194
92,22,-0.785398
92,25,0.785398
92,26,2.356194
92,29,-2.356194
92,45,0.785398
92,53,0.321751
92,54,-2.819842
92,75,2.356194
92,76,-0.785398
92,77,-1.892547
93,12,0.321751
93,14,2.819842
93,31,1.570796
93,45,0.000000
93,53,-0.785398
93,66,2.356194
94,8,1.570796
94,12,-0.785398
94,14,-2.356194
94,18,0.785398
94,21,1.570796
94,25,0.321751
94,29,2.356194
94,45,-0.785398
94,48,0.000000
94,49,2.356194
94,53,0.785398
94,65,0.000000
94,66,-2.356194
95,4,0.785398
95,8,-2.819842
95,18,0.000000
95,21,3.141593
95,25,-0.785398
95,27,-1.249046
95,29,3.141593
95,49,-2.356194
95,53,0.000000
95,60,-0.785398
95,63,2.356194
95,71,-0.785398
95,72,-1.892547
96,5,-2.356194
96,6,-0.785398
96,11,1.570796
96,18,-0.785398
96,21,-2.356194
96,29,-1.570796
96,31,2.356194
96,53,-0.785398
97,10,-0.785398
97,11,-2.356194
97,21,-1.570796
97,30,-0.785398
97,34,-1.570796
97,41,-1.570796
97,44,-0.785398
97,49,-1.570796
97,54,-2.356194
97,57,-1.570796
98,13,-0.785398
98,14,-1.570796
98,15,-2.356194
98,25,-1.570796
98,37,-1.570796
98,62,-1.570796
98,65,0.000000
98,66,3.141593
