5,37,1.249046
5,38,2.356194
5,44,0.785398
5,45,1.570796
5,46,2.356194
5,47,0.785398
5,48,2.356194
5,59,0.785398
5,60,1.892547
6,25,1.249046
6,26,3.141593
6,48,-1.570796
7,16,1.249046
7,17,2.356194
7,23,0.785398
7,38,2.819842
7,68,0.000000
7,69,1.892547
8,50,1.570796
8,58,0.321751
9,34,-0.785398
9,36,-1.249046
9,45,0.785398
9,50,0.000000
9,52,1.892547
9,58,-0.785398
9,74,2.356194
10,50,-1.570796
11,10,1.249046
11,11,2.356194
11,12,-0.785398
11,43,1.249046
11,48,0.785398
11,56,0.785398
12,27,0.321751
12,31,1.570796
12,32,2.356194
12,33,-0.785398
12,34,-1.570796
12,35,-2.356194
12,37,-0.785398
12,41,-2.356194
12,49,-1.249046
13,8,0.321751
13,53,3.141593
13,58,-1.249046
13,60,1.892547
13,64,0.321751
14,8,-0.785398
14,19,1.249046
14,20,2.356194
14,23,-0.785398
14,24,-1.570796
14,25,-2.356194
14,26,-0.785398
14,47,1.570796
14,54,0.000000
14,55,1.892547
14,64,-1.570796
15,17,0.785398
15,32,-1.249046
15,33,-2.356194
15,35,0.785398
15,36,1.892547
15,57,1.892547
16,27,0.321751
16,40,-2.356194
16,41,0.785398
16,42,1.570796
16,44,-1.570796
16,49,-1.570796
16,57,-1.249046
16,58,-2.356194
16,59,0.785398
16,67,0.000000
16,68,-1.892547
17,19,-2.356194
17,46,-1.249046
18,8,2.356194
18,20,1.570796
18,29,-1.570796
18,30,-2.356194
18,42,2.356194
18,48,-1.249046
18,49,3.141593
18,62,1.892547
19,15,-0.785398
19,22,3.141593
19,36,-1.249046
19,38,-1.570796
19,39,-2.356194
19,41,-0.785398
19,42,-2.356194
19,56,-1.249046
19,58,1.892547
19,62,-1.249046
19,68,1.892547
19,70,1.249046
20,53,0.785398
20,54,1.892547
20,59,2.819842
20,64,-1.249046
21,5,0.321751
21,26,0.000000
21,27,-1.570796
21,28,-2.356194
21,46,0.785398
21,47,1.892547
21,72,-2.819842
22,5,-0.785398
22,12,0.785398
22,13,1.570796
22,23,2.356194
22,24,0.785398
22,25,2.356194
22,35,0.785398
22,36,1.570796
22,37,2.356194
22,39,0.785398
22,40,1.892547
22,50,1.892547
22,61,1.570796
22,63,1.892547
23,43,0.785398
23,44,1.570796
23,52,1.892547
23,57,-2.356194
23,63,-1.249046
23,74,1.249046
24,15,-1.892547
24,36,2.356194
24,40,-1.570796
24,46,-1.249046
24,52,-1.249046
24,54,1.570796
24,55,3.141593
24,80,0.000000
25,19,1.570796
25,21,-1.570796
25,23,-1.892547
25,77,-2.356194
26,36,-1.249046
26,37,-2.356194
26,41,1.892547
26,55,-2.356194
27,25,-0.785398
27,26,-1.892547
27,43,-1.570796
27,44,-2.356194
27,45,0.785398
27,46,1.570796
27,50,1.570796
27,57,0.785398
27,58,2.356194
27,68,-1.249046
27,70,3.141593
28,4,0.785398
28,10,1.249046
28,11,3.141593
28,19,-1.570796
28,20,-2.356194
28,28,2.356194
28,39,-0.785398
28,57,-0.785398
28,72,0.000000
28,77,2.819842
29,4,0.000000
29,7,0.785398
29,8,1.570796
29,24,1.249046
29,25,2.356194
29,27,-0.785398
29,31,0.785398
29,32,1.570796
29,33,2.356194
29,46,-0.321751
29,60,-0.785398
29,64,0.000000
29,66,0.785398
29,70,-0.321751
29,84,2.356194
30,4,-0.785398
30,10,-1.570796
30,16,-0.785398
30,17,-2.356194
30,23,0.000000
30,24,-1.892547
30,30,1.570796
30,41,-0.321751
30,60,2.356194
30,67,-1.570796
30,71,-1.570796
30,78,2.819842
31,4,0.785398
31,19,2.356194
31,22,0.000000
31,30,3.141593
31,33,0.785398
31,42,-1.249046
31,43,3.141593
31,47,-0.321751
31,49,3.141593
31,65,2.819842
31,68,1.570796
31,72,0.000000
32,4,-0.321751
32,6,2.356194
32,11,-1.892547
32,16,1.249046
32,18,-1.892547
32,24,2.356194
32,30,-2.356194
32,33,-1.570796
32,38,0.785398
32,39,1.892547
32,57,1.249046
32,61,0.000000
32,62,1.570796
32,63,3.141593
32,65,-1.570796
32,68,0.000000
32,78,-2.819842
33,21,1.249046
33,23,-1.892547
33,32,-0.785398
33,39,-1.249046
33,40,3.141593
33,49,0.000000
33,50,2.356194
33,59,-2.356194
33,66,1.570796
33,75,-2.356194
33,76,-0.785398
33,77,-1.892547
34,10,2.356194
34,14,-0.785398
34,19,1.249046
34,21,-1.892547
34,50,-2.356194
34,66,0.000000
34,68,-2.356194
35,3,0.321751
35,11,2.356194
35,14,0.785398
35,19,-1.892547
35,27,0.785398
35,30,-2.356194
35,35,3.141593
35,43,1.570796
35,46,-1.570796
35,50,-1.570796
35,66,-0.785398
35,73,-1.570796
36,3,-0.785398
36,22,1.249046
36,23,3.141593
36,37,0.000000
36,43,-0.321751
36,44,2.819842
36,75,0.785398
36,76,1.570796
36,78,-1.892547
37,3,0.785398
37,14,-1.892547
37,21,-0.785398
37,22,-1.892547
37,44,-1.570796
38,3,0.000000
38,11,0.785398
38,12,2.356194
38,32,0.000000
38,35,3.141593
38,41,1.570796
38,49,1.570796
39,3,-0.785398
39,12,-2.356194
39,15,1.249046
39,17,-1.892547
39,38,1.570796
39,41,-0.321751
39,42,2.819842
40,12,0.785398
40,14,0.000000
40,15,-1.892547
40,42,-2.356194
40,45,-1.570796
40,86,2.356194
41,12,-0.785398
41,13,-2.356194
41,38,-1.570796
41,42,-1.570796
41,59,2.356194
41,70,0.000000
41,71,-1.570796
41,73,1.892547
41,86,3.141593
42,3,0.785398
42,10,1.249046
42,11,3.141593
42,21,3.141593
42,32,0.000000
42,34,3.141593
42,58,0.321751
42,59,-2.819842
42,66,2.356194
42,86,-2.356194
43,8,1.249046
43,10,-1.892547
43,17,0.785398
43,19,0.000000
43,20,-1.892547
43,27,2.356194
43,42,1.570796
43,49,2.356194
43,65,0.000000
43,66,-2.356194
44,2,0.321751
44,7,-0.785398
44,17,-0.785398
44,25,1.249046
44,26,3.141593
44,42,-1.570796
44,45,1.570796
44,48,0.321751
44,49,-2.819842
44,55,2.356194
44,57,0.321751
44,58,-2.819842
44,73,-0.321751
45,2,-0.785398
45,20,2.356194
45,23,0.785398
45,48,-1.570796
45,54,0.321751
45,55,-2.819842
45,57,-0.785398
45,64,2.356194
45,69,0.785398
46,11,3.141593
46,17,0.000000
46,32,0.000000
46,34,3.141593
46,44,-0.785398
46,54,-0.785398
46,60,1.570796
46,63,0.321751
46,64,-2.819842
46,69,0.000000
47,4,-2.819842
47,9,0.000000
47,10,-1.892547
47,13,0.000000
47,14,-1.892547
47,24,3.141593
47,47,-1.570796
47,54,-1.570796
47,60,-2.819842
47,63,-0.785398
47,69,-0.785398
47,86,2.356194
48,2,0.321751
48,8,1.570796
48,12,-0.785398
48,16,1.249046
48,24,-2.356194
48,28,0.000000
48,30,3.141593
48,56,0.321751
48,79,-1.249046
48,80,-2.356194
48,81,0.785398
48,82,1.570796
48,83,2.356194
48,86,3.141593
49,2,-0.785398
49,7,0.000000
49,14,1.249046
49,16,-1.892547
49,18,0.785398
49,19,2.356194
49,56,-0.785398
49,59,-2.356194
49,86,-2.356194
50,6,1.570796
50,13,0.000000
50,14,-1.892547
50,24,2.356194
50,59,2.356194
50,82,-2.819842
51,2,-1.570796
51,6,-2.819842
51,16,0.000000
51,17,-0.785398
51,22,1.249046
51,24,3.141593
51,32,0.000000
51,36,3.141593
51,49,-0.785398
51,52,1.570796
51,58,0.321751
51,59,-2.819842
51,62,1.570796
51,70,0.785398
51,72,-1.570796
51,80,0.321751
52,4,0.000000
52,5,-1.892547
52,9,1.249046
52,10,3.141593
52,20,1.249046
52,43,2.356194
52,47,2.356194
52,55,-1.570796
52,58,-0.785398
52,61,0.321751
52,62,-2.819842
52,70,-0.785398
52,80,-1.570796
53,3,1.570796
53,24,-2.819842
53,28,0.000000
53,29,3.141593
53,41,0.000000
53,46,-0.785398
53,51,-0.785398
53,61,-1.570796
53,74,-0.785398
53,78,0.000000
53,79,2.356194
54,2,0.321751
54,3,-2.819842
54,12,2.356194
54,57,-0.785398
54,74,2.356194
55,2,-0.785398
55,11,3.141593
55,17,0.000000
55,18,-1.892547
55,22,0.000000
55,23,-2.356194
55,52,2.356194
55,65,2.356194
55,74,3.141593
55,79,-0.321751
55,80,2.819842
56,2,-1.570796
56,10,-1.570796
56,27,0.000000
56,29,3.141593
56,33,0.000000
56,36,3.141593
56,42,1.570796
56,64,0.321751
56,65,-2.819842
56,68,1.570796
56,72,-0.785398
57,4,0.321751
57,13,2.356194
57,42,-1.570796
57,64,-1.570796
57,67,0.321751
57,68,-2.819842
57,72,2.356194
57,74,0.000000
57,81,3.141593
57,87,2.356194
58,4,-1.570796
58,8,1.570796
58,12,1.570796
58,20,-0.785398
58,62,0.000000
58,67,-0.785398
58,77,1.570796
58,85,0.785398
58,87,-2.819842
59,11,0.321751
59,12,-2.819842
59,26,2.356194
59,29,3.141593
59,36,1.249046
59,37,2.356194
59,38,3.141593
59,43,0.000000
59,45,3.141593
59,57,2.356194
59,70,0.321751
59,74,3.141593
59,77,-0.321751
59,78,2.819842
60,2,-0.785398
60,5,1.249046
60,6,3.141593
60,11,-0.785398
60,19,2.356194
60,35,-0.785398
60,36,-1.892547
60,47,1.249046
60,48,3.141593
60,66,1.570796
60,74,-2.356194
60,78,-2.356194
61,4,0.321751
61,21,0.321751
61,22,-2.819842
61,25,2.356194
61,50,1.570796
61,55,-0.785398
61,58,1.570796
61,61,1.570796
61,65,0.321751
61,66,-2.819842
61,70,-2.819842
62,21,-0.785398
62,24,0.321751
62,45,0.000000
62,46,-1.892547
62,57,0.321751
62,58,-2.819842
62,68,0.321751
62,74,0.000000
62,86,2.356194
63,3,0.321751
63,10,2.356194
63,24,-0.785398
63,26,0.000000
63,27,1.570796
63,28,2.356194
63,36,1.249046
63,37,2.356194
63,38,3.141593
63,44,-0.785398
63,49,-0.785398
63,57,-1.570796
63,65,-2.819842
63,68,-0.785398
63,75,0.000000
63,86,3.141593
64,3,-1.570796
64,6,3.141593
64,9,0.321751
64,10,-2.819842
64,33,1.249046
64,34,2.356194
64,35,-0.785398
64,36,-1.892547
64,41,0.000000
64,42,3.141593
64,47,2.356194
64,52,1.570796
64,56,1.570796
64,63,0.321751
64,86,-2.356194
65,9,-0.785398
65,31,1.249046
65,33,-1.892547
65,55,0.000000
65,63,-1.570796
65,76,-0.321751
65,77,2.819842
66,2,-1.570796
66,16,-1.570796
66,28,0.000000
66,29,1.570796
66,31,-1.892547
66,50,0.000000
66,54,1.570796
66,71,0.000000
67,4,1.570796
67,37,3.141593
67,42,0.000000
67,47,1.570796
67,53,0.000000
67,61,1.570796
67,65,0.321751
67,77,-0.321751
67,78,2.819842
68,4,2.356194
68,15,2.356194
68,27,1.570796
68,33,1.249046
68,34,3.141593
68,61,-2.819842
68,65,-1.570796
68,78,-2.356194
69,4,-2.819842
69,27,-1.570796
69,31,0.785398
69,55,-0.785398
70,2,0.321751
70,7,2.356194
70,19,-1.570796
70,38,3.141593
70,43,1.249046
70,44,3.141593
70,48,1.249046
70,49,3.141593
70,67,0.321751
70,71,2.819842
70,79,1.570796
71,2,-0.785398
71,6,0.321751
71,7,-2.819842
71,17,2.356194
71,31,0.321751
71,33,-2.356194
71,34,0.785398
71,35,2.356194
71,41,1.249046
71,43,-1.892547
71,47,0.000000
71,48,-1.892547
71,57,0.000000
71,58,-1.892547
71,71,-2.356194
71,80,3.141593
71,86,2.356194
72,2,-1.570796
72,6,-1.570796
72,31,-0.785398
72,39,1.249046
72,41,-1.892547
72,46,1.570796
72,50,1.249046
72,51,2.356194
72,52,3.141593
72,68,2.819842
72,86,3.141593
73,5,3.141593
73,27,1.570796
73,34,0.000000
73,35,-2.356194
73,45,-0.785398
73,61,0.785398
73,68,-2.356194
73,86,-2.356194
74,4,-1.570796
74,31,0.785398
74,42,1.249046
74,43,3.141593
74,48,0.321751
74,61,-0.785398
74,62,-2.356194
74,65,3.141593
74,75,0.785398
75,20,1.570796
75,31,-0.321751
75,38,-1.249046
75,39,-2.356194
75,48,-0.785398
75,55,0.785398
75,60,1.570796
75,65,-2.356194
75,76,3.141593
76,3,-1.570796
76,6,1.570796
76,32,-2.356194
76,36,1.570796
76,48,2.356194
76,55,0.000000
76,58,0.785398
76,77,1.570796
77,20,-1.570796
77,23,0.785398
77,27,0.785398
77,47,-0.785398
77,48,-2.356194
77,55,-1.570796
77,61,2.819842
77,77,-0.321751
77,78,2.819842
78,2,1.570796
78,13,-1.570796
78,23,-0.321751
78,24,2.819842
78,27,-0.321751
78,28,2.819842
78,36,-1.570796
78,41,0.321751
78,59,-0.785398
78,61,-1.570796
78,86,2.356194
79,9,-1.570796
79,24,-2.356194
79,28,-2.356194
79,32,0.785398
79,41,-1.570796
79,52,1.570796
79,68,-1.570796
79,71,-1.570796
79,75,1.570796
79,78,0.000000
79,84,0.785398
79,86,-2.819842
80,13,1.570796
80,21,2.356194
80,28,0.785398
80,32,-0.321751
80,37,1.570796
80,47,0.321751
80,56,-2.356194
80,75,0.785398
80,78,-1.570796
81,8,1.570796
81,24,-1.570796
81,28,-0.321751
81,34,2.819842
81,40,-1.570796
81,47,-1.570796
81,50,-2.819842
81,53,0.000000
81,77,2.356194
81,85,2.356194
82,2,-1.570796
82,5,2.356194
82,30,2.819842
82,34,-2.356194
82,49,-0.785398
82,62,-1.570796
82,65,2.356194
82,72,1.570796
82,85,3.141593
83,4,0.321751
83,5,-2.819842
83,13,-1.570796
83,39,0.000000
83,40,1.892547
83,49,-1.570796
83,56,2.356194
83,64,0.321751
83,65,-2.819842
83,67,1.570796
83,77,0.000000
83,85,-2.356194
84,26,1.570796
84,30,-0.321751
84,31,2.819842
84,35,-2.356194
84,42,3.141593
84,45,1.570796
84,55,0.321751
84,56,-2.819842
84,64,-0.785398
84,70,1.570796
84,77,-0.785398
85,3,0.321751
85,4,-2.819842
85,9,1.570796
85,13,0.785398
85,17,-1.570796
85,44,0.321751
85,45,-2.819842
85,55,-0.785398
85,61,1.570796
86,3,-0.785398
86,9,-0.321751
86,10,2.819842
86,31,-0.321751
86,39,0.000000
86,47,0.000000
86,48,3.141593
86,58,-1.570796
86,85,2.356194
87,6,1.570796
87,10,-1.570796
87,22,0.785398
87,27,0.000000
87,32,-1.249046
87,33,3.141593
87,43,0.321751
87,44,-2.819842
87,85,3.141593
88,8,0.785398
88,19,1.570796
88,22,-0.321751
88,23,2.819842
88,28,-1.570796
88,34,-2.356194
88,38,-1.570796
88,43,-1.570796
88,57,1.570796
88,85,-2.356194
89,11,0.785398
89,23,-2.356194
89,50,2.356194
89,54,2.356194
89,61,2.356194
90,11,-0.321751
90,12,2.819842
90,40,1.249046
90,41,3.141593
90,49,0.321751
90,50,-2.819842
90,54,-2.819842
90,57,-1.570796
90,60,0.321751
90,61,-2.819842
91,27,1.570796
91,31,0.000000
91,32,1.892547
91,44,1.570796
91,49,-1.570796
91,52,0.321751
91,60,-0.785398
92,12,-0.321751
92,13,2.819842
92,16,0.785398
92,27,0.785398
92,32,-1.249046
92,33,-2.356194
92,34,3.141593
92,38,0.000000
92,39,-1.892547
92,44,2.356194
92,84,1.570796
93,4,2.356194
93,13,-2.356194
93,16,-0.321751
93,17,2.819842
93,27,-0.321751
93,37,-0.785398
93,43,-0.785398
93,51,0.321751
93,52,-2.819842
93,55,2.356194
93,60,0.000000
93,62,2.356194
93,71,0.785398
93,84,-2.819842
94,4,3.141593
94,17,-2.356194
94,25,1.570796
94,28,-1.249046
94,29,3.141593
94,40,1.249046
94,54,1.570796
94,57,2.356194
94,61,0.000000
94,71,0.000000
95,4,-2.356194
95,7,0.785398
95,10,0.785398
95,25,-0.321751
95,26,2.819842
95,30,-2.356194
95,39,0.000000
95,40,-1.892547
95,42,-2.356194
95,47,-1.570796
95,50,0.321751
95,51,-2.819842
95,53,0.321751
95,54,-2.819842
95,59,-1.570796
95,71,-0.785398
95,80,2.356194
95,81,-0.785398
95,82,-1.892547
96,7,-0.321751
96,8,2.819842
96,10,-0.321751
96,11,2.819842
96,17,-1.570796
96,50,-1.570796
96,53,-1.570796
96,64,0.785398
97,8,-2.356194
97,11,-2.356194
97,14,-1.570796
97,22,-1.570796
97,32,0.000000
97,56,0.000000
97,61,-1.570796
97,65,-2.356194
97,74,0.785398
98,2,-1.570796
98,5,-1.570796
98,8,-1.570796
98,11,-1.570796
98,25,-0.785398
98,27,-1.249046
98,28,-2.356194
98,29,3.141593
98,39,0.000000
98,40,3.141593
98,49,-1.570796
98,52,-1.570796
98,55,-0.785398
98,58,3.141593
98,71,-1.570796
98,75,-2.356194
98,76,-0.785398
98,77,-1.892547
