5,53,1.249046
5,54,2.356194
5,61,0.785398
5,62,1.892547
6,64,1.892547
7,26,3.141593
7,66,1.892547
7,69,1.249046
8,38,0.000000
8,39,1.570796
8,40,2.356194
8,49,0.785398
9,73,2.356194
9,76,0.785398
9,77,1.570796
9,78,2.356194
10,19,-0.321751
10,21,-2.819842
10,24,0.321751
10,38,0.321751
10,40,2.819842
10,58,1.249046
10,59,2.356194
11,51,1.570796
11,54,1.249046
11,55,2.356194
11,61,-1.249046
11,68,-2.356194
11,71,0.321751
11,73,2.819842
12,18,1.249046
12,35,1.249046
12,40,-2.819842
12,58,-2.356194
12,65,2.356194
12,76,0.321751
13,17,0.321751
13,22,1.570796
13,50,0.321751
13,73,-2.819842
13,79,2.819842
14,27,-0.321751
14,31,1.249046
14,50,-0.785398
14,52,-1.249046
14,54,3.141593
14,59,0.000000
14,60,1.892547
14,65,-1.249046
14,66,3.141593
14,68,2.356194
14,76,-0.321751
15,14,1.249046
15,19,-1.892547
15,39,-2.356194
15,60,-1.249046
15,62,1.892547
15,73,2.819842
15,77,-1.249046
16,28,-1.570796
16,41,0.785398
16,42,1.570796
16,46,-2.819842
16,54,-0.321751
16,56,2.356194
16,62,-1.249046
16,64,1.892547
17,11,1.249046
17,26,1.249046
17,27,3.141593
17,31,-0.785398
17,50,0.785398
17,58,0.785398
17,59,1.892547
18,10,0.321751
18,17,2.819842
18,31,0.785398
18,45,2.356194
18,53,1.570796
18,59,-1.249046
18,60,-2.356194
18,61,0.785398
18,62,1.892547
18,76,1.892547
18,86,2.356194
19,31,-0.785398
19,32,-2.356194
19,43,-2.356194
19,45,3.141593
19,62,-1.249046
19,63,-2.356194
19,69,1.570796
19,71,2.356194
19,81,0.785398
19,82,1.892547
19,85,0.000000
19,86,-2.356194
20,12,-1.892547
20,15,-0.321751
20,17,-2.819842
20,24,0.000000
20,26,-1.570796
20,27,-2.356194
20,28,0.785398
20,29,1.570796
20,30,3.141593
20,38,0.785398
20,47,1.249046
20,48,2.356194
20,51,-1.249046
20,79,0.785398
20,84,3.141593
21,66,-1.249046
21,71,-0.785398
22,7,-0.321751
22,9,-2.819842
22,19,1.892547
22,24,-2.819842
22,29,0.000000
22,37,-0.785398
22,38,-1.570796
22,40,-1.570796
22,41,-2.356194
22,44,-0.785398
22,45,-1.892547
22,47,-2.356194
22,54,-1.249046
22,56,-1.570796
22,58,-1.570796
22,60,1.570796
22,61,2.356194
22,62,0.785398
22,63,1.892547
22,70,3.141593
22,73,-2.356194
22,76,-0.321751
23,29,-1.570796
23,47,0.785398
23,73,0.785398
23,77,-1.249046
23,79,2.356194
24,7,0.321751
24,9,2.819842
24,17,-0.321751
24,24,0.000000
24,25,1.570796
24,27,1.570796
24,47,0.000000
24,49,1.570796
24,50,2.356194
24,60,0.785398
24,65,-2.356194
24,66,0.785398
24,70,0.000000
24,71,1.892547
24,73,-0.785398
24,75,1.892547
25,9,-2.356194
25,12,0.000000
25,13,-1.892547
25,22,-2.819842
25,31,0.785398
25,32,1.892547
25,37,1.249046
25,38,2.356194
25,53,1.570796
25,62,0.785398
25,75,-1.249046
25,76,3.141593
25,79,-0.321751
25,80,2.819842
26,7,0.000000
26,15,1.249046
26,25,0.000000
26,46,-0.785398
26,55,1.570796
26,56,2.356194
26,63,-1.249046
26,65,1.570796
26,66,3.141593
26,68,-1.249046
26,80,-1.570796
27,10,3.141593
27,21,-1.570796
27,32,-1.570796
27,37,-2.356194
27,50,-2.356194
27,75,1.892547
27,81,0.000000
27,82,1.892547
28,13,3.141593
28,17,-1.892547
28,19,1.570796
28,23,2.356194
28,24,-0.785398
28,25,-2.356194
28,60,-0.321751
28,65,-0.321751
28,75,-1.249046
28,82,-1.249046
28,83,-2.356194
28,86,-0.785398
28,88,2.819842
29,19,-0.321751
29,28,2.356194
29,34,2.356194
29,40,0.785398
29,41,1.570796
29,42,2.356194
29,46,0.785398
29,54,-1.249046
29,56,1.892547
29,61,-1.249046
29,62,3.141593
29,66,-1.249046
29,68,1.892547
29,72,-1.570796
29,88,-2.356194
30,13,-2.356194
30,14,-0.785398
30,15,-2.356194
30,24,2.356194
30,28,-2.356194
30,32,1.249046
30,33,3.141593
30,49,-2.356194
30,56,-1.249046
30,57,-2.356194
30,63,0.000000
30,64,1.892547
30,73,0.000000
30,74,1.892547
31,5,-1.570796
31,7,-1.249046
31,21,-2.356194
31,22,-0.785398
31,23,-1.892547
31,30,1.249046
31,32,-1.892547
31,40,0.000000
31,52,0.000000
31,53,1.892547
31,59,0.000000
31,60,1.892547
31,64,-1.249046
31,65,3.141593
31,74,-1.249046
31,79,-1.249046
32,28,-1.570796
32,48,3.141593
32,53,-1.249046
32,55,1.892547
32,76,-1.570796
32,81,-1.570796
33,4,0.785398
33,9,0.000000
33,18,-0.785398
33,24,0.000000
33,25,-0.785398
33,26,-1.892547
33,30,-2.356194
33,37,-0.785398
33,49,-2.356194
33,55,-1.249046
33,57,1.892547
33,59,1.570796
33,61,-1.249046
33,63,1.892547
33,67,0.000000
33,68,1.892547
33,73,1.892547
33,77,0.000000
33,78,1.892547
33,82,1.570796
34,4,-0.785398
34,5,3.141593
34,9,-0.785398
34,30,2.356194
34,42,2.356194
34,43,3.141593
34,52,0.785398
34,57,-1.249046
34,71,-1.570796
34,83,3.141593
34,88,2.356194
35,9,2.356194
35,30,3.141593
35,41,-0.785398
35,47,2.356194
35,53,-2.356194
35,59,-1.249046
35,61,1.892547
35,69,-1.249046
35,85,2.356194
35,88,3.141593
36,16,2.356194
36,37,0.000000
36,38,3.141593
36,46,-1.570796
36,49,3.141593
36,55,0.000000
36,56,3.141593
36,65,-1.249046
36,66,3.141593
36,71,1.570796
36,75,-1.249046
36,76,3.141593
36,81,2.819842
36,83,0.321751
36,88,-2.356194
37,3,0.785398
37,11,3.141593
37,14,1.249046
37,15,3.141593
37,20,0.785398
37,24,1.249046
37,25,2.356194
37,29,-0.785398
37,30,-1.570796
37,44,0.785398
37,45,2.356194
37,62,-1.249046
37,63,3.141593
37,72,3.141593
37,83,-1.570796
38,3,0.000000
38,6,-0.785398
38,7,-1.892547
38,19,-0.785398
38,45,-2.356194
38,52,0.000000
38,53,0.785398
38,54,1.892547
38,64,1.570796
38,73,0.000000
38,74,1.892547
38,78,1.570796
38,81,-0.321751
38,88,2.356194
39,3,-0.785398
39,33,3.141593
39,40,0.000000
39,41,3.141593
39,64,-0.321751
39,69,0.000000
39,70,1.892547
39,75,2.819842
39,78,-0.321751
39,88,3.141593
40,8,1.570796
40,10,0.785398
40,12,-1.892547
40,16,1.249046
40,17,2.356194
40,24,1.570796
40,26,2.356194
40,54,-0.785398
40,75,-1.570796
40,88,-2.356194
41,7,0.321751
41,18,0.785398
41,19,3.141593
41,21,-1.570796
41,26,3.141593
41,34,-1.570796
41,59,0.000000
41,60,1.892547
41,66,-1.249046
41,67,3.141593
41,81,2.819842
41,88,2.356194
42,7,-1.570796
42,10,-2.819842
42,14,3.141593
42,16,-1.570796
42,26,-2.356194
42,60,-1.249046
42,62,1.892547
42,68,1.570796
42,77,1.570796
42,81,-1.570796
42,85,-2.356194
42,88,3.141593
43,3,0.785398
43,9,-1.570796
43,13,-1.570796
43,18,-2.356194
43,26,-1.570796
43,56,3.141593
43,62,-1.249046
43,64,1.892547
43,69,3.141593
43,74,2.819842
43,77,-0.321751
43,88,-2.356194
44,3,0.000000
44,19,0.785398
44,74,-1.570796
44,83,1.570796
44,88,2.356194
45,3,-0.785398
45,21,2.356194
45,42,0.000000
45,44,0.785398
45,45,2.356194
45,65,-1.249046
45,66,3.141593
45,71,0.000000
45,84,-2.356194
45,88,3.141593
46,6,1.249046
46,10,1.570796
46,18,0.000000
46,19,-1.570796
46,21,3.141593
46,32,0.000000
46,33,0.785398
46,45,-2.356194
46,60,0.000000
46,72,-1.570796
46,88,-2.356194
47,3,0.785398
47,5,0.000000
47,6,-1.892547
47,8,0.785398
47,34,-2.356194
47,53,0.000000
47,62,0.000000
47,63,1.892547
48,3,0.000000
48,8,-0.785398
48,16,1.570796
48,22,-2.356194
48,46,1.570796
49,3,-0.785398
49,8,2.356194
49,16,-2.819842
49,46,0.000000
49,64,-1.249046
49,65,3.141593
49,74,1.570796
49,79,1.570796
49,83,-1.249046
49,84,3.141593
49,88,2.356194
50,7,0.321751
50,8,-2.819842
50,14,0.321751
50,66,1.570796
50,70,0.000000
50,75,3.141593
50,79,-0.321751
50,88,3.141593
51,3,0.785398
51,7,-1.570796
51,14,-1.570796
51,41,0.000000
51,45,-0.785398
51,46,-1.570796
51,49,2.819842
51,56,1.570796
51,61,1.570796
51,66,-0.321751
51,67,2.819842
51,71,-1.570796
51,88,-2.356194
52,3,0.000000
52,6,1.570796
52,10,2.356194
52,13,1.570796
52,49,-1.570796
52,62,3.141593
52,67,-1.570796
52,72,1.570796
52,77,1.570796
53,6,-2.819842
53,9,0.321751
53,13,-2.819842
53,20,1.570796
53,30,0.000000
53,31,3.141593
53,57,-2.356194
53,68,0.000000
53,73,3.141593
53,77,-0.321751
53,78,2.819842
53,82,-1.249046
53,83,3.141593
53,88,2.356194
54,3,0.000000
54,5,-1.892547
54,9,-1.570796
54,26,-1.570796
54,64,1.570796
54,78,-1.570796
54,86,0.785398
54,88,-2.819842
55,3,-0.785398
55,8,1.570796
55,11,-0.785398
55,45,0.000000
55,49,-0.785398
55,50,-1.570796
55,51,-2.356194
55,53,0.785398
55,54,1.892547
55,65,3.141593
55,69,-0.321751
55,70,2.819842
55,79,1.570796
56,8,-2.819842
56,66,1.570796
56,70,-1.570796
56,79,-0.321751
57,3,0.785398
57,6,0.000000
57,7,-1.892547
57,10,0.000000
57,11,-1.570796
57,56,2.819842
57,62,1.570796
57,66,-0.321751
57,71,-2.356194
57,87,2.356194
58,3,0.000000
58,5,2.356194
58,18,2.356194
58,25,1.570796
58,56,-1.570796
58,68,2.819842
58,77,1.570796
58,81,-1.249046
58,82,-2.356194
58,87,3.141593
59,12,0.321751
59,13,-2.819842
59,16,1.249046
59,18,3.141593
59,38,0.000000
59,41,3.141593
59,57,-2.356194
59,63,1.570796
59,72,0.785398
59,77,-0.321751
59,78,2.819842
59,87,-2.356194
60,3,-0.321751
60,5,-2.819842
60,12,-1.570796
60,15,0.321751
60,25,2.356194
60,63,-0.321751
60,68,-0.321751
60,69,2.819842
60,73,1.570796
60,78,-1.570796
61,24,0.321751
61,25,-2.819842
61,33,2.356194
61,45,1.570796
61,51,1.570796
61,53,0.000000
61,60,1.570796
61,65,2.819842
61,69,-1.570796
61,73,-0.321751
62,4,0.000000
62,14,0.321751
62,15,-2.819842
62,19,-2.356194
62,20,3.141593
62,24,-1.570796
62,60,0.785398
62,65,-1.570796
62,70,1.570796
62,75,2.819842
63,4,-0.785398
63,14,-0.785398
63,17,-0.785398
63,31,-1.570796
63,56,1.570796
63,60,-0.321751
63,70,-0.321751
63,71,2.819842
63,75,-2.356194
64,4,0.785398
64,17,-1.570796
64,23,-1.570796
64,45,0.785398
64,56,-0.321751
64,57,2.819842
64,62,2.819842
65,4,0.000000
65,45,0.000000
65,48,-0.785398
65,49,-1.570796
65,50,3.141593
65,57,-1.570796
65,62,-1.570796
65,71,-0.321751
65,72,2.819842
66,4,-0.785398
66,8,0.000000
66,9,2.356194
66,36,2.356194
66,41,3.141593
66,45,-0.785398
66,51,1.570796
66,58,1.570796
66,72,-1.570796
66,76,0.785398
67,9,-2.356194
67,19,1.570796
67,45,-1.570796
67,52,-2.356194
67,58,-0.321751
67,59,2.819842
67,63,-1.570796
67,68,1.570796
67,76,-0.321751
67,77,2.819842
67,85,0.000000
67,86,2.356194
68,7,1.249046
68,8,3.141593
68,15,1.570796
68,19,2.356194
68,34,0.321751
68,35,-2.819842
68,59,-1.570796
68,68,-0.321751
68,73,0.785398
68,86,-2.356194
69,4,0.785398
69,18,0.321751
69,19,-2.819842
69,22,2.356194
69,34,-0.785398
69,55,1.570796
69,70,2.819842
69,73,-0.321751
69,74,2.819842
69,77,-0.321751
70,4,-0.321751
70,18,-0.785398
70,26,-1.570796
70,55,-0.321751
70,56,2.819842
70,65,1.570796
70,70,-2.356194
70,78,-1.249046
70,79,3.141593
71,39,0.000000
71,56,-1.570796
71,65,0.785398
71,74,-0.321751
72,10,2.356194
72,17,-0.785398
72,33,-0.785398
72,44,-2.356194
72,57,1.570796
72,65,-0.321751
72,66,2.819842
72,76,2.819842
73,5,0.785398
73,9,0.000000
73,28,2.356194
73,52,0.785398
73,57,-0.321751
73,58,2.819842
73,62,1.570796
73,66,-1.570796
73,72,1.570796
73,76,-1.570796
74,5,0.000000
74,39,1.570796
74,53,0.000000
74,62,-0.321751
74,63,2.819842
74,67,1.570796
74,72,-0.321751
74,73,2.819842
75,5,-0.785398
75,49,1.570796
75,58,-0.321751
75,63,-1.570796
75,67,-0.321751
75,68,2.819842
75,84,0.000000
75,85,2.356194
76,39,-1.570796
76,54,-0.321751
76,55,2.819842
76,60,2.819842
76,64,1.570796
76,68,-1.570796
76,73,-0.321751
76,75,2.356194
76,77,-0.785398
76,78,-1.570796
76,79,-2.356194
76,85,-2.356194
77,10,1.249046
77,11,3.141593
77,14,1.570796
77,18,-0.785398
77,23,0.000000
77,26,2.356194
77,43,0.000000
77,55,-1.570796
77,60,-2.356194
77,64,-0.321751
77,65,2.819842
77,69,1.570796
78,20,1.570796
78,26,-2.819842
78,40,2.356194
78,45,1.570796
78,50,-1.570796
78,65,-1.570796
78,69,-0.321751
78,70,2.819842
78,82,2.356194
79,14,2.356194
79,20,0.785398
79,25,-0.785398
79,57,1.570796
79,59,0.000000
79,60,-1.570796
79,61,3.141593
79,66,1.570796
79,70,-1.570796
79,81,-0.785398
79,82,-2.356194
79,84,1.570796
80,13,0.321751
80,14,-2.819842
80,29,1.570796
80,57,-0.321751
80,66,-0.321751
80,67,2.819842
80,71,-2.356194
80,84,-2.819842
81,19,0.321751
81,25,0.785398
81,29,2.356194
81,48,3.141593
81,58,-2.356194
81,63,1.570796
81,83,-0.785398
82,6,-0.785398
82,14,-2.356194
82,16,3.141593
82,19,-0.785398
82,22,-2.819842
82,25,0.000000
82,27,0.785398
82,29,-2.819842
82,31,1.570796
82,33,1.570796
82,36,1.570796
82,42,2.356194
82,44,3.141593
82,53,0.785398
82,63,-0.321751
82,67,-0.321751
82,68,2.819842
83,19,2.356194
83,21,-0.785398
83,25,-1.570796
83,41,-0.785398
83,54,1.570796
83,59,1.570796
83,65,2.819842
83,68,-1.570796
83,73,0.785398
83,87,1.249046
84,18,0.321751
84,21,2.356194
84,24,-0.785398
84,28,-1.570796
84,33,-1.570796
84,36,-1.570796
84,41,-1.570796
84,50,0.000000
84,54,-0.321751
84,59,-0.321751
84,74,1.570796
84,85,1.570796
85,21,3.141593
85,51,-2.356194
85,55,-1.249046
85,56,3.141593
85,60,-1.249046
85,61,3.141593
85,65,-0.321751
85,66,2.819842
85,74,0.000000
85,87,-1.249046
86,18,-2.819842
86,21,-2.356194
86,38,-1.570796
86,66,-2.356194
86,70,-1.570796
86,80,0.000000
86,81,-1.892547
87,43,1.570796
87,62,0.785398
87,78,1.570796
87,79,3.141593
88,10,1.570796
88,20,1.570796
88,23,1.570796
88,62,-0.321751
89,6,1.570796
89,8,-1.892547
89,19,0.321751
89,20,-2.819842
89,31,-1.570796
89,64,2.819842
89,68,-2.356194
90,23,2.356194
90,26,1.570796
90,45,3.141593
90,50,1.570796
90,54,-1.570796
90,64,-1.570796
90,71,0.000000
90,72,-1.892547
90,74,-0.785398
91,4,-0.321751
91,6,-2.819842
91,17,1.249046
91,19,-1.570796
91,20,-2.356194
91,21,0.785398
91,26,-1.570796
91,41,1.570796
91,60,1.570796
91,65,-2.356194
91,70,0.785398
91,85,2.356194
92,24,2.356194
92,31,1.570796
92,70,0.000000
92,75,0.321751
92,77,2.819842
93,4,0.321751
93,29,1.570796
93,31,-1.570796
93,36,0.785398
93,42,-2.356194
93,51,-1.570796
93,62,-2.356194
93,70,-0.785398
94,58,1.570796
94,62,-1.570796
94,71,0.785398
94,73,-1.570796
95,6,-1.892547
95,14,0.000000
95,16,-1.570796
95,17,3.141593
95,21,1.249046
95,26,-2.819842
95,34,1.570796
95,49,0.785398
95,53,0.785398
95,71,-0.785398
95,77,-1.249046
95,78,-2.356194
95,81,-0.785398
95,82,-1.892547
95,88,0.785398
96,20,-0.785398
96,31,1.892547
96,38,-1.570796
96,71,0.785398
96,75,-2.819842
97,13,-0.785398
97,22,1.570796
97,27,-0.785398
97,28,-1.892547
97,31,-1.249046
97,32,3.141593
97,34,2.356194
97,42,1.570796
97,46,0.785398
97,50,-1.570796
97,60,-2.356194
97,72,-2.356194
97,73,-0.785398
97,74,-1.892547
98,23,-2.356194
98,24,-0.785398
98,25,-1.892547
98,33,-0.785398
98,42,-1.570796
98,47,-2.356194
98,56,-2.356194
98,66,0.000000
98,68,3.141593
