15,45,0.785398
15,46,1.570796
15,47,2.356194
15,50,0.785398
15,51,1.570796
15,52,2.356194
16,27,0.785398
16,28,2.356194
17,17,3.141593
17,28,-1.570796
17,76,2.356194
18,16,-1.570796
23,69,1.249046
24,71,-2.356194
25,12,0.321751
25,14,3.141593
26,12,-1.570796
26,66,0.321751
26,83,2.356194
27,66,-0.785398
28,66,2.356194
29,64,1.249046
29,66,3.141593
29,71,2.356194
30,62,1.249046
30,71,3.141593
31,45,0.000000
31,46,-1.570796
31,47,-2.356194
31,50,-0.785398
31,51,-1.570796
31,52,-2.356194
31,54,0.785398
31,55,1.570796
31,56,2.356194
32,11,2.356194
32,37,0.785398
32,62,-1.249046
32,64,-1.892547
32,71,3.141593
32,77,0.321751
33,10,0.321751
33,71,-2.356194
33,86,3.141593
34,10,-1.570796
34,34,1.249046
34,35,2.356194
34,36,-0.785398
34,37,-1.892547
34,44,1.249046
34,45,2.356194
34,48,0.785398
34,49,1.892547
34,51,1.249046
34,52,2.356194
34,54,-0.785398
34,55,-1.570796
34,56,-2.356194
34,58,0.785398
34,59,1.892547
34,71,2.356194
34,77,3.141593
35,31,0.000000
35,33,-0.785398
35,34,-1.892547
35,42,0.000000
35,43,-0.785398
35,44,-1.892547
35,59,-1.249046
35,60,-2.356194
35,65,0.785398
35,66,1.570796
35,67,2.356194
36,39,0.000000
36,40,3.141593
36,47,1.249046
36,48,3.141593
36,71,-1.249046
36,72,-2.356194
36,74,-0.785398
36,75,-1.570796
37,27,1.249046
37,28,2.356194
37,29,3.141593
37,35,0.000000
37,37,3.141593
37,46,-0.785398
37,47,-1.892547
37,51,0.000000
37,53,0.785398
37,54,1.570796
37,55,2.356194
37,56,0.785398
37,57,1.892547
37,77,-1.249046
37,79,1.570796
37,81,-1.892547
38,27,-1.892547
38,42,0.000000
38,58,-2.356194
38,61,0.785398
38,62,1.892547
38,68,0.785398
38,69,1.892547
39,24,-0.785398
39,25,-1.892547
39,31,0.000000
39,32,3.141593
39,50,-0.785398
39,51,-1.570796
39,52,3.141593
39,55,0.000000
39,56,2.356194
39,62,-1.249046
39,63,-2.356194
39,64,0.785398
39,65,1.892547
39,69,-1.249046
39,70,-2.356194
39,71,0.785398
39,72,1.892547
39,79,0.785398
40,47,-0.785398
40,53,1.570796
40,65,-1.249046
40,66,3.141593
40,72,-1.249046
40,73,-2.356194
40,74,0.785398
40,75,1.892547
40,79,-0.785398
40,81,1.892547
40,88,2.819842
41,35,0.000000
41,37,3.141593
41,54,-2.356194
41,55,-0.785398
41,59,1.892547
41,68,3.141593
41,75,-1.249046
41,76,-2.356194
41,77,0.785398
41,81,-1.249046
41,82,-2.356194
41,85,-0.785398
41,86,-1.892547
41,88,-1.570796
42,50,0.000000
42,51,3.141593
42,61,1.570796
42,62,2.356194
42,70,0.785398
43,65,0.000000
43,79,-1.249046
43,81,1.892547
44,22,3.141593
44,69,3.141593
44,74,0.785398
44,75,1.892547
45,9,2.819842
45,19,1.249046
45,20,3.141593
45,59,-0.321751
45,63,-2.356194
45,75,-1.249046
45,76,-2.356194
45,82,-1.249046
45,83,-2.356194
46,6,0.321751
46,17,1.249046
46,19,-1.892547
46,26,3.141593
46,60,-1.249046
46,70,0.000000
46,71,3.141593
46,86,3.141593
46,89,0.321751
46,91,2.819842
47,6,-1.570796
47,9,0.000000
47,11,1.570796
47,12,2.356194
47,24,-0.785398
47,45,0.000000
47,46,3.141593
47,62,-1.249046
47,63,-2.356194
47,64,0.785398
47,65,1.570796
47,66,2.356194
47,73,0.000000
47,80,0.000000
47,83,0.785398
48,13,0.000000
48,53,0.000000
48,54,3.141593
48,69,2.356194
48,76,0.785398
48,77,1.892547
48,89,-0.321751
48,91,-2.819842
49,51,3.141593
49,70,0.000000
49,77,-1.249046
49,78,3.141593
49,82,3.141593
49,86,0.000000
49,87,1.892547
50,13,0.321751
50,17,1.570796
50,18,2.356194
50,31,1.249046
50,38,0.785398
50,41,2.356194
50,79,1.570796
50,87,-1.249046
50,88,-2.356194
50,89,-0.785398
51,23,2.356194
51,27,1.249046
51,28,2.356194
51,29,0.785398
51,39,0.785398
51,40,3.141593
51,69,-1.570796
51,77,3.141593
51,80,3.141593
52,21,-0.785398
52,22,-1.892547
52,33,-2.819842
52,49,2.356194
53,16,0.000000
53,17,-1.892547
53,27,-1.249046
53,28,-2.356194
53,29,-0.785398
53,30,-1.570796
53,32,-1.892547
53,41,1.570796
53,42,2.356194
53,44,-0.785398
53,45,-1.570796
53,46,-2.356194
53,47,0.785398
53,64,0.000000
53,65,3.141593
53,82,0.000000
53,83,1.892547
53,87,0.000000
53,88,1.892547
54,5,0.785398
54,11,0.000000
54,12,-1.892547
54,20,0.000000
54,24,3.141593
54,48,-1.249046
54,49,-2.356194
54,53,0.785398
54,54,1.892547
54,73,0.000000
54,74,1.570796
54,76,1.570796
54,77,2.356194
54,83,-1.249046
54,84,3.141593
54,88,-1.249046
54,89,3.141593
55,5,-0.785398
55,6,-2.356194
55,44,2.356194
55,55,-2.356194
55,56,0.785398
55,57,1.570796
55,58,2.356194
55,68,0.000000
55,79,0.000000
55,80,1.892547
55,91,3.141593
56,16,-1.249046
56,17,3.141593
56,21,0.000000
56,25,3.141593
56,34,0.000000
56,39,3.141593
56,53,-0.785398
56,60,0.785398
56,61,1.570796
56,62,2.356194
56,65,1.570796
56,70,-2.356194
56,74,-0.321751
56,76,-2.819842
56,80,-1.249046
56,81,3.141593
56,86,0.000000
56,87,1.892547
57,18,1.570796
57,57,0.785398
57,65,-0.785398
57,66,-2.356194
57,87,-1.249046
57,88,3.141593
58,18,0.000000
58,20,1.892547
58,27,3.141593
58,36,0.000000
58,40,3.141593
58,58,-2.356194
58,59,3.141593
58,74,-0.785398
58,75,-1.570796
58,76,-2.356194
59,16,2.356194
59,18,-0.785398
59,24,3.141593
59,89,-1.570796
60,10,1.570796
60,31,0.000000
60,34,3.141593
60,59,0.000000
60,60,3.141593
60,64,0.000000
60,65,3.141593
60,81,-2.356194
60,86,0.000000
60,87,1.892547
61,4,0.785398
61,8,1.249046
61,21,3.141593
61,23,-2.356194
61,76,0.000000
61,87,-1.249046
61,88,3.141593
62,4,0.000000
62,7,-0.785398
62,8,-1.892547
62,34,0.000000
62,36,3.141593
62,48,0.000000
62,50,3.141593
62,54,0.000000
62,56,3.141593
62,78,0.000000
62,79,1.892547
62,84,1.570796
62,89,1.570796
63,4,-1.570796
63,12,3.141593
63,20,0.000000
63,74,0.785398
63,79,-1.249046
63,80,3.141593
63,89,-0.321751
63,90,2.819842
64,11,-1.570796
64,20,-1.570796
64,29,1.570796
64,48,0.000000
64,51,3.141593
64,69,0.000000
64,90,-1.570796
65,14,1.570796
65,23,0.000000
65,34,0.000000
65,35,3.141593
65,87,1.570796
65,91,-2.356194
66,8,1.249046
66,9,3.141593
66,14,-2.819842
66,31,-1.570796
66,66,0.000000
66,67,3.141593
66,87,-0.321751
67,21,2.356194
67,26,2.356194
67,59,0.000000
67,61,3.141593
67,89,2.819842
68,3,0.785398
68,6,0.000000
68,7,-1.892547
68,11,0.000000
68,12,-1.892547
68,15,1.249046
68,16,3.141593
68,25,-0.785398
68,63,0.000000
68,64,3.141593
68,89,-1.570796
69,5,3.141593
69,14,0.321751
69,23,2.356194
69,28,2.356194
69,66,0.000000
70,14,-1.570796
70,27,-0.785398
70,36,0.785398
70,46,0.000000
70,49,3.141593
70,60,0.000000
70,62,3.141593
71,3,-1.570796
71,8,1.570796
71,25,2.356194
71,31,2.356194
71,35,-0.785398
71,64,0.000000
71,70,-2.356194
71,91,-1.570796
72,6,0.785398
72,19,0.000000
72,24,3.141593
72,30,-0.785398
72,38,-2.356194
72,40,3.141593
72,67,3.141593
72,72,0.785398
72,76,0.000000
72,85,-2.356194
73,15,3.141593
73,23,-1.570796
73,28,2.356194
73,35,-0.785398
73,36,-1.892547
73,62,0.785398
73,73,-2.356194
74,2,0.785398
74,6,-2.819842
74,14,-1.570796
74,17,2.356194
74,26,1.249046
74,27,3.141593
74,33,-0.785398
74,64,3.141593
74,70,0.000000
74,87,1.570796
74,90,-1.570796
75,2,-0.321751
75,5,-1.892547
75,25,0.000000
75,26,-1.892547
75,72,-2.356194
75,84,-2.356194
76,9,2.356194
76,23,1.249046
76,24,3.141593
76,35,0.000000
76,36,3.141593
76,43,0.000000
76,44,3.141593
76,68,0.000000
76,69,3.141593
76,74,0.785398
77,7,1.249046
77,9,-2.356194
77,11,1.570796
77,22,0.000000
77,23,-1.892547
77,27,2.356194
77,41,3.141593
77,79,0.785398
77,85,0.785398
78,14,3.141593
78,17,-0.785398
78,31,2.356194
78,38,0.000000
78,71,0.000000
78,80,-2.356194
79,5,0.321751
79,13,-1.570796
79,20,1.570796
79,25,-0.785398
79,35,0.000000
79,36,3.141593
79,68,0.785398
79,87,1.570796
80,2,0.785398
80,8,0.321751
80,19,0.000000
80,33,2.356194
80,41,0.000000
80,43,3.141593
80,51,0.000000
80,54,3.141593
80,69,-2.356194
80,87,-0.321751
80,91,-2.356194
81,2,0.000000
81,4,-0.785398
81,5,-2.356194
81,8,-1.570796
81,12,-2.819842
81,23,2.356194
81,57,0.000000
81,58,3.141593
81,71,0.785398
81,89,2.819842
82,2,-0.785398
82,6,0.785398
82,7,3.141593
82,14,2.356194
82,26,-0.785398
82,30,-0.785398
82,35,2.356194
82,61,0.785398
82,67,0.000000
82,83,0.785398
82,89,-1.570796
83,9,0.321751
83,13,-0.785398
83,21,-0.785398
83,41,2.356194
83,43,0.000000
83,46,3.141593
83,62,-2.356194
83,84,-2.356194
84,2,0.785398
84,6,-2.819842
84,9,-1.570796
84,24,2.356194
84,40,-0.785398
84,74,-2.356194
84,78,1.570796
85,2,0.000000
85,4,-0.785398
85,5,-1.892547
85,19,2.356194
85,23,-0.785398
85,26,2.356194
85,31,-0.785398
85,78,-0.321751
85,85,0.785398
86,2,-0.785398
86,7,1.570796
86,11,2.356194
86,25,-0.785398
86,34,2.356194
86,45,0.000000
86,46,3.141593
86,62,0.000000
86,68,0.785398
86,76,0.785398
86,80,2.819842
86,86,-2.356194
86,91,-1.570796
87,6,0.321751
87,7,-2.819842
87,33,-0.785398
87,56,0.000000
87,57,3.141593
87,64,-2.356194
87,69,0.000000
87,80,-1.570796
88,6,-1.570796
88,70,-1.570796
89,15,1.570796
89,19,1.570796
89,61,0.000000
89,62,3.141593
89,67,0.785398
89,90,0.785398
90,2,0.785398
90,4,1.570796
90,15,-2.819842
90,28,2.356194
90,40,0.000000
90,41,3.141593
90,55,0.000000
90,68,-2.356194
90,90,-0.321751
90,91,2.819842
91,2,0.000000
91,13,0.321751
91,18,3.141593
91,22,2.356194
91,26,0.000000
91,91,-2.356194
92,2,-0.785398
92,9,-0.785398
92,13,-1.570796
92,17,-1.570796
92,30,2.356194
92,36,3.141593
92,74,-2.356194
92,77,-2.356194
92,86,0.785398
92,89,1.570796
92,91,-1.570796
93,5,1.570796
93,62,-2.356194
93,67,0.785398
93,71,0.785398
93,84,1.570796
93,89,0.000000
94,5,-2.819842
94,8,2.356194
94,23,2.356194
94,27,0.000000
94,39,3.141593
94,58,0.785398
94,68,1.570796
94,75,0.785398
94,78,0.785398
95,10,1.570796
95,22,1.570796
95,36,-0.785398
95,44,2.356194
95,65,0.785398
95,68,-0.321751
95,69,2.819842
95,82,0.785398
95,88,-2.356194
96,6,3.141593
96,10,-2.819842
96,21,0.321751
96,22,-2.819842
96,34,2.356194
96,53,0.000000
96,69,-1.570796
96,82,-0.785398
96,86,2.819842
97,13,-1.570796
97,21,-1.570796
97,66,-1.570796
97,73,-1.570796
97,82,-1.570796
97,86,-2.356194
97,89,1.570796
98,7,-0.785398
98,8,-1.892547
98,16,-0.785398
98,20,-0.785398
98,27,0.000000
98,32,-0.785398
98,36,0.000000
98,48,0.000000
98,49,3.141593
98,59,3.141593
98,64,3.141593
98,71,-2.356194
98,77,-1.570796
98,80,-1.570796
98,86,-1.570796
98,90,-2.356194
