16,26,1.249046
16,27,2.356194
16,45,0.785398
16,46,1.570796
16,47,2.356194
16,49,0.785398
16,50,1.570796
16,51,2.356194
16,55,0.785398
16,56,1.570796
16,57,2.356194
17,75,2.356194
18,17,3.141593
18,26,-1.570796
19,16,-0.785398
21,16,2.356194
22,15,0.321751
23,15,-0.785398
24,79,3.141593
25,15,2.356194
27,13,0.321751
27,64,0.321751
28,13,-1.570796
28,35,0.785398
28,64,-0.785398
29,35,0.000000
29,64,2.356194
30,62,1.249046
30,64,3.141593
30,71,0.321751
31,34,0.321751
31,36,2.819842
31,60,1.249046
31,71,-1.570796
32,12,0.785398
32,44,0.321751
32,46,2.819842
32,49,0.321751
32,51,3.141593
32,59,0.000000
32,60,-1.892547
32,70,1.570796
33,12,-0.785398
33,13,3.141593
33,36,-2.819842
33,44,-1.570796
33,52,0.785398
33,53,2.356194
33,55,-0.785398
33,58,3.141593
33,62,-0.785398
34,33,0.321751
34,46,0.000000
34,52,-0.785398
34,71,2.819842
35,36,-2.356194
35,44,3.141593
35,58,1.570796
36,11,0.785398
36,31,0.785398
36,34,-2.356194
36,39,0.785398
36,40,1.570796
36,41,3.141593
36,49,-2.356194
36,58,-0.321751
36,59,2.819842
36,63,1.570796
36,65,1.249046
36,66,2.356194
36,67,-0.785398
36,71,-2.819842
37,11,-0.785398
37,12,3.141593
37,44,0.321751
37,59,-2.356194
37,63,0.000000
37,83,2.356194
38,26,0.785398
38,34,2.819842
38,41,3.141593
38,46,-1.249046
38,48,2.356194
38,53,2.356194
38,63,-1.570796
38,65,-2.356194
39,26,0.000000
39,44,3.141593
39,48,-1.570796
39,51,1.249046
39,62,3.141593
39,71,0.000000
39,72,1.892547
40,26,-0.785398
40,29,0.000000
40,30,1.892547
40,36,2.356194
40,44,-2.356194
40,49,0.000000
40,72,-1.249046
40,73,3.141593
40,75,1.249046
40,77,1.892547
40,80,0.000000
40,81,-1.892547
41,26,2.356194
41,30,-1.249046
41,31,-2.356194
41,32,0.785398
41,37,-2.356194
41,51,-1.249046
41,62,1.570796
41,67,1.570796
41,79,3.141593
42,48,2.356194
42,53,-2.356194
42,62,-0.785398
42,63,3.141593
42,67,-0.321751
43,11,3.141593
43,26,-1.249046
43,27,3.141593
43,35,2.819842
43,46,0.785398
43,59,-0.321751
43,61,3.141593
43,68,-1.249046
44,8,0.321751
44,29,0.785398
44,30,1.892547
44,35,-2.356194
44,40,0.000000
44,46,-1.570796
44,53,0.785398
44,64,2.356194
44,70,-2.356194
45,8,-0.785398
45,35,2.356194
45,44,0.785398
45,45,2.356194
45,55,1.892547
45,62,1.570796
45,64,3.141593
45,70,0.785398
45,75,0.321751
45,76,-2.819842
46,22,0.000000
46,23,1.570796
46,24,2.356194
46,31,-1.249046
46,32,-2.356194
46,35,3.141593
46,45,-2.356194
46,52,0.321751
46,56,-2.356194
46,57,0.785398
46,70,0.000000
46,72,1.892547
46,75,-1.570796
46,86,3.141593
47,16,0.785398
47,17,1.570796
47,18,2.356194
47,26,0.785398
47,27,2.356194
47,35,-2.356194
47,54,-2.356194
47,66,0.785398
47,67,1.892547
47,70,-1.570796
47,72,-1.249046
47,74,2.356194
48,19,2.356194
48,26,-0.785398
48,29,3.141593
48,52,-0.321751
48,69,3.141593
48,82,0.321751
49,26,2.356194
49,36,-2.356194
49,47,0.000000
49,54,2.819842
49,74,-0.321751
49,82,-0.785398
50,19,-1.249046
50,20,-2.356194
50,21,0.785398
50,24,-2.356194
50,40,0.000000
50,48,-1.570796
50,54,-1.570796
50,61,-1.570796
50,65,2.356194
50,75,-1.249046
50,76,3.141593
51,28,3.141593
51,44,3.141593
51,55,-0.785398
51,56,-1.570796
51,58,3.141593
51,63,0.785398
51,68,-1.570796
51,70,1.892547
51,77,1.570796
52,8,2.356194
52,26,-0.785398
52,33,0.000000
52,58,-1.570796
52,77,-0.321751
53,7,0.321751
53,18,0.785398
53,19,1.892547
53,59,0.000000
53,70,-0.785398
54,7,-1.570796
54,9,0.785398
54,10,2.356194
54,16,0.785398
54,21,-0.785398
54,22,-1.570796
54,23,-2.356194
54,25,-0.785398
54,27,2.819842
54,45,0.785398
54,60,-2.356194
54,79,-1.249046
54,80,3.141593
55,9,-0.785398
55,17,-1.249046
55,19,-1.892547
55,27,-2.356194
55,54,0.000000
55,81,-0.785398
55,85,1.892547
55,88,2.356194
56,34,2.356194
56,56,-2.356194
56,64,0.000000
56,66,2.819842
56,88,3.141593
57,26,1.570796
57,33,0.321751
57,34,-2.819842
57,58,0.000000
57,60,-0.785398
57,63,3.141593
57,66,-1.570796
57,85,-1.892547
57,88,-2.356194
58,25,-0.785398
58,33,-0.785398
58,72,1.570796
58,78,0.000000
58,79,1.892547
59,40,-2.356194
59,62,-0.321751
59,72,-0.785398
59,73,-2.356194
59,79,-1.249046
59,80,3.141593
60,38,-1.570796
60,56,0.000000
60,63,-1.249046
60,64,3.141593
60,70,0.785398
60,71,2.356194
61,33,2.356194
61,45,1.570796
61,65,1.570796
61,76,0.000000
61,77,1.892547
61,82,0.000000
62,24,2.356194
62,33,-2.819842
62,50,1.570796
62,65,-0.321751
62,71,-0.321751
62,77,-1.249046
62,78,3.141593
63,16,1.249046
63,18,1.570796
63,19,2.356194
63,31,0.000000
63,32,-1.892547
63,45,0.785398
63,72,-1.249046
63,73,3.141593
63,83,0.000000
63,89,2.356194
64,15,-0.785398
64,45,-0.321751
64,62,0.785398
64,63,1.892547
64,67,-1.249046
64,68,3.141593
64,80,0.000000
64,81,1.892547
64,87,0.785398
65,11,1.249046
65,12,2.356194
65,46,-1.249046
65,47,-2.356194
65,63,-1.249046
65,64,3.141593
65,81,-1.249046
65,83,3.141593
66,5,0.321751
66,7,-2.356194
66,34,0.000000
66,57,0.000000
66,65,1.570796
67,5,-0.785398
67,27,-0.785398
67,41,-2.356194
67,66,3.141593
67,84,-2.356194
67,85,0.785398
68,5,0.785398
68,17,0.785398
69,5,0.000000
69,10,-0.785398
69,11,-1.892547
69,18,-2.356194
69,62,1.570796
69,68,1.570796
69,74,0.000000
69,75,1.892547
69,80,1.570796
69,87,3.141593
70,5,-0.785398
70,34,1.570796
70,56,0.785398
70,57,1.892547
70,62,0.000000
70,64,1.892547
70,81,-2.356194
70,89,0.000000
71,21,1.249046
71,22,2.356194
71,24,3.141593
71,27,1.570796
71,39,1.570796
71,62,-1.570796
71,64,-1.249046
71,65,-2.356194
71,66,0.785398
71,76,-1.249046
71,77,3.141593
71,83,1.570796
72,5,0.785398
72,14,3.141593
72,54,3.141593
72,58,-1.249046
72,59,-2.356194
72,60,0.785398
72,61,2.356194
72,83,-0.321751
73,5,0.000000
73,35,-2.356194
73,53,-0.785398
73,61,-1.570796
73,68,3.141593
73,79,1.570796
73,85,2.819842
74,5,-0.785398
74,27,-1.570796
74,62,0.000000
74,74,1.570796
74,79,-0.321751
74,85,-1.570796
74,90,2.356194
75,18,-0.785398
75,19,-1.570796
75,20,-2.356194
75,22,3.141593
75,39,-1.570796
75,63,-1.570796
75,70,0.000000
75,71,1.892547
75,74,-0.785398
75,75,3.141593
75,80,-1.249046
75,81,3.141593
75,88,0.785398
75,90,-2.819842
76,5,0.785398
76,14,0.785398
76,15,2.356194
76,57,0.000000
76,58,1.892547
76,71,-1.249046
76,73,2.356194
76,82,1.570796
77,5,0.000000
77,15,-1.570796
77,66,0.000000
77,67,1.892547
77,82,-0.321751
78,5,-0.785398
78,26,1.570796
78,42,1.249046
78,44,1.570796
78,45,2.356194
78,47,3.141593
78,54,0.785398
78,59,-1.249046
78,61,1.892547
78,67,-1.249046
78,69,1.892547
78,74,3.141593
79,5,2.356194
79,16,2.356194
79,22,0.785398
79,28,1.892547
79,39,0.000000
79,62,2.819842
79,69,-1.249046
79,70,3.141593
80,15,-0.785398
80,24,2.356194
80,25,-0.785398
80,26,-1.892547
80,29,2.819842
80,42,-1.249046
80,43,-2.356194
80,71,0.000000
80,72,1.892547
80,85,-1.249046
80,86,-2.356194
81,10,0.785398
81,11,2.356194
81,19,0.000000
81,21,-0.785398
81,29,-2.356194
81,34,0.000000
81,36,3.141593
81,53,2.356194
81,72,-1.249046
81,73,3.141593
81,76,2.356194
81,88,0.000000
81,91,2.819842
82,11,-1.570796
82,29,2.356194
82,52,-1.570796
82,55,0.785398
82,56,1.892547
82,62,-1.249046
82,63,3.141593
82,75,-0.785398
82,76,-2.356194
83,5,-2.356194
83,25,2.356194
83,28,-0.785398
83,39,0.000000
83,42,3.141593
83,47,0.000000
83,48,0.785398
83,49,1.892547
83,51,1.570796
83,56,-1.249046
83,57,3.141593
83,89,-0.321751
83,91,-2.819842
84,5,0.785398
84,13,-2.356194
84,15,0.785398
84,16,1.892547
84,18,1.249046
84,19,2.356194
84,21,-0.785398
84,49,-1.249046
84,51,-2.356194
84,66,0.000000
84,67,1.892547
84,71,0.000000
85,5,0.000000
85,10,-0.785398
85,11,-1.892547
85,16,-1.249046
85,18,-1.892547
85,23,0.000000
85,36,0.000000
85,52,0.000000
85,53,1.892547
85,61,0.000000
85,62,1.570796
85,63,2.356194
85,67,-1.249046
85,68,3.141593
85,79,0.000000
86,5,-0.785398
86,29,2.356194
86,38,-2.356194
86,53,-1.249046
86,54,-2.356194
86,55,3.141593
86,64,2.356194
86,69,0.000000
86,70,1.892547
86,74,0.000000
86,86,1.570796
87,28,-0.785398
87,58,0.000000
87,63,-0.785398
87,70,-1.249046
87,71,3.141593
87,75,-1.570796
87,87,-2.356194
87,90,2.356194
88,18,3.141593
88,20,0.000000
88,42,0.000000
88,43,0.785398
88,44,1.892547
88,60,0.000000
88,61,1.892547
88,72,1.570796
88,82,3.141593
88,90,3.141593
89,44,-1.249046
89,45,3.141593
89,51,0.000000
89,61,-1.249046
89,62,3.141593
89,72,-0.321751
89,73,2.819842
89,90,-2.356194
90,4,0.321751
90,10,1.570796
90,25,1.570796
90,48,3.141593
90,55,3.141593
90,63,-2.356194
90,73,-2.356194
90,76,0.321751
91,9,-0.785398
91,21,1.570796
91,57,0.785398
91,73,0.000000
92,4,0.000000
92,6,-1.892547
92,16,0.000000
92,17,3.141593
92,35,0.000000
92,38,3.141593
92,44,1.570796
92,52,1.570796
92,59,3.141593
92,72,3.141593
92,74,0.000000
92,76,-2.819842
92,79,0.785398
93,4,-0.785398
93,12,2.356194
93,28,0.000000
93,30,3.141593
93,40,0.785398
93,66,0.785398
93,81,2.356194
93,88,0.000000
93,89,2.356194
94,9,1.249046
94,10,2.356194
94,19,1.249046
94,21,-1.570796
94,22,-2.356194
94,33,1.570796
94,41,0.000000
94,53,-2.356194
94,61,0.000000
94,67,0.000000
94,68,1.892547
94,73,1.892547
94,77,0.785398
94,89,-2.356194
95,5,3.141593
95,8,0.000000
95,9,-1.892547
95,16,1.249046
95,17,2.356194
95,18,-0.785398
95,19,-1.892547
95,33,-1.570796
95,46,-2.356194
95,63,-2.356194
95,68,-1.249046
95,69,3.141593
95,82,0.785398
96,2,0.321751
96,14,0.000000
96,15,-0.785398
96,16,-1.892547
96,38,0.000000
96,41,-0.785398
96,56,1.570796
96,78,-0.785398
96,85,1.892547
96,89,2.356194
97,2,-0.785398
97,23,1.249046
97,24,2.356194
97,50,0.785398
97,88,-0.785398
98,2,-1.570796
98,18,0.000000
98,22,-0.785398
98,23,-1.892547
98,34,3.141593
98,52,3.141593
98,57,-2.356194
98,61,0.000000
98,62,3.141593
98,66,0.000000
98,68,3.141593
98,72,-2.356194
98,74,-1.570796
98,84,-0.785398
98,85,-1.892547
