5,39,1.249046
5,40,3.141593
5,48,0.785398
5,49,2.356194
6,48,-1.570796
6,54,0.785398
6,55,2.356194
6,56,0.785398
6,57,2.356194
7,36,3.141593
7,39,-1.570796
7,54,-0.785398
7,57,-1.570796
9,19,0.785398
9,20,2.356194
9,32,1.570796
9,40,0.785398
9,46,0.321751
9,48,2.819842
9,55,2.819842
10,15,1.249046
10,16,2.356194
10,20,-1.570796
10,40,0.000000
10,78,2.356194
10,81,0.785398
11,37,-2.819842
11,48,-1.570796
11,49,-2.356194
11,50,-0.785398
11,51,-1.570796
11,53,-1.570796
11,85,1.249046
11,87,1.892547
12,13,0.321751
12,29,1.249046
12,45,-1.892547
12,70,0.785398
12,71,1.892547
12,82,0.000000
12,88,2.819842
13,13,-0.785398
13,28,0.321751
13,39,-1.892547
13,52,1.570796
13,73,2.356194
13,74,-0.785398
13,75,-1.892547
14,28,-0.785398
14,35,1.249046
14,44,2.819842
14,52,2.356194
14,88,-2.819842
15,44,-2.356194
15,49,1.249046
15,50,2.356194
15,51,-0.785398
15,62,0.000000
15,63,0.785398
16,26,0.000000
16,27,1.570796
16,57,0.000000
16,64,-1.570796
16,72,3.141593
17,35,-1.892547
17,42,1.570796
17,44,-1.570796
17,45,3.141593
17,61,0.785398
17,62,1.892547
17,67,-1.570796
17,68,-2.356194
18,12,0.321751
18,14,-2.356194
18,49,3.141593
18,70,1.249046
19,12,-0.785398
19,22,0.000000
19,37,0.000000
19,45,0.321751
19,60,0.000000
19,61,-0.785398
19,62,-1.892547
19,84,-2.356194
20,23,-1.570796
20,26,0.785398
20,45,-0.785398
20,47,-1.249046
20,49,-1.570796
20,50,-2.356194
20,67,0.000000
20,83,-0.785398
21,21,2.356194
21,24,0.000000
21,38,-1.892547
21,45,2.356194
21,63,0.321751
22,23,3.141593
22,40,1.249046
22,41,2.356194
22,45,3.141593
22,63,-0.785398
22,85,1.570796
23,13,3.141593
23,20,-0.321751
23,25,0.785398
23,38,2.356194
23,45,-2.356194
23,85,-0.785398
24,35,1.249046
24,54,2.356194
24,90,2.819842
25,9,0.321751
25,17,0.785398
25,18,1.570796
25,22,-2.356194
25,29,0.000000
25,30,-2.356194
25,43,1.892547
25,54,-2.819842
25,67,-0.785398
25,69,2.819842
26,9,-0.785398
26,28,3.141593
26,46,-2.356194
26,69,-2.356194
26,83,0.785398
26,89,-0.785398
26,90,-2.356194
27,37,-1.892547
27,41,-0.785398
27,51,-0.785398
27,87,-1.570796
28,88,2.356194
28,91,2.356194
29,37,1.249046
29,39,2.356194
29,42,0.000000
29,43,-0.785398
29,86,0.000000
29,91,-2.819842
30,17,3.141593
30,20,0.000000
30,26,3.141593
30,39,-2.356194
31,9,2.356194
31,17,-1.570796
31,34,1.570796
31,39,2.356194
31,60,0.785398
31,84,1.249046
32,8,0.321751
32,18,-2.356194
32,22,-1.570796
32,26,-2.356194
32,61,3.141593
32,81,1.249046
33,8,-0.785398
33,17,3.141593
33,20,1.249046
33,21,3.141593
33,31,-1.892547
33,36,-0.785398
33,37,-1.892547
33,70,-0.785398
33,71,-1.570796
33,72,3.141593
33,90,2.356194
34,23,0.321751
34,24,-2.819842
34,40,3.141593
34,76,1.249046
34,77,3.141593
34,90,3.141593
35,14,0.785398
35,17,-2.356194
35,18,-0.785398
35,19,-1.892547
35,26,1.249046
35,37,0.000000
35,90,-2.356194
36,25,-0.785398
36,30,2.356194
36,35,3.141593
36,76,-2.356194
37,20,1.570796
37,29,-1.892547
37,33,-1.570796
37,40,3.141593
37,83,1.570796
38,17,0.785398
38,18,2.356194
38,36,0.000000
38,83,-0.785398
38,84,3.141593
38,88,1.570796
39,17,-0.785398
39,22,3.141593
39,34,2.356194
39,39,0.000000
39,40,3.141593
39,85,1.570796
39,88,-0.321751
40,28,1.570796
40,33,-0.785398
40,82,0.785398
40,85,-0.785398
40,86,3.141593
40,90,-2.356194
41,16,0.000000
41,20,-1.892547
41,22,0.785398
41,23,3.141593
41,28,3.141593
41,36,0.785398
41,37,1.892547
41,39,1.249046
41,40,2.356194
41,42,0.785398
41,87,0.000000
41,88,2.356194
42,14,2.356194
42,33,1.249046
42,43,-2.356194
42,80,0.785398
42,88,-1.570796
43,17,0.321751
43,18,-2.819842
43,24,0.000000
43,25,-1.892547
43,28,-0.785398
43,29,3.141593
43,32,0.000000
43,43,2.356194
43,80,-0.785398
43,86,2.819842
44,7,0.321751
44,9,-2.356194
44,20,1.570796
44,41,0.785398
44,43,-2.819842
44,80,0.785398
44,90,1.570796
45,7,-0.785398
45,17,-2.356194
45,20,-2.819842
45,80,0.000000
45,90,-0.321751
45,91,2.819842
46,22,-0.785398
46,23,3.141593
46,28,0.321751
46,33,-1.892547
46,36,0.321751
46,43,2.819842
46,80,-0.785398
46,91,-2.356194
47,15,-1.570796
47,24,-2.356194
47,28,-0.785398
47,36,-1.570796
47,91,-1.570796
48,23,1.570796
48,34,0.785398
48,35,2.356194
48,38,0.321751
48,45,2.356194
48,83,-0.321751
48,87,-2.356194
49,21,0.785398
49,23,-2.356194
49,25,2.356194
49,35,-2.356194
49,46,0.000000
49,77,0.000000
49,78,3.141593
50,18,0.000000
50,24,0.000000
50,35,0.785398
50,39,-2.356194
50,44,-2.819842
50,82,1.570796
50,85,-1.570796
51,20,0.321751
51,21,-2.819842
51,26,1.570796
51,35,0.000000
51,37,-1.892547
51,49,3.141593
51,59,0.000000
51,82,-0.321751
51,90,0.785398
52,12,-0.321751
52,20,-1.570796
52,35,-0.785398
52,45,2.356194
52,80,0.785398
52,84,2.819842
52,87,1.570796
53,19,1.570796
53,32,2.356194
53,51,3.141593
53,87,-0.321751
53,88,2.819842
54,8,1.570796
54,19,-2.819842
54,30,0.000000
54,37,1.249046
54,39,-2.356194
54,47,-1.892547
54,78,0.000000
54,82,1.570796
54,91,-1.570796
55,8,0.000000
55,26,-0.785398
55,36,0.321751
55,65,0.321751
55,67,-2.356194
55,68,0.785398
55,69,1.570796
55,70,2.356194
55,73,0.785398
55,82,-0.321751
55,86,2.819842
55,88,-0.321751
55,89,2.819842
56,8,-1.570796
56,36,-1.570796
56,40,-1.570796
56,43,0.785398
56,50,3.141593
56,62,0.785398
56,63,1.892547
56,76,3.141593
56,80,2.819842
56,89,-1.570796
57,16,-1.570796
57,19,1.570796
57,22,-0.785398
57,39,3.141593
57,42,0.785398
57,60,0.000000
57,61,0.000000
57,65,3.141593
57,74,-0.785398
57,77,0.000000
57,87,2.819842
58,18,0.000000
58,30,-0.785398
58,41,1.570796
58,43,-0.785398
58,62,-0.785398
58,63,-1.892547
58,65,-2.356194
58,74,0.785398
58,78,-1.249046
58,82,1.570796
58,87,-2.356194
59,14,-1.892547
59,26,2.356194
59,37,0.000000
59,38,-2.356194
59,41,-2.819842
59,45,1.570796
59,48,3.141593
59,74,0.000000
59,82,3.141593
59,85,-2.356194
59,87,0.785398
59,90,-1.570796
60,22,1.570796
60,25,1.570796
60,46,-2.356194
60,65,0.785398
60,70,-2.356194
60,74,-0.785398
60,80,-0.785398
61,15,1.570796
61,18,1.570796
61,25,-2.819842
61,28,0.785398
61,39,-1.570796
61,49,0.000000
61,52,3.141593
61,65,-0.785398
61,66,3.141593
61,80,0.785398
61,83,2.819842
61,86,0.000000
61,89,2.819842
62,13,1.249046
62,29,0.000000
62,35,-0.785398
62,47,1.570796
62,67,2.356194
62,80,-0.321751
62,83,-1.570796
63,7,0.785398
63,11,1.249046
63,17,1.570796
63,26,2.356194
63,41,2.356194
63,47,-1.570796
63,65,0.000000
63,66,2.356194
63,68,0.000000
63,81,-1.570796
63,89,-0.321751
63,90,2.819842
64,7,0.000000
64,16,0.321751
64,17,-2.819842
64,19,0.321751
64,20,-2.819842
64,23,-1.570796
64,25,0.785398
64,28,-0.785398
64,31,1.570796
64,34,2.356194
64,40,1.570796
64,45,3.141593
64,66,-2.356194
64,69,-1.570796
64,72,0.000000
64,76,-2.356194
64,79,-2.356194
64,84,0.785398
64,87,2.356194
64,90,-2.356194
65,7,-0.785398
65,11,-1.249046
65,16,-1.570796
65,25,-0.785398
65,26,3.141593
65,31,0.000000
65,33,1.570796
65,40,-2.819842
65,43,-0.785398
65,49,0.000000
65,50,3.141593
65,66,-1.570796
65,70,0.000000
65,71,2.356194
65,76,-1.570796
65,85,-2.356194
65,86,-0.785398
65,87,-2.356194
65,90,-1.570796
66,18,0.321751
66,19,-2.819842
66,21,1.570796
66,33,-2.819842
66,38,0.321751
66,47,2.356194
66,71,-1.570796
67,7,0.785398
67,16,3.141593
67,18,-1.570796
67,38,-1.570796
67,46,-0.785398
67,72,-2.356194
67,91,1.570796
68,7,0.000000
68,13,-0.785398
68,14,-1.892547
68,31,0.321751
68,32,-2.819842
68,37,-0.785398
68,75,-1.570796
68,83,-1.570796
68,86,1.570796
68,91,-1.570796
69,7,-0.785398
69,19,1.570796
69,22,0.785398
69,25,1.570796
69,31,-0.785398
69,34,-1.570796
69,43,1.570796
69,70,0.785398
69,73,0.785398
70,7,0.785398
70,18,0.321751
70,22,-0.785398
70,25,-2.819842
70,39,1.570796
70,71,-2.356194
70,74,-2.356194
70,87,2.356194
70,89,0.785398
71,7,0.000000
71,12,0.785398
71,13,1.570796
71,14,2.356194
71,15,3.141593
71,18,-1.570796
71,27,2.356194
71,30,-0.785398
71,47,3.141593
71,64,1.570796
71,82,1.570796
71,89,-0.321751
71,90,2.819842
72,7,-0.785398
72,26,0.321751
72,27,-2.819842
72,32,1.570796
72,35,1.570796
72,39,-1.570796
72,64,-1.570796
72,85,-0.785398
73,19,2.356194
73,23,1.570796
73,26,-1.570796
73,29,2.356194
73,32,2.356194
73,37,1.570796
73,45,-1.570796
73,90,-0.321751
73,91,2.819842
74,15,0.000000
74,21,0.785398
74,23,-2.819842
74,28,-0.785398
74,31,0.321751
74,32,-2.819842
74,40,-0.785398
74,80,1.570796
74,85,0.785398
74,88,1.570796
74,91,-2.356194
75,15,2.356194
75,20,-0.785398
75,25,-1.570796
75,31,-1.570796
75,46,0.000000
75,47,3.141593
75,53,0.000000
75,54,3.141593
75,62,0.785398
75,80,-1.570796
75,85,-0.321751
75,86,2.819842
75,88,0.785398
76,7,0.785398
76,22,-1.570796
76,33,-0.785398
76,36,-1.570796
76,39,2.356194
76,50,0.000000
76,51,3.141593
76,83,-1.570796
76,86,-2.356194
76,88,-0.321751
76,91,2.356194
77,7,0.000000
77,13,-0.785398
77,14,-1.892547
77,16,0.000000
77,19,1.570796
77,24,1.570796
77,27,2.356194
77,30,-1.570796
77,63,-1.570796
77,78,1.570796
77,81,1.570796
77,86,0.785398
77,91,-2.819842
78,7,-0.785398
78,16,2.356194
78,19,2.356194
78,21,1.570796
78,35,1.570796
78,38,-1.570796
78,78,-1.570796
78,84,1.570796
78,86,-0.321751
78,87,2.819842
79,15,0.321751
79,16,-2.819842
79,18,0.321751
79,19,-2.819842
79,21,-1.570796
79,26,-1.570796
79,61,1.570796
79,87,-2.356194
80,18,-1.570796
80,23,-1.570796
80,34,-0.785398
80,55,0.785398
80,58,0.785398
80,61,-1.570796
81,14,0.000000
81,15,-2.356194
81,17,1.570796
81,56,-2.356194
81,59,-2.356194
82,13,1.570796
82,17,-2.819842
82,82,-1.570796
82,85,-1.570796
82,88,1.570796
82,90,2.356194
83,13,-2.819842
83,16,-0.785398
83,19,2.356194
83,22,2.356194
83,24,1.570796
83,27,1.570796
83,30,1.570796
83,33,1.570796
83,57,0.785398
83,88,-0.321751
83,90,-2.819842
84,16,0.785398
84,18,1.570796
84,33,-1.570796
84,42,3.141593
84,77,1.570796
84,83,1.570796
84,86,1.570796
85,18,-2.819842
85,24,0.785398
85,29,1.570796
85,58,-1.570796
85,77,-1.570796
85,83,-1.570796
85,86,0.785398
85,89,3.141593
86,7,0.785398
86,21,2.356194
86,24,0.000000
86,29,3.141593
86,36,2.356194
86,39,-1.570796
86,86,-0.321751
87,7,-0.321751
87,19,0.785398
87,29,-2.356194
87,41,1.570796
87,75,1.570796
87,78,1.570796
87,84,1.570796
87,87,-1.249046
87,89,3.141593
88,10,-2.356194
88,15,-1.570796
88,22,-2.356194
88,23,-0.785398
88,24,-1.570796
88,26,3.141593
88,35,-1.570796
88,75,-1.570796
88,78,-1.570796
88,89,-2.356194
89,8,-0.785398
89,16,0.785398
89,17,2.356194
89,19,0.000000
89,20,-1.892547
89,26,-2.356194
89,44,1.570796
89,47,1.570796
89,72,1.570796
89,84,0.785398
89,89,0.785398
90,16,-0.785398
90,41,-1.570796
90,69,1.570796
90,85,2.819842
90,89,0.000000
91,26,-1.570796
91,38,1.570796
91,50,1.570796
91,62,1.570796
91,69,-1.570796
91,73,-2.356194
91,76,1.570796
91,79,1.570796
91,83,0.785398
92,17,-0.785398
92,23,1.570796
92,28,-0.785398
92,35,1.570796
92,38,-1.570796
92,50,-1.570796
92,56,0.785398
92,62,-1.570796
92,76,-1.570796
92,85,-1.570796
92,87,1.570796
93,17,0.785398
93,35,-1.570796
93,47,-1.570796
94,25,1.570796
94,44,-1.570796
94,57,-1.570796
94,71,1.570796
94,77,1.570796
95,16,-0.785398
95,23,-1.570796
95,54,1.570796
95,60,1.570796
95,71,-1.570796
95,75,1.570796
96,27,1.570796
96,51,1.570796
96,60,-1.570796
96,64,1.570796
96,75,0.785398
96,83,2.356194
96,84,-0.785398
96,85,-1.892547
97,20,-1.570796
97,21,3.141593
97,35,1.570796
97,57,0.785398
97,77,-1.570796
97,79,1.892547
98,22,-2.356194
98,25,-1.570796
98,27,-1.570796
98,35,-1.570796
98,51,-1.570796
98,54,-1.570796
98,58,-2.356194
98,64,-1.570796
98,79,-1.249046
98,81,-1.892547
