17,32,1.249046
17,33,2.356194
17,34,0.785398
17,35,1.570796
17,36,2.356194
17,41,0.785398
17,42,1.570796
17,43,2.356194
17,56,0.785398
17,57,1.570796
17,58,2.356194
18,17,1.249046
18,18,2.356194
18,28,0.785398
18,29,1.570796
18,30,2.356194
19,32,-2.356194
21,14,0.321751
22,14,-0.785398
24,14,2.356194
26,12,0.321751
27,12,-1.570796
28,77,3.141593
29,42,2.356194
30,42,-2.819842
30,55,0.321751
30,57,2.819842
31,44,1.249046
31,72,0.321751
32,55,-0.321751
32,57,-2.819842
32,72,-1.570796
33,35,0.785398
33,71,1.570796
34,47,-2.356194
34,49,0.785398
34,50,1.570796
34,51,2.356194
34,52,0.785398
34,53,1.892547
34,67,1.892547
34,69,1.249046
34,71,3.141593
35,24,1.570796
35,29,2.356194
35,33,0.785398
35,41,-1.892547
35,83,0.785398
36,10,2.356194
36,24,0.000000
36,39,-1.892547
36,44,0.321751
36,46,2.819842
36,61,1.570796
36,62,2.356194
36,63,0.785398
36,69,-1.249046
36,83,0.000000
37,24,-0.785398
37,31,2.356194
37,32,-0.785398
37,33,-2.356194
37,44,-0.785398
37,46,-2.356194
37,50,0.000000
37,53,-0.321751
37,83,-1.570796
38,28,0.321751
38,34,0.785398
38,36,-1.892547
38,49,0.785398
38,51,2.356194
38,57,0.321751
38,61,3.141593
38,71,-0.321751
39,7,0.321751
39,24,0.785398
39,30,-1.570796
39,34,-1.570796
39,49,-0.785398
39,51,3.141593
39,57,-0.785398
39,67,2.819842
40,7,-0.785398
40,27,-0.785398
40,31,0.785398
40,33,2.356194
40,38,2.356194
40,51,-2.356194
40,60,-2.356194
40,62,0.785398
40,83,2.819842
41,14,0.785398
41,15,2.356194
41,22,1.249046
41,40,1.570796
41,62,-0.785398
41,69,1.249046
41,76,-2.356194
42,14,-0.785398
42,16,0.000000
42,17,1.570796
42,18,2.356194
42,33,-2.356194
42,37,0.785398
42,40,2.356194
42,48,-1.570796
42,79,-0.785398
42,81,-1.249046
43,24,-2.819842
43,27,1.249046
43,28,2.356194
43,29,0.785398
43,34,0.000000
43,35,1.892547
43,39,-0.785398
43,45,-0.785398
43,54,-1.570796
43,62,-1.570796
43,65,-1.570796
43,79,2.356194
43,88,2.356194
44,6,0.785398
44,17,-0.321751
44,22,-0.785398
44,23,-1.892547
44,26,0.000000
44,27,-1.892547
44,43,-1.570796
44,50,-0.785398
44,57,-1.570796
44,64,-0.785398
44,68,-0.785398
44,74,-2.356194
44,75,-0.785398
44,76,-1.570796
44,77,-2.356194
44,79,3.141593
45,6,-0.785398
45,7,3.141593
45,31,3.141593
45,35,-1.570796
45,37,-2.356194
45,48,3.141593
45,79,-1.570796
45,82,1.249046
45,83,2.356194
45,86,-0.785398
45,87,-1.892547
46,16,2.356194
46,32,0.785398
46,34,2.356194
46,37,2.356194
46,42,1.570796
46,80,0.785398
46,82,-1.892547
47,14,0.321751
47,23,1.570796
47,26,1.249046
47,32,-0.785398
47,34,-1.570796
47,37,-2.819842
47,45,0.321751
47,47,2.819842
47,52,1.570796
47,62,2.356194
47,63,0.785398
47,70,0.000000
47,75,1.892547
47,80,-1.570796
48,14,-1.570796
48,22,0.000000
48,23,-2.356194
48,29,3.141593
48,42,2.356194
48,45,-0.785398
48,47,-2.356194
48,52,2.356194
48,61,-0.785398
48,64,-2.356194
48,67,1.570796
48,70,-0.785398
48,77,2.356194
48,78,0.785398
48,79,2.356194
48,89,2.356194
49,11,0.000000
49,17,1.249046
49,18,2.356194
49,20,1.249046
49,21,3.141593
49,29,-2.356194
49,37,2.819842
49,52,3.141593
49,57,1.570796
49,59,1.570796
49,70,-1.570796
49,73,0.785398
49,79,-2.356194
49,87,2.356194
49,89,3.141593
50,16,0.000000
50,17,-1.892547
50,24,0.000000
50,32,-1.570796
50,35,-0.785398
50,37,-2.356194
50,40,-0.785398
50,50,-0.785398
50,52,-2.356194
50,59,-1.570796
50,61,-1.570796
50,73,0.000000
50,77,2.819842
50,86,-1.570796
50,89,-2.356194
51,15,3.141593
51,27,2.819842
51,47,-1.570796
51,50,-1.570796
51,52,-1.570796
51,55,1.570796
51,64,-1.570796
51,77,-2.356194
51,81,1.249046
51,82,2.356194
51,85,1.570796
52,5,0.785398
52,10,1.249046
52,11,3.141593
52,19,-2.819842
52,37,-1.570796
52,42,1.570796
52,45,-1.570796
52,55,-1.570796
52,57,-1.570796
52,67,-1.570796
52,72,-0.785398
52,87,1.249046
53,13,-0.785398
53,17,0.000000
53,18,-1.892547
53,21,1.249046
53,27,3.141593
53,35,2.356194
53,40,-1.570796
53,42,-1.570796
54,4,0.321751
54,10,-1.570796
54,13,2.356194
54,16,1.570796
54,20,0.321751
54,27,-2.356194
54,35,3.141593
55,4,-1.570796
55,16,-2.819842
55,22,0.000000
55,30,0.785398
55,32,0.785398
55,33,2.356194
55,35,-2.356194
55,65,1.570796
55,85,-2.356194
55,88,-1.570796
55,91,2.356194
56,7,1.570796
56,15,-1.892547
56,19,0.000000
56,20,-2.356194
56,30,-0.321751
56,33,-2.356194
56,38,1.570796
56,43,1.570796
56,45,1.570796
56,84,0.785398
56,91,-2.819842
57,7,-0.321751
57,17,1.249046
57,18,3.141593
57,31,-2.356194
57,33,-1.570796
57,38,-1.570796
57,57,1.570796
57,65,0.785398
57,84,-0.321751
57,86,2.356194
58,43,2.356194
58,49,1.570796
58,57,-1.570796
58,66,-2.356194
58,73,1.570796
58,77,-2.356194
58,78,3.141593
58,87,0.785398
58,89,-1.892547
59,7,0.321751
59,12,-1.892547
59,19,1.249046
59,26,1.570796
59,36,-1.570796
59,41,0.000000
59,42,-0.785398
59,46,-1.570796
59,49,-1.570796
59,68,-1.570796
59,81,0.000000
60,3,0.785398
60,23,2.819842
60,26,0.000000
60,29,3.141593
60,85,-1.249046
60,87,-1.570796
60,89,1.892547
60,91,2.356194
61,3,0.000000
61,5,0.785398
61,13,1.570796
61,15,-1.570796
61,21,-0.785398
61,23,-1.570796
61,74,-1.570796
61,77,1.570796
61,81,0.785398
62,3,-0.785398
62,21,2.356194
62,24,0.785398
62,26,3.141593
62,47,1.570796
62,87,0.785398
63,8,-2.819842
63,15,0.321751
63,21,3.141593
63,24,-0.785398
63,29,1.570796
63,35,1.570796
63,42,1.570796
63,77,0.785398
64,7,-1.570796
64,18,2.356194
64,21,-2.356194
64,26,-0.321751
64,27,2.819842
64,32,0.785398
64,47,-1.570796
64,63,0.000000
64,64,3.141593
64,77,0.000000
64,81,3.141593
65,6,1.570796
65,10,0.000000
65,27,-2.356194
65,32,-0.321751
65,33,2.819842
65,35,-1.570796
65,77,-0.785398
65,84,0.000000
65,87,0.000000
66,9,1.570796
66,21,0.785398
66,30,-2.356194
66,33,-2.356194
66,55,1.570796
66,77,0.785398
66,90,3.141593
67,14,0.785398
67,17,2.819842
67,21,-0.321751
67,41,1.570796
67,77,-0.321751
67,79,2.356194
67,84,0.785398
67,85,1.892547
68,3,0.321751
68,7,-1.892547
68,11,-1.892547
68,17,-2.356194
68,28,2.819842
68,33,-1.570796
68,41,-1.570796
68,46,-1.570796
68,85,-1.249046
68,86,-2.356194
69,3,-0.785398
69,9,-0.785398
69,17,0.000000
69,28,-2.356194
69,59,0.785398
69,77,0.321751
69,79,3.141593
69,88,0.000000
70,3,0.785398
70,9,0.000000
70,16,3.141593
70,18,0.785398
70,19,2.356194
70,20,3.141593
70,22,-0.321751
70,23,2.819842
70,31,1.570796
70,34,1.570796
70,50,0.785398
70,77,-0.785398
70,82,3.141593
70,84,0.000000
71,3,0.000000
71,10,0.785398
71,12,-1.892547
71,18,-0.785398
71,23,-2.356194
71,26,-2.356194
71,34,-1.570796
71,51,1.570796
71,57,-1.570796
71,60,-1.570796
71,77,0.785398
71,87,0.785398
72,3,-0.785398
72,6,0.000000
72,7,2.356194
72,10,-0.785398
72,14,-0.785398
72,18,-1.570796
72,23,0.785398
72,29,0.785398
72,51,-0.321751
72,52,2.819842
72,71,0.785398
72,77,0.000000
72,81,3.141593
73,7,-2.356194
73,10,0.000000
73,14,0.000000
73,23,-0.321751
73,24,2.819842
73,30,2.819842
73,33,1.570796
73,36,0.785398
73,37,1.892547
73,40,0.785398
73,41,1.570796
73,42,2.356194
73,43,3.141593
73,46,0.785398
73,52,-2.356194
73,58,0.785398
73,65,0.785398
73,77,-1.570796
73,83,0.000000
74,3,0.785398
74,11,0.785398
74,12,2.356194
74,13,0.000000
74,15,2.356194
74,24,-2.356194
74,30,-2.356194
74,34,-2.356194
74,50,1.570796
74,56,1.570796
74,59,-2.356194
74,62,0.785398
74,66,-2.356194
74,73,1.570796
74,76,1.570796
75,3,0.000000
75,11,-0.785398
75,19,-1.570796
75,47,0.785398
75,76,-2.819842
76,3,-0.785398
76,11,0.000000
76,17,1.249046
76,18,3.141593
76,24,2.356194
76,29,-0.785398
76,30,-1.570796
76,37,-0.321751
76,38,2.819842
76,47,-0.321751
76,50,0.000000
76,67,0.785398
76,84,0.000000
76,87,-0.785398
76,88,-2.356194
77,3,0.785398
77,10,3.141593
77,12,0.785398
77,14,-1.892547
77,20,1.570796
77,32,-1.570796
77,35,0.785398
77,38,-1.570796
77,41,-1.570796
77,58,-2.356194
77,65,-2.356194
77,72,0.785398
77,75,0.000000
77,89,-2.356194
77,91,1.570796
78,3,0.000000
78,12,-0.785398
78,19,0.321751
78,20,-2.819842
78,33,1.570796
78,36,-2.356194
78,46,1.570796
78,49,-2.356194
78,52,-2.356194
78,69,-2.356194
78,80,-2.356194
78,82,0.000000
78,83,3.141593
78,85,0.785398
78,91,-1.570796
79,16,-2.819842
79,19,-1.570796
79,28,1.570796
79,33,-0.321751
79,34,2.819842
79,46,0.785398
79,75,-2.356194
79,89,3.141593
80,3,-0.321751
80,8,-1.892547
80,14,0.321751
80,21,1.249046
80,23,-2.356194
80,31,0.785398
80,34,-1.570796
80,37,0.785398
80,53,0.785398
80,59,2.356194
81,12,3.141593
81,14,-1.570796
81,20,0.321751
81,24,2.356194
81,38,1.570796
81,41,1.570796
81,45,1.570796
81,51,1.892547
81,57,0.000000
81,58,2.356194
81,73,2.356194
82,3,0.321751
82,5,3.141593
82,10,-1.570796
82,13,-2.356194
82,20,-1.570796
82,26,2.356194
82,33,1.570796
82,35,0.000000
82,38,-0.321751
82,52,2.819842
82,54,0.785398
82,58,-1.570796
82,65,0.000000
82,72,0.321751
82,88,3.141593
83,3,-1.570796
83,6,0.000000
83,7,1.570796
83,8,2.356194
83,9,0.000000
83,12,1.570796
83,19,1.570796
83,29,2.356194
83,33,-0.321751
83,49,2.819842
83,52,-1.570796
83,56,3.141593
83,68,3.141593
83,72,-1.570796
83,77,3.141593
83,79,0.785398
83,90,0.000000
83,91,3.141593
84,10,0.000000
84,12,-2.819842
84,18,0.321751
84,34,-1.570796
84,43,-2.356194
84,49,-2.356194
84,63,0.000000
84,80,-2.356194
84,83,0.000000
85,6,0.321751
85,14,1.570796
85,24,0.321751
85,29,-1.249046
85,31,1.892547
85,35,-2.356194
85,41,-1.570796
85,47,-1.249046
85,48,-2.356194
85,54,-2.356194
85,88,0.785398
85,89,1.892547
86,10,-0.785398
86,17,0.000000
86,24,-1.570796
86,32,2.819842
86,42,0.000000
86,62,1.570796
86,70,-0.785398
86,71,-1.570796
86,72,-2.356194
86,74,3.141593
86,81,1.892547
86,90,2.819842
87,16,3.141593
87,23,1.570796
87,62,-0.321751
87,66,0.000000
87,79,-0.785398
87,81,-1.249046
87,82,-2.356194
88,8,-1.249046
88,9,3.141593
88,20,3.141593
88,23,-2.819842
88,26,1.570796
88,32,-0.785398
88,33,3.141593
88,40,1.249046
88,41,3.141593
88,53,1.570796
88,56,1.570796
88,60,1.570796
88,65,3.141593
88,86,0.785398
88,87,2.356194
88,89,-0.785398
89,12,2.356194
89,15,-0.785398
89,25,0.321751
89,26,-2.819842
89,30,2.356194
89,31,0.000000
89,50,0.785398
89,53,0.785398
89,56,-0.321751
89,78,-0.785398
89,79,-1.570796
89,80,-2.356194
89,81,0.785398
89,82,1.892547
90,4,-0.785398
90,25,-0.785398
90,35,1.570796
90,41,-2.356194
90,45,0.000000
90,51,1.570796
90,53,-0.785398
90,54,3.141593
90,57,-1.249046
90,58,3.141593
90,61,1.570796
90,66,-0.785398
90,67,-1.892547
90,82,-1.249046
90,83,-2.356194
91,4,0.785398
91,10,0.000000
91,16,-0.785398
91,17,-1.570796
91,19,1.570796
91,25,2.356194
91,29,-2.819842
91,35,-0.785398
91,37,1.570796
91,43,-2.356194
91,47,1.570796
91,51,-0.321751
91,61,0.000000
91,63,-0.785398
91,64,-1.892547
91,75,3.141593
91,77,0.000000
91,78,3.141593
91,86,-1.249046
91,87,3.141593
91,90,0.000000
91,91,3.141593
92,4,-0.321751
92,7,1.892547
92,9,1.570796
92,25,-2.356194
92,34,0.785398
92,45,0.785398
92,47,-0.785398
92,49,1.892547
92,71,0.000000
92,80,0.000000
92,81,3.141593
93,9,-2.819842
93,23,-1.570796
93,35,0.785398
93,36,3.141593
93,41,0.785398
93,46,0.000000
93,52,-0.785398
93,53,3.141593
93,60,-0.785398
93,83,0.000000
93,84,3.141593
94,18,0.321751
94,20,3.141593
94,22,1.570796
94,26,-0.785398
94,35,-0.785398
94,38,0.321751
94,42,-2.356194
94,50,-1.249046
94,51,-2.356194
94,65,3.141593
94,73,0.000000
94,86,1.570796
95,13,0.785398
95,22,-2.819842
95,26,2.356194
95,29,1.570796
95,32,-0.785398
95,35,2.356194
95,38,-1.570796
95,53,-0.785398
95,86,2.356194
96,16,1.570796
96,18,-2.356194
96,21,-1.570796
96,25,0.321751
96,29,-2.819842
96,34,0.321751
96,35,-2.819842
96,48,2.356194
96,56,3.141593
96,67,0.000000
96,72,3.141593
96,85,-0.785398
96,86,-2.356194
97,10,-1.570796
97,11,-2.356194
97,12,-0.785398
97,20,0.000000
97,25,-1.570796
97,27,-0.785398
97,28,-1.892547
97,34,-1.570796
97,50,1.570796
97,55,-1.570796
97,58,0.000000
97,64,2.356194
97,77,0.000000
98,14,-1.249046
98,33,-0.785398
98,36,-0.785398
98,40,-1.570796
98,44,-1.570796
98,46,-0.785398
98,50,-1.570796
98,54,-0.785398
98,62,0.000000
98,84,3.141593
