9,50,0.785398
9,51,1.892547
10,60,0.785398
10,61,1.570796
10,62,2.356194
10,63,0.785398
10,64,1.570796
10,65,2.356194
11,26,1.249046
11,27,3.141593
11,51,-0.785398
12,18,1.249046
12,19,2.356194
12,25,-0.785398
12,79,2.356194
14,13,3.141593
14,18,-1.570796
14,51,2.356194
15,12,-1.570796
15,51,3.141593
18,10,0.321751
18,12,3.141593
19,32,0.785398
19,61,2.356194
20,9,0.321751
20,10,-2.819842
20,35,1.892547
20,49,0.785398
20,50,1.892547
20,55,1.249046
20,56,2.356194
20,60,-0.785398
20,61,-2.356194
21,31,0.321751
21,63,-0.785398
21,64,-1.570796
21,66,1.892547
21,69,0.000000
21,70,-1.892547
21,83,2.356194
22,8,0.321751
22,9,-2.819842
22,31,-0.785398
22,35,-1.892547
22,49,-0.785398
22,50,-1.892547
22,68,2.356194
22,82,0.321751
23,8,-0.785398
23,56,-2.356194
23,68,-2.356194
23,82,-1.570796
24,24,0.321751
24,27,2.356194
24,31,-0.785398
24,32,-1.892547
24,52,0.785398
24,53,1.892547
24,64,0.785398
25,24,-0.785398
25,50,0.785398
25,54,3.141593
25,65,-1.249046
25,77,1.249046
25,79,1.892547
25,81,2.356194
26,26,-2.819842
26,51,-1.249046
26,68,-1.249046
26,69,-2.356194
27,21,1.570796
27,24,0.000000
27,25,-1.892547
27,31,1.249046
27,32,3.141593
27,54,-0.785398
27,55,-1.570796
27,56,-2.356194
27,71,0.000000
27,72,1.570796
27,73,2.356194
27,75,-0.785398
27,76,-1.892547
28,8,2.356194
28,29,1.249046
28,31,-1.892547
28,38,1.570796
28,79,-0.321751
28,83,-2.356194
29,27,1.249046
29,29,-1.892547
29,37,-0.785398
29,42,0.000000
29,46,3.141593
29,51,2.356194
29,70,0.785398
30,6,0.321751
30,9,0.785398
30,10,2.356194
30,19,0.000000
30,20,-1.892547
30,26,0.000000
30,27,-1.892547
30,33,1.249046
30,34,2.356194
30,50,-0.785398
30,56,2.356194
30,58,0.785398
30,59,1.892547
30,71,-1.249046
30,72,-2.356194
30,79,0.000000
30,80,-2.356194
30,88,2.356194
31,6,-0.785398
31,9,-0.785398
31,17,1.249046
31,18,3.141593
31,23,1.249046
31,24,2.356194
31,31,1.249046
31,33,-1.892547
31,45,0.000000
31,46,3.141593
31,51,1.570796
31,59,-1.249046
31,60,-2.356194
31,77,0.785398
31,82,3.141593
32,17,-1.892547
32,22,0.000000
32,23,-1.892547
32,30,-0.785398
32,31,-1.892547
32,38,0.000000
32,41,3.141593
32,78,-1.249046
32,79,-2.356194
32,80,-0.785398
32,86,-1.570796
33,14,-0.785398
33,15,-1.892547
33,28,-0.785398
33,36,3.141593
33,45,0.000000
33,48,3.141593
33,84,0.785398
34,20,3.141593
34,25,2.356194
34,31,1.249046
34,32,2.356194
34,53,-0.321751
34,85,-1.249046
34,86,-2.356194
34,87,-0.785398
34,90,-2.819842
35,19,-1.570796
35,47,0.000000
35,49,3.141593
35,54,-1.249046
35,55,3.141593
35,63,3.141593
35,77,0.785398
35,78,1.892547
36,16,1.249046
36,17,2.356194
36,21,0.000000
36,28,0.000000
36,29,-0.785398
36,30,-1.892547
36,60,1.570796
36,67,0.000000
36,68,0.785398
36,69,1.892547
36,78,-1.249046
36,79,-2.356194
36,88,0.321751
36,89,-2.819842
37,5,0.785398
37,13,0.785398
37,14,1.570796
37,16,-1.892547
37,26,3.141593
37,34,3.141593
37,40,0.000000
37,41,3.141593
37,48,0.000000
37,50,3.141593
37,69,-1.249046
37,70,-2.356194
37,88,-1.570796
38,5,-0.785398
38,6,3.141593
38,21,1.249046
38,22,2.356194
38,75,2.356194
38,86,0.000000
39,11,-0.785398
39,12,-1.570796
39,13,-2.356194
39,20,-0.785398
39,21,-1.892547
39,29,1.249046
39,30,3.141593
39,53,0.000000
39,54,3.141593
39,61,-1.249046
39,62,3.141593
39,65,2.356194
39,87,-1.249046
39,88,-2.356194
40,16,1.249046
40,17,2.356194
40,26,0.000000
40,28,-0.785398
40,29,-1.892547
40,34,1.570796
40,79,0.000000
40,81,3.141593
40,91,3.141593
41,15,0.000000
41,16,-1.892547
41,34,-1.570796
41,42,0.000000
41,43,3.141593
41,83,0.000000
41,85,0.785398
41,86,1.892547
42,20,2.356194
42,30,2.356194
42,71,0.000000
42,75,3.141593
42,86,-1.249046
42,88,1.892547
43,18,0.000000
43,37,3.141593
43,42,0.000000
43,44,3.141593
43,51,0.000000
43,52,3.141593
43,88,-1.249046
43,89,-2.356194
43,91,3.141593
44,4,0.785398
44,33,1.249046
44,34,3.141593
44,48,0.000000
44,49,3.141593
44,57,0.000000
44,58,3.141593
44,68,0.785398
44,78,0.000000
45,4,-0.785398
45,5,-2.356194
45,14,1.249046
45,15,2.356194
45,16,3.141593
45,32,-0.785398
45,33,-1.892547
45,38,3.141593
45,85,3.141593
46,12,1.249046
46,14,-1.892547
46,36,-0.785398
46,42,0.000000
46,43,3.141593
46,50,0.000000
46,51,3.141593
46,72,0.785398
46,73,1.570796
46,74,2.356194
46,87,0.000000
47,11,0.000000
47,12,-1.892547
47,17,0.785398
47,18,1.570796
47,19,2.356194
47,26,1.249046
47,27,2.356194
47,34,2.356194
47,76,0.785398
47,77,2.356194
47,89,0.785398
47,90,2.356194
47,91,3.141593
48,9,1.249046
48,10,3.141593
48,24,0.000000
48,25,-0.785398
48,26,-1.892547
48,32,1.249046
48,33,3.141593
48,45,3.141593
48,52,0.000000
48,53,3.141593
48,62,0.000000
48,64,3.141593
48,76,-1.570796
48,81,0.785398
48,82,1.892547
48,89,-0.785398
49,49,0.785398
49,58,0.000000
49,68,0.000000
49,71,3.141593
49,75,0.000000
49,82,-1.249046
49,83,-2.356194
50,7,-0.785398
50,8,-1.892547
50,14,0.000000
50,15,-1.892547
50,17,-1.249046
50,18,-2.356194
50,19,0.785398
50,20,1.892547
50,30,-0.785398
50,32,-1.249046
50,33,-2.356194
50,38,1.249046
50,39,2.356194
50,60,2.356194
50,63,0.000000
50,65,3.141593
50,91,-2.356194
51,26,3.141593
51,37,-0.785398
51,38,-1.892547
51,47,2.356194
51,48,0.785398
51,51,3.141593
51,59,-0.785398
51,60,-2.356194
51,70,0.000000
51,71,3.141593
52,3,-2.356194
52,10,3.141593
52,17,1.249046
52,18,2.356194
52,19,-0.785398
52,20,-1.892547
52,30,0.000000
52,33,3.141593
52,63,0.785398
52,64,1.892547
52,75,0.785398
53,41,0.000000
53,42,3.141593
53,47,-2.356194
53,71,0.785398
53,72,1.892547
53,75,-0.785398
53,82,2.356194
53,90,-2.356194
54,8,0.000000
54,15,0.000000
54,16,-1.892547
54,23,0.000000
54,24,0.000000
54,33,3.141593
54,35,0.000000
54,36,3.141593
54,56,2.356194
54,64,-0.785398
54,72,-1.249046
54,73,-2.356194
55,13,1.249046
55,14,3.141593
55,25,-2.356194
55,49,0.000000
55,52,3.141593
55,55,-0.785398
55,80,-0.785398
55,86,-1.570796
56,12,0.000000
56,13,-1.892547
56,18,1.249046
56,19,2.356194
56,20,3.141593
56,36,0.000000
56,43,3.141593
56,63,-0.785398
56,77,-1.570796
56,82,0.000000
57,3,0.000000
57,17,-0.785398
57,18,-1.892547
57,24,1.249046
57,25,2.356194
57,28,3.141593
57,87,3.141593
58,3,0.785398
58,22,1.249046
58,24,-1.892547
58,77,0.000000
58,78,3.141593
58,89,0.000000
58,90,3.141593
59,3,0.000000
59,7,1.249046
59,8,3.141593
59,21,0.000000
59,22,-1.892547
59,30,3.141593
59,80,0.000000
60,7,-1.892547
60,26,1.249046
60,27,2.356194
60,33,1.570796
61,3,0.000000
61,5,-1.892547
61,24,1.249046
61,26,-1.892547
61,75,0.000000
61,77,3.141593
62,3,-1.570796
62,16,1.249046
62,17,3.141593
62,23,0.000000
62,24,-1.892547
62,31,0.000000
62,32,-0.785398
62,34,2.819842
62,51,0.000000
62,52,3.141593
62,79,0.000000
62,80,3.141593
62,87,3.141593
63,14,1.249046
63,16,-1.892547
63,29,3.141593
63,69,0.000000
63,70,3.141593
63,89,1.570796
64,19,1.249046
64,20,3.141593
64,26,1.249046
64,27,3.141593
64,40,3.141593
64,73,0.000000
64,74,3.141593
65,12,0.000000
65,13,-1.892547
65,24,0.000000
65,25,-0.785398
65,26,-1.892547
65,32,1.249046
65,34,-1.892547
65,42,0.000000
65,43,3.141593
65,47,0.000000
65,48,3.141593
65,76,0.000000
65,91,3.141593
66,2,0.785398
66,31,-0.785398
66,32,-1.892547
66,57,0.000000
66,63,3.141593
66,85,0.785398
66,86,1.892547
67,2,-0.321751
67,4,2.356194
67,15,1.249046
67,17,-1.892547
67,38,1.249046
67,39,2.356194
67,41,3.141593
67,45,1.570796
67,52,0.000000
67,53,3.141593
67,69,0.000000
67,71,3.141593
67,86,-1.249046
67,88,1.892547
68,21,3.141593
68,26,1.249046
68,27,2.356194
68,37,-0.785398
68,38,-1.892547
68,73,0.000000
68,75,3.141593
68,81,0.000000
68,88,-1.249046
68,89,-2.356194
68,90,3.141593
69,7,1.249046
69,8,3.141593
69,24,1.249046
69,26,-1.892547
69,43,1.249046
69,45,-1.570796
69,46,-2.356194
69,47,3.141593
69,52,0.000000
69,53,3.141593
69,57,0.000000
69,58,3.141593
70,12,0.000000
70,13,-1.892547
70,30,1.249046
70,31,3.141593
70,39,1.249046
70,40,2.356194
70,42,-0.785398
70,43,-1.892547
70,49,0.000000
70,50,3.141593
70,67,0.000000
70,69,0.785398
70,70,1.892547
70,78,0.000000
71,3,0.785398
71,5,0.000000
71,6,-1.892547
71,16,1.249046
71,17,3.141593
71,28,1.249046
71,30,-1.892547
71,35,0.000000
71,38,-0.785398
71,39,-1.892547
71,59,2.356194
71,70,-1.249046
71,71,-2.356194
71,80,-2.356194
72,3,0.000000
72,15,0.321751
72,21,0.000000
72,22,-1.892547
72,26,1.249046
72,28,-1.892547
72,33,2.356194
72,46,0.000000
72,55,0.000000
72,62,0.000000
72,64,3.141593
73,3,-0.785398
73,15,-1.570796
73,19,1.249046
73,20,3.141593
73,25,0.000000
73,26,-1.892547
73,31,1.249046
73,32,3.141593
73,44,3.141593
73,52,3.141593
73,68,0.785398
73,81,0.000000
73,90,3.141593
74,8,1.570796
74,13,1.249046
74,14,3.141593
74,18,0.321751
74,24,3.141593
74,29,1.249046
74,31,-1.892547
74,69,0.000000
74,70,1.892547
74,83,0.000000
74,84,1.892547
75,7,0.000000
75,12,0.321751
75,18,-1.570796
75,23,-1.570796
75,28,0.000000
75,29,-1.892547
75,35,1.249046
75,36,3.141593
75,48,0.000000
75,58,0.785398
75,59,1.892547
75,70,-1.249046
75,72,1.892547
75,84,-1.249046
75,85,3.141593
76,3,0.785398
76,5,1.249046
76,6,3.141593
76,12,-1.570796
76,21,1.249046
76,22,3.141593
76,26,1.249046
76,27,3.141593
76,34,-0.785398
76,35,-1.892547
76,46,3.141593
76,59,-1.249046
76,60,-2.356194
76,72,-1.249046
76,73,3.141593
76,80,0.000000
76,81,1.892547
76,86,0.000000
76,87,1.892547
77,3,-0.321751
77,11,3.141593
77,39,0.000000
77,81,-1.249046
77,82,3.141593
77,87,-1.249046
77,89,1.892547
78,10,-1.570796
78,19,0.321751
78,23,1.249046
78,25,-1.892547
78,29,1.249046
78,30,3.141593
78,37,3.141593
78,90,2.819842
79,19,-1.570796
79,28,0.000000
79,29,-1.892547
79,41,1.249046
79,42,2.356194
79,50,3.141593
79,52,0.000000
79,60,1.570796
79,62,0.000000
79,64,0.785398
79,65,1.892547
79,78,0.000000
79,79,1.892547
79,84,0.000000
79,85,1.892547
79,90,-2.356194
80,4,0.785398
80,7,1.249046
80,8,3.141593
80,13,1.249046
80,14,3.141593
80,21,0.321751
80,26,1.249046
80,27,3.141593
80,40,-0.785398
80,41,-1.892547
80,57,-2.356194
80,65,-1.249046
80,67,1.892547
80,73,0.785398
80,74,1.892547
80,85,-1.249046
80,86,3.141593
81,4,0.000000
81,6,-0.785398
81,12,0.000000
81,13,-1.892547
81,21,-1.570796
81,60,-1.570796
81,67,-1.249046
81,69,1.892547
81,74,-1.249046
81,75,3.141593
81,80,-1.249046
81,81,3.141593
81,90,2.356194
82,4,-0.785398
82,20,-0.785398
82,29,1.249046
82,30,2.356194
82,62,0.785398
82,69,-1.249046
82,70,3.141593
82,76,0.000000
82,77,1.892547
82,82,0.000000
82,83,1.892547
82,90,3.141593
83,10,3.141593
83,23,0.321751
83,56,0.785398
83,57,1.892547
83,64,0.785398
83,65,1.892547
83,77,-1.249046
83,78,3.141593
83,90,-2.356194
84,4,0.785398
84,8,0.000000
84,9,-1.892547
84,23,-1.570796
84,33,-0.785398
84,57,-1.249046
84,58,-2.356194
84,59,0.785398
84,60,1.892547
84,65,-1.249046
84,67,1.892547
84,73,0.000000
84,74,1.892547
84,84,-1.249046
84,85,3.141593
85,4,-0.321751
85,6,2.356194
85,13,1.249046
85,14,3.141593
85,31,2.356194
85,51,0.785398
85,52,1.892547
85,60,-1.249046
85,61,-2.356194
85,62,3.141593
85,67,-1.249046
85,68,-2.356194
85,74,-1.249046
85,76,1.892547
85,86,0.000000
85,87,1.892547
85,90,2.356194
86,12,0.321751
86,18,0.785398
86,21,1.570796
86,25,0.000000
86,26,-1.892547
86,30,1.570796
86,44,0.000000
86,52,-1.249046
86,53,-2.356194
86,64,0.000000
86,82,0.000000
86,83,1.892547
87,12,-1.570796
87,19,0.000000
87,21,3.141593
87,29,0.000000
87,57,0.785398
87,58,1.892547
87,66,1.570796
87,77,-1.249046
87,79,1.892547
87,83,-1.249046
87,85,1.892547
88,27,1.249046
88,28,3.141593
88,58,-1.249046
88,59,-2.356194
88,60,3.141593
88,67,3.141593
88,74,0.000000
88,75,1.892547
88,79,-1.249046
88,80,3.141593
88,85,-1.249046
88,86,3.141593
88,88,2.356194
89,5,0.785398
89,10,0.000000
89,21,-0.785398
89,22,-2.356194
89,47,3.141593
89,68,0.000000
89,69,1.892547
89,81,0.000000
89,88,3.141593
90,5,0.000000
90,20,1.570796
90,25,0.000000
90,26,-1.892547
90,42,0.000000
90,64,0.785398
90,69,-1.249046
90,71,1.892547
90,88,-2.356194
91,5,-0.785398
91,12,0.785398
91,13,2.356194
91,20,-2.819842
91,24,0.000000
91,57,0.000000
91,58,3.141593
91,71,-1.249046
91,72,3.141593
91,76,-1.570796
91,78,1.570796
91,82,0.000000
92,12,-0.785398
92,22,1.570796
92,25,1.570796
92,27,1.570796
92,31,2.356194
92,65,-1.570796
92,74,0.785398
92,75,2.356194
92,79,-2.356194
93,12,0.785398
93,17,0.321751
93,21,0.321751
93,22,-2.819842
93,27,-2.356194
93,37,3.141593
93,47,-0.785398
93,53,0.000000
93,54,1.892547
93,60,0.000000
93,67,0.000000
93,68,0.785398
93,69,1.892547
93,75,-1.570796
93,81,-0.785398
93,87,1.570796
94,17,-1.570796
94,21,-1.570796
94,24,0.321751
94,28,0.785398
94,29,3.141593
94,44,3.141593
94,54,-1.249046
94,56,1.570796
94,57,2.356194
94,63,0.000000
94,64,1.892547
94,69,-1.249046
94,70,3.141593
94,85,-2.356194
95,15,2.356194
95,24,-1.570796
95,28,-1.570796
95,39,0.000000
95,52,3.141593
95,64,-1.249046
95,66,1.892547
95,77,1.570796
96,12,-1.249046
96,14,-1.892547
96,20,-1.570796
96,32,1.570796
96,45,1.249046
96,46,2.356194
96,47,3.141593
96,49,-0.785398
96,57,-0.785398
96,58,-1.570796
96,59,-2.356194
96,66,-1.249046
96,67,3.141593
96,72,0.000000
96,77,0.000000
96,81,-0.785398
96,82,-1.892547
97,30,0.000000
97,31,-0.785398
97,36,2.356194
97,44,0.000000
97,45,-1.892547
97,69,3.141593
97,73,-1.570796
97,77,-1.570796
98,22,-0.785398
98,25,-0.785398
98,35,-0.785398
98,40,0.000000
98,49,0.000000
98,57,3.141593
98,63,-2.356194
