4,37,0.785398
4,38,1.570796
4,39,2.356194
4,41,0.785398
4,42,1.570796
4,43,2.356194
4,46,0.785398
4,47,1.570796
4,48,2.356194
5,33,3.141593
5,55,2.356194
6,61,0.785398
6,62,1.892547
7,17,1.249046
7,18,2.356194
7,28,0.785398
7,34,2.356194
7,42,0.785398
7,46,2.356194
7,52,0.321751
7,66,0.785398
7,67,1.892547
8,13,1.249046
8,14,2.356194
8,16,-0.785398
8,39,1.570796
8,44,1.570796
8,52,-0.785398
9,28,0.321751
9,33,-2.356194
9,41,-0.785398
9,42,-1.892547
10,10,2.356194
10,11,-0.785398
10,52,-1.570796
10,65,0.321751
11,9,-1.570796
11,29,-2.356194
11,32,-1.249046
11,34,1.892547
11,58,0.321751
11,65,-0.785398
11,77,1.570796
12,39,-0.321751
12,45,1.570796
13,22,1.570796
13,40,-1.249046
13,45,0.000000
13,57,0.000000
14,16,1.570796
14,23,3.141593
14,31,0.000000
14,38,1.892547
14,42,-2.356194
14,45,-1.570796
14,47,-1.570796
14,56,-0.785398
15,7,0.321751
15,9,3.141593
15,16,0.000000
15,18,1.570796
15,19,2.356194
15,25,0.785398
15,26,1.570796
15,27,2.356194
15,34,0.785398
15,35,2.356194
15,42,-1.570796
15,44,0.785398
16,7,-0.785398
16,21,3.141593
16,35,-1.570796
16,39,-1.249046
16,40,3.141593
16,45,-2.356194
16,50,1.570796
16,53,0.785398
16,61,0.785398
16,62,1.892547
16,66,0.785398
16,68,1.570796
16,73,0.000000
16,74,-1.892547
17,16,-0.321751
17,25,0.321751
17,26,-2.819842
17,41,-2.356194
17,54,0.000000
17,62,-1.249046
17,63,3.141593
17,66,-1.570796
17,72,1.570796
18,7,2.356194
18,17,-1.570796
18,25,-0.785398
18,32,-2.356194
18,55,-1.570796
18,59,0.785398
18,64,0.000000
18,72,3.141593
19,6,0.321751
19,19,0.785398
19,20,1.892547
19,29,3.141593
19,42,0.785398
19,51,2.356194
19,66,2.819842
20,6,-0.785398
20,20,-1.249046
20,21,3.141593
20,43,-2.356194
20,47,-0.785398
20,50,-0.785398
20,57,0.000000
20,83,2.356194
21,15,0.000000
21,16,1.892547
21,29,1.570796
21,37,0.000000
21,63,0.000000
21,65,-0.785398
21,66,-1.570796
21,67,-2.356194
22,6,2.356194
22,16,-1.249046
22,17,-2.356194
22,18,0.785398
22,19,1.892547
22,29,-1.570796
22,34,0.000000
22,35,0.785398
22,36,2.356194
22,46,1.570796
22,55,1.570796
22,58,-0.321751
22,59,2.819842
23,5,0.321751
23,19,-1.249046
23,20,3.141593
23,27,3.141593
23,36,-1.570796
23,41,0.000000
23,42,1.892547
24,5,-0.785398
24,13,0.000000
24,14,1.892547
24,21,0.000000
24,22,1.892547
24,32,0.785398
24,37,-2.356194
24,47,0.000000
24,48,1.892547
24,60,3.141593
24,64,-2.356194
24,68,0.785398
24,84,2.356194
25,14,-1.249046
25,15,-2.356194
25,16,0.785398
25,17,1.892547
25,22,-1.249046
25,23,3.141593
25,40,1.570796
25,43,-1.249046
25,44,3.141593
25,49,2.819842
25,56,-2.356194
25,69,-0.785398
25,70,-1.570796
25,71,-2.356194
26,5,2.356194
26,17,-1.249046
26,18,3.141593
26,26,3.141593
26,31,0.785398
26,35,-2.356194
26,45,1.570796
26,49,-1.570796
26,73,0.785398
26,74,2.356194
26,75,0.785398
26,76,1.570796
26,78,-1.892547
27,4,0.321751
27,46,3.141593
27,58,0.000000
27,63,0.000000
27,64,1.892547
27,71,0.785398
27,73,-1.570796
28,4,-0.785398
28,34,0.785398
28,35,1.892547
28,42,-2.356194
28,64,-1.249046
28,65,3.141593
28,69,3.141593
28,75,0.321751
28,76,-2.819842
29,44,0.785398
29,61,1.570796
29,66,0.000000
29,72,-0.321751
29,75,-1.570796
30,25,0.785398
30,26,1.892547
30,36,-1.570796
30,41,-2.356194
30,54,-2.356194
30,62,-2.356194
31,4,0.785398
31,45,-1.570796
31,51,-2.356194
31,58,0.000000
31,68,-1.249046
31,69,3.141593
32,8,3.141593
32,30,-2.356194
32,38,-2.356194
32,43,0.785398
32,75,-1.249046
32,85,2.356194
33,3,0.321751
33,10,0.000000
33,11,3.141593
33,25,-0.785398
33,44,-2.356194
33,56,0.785398
33,61,-2.356194
33,79,0.785398
33,80,1.570796
33,81,2.356194
33,85,3.141593
34,3,-0.785398
34,20,-2.356194
34,77,-0.321751
34,85,-2.356194
35,10,3.141593
35,17,0.000000
35,23,0.785398
35,59,1.570796
35,74,1.570796
35,78,-1.249046
36,60,3.141593
36,75,3.141593
37,3,0.785398
37,20,-2.356194
37,25,-2.356194
37,30,0.785398
37,65,0.000000
38,3,0.000000
38,7,3.141593
38,22,0.785398
38,62,-2.356194
39,3,-0.785398
39,11,0.000000
39,12,3.141593
39,23,-2.356194
39,28,0.785398
39,32,-2.356194
39,64,0.785398
39,84,-0.785398
39,86,2.819842
40,18,0.000000
40,19,0.785398
40,20,1.892547
40,29,-2.356194
40,38,1.570796
40,86,-2.356194
41,2,0.321751
41,4,-2.356194
41,6,3.141593
41,10,0.000000
41,66,-2.356194
41,70,-2.356194
42,2,-0.785398
42,21,-1.249046
42,22,-2.356194
42,23,3.141593
42,39,0.000000
42,40,1.892547
43,2,0.785398
43,35,0.785398
43,42,0.785398
43,43,1.570796
43,44,2.356194
43,73,0.785398
44,3,-2.356194
44,7,3.141593
44,21,3.141593
44,40,-1.570796
44,78,1.570796
44,86,2.356194
45,16,0.000000
45,17,3.141593
45,38,0.000000
45,74,-1.570796
45,79,3.141593
46,39,-1.249046
46,40,3.141593
46,48,-2.356194
46,71,0.785398
46,84,-0.785398
46,85,-1.892547
47,14,0.000000
47,15,3.141593
47,45,-2.356194
47,76,0.000000
48,2,0.000000
48,6,3.141593
48,42,-2.356194
48,47,0.785398
48,64,1.570796
48,73,1.570796
49,11,0.000000
49,69,0.785398
49,74,3.141593
50,15,3.141593
50,36,0.785398
50,49,-2.356194
52,38,-2.356194
52,70,2.356194
52,87,2.356194
53,64,0.785398
53,70,-2.819842
53,77,0.000000
53,87,3.141593
54,65,-2.356194
54,66,0.785398
54,67,1.570796
54,73,1.249046
54,74,2.356194
54,78,-1.570796
54,87,-2.356194
55,69,-1.249046
55,70,-2.356194
55,71,0.785398
56,5,0.000000
56,6,3.141593
56,74,-2.356194
56,80,-2.356194
57,14,0.000000
57,72,-0.785398
58,16,-2.356194
59,48,1.570796
59,80,0.785398
60,87,0.000000
61,40,0.785398
61,82,0.785398
61,84,1.570796
61,85,2.356194
62,3,2.356194
62,41,-2.356194
62,79,0.785398
62,82,-0.785398
63,50,-2.356194
63,80,-2.356194
63,83,-0.785398
64,2,-1.570796
64,5,0.000000
64,9,3.141593
64,46,0.785398
64,73,0.000000
64,74,-1.570796
64,75,-2.356194
65,28,0.785398
65,72,0.000000
65,77,-2.356194
66,29,-2.356194
66,48,-2.356194
67,8,0.000000
67,12,3.141593
68,83,0.785398
68,88,2.356194
69,88,3.141593
70,5,0.000000
70,13,3.141593
70,72,-1.570796
70,88,-2.356194
72,82,0.785398
73,83,1.570796
73,88,2.356194
74,84,-2.356194
74,88,3.141593
75,88,-2.356194
76,4,2.356194
78,81,0.785398
79,2,-1.570796
80,26,1.570796
81,26,-1.570796
81,63,1.570796
81,88,2.356194
82,67,-1.570796
82,79,0.785398
82,86,0.785398
82,88,-2.819842
83,64,-2.356194
83,71,0.785398
83,72,2.356194
83,75,0.785398
83,80,1.570796
84,68,0.785398
84,80,-0.321751
84,81,2.819842
85,71,3.141593
85,76,-0.321751
85,77,2.819842
85,81,-1.570796
86,71,-2.356194
86,77,-1.570796
86,82,1.570796
86,87,2.356194
87,71,0.785398
87,83,-2.356194
87,87,3.141593
88,71,0.000000
88,75,3.141593
88,87,-2.356194
89,71,-0.785398
89,79,-1.570796
90,67,0.785398
90,71,2.356194
91,70,0.321751
91,71,-2.819842
91,80,0.785398
91,87,0.785398
92,70,-1.570796
92,87,0.000000
93,69,0.000000
94,61,1.570796
94,65,0.785398
94,69,-1.570796
94,83,1.570796
94,89,3.141593
95,19,3.141593
95,61,-1.570796
95,66,-2.356194
96,7,0.000000
96,9,3.141593
96,17,-0.785398
96,58,1.570796
97,58,-1.570796
97,79,0.000000
97,81,-0.785398
97,82,-1.892547
