8,49,0.785398
8,50,1.570796
8,51,2.356194
9,37,1.249046
9,38,3.141593
9,63,2.356194
9,66,0.785398
9,67,1.570796
9,68,2.356194
13,51,2.819842
13,58,0.321751
13,66,0.321751
13,68,2.819842
13,82,2.356194
14,38,1.249046
14,58,-1.570796
15,31,0.321751
15,36,2.356194
15,64,1.249046
16,38,-1.249046
17,30,0.321751
17,36,2.819842
17,56,0.321751
17,58,2.819842
17,62,-0.785398
17,78,0.321751
18,51,-1.570796
18,52,-2.356194
18,78,-1.570796
19,59,-2.356194
19,60,0.785398
19,72,1.892547
20,39,1.892547
20,41,1.249046
20,61,-1.249046
20,62,-2.356194
20,63,-0.785398
20,64,-1.892547
20,86,2.356194
21,19,1.249046
21,20,3.141593
21,27,-0.321751
21,46,-1.570796
21,51,1.570796
21,77,0.785398
22,43,-1.570796
22,44,3.141593
22,55,-1.570796
22,57,-2.356194
22,60,1.249046
22,61,2.356194
22,65,0.785398
23,53,-1.892547
23,79,-2.356194
23,83,0.321751
24,43,1.249046
24,45,-1.892547
24,61,-2.356194
24,62,0.785398
24,63,1.570796
24,83,-0.785398
25,22,1.249046
25,37,-1.892547
25,53,0.785398
25,54,1.570796
25,55,2.356194
25,58,0.785398
25,65,-1.249046
25,81,1.892547
25,83,2.356194
26,20,1.249046
26,39,1.249046
26,41,-1.892547
26,46,2.356194
26,59,-1.249046
26,60,-2.356194
26,67,-1.249046
26,68,-2.356194
26,69,0.785398
26,83,3.141593
27,51,-0.785398
27,52,-2.356194
27,81,-1.570796
28,36,1.249046
28,38,-1.892547
28,42,-0.785398
28,54,-1.249046
28,55,-2.356194
28,56,0.785398
28,57,1.570796
28,58,2.356194
28,59,0.785398
28,60,1.892547
28,67,0.785398
28,73,0.000000
28,74,0.000000
28,85,1.892547
28,88,0.000000
29,11,0.321751
29,18,-0.321751
29,36,-1.892547
29,40,-0.785398
29,45,-0.785398
29,46,-1.892547
29,60,-1.249046
29,61,-2.356194
29,70,3.141593
29,75,0.000000
29,76,1.892547
30,11,-1.570796
30,56,-0.785398
30,57,-2.356194
30,65,-2.356194
30,66,0.785398
30,71,-0.785398
31,18,0.321751
31,47,-0.785398
31,48,-1.892547
31,62,0.785398
31,67,-1.249046
31,69,1.892547
31,87,-2.356194
31,90,2.356194
32,45,-0.785398
32,56,3.141593
32,63,-1.249046
32,64,-2.356194
32,70,-2.356194
32,72,0.000000
32,80,-1.249046
32,90,3.141593
33,34,2.356194
33,47,0.000000
33,67,0.785398
33,73,0.000000
33,77,-1.249046
33,78,3.141593
33,86,-1.249046
34,29,0.000000
34,30,-1.892547
34,58,0.000000
34,63,0.785398
34,64,1.892547
34,68,-1.249046
34,70,1.892547
34,74,-1.249046
34,75,3.141593
34,79,0.000000
34,80,1.892547
34,84,3.141593
34,88,-1.249046
34,90,3.141593
35,23,0.785398
35,25,-1.892547
35,64,-1.249046
35,65,-2.356194
35,71,-2.356194
36,23,-0.785398
36,27,1.570796
36,31,1.570796
36,68,0.785398
36,78,0.000000
36,82,-1.249046
36,90,3.141593
37,20,-1.570796
37,30,0.000000
37,61,0.000000
37,69,-1.249046
37,70,3.141593
37,75,0.000000
37,76,1.892547
37,80,3.141593
37,86,2.356194
37,87,0.785398
38,10,0.785398
38,21,0.785398
38,25,-0.785398
38,29,3.141593
38,66,0.000000
38,67,1.892547
38,76,-1.249046
38,81,0.000000
38,82,1.892547
39,10,-0.785398
39,11,3.141593
39,19,1.892547
39,60,0.000000
39,62,3.141593
39,67,-1.249046
39,68,-2.356194
39,73,0.000000
39,74,1.892547
39,78,-1.249046
39,79,3.141593
40,23,2.356194
40,64,0.000000
40,75,2.819842
40,80,0.000000
41,16,-0.785398
41,23,-2.819842
41,26,0.000000
41,60,0.000000
41,75,-1.570796
41,78,0.785398
41,82,2.819842
42,68,-2.356194
42,91,2.356194
43,17,0.321751
43,24,1.570796
43,28,0.000000
43,65,-2.356194
43,70,0.785398
43,80,0.000000
43,81,2.356194
43,83,0.000000
44,24,-2.819842
44,67,0.785398
44,74,0.000000
44,81,-1.570796
45,68,-2.356194
45,75,-1.570796
46,38,0.000000
46,76,0.000000
46,77,1.892547
46,80,1.570796
47,39,-1.570796
47,67,0.785398
47,71,0.785398
47,84,1.570796
47,91,2.819842
48,21,-2.819842
48,64,0.785398
48,68,0.000000
48,72,-2.356194
48,84,-0.785398
48,85,3.141593
48,91,-2.356194
49,9,0.785398
49,61,0.000000
49,65,2.356194
49,69,-1.570796
49,79,-1.570796
49,86,0.000000
50,9,0.000000
50,18,-0.785398
50,19,-1.892547
50,63,0.000000
50,67,2.356194
50,74,1.570796
50,80,0.000000
50,81,2.356194
50,84,2.819842
50,87,-1.249046
51,9,-0.785398
51,22,2.356194
51,60,0.785398
51,78,1.570796
51,84,-1.570796
52,61,0.000000
52,63,-0.785398
52,64,-1.892547
52,75,0.000000
52,78,-0.321751
52,79,2.819842
52,81,-0.321751
52,85,0.000000
52,86,1.892547
52,89,3.141593
53,89,-1.570796
54,9,0.785398
54,19,1.570796
54,61,1.570796
54,70,-1.249046
54,71,3.141593
54,74,0.000000
54,77,0.000000
54,84,2.819842
54,90,0.000000
55,9,-0.321751
55,11,2.356194
55,18,-0.785398
55,62,-2.356194
55,64,0.785398
55,65,1.892547
55,84,-1.570796
55,91,-2.356194
56,21,1.570796
56,69,2.356194
56,76,-1.570796
56,85,0.000000
56,86,2.356194
56,89,2.819842
56,91,-1.570796
57,10,0.785398
57,65,-0.785398
57,74,1.570796
57,77,0.000000
57,78,1.892547
58,10,0.000000
58,23,1.249046
58,24,2.356194
58,68,-2.356194
58,71,1.570796
58,74,-0.321751
58,83,1.570796
58,86,-0.321751
58,90,2.819842
59,10,-0.785398
59,39,2.356194
59,71,-0.321751
59,83,-0.321751
59,90,-2.356194
60,21,0.000000
60,22,-1.892547
60,65,0.000000
60,69,-2.356194
60,73,2.819842
60,77,2.819842
61,36,1.249046
61,38,3.141593
61,64,-0.785398
61,73,-1.570796
61,77,-1.570796
62,10,0.785398
62,22,1.249046
62,23,2.356194
62,35,-0.785398
62,36,-1.892547
62,38,-2.356194
62,70,0.785398
62,86,-1.249046
62,87,-2.356194
62,89,-1.570796
63,10,-0.321751
63,12,2.356194
63,19,-0.785398
63,20,-1.570796
63,26,1.570796
63,67,1.570796
63,71,1.570796
63,75,1.570796
64,22,-2.356194
64,26,-1.570796
64,30,-0.785398
64,38,0.785398
64,67,-0.321751
64,68,2.819842
64,71,-0.321751
64,76,3.141593
64,80,0.000000
64,81,1.892547
65,11,0.785398
65,68,-1.570796
65,82,2.819842
65,91,-2.356194
66,11,0.000000
66,25,2.356194
66,36,1.249046
66,74,2.819842
66,82,-1.570796
66,86,-1.249046
66,87,3.141593
67,11,-0.785398
67,24,1.570796
67,35,0.321751
67,38,-2.356194
67,66,0.785398
67,74,-1.570796
67,79,1.570796
67,88,0.000000
68,23,0.321751
68,24,-2.819842
68,35,-1.570796
68,79,-0.321751
68,84,0.000000
68,85,1.892547
69,20,2.356194
69,23,-1.570796
69,34,-0.785398
69,72,1.570796
69,86,2.819842
69,89,-0.321751
70,11,0.785398
70,22,3.141593
70,69,-2.356194
70,72,-0.321751
70,73,2.819842
70,77,1.570796
70,86,-1.570796
70,91,2.819842
71,11,0.000000
71,18,-0.785398
71,19,-1.570796
71,21,-1.892547
71,25,1.570796
71,73,-1.570796
71,77,-0.321751
71,87,1.570796
71,91,-2.356194
72,11,-0.785398
72,25,2.356194
72,42,2.356194
72,70,0.785398
72,78,-1.249046
72,79,3.141593
72,84,2.819842
72,87,-0.321751
72,91,-1.570796
73,25,-2.819842
73,42,-2.819842
73,80,1.570796
73,84,-1.570796
73,89,2.819842
74,41,-0.785398
74,80,-0.321751
74,89,-2.356194
75,22,0.321751
75,27,1.570796
75,69,0.785398
75,82,2.819842
76,27,2.356194
76,41,0.785398
76,43,1.249046
76,44,3.141593
77,20,1.249046
77,22,-1.570796
77,23,-2.356194
77,24,0.785398
77,25,1.570796
77,51,3.141593
77,53,0.000000
77,83,-2.356194
78,19,0.321751
78,40,0.321751
78,43,-1.570796
78,57,-2.356194
78,61,2.356194
78,62,0.785398
78,63,1.570796
78,64,2.356194
78,68,0.785398
78,69,1.570796
78,71,-1.570796
78,75,-2.356194
78,76,0.785398
78,79,-2.356194
78,87,-2.356194
78,88,-0.785398
78,90,2.819842
79,25,2.356194
79,40,-0.785398
79,60,-0.785398
79,81,-2.356194
79,85,-0.785398
79,90,-2.356194
80,17,1.249046
80,19,-1.570796
80,20,-2.356194
80,24,-0.785398
80,28,1.570796
80,40,2.356194
80,60,-1.570796
80,77,0.785398
81,39,0.000000
81,40,-2.356194
81,78,3.141593
82,53,1.570796
82,67,0.785398
83,14,0.321751
83,30,1.892547
83,35,0.785398
83,36,2.356194
83,50,3.141593
83,91,-1.570796
84,32,1.570796
84,33,3.141593
84,36,-2.356194
84,48,-0.785398
84,60,1.570796
84,73,1.570796
84,77,0.000000
85,12,0.000000
85,15,-2.356194
85,29,0.321751
85,45,-1.570796
85,66,0.785398
85,69,-1.570796
85,73,-0.321751
85,82,0.000000
85,83,1.892547
86,26,0.321751
86,67,1.570796
86,79,3.141593
86,87,0.000000
86,88,2.356194
87,29,-2.819842
87,40,-0.785398
87,44,2.356194
87,48,2.356194
87,55,1.570796
87,59,-1.570796
87,62,-1.570796
87,67,-0.321751
87,80,0.000000
87,81,1.892547
87,85,2.819842
88,15,0.785398
88,16,1.570796
88,17,2.356194
88,25,-0.785398
88,28,-0.785398
88,43,-0.785398
88,47,-0.785398
88,65,1.570796
88,85,-1.570796
88,89,2.819842
89,58,1.570796
89,65,2.356194
89,69,-1.249046
89,70,-2.356194
89,77,-1.249046
89,79,1.892547
89,82,-1.249046
89,83,3.141593
89,86,0.000000
89,87,0.000000
89,89,-2.356194
90,54,1.570796
90,58,2.356194
90,61,1.570796
90,64,0.321751
90,65,-2.819842
90,84,0.000000
91,30,0.000000
91,31,-1.570796
91,33,1.570796
91,35,-1.570796
91,37,1.570796
91,38,2.356194
91,43,0.785398
91,44,1.570796
91,45,2.356194
91,48,0.785398
91,49,2.356194
91,53,0.321751
91,54,-2.819842
91,57,0.321751
91,58,-2.819842
91,64,-0.785398
91,75,0.000000
91,76,1.892547
91,80,-1.249046
91,81,3.141593
91,85,-1.249046
91,86,3.141593
92,49,-2.356194
92,53,-1.570796
92,57,-1.570796
92,67,1.249046
92,68,2.356194
92,71,3.141593
92,76,-1.249046
92,77,3.141593
92,82,0.000000
92,83,1.892547
93,66,0.321751
93,73,0.785398
93,79,3.141593
93,83,-1.249046
93,84,3.141593
93,90,3.141593
94,29,-2.819842
94,43,1.570796
94,59,1.570796
94,66,-1.570796
95,32,1.570796
95,39,2.356194
95,42,0.321751
95,43,-2.819842
95,58,0.321751
95,59,-2.819842
95,70,1.249046
95,71,2.356194
95,73,-0.785398
95,74,-1.570796
95,75,-2.356194
95,76,0.785398
95,77,1.892547
95,83,0.785398
95,86,0.000000
95,87,1.892547
96,32,-2.819842
96,38,-0.785398
96,42,-1.570796
96,51,-1.570796
96,58,-1.570796
96,69,-0.785398
96,70,-1.892547
96,77,-1.249046
96,78,-2.356194
96,87,-1.249046
96,88,3.141593
97,28,-2.356194
97,30,-0.785398
97,31,-1.892547
97,35,-1.570796
97,44,0.000000
97,53,-0.785398
97,64,-1.570796
97,82,0.785398
97,90,3.141593
98,40,-0.785398
98,56,-0.785398
98,59,-0.785398
98,66,-0.785398
98,71,0.000000
98,73,3.141593
98,83,-1.249046
98,84,-2.356194
98,85,3.141593
