21,53,0.785398
21,54,1.570796
21,55,2.356194
21,56,0.785398
21,57,1.570796
21,58,2.356194
21,61,0.785398
21,62,1.570796
21,63,2.356194
21,68,0.785398
21,69,1.570796
21,70,2.356194
22,31,1.249046
22,32,3.141593
25,23,1.249046
25,24,3.141593
25,30,-1.570796
28,20,0.321751
29,20,-0.785398
32,20,2.356194
33,19,0.321751
34,19,-1.570796
35,40,1.570796
36,40,0.000000
37,40,-0.785398
38,61,0.321751
38,63,2.819842
39,68,0.321751
40,18,2.356194
40,60,0.321751
40,64,2.819842
40,71,2.819842
41,17,0.321751
41,60,-0.785398
41,68,0.000000
42,17,-1.570796
42,44,0.321751
42,56,1.570796
42,64,3.141593
42,77,-2.819842
43,64,-2.356194
43,68,-0.321751
43,74,-0.785398
43,82,2.356194
44,52,1.570796
44,53,2.356194
44,54,-0.785398
44,58,1.892547
44,60,2.356194
44,71,-1.892547
44,78,1.570796
44,79,2.356194
44,82,3.141593
45,43,0.321751
45,60,-2.819842
45,69,-1.570796
45,82,-2.356194
46,40,0.785398
46,43,-0.785398
46,47,2.356194
46,50,2.819842
46,53,1.570796
46,64,2.356194
46,76,-0.321751
46,78,-2.819842
47,40,0.000000
47,45,-1.892547
47,47,-2.356194
47,53,-0.785398
47,55,-1.892547
47,62,1.249046
47,68,2.356194
47,81,0.321751
48,40,-0.785398
48,52,3.141593
48,57,0.321751
48,66,1.570796
48,72,1.249046
48,73,2.356194
48,77,3.141593
48,84,2.819842
49,36,0.785398
49,46,-0.785398
49,47,-1.570796
49,57,-1.570796
49,60,-0.785398
49,62,-1.249046
49,64,-1.892547
49,70,1.570796
49,81,-0.321751
49,86,1.249046
49,87,2.356194
50,36,-0.785398
50,38,-2.356194
50,66,0.000000
50,68,-1.892547
50,77,-2.819842
50,82,-1.249046
51,53,1.570796
51,56,2.356194
51,66,-0.785398
52,37,0.000000
52,39,3.141593
52,48,0.000000
52,53,0.000000
52,55,-0.785398
52,56,-2.356194
52,66,0.785398
52,86,-2.819842
53,30,0.785398
53,31,2.356194
53,37,-1.570796
53,46,1.570796
53,47,3.141593
53,53,-1.570796
53,62,1.892547
53,68,-0.785398
53,69,-1.892547
53,81,1.570796
54,30,-0.785398
54,36,0.785398
54,65,-0.785398
54,66,-1.892547
54,71,1.249046
54,73,-1.892547
54,85,-2.819842
55,35,-2.356194
55,42,0.785398
55,46,-1.570796
55,47,3.141593
55,81,3.141593
56,32,0.000000
56,33,1.570796
56,34,3.141593
56,41,0.785398
56,51,-0.785398
56,59,-0.785398
56,63,2.819842
56,67,1.249046
56,68,2.356194
56,69,-0.785398
56,70,-1.892547
56,76,1.249046
56,81,-1.570796
56,89,2.356194
57,40,3.141593
57,56,0.000000
57,73,1.249046
57,74,2.356194
57,89,-2.819842
58,34,0.785398
58,39,-0.785398
58,64,-2.356194
58,65,-0.785398
58,66,-1.892547
59,16,0.785398
59,34,-0.785398
59,36,2.356194
59,43,-1.570796
59,47,3.141593
59,70,1.249046
59,71,3.141593
59,76,-0.785398
59,81,-1.892547
59,84,0.321751
60,16,0.000000
60,36,-2.819842
60,42,3.141593
60,49,0.000000
60,51,3.141593
60,57,3.141593
60,59,0.000000
60,60,-0.785398
60,61,-1.892547
60,84,-1.570796
61,16,-0.785398
61,32,0.000000
61,33,1.570796
61,35,-1.892547
61,38,1.249046
61,39,2.356194
61,53,-0.785398
61,65,0.785398
61,66,2.356194
61,75,0.000000
61,83,3.141593
62,37,0.000000
62,38,-1.892547
62,46,3.141593
62,62,1.249046
62,63,3.141593
62,66,-1.570796
62,78,2.356194
62,87,0.785398
62,90,2.356194
63,41,-0.785398
63,51,0.785398
63,59,0.000000
63,61,-0.785398
63,62,-1.892547
63,69,-0.785398
63,75,-1.570796
63,76,-2.356194
63,77,-0.785398
63,81,0.000000
63,87,0.000000
63,89,-0.785398
63,90,-2.356194
64,15,0.321751
64,17,-2.356194
64,31,0.000000
64,53,0.785398
64,54,1.570796
64,55,2.356194
64,56,3.141593
65,15,-0.785398
65,33,3.141593
65,38,0.785398
65,39,1.892547
65,41,2.356194
65,46,0.000000
65,61,0.000000
65,65,3.141593
65,73,-2.356194
65,84,1.249046
65,85,2.356194
65,87,3.141593
66,15,0.785398
66,31,0.000000
66,36,0.000000
66,37,0.000000
66,51,0.000000
66,68,0.000000
66,83,0.000000
66,84,-1.892547
66,91,2.356194
67,15,-0.321751
67,17,2.356194
67,33,2.356194
67,45,3.141593
67,53,-0.785398
67,54,-1.570796
67,55,-2.356194
67,73,-1.570796
67,77,1.249046
67,78,3.141593
67,87,0.000000
67,89,0.785398
67,91,-2.819842
68,33,-2.819842
68,37,0.785398
68,48,-1.570796
68,65,3.141593
68,82,-1.570796
68,87,-0.785398
69,16,0.785398
69,36,0.000000
69,41,-2.356194
69,75,0.000000
69,76,-1.892547
70,16,0.000000
70,34,3.141593
70,38,-1.892547
70,55,2.356194
70,56,3.141593
70,64,0.000000
70,67,3.141593
70,86,2.356194
70,90,2.356194
71,16,-0.785398
71,36,-0.785398
71,48,0.000000
71,49,0.785398
71,54,-0.785398
71,60,0.000000
71,62,3.141593
71,90,-2.819842
72,16,0.785398
72,40,-0.785398
72,50,-2.356194
72,54,0.000000
72,69,1.249046
72,70,3.141593
72,82,1.249046
72,84,-1.570796
72,86,-2.356194
73,16,0.000000
73,37,0.000000
73,45,0.785398
73,46,1.570796
73,47,2.356194
73,58,0.785398
73,59,1.570796
73,60,2.356194
73,65,0.000000
73,68,-0.785398
73,74,2.356194
73,81,0.000000
73,82,-1.892547
74,16,-0.785398
74,62,-2.356194
74,70,2.356194
74,73,-0.785398
74,87,-0.785398
75,39,1.249046
75,40,2.356194
75,42,3.141593
75,53,2.356194
75,55,0.785398
75,56,1.892547
75,60,1.570796
76,16,0.785398
76,42,-1.570796
76,44,1.249046
76,46,-1.570796
76,47,-2.356194
76,56,-1.249046
76,57,-2.356194
76,58,3.141593
76,61,-2.356194
76,63,3.141593
76,77,-0.785398
76,78,-1.570796
76,79,3.141593
77,16,0.000000
77,35,0.785398
77,36,2.356194
77,49,-0.785398
77,50,-1.570796
77,68,-1.570796
77,69,-2.356194
77,73,1.570796
77,80,0.785398
78,16,-0.785398
78,41,-2.356194
78,42,-0.785398
78,52,-1.249046
78,54,1.892547
78,66,-0.785398
78,73,3.141593
78,87,2.356194
79,35,-2.356194
79,44,-2.356194
79,60,0.785398
79,61,1.570796
79,62,2.356194
79,63,0.785398
79,64,1.892547
79,73,-2.356194
79,80,-0.321751
79,83,-2.356194
79,86,-0.785398
79,87,-2.356194
80,37,2.356194
80,39,3.141593
80,48,1.249046
80,49,2.356194
80,51,3.141593
80,54,-0.785398
80,64,-1.249046
80,66,-1.570796
80,67,-2.356194
81,31,1.249046
81,33,-2.356194
81,41,1.249046
81,42,2.356194
81,54,-1.570796
81,61,2.356194
81,80,0.321751
81,82,2.819842
82,36,-2.356194
82,48,-2.356194
82,56,0.000000
82,57,3.141593
82,60,0.000000
82,61,-2.356194
83,34,0.000000
83,43,0.321751
83,44,-2.819842
83,48,0.785398
83,50,1.249046
83,52,1.892547
83,59,-0.785398
83,63,3.141593
83,68,2.356194
83,70,3.141593
83,80,-0.321751
83,82,-2.819842
84,37,2.356194
84,67,-0.785398
85,36,-1.892547
85,46,0.785398
85,67,-1.570796
85,80,0.321751
85,82,2.819842
86,60,1.249046
86,61,2.356194
86,72,0.785398
87,39,-1.570796
87,44,2.356194
87,56,-2.819842
87,73,-2.356194
87,78,1.249046
87,82,3.141593
88,38,1.570796
88,44,-1.570796
88,50,-2.819842
88,73,0.785398
88,82,-1.570796
88,87,1.570796
89,38,-2.819842
89,42,0.785398
89,73,0.000000
89,78,-1.249046
89,87,-2.819842
90,24,-1.570796
90,42,-0.321751
90,45,3.141593
90,58,-2.356194
90,73,-0.785398
90,84,0.000000
91,28,-0.785398
91,63,0.785398
91,73,2.356194
92,40,1.249046
92,41,2.356194
92,42,-0.785398
92,43,-1.570796
92,47,-1.570796
92,49,3.141593
92,63,-0.321751
92,70,0.785398
92,73,-2.819842
92,84,1.570796
93,33,-0.785398
93,60,-2.356194
93,84,-2.819842
94,38,-0.785398
94,82,0.000000
94,83,-1.892547
95,45,0.785398
95,58,-2.819842
95,61,0.321751
95,68,1.570796
96,47,-1.570796
96,70,-1.249046
97,44,-0.785398
97,45,-1.892547
97,55,-1.249046
