6,46,1.249046
6,47,2.356194
6,56,0.785398
6,57,1.892547
8,41,1.249046
8,42,3.141593
8,46,-1.570796
9,38,1.249046
9,39,2.356194
9,40,-0.785398
9,55,0.321751
10,55,-0.785398
11,22,0.785398
11,23,1.570796
11,24,2.356194
11,29,0.785398
11,30,2.356194
11,38,-1.570796
12,30,-2.356194
12,51,0.785398
12,52,1.892547
12,70,2.356194
13,30,2.356194
13,54,2.356194
13,61,1.892547
14,62,2.819842
15,32,1.892547
15,42,1.570796
15,47,1.570796
15,52,-1.570796
15,56,1.249046
15,66,0.000000
15,67,-1.892547
16,11,2.356194
16,30,-1.892547
16,42,0.000000
16,47,-0.321751
16,79,2.356194
17,56,-1.249046
18,31,0.321751
18,52,1.570796
19,8,0.321751
19,31,-0.785398
19,65,1.892547
20,8,-1.570796
20,22,0.321751
20,24,2.819842
20,31,0.785398
20,66,2.819842
21,33,0.785398
21,34,1.570796
21,35,2.356194
21,38,0.785398
21,39,1.892547
21,43,1.249046
21,45,-1.892547
22,16,0.000000
22,17,1.570796
22,19,1.892547
22,49,-2.356194
22,50,-0.785398
22,51,-1.892547
22,53,0.000000
22,71,1.892547
23,7,0.785398
23,21,-0.785398
23,22,-1.892547
23,28,1.249046
23,39,-1.570796
23,56,-2.356194
24,7,-0.785398
24,8,3.141593
24,16,0.321751
24,25,1.249046
24,26,2.356194
24,27,-0.785398
24,35,-2.356194
24,37,0.785398
24,42,0.000000
24,43,-1.570796
24,44,-2.356194
24,53,0.000000
25,16,-0.785398
25,19,-1.570796
25,31,-1.892547
25,40,1.570796
25,41,3.141593
25,54,2.356194
25,74,2.819842
26,16,2.356194
26,20,0.785398
26,21,2.356194
26,23,-0.785398
26,27,2.356194
26,28,-0.785398
26,29,-1.892547
26,52,0.785398
26,60,-1.249046
26,65,-1.249046
26,67,1.892547
27,15,0.000000
27,16,-2.356194
27,20,-1.570796
27,53,-1.249046
27,55,-1.570796
27,57,1.892547
27,67,-1.249046
27,87,3.141593
28,5,0.321751
28,7,3.141593
28,14,0.000000
28,18,2.356194
28,24,0.000000
28,25,-1.892547
28,33,0.785398
28,34,1.570796
28,35,2.356194
28,37,-0.785398
28,59,1.892547
28,63,-1.249046
28,64,3.141593
28,77,1.892547
29,5,-1.570796
29,15,0.785398
29,17,-1.892547
29,41,0.000000
29,42,3.141593
29,59,-1.249046
29,60,3.141593
29,65,0.000000
29,66,1.892547
29,78,3.141593
29,86,2.819842
30,9,0.785398
30,10,2.356194
30,22,3.141593
30,36,2.356194
30,39,3.141593
30,57,2.356194
30,61,-2.356194
30,68,1.892547
30,75,-0.321751
30,79,1.570796
30,83,-0.321751
30,86,-2.356194
31,12,2.356194
31,21,-1.570796
31,27,-0.785398
31,34,0.000000
31,35,-1.892547
31,43,0.000000
31,46,3.141593
31,49,0.000000
31,65,0.785398
31,72,-1.570796
31,79,-0.321751
32,9,-0.321751
32,17,2.356194
32,20,1.570796
32,25,2.356194
32,39,2.356194
32,66,3.141593
32,70,2.819842
32,76,-0.321751
33,13,0.000000
33,14,-0.785398
33,36,1.249046
33,37,2.356194
33,48,0.000000
33,58,-0.785398
33,63,0.785398
33,67,-2.356194
33,70,-1.570796
33,77,-1.249046
33,79,2.356194
33,81,-1.249046
33,86,1.892547
34,4,0.785398
34,10,-2.819842
34,23,1.570796
34,29,-0.785398
34,44,0.000000
34,45,3.141593
34,64,0.000000
34,65,1.892547
35,4,0.000000
35,8,-0.785398
35,9,-1.892547
35,13,2.356194
35,23,3.141593
35,33,1.249046
35,35,-1.892547
35,42,3.141593
35,61,-1.249046
35,62,3.141593
35,65,-1.249046
35,66,3.141593
35,76,1.570796
35,79,-0.321751
35,89,3.141593
36,4,-0.785398
36,12,3.141593
36,23,-1.570796
36,32,0.000000
36,33,-1.892547
36,38,1.249046
36,39,2.356194
36,48,0.000000
36,50,3.141593
36,63,1.570796
36,67,1.570796
36,76,-0.321751
36,77,2.819842
37,11,-1.570796
37,26,3.141593
37,31,0.785398
37,37,0.321751
37,45,2.356194
37,46,3.141593
37,64,3.141593
37,68,2.819842
37,71,1.570796
37,77,-1.570796
37,85,1.570796
38,10,1.570796
38,14,-0.785398
38,21,-2.356194
38,32,1.570796
38,37,-1.570796
38,44,-1.570796
38,65,0.000000
38,66,2.356194
38,68,-1.570796
38,78,1.570796
38,82,1.570796
38,85,-0.321751
39,10,-2.819842
39,32,-0.785398
39,34,1.892547
39,36,1.570796
39,43,-0.785398
39,49,2.356194
39,66,-1.570796
39,78,-0.785398
39,79,3.141593
39,90,0.785398
40,15,-0.785398
40,29,0.000000
40,34,-1.249046
40,77,0.000000
40,80,0.000000
40,81,2.356194
40,84,2.819842
40,91,2.819842
41,17,-0.785398
41,19,0.000000
41,20,1.892547
41,36,-1.249046
41,37,-2.356194
41,38,0.785398
41,39,1.892547
41,48,-1.570796
41,81,-2.356194
41,91,-2.356194
42,3,0.785398
42,12,3.141593
42,20,-1.249046
42,21,3.141593
42,39,-1.249046
42,40,-2.356194
42,52,0.000000
42,53,3.141593
42,57,0.000000
42,58,3.141593
42,65,0.785398
42,72,-2.356194
42,75,-2.356194
42,84,-0.321751
43,3,0.000000
43,5,-0.785398
43,42,-2.356194
43,86,2.819842
43,90,-2.356194
44,3,-0.785398
44,7,0.000000
44,8,1.570796
44,9,3.141593
44,46,0.000000
44,47,0.785398
44,48,1.892547
44,73,0.785398
44,76,0.785398
44,80,-2.356194
44,86,-1.570796
45,3,0.785398
45,28,0.000000
45,29,3.141593
45,48,-1.249046
45,49,-2.356194
45,77,-2.356194
45,91,-2.356194
46,3,0.000000
46,17,1.570796
46,53,0.785398
46,54,1.892547
46,72,-2.356194
46,75,-2.356194
46,81,0.785398
47,3,-0.785398
47,11,-0.785398
47,17,-1.570796
47,22,-0.785398
47,23,-1.570796
47,24,3.141593
47,38,0.000000
47,39,3.141593
47,54,-1.249046
47,55,-2.356194
47,85,1.570796
47,89,1.570796
48,20,3.141593
48,34,0.000000
48,35,3.141593
48,42,0.000000
48,43,3.141593
48,58,0.785398
48,59,1.892547
48,85,-0.321751
48,89,-0.321751
49,7,2.356194
49,14,0.785398
49,19,-1.570796
49,27,2.356194
49,39,0.000000
49,40,3.141593
49,45,0.000000
49,59,-1.249046
49,60,-2.356194
49,61,0.785398
49,62,1.892547
49,83,1.570796
49,91,2.819842
50,26,0.000000
50,48,3.141593
50,62,-1.249046
50,63,-2.356194
50,83,-0.321751
50,84,2.819842
50,88,2.819842
50,91,-2.356194
51,2,0.785398
51,5,1.570796
51,21,2.356194
51,65,0.785398
51,66,2.356194
51,84,-1.570796
51,91,-1.570796
52,2,-0.321751
52,12,2.356194
52,24,-0.785398
52,65,-0.785398
52,69,3.141593
52,75,1.570796
52,88,-0.321751
52,89,2.819842
53,11,-0.785398
53,27,2.356194
53,66,-2.356194
53,75,-0.785398
53,76,3.141593
54,13,1.570796
54,25,0.000000
54,74,-0.785398
54,77,1.570796
54,82,0.785398
54,86,1.570796
54,89,-0.321751
55,31,0.000000
55,34,2.356194
55,78,3.141593
55,86,-0.321751
55,87,2.819842
55,91,2.819842
56,2,0.785398
56,5,2.356194
56,17,-1.570796
56,22,2.356194
56,29,3.141593
56,33,-0.785398
56,91,-2.356194
57,2,0.000000
57,20,1.249046
57,21,3.141593
57,80,-2.356194
57,87,-0.321751
57,91,-1.570796
58,2,-0.785398
58,11,-1.570796
58,24,1.249046
58,25,3.141593
59,2,-1.570796
59,18,0.321751
59,23,0.000000
59,24,-1.892547
59,35,-2.356194
59,53,0.785398
59,74,0.785398
59,81,0.785398
59,85,1.570796
59,90,2.819842
60,18,-1.570796
60,56,3.141593
60,82,-2.356194
60,85,-0.321751
60,90,-2.356194
61,36,0.785398
61,87,2.819842
62,2,0.785398
62,37,-2.356194
62,76,-2.356194
62,81,2.356194
62,83,0.785398
62,87,-1.570796
63,19,-0.785398
63,68,0.785398
63,73,0.785398
63,80,0.000000
63,91,-1.570796
64,35,0.785398
64,57,0.785398
64,61,0.785398
64,69,-2.356194
64,84,0.785398
65,30,2.356194
65,36,-2.356194
65,50,0.785398
65,58,-2.356194
65,62,-2.356194
65,84,-0.321751
65,85,2.819842
65,89,1.570796
66,2,-1.570796
66,12,-0.785398
66,29,-0.785398
66,85,-1.570796
66,89,-0.321751
66,90,2.819842
67,38,0.785398
67,66,0.000000
67,67,3.141593
67,70,0.785398
67,82,1.570796
67,86,1.570796
68,32,0.000000
68,33,3.141593
68,39,-2.356194
68,52,-2.356194
68,82,-0.321751
68,83,2.819842
68,86,-0.321751
68,87,2.819842
68,91,2.819842
69,5,1.570796
69,35,0.785398
69,60,0.785398
69,72,-2.356194
69,87,-1.570796
69,91,-2.356194
70,5,-1.570796
70,36,-2.356194
70,53,0.785398
70,83,-0.321751
70,84,2.819842
70,91,-1.570796
71,54,-2.356194
71,58,1.570796
71,73,1.570796
71,77,-2.356194
71,84,-1.570796
71,88,-0.321751
71,89,2.819842
72,16,2.356194
72,31,0.000000
72,32,3.141593
72,58,-1.570796
72,85,1.570796
72,91,2.356194
73,4,2.356194
73,15,-0.785398
73,20,2.356194
73,34,0.785398
73,55,1.570796
73,66,0.785398
73,70,0.785398
73,78,1.570796
73,85,-0.321751
73,86,2.819842
73,89,-0.321751
74,51,0.785398
74,59,0.785398
74,86,-1.570796
74,90,-1.570796
75,60,-2.356194
75,64,-2.356194
75,67,-1.570796
75,91,-2.356194
76,2,-1.570796
76,6,2.356194
76,18,-1.570796
76,36,-1.570796
76,87,0.785398
77,5,-0.785398
77,26,1.570796
77,48,1.570796
77,56,-1.570796
77,80,1.570796
77,87,-0.321751
77,88,2.819842
78,21,2.356194
78,37,1.570796
78,80,-0.321751
78,81,2.819842
78,88,-1.570796
79,12,2.356194
79,25,-0.785398
79,48,-1.570796
79,53,-1.570796
79,69,0.785398
79,81,-2.356194
79,89,1.570796
80,11,-0.785398
80,15,1.570796
80,20,2.356194
80,73,-1.570796
80,77,-1.570796
80,89,-0.321751
80,90,2.819842
81,2,1.570796
81,19,0.000000
81,29,2.356194
81,33,1.570796
81,49,1.570796
81,54,1.570796
81,64,0.785398
82,16,-2.356194
82,18,-0.785398
82,33,-1.570796
82,37,-1.570796
82,54,-1.570796
82,61,1.570796
82,78,1.570796
82,90,-0.321751
82,91,2.819842
83,70,-1.570796
83,87,1.570796
83,91,-2.356194
84,2,0.785398
84,36,1.570796
84,40,1.570796
84,55,1.570796
84,62,-2.356194
84,75,1.570796
84,83,0.785398
84,87,-0.321751
84,88,2.819842
85,2,0.000000
85,4,3.141593
85,14,0.785398
85,26,-0.785398
85,40,-1.570796
85,49,-1.570796
85,55,-1.570796
85,71,1.570796
85,83,-0.321751
85,84,2.819842
85,88,-2.356194
85,91,-1.570796
86,2,-0.785398
86,15,0.785398
86,16,2.356194
86,17,3.141593
86,45,1.570796
86,63,0.785398
86,76,1.570796
86,88,0.785398
87,7,2.356194
87,11,2.356194
87,15,-1.570796
87,20,2.356194
87,25,2.356194
87,56,1.570796
87,60,1.570796
87,76,-0.321751
87,77,2.819842
87,84,-0.321751
87,85,2.819842
87,88,-0.321751
88,6,3.141593
88,19,-0.785398
88,24,-0.785398
88,29,1.570796
88,60,0.785398
88,77,-2.356194
88,90,2.819842
89,2,0.785398
89,14,-1.570796
89,38,1.570796
89,45,2.356194
89,48,1.570796
89,50,1.570796
89,53,1.570796
89,60,-0.321751
89,61,2.819842
89,85,-0.321751
89,86,2.819842
90,2,0.000000
90,4,-0.785398
90,9,-1.570796
90,23,1.570796
90,44,0.321751
90,45,-2.819842
90,50,-1.570796
90,53,-1.570796
90,61,-2.356194
90,69,-1.570796
90,78,1.570796
90,82,1.570796
90,90,-0.321751
90,91,2.819842
91,2,-0.785398
91,12,1.570796
91,17,2.356194
91,23,-1.570796
91,27,1.249046
91,28,3.141593
91,44,-0.785398
91,55,2.356194
91,61,0.785398
91,74,1.570796
91,78,-0.321751
91,79,2.819842
91,82,-0.321751
91,83,2.819842
91,86,-0.321751
91,87,2.819842
91,91,-2.356194
92,26,0.321751
92,44,2.356194
92,61,-0.321751
92,62,2.819842
92,70,1.570796
92,74,-0.321751
92,75,2.819842
92,87,-1.570796
92,91,-1.570796
93,11,1.570796
93,21,2.356194
93,26,-1.570796
93,40,2.356194
93,43,0.321751
93,44,-2.819842
93,51,1.570796
93,66,0.785398
93,75,-2.356194
93,79,-0.321751
93,80,2.819842
93,84,2.819842
94,6,2.356194
94,11,-2.819842
94,20,1.570796
94,31,1.570796
94,39,-0.785398
94,54,0.785398
94,58,0.785398
94,62,-0.321751
94,63,2.819842
94,66,-0.321751
94,67,2.819842
94,71,1.570796
95,5,1.570796
95,9,0.321751
95,20,-2.819842
95,31,-2.819842
95,42,0.321751
95,43,-2.819842
95,48,2.356194
95,54,-0.321751
95,55,2.819842
95,58,-0.321751
95,63,-1.570796
95,67,-1.570796
95,71,-0.321751
95,72,2.819842
95,80,-0.321751
95,84,-0.321751
95,85,2.819842
95,88,-1.570796
96,9,-1.570796
96,14,-1.570796
96,18,0.000000
96,19,-1.892547
96,29,0.321751
96,38,2.356194
96,42,-0.785398
96,45,0.785398
96,48,-2.819842
96,55,-2.356194
96,60,2.819842
96,72,-2.356194
96,81,-2.356194
96,85,-1.570796
97,5,-1.249046
97,6,-2.356194
97,29,-1.570796
97,42,-1.570796
97,46,-0.785398
97,47,-1.892547
97,55,-1.570796
97,60,-2.356194
97,64,-1.570796
97,72,-1.570796
97,76,-1.570796
97,81,0.785398
97,83,2.356194
97,86,-2.356194
98,16,-0.785398
98,21,-0.785398
98,28,-0.785398
98,32,-0.785398
98,37,-1.570796
98,51,-1.570796
98,60,-1.570796
98,69,-2.356194
98,82,-2.356194
