8,63,1.249046
8,64,2.356194
9,61,1.249046
10,37,0.785398
10,38,2.356194
11,38,-2.356194
11,50,2.356194
11,57,1.249046
11,63,-2.819842
11,71,0.000000
11,72,1.570796
11,73,2.356194
12,14,2.356194
12,47,1.249046
12,50,-2.819842
12,62,-1.892547
13,13,-0.785398
13,46,0.321751
13,54,1.249046
14,52,1.249046
14,56,-1.249046
14,58,-1.892547
15,48,-1.892547
15,54,-1.570796
15,65,1.249046
15,67,1.892547
16,13,2.356194
16,38,2.356194
16,64,0.321751
18,11,0.321751
18,60,1.249046
18,62,1.892547
18,66,-1.892547
18,85,2.356194
19,11,-1.570796
19,55,0.785398
19,57,1.249046
19,74,0.321751
20,41,1.249046
20,47,1.249046
20,49,1.892547
20,83,0.321751
21,18,0.785398
21,19,1.570796
21,52,0.785398
21,59,-1.892547
21,83,-0.785398
22,38,1.249046
22,76,2.356194
23,19,-0.321751
23,21,-2.819842
23,40,-1.249046
23,46,-1.249046
23,48,-1.892547
23,52,0.321751
23,56,-1.892547
23,61,0.000000
23,72,-0.785398
23,74,-1.249046
23,76,-2.356194
24,52,-0.785398
24,83,2.356194
24,89,0.785398
25,36,-0.321751
25,38,-2.819842
25,42,-0.321751
25,44,-2.819842
25,61,3.141593
25,67,2.356194
25,80,1.570796
25,81,2.356194
25,82,-0.785398
25,83,-2.356194
25,89,0.000000
26,22,1.570796
26,28,1.249046
26,30,-1.892547
26,52,2.356194
26,74,1.570796
26,76,1.570796
26,78,-1.892547
27,22,-0.785398
27,23,-2.356194
27,25,0.785398
27,26,1.570796
27,33,0.785398
27,34,2.356194
27,35,0.785398
27,48,0.785398
27,49,1.570796
27,52,-2.819842
27,61,3.141593
27,68,1.570796
27,91,-2.819842
28,33,-0.785398
28,58,0.000000
28,59,-1.892547
28,68,0.000000
28,76,-2.819842
28,88,-0.785398
29,26,-0.321751
29,28,-2.819842
29,44,-1.892547
29,51,3.141593
29,56,1.249046
29,57,3.141593
29,61,0.000000
29,63,-0.785398
29,64,-1.892547
30,17,-1.249046
30,18,3.141593
30,21,2.356194
30,33,2.356194
30,37,-0.785398
30,53,1.249046
30,71,-2.356194
30,72,0.785398
30,91,2.356194
31,10,0.321751
31,28,2.819842
31,31,1.249046
31,37,2.356194
31,42,-2.819842
31,48,0.785398
31,49,1.570796
31,59,0.785398
31,62,2.819842
31,79,0.000000
31,80,-1.570796
31,81,-2.356194
31,87,1.249046
31,88,2.356194
31,90,-0.785398
32,13,-2.819842
32,18,0.000000
32,22,2.819842
32,25,0.321751
32,39,1.249046
32,41,-1.892547
32,53,-1.249046
32,69,0.785398
32,73,2.356194
32,78,1.570796
32,84,0.785398
32,85,2.356194
33,17,3.141593
33,46,1.570796
33,51,-2.819842
33,56,-1.570796
33,63,-2.356194
33,69,0.000000
33,71,0.785398
33,76,1.249046
33,78,3.141593
33,84,-0.785398
33,87,-1.570796
34,14,1.892547
34,20,0.000000
34,46,3.141593
34,50,-0.785398
34,57,0.785398
34,58,2.356194
34,65,-2.356194
34,74,-2.356194
34,84,2.356194
34,91,2.356194
35,7,1.249046
35,20,-1.570796
35,33,-1.249046
35,41,-2.356194
35,50,2.356194
35,61,-1.570796
35,67,1.249046
35,69,-1.570796
35,70,-2.356194
35,76,-1.249046
35,78,-1.570796
35,79,-2.356194
35,82,0.785398
35,90,1.570796
36,6,0.321751
36,14,-1.892547
36,19,3.141593
36,28,-0.785398
36,31,2.819842
36,39,-0.321751
36,46,-0.321751
36,54,1.249046
36,55,2.356194
36,57,3.141593
36,63,2.356194
36,64,-0.785398
36,65,-1.570796
36,72,-2.356194
36,86,2.356194
36,87,-0.785398
36,88,-1.570796
36,90,3.141593
37,6,-1.570796
37,31,-1.570796
37,40,-1.249046
37,41,3.141593
37,51,0.785398
37,52,2.356194
37,57,-1.570796
37,67,-2.356194
37,72,0.785398
37,90,-2.356194
38,15,0.321751
38,36,-0.321751
38,42,1.570796
38,46,0.000000
38,51,-1.570796
38,54,-2.356194
38,59,2.356194
39,21,-0.785398
39,25,-0.321751
39,26,2.819842
39,33,1.570796
39,44,1.570796
39,45,3.141593
39,50,1.570796
39,54,0.785398
39,56,1.249046
39,58,-1.892547
39,61,-1.570796
39,66,0.000000
39,67,-1.570796
39,69,1.570796
39,70,2.356194
39,71,-0.785398
39,72,-1.892547
39,78,0.785398
39,79,1.570796
39,80,2.356194
39,82,-0.785398
39,83,-1.892547
39,90,2.356194
40,11,0.000000
40,13,-1.570796
40,15,3.141593
40,26,-1.570796
40,30,1.570796
40,34,3.141593
40,50,-2.356194
40,63,2.356194
40,89,-0.785398
40,90,-2.356194
41,11,-0.785398
41,30,-0.321751
41,40,2.819842
41,51,0.785398
41,69,0.785398
41,86,-0.785398
41,91,-2.356194
42,14,0.321751
42,24,1.570796
42,27,-1.570796
42,35,-1.570796
42,40,-1.570796
42,45,0.000000
42,46,1.892547
42,51,-1.570796
42,60,1.570796
42,62,-1.570796
42,86,2.356194
43,7,1.249046
43,9,1.892547
43,21,1.570796
43,25,2.819842
43,46,-1.249046
43,47,3.141593
43,50,1.570796
43,54,-1.249046
43,56,-1.570796
43,58,1.570796
43,64,2.356194
43,67,0.785398
43,77,0.000000
43,80,-2.356194
44,11,-1.570796
44,12,-2.356194
44,17,-0.321751
44,21,-0.321751
44,23,3.141593
44,25,-1.570796
44,62,-0.785398
44,63,-1.892547
44,70,2.819842
45,5,0.321751
45,9,-1.892547
45,15,2.819842
45,26,0.000000
45,34,-1.249046
45,35,3.141593
45,50,-1.249046
45,51,3.141593
45,59,-0.785398
45,60,-1.892547
45,86,-0.785398
46,5,-0.785398
46,19,-1.249046
46,27,-1.570796
46,32,1.570796
46,36,0.000000
46,37,1.892547
46,44,0.000000
46,45,1.892547
46,53,0.785398
46,54,1.892547
46,67,-0.785398
46,68,-1.570796
46,70,-1.570796
46,71,-2.356194
46,75,0.785398
46,76,1.570796
46,78,-1.570796
46,79,-2.356194
46,90,2.356194
47,14,0.321751
47,25,1.892547
47,28,1.570796
47,37,-1.249046
47,38,-2.356194
47,45,-1.249046
47,47,1.892547
47,54,-1.249046
47,55,-2.356194
47,64,0.785398
47,65,2.356194
47,85,-0.785398
47,86,-1.570796
47,87,-2.356194
47,89,-0.785398
47,90,-2.356194
48,28,-0.785398
48,29,3.141593
48,40,0.000000
48,41,1.892547
48,47,-1.249046
48,49,1.892547
48,65,-1.570796
48,91,-2.356194
49,5,0.785398
49,12,2.356194
49,30,-2.356194
49,35,1.570796
49,41,-1.249046
49,42,-2.356194
49,49,-1.249046
49,50,-2.356194
49,77,-2.356194
50,5,0.000000
50,28,2.819842
50,37,1.892547
50,44,0.000000
50,45,1.892547
50,54,0.785398
50,55,1.892547
50,63,1.249046
50,64,2.356194
50,65,-0.785398
50,66,-1.570796
50,67,-2.356194
50,83,0.785398
50,84,1.570796
50,85,2.356194
51,5,-0.785398
51,7,0.000000
51,8,1.570796
51,18,-1.570796
51,25,0.785398
51,37,-1.249046
51,38,3.141593
51,45,-1.249046
51,46,-2.356194
51,55,-1.249046
51,56,-2.356194
51,75,-1.570796
51,91,3.141593
52,5,0.785398
52,13,0.785398
52,20,0.785398
52,26,-1.249046
52,28,3.141593
52,63,-2.356194
52,76,0.785398
52,77,2.356194
52,83,1.570796
53,28,-1.570796
53,32,1.249046
53,33,2.356194
53,42,0.000000
53,43,1.892547
53,67,1.249046
53,68,3.141593
53,76,-0.785398
53,81,0.000000
54,4,0.321751
54,11,2.819842
54,17,-2.356194
54,35,0.000000
54,36,1.892547
54,43,-1.249046
54,44,3.141593
54,72,-0.785398
54,73,3.141593
55,20,-2.356194
55,24,0.000000
55,25,1.892547
55,36,-1.249046
55,37,-2.356194
55,68,-2.356194
55,75,-0.785398
55,76,-1.570796
55,77,-2.356194
55,90,3.141593
56,4,0.000000
56,6,-1.892547
56,14,-0.785398
56,15,-2.356194
56,20,0.785398
56,25,-1.249046
56,26,-2.356194
56,28,0.785398
56,32,-2.356194
56,81,-0.785398
56,82,-1.570796
56,83,3.141593
57,4,-0.785398
57,16,1.570796
57,20,0.000000
57,34,0.000000
57,35,1.892547
57,42,0.785398
57,43,1.892547
58,4,0.785398
58,16,-0.321751
58,20,-1.570796
58,22,1.570796
58,30,1.570796
58,43,-1.249046
58,44,3.141593
58,65,2.356194
58,71,0.785398
58,72,1.892547
58,74,1.249046
58,75,2.356194
59,4,-0.785398
59,5,-2.356194
59,12,2.819842
59,24,2.356194
59,31,3.141593
59,47,0.785398
59,48,1.892547
59,61,0.785398
59,65,-2.356194
59,67,1.249046
59,68,2.356194
59,91,3.141593
60,8,-1.249046
60,19,-1.249046
60,20,-2.356194
60,21,-0.785398
60,25,0.000000
60,26,1.892547
60,35,3.141593
60,39,0.000000
60,40,1.892547
60,48,-1.249046
60,49,-2.356194
60,84,0.785398
60,85,1.892547
61,13,-2.356194
61,23,-2.356194
61,35,-1.570796
61,74,-1.570796
61,75,-2.356194
61,85,-1.249046
61,86,-2.356194
62,16,-1.570796
62,26,-0.785398
62,39,-0.785398
62,60,-0.785398
62,61,-1.570796
62,68,-1.570796
62,69,-2.356194
62,71,-0.785398
62,72,-1.892547
62,78,0.000000
62,79,1.570796
62,80,2.356194
62,83,3.141593
63,8,1.249046
63,26,2.356194
63,41,1.570796
63,91,3.141593
64,3,0.785398
64,32,2.356194
64,43,1.892547
64,63,-0.785398
64,77,0.000000
64,78,-0.785398
64,81,2.356194
65,3,-0.321751
65,5,2.356194
65,6,-0.785398
65,13,2.819842
65,27,-2.356194
65,29,0.785398
65,33,0.000000
65,34,1.892547
65,36,1.249046
65,37,2.356194
65,38,0.785398
65,45,2.356194
65,55,0.000000
65,56,1.570796
65,57,2.356194
65,65,2.356194
66,20,0.785398
66,21,2.356194
66,47,0.785398
66,48,1.892547
66,61,0.785398
66,65,-2.356194
66,68,1.249046
66,69,2.356194
66,76,0.785398
66,77,1.892547
67,12,-0.785398
67,16,1.892547
67,25,-2.356194
67,30,0.000000
67,32,0.785398
67,37,1.570796
67,41,2.356194
67,43,-0.785398
67,48,-1.249046
67,49,-2.356194
67,68,-1.892547
67,77,-1.249046
67,78,-2.356194
67,79,-0.785398
67,91,3.141593
68,3,0.321751
68,8,-2.356194
68,17,-2.356194
68,30,-1.570796
68,37,-0.785398
68,65,0.000000
68,66,-1.892547
68,81,-1.249046
68,82,-2.356194
68,83,0.785398
68,84,1.892547
69,9,1.570796
69,28,1.570796
69,61,-0.785398
69,62,-1.570796
69,64,2.356194
69,71,0.000000
69,76,0.785398
69,77,1.892547
69,84,-1.249046
69,86,1.892547
70,3,0.000000
70,9,0.000000
70,12,0.785398
70,32,-0.785398
70,33,-1.570796
70,37,3.141593
70,48,1.249046
70,49,2.356194
70,50,3.141593
70,77,-1.249046
70,78,-2.356194
70,79,0.785398
70,80,1.892547
70,86,-1.249046
70,88,1.892547
71,3,-0.785398
71,6,2.819842
71,16,1.570796
71,17,2.356194
71,18,0.785398
71,20,-2.819842
71,24,0.321751
71,46,0.785398
71,57,2.356194
71,65,-2.356194
71,80,-1.249046
71,82,1.892547
71,91,3.141593
72,6,-1.570796
72,9,-2.819842
72,40,-1.249046
72,42,1.892547
72,50,2.356194
72,61,0.785398
72,71,0.785398
72,72,1.570796
72,73,2.356194
73,18,0.321751
73,21,2.356194
73,22,0.785398
73,26,3.141593
73,29,1.249046
73,30,2.356194
73,44,2.356194
73,54,-1.249046
73,56,3.141593
73,88,-1.570796
74,3,0.785398
74,11,-1.892547
74,26,-1.570796
74,31,0.000000
74,38,0.785398
74,39,1.892547
74,56,-1.570796
74,72,2.356194
74,90,3.141593
75,3,0.000000
75,5,-0.785398
75,13,1.570796
75,17,-0.785398
75,24,3.141593
75,40,2.819842
75,46,-1.570796
75,48,-1.249046
75,49,3.141593
75,57,0.000000
75,58,1.892547
75,83,3.141593
76,3,-1.570796
76,12,0.321751
76,13,-2.819842
76,15,-0.785398
76,19,-2.356194
76,25,0.785398
76,31,1.570796
76,40,-1.570796
76,52,0.785398
76,53,1.892547
76,64,2.356194
76,72,-1.249046
76,73,-2.356194
76,81,1.570796
76,85,0.785398
76,86,1.892547
77,7,-0.785398
77,12,-1.570796
77,25,-0.785398
77,86,-1.249046
77,88,1.892547
78,15,0.785398
78,19,2.356194
78,31,-1.249046
78,36,0.785398
78,37,2.356194
78,38,0.785398
78,39,1.570796
78,52,0.785398
78,88,-1.249046
78,89,3.141593
79,2,0.785398
79,22,1.249046
79,24,2.356194
79,36,-0.785398
79,43,2.356194
79,57,-2.819842
79,66,2.356194
79,91,3.141593
80,2,-0.321751
80,4,2.356194
80,10,2.356194
80,13,1.249046
80,39,-0.321751
80,45,0.000000
80,51,-0.785398
80,61,-2.356194
80,64,-0.785398
80,65,-1.892547
80,83,-1.249046
80,85,1.892547
81,10,-2.356194
81,36,2.356194
81,85,-1.249046
81,87,1.892547
82,15,-0.785398
82,19,-2.356194
82,34,0.785398
82,36,-2.356194
82,44,0.785398
82,49,2.356194
82,52,0.321751
82,55,-2.819842
82,87,-1.249046
82,88,3.141593
83,22,0.321751
83,29,1.570796
83,38,0.785398
83,47,-2.356194
83,49,3.141593
83,60,3.141593
83,89,0.785398
83,90,2.356194
83,91,3.141593
84,2,0.321751
84,10,-1.892547
84,18,1.570796
84,22,-1.570796
84,31,2.356194
84,33,-0.785398
84,34,-2.356194
84,54,-2.356194
84,62,2.356194
84,83,0.000000
84,84,1.892547
84,89,-0.785398
85,18,-2.819842
85,21,1.570796
85,25,0.000000
85,27,0.785398
85,35,1.570796
85,45,3.141593
85,51,-1.570796
85,52,-2.356194
85,60,0.000000
85,61,-1.892547
85,77,0.000000
85,78,1.892547
85,84,-1.249046
85,85,3.141593
86,2,-0.321751
86,16,0.321751
86,20,0.321751
86,21,-2.819842
86,31,2.819842
86,35,0.000000
86,39,3.141593
86,47,0.000000
86,48,-1.892547
86,55,0.785398
86,78,-1.249046
86,80,1.892547
86,87,3.141593
86,91,3.141593
87,16,-0.785398
87,25,-2.819842
87,28,-0.785398
87,35,-1.570796
87,65,0.000000
87,75,0.785398
87,80,-1.249046
87,81,3.141593
88,10,0.785398
88,11,3.141593
88,19,0.321751
88,20,-2.819842
88,23,0.321751
88,31,0.000000
88,41,2.356194
88,54,-0.785398
88,55,-1.892547
88,76,1.570796
89,10,-1.570796
89,15,1.570796
89,31,-0.785398
89,52,1.570796
89,72,0.000000
89,77,3.141593
89,85,0.785398
89,90,1.570796
90,14,0.321751
90,19,-2.819842
90,22,0.321751
90,23,-2.819842
90,36,-1.570796
90,44,0.321751
90,47,-2.356194
90,51,0.000000
90,63,0.000000
90,64,0.785398
90,65,1.892547
90,73,-1.570796
91,7,3.141593
91,14,-1.570796
91,16,0.000000
91,22,-0.785398
91,35,3.141593
91,39,-1.570796
91,44,-1.570796
91,60,3.141593
91,65,-1.249046
91,66,-2.356194
91,67,0.785398
91,68,1.892547
91,83,1.570796
91,87,1.570796
92,3,0.321751
92,12,1.570796
92,13,3.141593
92,25,0.321751
92,27,2.819842
92,38,1.570796
92,42,0.785398
92,43,3.141593
92,47,0.785398
92,75,1.570796
92,77,0.000000
92,78,-1.570796
92,83,-0.321751
92,84,2.819842
92,87,-0.321751
92,91,-1.570796
93,3,-0.785398
93,16,0.321751
93,17,-2.819842
93,27,-1.570796
93,29,1.570796
93,33,0.000000
93,34,-1.570796
93,35,3.141593
93,38,-2.819842
93,48,0.785398
93,49,3.141593
93,55,0.000000
93,70,0.000000
93,75,-0.321751
93,80,-1.570796
93,89,2.819842
94,3,0.785398
94,6,1.249046
94,16,-0.785398
94,24,0.321751
94,25,-2.819842
94,29,-2.819842
94,32,1.570796
94,41,0.321751
94,42,-2.819842
94,48,-1.570796
94,67,0.321751
94,68,-2.819842
94,84,-0.321751
94,85,2.819842
95,3,-0.321751
95,6,-1.892547
95,16,2.356194
95,31,0.321751
95,32,-2.819842
95,36,-0.785398
95,41,-1.570796
95,63,3.141593
95,67,-0.785398
95,72,3.141593
95,76,-0.321751
95,77,2.819842
95,81,0.785398
95,85,-2.356194
95,89,-0.321751
95,90,2.819842
96,15,0.321751
96,16,-2.819842
96,23,0.321751
96,24,-2.819842
96,27,0.321751
96,28,-2.819842
96,31,-0.785398
96,36,0.785398
96,40,1.570796
96,59,0.000000
96,77,-1.570796
96,81,-0.321751
96,82,2.819842
96,90,-2.356194
97,4,2.356194
97,8,-1.570796
97,12,-1.570796
97,15,-0.785398
97,19,-1.570796
97,23,-0.785398
97,27,-0.785398
97,37,-2.356194
97,39,-0.785398
97,45,-0.785398
97,67,-1.570796
97,73,-1.570796
97,82,-2.356194
97,90,-1.570796
98,2,0.000000
98,3,-0.785398
98,15,-1.570796
98,23,-1.570796
98,27,-1.570796
98,31,-1.570796
98,78,-1.570796
98,82,-1.570796
98,86,-1.570796
