8,27,1.249046
8,28,2.356194
8,37,0.785398
8,38,1.570796
8,39,2.356194
8,41,0.785398
8,42,1.570796
8,43,2.356194
8,51,0.785398
8,52,1.570796
8,53,2.356194
8,56,0.785398
8,57,1.892547
9,23,1.249046
9,24,2.356194
9,26,-0.785398
10,57,-0.785398
11,70,2.356194
12,15,1.249046
12,16,3.141593
12,22,-1.570796
12,41,0.321751
12,43,2.819842
12,76,2.356194
12,79,0.785398
13,12,1.249046
13,13,2.356194
13,14,-0.785398
13,80,-2.356194
15,33,1.570796
15,38,2.356194
15,81,3.141593
16,9,0.321751
16,34,3.141593
16,36,0.785398
16,57,2.356194
17,9,-1.570796
17,43,1.249046
17,44,2.356194
17,45,0.785398
17,50,0.321751
17,53,2.356194
17,82,2.356194
18,28,0.000000
18,29,1.570796
18,30,2.356194
19,20,0.785398
19,38,-2.356194
19,41,0.321751
19,44,-2.356194
19,45,-0.785398
20,22,2.356194
20,28,0.321751
20,36,3.141593
20,55,1.892547
20,61,-1.892547
20,83,2.356194
21,32,0.785398
21,39,-2.356194
21,66,0.321751
22,18,0.321751
22,24,1.570796
22,43,2.356194
22,45,0.785398
22,55,-1.892547
22,60,2.819842
22,66,-0.785398
23,21,-2.819842
23,24,0.000000
23,30,-1.570796
23,35,-0.785398
23,36,-1.892547
24,18,-0.321751
24,24,-0.785398
24,51,-2.356194
24,52,-0.785398
24,62,1.570796
24,70,0.321751
25,14,2.356194
25,24,2.356194
25,28,0.000000
25,30,-0.785398
25,36,1.249046
25,37,2.356194
25,39,0.785398
25,40,1.570796
25,44,2.356194
25,67,1.892547
25,78,0.321751
26,8,0.785398
26,22,1.570796
26,28,-1.570796
26,48,-1.570796
26,49,-2.356194
26,70,-2.819842
26,78,-0.785398
27,26,1.570796
27,27,3.141593
27,39,0.000000
27,40,-1.570796
27,41,-2.356194
27,42,-0.785398
27,78,2.356194
28,6,1.249046
28,20,-1.570796
28,24,-1.892547
28,31,0.000000
28,32,-1.570796
28,34,1.570796
28,36,-1.570796
28,37,-2.356194
28,60,-1.249046
28,62,1.892547
28,64,1.570796
28,67,-1.249046
28,76,1.249046
28,78,3.141593
29,12,0.321751
29,22,3.141593
29,28,2.356194
29,44,-0.785398
29,45,-1.892547
29,55,0.785398
29,62,-1.249046
29,64,-2.356194
29,73,-2.356194
29,78,-2.356194
30,4,0.321751
30,19,1.249046
30,41,0.785398
30,59,1.892547
30,65,1.570796
30,70,-0.321751
31,11,0.321751
31,24,3.141593
31,27,-2.356194
31,32,1.249046
31,34,-1.570796
31,35,-2.356194
31,42,-1.249046
31,43,-2.356194
31,45,0.785398
31,60,-2.356194
31,67,1.892547
31,71,-1.249046
31,72,3.141593
32,4,-0.321751
32,8,-2.356194
32,11,-0.785398
32,27,0.785398
32,29,1.249046
32,30,2.356194
32,31,-0.785398
32,32,-1.892547
32,50,2.356194
32,55,-0.785398
32,56,-1.570796
32,69,1.892547
32,73,1.570796
32,77,-0.785398
32,78,-2.356194
32,79,0.785398
32,80,1.570796
32,82,1.892547
33,8,2.356194
33,11,0.785398
33,15,2.356194
33,19,-0.785398
33,20,-1.892547
33,23,-2.356194
33,27,-0.321751
33,34,1.249046
33,35,2.356194
33,36,0.785398
33,58,-1.249046
33,60,1.892547
33,69,-1.249046
33,70,3.141593
33,73,-0.785398
33,74,-2.356194
33,75,0.785398
33,76,2.356194
33,85,2.356194
34,8,-2.356194
34,13,-0.785398
34,14,-1.892547
34,22,0.785398
34,32,1.249046
34,34,-1.892547
34,46,-1.249046
34,47,-2.356194
34,48,-0.785398
34,49,-1.570796
34,50,-2.356194
34,71,0.000000
34,72,2.356194
34,80,-0.321751
34,85,-2.819842
35,3,1.249046
35,9,0.785398
35,16,0.000000
35,20,1.249046
35,23,0.000000
35,24,3.141593
35,30,-1.570796
35,36,0.000000
35,37,-1.570796
35,38,-2.356194
35,57,0.785398
35,58,1.892547
35,63,0.785398
35,68,0.785398
35,69,2.356194
35,72,-1.570796
35,77,3.141593
36,2,0.321751
36,11,-1.570796
36,22,-0.785398
36,58,-1.249046
36,59,-2.356194
36,66,3.141593
36,70,-2.356194
36,73,0.000000
36,79,0.785398
36,80,2.356194
36,82,-1.249046
37,17,1.249046
37,19,-1.892547
37,24,2.356194
37,30,1.249046
37,32,-1.892547
37,37,1.249046
37,38,2.356194
37,61,-1.249046
37,62,-2.356194
37,72,0.785398
38,2,0.000000
38,4,-1.892547
38,17,-1.892547
38,22,0.000000
38,23,-1.892547
38,29,-0.785398
38,30,-1.892547
38,34,1.249046
38,35,2.356194
38,36,-0.785398
38,37,-1.892547
38,57,0.785398
38,58,1.892547
38,64,-1.249046
38,72,-0.321751
38,77,2.356194
38,80,-0.321751
39,7,-2.819842
39,19,1.249046
39,20,2.356194
39,25,1.249046
39,26,2.356194
39,32,1.249046
39,34,-1.892547
39,58,-1.249046
39,59,-2.356194
39,60,0.785398
39,61,1.892547
39,66,-1.249046
39,68,1.892547
39,73,-1.249046
39,83,0.000000
40,2,0.000000
40,18,0.000000
40,19,-1.892547
40,23,1.249046
40,25,-1.892547
40,30,1.249046
40,32,-1.892547
40,37,1.249046
40,38,2.356194
40,54,0.785398
40,55,1.892547
40,61,-1.249046
40,62,-2.356194
40,70,1.892547
40,84,-0.785398
41,17,3.141593
41,21,1.249046
41,23,-1.892547
41,29,-0.785398
41,30,-1.892547
41,34,1.249046
41,35,2.356194
41,36,-0.785398
41,55,-1.249046
41,56,-2.356194
41,58,0.785398
41,59,1.892547
41,66,0.785398
41,70,-1.249046
41,71,3.141593
41,82,2.819842
42,2,-0.321751
42,7,0.000000
42,8,-1.892547
42,25,1.249046
42,26,2.356194
42,33,-0.785398
42,34,-1.892547
42,41,0.000000
42,53,3.141593
42,59,-1.249046
42,60,-2.356194
42,72,0.000000
42,73,1.892547
42,77,0.000000
42,78,1.892547
42,82,-1.570796
43,18,3.141593
43,24,-0.785398
43,25,-1.892547
43,29,1.249046
43,30,2.356194
43,38,-1.570796
43,63,3.141593
43,68,-1.249046
43,69,3.141593
43,73,-1.249046
43,74,3.141593
43,78,-1.249046
43,79,3.141593
44,17,-1.892547
44,28,-0.785398
44,29,-1.892547
44,59,0.000000
44,75,0.000000
44,87,-0.785398
44,89,2.819842
45,4,-1.570796
45,7,1.249046
45,19,1.249046
45,32,0.000000
45,33,3.141593
45,39,0.000000
45,47,3.141593
45,51,0.000000
45,55,3.141593
45,61,-2.356194
45,76,-1.570796
45,81,0.000000
45,82,1.892547
45,89,-2.356194
46,6,0.321751
46,29,0.000000
46,30,3.141593
46,57,0.000000
46,69,0.785398
46,77,0.000000
46,78,1.892547
47,6,-1.570796
47,21,1.249046
47,22,3.141593
47,34,3.141593
47,41,0.000000
47,42,3.141593
47,51,0.000000
47,53,3.141593
47,70,-2.356194
47,78,-1.249046
47,79,3.141593
48,4,0.785398
48,5,3.141593
48,8,0.321751
48,13,-2.819842
48,20,0.321751
48,37,0.000000
48,38,3.141593
48,55,0.000000
49,4,-1.570796
49,52,3.141593
49,65,3.141593
49,76,0.000000
49,77,1.892547
49,89,2.356194
50,6,1.249046
50,8,-2.356194
50,19,0.000000
50,20,-1.570796
50,21,-2.356194
50,22,3.141593
50,25,1.249046
50,26,3.141593
50,32,3.141593
50,39,0.000000
50,77,-1.249046
50,82,1.570796
50,86,-1.249046
50,87,-2.356194
50,89,3.141593
51,3,0.785398
51,18,1.570796
51,73,0.000000
51,79,-1.570796
51,84,1.892547
51,89,-2.356194
52,3,0.000000
52,8,0.321751
52,11,0.785398
52,13,-1.892547
52,16,1.249046
52,22,1.249046
52,24,-1.892547
52,34,3.141593
52,43,0.000000
52,52,3.141593
52,55,0.000000
52,58,3.141593
52,85,2.819842
53,3,-0.785398
53,5,-1.570796
53,8,-1.570796
53,26,1.249046
53,27,3.141593
53,39,0.000000
53,40,3.141593
53,72,0.785398
53,85,-1.570796
53,89,2.356194
54,6,0.785398
54,7,3.141593
54,10,0.321751
54,11,-2.819842
54,14,0.321751
54,19,1.249046
54,21,-1.892547
54,25,0.000000
54,26,-1.892547
54,30,-0.785398
54,48,0.000000
54,52,3.141593
54,68,3.141593
54,89,3.141593
55,10,-1.570796
55,14,-1.570796
55,28,2.356194
55,42,0.000000
55,45,3.141593
55,54,0.000000
55,74,0.000000
55,75,1.892547
55,89,-2.356194
56,5,0.321751
56,6,-2.819842
56,13,3.141593
56,40,1.570796
56,60,3.141593
56,66,0.785398
56,71,0.785398
57,5,-1.570796
57,8,1.570796
57,12,-1.570796
57,16,0.000000
57,17,-1.892547
57,21,1.249046
57,22,3.141593
57,30,2.356194
57,36,3.141593
57,51,0.000000
57,52,3.141593
57,72,0.000000
58,2,-1.570796
58,7,0.321751
58,8,-2.819842
58,24,1.249046
58,34,3.141593
58,68,-2.356194
58,73,-1.570796
58,78,2.819842
58,86,1.570796
58,89,2.356194
59,7,-1.570796
59,18,1.249046
59,20,-1.892547
59,23,0.000000
59,27,3.141593
59,33,-0.785398
59,65,2.356194
59,74,0.000000
59,78,-1.570796
59,83,1.570796
59,86,0.000000
59,88,-0.785398
59,89,-2.356194
60,3,1.570796
60,6,1.570796
60,9,1.570796
60,17,0.000000
60,18,-1.892547
60,39,0.000000
60,40,-1.570796
60,41,-2.356194
60,70,0.785398
60,75,-1.570796
60,83,-0.321751
61,2,0.321751
61,3,-2.819842
61,5,0.321751
61,6,-2.819842
61,8,0.321751
61,9,-2.819842
61,16,3.141593
61,21,-0.785398
61,28,2.356194
61,37,1.570796
61,38,3.141593
61,49,0.785398
61,71,-2.356194
61,84,-1.249046
61,86,3.141593
62,2,-0.785398
62,5,-1.570796
62,8,-1.570796
62,11,-0.785398
62,15,-1.570796
62,23,1.249046
62,27,-2.356194
62,31,0.785398
62,32,1.570796
62,33,2.356194
62,34,-0.785398
62,35,-1.892547
62,50,-2.356194
62,68,0.785398
62,73,0.785398
63,2,-1.570796
63,19,3.141593
63,26,-2.356194
63,86,-0.321751
64,7,-1.570796
64,9,1.570796
64,21,0.000000
64,22,-1.892547
64,25,-0.785398
64,30,-1.570796
64,32,-1.570796
64,49,2.356194
64,71,1.570796
64,79,0.000000
64,90,2.356194
65,9,2.356194
65,20,1.570796
65,36,-0.785398
65,47,0.000000
65,48,-0.785398
65,68,1.570796
65,72,3.141593
65,88,-1.249046
65,90,3.141593
66,8,0.321751
66,9,-2.819842
66,20,-2.819842
66,60,0.000000
66,61,3.141593
66,69,3.141593
66,73,-2.356194
66,80,-0.321751
66,90,-2.356194
67,5,2.356194
67,15,-1.570796
67,64,0.785398
67,70,-2.356194
67,77,-1.570796
68,2,-1.570796
68,7,0.321751
68,8,-2.819842
68,17,0.321751
68,65,0.000000
68,66,1.892547
68,90,2.356194
69,21,2.356194
69,66,-1.249046
69,67,3.141593
69,71,0.785398
69,90,3.141593
70,4,2.356194
70,6,0.321751
70,7,-2.819842
70,16,0.321751
70,17,-2.819842
70,63,0.785398
70,68,-2.356194
70,90,-2.356194
71,3,0.000000
71,4,-2.356194
71,6,-1.570796
71,9,1.570796
71,12,1.570796
71,16,-1.570796
71,19,-0.785398
71,24,1.570796
71,33,0.785398
71,55,1.249046
71,56,2.356194
71,57,0.785398
71,58,1.892547
71,73,-2.356194
71,77,0.785398
71,86,2.819842
72,5,0.000000
72,8,0.321751
72,9,-2.819842
72,15,-0.785398
72,24,-1.570796
72,34,0.000000
72,35,1.892547
72,54,0.321751
72,65,-2.356194
72,83,1.570796
72,86,-1.570796
73,11,1.570796
73,26,0.000000
73,27,3.141593
73,35,-1.249046
73,36,3.141593
73,54,-0.785398
73,90,2.356194
74,2,-1.570796
74,7,0.321751
74,8,-2.819842
74,10,0.321751
74,11,-2.819842
74,14,2.356194
74,17,2.356194
74,20,2.356194
74,37,0.000000
74,38,1.892547
74,49,1.249046
74,51,1.892547
74,58,-2.819842
74,63,3.141593
74,67,0.785398
74,90,3.141593
75,4,2.356194
75,7,-1.570796
75,10,-0.785398
75,19,-0.785398
75,38,-1.249046
75,39,-2.356194
75,56,-0.785398
75,72,0.785398
75,76,0.785398
75,90,-2.356194
76,3,0.321751
76,4,-2.819842
76,43,0.785398
76,44,1.570796
76,45,2.356194
76,49,-1.249046
76,51,-1.892547
76,64,0.785398
77,6,2.356194
77,59,-2.356194
77,65,0.000000
77,74,-2.356194
77,87,1.570796
77,90,2.356194
78,2,0.321751
78,6,-2.819842
78,9,2.356194
78,12,-1.570796
78,15,-1.570796
78,44,2.356194
78,61,0.785398
78,66,-1.570796
78,79,-2.356194
78,90,-2.819842
79,2,-0.785398
79,9,-2.819842
79,24,2.356194
79,26,1.570796
79,43,0.321751
79,44,-2.819842
79,67,0.000000
79,76,1.570796
80,2,-1.570796
80,4,-0.785398
80,7,0.321751
80,11,2.356194
80,23,1.570796
80,43,-0.785398
80,68,-1.570796
80,86,-2.356194
81,4,2.356194
81,7,-0.785398
81,23,-2.819842
81,33,1.249046
81,34,2.356194
81,35,0.785398
81,36,1.892547
81,39,1.570796
81,81,0.785398
82,3,0.000000
82,7,2.356194
82,15,1.570796
82,21,0.321751
82,25,0.321751
82,28,1.892547
82,31,1.249046
82,33,-1.892547
82,36,-1.249046
82,37,3.141593
82,42,-0.785398
82,53,2.356194
82,82,1.570796
83,6,0.321751
83,7,-2.819842
83,18,1.570796
83,21,-0.785398
83,25,-1.570796
83,38,-2.356194
83,48,0.000000
83,53,3.141593
83,75,1.570796
83,79,1.570796
83,82,-0.321751
83,83,2.819842
83,86,1.570796
84,6,-0.785398
84,12,1.570796
84,15,2.356194
84,18,-1.570796
84,28,-1.570796
84,31,-2.356194
84,53,-2.356194
84,59,0.785398
84,75,-0.321751
84,79,-0.321751
84,80,2.819842
84,83,-1.570796
85,6,2.356194
85,9,2.356194
85,12,2.356194
85,14,0.321751
85,15,-2.819842
85,31,-1.570796
85,60,-2.356194
85,77,2.819842
85,80,-1.570796
85,87,1.570796
86,5,0.321751
86,6,-2.819842
86,8,0.321751
86,9,-2.819842
86,11,0.321751
86,12,-2.819842
86,14,-0.785398
86,27,-1.570796
86,77,-1.570796
86,89,3.141593
87,2,0.785398
87,11,-0.785398
87,41,1.570796
87,62,0.785398
87,66,0.785398
88,2,-0.321751
88,5,-1.570796
88,8,-2.819842
88,11,2.356194
88,23,-1.570796
88,32,1.570796
88,67,1.570796
88,75,1.570796
88,79,1.570796
88,83,1.570796
88,89,2.819842
89,10,0.321751
89,11,-2.819842
89,49,1.570796
89,59,0.785398
89,67,-0.321751
89,68,2.819842
89,75,-0.321751
89,76,2.819842
89,79,-0.321751
89,83,-0.321751
89,89,-2.356194
90,7,2.356194
90,10,-0.785398
90,16,1.570796
90,22,1.570796
90,26,2.356194
90,45,1.570796
90,49,-1.570796
90,68,-1.570796
90,76,-1.570796
90,89,2.356194
91,7,-2.819842
91,65,-2.356194
91,69,1.570796
91,77,0.000000
91,82,2.819842
91,85,-1.249046
91,86,-2.356194
91,87,0.785398
91,89,-2.819842
92,10,2.356194
92,29,1.570796
92,69,-0.321751
92,78,-1.570796
92,82,-1.570796
93,9,0.321751
93,10,-2.819842
93,13,2.356194
93,50,1.570796
93,79,0.000000
93,83,1.570796
93,88,2.356194
94,4,-0.785398
94,9,-0.785398
94,12,0.321751
94,13,-2.819842
94,50,0.785398
94,67,0.785398
94,80,-1.570796
94,84,-2.356194
94,86,0.785398
94,88,-2.819842
95,18,0.785398
95,50,-0.321751
95,51,2.819842
95,63,1.570796
95,73,2.819842
95,81,1.570796
96,12,-2.819842
96,18,-0.785398
96,19,3.141593
96,21,2.356194
96,37,-1.570796
96,51,-2.356194
96,63,-0.321751
96,64,2.819842
96,73,-1.570796
96,78,1.570796
96,81,-0.321751
96,87,-2.819842
97,8,-0.785398
97,9,-1.570796
97,17,1.570796
97,20,-0.785398
97,24,-0.785398
97,29,-1.570796
97,64,-1.570796
97,79,3.141593
97,82,-1.249046
97,83,-2.356194
97,85,-0.785398
97,86,-1.892547
98,14,-0.785398
98,15,-1.570796
98,33,-1.570796
98,37,0.000000
98,38,3.141593
98,42,-1.570796
98,46,-1.570796
98,52,-2.356194
98,57,-1.570796
98,65,-2.356194
98,71,3.141593
98,76,3.141593
98,80,-2.356194
