13,37,1.249046
13,38,3.141593
13,57,2.356194
13,59,0.785398
13,60,1.570796
13,61,2.356194
14,20,1.249046
14,21,2.356194
14,36,-0.785398
16,15,3.141593
16,20,-1.570796
16,53,0.321751
17,14,-0.785398
17,60,0.785398
18,53,3.141593
19,58,1.249046
19,79,3.141593
20,41,1.249046
20,56,1.249046
20,60,-1.249046
21,55,0.321751
21,58,-2.356194
22,45,1.892547
22,55,-0.785398
22,58,0.785398
23,36,1.892547
23,55,2.356194
23,58,0.000000
24,14,2.356194
24,28,0.785398
24,29,2.356194
24,38,1.892547
24,40,1.249046
24,47,-1.570796
24,53,1.249046
24,55,3.141593
25,28,-0.785398
25,34,-0.321751
25,55,-2.356194
25,61,2.819842
26,31,1.570796
26,49,-2.356194
26,50,0.785398
26,61,-2.356194
26,84,3.141593
27,31,0.000000
27,55,0.785398
27,65,1.249046
27,67,1.892547
28,10,0.321751
28,47,3.141593
28,55,0.000000
28,60,0.321751
28,63,1.570796
28,85,2.356194
29,10,-0.785398
29,31,0.000000
29,45,-0.785398
29,60,-1.570796
29,65,-1.249046
29,72,2.819842
30,23,1.249046
30,24,2.356194
30,36,0.785398
30,49,1.570796
30,51,-1.570796
30,53,1.570796
30,55,-1.570796
30,59,2.356194
30,63,0.785398
31,20,0.000000
31,21,1.570796
31,25,0.000000
31,26,1.892547
31,34,-1.570796
31,44,0.785398
31,65,1.892547
32,28,0.785398
32,33,3.141593
32,37,0.785398
32,53,-0.785398
32,54,-2.356194
32,56,-0.785398
32,60,3.141593
32,74,1.892547
33,47,2.356194
33,48,-0.785398
33,49,-1.570796
33,50,-2.356194
33,51,0.785398
33,52,2.356194
33,70,-2.356194
33,74,-1.249046
34,44,-0.785398
34,64,1.570796
34,66,-1.570796
34,72,-2.356194
35,21,-1.892547
35,39,-0.785398
35,40,-2.356194
35,50,1.249046
35,52,-1.570796
35,53,-2.356194
35,72,0.000000
35,76,0.000000
36,24,0.000000
36,37,2.356194
36,46,-0.785398
36,48,1.570796
36,69,-1.249046
36,70,-2.356194
36,73,1.570796
36,76,-1.570796
37,28,0.000000
37,34,-2.356194
37,35,-0.785398
37,42,1.249046
37,43,2.356194
37,44,0.785398
37,45,2.356194
37,53,1.570796
37,54,2.356194
37,56,-0.785398
37,57,-1.570796
37,59,1.892547
37,78,-0.321751
37,86,2.356194
38,37,0.785398
38,39,1.570796
38,40,2.356194
38,59,-1.249046
38,60,-2.356194
38,86,3.141593
39,21,-0.785398
39,28,0.000000
39,37,-0.785398
39,47,-0.785398
39,48,-1.570796
39,55,1.249046
39,56,2.356194
39,76,-1.249046
39,86,-2.356194
40,33,2.356194
40,61,-0.785398
40,86,2.356194
41,10,0.785398
41,21,1.249046
41,22,2.356194
41,28,-2.356194
41,32,-0.785398
41,67,0.785398
41,68,1.892547
41,72,-0.785398
41,75,3.141593
41,79,1.570796
41,81,1.249046
41,83,1.570796
41,84,2.356194
41,86,3.141593
42,10,0.000000
42,19,0.785398
42,39,0.000000
42,40,-0.785398
42,41,-1.892547
42,53,-0.785398
42,54,-1.570796
42,55,-2.356194
42,79,-0.321751
42,86,-2.356194
43,10,-0.785398
43,48,1.249046
43,50,-2.356194
43,69,-1.249046
43,71,1.892547
43,74,2.819842
43,77,1.570796
44,21,0.785398
44,22,3.141593
44,25,-0.785398
44,28,3.141593
44,36,2.356194
44,41,0.000000
44,45,0.000000
44,47,-0.785398
44,53,1.892547
44,61,1.249046
44,62,3.141593
44,65,-1.249046
44,66,3.141593
44,77,-0.321751
44,80,-1.570796
45,21,-1.570796
45,44,-0.785398
45,50,-0.785398
45,54,-2.356194
45,55,3.141593
45,58,2.356194
45,75,-2.356194
46,29,3.141593
46,33,-0.785398
46,57,-1.570796
46,64,2.356194
46,69,0.000000
46,70,1.892547
46,73,-1.570796
46,79,-2.356194
47,22,1.249046
47,23,2.356194
47,24,0.000000
47,27,0.000000
47,28,-1.892547
47,40,2.356194
47,45,0.000000
47,47,0.785398
47,48,1.892547
47,54,0.000000
47,56,0.000000
47,65,2.356194
47,79,0.785398
47,86,2.356194
48,22,-1.892547
48,25,0.785398
48,26,3.141593
48,38,0.000000
48,39,0.000000
48,49,-2.356194
48,52,3.141593
48,61,-0.785398
48,81,2.356194
48,84,0.785398
49,20,-1.892547
49,25,-1.570796
49,40,0.000000
49,41,3.141593
49,66,-2.356194
49,70,1.570796
49,73,2.819842
49,87,2.819842
50,9,0.321751
50,11,-2.356194
50,15,0.785398
50,16,1.570796
50,24,3.141593
50,35,2.356194
50,36,0.000000
50,39,1.570796
50,44,1.249046
50,45,3.141593
50,49,1.249046
50,50,2.356194
50,51,3.141593
50,62,0.000000
50,63,-0.785398
50,64,-1.892547
50,73,-1.570796
50,80,-2.819842
50,87,-2.356194
51,9,-0.785398
51,23,-1.570796
51,30,0.000000
51,37,0.000000
51,38,-0.785398
51,42,1.249046
51,47,1.249046
51,49,-1.892547
51,71,2.819842
51,74,1.570796
52,36,3.141593
52,41,0.000000
52,42,-1.892547
52,45,0.000000
52,46,-0.785398
52,47,-1.892547
52,51,1.249046
52,52,2.356194
52,53,3.141593
52,59,0.000000
52,64,3.141593
52,71,-2.356194
52,82,0.000000
52,83,-1.892547
53,20,0.785398
53,28,1.570796
53,32,0.000000
53,34,-0.785398
53,49,1.249046
53,51,-1.892547
53,56,0.000000
53,57,3.141593
53,80,0.000000
53,81,2.356194
54,21,3.141593
54,23,1.570796
54,27,0.321751
54,28,-2.819842
54,32,-1.570796
54,42,1.249046
54,43,3.141593
54,48,0.000000
54,49,-1.892547
54,54,2.356194
54,60,0.000000
54,61,3.141593
54,66,3.141593
54,76,-0.321751
54,81,-2.356194
55,23,-2.819842
55,64,-0.785398
55,73,-2.356194
55,78,2.819842
56,26,0.000000
56,29,2.356194
56,43,0.000000
56,44,1.570796
56,45,3.141593
56,50,1.249046
56,51,3.141593
56,56,0.000000
56,57,0.785398
56,66,0.000000
56,67,3.141593
56,73,-1.570796
57,20,0.000000
57,21,-1.892547
57,39,0.000000
57,40,-1.892547
57,49,0.000000
57,50,-1.892547
57,69,0.785398
57,78,-0.321751
57,79,2.819842
57,83,1.570796
57,86,0.000000
57,88,2.819842
58,9,0.785398
58,29,1.570796
58,44,0.000000
58,47,0.785398
58,57,0.000000
58,72,3.141593
58,79,-1.570796
58,88,-2.356194
59,9,0.000000
59,21,0.785398
59,22,1.892547
59,25,2.356194
59,30,-2.356194
59,44,-0.785398
59,49,2.819842
59,55,2.356194
59,67,0.000000
59,68,3.141593
59,80,0.000000
59,81,0.785398
60,9,-0.785398
60,36,-0.785398
60,37,-1.570796
60,38,-2.356194
60,39,3.141593
60,79,0.785398
61,20,0.785398
61,26,3.141593
61,42,0.000000
61,79,-0.321751
62,9,0.785398
62,24,-1.892547
62,47,2.356194
62,48,-0.785398
62,49,-1.892547
62,57,0.785398
62,58,1.570796
62,59,2.356194
62,64,0.785398
62,87,0.321751
62,89,2.819842
63,9,0.000000
63,19,-0.785398
63,20,-2.356194
63,40,3.141593
63,54,-0.785398
63,65,-1.249046
63,66,-2.356194
63,67,-0.785398
63,68,-1.570796
63,69,-2.356194
64,9,-0.785398
64,22,-2.819842
64,25,0.000000
64,26,-1.892547
64,47,-2.356194
64,51,3.141593
64,78,-0.785398
64,79,-1.570796
64,81,-2.356194
64,87,0.000000
65,24,1.570796
65,28,-0.785398
65,30,-1.249046
65,31,3.141593
65,36,0.000000
65,42,3.141593
65,54,-1.570796
65,58,-1.570796
65,61,0.000000
65,87,-0.785398
66,20,0.000000
66,28,2.356194
66,47,0.000000
66,51,3.141593
66,65,3.141593
66,87,2.356194
67,17,2.356194
67,19,1.570796
67,28,-2.356194
67,31,0.000000
67,32,-1.570796
67,42,0.000000
67,45,3.141593
67,67,0.000000
67,73,0.000000
67,87,-2.819842
68,19,-2.819842
68,49,0.000000
68,50,3.141593
68,56,0.000000
68,83,-0.785398
68,84,-1.570796
69,9,0.785398
69,21,1.570796
69,34,-0.785398
69,35,3.141593
69,43,0.000000
69,46,3.141593
69,61,3.141593
69,65,0.000000
69,66,3.141593
69,73,0.785398
69,74,1.892547
69,86,-2.356194
70,9,-0.321751
70,11,2.356194
70,15,-0.785398
70,21,-2.819842
70,24,-0.785398
70,32,2.356194
70,36,1.570796
70,49,0.000000
70,50,3.141593
70,56,0.000000
70,57,3.141593
71,20,-1.892547
71,24,0.000000
71,27,1.249046
71,36,0.000000
71,38,0.785398
71,44,3.141593
71,52,0.000000
71,53,3.141593
71,70,0.000000
71,75,-1.249046
71,76,-2.356194
72,23,1.570796
72,25,0.000000
72,42,1.570796
72,62,0.785398
72,66,0.000000
72,72,-2.356194
73,19,3.141593
73,22,0.321751
73,23,-2.819842
73,30,2.356194
73,36,3.141593
73,39,-0.785398
73,40,-2.356194
73,45,2.356194
73,70,3.141593
73,76,1.570796
74,20,1.570796
74,26,-2.819842
74,29,0.321751
74,34,-1.570796
74,36,-1.570796
74,38,1.570796
74,48,3.141593
74,54,0.785398
74,65,0.785398
74,66,1.892547
74,72,0.785398
74,76,0.785398
74,80,2.356194
75,10,0.785398
75,29,-1.570796
75,31,0.000000
75,32,1.570796
75,38,-2.819842
75,42,-1.570796
75,55,-2.356194
75,61,0.000000
75,67,-2.356194
75,73,0.000000
75,77,-2.356194
75,79,-0.785398
75,80,-2.356194
76,10,0.000000
76,19,-0.785398
76,20,-1.892547
76,28,1.570796
76,41,1.570796
76,57,0.000000
76,58,3.141593
76,69,-2.356194
77,10,-0.785398
77,27,0.321751
77,28,-2.819842
77,41,-2.819842
77,44,-0.785398
77,47,0.785398
77,48,2.356194
77,60,0.785398
77,71,1.570796
77,74,-0.321751
77,75,2.819842
78,36,-1.249046
78,38,-1.570796
78,40,-1.892547
78,47,-0.785398
78,49,0.000000
78,61,-2.356194
78,85,1.570796
79,10,0.785398
79,26,0.000000
79,54,2.356194
79,59,0.785398
79,63,0.000000
79,68,1.570796
79,76,3.141593
79,85,-2.819842
80,10,-0.321751
80,12,2.356194
80,50,0.000000
80,52,0.785398
80,84,-0.785398
81,24,0.785398
81,28,-0.785398
81,33,2.356194
81,38,0.000000
81,46,-1.570796
81,50,-0.785398
82,28,2.356194
82,40,0.000000
82,48,1.570796
82,50,-1.570796
82,79,2.356194
83,26,0.785398
83,36,2.356194
83,41,-2.356194
83,45,2.356194
83,58,3.141593
83,74,0.000000
83,78,-0.785398
83,79,-2.356194
84,22,0.785398
84,26,-0.785398
84,35,3.141593
84,40,1.570796
84,56,-0.785398
84,59,-2.356194
85,26,2.356194
85,30,3.141593
85,34,-1.570796
85,39,0.000000
85,44,2.356194
85,56,-1.570796
85,65,-1.570796
85,84,2.356194
86,26,-2.356194
86,29,-1.570796
86,33,1.570796
86,38,-0.785398
86,43,-0.785398
86,58,1.570796
86,82,0.000000
86,84,-2.819842
87,27,0.785398
87,28,3.141593
87,32,0.321751
87,33,-2.819842
87,41,-0.785398
87,55,1.570796
87,64,1.570796
88,24,0.000000
88,27,-1.570796
88,32,-1.570796
88,35,0.000000
88,36,3.141593
88,52,-1.570796
88,61,-1.570796
89,26,-2.356194
89,30,0.000000
89,40,2.356194
89,43,2.356194
89,46,-0.785398
89,66,1.570796
90,34,1.570796
90,61,2.356194
90,82,1.570796
91,29,3.141593
91,36,0.000000
91,37,3.141593
91,39,-1.570796
91,42,-1.570796
91,45,2.356194
91,48,2.356194
91,50,1.570796
91,66,-1.570796
91,69,0.785398
91,77,1.570796
91,81,0.000000
92,27,3.141593
92,34,-1.570796
92,50,-1.570796
92,54,0.000000
92,57,2.356194
92,70,3.141593
93,23,0.321751
93,26,-1.892547
93,41,2.356194
93,47,-1.570796
93,55,0.000000
93,57,-2.819842
93,60,2.356194
93,63,-1.570796
94,23,-0.785398
94,40,-0.785398
94,50,2.356194
94,59,0.321751
94,60,-2.819842
94,65,1.570796
94,73,2.356194
94,75,-0.785398
94,76,-1.892547
95,31,1.249046
95,32,2.356194
95,59,-0.785398
95,65,0.000000
96,39,2.356194
96,46,1.570796
96,56,0.785398
96,61,1.570796
96,66,1.570796
96,70,-0.785398
96,71,-1.892547
97,31,-1.249046
97,37,1.249046
97,38,3.141593
97,52,-1.570796
97,57,-2.356194
97,64,0.785398
98,34,-1.249046
98,35,-2.356194
98,36,-0.785398
98,37,-1.892547
98,41,-0.785398
98,45,-0.785398
98,48,-1.570796
98,61,-1.570796
98,66,-1.892547
