14,35,1.249046
14,36,2.356194
15,64,2.356194
16,19,2.356194
16,33,-0.785398
18,17,0.000000
18,18,-2.356194
18,36,0.785398
18,37,2.356194
19,36,-0.785398
20,74,2.356194
21,16,0.785398
22,16,-0.785398
22,17,3.141593
23,42,1.570796
24,42,0.000000
24,70,0.321751
25,42,-0.785398
25,70,-0.785398
27,14,0.321751
27,16,3.141593
27,42,2.356194
27,50,1.249046
28,14,-1.570796
29,52,3.141593
29,65,1.249046
30,44,1.570796
30,60,1.892547
30,63,1.249046
30,69,1.570796
31,31,0.000000
31,32,1.892547
31,44,-0.321751
31,47,1.249046
31,48,2.356194
31,49,-0.785398
31,50,-1.570796
31,52,-1.570796
31,54,1.892547
31,65,-1.249046
32,54,-1.249046
32,55,-2.356194
32,57,-0.785398
32,58,-1.570796
33,39,-2.356194
33,45,-0.785398
33,47,-1.570796
33,61,-1.249046
33,73,1.249046
33,85,2.356194
35,13,2.356194
35,30,0.000000
35,42,-1.570796
35,48,-1.570796
35,67,-1.249046
36,12,0.321751
36,37,-2.356194
36,55,1.570796
36,62,0.000000
36,63,0.000000
37,12,-0.785398
37,42,1.570796
37,58,1.570796
37,78,-2.819842
38,27,0.785398
38,28,2.356194
38,29,0.785398
38,35,3.141593
38,55,-1.570796
38,58,-1.570796
38,65,-1.249046
38,66,-2.356194
38,68,0.785398
38,73,-1.249046
39,27,-0.785398
39,33,-0.785398
39,35,-2.356194
39,37,0.785398
40,30,2.356194
40,37,0.000000
40,42,-1.570796
40,80,-2.356194
41,37,-0.785398
41,67,0.785398
41,71,-1.249046
41,72,-2.356194
42,27,0.785398
42,33,2.356194
42,55,0.785398
42,80,2.819842
43,21,0.785398
43,22,1.570796
43,24,1.892547
43,33,3.141593
43,43,2.356194
43,45,-0.785398
43,49,1.570796
43,69,-1.249046
43,71,1.892547
44,12,2.356194
44,28,-2.819842
44,31,-0.785398
44,33,-2.356194
44,35,-1.570796
44,49,-1.570796
44,53,1.570796
44,58,3.141593
44,72,-2.356194
44,74,3.141593
44,80,-2.356194
45,11,0.321751
45,24,-1.892547
45,31,0.785398
45,33,2.356194
45,53,-1.570796
45,81,0.000000
45,82,1.570796
46,11,-0.785398
46,31,-0.321751
46,46,0.785398
46,71,0.000000
46,72,1.892547
46,86,1.570796
47,26,0.321751
47,35,0.785398
47,38,-1.570796
47,50,0.785398
47,72,-1.249046
47,80,0.785398
47,86,-2.819842
48,26,-0.785398
48,29,-2.356194
48,36,-2.356194
49,20,1.249046
49,21,2.356194
49,26,2.356194
49,32,0.000000
49,34,3.141593
49,52,0.000000
49,53,1.892547
49,81,3.141593
49,84,0.321751
49,86,2.819842
50,23,0.000000
50,24,1.570796
50,26,3.141593
50,32,-0.785398
50,34,-1.570796
50,37,1.570796
50,45,1.570796
50,53,-1.249046
50,54,3.141593
50,74,0.785398
50,81,-2.356194
51,35,1.570796
51,37,-0.785398
51,45,-0.321751
51,46,2.819842
51,84,-0.321751
52,35,-0.321751
52,39,-2.356194
52,42,0.785398
52,46,-2.356194
52,57,3.141593
53,22,-1.892547
53,28,-0.785398
53,29,-1.570796
53,36,-2.356194
53,39,0.785398
53,42,-0.321751
53,43,2.819842
53,46,-1.570796
53,87,-1.892547
54,24,-0.321751
54,33,-1.570796
54,36,0.785398
54,40,2.819842
54,55,3.141593
54,79,3.141593
54,82,-1.249046
54,83,3.141593
55,34,1.570796
55,38,3.141593
55,40,-1.570796
55,51,0.000000
55,76,0.785398
55,84,0.000000
56,28,3.141593
56,34,0.000000
56,41,0.000000
56,48,0.785398
56,58,0.000000
56,64,3.141593
56,81,0.000000
56,82,1.892547
57,29,2.356194
57,32,1.570796
57,38,1.570796
57,42,-1.249046
57,46,-1.570796
57,49,0.000000
57,55,3.141593
57,79,3.141593
57,82,-1.249046
57,83,3.141593
57,87,1.570796
57,88,3.141593
58,23,1.249046
58,24,3.141593
58,28,2.356194
58,32,-0.321751
58,38,-0.321751
58,39,2.819842
58,44,-1.570796
58,50,-2.356194
58,71,3.141593
58,76,0.000000
59,30,2.356194
59,36,2.819842
59,39,-1.570796
59,52,0.000000
59,63,0.000000
59,64,3.141593
59,68,-0.785398
59,74,0.785398
59,77,-1.249046
59,78,3.141593
59,81,0.000000
59,82,1.892547
59,85,-1.249046
60,10,0.785398
60,26,0.000000
60,36,-1.570796
60,42,0.785398
60,46,-2.356194
60,75,2.356194
60,79,1.570796
61,10,0.000000
61,20,-0.785398
61,21,-1.570796
61,23,3.141593
61,26,-0.785398
61,37,1.570796
61,58,3.141593
61,84,3.141593
61,90,2.819842
62,10,-0.785398
62,29,-0.785398
62,38,2.819842
62,44,0.000000
62,45,1.892547
62,48,0.785398
62,52,0.000000
62,53,3.141593
62,61,0.000000
62,90,-2.356194
63,27,2.819842
63,30,0.000000
63,32,-1.570796
63,36,0.000000
63,38,-1.570796
63,42,1.570796
63,49,-2.356194
63,55,0.785398
63,75,0.785398
63,78,2.356194
63,82,-1.570796
63,86,1.570796
63,90,2.356194
64,36,0.785398
64,39,1.570796
64,42,-0.321751
64,46,-1.249046
64,47,3.141593
64,72,0.785398
64,73,1.892547
64,76,0.785398
64,77,3.141593
64,83,0.000000
64,84,1.892547
64,86,-0.785398
64,87,-2.356194
64,90,3.141593
65,10,0.785398
65,28,2.819842
65,31,1.570796
65,33,0.000000
65,36,-0.321751
65,43,-1.249046
65,44,3.141593
65,73,-1.249046
65,74,3.141593
65,90,-2.356194
66,10,0.000000
66,21,1.249046
66,22,2.356194
66,51,3.141593
66,75,-0.785398
66,76,-2.356194
66,81,1.570796
66,86,2.819842
67,10,-0.785398
67,23,0.000000
67,26,0.000000
67,41,-1.249046
67,42,3.141593
67,46,0.000000
67,47,1.892547
67,53,0.000000
67,54,3.141593
67,78,0.785398
67,83,1.892547
67,86,-1.570796
67,90,2.356194
68,10,0.785398
68,32,0.000000
68,33,1.892547
68,43,0.000000
68,44,1.892547
68,47,-1.249046
68,48,-2.356194
68,71,1.570796
68,79,-1.570796
68,90,3.141593
69,10,0.000000
69,19,-0.785398
69,24,-0.785398
69,40,-2.356194
69,50,0.000000
69,51,1.892547
69,61,0.000000
69,69,3.141593
69,71,-1.570796
69,74,0.000000
69,75,0.785398
69,76,1.892547
69,80,1.570796
69,85,2.819842
69,88,0.000000
69,90,-2.356194
70,10,-0.785398
70,23,1.570796
70,46,3.141593
70,51,-1.249046
70,52,-2.356194
70,53,0.785398
70,54,1.892547
70,80,-0.321751
70,90,2.356194
71,22,0.321751
71,23,-2.819842
71,26,0.321751
71,39,1.570796
71,42,0.000000
71,43,0.785398
71,54,-1.249046
71,55,-2.356194
71,85,-0.321751
71,86,2.819842
71,90,3.141593
72,26,-0.785398
72,75,1.570796
72,86,-1.570796
73,21,0.321751
73,22,-2.819842
73,27,0.000000
73,30,-0.321751
73,41,-2.356194
73,42,3.141593
73,46,2.819842
73,53,3.141593
73,70,3.141593
73,80,2.819842
73,84,2.819842
73,87,1.570796
73,90,3.141593
74,21,-1.570796
74,24,1.570796
74,55,0.000000
74,56,3.141593
74,80,-1.570796
74,84,-1.570796
74,87,-0.321751
74,90,-2.356194
75,20,1.570796
75,27,2.356194
75,47,-2.356194
75,71,1.570796
75,76,-1.570796
75,90,2.356194
76,20,-2.819842
76,26,0.321751
76,27,-2.819842
76,36,-1.249046
76,37,-2.356194
76,54,3.141593
76,57,2.356194
76,67,3.141593
76,86,-2.356194
76,90,3.141593
77,10,0.785398
77,18,0.000000
77,19,-1.892547
77,26,-0.785398
77,30,0.785398
77,34,-1.570796
77,39,-1.570796
77,44,3.141593
77,56,-0.785398
77,60,0.000000
77,70,-0.785398
77,90,-2.356194
78,10,0.000000
78,32,2.819842
78,35,0.000000
78,36,1.892547
78,40,1.570796
78,46,0.000000
78,47,0.785398
78,48,1.892547
78,75,1.570796
78,79,1.570796
78,82,-1.570796
78,87,0.785398
78,90,2.356194
79,10,-0.785398
79,26,2.356194
79,42,1.892547
79,48,-1.249046
79,49,-2.356194
79,88,0.000000
79,90,-2.819842
80,25,0.321751
80,26,-2.819842
80,32,0.000000
80,44,1.892547
80,76,-2.356194
80,83,1.570796
80,86,1.570796
81,22,2.356194
81,25,-0.785398
81,35,0.785398
81,45,-2.356194
81,66,3.141593
81,68,0.785398
81,72,0.785398
81,88,0.000000
81,90,2.819842
82,22,-2.819842
82,31,0.321751
82,32,-2.819842
82,35,-0.785398
82,48,0.000000
82,49,1.570796
82,50,2.356194
82,81,-1.570796
82,87,0.000000
82,90,-2.356194
83,31,-0.785398
83,38,-0.785398
83,40,-0.785398
83,44,3.141593
83,59,3.141593
83,62,0.785398
83,70,1.570796
83,78,0.785398
83,84,-1.570796
84,41,0.000000
84,63,-2.356194
84,66,0.000000
84,67,3.141593
84,71,3.141593
84,82,1.570796
85,17,1.249046
85,19,-1.570796
85,31,-1.570796
85,35,-1.570796
85,41,-1.570796
85,48,-0.785398
85,49,-1.570796
85,50,-2.356194
85,51,3.141593
85,76,-2.356194
85,85,1.570796
85,90,2.356194
86,82,-1.570796
86,88,0.000000
86,90,-2.819842
87,85,-1.570796
88,28,2.356194
88,31,1.570796
88,80,-1.570796
89,27,0.321751
89,28,-2.819842
89,67,0.785398
89,71,0.785398
89,76,-2.356194
90,12,-0.785398
90,27,-0.785398
90,31,2.356194
91,30,0.321751
91,31,-2.819842
91,42,1.570796
91,68,-1.570796
92,21,1.249046
92,22,3.141593
92,27,2.356194
92,30,-0.785398
92,35,1.570796
92,51,1.570796
92,84,1.570796
93,26,0.321751
93,27,-2.819842
93,42,-1.570796
93,70,0.785398
93,75,-2.356194
94,26,-0.785398
94,32,1.570796
94,38,-1.570796
94,51,-1.570796
94,67,2.356194
94,71,-2.356194
94,81,1.570796
95,20,-1.570796
95,81,-1.570796
96,32,-1.570796
96,39,1.570796
96,43,1.570796
96,66,-1.570796
96,77,0.000000
96,78,3.141593
96,88,-1.570796
97,26,2.356194
97,39,-1.570796
97,43,-1.570796
97,52,1.570796
97,73,0.000000
97,75,3.141593
97,83,-1.570796
98,25,-0.785398
98,30,-1.570796
98,36,-1.570796
98,52,-1.570796
98,79,0.000000
98,80,3.141593
