6,37,1.249046
6,38,2.356194
6,48,0.785398
6,49,2.356194
6,60,2.356194
7,32,1.249046
7,33,2.356194
7,36,-0.785398
7,49,-2.356194
7,63,0.785398
7,64,2.356194
8,24,1.249046
8,25,2.356194
8,31,-0.785398
8,63,-0.785398
9,49,2.356194
9,56,0.321751
10,47,1.249046
10,56,-0.785398
11,14,2.356194
11,21,-0.785398
11,40,0.785398
11,45,0.785398
11,64,2.819842
11,76,2.356194
12,40,0.000000
12,42,0.785398
12,53,1.570796
12,55,2.356194
12,64,-2.356194
13,13,-2.356194
13,40,-0.785398
13,55,-1.570796
13,60,-0.321751
13,73,0.321751
14,11,-1.570796
14,37,1.570796
14,56,0.785398
14,57,2.356194
14,66,0.785398
14,67,1.892547
14,73,-1.570796
15,37,0.000000
15,39,-0.785398
15,40,-1.570796
15,41,-2.356194
15,42,-0.785398
15,49,0.321751
15,56,-1.570796
15,59,0.785398
16,26,0.785398
16,28,1.249046
16,29,2.356194
16,52,0.000000
16,54,0.785398
16,69,2.819842
17,26,0.000000
17,52,-1.570796
17,73,2.819842
18,67,-1.249046
19,37,-0.785398
19,43,-0.785398
19,48,-1.570796
19,51,-1.249046
19,52,3.141593
19,63,-1.249046
19,64,3.141593
20,34,0.785398
20,35,1.892547
20,45,-1.249046
20,47,2.356194
20,53,0.000000
20,54,1.570796
20,60,0.000000
20,61,1.892547
20,65,0.000000
20,66,1.892547
20,70,-1.570796
21,29,-1.570796
21,37,-1.570796
21,38,3.141593
21,47,-1.570796
21,67,-2.356194
21,68,0.785398
21,69,2.356194
22,27,0.785398
22,35,-1.570796
22,48,1.570796
22,65,3.141593
22,69,-2.356194
23,11,3.141593
23,30,2.356194
23,33,0.785398
23,42,0.785398
23,43,2.356194
23,48,-0.785398
23,49,-2.356194
23,51,0.785398
23,57,-1.249046
23,58,-2.356194
23,59,3.141593
24,8,0.321751
24,42,-1.570796
24,62,-0.785398
24,64,-1.249046
24,65,-2.356194
25,8,-0.785398
25,19,2.356194
25,24,0.785398
25,25,1.570796
25,26,2.356194
25,34,-1.570796
25,37,0.785398
25,38,1.570796
25,39,2.356194
25,40,0.785398
25,52,0.000000
25,56,-2.356194
25,67,0.000000
25,71,1.892547
25,84,2.356194
26,14,1.570796
26,33,1.570796
26,42,2.819842
26,52,-0.785398
26,73,1.892547
27,8,2.356194
27,14,0.000000
27,39,0.000000
27,52,-1.570796
27,68,0.785398
27,73,-1.249046
27,75,1.892547
27,77,0.785398
27,78,1.892547
28,7,0.321751
28,22,0.785398
28,26,-2.356194
28,29,-0.785398
28,30,-1.892547
28,33,-1.249046
28,34,3.141593
28,42,-2.819842
28,46,0.785398
28,68,-0.785398
28,82,-1.892547
29,7,-1.570796
29,19,-1.892547
29,47,-2.356194
30,26,2.356194
30,36,0.000000
30,40,-2.356194
30,45,2.356194
30,55,1.570796
31,20,1.249046
31,21,2.356194
31,22,-0.785398
31,23,-1.570796
31,25,-1.892547
31,32,0.785398
31,33,1.892547
31,44,-0.785398
31,55,-1.570796
31,67,0.000000
31,68,1.892547
32,12,0.000000
32,13,1.570796
32,14,2.356194
32,16,0.785398
32,17,1.570796
32,18,2.356194
32,19,-0.785398
32,33,-1.249046
32,35,1.570796
33,65,0.785398
33,69,-1.249046
33,70,-2.356194
33,72,-0.785398
33,73,-1.892547
33,76,-2.356194
34,13,0.785398
34,19,2.356194
34,20,-0.785398
34,21,-1.570796
34,22,-2.356194
34,38,-1.570796
34,60,0.785398
35,8,1.249046
35,10,1.892547
35,15,0.785398
35,16,1.570796
35,18,-1.892547
35,33,-2.356194
35,61,-2.356194
35,68,0.000000
35,69,1.892547
35,78,1.892547
35,81,0.785398
35,82,1.892547
35,85,0.000000
36,12,-0.785398
36,13,-1.892547
36,40,1.570796
36,43,0.785398
36,44,1.892547
36,50,0.000000
36,51,3.141593
36,69,-1.249046
36,70,-2.356194
36,74,-0.785398
36,75,-1.892547
37,18,2.356194
37,31,3.141593
37,42,2.356194
37,45,2.819842
37,65,0.000000
37,79,-1.570796
38,7,-1.570796
38,9,-1.892547
38,15,1.249046
38,17,-1.892547
39,13,1.249046
39,21,1.249046
39,22,2.356194
39,32,3.141593
39,34,1.570796
39,42,-0.321751
39,45,-0.785398
39,46,-2.356194
39,47,3.141593
39,62,0.000000
39,63,3.141593
39,74,0.785398
39,75,1.892547
39,80,-0.321751
39,82,-2.819842
40,4,0.321751
40,6,3.141593
40,11,1.249046
40,17,2.356194
40,20,-0.785398
40,21,-1.892547
41,4,-0.785398
41,8,0.785398
41,44,-1.570796
41,49,0.000000
41,66,0.000000
41,79,1.249046
41,80,3.141593
42,30,3.141593
42,73,0.785398
43,18,2.356194
43,34,-1.570796
43,46,0.000000
43,47,1.892547
44,15,0.000000
44,41,0.785398
44,47,-1.249046
44,48,3.141593
44,66,0.000000
44,68,3.141593
44,85,-0.785398
44,87,2.819842
45,14,3.141593
45,30,3.141593
45,32,1.570796
45,36,0.785398
45,43,3.141593
45,49,1.570796
45,56,3.141593
45,61,0.000000
45,63,3.141593
45,70,0.000000
45,74,-0.785398
45,75,-1.892547
45,81,1.570796
45,82,2.356194
45,87,-2.356194
46,21,-0.785398
46,32,-1.570796
46,51,1.892547
46,66,0.000000
47,3,0.321751
47,14,0.000000
47,19,2.356194
47,45,0.785398
47,51,-1.249046
47,52,3.141593
48,3,-0.785398
48,9,3.141593
48,34,3.141593
48,62,0.000000
48,71,2.356194
48,77,0.785398
49,16,1.249046
49,17,3.141593
49,32,0.000000
49,41,-2.356194
49,48,-2.356194
49,56,-2.356194
49,64,-2.356194
49,67,0.000000
49,69,-0.785398
49,70,-1.892547
49,83,1.892547
49,87,2.356194
50,7,-1.570796
50,10,0.000000
50,11,-1.892547
50,14,1.249046
50,16,-1.892547
50,28,0.785398
50,43,0.785398
50,50,0.785398
50,58,0.000000
50,59,3.141593
50,85,0.785398
50,87,-2.819842
51,18,1.249046
51,19,3.141593
51,26,3.141593
51,30,3.141593
51,61,0.000000
51,62,0.785398
51,63,1.892547
51,78,2.356194
51,83,-1.892547
52,2,0.785398
52,5,1.570796
52,13,-1.892547
52,17,0.000000
52,18,-1.892547
52,40,0.785398
52,54,3.141593
52,63,-1.249046
52,64,-2.356194
52,66,3.141593
52,75,0.785398
52,76,1.570796
52,78,3.141593
53,2,-0.321751
53,11,-1.570796
53,15,1.249046
53,16,3.141593
53,58,0.785398
54,9,2.356194
54,14,0.321751
54,19,1.249046
54,20,3.141593
54,27,0.000000
54,29,0.785398
54,30,1.892547
54,37,0.000000
54,38,1.892547
54,49,0.000000
54,50,1.892547
54,79,2.819842
55,30,-1.249046
55,31,-2.356194
55,38,-1.249046
55,39,3.141593
55,45,0.785398
55,46,1.892547
55,50,-1.249046
55,51,-2.356194
55,53,0.785398
55,54,1.892547
56,3,0.785398
56,5,1.249046
56,7,-1.892547
56,14,-2.819842
56,17,0.000000
56,18,-1.892547
56,34,0.000000
56,35,1.892547
56,46,-1.249046
56,47,3.141593
56,54,-1.249046
56,55,3.141593
56,71,-0.785398
56,72,-1.570796
56,73,-2.356194
56,79,-0.321751
56,80,2.819842
57,3,0.000000
57,16,1.570796
57,35,-1.249046
57,36,3.141593
57,48,0.000000
57,49,1.892547
57,76,-2.356194
57,86,2.356194
58,8,1.570796
58,11,0.321751
58,16,-2.819842
58,26,0.000000
58,38,3.141593
58,43,0.000000
58,44,1.892547
58,49,-1.249046
58,51,1.892547
58,63,0.785398
58,64,1.892547
58,75,1.570796
58,81,-2.356194
58,86,3.141593
59,3,0.000000
59,8,2.356194
59,11,-0.785398
59,14,0.321751
59,24,2.356194
59,31,3.141593
59,44,-1.249046
59,46,1.892547
59,51,-1.249046
59,52,-2.356194
59,64,-1.249046
59,65,-2.356194
59,72,0.785398
59,73,1.570796
59,77,1.570796
59,86,-2.356194
60,3,-1.570796
60,8,-2.819842
60,40,2.356194
60,46,-1.249046
60,47,-2.356194
60,48,3.141593
60,55,-2.356194
61,6,0.321751
61,10,1.570796
61,13,0.321751
61,14,-2.819842
61,23,-1.570796
61,36,0.000000
61,42,0.000000
61,43,1.892547
61,57,0.000000
61,74,2.819842
62,9,0.321751
62,10,-2.819842
62,16,1.570796
62,27,3.141593
62,34,1.570796
62,43,-1.249046
62,44,3.141593
62,65,0.785398
62,66,1.892547
62,74,-2.356194
63,5,0.321751
63,6,-2.819842
63,12,0.321751
63,13,-2.819842
63,20,1.570796
63,25,1.570796
63,41,1.892547
63,52,0.000000
63,54,0.785398
63,55,1.892547
63,66,-1.249046
63,67,-2.356194
63,69,0.785398
63,70,1.570796
63,71,3.141593
63,76,0.785398
63,78,2.356194
64,2,0.785398
64,8,0.321751
64,9,-2.819842
64,12,-1.570796
64,16,2.356194
64,24,0.000000
64,38,-0.785398
64,43,1.892547
64,55,-1.249046
64,56,-2.356194
64,78,3.141593
65,2,-0.321751
65,15,0.321751
65,16,-2.819842
65,28,3.141593
65,40,-0.785398
65,43,-1.249046
65,44,3.141593
65,64,0.785398
65,65,1.892547
65,78,-2.356194
66,7,0.321751
66,8,-2.819842
66,15,-0.785398
66,21,1.570796
66,27,-1.570796
66,31,-1.570796
66,45,0.000000
66,46,1.892547
66,51,0.785398
66,52,1.892547
66,65,-1.249046
66,66,3.141593
66,75,-1.570796
67,7,-0.785398
67,11,0.000000
67,29,1.570796
67,42,0.785398
67,46,-1.249046
67,47,3.141593
67,52,-1.249046
67,53,-2.356194
67,55,0.785398
67,56,1.892547
67,79,1.570796
68,7,2.356194
68,43,-2.356194
68,48,0.000000
68,58,1.570796
68,59,2.356194
68,80,3.141593
68,86,2.356194
69,6,0.321751
69,7,-2.819842
69,15,0.000000
69,23,0.785398
69,30,-2.356194
69,35,-1.570796
69,47,-0.785398
69,56,-0.785398
69,71,-0.785398
69,76,1.570796
69,84,0.785398
69,86,-2.819842
70,6,-0.785398
70,23,-0.321751
70,24,2.819842
70,57,0.000000
70,63,1.570796
71,24,-1.570796
71,27,-1.570796
71,73,1.570796
72,6,2.356194
72,9,-1.570796
72,16,-1.570796
72,21,-1.570796
72,46,1.570796
72,53,1.570796
72,60,-1.570796
73,5,0.321751
73,6,-2.819842
73,31,3.141593
73,64,1.570796
73,73,-1.570796
74,5,-0.785398
74,53,-1.570796
74,57,-1.570796
74,60,1.570796
74,67,2.356194
74,71,1.570796
75,10,1.570796
75,14,-1.570796
75,17,1.570796
75,22,1.570796
75,46,-1.570796
75,63,-0.785398
75,65,-1.249046
75,67,3.141593
75,71,-1.570796
75,74,1.570796
75,77,0.785398
76,8,1.570796
76,12,-1.570796
76,29,-2.356194
76,39,2.356194
76,53,1.570796
76,60,-1.570796
76,67,-1.570796
76,77,0.000000
77,10,-1.570796
77,15,1.570796
77,17,-1.570796
77,20,1.570796
77,23,-2.356194
77,31,0.000000
77,32,3.141593
77,53,-1.570796
77,56,1.570796
77,72,1.570796
77,74,-1.570796
78,13,1.570796
78,20,-0.321751
78,21,2.819842
78,27,-2.356194
78,37,-0.785398
78,49,-1.570796
78,59,1.570796
78,65,0.785398
78,72,-1.570796
78,79,-1.570796
78,80,-2.356194
79,8,-1.570796
79,13,-1.570796
79,15,-1.570796
79,21,-2.356194
79,24,0.785398
79,52,1.570796
80,2,-0.785398
80,11,1.570796
80,25,-2.356194
80,31,0.000000
80,34,3.141593
80,48,1.570796
80,59,-1.570796
80,75,1.570796
80,85,2.356194
81,4,1.570796
81,6,0.785398
81,16,1.570796
81,48,2.356194
81,52,-1.570796
81,66,-1.570796
81,72,1.570796
81,85,-2.819842
82,6,-0.321751
82,7,2.819842
82,9,0.785398
82,16,0.785398
82,22,-2.356194
82,47,0.321751
82,48,-2.819842
82,75,0.785398
83,2,1.570796
83,4,0.785398
83,7,-2.356194
83,16,-0.321751
83,17,2.819842
83,47,-1.570796
83,55,-1.570796
83,59,1.570796
83,65,1.570796
83,75,0.000000
83,84,3.141593
84,4,-0.321751
84,5,2.819842
84,17,-1.570796
84,62,1.570796
84,75,-0.785398
84,84,-2.356194
85,5,-2.356194
85,45,-0.785398
85,75,0.785398
86,2,0.785398
86,18,-1.570796
86,53,1.570796
86,62,-1.570796
86,76,3.141593
87,2,-0.321751
87,53,-1.570796
87,58,-0.785398
88,4,2.819842
88,6,0.785398
88,15,-1.570796
88,43,2.356194
88,47,2.356194
88,65,-1.570796
89,30,0.000000
89,31,3.141593
89,42,-0.785398
89,58,1.570796
89,72,0.785398
89,79,2.356194
90,2,1.570796
90,4,-0.321751
90,8,2.819842
90,13,1.570796
90,45,-0.785398
90,55,2.356194
90,58,-1.570796
90,61,2.356194
90,72,-0.785398
90,73,-2.356194
90,78,-0.785398
90,79,-2.356194
91,2,0.785398
91,8,-1.570796
91,13,-0.785398
91,14,3.141593
91,20,-0.785398
91,54,-0.785398
91,81,2.356194
92,2,-0.321751
92,3,2.819842
92,6,-2.356194
92,9,1.570796
92,12,-0.785398
92,15,1.570796
92,23,-1.249046
92,24,-2.356194
92,25,3.141593
92,27,0.000000
92,28,3.141593
92,43,2.356194
92,68,2.356194
93,3,-2.356194
93,6,0.785398
93,9,-0.321751
93,13,1.570796
93,15,-0.785398
93,16,3.141593
93,41,0.000000
93,67,0.321751
94,3,0.785398
94,13,-0.785398
94,17,0.000000
94,18,1.892547
94,23,0.000000
94,24,3.141593
94,67,-1.570796
94,71,2.356194
95,3,-0.785398
95,5,2.356194
95,15,1.570796
95,19,-2.356194
95,49,2.356194
95,63,2.356194
95,76,0.000000
95,77,-1.892547
96,5,-1.570796
96,9,2.819842
96,11,-0.785398
96,15,-0.785398
96,48,-0.785398
96,56,3.141593
96,71,-1.249046
96,72,-2.356194
97,6,2.356194
97,9,-1.570796
97,17,-1.249046
97,19,1.892547
97,23,2.356194
97,25,0.000000
97,26,3.141593
97,43,3.141593
97,58,-1.570796
97,62,-1.570796
98,5,-0.785398
98,10,-2.356194
98,19,-1.249046
98,20,-2.356194
98,22,-0.785398
98,30,0.000000
98,31,3.141593
98,41,-0.785398
98,53,-0.785398
98,65,-0.785398
