12,45,1.249046
12,46,2.356194
14,20,1.249046
14,21,2.356194
14,45,-2.356194
15,61,2.356194
16,14,1.249046
16,15,3.141593
16,20,-1.570796
17,13,0.321751
17,58,0.321751
18,13,-0.785398
18,58,-1.570796
20,13,2.356194
21,79,2.356194
22,26,0.785398
22,27,2.356194
22,58,3.141593
23,10,0.321751
23,26,-0.785398
23,55,0.000000
23,56,-1.892547
24,10,-1.570796
24,49,-0.321751
24,52,-2.356194
25,81,0.785398
26,44,-0.785398
26,47,2.356194
26,50,3.141593
26,81,0.000000
27,9,0.785398
27,39,1.249046
27,40,2.356194
27,60,3.141593
27,81,-0.785398
28,9,-0.785398
28,10,3.141593
28,33,1.570796
28,38,-0.785398
28,39,-1.892547
28,46,2.356194
28,49,0.321751
28,51,2.819842
28,61,1.570796
28,63,1.249046
28,71,1.570796
28,73,-1.892547
29,42,1.249046
29,43,2.356194
29,56,0.321751
29,65,-2.356194
30,19,0.321751
30,31,1.249046
30,33,-1.892547
30,39,2.356194
30,41,-0.785398
30,42,-1.892547
30,46,-1.249046
30,47,-2.356194
30,48,-0.785398
30,49,-1.570796
30,60,0.321751
30,69,0.000000
31,19,-0.785398
31,28,2.356194
31,30,-0.785398
31,31,-1.892547
31,35,0.000000
31,36,3.141593
31,38,-0.785398
31,56,3.141593
31,66,1.892547
32,19,0.785398
32,24,-2.356194
32,26,-0.785398
32,27,-1.892547
32,66,-1.249046
32,67,-2.356194
32,87,2.356194
33,21,-0.785398
33,22,-1.892547
33,33,1.249046
33,34,2.356194
33,37,-0.785398
33,38,-1.570796
33,39,-2.356194
33,40,0.785398
33,41,1.570796
33,42,3.141593
33,52,0.785398
33,56,3.141593
33,69,-1.249046
34,18,-0.785398
34,19,-1.892547
34,32,-0.785398
34,33,-1.892547
34,56,-2.356194
35,36,0.000000
35,37,3.141593
35,42,3.141593
35,56,2.356194
35,59,0.321751
35,67,2.356194
36,20,0.000000
36,34,2.356194
36,52,0.000000
36,53,-1.570796
36,54,-2.356194
36,64,-2.356194
36,65,-0.785398
36,80,1.570796
36,83,0.321751
37,7,2.356194
37,30,0.000000
37,33,0.000000
37,67,-0.785398
37,79,-0.785398
37,80,-2.356194
38,27,3.141593
38,34,-2.356194
38,42,0.000000
38,43,3.141593
38,70,-2.356194
39,5,0.321751
39,18,1.249046
39,19,2.356194
39,57,-2.356194
39,65,1.892547
39,73,0.000000
39,74,0.785398
39,83,-1.249046
39,84,3.141593
39,88,2.356194
40,5,-0.785398
40,9,0.785398
40,11,1.892547
40,17,-0.785398
40,18,-1.892547
40,30,3.141593
40,60,0.785398
40,65,-1.249046
40,67,1.892547
40,75,-1.249046
40,77,1.892547
40,88,3.141593
41,61,-1.249046
41,67,-1.249046
41,68,-2.356194
41,69,3.141593
41,78,-2.356194
41,88,-2.356194
42,11,-1.892547
42,19,1.249046
42,20,2.356194
42,63,-1.249046
42,64,-2.356194
42,65,3.141593
42,72,0.000000
42,74,3.141593
42,81,0.000000
42,82,1.892547
43,18,-0.785398
43,19,-1.892547
43,28,3.141593
43,60,-2.356194
43,76,0.785398
43,82,-1.249046
43,83,-2.356194
43,87,-0.785398
43,89,2.819842
44,13,1.249046
44,14,2.356194
44,57,0.000000
44,58,3.141593
44,77,-2.356194
44,78,3.141593
44,80,1.570796
44,89,-2.356194
45,12,-0.785398
45,13,-1.892547
45,61,0.000000
45,62,3.141593
45,69,0.000000
45,71,3.141593
45,80,-1.570796
46,5,0.785398
46,8,1.249046
46,9,2.356194
46,58,0.000000
46,59,3.141593
46,66,0.000000
46,67,3.141593
46,75,0.000000
46,76,3.141593
47,5,0.000000
47,14,1.249046
47,15,2.356194
47,24,2.356194
47,47,0.000000
47,48,3.141593
47,64,3.141593
47,83,0.785398
47,84,1.892547
48,8,-1.570796
48,13,-0.785398
48,14,-1.892547
48,59,0.000000
48,68,0.000000
48,77,3.141593
48,79,0.000000
48,84,-1.249046
48,85,3.141593
48,89,2.356194
49,5,0.000000
49,10,2.356194
49,20,0.000000
49,56,0.000000
49,57,3.141593
49,71,2.356194
49,72,3.141593
49,75,0.785398
49,82,1.570796
49,89,3.141593
50,9,-1.892547
50,18,3.141593
50,54,3.141593
50,69,-0.785398
50,70,-1.892547
50,76,-2.356194
50,80,3.141593
50,89,-1.570796
51,4,0.321751
51,7,-1.892547
51,13,1.249046
51,14,2.356194
51,51,0.000000
51,61,1.249046
51,63,1.570796
51,64,2.356194
52,10,1.249046
52,11,2.356194
52,12,-0.785398
52,13,-1.892547
52,48,0.000000
52,49,3.141593
52,60,-0.785398
52,61,-1.892547
52,75,0.000000
52,84,0.000000
52,85,1.892547
53,4,0.000000
53,9,0.000000
53,10,-1.892547
53,18,3.141593
53,56,1.249046
53,57,3.141593
53,64,0.000000
53,65,3.141593
53,67,0.000000
53,72,3.141593
53,80,-2.356194
53,90,2.356194
54,7,2.356194
54,16,-0.785398
54,20,2.356194
54,39,0.000000
54,40,3.141593
54,53,1.249046
54,54,2.356194
54,60,0.000000
54,86,-1.249046
54,87,-2.356194
54,90,3.141593
55,4,-0.321751
55,11,1.249046
55,12,2.356194
55,13,3.141593
55,19,-0.785398
55,56,-1.249046
55,57,-2.356194
55,71,0.000000
55,73,3.141593
55,78,0.785398
55,83,0.785398
55,90,-2.356194
56,9,1.249046
56,11,-1.892547
56,22,3.141593
56,39,0.000000
56,40,3.141593
56,49,1.570796
56,53,-2.356194
56,60,2.356194
56,65,3.141593
57,4,0.321751
57,6,-2.356194
57,8,-0.785398
57,9,-1.892547
57,16,3.141593
57,20,0.000000
57,55,1.249046
57,56,2.356194
57,58,-0.785398
57,59,-1.892547
57,80,0.000000
57,81,1.892547
57,85,0.000000
57,86,1.892547
58,4,-0.785398
58,18,-0.785398
58,22,3.141593
58,42,1.249046
58,44,1.892547
58,46,1.249046
58,47,3.141593
58,67,3.141593
58,77,0.785398
58,86,-1.249046
58,88,1.892547
58,91,2.356194
59,9,1.249046
59,10,2.356194
59,16,2.356194
59,26,0.785398
59,32,0.785398
59,40,2.356194
59,49,-0.785398
59,55,-1.249046
59,57,1.570796
59,58,2.356194
59,61,0.000000
59,82,-1.249046
59,84,1.892547
59,91,-2.819842
60,3,0.321751
60,5,-2.356194
60,8,-0.785398
60,9,-1.892547
60,27,0.785398
60,28,2.356194
60,35,3.141593
60,42,-1.249046
60,44,-1.892547
60,51,2.356194
60,52,-0.785398
60,63,2.356194
60,69,3.141593
60,73,0.000000
60,88,-1.570796
61,3,-0.785398
61,22,0.000000
61,27,-1.570796
61,36,0.000000
61,37,-0.785398
61,38,-1.892547
61,49,-0.785398
61,50,-1.892547
61,58,0.000000
61,61,-0.785398
61,62,-1.892547
61,75,0.000000
61,76,1.892547
61,80,0.000000
61,81,1.892547
61,85,-1.249046
61,87,2.356194
62,10,1.249046
62,11,2.356194
62,12,0.000000
62,34,-2.356194
62,43,0.000000
62,45,-0.785398
62,46,-1.892547
62,54,0.000000
62,70,0.000000
62,71,3.141593
62,76,-1.249046
62,77,3.141593
62,91,2.356194
63,3,0.785398
63,7,1.249046
63,8,2.356194
63,9,-0.785398
63,10,-1.892547
63,13,0.000000
63,14,1.892547
63,18,0.000000
63,19,0.785398
63,20,1.570796
63,21,2.356194
63,22,3.141593
63,28,0.000000
63,29,3.141593
63,39,0.000000
63,40,3.141593
63,49,0.000000
63,50,3.141593
63,78,1.570796
63,87,0.000000
63,89,0.785398
63,91,-2.819842
64,5,2.356194
64,6,-0.785398
64,7,-1.892547
64,25,0.000000
64,26,3.141593
64,43,0.000000
64,46,3.141593
64,79,3.141593
64,83,-1.249046
64,85,1.892547
64,87,-1.570796
65,2,0.321751
65,10,0.000000
65,11,3.141593
65,16,2.819842
65,21,-2.356194
65,39,0.000000
65,41,3.141593
65,68,0.785398
66,2,-0.785398
66,4,-1.570796
66,19,3.141593
66,25,0.000000
66,26,3.141593
66,45,0.000000
66,47,3.141593
66,58,0.000000
66,60,3.141593
66,69,-2.356194
66,81,0.000000
66,82,1.892547
66,86,-1.249046
66,87,3.141593
67,5,0.785398
67,6,2.356194
67,8,3.141593
67,16,-0.785398
67,17,-2.356194
67,23,3.141593
67,30,0.000000
67,31,3.141593
67,41,0.000000
67,43,3.141593
67,52,0.000000
67,54,3.141593
67,71,0.785398
67,76,0.000000
67,91,2.356194
68,2,0.785398
68,10,1.249046
68,11,2.356194
68,12,3.141593
68,15,-0.785398
68,20,0.000000
68,47,0.000000
68,50,3.141593
68,66,0.000000
68,89,0.000000
68,91,-2.819842
69,2,0.000000
69,4,-0.785398
69,5,-2.356194
69,8,1.249046
69,10,-1.892547
69,18,0.785398
69,43,0.000000
69,45,3.141593
69,55,0.000000
69,56,3.141593
69,68,-2.356194
69,79,0.000000
69,80,1.892547
70,2,-0.785398
70,8,-1.892547
70,16,0.785398
70,24,3.141593
70,38,0.000000
70,39,3.141593
70,64,0.785398
70,70,0.785398
70,80,-1.249046
70,81,3.141593
70,85,-1.249046
70,87,1.892547
70,91,-2.356194
71,36,0.785398
71,43,0.000000
71,45,3.141593
71,71,-2.356194
71,77,0.000000
71,78,1.892547
71,88,2.819842
72,4,-0.785398
72,5,-1.892547
72,9,1.249046
72,10,2.356194
72,11,3.141593
72,38,3.141593
72,62,0.785398
72,83,0.000000
72,84,1.892547
72,88,-1.570796
73,8,0.000000
73,9,-1.892547
73,23,0.000000
73,25,3.141593
73,45,0.000000
73,47,3.141593
73,57,0.000000
73,58,3.141593
74,6,1.249046
74,7,3.141593
74,12,1.249046
74,13,2.356194
74,21,3.141593
74,34,2.356194
74,51,0.000000
74,52,3.141593
74,77,0.785398
74,80,-1.249046
74,81,3.141593
75,4,1.249046
75,6,-1.892547
75,26,0.000000
75,29,3.141593
75,33,-0.785398
75,38,0.000000
75,42,3.141593
75,47,2.356194
75,55,0.000000
75,58,3.141593
75,60,0.000000
75,61,0.785398
75,62,1.892547
75,66,0.000000
75,67,1.892547
76,3,0.321751
76,10,-0.785398
76,11,-1.892547
76,23,3.141593
76,44,0.000000
76,46,0.000000
76,49,0.785398
76,62,-1.249046
76,63,3.141593
76,67,-1.249046
76,68,3.141593
76,87,-1.249046
76,89,1.892547
76,91,2.356194
77,3,-0.785398
77,7,1.249046
77,8,3.141593
77,19,1.249046
77,20,2.356194
77,31,0.000000
77,32,3.141593
77,47,-2.356194
77,51,0.785398
77,52,1.892547
77,57,0.000000
77,64,-2.356194
77,84,0.000000
77,85,1.892547
77,91,-2.819842
78,6,-0.785398
78,16,1.249046
78,17,2.356194
78,18,-0.785398
78,19,-1.892547
78,39,0.000000
78,40,3.141593
78,70,0.000000
78,71,1.892547
78,77,0.000000
78,78,1.892547
78,85,-1.249046
78,86,3.141593
79,9,2.356194
79,15,0.000000
79,16,-1.892547
79,52,-1.570796
79,54,1.570796
79,61,0.000000
79,62,1.892547
79,66,0.000000
79,71,-1.249046
79,72,3.141593
79,79,2.819842
79,90,2.356194
80,7,0.000000
80,8,-1.892547
80,22,3.141593
80,26,0.000000
80,29,3.141593
80,51,-0.785398
80,54,-0.785398
80,55,-2.356194
80,57,3.141593
80,62,-1.249046
80,64,1.892547
80,68,0.000000
80,69,1.892547
80,73,1.570796
80,79,-2.356194
80,83,0.000000
80,84,1.892547
80,90,3.141593
81,5,1.249046
81,6,3.141593
81,73,-0.321751
81,90,-2.356194
82,4,0.000000
82,5,-1.892547
82,15,1.249046
82,16,3.141593
82,33,3.141593
82,65,-1.249046
82,66,3.141593
82,74,-1.249046
82,75,3.141593
82,80,0.000000
82,81,1.892547
83,2,0.000000
83,7,1.249046
83,8,3.141593
83,14,-0.785398
83,15,-1.892547
83,21,1.249046
83,22,2.356194
83,42,0.000000
83,63,0.785398
83,67,0.000000
83,68,1.892547
84,11,1.249046
84,12,3.141593
84,20,-0.785398
84,21,-1.892547
84,45,-2.356194
84,51,0.785398
85,5,0.000000
85,6,-1.892547
85,10,0.000000
85,11,-1.892547
85,16,1.249046
85,17,2.356194
85,36,3.141593
85,52,-2.356194
85,78,0.000000
85,79,1.892547
85,91,2.356194
86,3,1.249046
86,4,3.141593
86,8,1.249046
86,9,3.141593
86,14,1.249046
86,16,-1.892547
86,23,1.249046
86,24,2.356194
86,39,0.000000
86,71,2.819842
86,91,-2.819842
87,2,0.321751
87,12,1.249046
87,14,-1.892547
87,22,-0.785398
87,23,-1.892547
87,43,-2.356194
87,51,0.785398
87,60,0.000000
87,61,1.892547
87,67,1.570796
87,71,-1.570796
88,2,-0.785398
88,5,1.249046
88,7,-1.892547
88,11,0.000000
88,12,-1.892547
88,45,0.785398
88,52,-2.356194
88,57,0.785398
88,61,-1.249046
88,62,3.141593
88,67,-0.321751
88,91,2.819842
89,9,1.249046
89,10,3.141593
89,15,1.249046
89,16,2.356194
89,32,3.141593
89,39,0.000000
89,40,3.141593
89,47,3.141593
89,87,-1.249046
89,89,2.356194
89,91,-2.356194
90,13,1.249046
90,15,-1.892547
90,22,1.249046
90,23,2.356194
90,64,0.000000
90,65,1.892547
90,70,2.819842
90,74,1.570796
90,79,2.819842
90,91,2.356194
91,7,0.000000
91,8,-1.892547
91,21,-0.785398
91,22,-1.892547
91,35,0.000000
91,44,0.785398
91,60,-2.356194
91,70,-1.570796
91,74,-0.321751
91,79,-1.570796
91,89,0.000000
92,2,0.321751
92,5,1.249046
92,6,3.141593
92,10,0.000000
92,11,-0.785398
92,12,-1.892547
92,46,3.141593
92,53,0.785398
92,62,0.785398
92,76,2.819842
92,80,0.785398
92,81,2.356194
92,85,-1.249046
92,86,-2.356194
93,2,-0.785398
93,34,0.785398
93,35,1.892547
93,59,0.785398
93,72,1.570796
93,80,-0.785398
93,82,0.000000
93,83,1.892547
94,21,1.249046
94,22,2.356194
94,35,-1.249046
94,36,-2.356194
94,37,0.785398
94,38,1.892547
94,72,-0.321751
94,73,2.819842
94,76,-0.321751
95,3,-1.570796
95,19,1.249046
95,21,-1.892547
95,38,-1.249046
95,40,1.892547
95,52,0.785398
95,56,-2.356194
95,70,2.819842
95,73,-2.356194
95,78,2.819842
95,84,-1.249046
96,10,0.000000
96,18,-0.785398
96,19,-1.892547
96,23,0.000000
96,40,-1.249046
96,41,3.141593
96,53,-2.356194
96,58,0.785398
96,78,-2.356194
96,81,-1.570796
97,50,0.785398
97,62,-1.570796
97,66,-1.570796
97,71,-2.356194
97,78,-1.570796
97,87,-2.356194
98,2,-1.570796
98,13,0.000000
98,25,0.000000
98,29,3.141593
98,40,3.141593
98,44,-2.356194
98,47,-2.356194
98,51,-2.356194
98,60,-2.356194
