4,37,0.785398
4,38,1.892547
4,41,1.249046
4,42,2.356194
4,45,0.785398
4,46,1.570796
4,47,2.356194
4,55,2.356194
5,31,0.785398
5,32,2.356194
5,40,-0.785398
5,52,1.570796
5,60,0.785398
5,61,2.356194
5,62,0.785398
5,63,1.570796
5,64,2.356194
6,22,1.249046
6,23,3.141593
6,32,-2.356194
6,38,-0.785398
6,52,0.000000
6,54,3.141593
6,68,0.785398
6,69,2.356194
7,32,0.785398
7,43,1.570796
7,54,-2.356194
7,58,1.249046
7,60,3.141593
7,76,0.785398
7,77,2.356194
7,84,0.785398
8,15,1.249046
8,16,3.141593
8,22,-1.570796
8,32,0.000000
8,38,2.356194
8,52,-0.321751
8,57,0.321751
8,60,-2.356194
8,76,-0.785398
8,85,-2.356194
9,32,-0.785398
9,45,-1.249046
9,46,3.141593
9,53,-1.249046
9,54,3.141593
9,60,0.785398
9,69,2.819842
10,12,3.141593
10,15,-1.570796
10,24,0.785398
10,38,-1.249046
10,39,3.141593
10,57,3.141593
10,60,-0.321751
10,69,-2.356194
10,77,2.819842
11,57,-1.570796
11,77,-2.356194
11,86,3.141593
12,26,-1.570796
12,27,-2.356194
12,31,-0.785398
12,32,-1.570796
12,33,-2.356194
12,59,0.785398
12,71,0.785398
12,77,0.785398
13,9,0.321751
13,45,0.785398
13,46,1.892547
13,53,0.000000
13,54,1.892547
13,64,-1.570796
13,74,-2.356194
13,78,2.819842
14,9,-0.785398
14,46,-1.249046
14,47,-2.356194
14,55,-2.356194
14,63,2.356194
14,66,-0.321751
14,74,0.785398
14,78,-2.356194
15,53,1.570796
15,57,0.000000
15,58,1.892547
15,61,-1.570796
15,71,-1.570796
16,43,0.785398
16,44,1.892547
16,58,-1.249046
16,64,3.141593
16,67,-0.785398
16,72,0.000000
17,44,-1.249046
17,45,-2.356194
17,65,-2.356194
17,68,1.570796
17,77,0.000000
18,54,-1.249046
18,56,1.892547
18,61,-1.249046
18,62,3.141593
18,68,0.000000
18,77,-1.570796
18,87,2.356194
19,9,2.356194
19,18,0.785398
19,19,2.356194
19,58,1.892547
19,68,-1.570796
19,75,0.000000
19,76,2.356194
19,85,0.785398
20,8,0.321751
20,18,-0.785398
20,58,-1.249046
20,59,-2.356194
20,60,3.141593
20,66,0.785398
20,67,2.356194
20,76,-1.570796
20,83,3.141593
20,88,2.819842
21,8,-1.570796
21,53,0.000000
21,67,-2.356194
21,71,1.570796
21,77,0.000000
21,78,1.892547
21,85,0.000000
21,86,-1.892547
21,88,-2.356194
22,23,1.249046
22,24,2.356194
22,81,0.000000
22,84,3.141593
23,12,0.000000
23,13,1.570796
23,14,2.356194
23,17,-0.785398
23,18,-1.570796
23,19,-2.356194
23,20,0.785398
23,21,1.570796
23,23,-1.892547
23,49,0.000000
23,50,1.892547
23,56,-2.356194
23,73,-2.356194
24,50,-1.249046
24,51,3.141593
24,58,-2.356194
24,64,2.356194
24,73,-1.570796
24,79,-0.785398
25,6,0.321751
25,8,3.141593
25,13,-0.321751
25,14,2.819842
25,54,2.356194
25,63,-1.570796
26,6,-0.785398
26,14,-1.570796
26,20,0.000000
26,21,-1.570796
26,22,-2.356194
26,41,0.785398
26,42,1.892547
26,47,1.570796
26,54,-2.819842
26,81,0.000000
26,82,1.892547
26,84,0.000000
26,88,2.356194
27,16,2.356194
27,42,-1.249046
27,43,3.141593
27,47,-0.785398
27,49,1.892547
28,14,-0.785398
28,15,-1.892547
28,45,0.785398
28,46,2.356194
28,52,-0.785398
28,53,-1.570796
28,54,3.141593
28,69,-0.785398
29,28,0.785398
29,29,1.892547
29,58,0.785398
29,59,1.892547
29,69,0.785398
29,73,2.356194
29,83,-0.321751
30,29,-1.249046
30,30,-2.356194
30,41,0.785398
30,42,1.892547
30,59,-1.249046
30,60,3.141593
30,63,2.356194
30,70,-2.356194
30,72,-0.785398
30,73,-2.356194
30,79,0.785398
30,84,-1.249046
30,86,-1.892547
31,15,1.249046
31,16,2.356194
31,42,-1.249046
31,43,-2.356194
31,48,-1.249046
31,49,-2.356194
31,50,3.141593
31,61,0.000000
31,63,-2.819842
31,75,0.785398
31,76,1.570796
31,77,3.141593
31,80,-1.570796
32,14,-0.785398
32,15,-1.892547
32,46,-2.356194
33,10,2.356194
33,30,2.356194
33,41,0.785398
33,42,1.892547
33,46,-1.570796
33,81,-1.570796
34,15,1.249046
34,16,2.356194
34,28,-0.785398
34,29,-1.892547
34,42,-1.249046
34,43,-2.356194
35,6,0.785398
35,14,-0.785398
35,15,-1.892547
35,36,0.785398
35,37,1.892547
36,11,0.000000
36,19,1.249046
36,20,2.356194
36,37,-1.249046
36,41,0.000000
36,42,3.141593
36,46,-2.356194
36,76,0.321751
36,78,-2.356194
36,80,3.141593
37,5,0.321751
37,39,-1.570796
38,5,-0.785398
38,41,3.141593
38,76,3.141593
39,10,-2.356194
40,17,1.249046
40,19,-1.892547
40,38,0.785398
40,39,1.892547
40,76,3.141593
40,85,0.785398
40,86,1.892547
40,88,2.356194
41,15,1.249046
41,17,-1.892547
41,76,-1.570796
41,80,1.570796
41,88,3.141593
42,5,2.356194
42,13,0.785398
42,20,1.249046
42,21,2.356194
42,41,2.819842
42,52,0.785398
42,53,1.892547
42,80,-2.819842
42,88,-2.356194
43,4,0.321751
43,17,1.249046
43,18,2.356194
43,50,1.249046
43,51,3.141593
43,53,-1.249046
43,54,3.141593
43,57,1.249046
43,58,2.356194
44,4,-0.785398
44,14,0.000000
44,16,0.000000
44,17,-1.892547
44,29,0.785398
44,30,1.892547
44,40,-0.785398
44,41,-1.570796
44,42,3.141593
44,45,1.249046
44,46,2.356194
44,49,-0.785398
44,50,-1.892547
44,74,0.000000
44,75,-0.785398
44,76,-1.892547
44,80,-2.356194
44,82,0.785398
45,13,-0.785398
45,30,-1.249046
45,31,-2.356194
45,32,0.785398
45,33,1.892547
45,57,-1.570796
46,19,-0.785398
46,20,-1.892547
46,33,-1.249046
46,34,3.141593
46,45,-2.356194
46,88,2.356194
47,35,0.000000
47,36,1.892547
47,64,1.570796
47,76,0.785398
47,88,3.141593
48,4,0.785398
48,9,1.249046
48,10,2.356194
48,36,-1.249046
48,37,3.141593
48,45,0.785398
48,64,-1.570796
48,76,0.000000
48,78,-1.892547
48,80,-2.356194
48,88,-2.356194
49,4,0.000000
49,8,-0.785398
49,9,-1.892547
49,39,3.141593
49,46,3.141593
49,76,-0.785398
50,4,-0.785398
50,18,0.785398
50,19,2.356194
50,33,0.000000
50,34,1.892547
50,47,1.570796
50,60,1.570796
50,63,1.249046
51,14,1.249046
51,15,3.141593
51,19,-2.356194
51,47,0.000000
51,60,0.000000
51,74,0.785398
51,77,3.141593
52,4,0.785398
52,42,1.570796
52,60,-0.785398
52,63,-1.249046
52,69,1.249046
52,70,2.356194
52,78,0.000000
53,4,-0.785398
53,5,-2.356194
53,8,3.141593
53,12,0.000000
53,13,-1.892547
53,18,0.000000
53,19,-1.570796
53,20,-2.356194
53,30,0.000000
53,31,1.892547
53,36,-1.249046
53,37,3.141593
53,67,2.356194
53,75,2.356194
53,79,-1.570796
54,11,1.570796
54,16,1.249046
54,17,3.141593
54,31,-1.249046
54,33,1.892547
54,43,0.000000
54,49,-1.249046
54,50,-2.356194
54,61,0.785398
54,69,-2.356194
54,74,0.321751
54,80,1.570796
55,10,0.000000
55,14,1.249046
55,16,-1.892547
55,39,1.570796
55,44,-1.570796
55,61,0.000000
55,63,-0.785398
55,64,-1.892547
55,66,-2.356194
55,74,-0.785398
55,76,0.000000
55,77,1.892547
55,80,-0.321751
55,81,2.819842
56,8,1.249046
56,9,3.141593
56,23,0.785398
56,24,1.570796
56,25,2.356194
56,39,-0.321751
56,45,-2.356194
56,55,3.141593
56,61,-1.570796
56,87,2.356194
57,3,0.785398
57,18,1.249046
57,19,2.356194
57,66,-1.570796
57,70,-1.570796
57,75,1.570796
57,87,3.141593
58,3,0.000000
58,6,-0.785398
58,7,-1.892547
58,31,0.000000
58,32,1.892547
58,42,2.819842
58,50,0.785398
58,75,-0.321751
58,76,2.819842
58,87,-2.356194
59,3,-0.785398
59,38,2.819842
59,42,-1.570796
59,46,0.785398
59,87,2.356194
60,14,1.249046
60,16,-1.892547
60,21,1.249046
60,22,2.356194
60,23,-0.785398
60,24,-1.570796
60,25,-2.356194
60,26,3.141593
60,33,-1.249046
60,34,3.141593
60,38,-1.570796
60,43,1.570796
60,59,-1.570796
60,65,1.570796
60,77,3.141593
60,80,-0.785398
60,81,-2.356194
60,87,3.141593
61,20,-0.785398
61,21,-1.892547
61,35,1.570796
61,39,0.000000
61,43,-0.321751
61,44,2.819842
61,74,1.570796
61,78,0.000000
61,79,2.356194
61,87,-2.356194
62,17,1.249046
62,18,3.141593
62,35,-0.321751
62,44,-1.570796
62,58,1.570796
62,65,-1.570796
62,79,-2.356194
63,6,0.000000
63,7,-1.892547
63,23,1.249046
63,24,2.356194
63,25,3.141593
63,37,2.819842
63,40,-0.321751
63,41,2.819842
64,15,0.000000
64,16,-1.892547
64,20,1.249046
64,21,2.356194
64,22,-0.785398
64,23,-1.892547
64,41,-1.570796
64,45,-1.570796
64,62,2.356194
64,63,0.785398
64,72,1.570796
65,3,-2.356194
65,13,1.249046
65,14,3.141593
65,19,0.000000
65,20,-1.892547
65,34,1.570796
65,37,-0.321751
65,38,2.819842
65,50,0.785398
65,55,1.570796
65,64,-2.356194
65,72,0.785398
66,12,0.321751
66,17,1.249046
66,18,3.141593
66,38,-1.570796
66,50,-0.321751
66,51,2.819842
66,57,0.000000
66,58,-1.570796
66,62,-2.356194
66,72,-0.321751
66,73,2.819842
67,7,0.321751
67,51,-2.356194
67,56,0.000000
67,73,-2.356194
67,83,2.356194
68,11,0.000000
68,36,-2.356194
68,51,-1.570796
68,82,-0.785398
68,83,-2.356194
68,86,1.570796
69,6,0.000000
69,10,1.570796
69,24,1.249046
69,25,2.356194
69,33,1.570796
69,40,1.570796
69,56,0.785398
69,58,0.000000
69,71,1.570796
69,84,0.000000
69,86,-2.819842
70,2,0.785398
70,9,0.321751
70,10,-2.819842
70,23,-0.785398
70,24,-1.892547
70,33,-0.321751
70,40,-0.321751
70,41,2.819842
70,56,-0.321751
70,63,-2.356194
70,71,0.785398
70,75,1.570796
71,2,0.000000
71,9,-1.570796
71,12,0.321751
71,35,2.819842
71,41,-1.570796
71,45,1.570796
71,49,1.570796
71,53,1.570796
71,57,-2.356194
71,60,-0.785398
71,71,-0.321751
71,72,2.819842
71,75,-0.321751
71,76,2.819842
72,2,-0.785398
72,12,-1.570796
72,15,1.570796
72,31,1.570796
72,42,1.570796
72,45,-0.321751
72,46,2.819842
72,49,0.785398
72,57,0.785398
72,63,2.356194
72,76,-1.570796
72,85,2.356194
73,11,-0.785398
73,14,0.321751
73,15,-2.819842
73,28,3.141593
73,31,-0.321751
73,35,-0.321751
73,42,-0.321751
73,43,2.819842
73,46,-2.356194
73,49,-0.321751
73,50,2.819842
73,57,-0.321751
73,63,-2.356194
73,72,-0.321751
73,83,0.785398
73,85,-2.819842
74,14,-1.570796
74,33,2.819842
74,37,2.819842
74,40,1.570796
74,43,-2.356194
74,46,0.785398
74,74,2.819842
75,16,1.570796
75,46,-0.321751
75,47,2.819842
75,50,-0.321751
75,51,2.819842
75,54,0.785398
75,74,-1.570796
76,3,0.785398
76,4,3.141593
76,9,2.356194
76,15,0.321751
76,16,-2.819842
76,19,-0.785398
76,24,1.249046
76,25,2.356194
76,28,0.785398
76,29,1.892547
76,33,-0.321751
76,34,2.819842
76,37,-0.321751
76,38,2.819842
76,54,-0.321751
76,55,2.819842
76,70,0.785398
77,8,1.570796
77,22,1.249046
77,24,-1.892547
77,29,-1.249046
77,30,-2.356194
77,31,3.141593
77,34,-2.356194
77,41,0.785398
77,44,-1.570796
77,47,-0.321751
77,48,2.819842
77,51,-0.321751
77,52,2.819842
77,55,-1.570796
77,58,-1.570796
77,66,0.785398
78,2,0.321751
78,3,-2.819842
78,8,-2.819842
78,14,0.321751
78,15,-2.819842
78,21,-0.785398
78,22,-1.892547
78,34,0.785398
78,38,-0.321751
78,39,2.819842
78,41,-0.321751
78,42,2.819842
78,48,-1.570796
78,52,-1.570796
78,66,-0.321751
78,67,2.819842
78,76,1.570796
78,84,2.356194
79,2,-0.785398
79,34,-0.321751
79,35,2.819842
79,39,-2.356194
79,45,0.785398
79,53,1.570796
79,56,-1.570796
79,67,-1.570796
79,77,-2.356194
79,84,3.141593
80,2,-1.570796
80,5,0.321751
80,10,1.570796
80,13,0.321751
80,14,-2.819842
80,25,2.356194
80,28,0.785398
80,29,1.892547
80,42,-0.321751
80,43,2.819842
80,46,1.570796
80,50,1.570796
80,53,-0.321751
80,54,2.819842
80,84,-2.356194
81,5,-1.570796
81,10,-2.819842
81,24,-0.785398
81,29,-1.249046
81,35,-0.321751
81,36,2.819842
81,39,0.785398
81,46,-0.321751
81,47,2.819842
81,50,-0.321751
81,51,2.819842
81,68,0.785398
82,4,1.570796
82,12,0.321751
82,13,-2.819842
82,15,-0.785398
82,19,2.356194
82,24,-1.570796
82,31,-1.570796
82,36,-2.356194
82,39,-0.321751
82,40,2.819842
82,43,-0.321751
82,44,2.819842
82,51,-2.356194
82,54,-0.321751
82,55,2.819842
82,58,0.000000
82,64,1.570796
82,68,-0.321751
82,69,2.819842
83,3,0.000000
83,7,0.321751
83,12,-1.570796
83,17,1.249046
83,18,3.141593
83,40,-2.356194
83,47,-0.321751
83,48,2.819842
83,51,0.785398
83,55,-1.570796
83,64,-0.321751
83,65,2.819842
83,69,-1.570796
84,7,-1.570796
84,11,1.570796
84,16,0.000000
84,17,-1.892547
84,21,2.356194
84,25,0.000000
84,44,-0.321751
84,45,2.819842
84,51,-0.321751
84,52,2.819842
84,65,-1.570796
85,6,1.570796
85,11,-2.819842
85,14,1.249046
85,15,3.141593
85,33,1.570796
85,40,-1.570796
85,45,-2.356194
85,48,-0.321751
85,49,2.819842
85,52,-1.570796
85,70,0.785398
85,84,2.356194
86,5,0.321751
86,6,-2.819842
86,18,1.249046
86,19,3.141593
86,23,2.356194
86,33,-0.321751
86,34,2.819842
86,49,-1.570796
86,57,-2.356194
86,70,-0.321751
86,82,1.570796
87,2,0.785398
87,5,-1.570796
87,8,0.321751
87,12,0.321751
87,17,0.000000
87,18,-1.892547
87,22,-0.785398
87,34,-1.570796
87,37,-1.570796
87,71,-1.249046
87,72,3.141593
87,77,2.356194
88,2,0.000000
88,8,-1.570796
88,12,-1.570796
88,16,1.570796
88,20,2.356194
88,30,0.000000
88,76,-0.785398
88,77,-2.356194
88,80,-0.321751
88,82,-2.819842
89,2,-0.785398
89,7,1.570796
89,11,1.570796
89,16,-2.819842
89,19,1.570796
89,25,2.356194
89,35,-1.570796
89,39,1.570796
89,43,0.785398
89,47,0.785398
89,51,1.570796
89,63,1.570796
90,7,-2.819842
90,11,-2.819842
90,14,0.321751
90,18,0.321751
90,19,-2.819842
90,24,-0.785398
90,27,3.141593
90,31,-0.321751
90,32,2.819842
90,47,-0.321751
90,48,2.819842
90,51,-0.321751
90,52,2.819842
90,63,-0.321751
90,79,0.785398
90,82,2.819842
91,9,0.321751
91,18,-1.570796
91,21,1.570796
91,36,1.570796
91,65,2.819842
91,82,-2.356194
92,2,0.785398
92,9,-1.570796
92,13,0.321751
92,14,-2.819842
92,28,1.570796
92,32,-0.321751
92,33,2.819842
92,36,-1.570796
92,40,-1.570796
92,48,-0.321751
92,49,2.819842
92,52,-0.321751
92,53,2.819842
92,65,-2.356194
92,79,-2.819842
93,2,-0.321751
93,8,1.570796
93,13,-1.570796
93,16,1.570796
93,33,-2.356194
93,45,0.785398
93,49,-1.570796
93,53,-1.570796
93,61,1.570796
94,7,0.000000
94,11,1.249046
94,12,3.141593
94,15,0.321751
94,16,-2.819842
94,24,0.785398
94,28,0.785398
94,33,0.785398
94,37,1.570796
94,42,1.570796
94,45,-0.321751
94,46,2.819842
94,50,1.570796
94,57,0.785398
94,81,0.321751
94,83,2.819842
95,3,0.785398
95,6,1.570796
95,10,0.321751
95,24,-0.321751
95,25,2.819842
95,29,3.141593
95,33,-0.321751
95,34,2.819842
95,37,0.785398
95,46,-2.356194
95,50,-0.321751
95,51,2.819842
95,57,-0.321751
95,58,2.819842
95,73,2.356194
95,75,-0.785398
95,76,-1.892547
96,4,-2.356194
96,6,3.141593
96,10,-1.570796
96,14,0.321751
96,15,-2.819842
96,18,2.356194
96,25,-2.356194
96,34,-2.356194
96,37,-0.321751
96,38,2.819842
96,46,-1.570796
96,51,-1.570796
96,55,-2.356194
96,58,-1.570796
96,62,-1.570796
97,9,1.570796
97,14,-1.570796
97,25,-1.570796
97,30,-1.570796
97,34,-1.570796
97,38,-2.356194
97,42,-1.570796
97,70,-0.785398
97,71,-1.892547
98,7,-2.356194
98,8,-0.785398
98,13,-0.785398
98,17,-1.570796
98,20,-1.570796
98,38,-1.570796
98,52,-1.570796
98,59,-1.570796
