11,39,1.249046
11,40,2.356194
11,49,0.785398
11,50,1.570796
11,51,2.356194
12,64,2.356194
13,21,1.249046
13,22,2.356194
13,36,0.785398
13,74,0.000000
13,75,1.892547
14,77,0.785398
15,14,3.141593
15,21,-1.570796
16,13,-1.570796
16,79,2.819842
17,58,0.321751
17,79,-1.570796
18,58,-0.785398
19,11,0.321751
19,13,3.141593
20,11,-0.785398
20,45,0.785398
21,57,0.321751
21,59,2.819842
22,27,0.785398
22,80,2.356194
23,27,0.000000
23,36,0.321751
23,38,2.819842
23,59,-2.819842
24,46,1.570796
24,50,2.356194
24,56,0.321751
24,78,0.321751
25,26,0.321751
25,28,2.819842
25,31,0.785398
25,32,2.356194
25,59,-2.356194
25,64,0.000000
25,65,-1.892547
25,78,-1.570796
26,26,-0.785398
26,28,-1.570796
26,31,-0.785398
26,35,-1.892547
26,52,2.356194
26,62,0.785398
26,63,2.356194
27,29,1.570796
27,40,0.321751
27,63,-1.570796
28,29,0.000000
28,31,-0.785398
28,32,-1.892547
28,34,1.570796
28,51,-2.356194
28,55,0.321751
28,57,-2.356194
28,58,0.785398
28,59,1.892547
28,64,0.000000
29,23,1.570796
29,25,1.570796
29,29,-1.570796
29,34,-0.785398
29,35,-2.356194
29,40,-0.785398
29,41,-2.356194
29,42,-0.785398
29,43,-1.892547
29,47,0.321751
29,55,-0.785398
29,75,1.249046
29,79,1.892547
30,25,-2.819842
30,33,1.570796
30,39,-0.785398
30,47,-1.570796
30,60,-1.249046
30,61,3.141593
30,80,2.819842
31,27,-0.785398
31,30,0.000000
31,44,0.000000
31,62,1.570796
31,69,0.785398
31,70,1.892547
31,72,1.249046
31,77,-0.321751
32,34,-2.356194
32,52,-2.356194
32,62,-0.785398
32,63,-2.356194
32,68,-0.785398
32,78,-1.249046
33,21,0.000000
33,24,-2.356194
33,54,0.000000
33,55,3.141593
33,69,-0.785398
34,61,-0.321751
34,62,2.819842
34,66,-2.356194
34,86,2.356194
35,19,0.785398
35,25,1.570796
35,70,-0.321751
35,74,-1.249046
35,76,-1.570796
35,82,1.249046
35,84,1.570796
36,19,-0.785398
36,20,3.141593
36,30,-1.570796
36,63,-2.356194
36,80,1.249046
37,21,0.785398
37,22,2.356194
37,32,2.356194
37,66,-2.356194
37,84,3.141593
38,7,0.321751
38,9,3.141593
38,15,2.356194
38,17,1.570796
38,27,2.356194
38,31,-0.785398
38,69,0.785398
38,82,-1.892547
38,84,-1.570796
39,7,-0.785398
39,17,-2.819842
39,19,0.000000
39,20,-0.785398
39,25,1.249046
39,26,3.141593
39,34,2.356194
40,12,0.785398
40,24,0.000000
40,25,-1.892547
41,32,-1.570796
42,14,-2.356194
42,26,1.570796
42,31,0.785398
42,75,0.000000
42,76,-1.892547
43,17,2.356194
43,21,-0.785398
43,30,0.785398
43,74,-0.785398
44,25,1.570796
44,33,-2.356194
44,34,-0.785398
44,35,-1.570796
44,36,3.141593
44,85,0.785398
44,87,1.249046
44,88,2.356194
45,16,-1.570796
45,25,-2.356194
45,31,-1.570796
46,23,-1.570796
46,26,0.000000
46,87,-2.356194
47,18,2.356194
47,86,-2.356194
48,17,-0.785398
48,22,-1.570796
48,27,0.785398
48,28,3.141593
48,90,2.356194
49,13,1.570796
49,19,1.570796
49,27,-1.570796
49,30,1.570796
49,90,3.141593
50,6,0.785398
50,19,-1.570796
50,90,-2.356194
51,6,0.000000
51,24,0.000000
51,83,0.321751
51,90,2.356194
52,6,-0.785398
52,18,2.356194
52,22,2.356194
52,27,-0.785398
52,83,-0.785398
52,90,3.141593
53,21,0.785398
53,64,0.000000
53,66,0.785398
53,67,1.892547
53,83,0.785398
53,90,-2.356194
54,13,1.570796
54,16,1.570796
54,20,1.570796
54,22,-2.356194
54,80,0.785398
54,83,-0.321751
54,84,2.819842
55,16,-2.819842
55,19,0.321751
55,20,-2.819842
55,42,2.356194
55,67,-0.785398
55,90,2.356194
56,15,-1.892547
56,39,0.785398
56,40,1.570796
56,74,0.000000
56,75,1.570796
56,76,2.356194
56,81,0.000000
56,84,-0.785398
57,18,0.000000
57,19,-2.356194
57,31,-0.785398
57,83,3.141593
58,26,2.356194
58,33,1.249046
58,74,0.321751
58,76,3.141593
58,78,0.000000
58,86,-0.321751
58,90,-2.356194
59,13,-1.570796
59,25,1.570796
59,32,0.321751
59,40,2.356194
59,74,-0.785398
60,15,-0.785398
60,19,-0.785398
60,25,-2.819842
60,32,-1.570796
60,38,1.249046
60,40,3.141593
60,87,2.356194
61,22,0.000000
61,23,-0.785398
61,24,-1.892547
61,36,0.785398
61,40,-2.356194
61,82,0.000000
61,84,-1.570796
61,85,-2.356194
61,91,2.356194
62,33,1.249046
62,34,3.141593
62,66,1.570796
62,79,0.785398
62,82,-0.785398
62,89,0.785398
62,91,-2.819842
63,25,2.356194
63,30,-1.570796
63,32,0.321751
63,37,-1.570796
63,66,-0.321751
63,67,2.819842
63,87,-0.785398
64,24,-0.785398
64,28,1.570796
64,32,-1.570796
64,40,0.785398
64,67,-1.570796
64,73,2.356194
65,28,-1.570796
65,40,0.000000
65,73,3.141593
65,78,0.785398
65,84,-1.570796
66,6,0.785398
66,12,2.356194
66,40,-0.785398
66,71,-1.570796
66,73,-2.356194
66,79,-2.356194
66,82,-2.356194
66,88,-1.570796
67,6,0.000000
67,43,-2.356194
67,70,-0.785398
67,91,2.356194
68,6,-0.785398
68,26,3.141593
68,83,0.785398
68,90,0.321751
68,91,-2.819842
69,14,2.356194
69,28,-0.785398
69,71,-1.570796
69,75,-2.356194
69,84,-2.356194
69,90,-0.785398
70,30,2.356194
70,42,0.000000
70,43,3.141593
70,87,0.785398
71,23,-0.785398
71,39,-1.570796
72,26,2.356194
72,29,-1.570796
72,88,0.000000
73,13,2.356194
73,25,-0.785398
73,41,2.356194
73,43,0.000000
73,44,3.141593
73,83,0.785398
73,91,2.356194
74,11,1.249046
74,13,-2.356194
74,61,0.785398
74,84,-2.356194
74,87,-1.570796
74,90,-0.785398
75,6,0.785398
75,35,0.000000
75,36,3.141593
75,39,-0.785398
75,47,0.000000
75,48,3.141593
75,62,-2.356194
76,6,0.000000
76,9,-0.785398
76,10,-1.892547
76,14,-1.570796
76,51,0.785398
76,86,0.785398
76,91,1.570796
77,6,-0.785398
77,16,2.356194
77,22,1.570796
77,32,1.570796
77,63,0.785398
78,15,3.141593
78,37,1.570796
78,61,1.570796
78,64,-2.356194
78,84,1.570796
79,14,-0.785398
79,22,-1.570796
79,37,-1.570796
79,49,1.570796
79,55,-2.356194
79,91,-1.570796
80,14,-1.570796
80,32,-1.570796
80,49,-1.570796
80,62,-2.356194
80,65,0.785398
80,81,1.570796
81,35,1.570796
81,46,3.141593
81,66,-2.356194
81,89,-1.570796
82,70,0.785398
82,86,0.785398
83,20,1.570796
83,42,-0.785398
83,55,0.000000
83,64,0.785398
83,86,-0.321751
83,87,2.819842
84,20,-1.570796
84,37,0.000000
84,38,3.141593
84,57,-2.356194
84,83,-1.570796
84,87,-2.356194
85,23,0.000000
85,25,3.141593
85,33,-0.785398
85,41,2.356194
85,52,0.000000
85,66,-2.356194
85,72,-2.356194
86,36,1.570796
86,44,1.570796
86,54,-2.356194
86,63,0.785398
86,80,0.785398
86,84,0.785398
86,88,-2.356194
87,28,1.570796
87,32,1.570796
87,44,-1.570796
87,61,1.570796
88,57,0.785398
88,61,-1.570796
88,65,-2.356194
89,18,3.141593
89,27,-0.785398
90,16,1.570796
90,21,2.356194
90,35,-1.570796
90,46,2.356194
90,53,0.000000
90,55,3.141593
90,83,-2.356194
90,86,-1.570796
91,16,-2.819842
91,20,-0.785398
91,61,-2.356194
91,76,1.570796
92,25,2.356194
92,33,1.570796
92,37,-0.785398
92,44,-0.785398
92,76,2.356194
92,84,0.785398
92,90,0.785398
93,19,2.356194
93,24,-0.785398
93,33,-1.570796
93,76,-2.356194
93,85,1.570796
93,91,-2.356194
94,28,-1.570796
94,42,1.570796
94,55,2.356194
94,64,-0.785398
94,69,3.141593
94,74,-0.785398
94,77,-2.356194
94,82,1.570796
94,85,-0.321751
94,86,2.819842
94,89,0.785398
94,91,2.356194
95,13,-1.249046
95,14,-2.356194
95,21,0.000000
95,23,3.141593
95,31,0.000000
95,32,3.141593
95,54,-0.785398
95,86,-1.570796
95,91,3.141593
96,26,2.356194
96,28,3.141593
96,35,1.570796
96,41,1.570796
96,75,-2.356194
96,87,1.570796
96,91,-2.356194
97,25,-0.785398
97,35,-1.570796
97,39,0.000000
97,40,-0.785398
97,67,0.785398
97,87,-0.321751
97,91,2.356194
98,19,0.000000
98,21,3.141593
98,25,-1.570796
98,50,0.000000
98,53,3.141593
98,68,-2.356194
98,84,-1.570796
98,88,-1.249046
98,89,-2.356194
98,90,-0.785398
