4,44,0.785398
4,45,1.892547
5,37,1.249046
5,38,3.141593
5,49,0.785398
5,50,1.892547
6,45,-0.785398
6,52,1.892547
7,45,2.356194
8,32,0.785398
8,33,2.356194
8,36,-1.570796
8,50,-0.321751
8,61,1.570796
9,25,1.249046
9,26,3.141593
9,33,-2.356194
9,42,1.249046
9,44,-1.892547
9,63,1.570796
9,65,1.570796
9,66,2.356194
10,33,0.785398
10,51,3.141593
11,33,0.000000
11,72,2.356194
12,45,-0.785398
12,49,-1.570796
12,51,3.141593
13,35,-2.356194
13,41,-0.785398
13,51,-2.356194
13,57,0.321751
14,22,-1.570796
14,51,0.785398
15,53,2.356194
15,55,0.785398
15,57,-2.819842
15,83,2.356194
16,13,0.321751
16,15,3.141593
16,25,0.785398
16,26,1.570796
16,28,1.892547
16,50,0.321751
17,13,-0.785398
17,34,0.785398
17,37,2.819842
17,43,2.356194
17,46,-0.785398
17,47,-1.570796
17,48,3.141593
17,56,0.785398
18,26,-0.321751
18,52,3.141593
18,56,-0.785398
18,57,-2.356194
19,43,2.819842
19,52,-2.356194
20,13,2.356194
20,26,0.321751
20,41,-1.892547
20,43,-1.570796
20,47,0.785398
20,49,-2.819842
20,56,2.819842
20,63,2.356194
20,65,-0.785398
20,66,-1.570796
20,68,-2.356194
21,30,1.892547
21,36,-0.785398
21,37,-1.570796
21,44,1.570796
21,51,0.321751
22,11,0.321751
22,28,-1.892547
22,32,0.785398
22,33,2.356194
22,48,-2.819842
22,69,0.785398
22,76,-0.321751
22,78,-2.819842
23,11,-0.785398
23,30,-0.785398
23,33,-1.570796
23,62,-2.819842
23,69,0.000000
23,71,1.892547
24,34,1.570796
24,42,1.570796
24,48,-2.356194
24,58,0.785398
24,73,2.356194
24,75,0.785398
25,26,2.356194
25,34,-0.785398
25,56,-1.892547
25,87,2.356194
26,11,2.356194
26,18,0.785398
26,30,2.356194
26,39,0.321751
26,52,1.570796
26,54,-1.892547
26,64,1.892547
26,72,-2.819842
26,78,-1.892547
26,87,3.141593
27,10,0.321751
27,28,-2.356194
27,33,2.356194
27,58,0.321751
27,87,-2.356194
28,10,-0.785398
28,20,-2.356194
28,24,-0.321751
28,52,3.141593
28,62,-1.249046
28,64,-1.892547
28,71,0.785398
29,21,0.785398
29,22,2.356194
29,48,0.000000
29,49,-1.892547
29,56,1.249046
29,60,3.141593
29,73,2.356194
29,87,2.356194
30,21,-0.785398
30,27,2.356194
30,28,-0.785398
30,29,-1.892547
30,31,-2.356194
30,40,1.249046
30,41,2.356194
30,42,-0.785398
30,43,-1.892547
30,76,0.785398
30,78,1.570796
30,80,1.570796
30,81,2.356194
30,87,3.141593
31,48,-2.356194
31,72,-2.356194
31,87,-2.356194
32,17,0.785398
32,18,1.570796
32,19,2.356194
32,21,-0.785398
32,26,2.356194
32,30,0.785398
32,33,1.249046
32,44,1.249046
32,46,-1.892547
32,55,-1.570796
32,56,-2.356194
32,57,-0.785398
32,58,-1.892547
33,23,1.570796
33,26,3.141593
33,32,-0.785398
33,33,-1.892547
33,63,1.249046
33,64,2.356194
33,71,-0.785398
33,72,-1.570796
33,73,-2.356194
33,88,2.819842
34,23,0.000000
34,26,-1.570796
34,48,0.785398
34,49,1.570796
34,50,2.356194
34,52,3.141593
34,82,2.356194
34,83,0.785398
34,84,1.570796
34,86,-1.892547
34,88,-2.356194
35,23,-0.785398
35,27,0.000000
35,30,-1.570796
35,33,1.249046
35,45,1.249046
35,46,3.141593
35,54,1.249046
35,55,2.356194
35,58,0.785398
35,76,-0.785398
35,77,3.141593
36,20,0.785398
36,27,2.356194
36,31,0.000000
36,69,-1.570796
36,70,-2.356194
36,78,0.000000
36,79,0.785398
37,47,1.570796
37,49,-1.892547
37,56,2.356194
37,58,-0.785398
37,59,-1.892547
37,72,0.785398
37,83,2.356194
38,33,-1.570796
38,39,-1.892547
38,52,2.356194
38,77,-1.249046
38,79,2.356194
38,83,-1.570796
39,18,0.321751
39,22,0.321751
39,26,-1.892547
39,31,2.356194
39,49,1.249046
39,52,-2.819842
39,60,0.000000
39,70,0.785398
39,75,2.819842
39,88,2.356194
40,10,0.785398
40,39,0.785398
40,45,2.356194
40,46,-0.785398
40,55,0.785398
40,57,1.249046
40,59,2.356194
40,79,-0.785398
40,81,1.570796
40,82,2.356194
40,88,3.141593
41,10,0.000000
41,17,-0.785398
41,18,-1.570796
41,19,-2.356194
41,20,0.785398
41,43,0.000000
41,44,-1.892547
41,51,-1.570796
41,52,3.141593
41,55,-0.321751
41,62,0.785398
41,77,0.785398
41,88,-2.356194
42,10,-0.785398
42,27,1.249046
42,28,3.141593
42,32,2.356194
42,53,1.570796
42,62,-0.785398
42,63,-2.356194
42,65,-0.785398
42,66,-1.570796
42,67,-2.356194
42,69,0.785398
42,72,-2.356194
42,78,-1.249046
42,84,-2.819842
43,10,0.785398
43,21,2.356194
43,25,1.249046
43,34,-2.356194
43,38,0.785398
43,40,-1.892547
43,55,-0.785398
43,56,-1.570796
43,61,2.356194
43,80,-1.249046
44,10,0.000000
44,20,-0.785398
44,21,-2.356194
44,29,2.356194
44,34,2.356194
44,38,-1.570796
44,43,0.785398
44,44,1.570796
44,52,0.000000
44,53,-1.892547
44,61,-1.570796
44,70,0.785398
45,10,-0.785398
45,22,0.785398
45,24,-1.892547
45,34,-2.819842
45,37,0.785398
45,40,1.249046
45,41,2.356194
45,49,0.000000
45,50,0.785398
45,51,2.356194
45,57,0.321751
45,59,2.819842
45,70,0.000000
45,82,-0.785398
46,22,-0.785398
46,29,1.570796
46,46,-2.819842
46,51,-2.356194
46,70,-0.785398
47,9,0.321751
47,11,3.141593
47,22,2.356194
47,31,3.141593
47,34,0.785398
47,51,-1.570796
47,86,1.892547
47,88,2.356194
48,9,-0.785398
48,34,-1.570796
48,41,1.570796
48,43,1.570796
48,45,-2.356194
48,59,-1.249046
48,61,1.892547
48,63,2.356194
48,70,0.785398
48,88,3.141593
49,18,1.249046
49,19,3.141593
49,22,-1.249046
49,29,-1.570796
49,33,3.141593
49,37,2.356194
49,63,3.141593
49,70,0.000000
49,72,1.892547
49,86,-1.892547
49,88,-2.356194
50,26,-1.892547
50,36,0.000000
50,43,-2.819842
50,78,-1.570796
50,83,0.321751
51,16,-0.785398
51,29,0.000000
51,30,-1.892547
51,42,-0.785398
51,47,-2.356194
51,60,0.321751
51,67,2.356194
51,69,-0.785398
51,70,-1.570796
51,76,0.785398
51,77,2.356194
51,81,3.141593
52,18,0.000000
52,19,1.570796
52,21,1.892547
52,24,-2.819842
52,27,1.249046
52,28,3.141593
52,42,-1.570796
52,44,0.321751
52,49,0.000000
52,60,-0.785398
52,72,-1.249046
52,77,-1.570796
52,83,3.141593
53,23,-1.892547
53,31,0.000000
53,32,-1.892547
53,44,-0.785398
53,50,-2.356194
53,66,3.141593
53,74,-2.356194
53,78,0.000000
53,79,1.892547
54,19,0.000000
54,21,-1.892547
54,25,0.000000
54,26,-1.892547
54,29,1.249046
54,30,3.141593
54,34,2.356194
54,44,0.785398
54,50,2.356194
54,61,1.570796
54,79,-1.249046
54,80,-2.356194
54,82,-0.785398
55,19,-0.785398
55,24,1.570796
55,28,0.000000
55,29,-1.892547
55,44,0.000000
55,49,-0.785398
55,61,0.000000
55,63,-0.785398
55,64,-1.570796
55,67,2.819842
55,73,0.321751
55,76,1.892547
56,23,0.321751
56,24,-2.819842
56,32,1.570796
56,44,-0.785398
56,67,-2.356194
56,73,-0.785398
56,76,-1.249046
56,77,3.141593
56,88,2.819842
57,19,0.785398
57,26,1.570796
57,30,1.249046
57,34,1.249046
57,35,2.356194
57,36,0.785398
57,44,0.000000
57,60,0.000000
57,67,-1.570796
57,78,0.000000
57,79,1.892547
57,84,-0.785398
57,86,-1.892547
57,88,-2.356194
58,19,-0.321751
58,26,-2.356194
58,28,1.249046
58,34,-1.892547
58,37,-1.570796
58,42,1.249046
58,43,3.141593
58,59,-0.785398
58,75,-2.356194
58,81,1.570796
58,83,2.356194
59,45,2.356194
59,88,2.356194
60,20,-0.321751
60,42,-1.249046
60,43,-2.356194
60,44,-0.785398
60,45,-2.356194
60,79,-0.321751
60,84,-2.356194
60,88,3.141593
61,33,2.356194
61,49,0.785398
61,64,1.570796
61,75,0.000000
61,77,3.141593
61,88,-2.356194
62,20,1.570796
62,38,2.356194
62,79,0.321751
62,81,2.819842
62,88,2.356194
63,20,-2.819842
63,33,1.570796
63,38,3.141593
63,49,0.321751
63,51,3.141593
63,64,-1.570796
63,88,3.141593
64,28,-0.785398
64,38,-2.356194
64,49,-0.785398
64,52,-2.356194
64,81,-1.570796
64,82,3.141593
65,15,1.249046
65,16,3.141593
65,19,-1.570796
65,49,-1.570796
65,88,-2.819842
66,35,2.356194
66,59,1.570796
66,85,-0.785398
67,5,1.892547
67,14,-1.892547
67,27,1.570796
67,59,0.785398
67,74,-0.321751
67,76,-2.819842
67,87,-2.356194
68,23,0.785398
68,24,1.570796
68,59,-0.321751
68,60,2.819842
68,72,0.785398
68,87,2.356194
69,5,-1.892547
69,31,0.785398
69,35,2.356194
69,60,-2.356194
69,73,0.000000
69,78,1.892547
69,87,-2.819842
70,24,-0.321751
70,28,0.785398
70,30,1.570796
70,35,3.141593
70,80,1.892547
71,25,-1.570796
71,32,-1.570796
71,35,-2.356194
71,76,-0.785398
71,83,-0.785398
71,84,-1.570796
71,86,3.141593
72,72,0.321751
72,75,2.356194
72,86,-2.356194
73,25,0.321751
73,34,0.321751
73,61,3.141593
73,72,-0.785398
73,75,-1.570796
74,4,1.892547
74,7,0.000000
74,8,-1.892547
74,28,0.000000
74,31,-2.356194
74,34,-0.785398
74,38,1.892547
74,79,3.141593
74,86,2.356194
75,35,-0.785398
75,36,-1.892547
75,38,-1.249046
75,39,-2.356194
75,54,1.570796
75,55,2.356194
75,57,-0.785398
75,58,-1.892547
75,72,-1.570796
75,79,-2.356194
75,86,3.141593
76,16,0.785398
76,44,1.570796
76,45,2.356194
76,47,-0.785398
76,48,-1.570796
76,49,-2.356194
76,51,-0.785398
76,52,-1.892547
76,74,0.785398
76,79,0.785398
77,16,0.000000
77,18,1.892547
77,21,1.249046
77,23,-1.570796
77,64,0.000000
77,65,1.892547
77,75,0.000000
77,76,1.892547
77,79,-0.321751
77,80,2.819842
77,86,3.141593
78,3,0.321751
78,5,2.819842
78,20,-0.785398
78,65,-1.249046
78,71,0.785398
78,76,-1.249046
78,77,3.141593
78,86,-2.356194
79,16,-1.570796
79,18,-1.892547
79,30,1.570796
79,39,0.321751
79,79,-0.785398
79,80,-1.570796
79,81,3.141593
80,5,3.141593
80,14,-0.785398
80,23,0.000000
80,24,1.892547
80,30,2.356194
80,39,-0.785398
80,67,-0.321751
80,72,2.356194
81,5,-2.356194
81,28,1.249046
81,30,3.141593
81,68,-1.249046
81,69,-2.356194
81,71,-0.785398
81,76,1.570796
81,86,2.356194
82,14,0.785398
82,24,-1.570796
82,26,0.000000
82,34,3.141593
82,39,2.356194
82,43,-1.570796
82,47,0.000000
82,48,0.785398
82,49,1.570796
82,51,1.892547
82,53,2.356194
82,84,0.000000
82,86,-2.819842
83,14,0.000000
83,23,1.570796
83,32,2.356194
83,39,-2.819842
83,53,3.141593
84,27,-0.785398
84,37,0.000000
84,38,-1.892547
84,48,-0.785398
84,51,-1.570796
84,53,-1.570796
84,77,1.570796
85,14,-0.321751
85,19,1.892547
85,54,2.356194
85,77,-0.321751
85,85,2.356194
86,54,-2.819842
86,85,3.141593
87,14,0.000000
87,15,-1.892547
87,17,-1.249046
87,28,-2.356194
87,29,-0.785398
87,30,-1.892547
87,32,-1.570796
87,70,0.785398
87,77,0.321751
87,85,-2.356194
88,8,0.000000
88,9,1.570796
88,11,1.570796
88,12,2.356194
88,22,0.000000
88,33,-2.356194
88,36,-1.570796
88,52,-0.785398
88,63,2.356194
88,77,-1.570796
89,19,-2.819842
89,27,2.819842
89,31,1.570796
89,70,0.321751
89,72,2.819842
89,76,1.570796
89,85,2.356194
90,31,-1.570796
90,37,0.000000
90,44,-2.356194
90,70,-0.785398
90,75,0.000000
91,53,-1.570796
91,61,-1.570796
92,15,0.321751
92,28,2.819842
92,50,0.785398
92,59,0.785398
92,68,0.785398
92,69,1.892547
92,81,1.892547
93,15,-1.570796
93,32,1.570796
93,44,3.141593
93,61,0.785398
93,62,1.892547
93,86,-1.249046
94,4,-0.785398
94,7,1.570796
94,30,2.356194
94,64,1.570796
95,7,0.000000
95,9,1.892547
95,53,-2.356194
95,58,0.785398
95,62,-0.785398
95,69,-1.249046
95,78,-0.785398
95,79,-1.892547
96,12,0.785398
96,15,2.819842
96,60,1.892547
96,73,-1.892547
97,4,0.785398
97,9,-1.892547
97,28,-1.892547
97,31,-1.249046
97,32,-2.356194
97,33,-0.785398
97,34,-1.570796
97,35,-2.356194
97,38,2.356194
97,57,0.000000
97,60,-1.249046
97,62,-1.570796
97,66,3.141593
98,5,-2.356194
98,6,-0.785398
98,7,-1.892547
98,37,-0.785398
98,67,-2.356194
98,69,0.000000
98,70,-0.785398
