8,42,0.785398
8,43,1.892547
9,32,1.249046
9,33,3.141593
9,45,0.785398
9,46,1.570796
9,47,2.356194
9,57,0.785398
9,58,1.892547
10,43,-0.785398
11,23,1.249046
11,24,2.356194
11,30,-0.785398
11,43,2.356194
11,57,0.321751
12,43,3.141593
12,57,-0.785398
12,67,1.570796
13,21,-0.785398
13,57,2.356194
13,69,1.570796
13,70,2.356194
14,34,1.570796
14,43,3.141593
14,57,3.141593
15,36,2.356194
15,43,-2.356194
16,33,0.321751
17,38,1.570796
17,46,2.356194
18,38,0.000000
18,45,-0.785398
18,55,-2.356194
18,62,0.321751
19,14,3.141593
19,38,-0.785398
19,52,-0.785398
19,82,2.356194
20,38,2.356194
20,48,3.141593
20,54,-1.570796
20,62,3.141593
21,30,0.785398
21,31,2.356194
21,55,1.570796
22,18,0.785398
22,19,1.570796
22,20,2.356194
22,30,-0.785398
22,42,0.000000
22,45,1.249046
22,58,0.785398
22,63,2.819842
23,8,0.321751
23,30,0.785398
23,38,-0.785398
23,63,-2.356194
24,8,-1.570796
24,18,0.321751
24,20,2.819842
24,30,0.000000
24,32,0.785398
24,33,1.570796
24,35,1.892547
24,53,0.321751
24,63,2.356194
24,77,0.321751
25,30,-0.785398
25,37,2.356194
25,63,3.141593
25,77,-0.785398
26,17,0.321751
26,20,3.141593
26,24,0.785398
26,35,-1.892547
26,37,-1.570796
26,51,1.249046
26,53,3.141593
26,63,-1.570796
26,69,0.785398
26,77,2.356194
26,86,2.356194
27,7,0.785398
27,20,-1.570796
27,29,-0.785398
27,30,-1.570796
27,32,-1.892547
27,39,0.785398
27,40,1.570796
27,42,1.570796
27,46,-1.892547
27,48,1.570796
27,50,0.000000
27,51,-1.892547
27,53,-2.356194
27,74,0.785398
27,75,1.570796
28,7,-0.785398
28,8,3.141593
28,22,2.356194
28,23,-0.785398
28,24,-1.892547
28,48,0.000000
28,57,0.000000
28,58,0.785398
28,59,1.892547
28,66,0.000000
28,67,0.785398
28,78,2.819842
29,16,0.321751
29,40,-0.321751
29,42,-2.819842
29,59,-1.249046
29,60,-2.356194
29,64,1.249046
29,65,3.141593
29,74,0.321751
29,78,-2.356194
30,21,-1.570796
30,27,0.000000
30,46,0.785398
30,48,-1.570796
30,49,-2.356194
30,70,0.785398
30,71,1.892547
31,23,2.356194
31,24,3.141593
31,30,0.785398
31,31,2.356194
31,32,3.141593
31,37,0.000000
31,41,3.141593
31,46,-0.785398
31,52,-0.785398
31,54,2.819842
31,71,-1.249046
31,72,-2.356194
31,74,3.141593
31,81,0.321751
32,22,-1.892547
32,30,-1.570796
32,46,2.356194
32,81,-1.570796
33,14,-0.785398
33,15,-1.892547
33,19,0.000000
33,20,-1.892547
33,41,-0.321751
33,43,2.356194
33,46,3.141593
33,54,0.000000
33,69,3.141593
33,74,-0.321751
33,79,-1.249046
33,80,-2.356194
34,6,0.785398
34,18,3.141593
34,29,0.785398
34,37,0.785398
34,46,-2.356194
34,54,-0.785398
34,75,-1.249046
34,76,3.141593
35,31,2.356194
35,32,3.141593
35,42,3.141593
35,56,-1.570796
35,72,3.141593
35,77,0.000000
36,16,-0.785398
36,17,-2.356194
36,46,2.356194
36,54,2.356194
36,62,-1.570796
36,68,0.785398
36,78,-2.356194
37,3,-0.785398
37,8,-2.819842
37,11,0.785398
37,14,3.141593
37,26,0.785398
37,30,-2.356194
37,46,3.141593
37,53,0.321751
37,54,-2.819842
37,69,1.570796
38,13,-1.892547
38,17,0.000000
38,18,-1.892547
38,20,-1.570796
38,23,0.785398
38,33,0.785398
38,34,1.570796
38,35,2.356194
38,41,-0.785398
38,42,-1.892547
38,46,-2.356194
38,53,-0.785398
38,69,-0.785398
38,70,-2.356194
38,71,3.141593
38,84,0.785398
39,3,0.785398
39,68,3.141593
39,85,-2.356194
40,3,0.000000
40,5,-0.785398
40,9,0.321751
40,27,2.356194
40,34,0.785398
40,67,-1.570796
41,3,-0.785398
41,9,-1.570796
41,18,2.356194
41,23,-1.249046
41,27,-2.819842
41,34,-0.321751
41,35,2.819842
41,53,0.321751
41,55,3.141593
41,77,2.356194
42,13,-0.785398
42,21,-1.570796
42,35,-2.356194
42,53,-1.570796
42,56,0.785398
42,57,2.356194
42,76,0.321751
42,77,-2.819842
42,83,0.785398
43,16,-0.785398
43,26,-1.570796
43,31,1.570796
43,45,0.785398
43,52,1.570796
43,56,-0.785398
43,84,-2.356194
44,2,-0.785398
44,7,-1.570796
44,16,2.356194
44,31,0.785398
44,41,0.785398
44,50,0.785398
44,52,-2.819842
44,75,-0.785398
45,16,-2.819842
45,31,-0.321751
45,32,2.819842
45,80,2.356194
45,81,3.141593
46,10,2.356194
46,20,0.000000
46,35,2.356194
46,45,-1.570796
46,52,3.141593
46,70,1.249046
46,71,3.141593
46,79,-0.785398
47,35,3.141593
47,54,-0.785398
47,55,-1.570796
47,56,3.141593
47,69,0.321751
47,89,1.570796
47,91,-1.570796
48,8,1.570796
48,12,0.000000
48,13,-1.892547
48,21,-0.321751
48,35,-2.356194
48,64,0.000000
48,65,3.141593
48,69,-0.785398
48,89,-1.570796
49,7,0.321751
49,8,-2.819842
49,27,1.249046
49,28,2.356194
49,30,-0.785398
49,31,-1.892547
49,76,2.356194
49,91,1.570796
50,7,-0.785398
50,16,2.356194
50,22,-0.785398
50,46,-0.785398
50,48,2.819842
50,58,2.356194
50,69,0.000000
50,75,-0.785398
51,26,-0.785398
51,42,2.356194
51,48,-2.356194
51,57,0.321751
51,58,-2.819842
51,66,0.000000
51,75,-1.570796
51,86,1.570796
52,2,1.570796
52,14,1.570796
52,26,2.356194
52,34,1.570796
52,41,-0.785398
52,48,0.785398
52,57,-0.785398
52,71,1.570796
52,86,-1.570796
52,91,-1.570796
53,2,-1.570796
53,13,0.321751
53,14,-2.819842
53,21,0.000000
53,22,-1.570796
53,23,-2.356194
53,34,3.141593
53,57,2.356194
53,72,3.141593
54,13,-1.570796
54,34,-2.356194
54,47,-0.785398
54,48,-1.892547
54,50,-1.570796
54,57,-2.819842
55,4,-0.785398
55,8,-0.785398
55,19,0.321751
55,21,2.819842
55,26,-0.785398
55,55,-0.785398
55,56,-1.892547
55,74,-2.356194
55,85,1.570796
56,21,-2.356194
56,73,1.570796
57,11,-0.785398
57,16,2.356194
57,17,0.785398
57,20,-2.356194
57,25,1.570796
57,69,1.249046
57,70,2.356194
57,73,3.141593
57,86,-2.356194
58,15,-1.570796
58,25,-2.356194
58,33,0.785398
58,65,0.785398
58,66,2.356194
58,68,-0.785398
58,69,-1.892547
58,73,-2.356194
59,2,1.570796
59,33,0.000000
59,38,1.249046
59,39,2.356194
59,65,-0.785398
60,22,0.321751
60,23,-2.819842
60,36,2.356194
60,37,-0.785398
60,38,-1.892547
60,59,-1.570796
61,2,-1.570796
61,5,2.356194
61,8,1.570796
61,22,-1.570796
61,35,-1.892547
61,50,1.249046
61,51,2.356194
61,52,3.141593
61,54,0.000000
61,56,3.141593
61,83,-1.570796
62,8,-1.570796
62,19,3.141593
62,21,1.570796
62,26,1.570796
62,31,1.249046
62,33,-1.892547
62,49,-0.785398
62,50,-1.892547
62,79,0.785398
63,13,-1.570796
63,16,0.321751
63,21,-2.819842
63,23,-0.785398
63,25,-0.785398
63,39,0.000000
63,40,3.141593
63,74,-1.570796
63,78,1.570796
63,80,-2.356194
64,3,-0.785398
64,16,-0.785398
64,20,-0.785398
64,64,-1.570796
64,76,0.000000
64,77,-0.785398
65,6,1.570796
65,34,1.249046
65,35,2.356194
65,36,3.141593
65,46,0.000000
65,48,0.785398
65,59,2.356194
65,60,0.785398
65,61,1.892547
65,67,1.570796
66,2,0.000000
66,3,3.141593
66,15,-0.785398
66,41,0.000000
66,42,3.141593
66,49,-1.570796
66,58,-0.785398
66,61,-1.249046
66,62,3.141593
66,82,-2.356194
67,11,1.570796
67,18,-0.785398
67,26,0.321751
67,50,-2.356194
67,63,-2.356194
67,72,1.570796
68,2,1.570796
68,5,-1.570796
68,32,-1.892547
68,36,2.356194
68,67,0.785398
69,2,-1.570796
69,14,1.570796
69,25,0.321751
69,26,-2.819842
69,30,-0.785398
69,35,1.570796
69,68,-2.356194
70,11,-1.570796
70,14,-1.570796
70,17,1.570796
70,25,-0.785398
70,35,-2.819842
70,47,0.000000
70,48,0.785398
70,49,1.892547
70,59,-2.356194
70,71,-0.785398
70,72,-1.570796
70,73,-2.356194
70,74,0.785398
71,4,2.356194
71,17,-1.570796
71,25,-1.570796
71,33,0.321751
71,49,-1.249046
71,50,-2.356194
71,51,3.141593
71,75,-2.356194
72,3,-0.785398
72,6,1.570796
72,13,1.570796
72,29,-1.570796
72,33,-0.785398
72,53,0.785398
73,13,-1.570796
73,33,-1.570796
73,54,-2.356194
73,61,1.892547
73,75,0.785398
73,81,0.785398
74,6,-1.570796
74,62,2.819842
74,75,0.000000
74,78,3.141593
75,27,1.570796
75,58,0.321751
75,59,-2.819842
75,62,-2.356194
75,67,1.570796
75,75,-0.785398
75,82,-1.570796
76,8,1.570796
76,58,-0.785398
76,72,1.570796
77,27,-1.570796
77,31,1.570796
77,67,-1.570796
77,80,1.570796
78,4,0.000000
78,5,3.141593
78,8,-1.570796
78,54,1.570796
80,6,1.570796
80,18,1.570796
80,51,1.570796
80,77,0.785398
80,90,2.356194
81,6,-1.570796
81,18,-1.570796
81,30,-1.570796
81,40,1.570796
81,51,-1.570796
81,69,1.570796
81,77,-0.321751
81,78,2.819842
81,81,0.785398
82,3,1.570796
82,8,1.570796
82,35,1.570796
82,40,-1.570796
82,55,-1.570796
82,60,2.356194
82,73,0.785398
82,78,-2.356194
82,81,-0.321751
82,82,2.819842
83,3,-1.570796
83,5,0.000000
83,6,3.141593
83,59,0.321751
83,60,-2.819842
83,73,-0.321751
83,74,2.819842
83,78,-1.570796
83,82,-2.356194
84,8,-1.570796
84,35,-1.570796
84,59,-0.785398
84,74,-2.356194
84,90,-1.570796
85,59,2.356194
85,82,-1.570796
86,57,0.000000
86,58,-0.785398
86,75,-2.356194
87,6,1.570796
87,66,1.570796
88,6,-1.570796
88,32,1.570796
88,63,2.356194
88,75,0.785398
88,83,1.570796
88,91,1.570796
89,2,1.570796
89,14,1.570796
89,62,0.321751
89,63,-2.819842
89,91,-1.570796
90,11,1.570796
90,14,-1.570796
90,62,-0.785398
91,11,-1.570796
91,33,-2.356194
91,66,-1.570796
91,76,-1.570796
91,84,-1.570796
92,8,1.570796
92,89,0.785398
93,62,-1.570796
93,66,1.570796
93,72,1.570796
93,76,1.570796
94,8,-1.570796
94,11,1.570796
94,76,-1.570796
94,90,-1.570796
95,11,-1.570796
95,54,0.000000
95,56,3.141593
95,65,1.570796
95,83,1.570796
96,60,1.570796
96,64,0.321751
96,65,-2.819842
96,72,-1.570796
97,3,-2.356194
97,15,1.570796
97,60,2.356194
97,64,-1.570796
97,83,-1.570796
98,15,-1.570796
98,58,0.000000
98,59,-0.785398
98,63,-0.785398
98,67,-0.785398
