9,37,1.249046
9,38,2.356194
10,25,1.249046
10,26,2.356194
10,50,0.000000
10,51,1.892547
11,19,1.249046
11,20,2.356194
11,24,-0.785398
11,37,-2.356194
11,58,0.785398
11,59,1.892547
12,11,1.249046
12,12,2.356194
12,18,-0.785398
13,10,0.321751
13,73,2.356194
14,10,-0.785398
14,48,0.321751
15,48,-0.785398
16,29,0.785398
16,55,0.321751
17,29,0.000000
17,31,1.892547
17,48,2.356194
17,55,-1.570796
18,38,1.570796
18,48,3.141593
18,54,1.570796
19,22,0.321751
19,31,-1.892547
19,38,0.000000
20,10,2.356194
20,33,0.785398
20,38,-1.570796
20,40,0.000000
20,41,1.892547
20,48,3.141593
20,65,0.321751
21,21,0.321751
21,33,-0.785398
21,35,1.570796
21,41,-1.249046
21,42,3.141593
21,51,0.000000
22,21,-0.785398
22,27,-1.249046
22,28,-2.356194
22,31,0.785398
22,50,2.356194
23,21,0.785398
23,52,1.570796
23,58,2.819842
24,6,0.321751
24,35,-1.249046
24,40,3.141593
24,62,-0.321751
25,6,-0.785398
25,18,2.356194
25,20,-0.785398
25,21,-1.892547
25,23,-1.249046
25,24,-2.356194
25,33,2.356194
25,37,-1.249046
25,38,-2.356194
25,41,1.570796
25,56,-1.249046
25,58,-2.356194
25,65,-2.819842
26,41,0.000000
26,48,0.000000
26,49,1.892547
27,6,2.356194
27,18,-2.356194
27,33,-1.249046
27,34,-2.356194
27,41,-1.570796
27,44,0.000000
27,49,-1.249046
27,50,3.141593
28,5,0.321751
28,22,2.356194
28,37,0.000000
28,38,1.892547
28,40,1.570796
28,45,-2.356194
28,51,1.570796
28,61,1.570796
28,65,1.570796
29,5,-0.785398
29,20,-0.785398
29,21,-1.892547
29,53,1.892547
29,61,-0.321751
29,62,2.819842
29,65,-0.321751
29,66,2.819842
30,16,-1.892547
30,42,2.356194
30,44,-0.785398
30,53,-1.249046
30,62,-1.570796
30,66,-1.570796
31,9,0.000000
31,10,1.570796
31,11,2.356194
31,12,-0.785398
31,13,-1.892547
31,34,0.785398
31,35,2.356194
31,38,-0.785398
31,39,-1.892547
31,46,-1.249046
31,63,1.570796
32,34,-1.570796
32,60,2.819842
32,63,-0.321751
32,64,2.819842
33,11,1.570796
33,13,1.249046
33,14,2.356194
33,27,0.000000
33,28,1.892547
33,33,1.570796
33,48,-0.785398
33,50,0.000000
33,51,1.892547
33,60,-2.356194
34,11,-0.785398
34,13,-1.892547
34,30,2.356194
34,33,3.141593
34,41,2.356194
34,58,2.356194
34,60,2.356194
34,64,-0.321751
35,4,0.321751
35,6,-2.356194
35,24,1.249046
35,25,2.356194
35,33,-2.356194
35,40,0.321751
35,41,-2.819842
35,44,1.570796
35,48,2.356194
35,51,-0.785398
35,66,2.819842
36,29,-2.356194
36,40,-0.785398
36,44,-1.570796
36,47,0.321751
36,48,-2.819842
36,70,0.785398
37,4,-0.785398
37,5,3.141593
37,33,-1.570796
37,47,-0.785398
37,54,0.000000
37,60,1.249046
37,61,2.356194
37,62,0.785398
37,66,-0.321751
37,70,-0.785398
37,72,1.892547
37,74,0.785398
37,75,1.570796
37,76,2.356194
37,81,-0.785398
37,83,2.819842
38,16,1.249046
38,17,2.356194
38,21,0.785398
38,29,-1.570796
38,39,-0.785398
38,69,3.141593
38,83,-2.356194
39,13,1.249046
39,14,2.356194
39,25,-2.356194
39,47,-1.570796
39,63,-0.785398
39,73,-1.249046
40,9,1.249046
40,10,2.356194
40,12,-0.785398
40,21,0.321751
40,24,-2.356194
40,27,0.000000
40,28,3.141593
40,60,-0.321751
40,62,3.141593
41,3,0.785398
41,7,1.249046
41,9,-1.892547
41,16,-1.570796
41,17,-2.356194
41,23,-2.356194
41,31,2.356194
41,34,1.570796
41,41,2.356194
41,65,-0.321751
42,3,0.000000
42,6,-0.785398
42,12,1.249046
42,14,-1.892547
42,21,-1.570796
42,22,-2.356194
42,37,1.570796
42,40,1.570796
42,44,2.356194
43,9,2.356194
43,11,-0.785398
43,12,-1.892547
43,29,-0.785398
43,33,-0.785398
43,37,2.356194
43,39,0.321751
43,40,-2.819842
43,43,1.570796
43,49,-1.570796
43,52,1.570796
43,56,2.356194
43,60,0.000000
43,61,-1.570796
43,62,3.141593
43,68,2.819842
44,2,0.321751
44,36,0.000000
44,37,-2.356194
44,39,-1.570796
44,42,0.321751
44,43,-2.819842
44,51,0.321751
44,52,-2.819842
44,55,0.321751
44,56,-2.819842
44,83,2.356194
45,2,-0.785398
45,7,-1.892547
45,11,1.249046
45,12,2.356194
45,38,0.000000
45,55,-0.785398
45,59,2.356194
45,68,-0.321751
45,83,3.141593
46,10,-0.785398
46,11,-1.892547
46,27,2.356194
46,30,1.570796
46,34,-0.785398
46,41,0.321751
46,42,-2.819842
46,51,-2.819842
46,58,0.321751
46,59,-2.819842
46,83,-2.356194
47,7,2.356194
47,26,-0.785398
47,41,-1.570796
47,44,1.570796
47,49,0.000000
47,50,-1.892547
47,58,-0.785398
47,63,0.785398
48,3,0.000000
48,5,-0.785398
48,6,-1.892547
48,11,1.249046
48,12,2.356194
48,13,3.141593
48,17,0.785398
48,48,1.570796
48,54,1.570796
48,65,1.570796
48,67,1.892547
48,72,2.819842
49,9,1.249046
49,11,-1.892547
49,17,0.000000
49,21,3.141593
49,28,-0.785398
49,48,-2.819842
49,51,2.356194
49,53,0.321751
49,54,-2.819842
49,63,-1.892547
49,72,-1.570796
50,2,0.321751
50,3,-2.819842
50,7,1.249046
50,34,1.570796
50,38,-0.785398
50,43,3.141593
50,46,0.321751
50,50,1.570796
50,53,-0.785398
50,57,2.356194
50,61,-0.785398
50,65,0.000000
50,73,0.000000
50,74,1.892547
50,83,2.356194
51,2,-0.785398
51,5,1.249046
51,11,2.356194
51,17,3.141593
51,33,0.321751
51,34,-2.819842
51,42,-1.570796
51,46,-1.570796
51,49,0.321751
51,50,-2.819842
51,56,0.321751
51,57,-2.819842
51,65,-0.785398
51,74,-1.249046
51,75,-2.356194
51,83,3.141593
52,4,-0.785398
52,5,-1.892547
52,10,-1.892547
52,17,-2.356194
52,25,2.356194
52,29,2.356194
52,33,-1.570796
52,60,1.570796
52,83,-2.356194
53,32,-0.785398
53,44,1.570796
53,49,-2.819842
53,55,0.321751
53,56,-2.819842
53,59,0.321751
53,60,-2.819842
53,65,0.785398
54,6,0.000000
54,7,-1.892547
54,20,3.141593
54,27,-0.785398
54,43,0.321751
54,44,-2.819842
54,47,0.321751
54,55,-1.570796
54,73,2.819842
55,4,1.249046
55,5,3.141593
55,12,1.249046
55,13,3.141593
55,39,-0.785398
55,43,-1.570796
55,47,-1.570796
55,58,0.321751
55,59,-2.819842
55,68,0.000000
55,69,1.892547
55,73,-1.570796
55,83,2.356194
56,3,0.321751
56,9,2.356194
56,11,-0.785398
56,12,-1.892547
56,25,2.356194
56,58,-1.570796
56,65,-2.356194
56,83,3.141593
57,3,-0.785398
57,8,-1.570796
57,24,-0.785398
57,32,0.785398
57,45,-0.785398
57,49,1.570796
57,57,-0.785398
57,61,1.570796
57,65,0.785398
57,83,-2.356194
58,3,0.785398
58,5,1.570796
58,12,1.249046
58,13,2.356194
58,37,2.356194
58,48,0.000000
58,53,-1.570796
58,60,0.321751
58,61,-2.819842
58,65,0.000000
59,3,0.000000
59,11,-0.785398
59,12,-1.892547
59,21,2.356194
59,25,2.356194
59,36,-0.785398
59,40,-0.785398
59,47,-0.785398
59,60,-1.570796
59,65,-0.785398
59,67,0.000000
59,68,1.892547
59,83,2.356194
60,3,-0.785398
60,8,1.570796
60,29,3.141593
60,55,1.570796
60,65,2.356194
60,68,-1.249046
60,69,3.141593
60,73,-1.249046
60,74,-2.356194
60,83,3.141593
61,8,-2.819842
61,16,-0.785398
61,17,-1.570796
61,19,2.356194
61,27,-0.785398
61,31,1.570796
61,35,2.356194
61,39,2.356194
61,65,-2.356194
61,70,1.570796
61,83,-2.356194
62,6,0.000000
62,7,-1.892547
62,11,1.249046
62,12,2.356194
62,31,-2.819842
62,63,-0.785398
62,66,1.570796
62,70,-0.321751
63,9,1.249046
63,33,-0.785398
63,41,1.570796
63,58,-1.570796
63,63,2.356194
63,83,2.356194
64,3,1.570796
64,5,0.000000
64,8,0.000000
64,9,-1.892547
64,17,0.785398
64,28,0.000000
64,29,-1.892547
64,36,-0.785398
64,41,-1.570796
64,46,2.356194
64,53,-0.785398
64,60,1.249046
64,68,-1.570796
64,72,-1.249046
64,74,1.570796
64,76,1.570796
64,77,2.356194
64,83,3.141593
65,6,0.785398
65,7,3.141593
65,13,-2.356194
65,18,-1.249046
65,19,-2.356194
65,56,2.356194
65,59,0.321751
65,64,0.000000
65,65,1.892547
65,69,1.570796
65,83,-2.356194
66,2,0.321751
66,21,-0.321751
66,23,2.356194
66,35,2.356194
66,44,1.570796
66,69,-0.321751
67,2,-0.785398
67,6,-2.819842
67,25,3.141593
67,43,0.000000
67,55,-1.570796
67,58,0.321751
67,62,2.356194
67,67,2.819842
67,70,-1.249046
67,71,3.141593
68,2,0.785398
68,8,0.321751
68,19,0.785398
68,22,-0.321751
68,29,2.356194
68,62,-2.356194
68,67,-2.356194
68,72,1.570796
69,2,0.000000
69,8,-1.570796
69,20,-2.356194
69,46,2.356194
69,63,0.000000
69,64,1.892547
69,72,-0.321751
70,2,-0.785398
70,4,-2.356194
70,11,1.249046
70,12,2.356194
70,13,3.141593
70,25,0.785398
70,26,1.570796
70,27,3.141593
70,45,1.570796
70,50,1.249046
70,51,3.141593
70,64,-1.249046
70,68,3.141593
71,2,0.785398
71,6,0.785398
71,10,0.000000
71,11,-1.892547
71,35,3.141593
71,44,0.000000
71,49,0.000000
71,55,0.000000
71,60,-0.321751
71,69,0.000000
71,74,-1.249046
71,76,1.570796
71,77,2.356194
71,82,-0.785398
71,84,2.819842
72,2,-0.321751
72,7,2.819842
72,14,0.000000
72,18,3.141593
72,27,3.141593
72,43,1.570796
72,66,0.785398
72,70,-1.570796
72,84,-2.356194
73,3,-2.356194
73,7,-2.356194
73,29,0.000000
73,37,3.141593
73,42,0.321751
73,43,-2.819842
73,57,-2.356194
73,58,0.785398
73,59,1.892547
73,66,-0.321751
73,71,0.000000
73,72,1.892547
73,76,-2.819842
74,7,-1.570796
74,24,0.000000
74,31,0.785398
74,32,2.356194
74,36,-0.785398
74,42,-0.785398
74,60,2.819842
74,64,2.819842
74,75,-1.892547
75,16,0.000000
75,17,3.141593
75,32,-1.570796
75,47,0.785398
75,52,0.000000
75,53,-1.892547
75,60,-1.570796
75,64,-1.570796
76,11,1.570796
76,14,1.570796
76,19,0.000000
76,36,-1.570796
76,38,1.892547
76,49,1.570796
76,51,2.356194
76,55,0.000000
76,57,1.892547
76,70,2.819842
76,73,-0.321751
77,4,1.570796
77,22,-2.356194
77,32,0.321751
77,41,-0.785398
77,44,2.356194
77,45,0.785398
77,51,-1.570796
77,55,-0.785398
77,70,-1.570796
77,74,-1.249046
77,75,3.141593
78,24,0.785398
78,32,-0.785398
78,34,-2.356194
78,38,-0.785398
78,67,1.570796
79,33,-0.785398
79,52,0.785398
79,60,2.819842
79,67,-0.321751
79,72,1.570796
80,8,-1.570796
80,16,2.356194
80,30,0.785398
80,34,1.570796
80,52,-0.321751
80,53,2.819842
80,64,0.000000
80,72,-0.321751
81,27,-2.356194
81,30,-0.321751
81,31,2.819842
81,34,-0.321751
81,35,2.819842
81,38,0.785398
81,53,-1.570796
81,57,1.570796
81,60,-0.321751
81,65,-1.570796
81,70,2.819842
81,73,-1.249046
81,74,-2.356194
81,77,-0.785398
81,78,-1.570796
81,79,3.141593
82,2,0.785398
82,4,2.356194
82,10,-1.570796
82,13,-1.570796
82,19,2.356194
82,38,-0.321751
82,39,2.819842
82,46,-1.570796
82,57,-0.321751
82,58,2.819842
82,61,-1.249046
82,62,3.141593
82,70,-1.570796
83,2,0.000000
83,4,3.141593
83,31,-0.321751
83,32,2.819842
83,35,-0.321751
83,36,2.819842
83,39,-1.570796
84,2,-0.785398
84,4,-2.356194
84,13,1.570796
84,25,1.570796
84,32,-2.356194
84,36,-2.356194
84,40,-2.356194
84,58,-0.321751
84,59,2.819842
84,64,-2.356194
84,82,0.000000
84,83,2.356194
85,13,-1.570796
85,15,-1.570796
85,17,-1.570796
85,23,0.785398
85,29,1.570796
85,72,0.000000
85,73,1.892547
86,6,-1.570796
86,10,1.570796
86,20,0.000000
86,21,3.141593
86,24,0.000000
86,45,-1.570796
86,49,1.570796
86,59,-0.321751
86,60,2.819842
86,63,1.570796
86,66,1.570796
86,69,1.570796
86,73,-1.249046
86,74,-2.356194
86,81,0.785398
86,83,-2.819842
87,2,0.785398
87,4,2.356194
87,12,1.570796
87,18,1.570796
87,29,-1.570796
87,36,-1.570796
87,60,-2.356194
87,63,0.785398
87,69,-0.321751
88,2,0.000000
88,4,3.141593
88,12,-1.570796
88,63,-0.321751
88,64,2.819842
88,67,1.570796
88,71,2.819842
89,2,-0.785398
89,4,-1.570796
89,7,1.570796
89,9,-1.570796
89,24,-1.570796
89,27,1.570796
89,37,1.570796
89,40,1.570796
89,50,-2.356194
89,67,-0.321751
89,68,2.819842
89,71,-1.570796
90,11,0.785398
90,18,-2.356194
90,43,1.570796
90,64,-0.321751
90,65,2.819842
90,68,-1.570796
90,72,1.570796
91,7,-1.570796
91,30,1.570796
91,65,-2.356194
91,73,-2.356194
91,76,0.785398
91,77,1.892547
91,80,0.000000
91,81,-1.892547
92,30,-1.570796
92,47,0.785398
92,51,1.570796
92,79,3.141593
93,8,1.570796
93,15,-2.356194
93,59,0.000000
93,60,1.570796
93,62,-1.570796
93,66,3.141593
93,76,0.321751
94,6,0.785398
94,8,2.356194
94,23,0.000000
94,67,0.000000
94,68,1.570796
94,70,-1.570796
94,71,3.141593
95,3,1.570796
95,16,0.785398
95,29,1.570796
95,75,-0.785398
95,76,-1.570796
96,4,-2.356194
96,5,-0.785398
96,6,-1.892547
96,8,-1.249046
96,9,-2.356194
96,12,0.785398
96,13,1.570796
96,14,2.356194
96,19,0.785398
96,20,1.570796
96,21,2.356194
96,41,-1.570796
97,15,2.356194
97,18,-0.785398
97,29,-1.570796
97,32,1.570796
97,34,-1.570796
97,48,-1.570796
97,52,-1.570796
98,14,-2.356194
98,16,-2.356194
98,23,-2.356194
98,32,-1.570796
98,38,-1.570796
98,45,-1.570796
98,56,-1.570796
98,61,-1.570796
98,65,-1.570796
98,69,-2.356194
