11,64,1.249046
11,65,2.356194
13,50,1.892547
13,61,0.785398
13,80,2.356194
14,52,0.785398
14,53,2.356194
15,34,1.249046
15,35,2.356194
15,47,-0.785398
15,48,-1.570796
15,53,-1.570796
15,61,0.321751
15,63,2.819842
16,27,1.249046
16,29,1.892547
16,50,-2.356194
16,66,1.249046
17,22,1.249046
17,23,2.356194
17,31,1.570796
17,61,-0.321751
18,27,-1.249046
18,29,-1.892547
18,82,2.356194
19,18,1.249046
19,19,2.356194
20,64,-1.892547
20,66,-2.356194
21,37,0.785398
22,24,-2.819842
22,60,1.570796
23,19,1.249046
23,30,0.321751
23,32,2.819842
23,60,0.000000
23,67,0.785398
23,70,0.000000
23,71,-1.892547
24,18,0.321751
24,50,0.785398
24,52,1.249046
24,67,-0.321751
24,69,3.141593
24,85,2.356194
26,23,-0.321751
26,52,-1.249046
26,75,-0.321751
26,77,-2.819842
27,26,2.819842
27,44,-0.785398
27,56,1.892547
27,63,-0.321751
28,9,0.321751
28,20,2.819842
28,30,-0.321751
28,35,2.819842
28,71,-2.356194
28,73,0.785398
28,74,1.570796
28,76,3.141593
28,81,0.321751
29,9,-1.570796
29,26,-2.819842
29,51,1.249046
29,61,0.785398
29,62,1.892547
30,21,-2.356194
30,23,-0.785398
30,30,0.321751
30,77,-2.356194
30,78,0.785398
30,79,1.570796
30,81,3.141593
30,88,2.356194
31,17,-1.249046
31,19,-1.892547
31,27,1.892547
31,30,-0.785398
31,40,1.249046
31,42,1.892547
31,47,-1.892547
31,53,-2.819842
31,56,-0.785398
31,71,2.356194
31,72,0.785398
32,67,1.249046
32,68,2.356194
32,69,-0.785398
32,70,-1.892547
32,81,-2.819842
33,29,1.570796
33,44,-2.356194
33,48,0.000000
33,73,-0.785398
33,83,1.249046
33,84,2.356194
33,85,-0.785398
33,86,-1.892547
34,47,1.570796
34,52,2.819842
34,61,-2.356194
34,75,-2.819842
34,78,0.000000
34,83,-1.892547
35,18,1.570796
35,29,-1.892547
35,33,-2.819842
35,52,-2.356194
35,56,0.000000
35,59,-2.356194
35,72,0.785398
36,20,2.356194
36,35,1.570796
36,42,1.570796
36,58,-2.356194
36,61,0.000000
36,62,-1.892547
36,65,-1.570796
36,69,-2.819842
36,79,0.000000
36,81,-2.356194
37,14,2.356194
37,26,-0.785398
37,27,-1.570796
37,28,3.141593
37,54,1.570796
37,57,1.570796
37,72,-2.819842
37,76,1.570796
37,79,-1.570796
37,83,0.785398
37,84,1.570796
38,17,0.000000
38,18,-1.892547
38,50,1.570796
38,57,-2.819842
38,60,0.000000
38,62,1.249046
38,63,3.141593
38,66,0.321751
38,70,0.321751
38,76,0.000000
38,78,2.356194
38,88,1.570796
39,12,0.321751
39,22,0.000000
39,28,0.321751
39,45,0.785398
39,47,-2.356194
39,88,-2.819842
40,21,0.000000
40,45,-1.570796
40,65,0.321751
40,74,1.892547
40,78,-1.570796
40,79,3.141593
41,44,1.570796
41,54,-1.570796
41,57,-0.785398
41,60,0.321751
41,61,-2.819842
41,80,0.000000
41,81,1.892547
41,88,3.141593
42,14,-1.570796
42,17,1.570796
42,19,1.249046
42,22,2.819842
42,40,0.000000
42,50,-1.570796
42,53,1.570796
42,60,-0.785398
42,74,-1.892547
42,84,0.785398
43,6,1.249046
43,8,1.570796
43,12,-1.570796
43,22,-1.570796
43,24,1.249046
43,39,1.570796
43,49,1.570796
43,53,-2.819842
43,55,1.570796
43,76,0.000000
43,81,-0.785398
44,5,0.321751
44,19,-1.570796
44,39,-2.819842
44,41,0.321751
44,49,-2.819842
44,51,0.321751
44,55,2.356194
44,60,0.785398
44,76,-0.785398
44,89,2.356194
45,5,-0.785398
45,10,-2.356194
45,14,0.785398
45,16,-1.892547
45,20,0.785398
45,21,2.356194
45,22,-0.785398
45,27,-0.785398
45,41,-1.570796
45,47,0.321751
45,51,-1.570796
45,54,0.321751
45,55,-2.819842
45,60,0.000000
45,62,1.892547
45,64,1.249046
45,79,-2.356194
45,80,-0.785398
45,81,-1.570796
45,82,-2.356194
46,20,-0.785398
46,24,-1.570796
46,43,0.321751
46,44,-2.819842
46,47,-1.570796
46,54,-0.785398
46,84,-0.785398
46,85,-1.570796
46,86,-2.356194
46,87,-0.785398
46,88,-1.892547
47,12,0.000000
47,14,-2.819842
47,29,-0.785398
47,30,-1.892547
47,39,1.570796
47,43,-1.570796
47,46,1.570796
48,24,0.000000
48,32,-1.570796
48,39,-2.819842
48,42,1.570796
48,46,-2.819842
48,76,3.141593
48,91,2.356194
49,27,-2.819842
49,38,-1.570796
49,42,-2.819842
49,44,0.321751
49,62,-0.785398
49,76,-2.356194
49,87,0.000000
49,89,0.785398
49,91,-2.819842
50,4,0.321751
50,6,-2.356194
50,26,-0.785398
50,33,0.321751
50,37,1.570796
50,40,0.321751
50,48,0.785398
50,53,1.249046
50,57,-1.892547
51,4,-0.785398
51,11,1.570796
51,21,0.785398
51,26,2.356194
51,29,1.570796
51,36,0.321751
51,37,-2.819842
51,40,-1.570796
51,43,0.321751
51,47,0.785398
51,51,1.249046
51,75,-0.785398
51,76,-1.570796
51,85,0.000000
51,86,1.892547
51,90,2.356194
52,24,1.249046
52,26,-2.356194
52,29,-2.819842
52,32,0.000000
52,55,3.141593
52,87,-2.356194
52,90,3.141593
53,13,1.570796
53,14,3.141593
53,20,0.000000
53,36,-2.819842
53,39,2.356194
53,43,-0.321751
53,59,1.249046
53,61,-1.570796
53,62,3.141593
53,65,0.000000
53,66,0.000000
53,69,0.000000
53,70,0.000000
53,85,1.570796
53,90,-2.356194
54,4,0.785398
54,27,-1.570796
54,34,0.321751
54,38,0.321751
54,64,0.000000
54,68,0.000000
54,71,-2.356194
54,76,0.785398
54,78,-1.892547
54,84,-0.785398
54,85,-2.356194
55,4,-0.321751
55,6,2.356194
55,10,-1.249046
55,13,-2.819842
55,17,1.249046
55,18,3.141593
55,22,-0.785398
55,30,1.570796
55,34,-1.570796
55,53,0.000000
55,60,2.819842
55,88,0.785398
56,16,0.321751
56,29,0.321751
56,30,-2.819842
56,52,3.141593
56,60,-1.570796
56,64,0.000000
56,67,0.785398
56,70,0.000000
56,75,-0.785398
56,76,-1.570796
56,77,-2.356194
56,89,-1.249046
56,90,3.141593
57,16,-1.570796
57,21,1.570796
57,25,2.356194
57,29,-1.570796
57,57,1.570796
57,58,2.356194
57,61,0.000000
57,62,0.000000
57,68,0.000000
57,69,0.000000
57,79,0.785398
57,80,2.356194
57,91,-2.356194
58,21,-2.819842
58,24,0.321751
58,25,-2.819842
58,28,0.785398
58,32,0.321751
58,59,0.000000
58,60,0.000000
58,66,0.000000
58,67,0.000000
59,11,1.570796
59,28,0.000000
59,73,0.000000
59,74,1.570796
59,75,2.356194
60,5,0.785398
60,23,0.321751
60,24,-2.819842
60,63,0.000000
60,64,0.000000
60,79,-1.249046
60,80,-2.356194
60,81,0.785398
60,82,1.892547
61,5,0.000000
61,9,-0.785398
61,10,-1.892547
61,12,1.570796
61,23,-0.785398
61,43,3.141593
61,48,-0.785398
61,66,3.141593
61,69,0.000000
61,82,-1.249046
61,84,1.892547
61,91,-2.356194
62,5,-0.785398
62,12,0.000000
62,26,0.785398
62,35,-2.819842
62,49,0.000000
62,50,0.000000
62,53,-2.356194
62,56,0.000000
62,61,-1.892547
62,64,0.000000
62,65,-1.892547
62,84,-1.249046
62,85,-2.356194
63,20,-2.356194
63,25,0.000000
63,48,1.570796
63,63,-0.785398
63,67,0.000000
63,69,0.785398
63,70,1.570796
63,71,2.356194
63,72,0.785398
63,79,0.000000
63,80,1.570796
63,81,2.356194
64,8,1.249046
64,10,1.570796
64,12,-2.356194
64,43,1.249046
64,57,1.249046
64,58,3.141593
64,61,2.356194
64,73,-1.249046
64,74,-2.356194
64,75,0.785398
64,76,1.892547
64,83,0.000000
64,89,0.000000
64,90,1.892547
65,5,0.785398
65,13,0.785398
65,14,3.141593
65,18,0.000000
65,21,1.249046
65,32,-1.570796
65,56,0.000000
65,60,0.785398
65,63,2.356194
65,67,0.000000
65,80,-0.321751
65,91,2.819842
66,5,0.000000
66,10,-2.819842
66,13,-0.785398
66,45,-2.819842
66,48,-2.356194
66,52,-2.819842
66,59,3.141593
66,61,0.785398
66,62,3.141593
66,70,-1.249046
66,71,-2.356194
66,72,0.785398
66,73,1.892547
66,86,1.892547
67,5,-0.785398
67,7,-1.249046
67,9,-1.892547
67,23,-1.892547
67,40,-1.570796
67,50,0.000000
67,54,0.785398
67,61,-0.785398
67,67,3.141593
67,73,-1.249046
67,75,1.892547
67,79,3.141593
67,82,-1.249046
67,87,-2.356194
67,89,0.785398
67,91,-2.819842
68,29,0.785398
68,39,0.785398
68,42,0.000000
68,46,0.785398
68,52,0.000000
68,53,0.000000
68,55,0.000000
68,58,-2.356194
68,62,0.000000
68,69,0.000000
68,70,0.785398
68,71,1.892547
68,75,-1.249046
69,11,0.321751
69,26,2.356194
69,29,0.000000
69,35,-1.570796
69,41,3.141593
69,45,3.141593
69,47,0.785398
69,48,3.141593
69,54,-2.356194
69,71,-1.249046
69,72,3.141593
69,86,2.819842
69,90,-1.570796
70,11,-1.570796
70,18,-1.570796
70,23,0.000000
70,24,0.785398
70,26,-2.819842
70,29,-0.785398
70,37,0.000000
70,43,0.321751
70,47,-0.785398
70,53,-0.785398
70,59,0.785398
70,60,3.141593
70,66,0.000000
70,67,0.785398
70,68,1.892547
70,73,-2.356194
70,79,2.819842
70,82,0.000000
70,83,1.892547
70,86,-1.570796
71,5,0.785398
71,20,-0.785398
71,35,0.785398
71,36,3.141593
71,43,-0.785398
71,47,2.356194
71,50,0.785398
71,59,-0.785398
71,68,-1.249046
71,76,0.785398
71,79,-1.570796
71,84,2.819842
71,87,0.000000
71,88,1.892547
72,5,0.000000
72,9,-0.785398
72,13,-2.356194
72,22,-2.819842
72,46,0.321751
72,47,-2.819842
72,50,0.000000
72,54,0.785398
72,64,0.785398
72,70,-1.570796
72,77,2.356194
72,80,0.000000
72,84,-1.570796
73,5,-0.785398
73,14,0.000000
73,15,1.570796
73,18,2.819842
73,21,-0.785398
73,25,2.356194
73,31,0.321751
73,35,-2.819842
73,46,-0.785398
73,55,-2.356194
73,66,0.785398
73,67,1.892547
73,71,0.000000
73,78,1.570796
73,85,1.570796
73,90,2.819842
74,11,0.000000
74,18,-2.356194
74,24,0.321751
74,25,-2.819842
74,31,-0.785398
74,49,0.321751
74,50,-2.819842
74,55,-1.570796
74,58,1.570796
74,67,-1.249046
74,68,3.141593
74,72,-1.570796
74,76,0.785398
74,86,3.141593
75,4,0.321751
75,6,-2.356194
75,11,-1.570796
75,13,0.000000
75,15,-2.819842
75,24,-0.785398
75,49,-0.785398
75,57,0.321751
75,58,-2.819842
75,73,1.570796
75,76,-0.321751
75,83,2.819842
75,87,0.000000
75,88,1.570796
76,4,-0.785398
76,9,0.785398
76,10,3.141593
76,17,0.785398
76,20,1.570796
76,24,2.356194
76,27,2.356194
76,34,2.356194
76,52,1.570796
76,66,0.785398
76,73,-0.321751
76,80,0.785398
77,4,0.785398
77,9,-0.785398
77,14,2.356194
77,17,0.000000
77,20,-2.819842
77,23,0.321751
77,24,-2.819842
77,26,0.321751
77,27,-2.819842
77,33,0.321751
77,34,-2.819842
77,52,-1.570796
77,56,0.321751
77,57,-2.819842
77,64,1.570796
77,67,0.000000
77,75,2.819842
77,78,1.570796
77,83,-0.785398
78,4,0.000000
78,9,2.356194
78,13,0.321751
78,17,-1.570796
78,23,-1.570796
78,33,-0.785398
78,56,-0.785398
78,60,1.570796
78,68,-2.356194
78,71,-1.570796
78,78,-0.321751
79,4,-0.785398
79,9,-2.819842
79,13,-1.570796
79,15,0.000000
79,16,2.356194
79,25,0.321751
79,26,-2.819842
79,60,-1.570796
79,75,-0.321751
79,76,2.819842
79,79,-2.356194
79,85,-0.321751
80,16,-2.356194
80,25,-0.785398
80,28,2.356194
80,64,0.785398
80,76,-2.356194
80,79,0.785398
80,82,-0.321751
80,83,2.819842
80,87,2.819842
81,3,0.321751
81,5,-2.356194
81,6,0.785398
81,8,-2.819842
81,16,2.356194
81,52,1.570796
81,62,0.000000
81,68,2.356194
81,72,0.785398
81,79,-0.321751
81,80,2.819842
81,91,-2.356194
82,3,-0.785398
82,11,0.785398
82,15,0.321751
82,16,-2.819842
82,56,-1.570796
82,65,-1.570796
82,67,0.321751
82,68,-2.819842
82,77,-2.356194
82,80,-1.570796
82,83,-0.321751
82,87,-0.321751
82,88,2.819842
83,15,-1.570796
83,22,2.356194
83,52,0.785398
83,58,0.000000
83,61,3.141593
83,67,-0.785398
83,84,-1.249046
83,85,3.141593
83,88,-1.570796
84,3,0.785398
84,6,0.000000
84,7,-1.892547
84,9,0.000000
84,13,0.000000
84,14,2.356194
84,21,0.321751
84,22,-2.819842
84,52,-0.321751
84,53,2.819842
84,78,1.570796
84,81,0.785398
85,3,-0.321751
85,5,3.141593
85,14,-2.356194
85,18,0.785398
85,49,-2.356194
85,53,-1.570796
85,73,-1.570796
85,76,1.570796
85,78,0.785398
85,81,-0.321751
85,82,2.819842
85,85,0.785398
86,21,3.141593
86,24,2.356194
86,33,0.785398
86,54,-2.356194
86,56,0.000000
86,58,3.141593
86,66,1.570796
86,70,1.570796
86,78,-0.321751
86,79,2.819842
86,82,-2.356194
86,85,-0.321751
86,86,2.819842
87,23,0.000000
87,34,2.819842
87,60,-0.785398
87,62,-2.356194
87,66,-2.819842
87,79,-2.356194
88,9,-1.570796
88,21,0.000000
88,34,-1.570796
88,41,-1.570796
88,79,-1.570796
88,86,-0.321751
88,87,2.819842
89,21,-0.785398
89,38,-2.356194
89,54,0.000000
89,55,1.892547
89,63,-0.785398
89,64,-1.892547
89,69,2.356194
89,83,-1.570796
90,13,0.000000
90,16,2.356194
90,21,0.785398
90,50,0.785398
90,55,-1.249046
90,56,-2.356194
90,59,3.141593
90,61,-0.785398
90,68,0.321751
90,69,-2.819842
90,72,1.570796
90,76,-1.570796
90,87,-0.321751
90,88,2.819842
90,91,-1.570796
91,5,1.249046
91,6,2.356194
91,7,0.785398
91,14,0.000000
91,16,-2.819842
91,21,0.000000
91,35,0.785398
91,50,-0.321751
91,68,-1.570796
91,82,1.570796
91,85,1.570796
91,88,-2.356194
92,8,-2.356194
92,18,0.000000
92,19,3.141593
92,21,-0.785398
92,24,1.570796
92,35,-0.321751
92,36,2.819842
92,44,1.570796
92,47,-1.570796
92,51,-1.249046
92,52,3.141593
92,54,2.356194
92,72,2.356194
92,76,1.570796
93,11,1.570796
93,29,2.356194
93,32,0.785398
93,36,-2.356194
93,49,1.570796
93,66,-0.785398
93,71,0.321751
93,72,-2.819842
93,85,0.785398
93,89,1.570796
94,10,0.321751
94,11,-2.819842
94,21,0.785398
94,29,-2.356194
94,32,-0.321751
94,33,2.819842
94,36,-1.570796
94,41,1.570796
94,45,1.570796
94,49,-1.570796
94,57,0.000000
94,64,3.141593
94,85,-0.321751
94,86,2.819842
94,89,0.000000
95,10,-0.785398
95,21,-0.785398
95,22,-2.356194
95,27,-0.785398
95,41,0.785398
95,45,-0.321751
95,71,-2.819842
95,75,-1.570796
95,79,0.785398
96,20,1.570796
96,33,-0.321751
96,34,2.819842
96,41,-0.321751
96,42,2.819842
96,69,0.000000
96,70,-1.892547
96,86,-0.321751
96,88,3.141593
96,90,-0.785398
97,13,-0.785398
97,18,0.000000
97,19,-0.785398
97,30,-1.570796
97,34,-2.356194
97,38,0.785398
97,42,-1.570796
97,44,1.249046
97,45,3.141593
97,47,-1.249046
97,48,3.141593
97,53,0.000000
97,68,-0.785398
98,9,-1.570796
98,25,-1.570796
98,28,-1.570796
98,34,-1.570796
98,39,-2.356194
98,43,-0.785398
98,44,-1.892547
98,49,-2.356194
98,57,3.141593
98,60,0.000000
98,62,3.141593
98,64,0.000000
98,65,3.141593
98,81,-2.356194
98,83,-1.570796
98,87,-1.570796
