9,37,0.785398
9,38,2.356194
9,55,2.356194
10,31,0.785398
10,32,2.356194
10,38,-1.570796
10,53,0.321751
11,18,1.249046
11,19,2.356194
11,32,-1.570796
11,53,-1.570796
11,70,1.570796
13,69,0.321751
14,15,0.321751
14,34,0.785398
14,50,1.249046
14,69,-0.785398
15,34,0.000000
15,42,0.785398
15,69,2.356194
16,44,1.892547
16,67,1.249046
16,69,3.141593
17,16,0.785398
17,17,2.356194
17,36,3.141593
17,46,2.356194
17,47,-0.785398
17,48,-1.892547
17,52,2.356194
17,55,0.785398
17,64,1.570796
17,65,2.356194
17,66,-0.785398
17,67,-1.892547
17,69,-2.356194
17,83,3.141593
18,16,-0.785398
18,36,-1.570796
18,42,-1.570796
18,50,1.249046
18,52,3.141593
18,55,0.000000
18,62,-0.785398
19,31,-0.785398
19,37,0.785398
19,38,2.356194
19,39,-0.785398
19,40,-2.356194
19,46,2.819842
19,52,-2.356194
19,63,-0.785398
19,65,2.819842
20,41,0.000000
20,57,3.141593
20,65,-2.356194
20,68,0.321751
20,70,2.819842
20,78,0.321751
21,35,2.356194
21,36,-0.785398
21,37,-2.356194
21,55,-1.892547
21,57,-1.570796
21,64,1.570796
21,78,-1.570796
22,8,0.321751
22,22,0.785398
22,23,2.356194
22,32,0.000000
22,39,2.356194
22,44,1.249046
22,49,1.570796
22,52,0.000000
22,53,-1.892547
22,58,0.785398
22,59,2.356194
22,60,0.785398
22,61,1.570796
22,70,3.141593
23,8,-0.785398
23,22,-0.785398
23,34,-1.570796
23,46,-1.570796
23,65,2.819842
23,70,-1.570796
24,28,1.249046
24,29,2.356194
24,30,0.785398
24,37,-1.892547
24,44,-1.570796
24,49,-1.892547
24,58,3.141593
24,75,0.785398
24,78,2.819842
25,8,2.356194
25,27,-0.785398
25,40,1.249046
25,42,-2.356194
25,47,-1.892547
25,58,-2.356194
25,63,-1.249046
25,78,-2.356194
25,87,3.141593
26,7,0.321751
26,23,2.819842
26,35,-1.570796
26,38,1.249046
26,40,-1.892547
26,45,-1.892547
26,51,1.249046
26,52,2.356194
26,67,0.785398
26,76,0.000000
27,7,-0.785398
27,15,0.321751
27,17,2.819842
27,20,0.321751
27,29,0.785398
27,31,0.000000
27,32,-1.892547
27,38,-1.892547
27,42,0.000000
27,43,-1.892547
27,76,-0.785398
27,88,2.356194
28,15,-0.785398
28,20,-0.785398
28,23,-2.819842
28,29,0.000000
28,40,1.249046
28,41,3.141593
28,57,-0.785398
28,60,2.356194
28,63,0.785398
28,65,-2.819842
28,68,0.000000
29,17,-2.819842
29,29,-1.570796
29,34,0.321751
29,39,0.000000
29,40,-1.892547
29,45,1.249046
29,46,3.141593
29,80,0.785398
30,15,-0.785398
30,16,-1.892547
30,21,-1.570796
30,38,-0.785398
30,44,-0.785398
30,45,-1.892547
30,60,-2.356194
30,62,0.785398
30,74,0.000000
30,75,1.892547
30,85,0.321751
31,19,1.249046
31,20,3.141593
31,33,0.000000
31,42,-0.785398
31,49,-0.785398
31,50,-1.892547
31,63,-1.249046
31,64,-2.356194
31,68,-1.249046
31,69,3.141593
31,75,-1.249046
31,77,1.892547
31,85,-1.570796
32,18,0.000000
32,19,-1.892547
32,24,1.249046
32,25,3.141593
32,31,1.249046
32,32,3.141593
32,70,1.570796
32,83,0.000000
33,16,1.249046
33,17,3.141593
33,23,0.000000
33,24,-1.892547
33,30,0.000000
33,31,-1.892547
33,45,-0.785398
33,59,0.785398
33,60,1.570796
33,62,1.570796
33,63,2.356194
33,65,0.785398
33,66,1.892547
33,71,-2.356194
33,72,0.785398
33,73,1.892547
33,78,-1.249046
33,80,1.892547
33,84,-1.249046
33,85,3.141593
34,6,0.785398
34,14,1.249046
34,16,-1.892547
34,21,1.249046
34,22,3.141593
34,26,1.249046
34,28,1.570796
34,29,3.141593
34,48,0.000000
34,66,-1.249046
34,67,3.141593
34,73,-1.249046
34,75,1.892547
35,6,-0.785398
35,7,3.141593
35,19,1.249046
35,21,-1.892547
35,62,-1.570796
35,63,3.141593
35,75,-1.249046
35,77,1.892547
35,81,-1.249046
35,83,1.892547
35,91,2.356194
36,12,-0.785398
36,13,-1.892547
36,18,0.000000
36,19,-1.892547
36,23,1.249046
36,28,-2.819842
36,32,2.356194
36,66,3.141593
36,77,-1.249046
36,78,3.141593
36,84,2.819842
36,89,0.785398
36,91,-2.819842
37,16,1.249046
37,17,3.141593
37,51,0.000000
37,56,3.141593
37,59,1.570796
37,68,0.000000
37,69,-0.785398
37,70,-1.570796
37,71,-2.356194
37,72,3.141593
37,84,-1.570796
38,20,1.249046
38,26,-1.892547
38,62,0.000000
38,85,0.000000
38,86,1.892547
38,90,-1.570796
39,59,-1.570796
39,78,1.570796
40,13,0.000000
40,14,-1.892547
40,23,-1.570796
40,28,3.141593
40,74,0.785398
41,27,-1.570796
41,49,0.000000
41,55,3.141593
41,70,0.000000
41,71,1.892547
42,10,1.249046
42,11,3.141593
42,20,1.249046
42,21,3.141593
42,25,0.000000
42,58,0.000000
42,60,0.785398
42,61,1.892547
42,76,-2.356194
42,80,0.000000
42,81,1.892547
42,89,-1.249046
43,9,0.321751
43,61,-1.249046
43,62,-2.356194
43,72,-1.249046
43,74,1.892547
43,91,-2.356194
44,5,0.785398
44,32,0.000000
44,69,0.785398
44,74,-1.249046
44,75,3.141593
45,5,0.000000
45,8,-0.785398
45,9,-1.570796
45,10,-2.356194
45,18,-1.892547
45,37,0.785398
45,65,-2.356194
46,5,-0.785398
46,38,-1.570796
46,81,1.570796
46,84,-1.249046
46,85,3.141593
47,15,0.000000
47,62,0.785398
47,73,-2.356194
48,14,-0.785398
48,69,0.000000
48,70,0.785398
48,75,0.785398
48,79,0.000000
48,83,1.892547
49,71,-1.570796
49,83,-1.249046
49,84,3.141593
50,66,0.000000
50,67,1.892547
50,72,0.000000
50,73,1.892547
50,77,-2.356194
51,68,3.141593
52,66,3.141593
52,69,0.000000
52,70,1.892547
52,74,-1.249046
52,75,3.141593
52,87,0.000000
52,88,1.892547
53,70,-1.249046
53,71,-2.356194
53,72,3.141593
53,83,0.000000
53,91,2.356194
54,4,0.785398
54,8,2.356194
54,60,0.785398
54,66,2.819842
54,77,0.000000
54,78,1.892547
54,84,-1.570796
54,91,-2.819842
55,4,0.000000
55,62,0.785398
55,79,2.819842
56,4,-0.785398
56,69,0.785398
56,70,1.892547
56,79,-1.570796
56,87,1.570796
57,14,3.141593
57,64,-2.356194
57,87,-0.321751
57,90,2.356194
58,41,2.356194
58,66,-1.570796
58,71,-1.249046
58,72,3.141593
58,88,-1.249046
58,90,3.141593
59,10,1.249046
59,11,3.141593
59,39,2.356194
59,40,-0.785398
59,41,-2.356194
59,67,-2.356194
59,90,-2.356194
60,4,0.785398
60,9,-0.785398
60,10,-1.892547
60,15,1.570796
60,38,-0.785398
60,74,-2.356194
60,83,-2.356194
60,90,2.356194
61,4,-0.321751
61,6,2.356194
61,79,0.000000
61,87,0.000000
61,90,3.141593
62,25,3.141593
62,64,0.785398
62,90,-2.356194
63,23,-0.785398
63,73,0.785398
63,85,0.785398
64,78,0.785398
64,86,0.000000
64,87,1.892547
64,90,2.356194
65,11,1.570796
65,47,-2.356194
65,72,1.570796
65,87,-1.249046
65,88,-2.356194
65,90,3.141593
66,11,-2.819842
66,15,1.570796
66,68,-2.356194
66,84,1.570796
66,90,-2.356194
67,15,2.356194
67,19,1.570796
67,73,-2.356194
67,85,3.141593
68,4,0.785398
68,8,0.000000
68,9,-1.892547
68,13,1.249046
68,15,-2.356194
68,19,2.356194
68,70,0.785398
68,86,1.570796
69,4,-0.321751
69,6,2.356194
69,16,1.570796
69,19,-2.819842
69,83,1.570796
69,86,-0.321751
69,87,2.819842
69,90,2.356194
70,11,0.321751
70,73,3.141593
70,83,-0.321751
70,84,2.819842
70,90,-2.819842
71,11,-1.570796
71,18,-2.356194
71,81,-2.356194
71,84,-1.570796
72,5,0.785398
72,14,0.321751
72,35,0.785398
72,85,0.000000
73,5,0.000000
73,14,-1.570796
73,18,2.356194
73,86,-1.249046
73,89,2.819842
74,5,-0.785398
74,17,0.321751
74,18,-2.819842
74,80,0.785398
74,84,1.570796
74,89,-2.356194
75,12,1.570796
75,17,-1.570796
75,45,2.356194
75,73,0.785398
75,77,0.785398
75,84,0.785398
76,12,-2.819842
76,16,-0.785398
76,43,-2.356194
76,78,-2.356194
76,84,-0.321751
76,89,2.356194
77,41,-1.570796
77,75,-2.356194
77,89,-2.819842
78,5,0.785398
78,9,0.000000
78,10,-1.892547
78,64,0.785398
79,5,0.000000
79,14,2.356194
79,89,2.819842
80,5,-0.785398
80,41,3.141593
80,69,1.570796
80,80,0.785398
80,89,-2.356194
81,12,-0.785398
81,24,2.356194
81,37,1.249046
81,39,-1.892547
81,66,-2.356194
81,77,0.785398
82,63,1.570796
82,85,1.570796
83,11,2.356194
83,19,2.356194
83,22,-0.785398
83,30,0.000000
83,31,0.785398
83,32,1.570796
83,33,2.356194
83,35,-0.785398
83,36,-1.892547
83,53,0.785398
83,60,1.570796
83,67,0.785398
83,78,-1.570796
83,82,-2.356194
83,86,3.141593
84,5,0.785398
84,87,0.000000
84,88,2.356194
85,5,0.000000
85,56,0.785398
85,57,1.892547
85,64,-1.570796
85,68,-1.570796
85,88,-2.356194
86,5,-0.785398
86,24,2.356194
86,41,-0.785398
86,51,1.570796
86,57,-1.249046
86,58,-2.356194
86,59,-0.785398
86,61,2.819842
86,72,-2.356194
87,61,-2.356194
87,82,0.785398
88,77,1.570796
88,88,2.356194
89,21,1.570796
89,31,-1.570796
89,55,1.570796
89,59,1.570796
89,70,1.570796
89,80,1.570796
89,86,0.785398
89,88,-2.819842
90,9,1.249046
90,10,2.356194
90,11,3.141593
90,15,1.570796
90,20,0.000000
90,55,-1.570796
90,70,-1.570796
91,14,0.321751
91,15,-2.819842
91,19,1.570796
91,25,2.356194
91,49,1.570796
91,81,1.570796
92,5,0.785398
92,18,0.321751
92,19,-2.819842
92,24,-0.785398
92,71,1.570796
92,81,-0.321751
92,82,2.819842
93,5,-0.321751
93,13,0.321751
93,14,-2.819842
93,49,-1.570796
93,52,-1.570796
93,59,0.785398
93,62,0.000000
93,71,0.785398
93,82,-2.356194
94,13,-1.570796
94,17,0.321751
94,18,-2.819842
94,32,2.356194
94,57,1.570796
94,59,-0.321751
94,61,3.141593
94,63,-2.356194
94,66,1.570796
94,71,-0.321751
94,72,2.819842
94,74,0.785398
94,87,2.356194
95,11,1.249046
95,12,3.141593
95,17,-1.570796
95,46,1.570796
95,49,1.570796
95,66,-1.570796
95,69,1.570796
95,72,-2.356194
95,77,1.570796
95,84,2.356194
95,86,-0.785398
96,16,3.141593
96,21,1.570796
96,26,1.570796
96,31,-1.570796
96,46,-1.570796
96,52,1.570796
96,57,-1.570796
96,60,-1.570796
96,69,-1.570796
96,83,-1.892547
97,11,-1.570796
97,15,-1.570796
97,64,1.570796
97,73,1.570796
97,75,0.000000
98,20,-0.785398
98,25,-0.785398
98,49,-1.570796
98,52,-1.570796
98,64,-1.570796
98,74,-2.356194
98,76,-0.785398
98,77,-1.570796
98,78,-2.356194
98,79,-0.785398
98,80,-1.892547
