10,33,2.356194
10,38,0.785398
10,57,1.249046
10,58,3.141593
12,30,0.785398
12,33,2.819842
12,38,0.321751
12,43,1.892547
12,73,1.570796
13,21,1.249046
13,22,3.141593
13,73,0.000000
14,13,1.249046
14,14,2.356194
14,20,-0.785398
14,31,-0.321751
14,56,0.321751
14,73,-1.570796
15,12,0.321751
15,44,-1.249046
15,46,-1.570796
15,56,-0.785398
15,58,-1.249046
16,12,-0.785398
16,40,0.321751
16,42,2.819842
18,24,0.785398
18,32,-1.892547
18,42,3.141593
19,42,-2.356194
19,73,3.141593
20,61,1.892547
20,74,0.785398
21,40,1.892547
21,42,2.356194
21,56,0.785398
21,62,2.819842
21,69,0.321751
22,12,2.356194
22,42,3.141593
22,58,-0.785398
23,60,-1.249046
23,62,-1.570796
23,63,-2.356194
23,66,0.785398
23,67,1.570796
23,69,3.141593
25,9,0.321751
25,56,-2.819842
25,66,0.321751
25,72,-0.321751
25,74,-2.819842
26,9,-1.570796
26,49,1.249046
26,50,2.356194
26,52,0.785398
26,66,-0.785398
27,26,0.321751
28,75,1.249046
28,84,2.356194
29,18,0.000000
29,19,1.570796
29,20,2.356194
29,24,0.785398
29,26,-2.819842
29,38,-0.785398
29,40,-1.249046
30,31,0.321751
30,33,2.819842
30,57,0.000000
30,58,1.892547
30,77,-2.819842
31,18,0.321751
31,38,2.356194
31,66,0.785398
31,68,1.249046
31,69,2.356194
31,70,-0.785398
31,80,1.249046
32,23,0.785398
32,33,-1.570796
32,35,1.570796
32,36,2.356194
32,58,-0.785398
32,66,0.000000
32,68,-1.892547
32,72,-1.249046
32,78,1.249046
33,18,-0.785398
33,20,-1.892547
33,40,1.570796
33,52,-0.321751
34,8,0.785398
34,17,1.570796
34,24,-0.321751
34,31,-2.356194
34,35,0.785398
34,55,-2.819842
34,61,0.785398
34,62,1.570796
35,8,-0.321751
35,10,2.356194
35,16,-0.785398
35,31,0.785398
35,35,0.000000
35,37,-0.785398
35,38,-1.570796
35,52,0.000000
35,84,2.819842
36,33,1.892547
36,49,1.570796
36,50,2.356194
36,54,-1.249046
36,55,-2.356194
36,57,-0.785398
36,58,-1.570796
36,62,-1.570796
36,64,-1.892547
36,68,1.249046
36,69,2.356194
36,72,-0.785398
36,84,-2.356194
37,40,2.356194
37,66,0.000000
37,83,-2.356194
38,8,0.321751
38,10,-2.356194
38,17,0.785398
38,18,2.356194
38,38,0.785398
38,59,0.321751
38,61,2.819842
38,76,3.141593
38,81,-0.785398
39,8,-0.785398
39,18,-2.356194
39,22,1.249046
39,50,2.819842
39,66,0.000000
39,68,3.141593
39,76,-1.570796
39,87,-0.785398
39,89,2.819842
40,21,0.321751
40,56,2.356194
40,61,3.141593
40,68,-1.570796
40,80,0.321751
40,83,3.141593
40,89,-2.356194
41,19,1.570796
41,50,3.141593
41,66,3.141593
41,69,0.000000
41,70,1.570796
41,72,1.892547
41,78,1.570796
42,21,-1.570796
42,23,-1.892547
42,25,-2.356194
42,52,1.249046
42,61,-2.356194
42,64,0.785398
42,74,1.570796
42,76,1.892547
43,17,1.249046
43,59,3.141593
43,62,0.785398
43,66,-2.819842
43,85,1.892547
44,8,0.785398
44,14,1.249046
44,20,2.819842
44,86,2.819842
45,8,0.000000
45,29,1.249046
45,58,-1.249046
45,59,-2.356194
45,60,0.785398
45,71,-2.819842
45,88,1.570796
46,8,-0.785398
46,14,-1.249046
46,16,-1.892547
46,20,-1.570796
46,22,1.570796
46,23,2.356194
46,24,-0.785398
46,25,-1.570796
46,27,1.570796
46,43,-2.819842
46,53,0.785398
46,75,0.321751
46,84,-1.249046
47,18,-0.785398
47,75,-0.785398
47,82,-2.356194
48,18,2.356194
48,43,2.819842
48,50,-0.785398
48,59,1.570796
48,78,-0.321751
49,8,0.785398
49,25,1.249046
49,54,-2.356194
49,74,1.570796
49,88,3.141593
50,8,-0.321751
50,10,2.356194
50,16,-0.785398
50,17,-1.892547
50,19,1.570796
50,21,1.570796
50,24,0.321751
50,56,0.785398
50,59,-2.819842
50,74,-2.819842
51,27,0.000000
51,30,3.141593
51,36,-1.892547
51,55,0.785398
51,85,1.570796
51,89,2.819842
52,8,0.321751
52,24,3.141593
52,27,-1.570796
52,30,-1.570796
52,38,-0.785398
52,47,1.249046
52,71,-0.785398
52,87,-1.892547
52,89,-2.356194
53,8,-0.785398
53,14,1.249046
53,16,1.570796
53,18,-1.892547
53,26,1.570796
53,31,0.000000
53,32,1.570796
53,34,3.141593
53,58,0.000000
53,59,1.892547
53,78,-1.570796
53,82,0.785398
54,12,0.785398
54,20,-1.570796
54,26,3.141593
54,38,0.785398
54,42,-1.249046
55,17,3.141593
55,19,1.570796
55,32,-0.321751
55,36,1.249046
55,37,3.141593
55,40,-2.819842
55,56,-2.356194
55,72,0.321751
55,74,2.819842
55,84,-1.570796
55,89,2.356194
56,15,-1.892547
56,22,0.321751
56,39,-0.785398
56,55,0.000000
56,81,-0.785398
56,87,1.249046
57,27,2.819842
57,52,0.785398
57,58,0.000000
57,90,3.141593
58,16,0.321751
58,40,-2.356194
58,42,0.785398
58,52,0.000000
58,57,3.141593
58,78,1.892547
58,82,-2.356194
58,84,0.785398
59,16,-0.785398
59,25,-1.249046
59,48,3.141593
59,67,0.785398
59,73,2.819842
60,8,0.785398
60,19,-2.819842
60,22,0.000000
60,39,2.819842
60,43,-1.570796
60,50,1.892547
60,54,3.141593
60,58,2.356194
60,64,-2.819842
60,78,-1.892547
60,80,-1.570796
60,91,2.356194
61,8,0.000000
61,24,2.356194
61,39,-2.356194
61,48,0.785398
61,71,-1.570796
61,81,1.570796
61,85,0.000000
61,87,-1.570796
61,88,-2.356194
61,89,0.785398
61,91,-2.819842
62,8,-0.785398
62,19,2.819842
62,22,-0.321751
62,34,-0.785398
62,42,2.356194
62,48,0.000000
62,52,-1.249046
62,65,1.570796
62,66,2.356194
62,68,-0.785398
62,69,-1.892547
62,81,-0.321751
62,82,2.819842
63,28,-2.356194
63,42,-2.819842
63,86,2.819842
63,90,2.356194
64,12,1.249046
64,13,2.356194
64,17,-2.356194
64,22,-0.785398
64,23,-1.892547
64,27,-2.356194
64,30,0.321751
64,31,-2.819842
64,40,0.321751
64,58,1.249046
64,60,-1.570796
64,73,0.321751
64,82,-0.321751
64,90,3.141593
65,7,0.321751
65,9,-2.356194
65,36,3.141593
65,40,-0.785398
65,54,0.000000
65,67,1.249046
65,68,2.356194
65,88,3.141593
65,90,-1.570796
66,7,-0.785398
66,12,-1.249046
66,16,3.141593
66,20,2.819842
66,26,2.819842
66,29,0.321751
66,30,-2.819842
66,40,0.785398
66,43,1.249046
66,44,2.356194
66,49,-1.249046
66,53,3.141593
66,58,-1.570796
66,64,-0.785398
66,78,-2.819842
66,83,-0.785398
66,84,-2.356194
66,85,-0.785398
67,23,0.321751
67,29,-0.785398
67,33,0.000000
67,34,-1.570796
67,36,-1.570796
67,38,1.892547
67,60,2.356194
67,61,-0.785398
67,62,-1.892547
67,72,-1.570796
67,87,-1.570796
68,16,0.321751
68,29,0.785398
68,52,-2.819842
68,59,-1.892547
68,71,0.785398
68,79,1.570796
68,80,2.356194
68,81,-0.785398
68,83,2.819842
68,91,2.356194
69,16,-1.570796
69,23,-2.819842
69,29,-0.785398
69,31,2.356194
69,40,-2.356194
69,43,0.000000
69,44,1.570796
69,55,1.249046
69,57,-1.892547
69,68,1.570796
69,69,2.356194
69,72,1.570796
69,75,-1.570796
69,83,-1.570796
69,88,0.785398
69,91,-2.819842
70,14,1.249046
70,15,3.141593
70,18,-0.785398
70,25,-0.785398
70,27,0.785398
70,28,3.141593
70,31,-2.356194
70,35,1.249046
70,63,-0.785398
70,64,-1.570796
70,72,0.000000
70,79,3.141593
70,88,0.000000
71,7,0.785398
71,25,0.785398
71,34,0.321751
71,43,0.321751
71,60,0.785398
71,61,2.356194
71,72,-0.785398
71,76,0.321751
71,79,-1.570796
71,88,-1.570796
71,90,-2.356194
72,7,0.000000
72,12,-0.785398
72,18,0.785398
72,27,3.141593
72,48,1.570796
72,66,0.000000
72,86,0.000000
72,87,2.356194
73,7,-0.785398
73,20,-0.785398
73,46,1.570796
73,54,-1.892547
73,61,0.000000
73,63,0.785398
73,64,1.570796
73,65,3.141593
73,69,0.000000
73,70,1.892547
73,76,-2.819842
74,50,-1.249046
74,52,-1.892547
74,72,-1.570796
74,73,-2.356194
74,80,0.321751
74,91,2.819842
75,30,1.249046
75,32,1.570796
75,34,-1.892547
75,55,3.141593
75,70,-0.785398
75,80,-1.570796
75,83,2.819842
75,91,-2.356194
76,15,0.321751
76,18,-2.356194
76,23,-0.321751
76,53,0.000000
76,66,-2.356194
76,75,0.000000
76,77,1.892547
76,79,1.570796
76,83,-1.570796
77,7,0.785398
77,28,-1.892547
77,32,-2.819842
77,39,-1.892547
77,41,-1.570796
77,55,2.356194
77,60,0.321751
77,79,-2.819842
78,7,0.000000
78,13,0.785398
78,15,-2.819842
78,42,0.785398
78,47,-0.321751
78,54,-1.892547
78,64,-2.356194
78,67,0.321751
78,75,-0.785398
78,86,0.785398
79,7,-0.785398
79,60,-2.819842
79,73,0.785398
79,74,2.356194
79,79,0.000000
79,80,1.892547
79,90,-0.321751
79,91,2.819842
80,17,2.356194
80,21,0.785398
80,32,1.570796
80,36,3.141593
80,47,-0.785398
80,64,0.785398
80,74,-1.570796
80,91,-2.356194
81,21,-0.321751
81,40,2.356194
81,41,-0.785398
81,59,-1.570796
81,60,-2.356194
81,75,1.570796
81,88,0.000000
81,89,1.892547
82,43,-1.249046
82,44,-2.356194
82,51,-1.570796
82,52,-2.356194
82,54,0.785398
82,68,3.141593
82,75,-0.321751
83,11,1.249046
83,12,2.356194
83,13,-0.785398
83,14,-1.570796
83,19,1.249046
83,20,2.356194
83,22,3.141593
83,30,0.321751
83,39,3.141593
83,47,0.785398
83,69,1.570796
83,76,-1.249046
83,77,-2.356194
83,78,0.785398
84,22,-2.356194
84,30,-1.570796
84,33,-2.819842
84,39,-2.356194
84,46,-0.785398
84,50,2.819842
84,69,0.000000
84,86,1.570796
84,91,2.819842
85,32,-0.785398
85,35,0.321751
85,48,-0.785398
85,50,-1.570796
85,54,-0.785398
85,57,2.356194
85,65,0.000000
85,69,-1.570796
85,72,0.000000
85,79,0.785398
85,86,0.000000
85,88,0.785398
86,13,2.356194
86,22,2.356194
86,35,-0.785398
86,39,-1.570796
86,48,-1.570796
86,58,0.000000
86,59,1.892547
86,65,-1.570796
86,67,0.000000
86,68,2.356194
86,73,-1.570796
86,86,-1.570796
86,91,-2.819842
87,56,2.356194
87,60,2.819842
87,62,0.000000
87,63,0.785398
87,64,2.356194
87,85,1.570796
88,7,0.321751
88,10,2.356194
88,11,-0.785398
88,12,-1.570796
88,14,-1.570796
88,15,-2.356194
88,16,-0.785398
88,17,-1.892547
88,24,0.785398
88,25,2.356194
88,29,0.785398
88,32,2.356194
88,41,1.570796
88,55,0.321751
88,56,-2.819842
88,60,-2.356194
88,64,-1.570796
88,73,0.321751
88,75,-2.356194
88,77,-0.785398
88,83,1.570796
89,22,-0.785398
89,25,-1.570796
89,29,0.000000
89,31,-0.785398
89,35,-1.570796
89,38,1.570796
89,47,2.356194
89,67,1.570796
89,71,1.892547
89,79,-1.249046
89,81,-1.892547
89,85,-1.249046
89,86,3.141593
89,90,2.356194
90,9,3.141593
90,29,-0.785398
90,38,-1.570796
90,49,1.570796
90,55,0.000000
90,60,0.000000
90,61,1.892547
90,73,-2.356194
90,83,0.785398
90,90,3.141593
91,9,-1.570796
91,26,0.785398
91,35,1.570796
91,41,-1.570796
91,67,-1.249046
91,84,2.819842
91,90,-2.356194
92,19,2.356194
92,26,0.000000
92,28,0.000000
92,38,1.570796
92,52,0.785398
92,75,1.570796
93,11,0.000000
93,12,1.570796
93,19,-2.819842
93,22,0.000000
93,26,-1.570796
93,41,0.785398
93,46,-1.570796
93,53,0.785398
93,54,3.141593
93,60,1.570796
93,62,-1.892547
93,69,-1.570796
93,75,0.000000
93,80,1.249046
93,82,-1.570796
93,84,-1.570796
94,21,0.785398
94,25,1.570796
94,30,0.000000
94,38,-1.570796
94,49,-1.570796
94,53,-0.785398
94,66,0.000000
94,67,1.570796
94,68,3.141593
94,71,0.785398
94,75,-1.570796
94,90,2.356194
95,14,-1.570796
95,15,-2.356194
95,16,-0.785398
95,21,-0.785398
95,23,-1.570796
95,25,3.141593
95,35,2.356194
95,53,0.785398
95,60,2.356194
95,74,3.141593
95,77,0.321751
95,86,0.000000
95,90,3.141593
96,29,2.356194
96,35,3.141593
96,39,1.570796
96,46,1.570796
96,53,-0.785398
96,54,3.141593
96,64,0.785398
96,90,-2.356194
97,26,-2.356194
97,28,-0.785398
97,35,-1.570796
97,51,0.000000
97,60,-1.249046
97,61,3.141593
97,67,-1.570796
97,68,-2.356194
97,69,-0.785398
97,70,-1.570796
97,74,-2.356194
97,76,-0.785398
97,77,-1.570796
97,79,-1.570796
97,80,-2.356194
97,89,1.570796
98,36,-2.356194
98,39,-1.570796
98,43,-1.570796
98,47,-2.356194
98,55,-1.570796
98,64,-0.785398
98,65,-1.892547
98,86,-1.249046
98,87,-2.356194
98,88,-0.785398
