4,31,0.785398
4,32,1.570796
4,33,2.356194
4,34,0.785398
4,35,1.570796
4,36,2.356194
4,42,0.785398
4,43,1.892547
4,45,1.249046
4,46,2.356194
4,53,0.785398
4,54,2.356194
4,62,0.785398
4,63,2.356194
4,67,0.785398
4,68,1.570796
4,69,2.356194
5,26,1.249046
5,27,3.141593
5,54,-2.356194
5,62,-0.785398
5,79,0.785398
5,80,1.570796
5,81,2.356194
6,54,0.785398
7,23,0.785398
7,41,1.249046
7,43,-1.570796
7,54,0.000000
7,62,2.356194
8,18,0.785398
8,19,2.356194
8,26,2.819842
8,34,3.141593
8,54,-1.570796
8,69,0.000000
8,70,1.892547
9,12,1.249046
9,13,3.141593
9,19,-2.356194
9,28,1.249046
9,29,2.356194
9,32,0.000000
9,33,-1.892547
9,39,-0.785398
9,40,-1.892547
10,11,0.321751
10,19,0.785398
10,24,0.000000
10,31,3.141593
10,35,1.249046
10,36,2.356194
10,52,-0.785398
10,53,-1.570796
10,54,-2.356194
10,56,0.785398
10,57,1.892547
10,83,0.785398
10,84,1.892547
11,11,-0.785398
11,19,0.000000
11,24,-0.785398
11,33,1.249046
11,35,-1.892547
11,42,0.785398
11,43,1.570796
11,44,3.141593
11,57,-1.249046
11,58,-2.356194
11,61,-0.785398
11,62,-2.356194
11,81,0.000000
12,71,-2.356194
12,76,0.000000
12,77,1.892547
13,36,1.249046
13,37,2.356194
13,44,-2.356194
13,55,0.785398
13,56,1.570796
13,57,2.356194
13,73,0.000000
13,74,1.892547
13,79,0.785398
13,80,1.892547
13,88,1.570796
14,11,0.785398
14,13,1.249046
14,15,1.570796
14,23,-2.356194
14,24,-0.785398
14,34,2.356194
14,35,-0.785398
14,36,-1.892547
14,61,0.785398
14,62,1.892547
14,69,0.785398
14,70,1.892547
14,74,-1.249046
14,75,-2.356194
14,88,0.000000
15,11,-0.321751
15,21,1.570796
15,62,-1.249046
15,63,-2.356194
15,64,0.785398
15,65,1.892547
15,70,-1.249046
15,71,3.141593
15,77,-1.249046
15,79,2.356194
16,17,-2.819842
16,21,-2.819842
16,31,1.249046
16,33,-2.356194
16,37,0.785398
16,38,2.356194
16,44,1.249046
16,45,2.356194
16,55,-0.785398
16,56,-1.570796
16,57,-2.356194
16,65,-1.249046
16,67,1.892547
16,83,-1.249046
16,85,3.141593
16,90,-2.819842
17,27,-0.785398
17,28,3.141593
17,34,0.785398
17,35,2.356194
17,43,-0.785398
17,44,-1.892547
17,67,-1.249046
17,69,1.892547
17,74,0.000000
17,75,1.892547
17,79,-0.321751
18,17,0.785398
18,22,2.356194
18,25,1.249046
18,26,3.141593
18,40,-0.785398
18,41,-1.892547
18,63,0.000000
18,64,1.892547
18,69,-1.249046
18,71,1.892547
18,81,2.819842
18,85,-0.321751
19,9,0.321751
19,28,0.321751
19,32,1.570796
19,37,0.321751
19,47,0.785398
19,48,1.570796
19,49,2.356194
19,66,0.785398
19,67,1.892547
19,71,-1.249046
19,72,3.141593
19,78,0.785398
19,89,-2.819842
20,15,2.356194
20,16,-0.785398
20,17,-2.356194
20,28,-0.785398
20,40,1.249046
20,41,2.356194
20,64,-1.570796
20,67,-1.249046
20,69,1.892547
21,9,-0.321751
21,12,-2.356194
21,22,2.356194
21,24,3.141593
21,30,-2.819842
21,33,0.785398
21,35,1.892547
21,37,-0.785398
21,38,-2.356194
21,39,-0.785398
21,40,-1.892547
21,62,0.785398
21,76,-1.570796
21,79,-1.570796
21,82,-1.249046
21,83,-2.356194
21,84,-0.785398
22,14,0.000000
22,24,-2.356194
22,28,0.321751
22,33,-1.570796
22,44,0.000000
22,47,-0.785398
22,48,-1.570796
22,49,-2.356194
22,65,2.356194
22,70,-1.249046
22,71,-2.356194
22,77,0.000000
22,78,2.356194
22,90,2.819842
23,16,2.356194
23,28,-0.785398
23,35,-0.785398
23,42,3.141593
23,73,1.570796
23,90,-2.356194
24,26,2.356194
24,60,0.000000
24,61,1.892547
24,64,2.356194
24,69,0.785398
24,70,1.892547
24,73,-0.321751
24,85,1.570796
25,6,1.249046
25,32,-2.356194
25,33,0.785398
25,44,0.000000
25,57,3.141593
25,61,-1.249046
25,62,-2.356194
25,64,3.141593
25,70,-1.249046
25,71,3.141593
25,85,3.141593
26,42,3.141593
26,64,-1.570796
26,72,0.000000
26,73,2.356194
26,89,-0.321751
27,4,0.321751
27,66,0.785398
27,67,2.356194
27,69,0.000000
27,79,-1.249046
27,87,1.892547
27,91,2.819842
28,4,-0.785398
28,29,3.141593
28,33,0.000000
28,34,-2.356194
28,37,-0.785398
28,43,0.000000
28,44,0.785398
28,45,1.570796
28,46,2.356194
28,61,0.785398
28,62,1.892547
28,67,-1.570796
28,70,-1.570796
28,73,-0.321751
28,89,3.141593
28,91,-2.356194
29,13,0.000000
29,21,-1.892547
29,31,1.249046
29,32,3.141593
29,62,-1.249046
29,64,1.892547
29,78,1.570796
29,85,1.570796
30,35,2.356194
30,43,0.000000
30,44,-0.785398
30,45,-2.356194
30,50,3.141593
30,55,0.000000
30,57,0.785398
30,58,1.892547
30,64,-1.249046
30,65,3.141593
30,72,1.570796
30,76,2.819842
30,78,-0.321751
30,79,2.819842
30,85,-0.321751
30,88,-0.785398
30,90,2.356194
31,9,0.785398
31,12,1.249046
31,22,1.570796
31,28,0.785398
31,30,-1.892547
31,34,0.000000
31,47,3.141593
31,58,-1.249046
31,59,-2.356194
31,69,2.356194
31,72,-0.321751
31,73,2.819842
31,83,1.570796
32,9,0.000000
32,32,1.249046
32,33,3.141593
32,39,3.141593
32,69,3.141593
32,76,-0.321751
32,83,-0.321751
32,90,-0.321751
32,91,2.819842
33,23,0.000000
33,51,1.249046
33,52,2.356194
33,56,0.785398
33,57,1.892547
33,69,-1.570796
33,73,-0.321751
33,74,2.819842
33,81,1.570796
33,88,2.819842
33,91,-2.356194
34,9,3.141593
34,35,2.356194
34,38,1.570796
34,45,-2.356194
34,48,0.000000
34,50,-0.785398
34,51,-1.892547
34,57,-1.249046
34,58,-2.356194
34,59,0.785398
34,60,1.892547
34,64,0.000000
34,65,1.892547
34,70,0.785398
34,71,2.356194
34,74,-1.570796
34,81,-0.321751
34,88,-1.570796
34,91,2.356194
35,12,0.321751
35,16,0.321751
35,21,0.785398
35,22,2.356194
35,33,1.249046
35,34,3.141593
35,45,2.356194
35,60,-1.249046
35,61,-2.356194
35,62,3.141593
35,70,-0.785398
35,75,0.000000
35,76,2.356194
35,86,-2.356194
35,89,0.785398
36,9,-2.819842
36,14,1.570796
36,21,-1.570796
36,37,-0.785398
36,44,-0.785398
36,67,2.819842
36,71,-0.785398
36,80,2.819842
36,83,-2.356194
36,89,-0.785398
37,4,0.785398
37,11,0.321751
37,12,-2.819842
37,14,0.000000
37,20,1.570796
37,24,-1.570796
37,28,-1.892547
37,40,3.141593
37,50,0.785398
37,56,1.249046
37,57,2.356194
37,67,-1.570796
37,76,-0.321751
37,77,2.819842
38,4,-0.785398
38,6,-1.249046
38,11,-1.570796
38,23,1.570796
38,26,-0.785398
38,30,0.000000
38,47,1.570796
38,51,-2.356194
38,55,0.321751
38,68,0.000000
38,69,1.892547
38,73,0.000000
38,84,2.819842
39,13,0.321751
39,29,1.570796
39,32,0.785398
39,33,3.141593
39,43,3.141593
39,46,0.000000
39,62,0.785398
39,63,1.570796
39,64,2.356194
39,77,-0.321751
39,78,2.819842
39,84,-2.356194
40,13,-1.570796
40,18,-2.819842
40,28,0.321751
40,29,-2.819842
40,32,-0.785398
40,36,0.000000
40,37,-1.892547
40,39,0.785398
40,40,2.356194
40,45,1.570796
40,54,0.321751
40,55,-2.819842
40,71,2.819842
40,74,-0.321751
40,75,2.819842
40,78,-1.570796
40,82,0.785398
40,84,2.356194
40,88,0.785398
40,91,2.819842
41,9,1.570796
41,28,-1.570796
41,39,-0.785398
41,45,-2.819842
41,54,-0.785398
41,64,-2.356194
41,66,-1.570796
41,71,-2.356194
41,75,-1.570796
41,79,1.570796
41,82,0.000000
41,88,-0.785398
41,91,-2.356194
42,8,0.321751
42,9,-2.819842
42,11,0.321751
42,17,2.356194
42,31,-0.785398
42,34,3.141593
42,39,2.356194
42,43,0.321751
42,59,1.570796
42,69,0.785398
42,71,2.356194
42,76,1.570796
42,79,-0.321751
42,85,2.819842
43,17,-2.819842
43,20,2.356194
43,29,3.141593
43,39,-2.819842
43,43,-1.570796
43,65,2.356194
43,71,-2.819842
43,76,-0.321751
43,77,2.819842
43,82,-2.819842
43,85,-2.356194
43,91,-1.570796
44,3,0.321751
44,5,-2.356194
44,6,0.785398
44,33,2.356194
44,37,0.321751
44,70,-0.785398
44,77,-2.356194
45,3,-1.570796
45,17,0.000000
45,22,-2.819842
45,25,2.356194
45,33,-2.819842
45,37,-0.785398
45,42,2.356194
45,58,0.785398
45,70,0.785398
46,11,-0.785398
46,15,2.356194
46,25,-2.819842
46,31,0.321751
46,41,0.321751
46,42,-2.819842
46,58,-0.321751
46,59,2.819842
46,71,3.141593
46,86,1.570796
47,6,0.321751
47,8,2.819842
47,14,0.321751
47,15,-2.819842
47,20,0.321751
47,24,-1.892547
47,31,-0.785398
47,41,-0.785398
47,59,-2.356194
47,72,-2.356194
47,78,-1.570796
47,82,0.785398
47,86,0.000000
47,89,2.819842
48,2,0.785398
48,20,-1.570796
48,83,3.141593
48,89,-2.356194
49,2,0.000000
49,8,-2.356194
49,13,0.321751
49,17,2.356194
49,26,0.000000
49,31,2.356194
49,36,2.356194
49,60,0.000000
49,84,0.000000
49,86,3.141593
50,15,0.785398
50,17,-2.356194
50,19,2.356194
50,24,1.249046
50,25,3.141593
50,31,3.141593
50,35,0.321751
50,36,-2.819842
50,56,1.570796
50,61,-1.570796
50,76,1.249046
50,77,2.356194
50,82,1.249046
50,83,3.141593
50,86,-2.356194
51,2,-0.321751
51,6,-2.356194
51,9,2.356194
51,13,-2.819842
51,15,-0.785398
51,28,-0.785398
51,31,-2.356194
51,35,-0.785398
51,69,0.000000
51,70,1.892547
51,75,-0.785398
51,76,-1.892547
52,9,-2.819842
52,11,0.321751
52,15,2.356194
52,51,0.785398
52,57,-2.356194
52,63,1.570796
52,70,-1.249046
52,84,2.356194
52,85,-0.785398
52,87,2.819842
53,14,0.321751
53,15,-2.819842
53,17,0.321751
53,18,-2.819842
53,20,-0.785398
53,28,0.785398
53,31,2.356194
53,41,0.785398
53,46,2.356194
53,51,0.000000
53,53,1.892547
53,65,2.356194
53,68,3.141593
53,74,-2.356194
53,87,-2.356194
54,14,-1.570796
54,17,-0.785398
54,28,0.000000
54,31,3.141593
54,41,-0.321751
54,43,2.356194
54,61,2.356194
54,62,-0.785398
54,72,-1.570796
54,76,0.000000
54,77,1.892547
55,3,0.785398
55,13,3.141593
55,28,-1.570796
55,31,-2.356194
55,48,2.356194
55,64,-2.356194
55,71,-0.785398
55,77,-1.249046
56,16,1.570796
56,53,-2.356194
56,54,-0.785398
56,55,-1.570796
56,56,-2.356194
56,59,-0.785398
56,60,-1.570796
56,61,-2.356194
56,62,0.785398
56,79,-2.356194
57,2,0.321751
57,8,0.321751
57,14,2.356194
57,16,3.141593
57,19,0.785398
57,36,2.356194
57,42,0.785398
57,50,-0.785398
57,51,-1.892547
57,63,-1.249046
57,64,-2.356194
58,16,-2.356194
58,19,0.000000
58,36,3.141593
58,42,0.000000
58,45,0.785398
59,2,-0.321751
59,5,-2.356194
59,6,0.785398
59,8,-2.819842
59,10,-0.785398
59,13,2.356194
59,19,-0.785398
59,36,-1.570796
59,48,-2.356194
59,50,3.141593
59,52,0.000000
59,54,0.785398
59,55,1.892547
59,75,0.000000
59,90,0.785398
60,12,0.321751
60,15,1.570796
60,37,1.570796
60,43,-2.356194
60,55,-1.249046
60,56,-2.356194
60,60,3.141593
60,65,0.000000
60,68,3.141593
60,76,-2.356194
60,79,0.785398
60,90,-0.321751
60,91,2.819842
61,2,0.321751
61,4,3.141593
61,9,3.141593
61,19,2.356194
61,23,0.785398
61,40,-0.785398
61,41,-1.892547
61,46,-1.249046
61,47,-2.356194
61,53,3.141593
61,79,0.000000
61,83,2.356194
61,91,-2.356194
62,2,-0.785398
62,5,0.000000
62,12,0.000000
62,19,3.141593
62,23,-0.321751
62,25,2.356194
62,35,2.356194
62,36,-0.785398
62,70,0.785398
62,71,1.892547
62,79,-0.785398
62,86,1.570796
62,91,2.356194
63,2,0.785398
63,32,0.000000
63,39,2.356194
63,42,3.141593
63,48,0.000000
63,49,3.141593
63,55,-0.785398
63,72,2.819842
63,86,-2.819842
63,89,0.000000
63,91,3.141593
64,2,0.000000
64,10,1.892547
64,21,0.785398
64,22,1.570796
64,24,-2.356194
64,27,1.249046
64,28,2.356194
64,35,0.000000
64,37,-0.785398
64,38,-1.892547
64,59,0.785398
64,60,1.892547
64,70,0.785398
64,72,-2.356194
64,82,-0.785398
64,91,-2.356194
65,27,-1.892547
65,33,1.249046
65,34,3.141593
65,44,3.141593
65,58,0.000000
65,70,-0.321751
65,75,0.785398
65,88,1.570796
66,2,-0.321751
66,7,0.785398
66,10,-1.570796
66,19,-2.356194
66,23,0.000000
66,24,-0.785398
66,33,-1.892547
66,38,1.249046
66,39,2.356194
66,52,0.000000
66,78,2.356194
66,85,-1.570796
67,7,0.000000
67,22,3.141593
67,26,0.000000
67,27,3.141593
67,37,-0.785398
67,38,-1.892547
67,50,2.356194
67,60,-2.356194
67,64,0.000000
67,65,0.000000
67,78,-2.819842
68,11,1.570796
68,24,1.249046
68,25,3.141593
68,60,2.356194
68,67,0.785398
68,68,1.570796
68,70,-1.892547
68,77,-0.785398
68,81,1.570796
68,84,1.570796
69,18,1.249046
69,19,2.356194
69,27,1.249046
69,28,3.141593
69,38,2.356194
69,56,0.000000
69,59,-0.785398
69,74,-2.356194
69,80,0.321751
69,81,-2.819842
69,87,2.356194
69,90,-1.570796
70,6,2.356194
70,8,-0.785398
70,26,0.000000
70,27,-1.892547
70,31,-1.570796
70,36,0.000000
70,53,0.785398
70,74,0.785398
70,76,1.570796
70,83,0.321751
70,87,-2.819842
71,5,0.321751
71,6,-2.819842
71,14,-0.785398
71,20,0.785398
71,29,1.249046
71,30,3.141593
71,49,1.570796
71,54,0.000000
71,55,1.892547
71,60,0.000000
71,64,1.249046
71,65,2.356194
71,80,-2.819842
71,83,-0.785398
72,5,-0.785398
72,14,2.356194
72,19,2.356194
72,39,1.570796
72,49,-0.321751
72,55,-1.249046
72,56,-2.356194
72,58,3.141593
72,70,0.000000
72,71,1.570796
72,72,2.356194
72,78,0.321751
72,83,2.356194
73,5,2.356194
73,11,0.785398
73,14,-2.819842
73,19,-2.356194
73,26,-2.356194
73,39,2.356194
73,50,-1.249046
73,52,1.892547
73,64,-2.356194
73,68,0.785398
73,74,-2.356194
73,78,-1.570796
73,82,0.000000
73,83,-2.356194
74,5,-2.819842
74,11,0.000000
74,16,1.570796
74,19,0.785398
74,28,-2.356194
74,32,2.356194
74,34,1.570796
74,39,3.141593
74,43,1.570796
74,52,-1.249046
74,53,-2.356194
74,54,0.785398
74,55,1.892547
74,71,-2.819842
74,77,1.570796
74,81,1.570796
75,11,-1.570796
75,16,2.356194
75,19,0.000000
75,24,2.356194
75,28,0.785398
75,31,1.570796
75,34,0.785398
75,37,1.570796
75,39,-1.570796
75,55,-1.249046
75,56,-2.356194
75,57,0.785398
75,58,1.892547
75,64,1.570796
75,75,0.000000
75,80,0.321751
75,81,-2.819842
75,87,0.321751
75,90,-2.356194
76,3,-0.785398
76,13,0.000000
76,16,-2.819842
76,19,-1.570796
76,24,3.141593
76,28,0.000000
76,31,3.141593
76,34,0.000000
76,37,3.141593
76,60,1.570796
76,61,2.356194
76,64,-0.785398
76,66,1.892547
76,83,0.321751
76,84,-2.819842
77,7,0.785398
77,10,0.785398
77,18,0.785398
77,21,-0.785398
77,24,-2.356194
77,28,-0.785398
77,31,-2.356194
77,34,-0.785398
77,37,-2.356194
77,63,3.141593
77,66,-1.249046
77,67,-2.356194
77,69,-0.785398
77,70,-1.570796
77,72,1.892547
77,83,-1.570796
77,86,0.321751
77,90,0.000000
78,15,3.141593
78,18,0.000000
78,28,2.356194
78,50,1.249046
78,51,2.356194
78,58,3.141593
78,61,-0.785398
78,72,-1.249046
78,73,-2.356194
78,74,-0.785398
78,75,-1.892547
78,88,0.785398
78,89,3.141593
79,6,0.321751
79,15,-2.356194
79,18,-0.785398
79,25,3.141593
79,28,-2.819842
79,63,1.570796
79,82,2.356194
79,85,0.321751
79,86,-2.819842
79,88,-0.785398
80,9,-0.785398
80,20,-0.785398
80,48,3.141593
80,63,0.000000
80,76,0.000000
80,82,-2.356194
80,88,2.356194
81,4,0.785398
81,6,3.141593
81,16,3.141593
81,20,2.356194
81,25,0.321751
81,28,2.819842
81,43,0.785398
81,50,-0.785398
81,60,2.356194
81,63,-1.570796
81,65,0.000000
81,66,1.570796
81,67,2.356194
81,80,-1.570796
81,83,0.785398
81,88,-2.356194
82,20,3.141593
82,25,-0.785398
82,28,-2.356194
82,43,-0.321751
82,44,2.819842
82,47,-0.321751
82,49,3.141593
82,55,0.785398
82,72,0.785398
82,73,2.356194
82,83,-0.785398
82,89,0.000000
82,90,2.356194
83,4,0.000000
83,14,-2.356194
83,17,-0.785398
83,20,-2.356194
83,23,0.785398
83,32,0.785398
83,44,-2.356194
83,52,-0.785398
83,53,3.141593
83,55,-0.785398
83,56,3.141593
83,62,-1.570796
83,63,3.141593
83,67,-2.356194
83,73,-1.570796
83,77,1.249046
83,79,-1.570796
83,80,3.141593
83,83,2.356194
83,90,-2.356194
84,4,-0.785398
84,9,0.321751
84,23,0.000000
84,26,2.819842
84,32,0.000000
84,35,2.819842
84,48,3.141593
84,60,-0.785398
84,90,2.356194
85,23,-0.785398
85,26,-2.356194
85,32,-0.785398
85,35,-2.356194
85,38,-1.570796
85,41,0.785398
85,45,0.785398
85,46,3.141593
85,48,-1.570796
85,51,0.785398
85,53,0.000000
85,54,-2.356194
85,60,2.356194
85,90,3.141593
86,14,2.356194
86,41,-0.321751
86,42,2.819842
86,45,-0.785398
86,51,-0.321751
86,60,3.141593
86,64,0.785398
86,77,-2.819842
86,90,-2.356194
87,14,3.141593
87,29,0.785398
87,42,-2.356194
87,49,0.785398
87,55,0.785398
87,60,-1.570796
87,64,0.000000
87,69,0.785398
87,70,1.892547
87,74,0.785398
87,79,1.249046
88,6,0.000000
88,26,0.785398
88,30,2.819842
88,50,3.141593
88,64,-0.785398
89,8,-1.249046
89,9,-2.356194
89,11,-0.785398
89,12,-1.570796
89,23,2.356194
89,26,0.000000
89,32,2.356194
89,39,1.570796
89,51,0.000000
89,64,0.785398
89,70,-1.570796
89,78,-1.892547
90,22,-0.785398
90,23,-2.356194
90,32,3.141593
90,39,0.785398
90,42,0.785398
90,46,-1.570796
90,51,2.356194
90,58,3.141593
90,61,1.570796
90,64,-0.321751
90,81,0.000000
90,87,-2.356194
90,88,0.785398
90,89,2.356194
91,24,0.785398
91,27,2.819842
91,32,-2.356194
91,36,0.785398
91,42,-0.785398
91,43,3.141593
91,55,1.570796
91,59,0.000000
91,61,-2.819842
91,66,-2.356194
91,68,-0.785398
91,69,-1.570796
91,70,-2.356194
91,79,0.785398
91,80,2.356194
91,89,-2.356194
92,14,0.321751
92,20,3.141593
92,24,-0.785398
92,27,-1.570796
92,32,0.785398
92,36,-0.321751
92,38,3.141593
92,51,-1.249046
92,52,3.141593
92,55,-0.321751
92,64,1.570796
92,85,-2.819842
93,5,0.785398
93,20,-2.356194
93,24,0.785398
93,32,0.000000
93,44,0.785398
93,53,1.570796
93,63,-0.785398
93,64,-2.356194
93,75,-0.785398
93,76,-2.356194
93,77,-0.785398
93,78,-1.570796
94,6,-2.356194
94,13,-0.785398
94,14,-2.356194
94,24,-0.321751
94,25,2.819842
94,28,0.785398
94,41,-0.321751
94,48,0.785398
94,53,-0.321751
94,65,0.785398
94,66,2.356194
94,74,1.570796
95,20,2.356194
95,28,-0.321751
95,29,2.819842
95,38,1.570796
95,48,-0.785398
95,49,-2.356194
95,54,-1.249046
95,65,-0.785398
95,70,0.785398
95,71,1.570796
95,74,-2.819842
96,19,-0.785398
96,20,-2.356194
96,25,3.141593
96,29,-2.356194
96,38,-0.321751
96,39,2.819842
96,43,-2.356194
96,51,1.570796
96,59,-0.785398
96,77,1.249046
96,78,2.356194
96,85,-2.356194
97,22,0.785398
97,29,-1.570796
97,39,-2.356194
97,43,0.785398
97,51,-0.785398
97,52,-2.356194
97,57,-2.356194
97,61,-1.249046
97,62,-2.356194
97,64,-0.785398
97,65,-1.570796
97,66,-2.356194
97,69,0.785398
97,74,-2.356194
97,76,-0.785398
97,77,-1.892547
97,81,-1.249046
97,83,-1.892547
98,23,-1.249046
98,39,-1.570796
98,44,-2.356194
98,45,-0.785398
98,46,-1.570796
98,47,-2.356194
98,54,-2.356194
98,57,-1.570796
98,70,-1.249046
98,72,-1.892547
