11,39,1.249046
11,40,2.356194
12,30,0.785398
12,31,1.570796
12,32,2.356194
12,55,0.000000
12,56,1.892547
13,15,1.249046
13,16,3.141593
13,39,-2.356194
15,13,-1.570796
15,75,2.356194
15,76,0.785398
16,53,0.321751
16,77,-2.356194
17,53,-0.785398
19,13,3.141593
19,39,0.785398
20,39,0.000000
21,9,0.321751
21,39,-0.785398
21,50,1.892547
22,9,-0.785398
22,42,1.570796
23,30,0.321751
23,32,3.141593
23,42,-0.321751
23,54,1.570796
23,56,1.892547
24,44,-2.356194
24,45,0.785398
24,46,1.570796
25,9,2.356194
25,26,0.785398
25,27,2.356194
25,30,3.141593
25,37,0.785398
25,41,0.785398
25,56,-1.570796
25,61,0.785398
25,62,1.892547
26,20,1.570796
26,26,-0.785398
26,42,-1.249046
26,43,-2.356194
26,45,0.000000
26,53,-1.249046
26,58,-0.785398
27,7,0.321751
27,22,1.892547
27,30,-0.785398
27,31,3.141593
27,46,0.000000
27,47,-0.785398
27,48,-1.892547
27,51,2.819842
27,55,-1.249046
27,69,1.892547
27,78,3.141593
28,7,-0.785398
28,19,0.321751
28,24,2.356194
28,32,0.000000
28,33,1.570796
28,34,2.356194
28,37,-1.249046
28,39,-1.570796
28,40,-2.356194
28,44,0.785398
28,51,-1.570796
28,70,2.819842
29,47,1.570796
29,48,2.356194
29,62,-1.249046
29,64,3.141593
29,67,-0.321751
29,74,0.000000
29,75,-1.892547
30,13,0.000000
30,14,1.570796
30,15,2.356194
30,37,0.785398
30,38,1.892547
30,49,0.000000
30,50,1.570796
30,52,-1.570796
30,54,1.570796
30,55,2.356194
30,64,-2.356194
30,68,-1.249046
30,72,2.356194
31,17,2.356194
31,18,-0.785398
31,19,-1.892547
31,24,-2.356194
31,25,-0.785398
31,28,2.356194
31,44,-0.785398
31,58,-1.249046
31,59,-2.356194
31,64,2.356194
32,14,-0.321751
32,34,0.785398
32,35,2.356194
32,37,-0.785398
32,38,-1.892547
32,46,-1.249046
32,47,3.141593
32,62,0.785398
32,66,1.249046
32,67,2.356194
32,68,0.785398
33,22,2.356194
33,29,2.356194
33,49,-0.785398
33,50,-1.570796
33,51,-2.356194
33,57,1.892547
34,15,0.785398
34,33,-0.785398
34,34,-1.570796
34,35,-2.356194
34,37,0.785398
34,38,1.570796
34,39,2.356194
34,61,2.356194
35,15,-0.785398
35,16,-2.356194
35,18,0.000000
35,25,-0.785398
35,49,0.785398
35,50,1.892547
35,54,-1.249046
36,11,2.356194
36,13,0.785398
36,14,2.356194
36,30,2.356194
36,32,0.785398
36,33,1.892547
36,51,2.819842
36,56,-1.249046
36,61,0.000000
36,62,-0.785398
37,24,2.356194
37,26,-0.785398
37,27,-1.892547
37,38,-1.249046
37,39,-2.356194
37,44,0.785398
37,45,1.570796
37,47,1.892547
37,58,-1.249046
37,67,0.000000
38,17,-0.785398
38,21,0.000000
38,32,-0.785398
38,33,-1.892547
38,50,-0.785398
38,51,-1.570796
38,53,1.570796
38,54,2.356194
38,60,-1.249046
38,61,3.141593
38,85,2.356194
39,14,-1.892547
39,26,1.249046
39,27,2.356194
39,28,-0.785398
39,29,-1.570796
39,30,-2.356194
39,42,0.785398
39,46,-0.785398
39,57,0.785398
39,58,1.892547
39,62,0.000000
40,21,-2.356194
40,22,-0.785398
40,23,-1.570796
40,24,-2.356194
40,25,-0.785398
40,34,0.000000
40,43,0.000000
40,44,3.141593
40,51,0.785398
40,58,-1.249046
40,60,1.892547
40,64,-2.356194
41,14,2.356194
41,17,-0.785398
41,29,1.249046
41,30,2.356194
41,32,3.141593
41,52,-1.249046
41,54,1.570796
41,56,1.892547
41,61,-2.356194
41,62,0.000000
41,66,0.000000
42,7,0.321751
42,12,-0.785398
42,13,-1.892547
42,26,-0.785398
42,46,0.000000
42,48,3.141593
42,58,0.785398
42,59,2.356194
42,74,0.000000
42,75,1.892547
43,18,-0.785398
43,19,-1.570796
43,20,-2.356194
43,30,-2.356194
43,42,0.785398
43,43,1.892547
43,50,0.000000
43,59,-1.570796
43,65,0.000000
43,66,0.000000
43,70,-1.249046
43,71,3.141593
43,75,-1.249046
43,77,1.570796
43,78,2.356194
43,80,-0.785398
43,81,-1.892547
44,4,1.249046
44,44,-2.356194
44,48,3.141593
44,54,-1.249046
44,60,0.000000
44,67,0.000000
44,68,1.892547
44,72,0.000000
44,73,1.892547
45,3,0.321751
45,12,1.249046
45,13,2.356194
45,19,1.249046
45,20,2.356194
45,32,1.249046
45,33,2.356194
45,64,2.356194
45,68,-1.249046
45,70,1.892547
46,3,-0.785398
46,10,2.356194
46,11,-0.785398
46,12,-1.892547
46,17,1.249046
46,19,-1.892547
46,25,1.249046
46,26,2.356194
46,27,-0.785398
46,28,-1.570796
46,29,-2.356194
46,31,-0.785398
46,38,0.000000
46,44,0.000000
46,45,3.141593
46,52,0.000000
46,56,3.141593
46,61,-0.785398
46,62,-2.356194
46,74,-1.249046
47,3,0.785398
47,9,-1.892547
47,15,1.249046
47,17,-1.892547
47,22,1.249046
47,23,2.356194
47,24,-0.785398
47,25,-1.892547
47,39,-1.249046
47,40,-2.356194
47,41,3.141593
47,60,-0.785398
47,71,-1.249046
47,72,3.141593
47,76,-0.785398
48,3,0.000000
48,6,-0.785398
48,7,-1.892547
48,13,1.249046
48,15,-1.892547
48,21,-0.785398
48,22,-1.892547
48,36,0.000000
48,37,3.141593
48,47,0.000000
48,53,0.000000
48,54,3.141593
48,77,0.000000
49,3,-1.570796
49,11,1.249046
49,13,-1.892547
49,25,0.000000
49,27,0.785398
49,43,0.785398
49,49,-2.356194
49,57,0.000000
49,58,3.141593
49,66,-1.249046
49,67,-2.356194
49,70,3.141593
49,77,2.356194
49,80,-1.249046
49,81,-2.356194
49,82,0.785398
50,10,0.000000
50,11,-1.892547
50,15,1.249046
50,16,2.356194
50,23,3.141593
50,29,-2.356194
50,35,0.000000
50,37,3.141593
50,45,3.141593
51,25,0.000000
51,32,0.000000
51,33,3.141593
51,40,0.000000
51,41,3.141593
51,52,0.785398
51,79,1.892547
51,86,0.000000
52,12,1.249046
52,14,-1.892547
52,18,1.249046
52,19,2.356194
52,30,0.000000
52,31,0.000000
52,36,0.000000
52,38,3.141593
52,48,0.785398
52,54,3.141593
52,76,-0.785398
53,5,1.249046
53,6,3.141593
53,16,1.249046
53,18,-1.892547
53,32,0.000000
53,33,3.141593
53,49,-2.356194
53,83,-2.819842
54,9,1.249046
54,11,-1.892547
54,25,3.141593
54,30,0.000000
54,31,0.000000
54,36,0.000000
55,3,-0.785398
55,13,1.249046
55,15,-1.892547
55,19,1.249046
55,20,2.356194
55,28,3.141593
55,38,-2.356194
55,55,0.785398
55,78,-1.570796
55,80,0.000000
55,81,-0.785398
56,5,0.785398
56,6,2.356194
56,7,-0.785398
56,8,-1.892547
56,25,0.000000
56,51,0.785398
56,57,3.141593
57,10,1.249046
57,12,-1.892547
57,16,1.249046
57,18,-1.892547
57,23,3.141593
57,29,3.141593
57,33,-2.356194
57,38,0.000000
57,39,3.141593
57,47,0.785398
57,52,-2.356194
58,4,-0.785398
58,15,0.000000
58,16,-1.892547
58,20,1.249046
58,21,3.141593
58,42,0.000000
58,49,3.141593
59,2,-0.785398
59,13,1.249046
59,14,3.141593
59,19,0.000000
59,20,-1.892547
59,24,1.249046
59,25,3.141593
59,39,3.141593
59,45,3.141593
60,7,0.000000
60,8,-1.892547
60,22,1.249046
60,24,-1.892547
60,29,2.356194
60,35,0.785398
60,36,1.570796
60,37,3.141593
60,41,0.000000
60,42,3.141593
60,56,2.356194
60,58,0.785398
60,59,1.892547
60,61,1.249046
60,63,1.570796
60,64,2.356194
61,5,1.249046
61,6,3.141593
61,10,1.249046
61,12,-1.892547
61,16,3.141593
61,21,0.000000
61,22,-1.892547
61,34,-0.785398
61,84,0.785398
62,4,0.000000
62,5,-1.892547
62,24,0.000000
62,25,0.000000
62,36,-1.570796
62,39,0.000000
62,42,0.785398
62,43,1.570796
62,44,2.356194
62,45,0.785398
62,46,1.570796
62,47,2.356194
62,54,-0.785398
62,55,-1.570796
62,56,-2.356194
62,58,-0.785398
62,59,-1.892547
62,61,-1.249046
62,62,-2.356194
62,88,2.356194
63,8,0.000000
63,9,-1.892547
63,15,3.141593
63,17,0.000000
63,65,0.000000
63,74,0.785398
63,75,1.570796
63,76,2.356194
63,88,3.141593
64,2,-0.785398
64,6,1.249046
64,7,3.141593
64,11,1.249046
64,12,3.141593
64,40,3.141593
64,43,0.785398
64,62,3.141593
64,82,0.785398
64,88,-2.356194
65,17,2.356194
65,24,2.356194
65,44,-2.356194
65,45,-0.785398
65,46,-1.892547
65,70,0.000000
65,71,0.785398
65,72,1.570796
65,73,2.356194
65,83,-1.249046
66,4,0.321751
66,13,1.249046
66,21,1.892547
66,35,3.141593
66,66,0.000000
66,67,3.141593
66,77,0.785398
66,78,1.570796
66,80,1.892547
67,9,-1.892547
67,24,2.819842
67,37,0.000000
67,39,3.141593
67,44,0.000000
67,45,3.141593
67,48,0.000000
67,61,3.141593
68,2,0.000000
68,3,-0.785398
68,4,-2.356194
68,7,-1.570796
68,19,-1.570796
68,24,-1.570796
68,26,1.249046
68,27,2.356194
68,29,3.141593
68,66,0.000000
68,71,-0.785398
68,72,-1.892547
68,79,-2.356194
68,82,2.819842
69,6,3.141593
69,10,0.321751
69,21,-2.819842
69,32,0.000000
69,37,3.141593
69,56,0.000000
69,64,3.141593
69,76,0.785398
69,82,-1.570796
70,4,0.321751
70,10,-1.570796
70,18,1.249046
70,20,-1.892547
70,43,0.000000
70,47,3.141593
70,51,0.000000
70,52,3.141593
70,69,2.356194
70,72,3.141593
70,88,2.356194
71,8,1.249046
71,9,3.141593
71,13,0.000000
71,14,-1.892547
71,23,0.000000
71,24,-1.892547
71,32,0.000000
71,57,0.000000
71,64,3.141593
71,74,0.785398
71,88,3.141593
72,2,0.000000
72,3,-0.785398
72,4,-2.356194
72,7,0.000000
72,8,-1.892547
72,11,1.249046
72,12,3.141593
72,20,1.249046
72,21,2.356194
72,29,3.141593
72,36,2.356194
72,45,0.000000
72,54,3.141593
72,66,1.249046
72,68,-1.570796
72,69,-2.356194
72,71,0.785398
72,75,1.570796
72,88,-2.356194
73,5,0.785398
73,6,3.141593
73,10,0.321751
73,15,0.000000
73,16,-1.892547
73,19,0.000000
73,20,-1.892547
73,25,3.141593
73,31,1.570796
73,33,0.000000
73,34,-0.785398
73,35,-1.892547
73,37,-2.356194
73,57,0.000000
73,65,-0.785398
73,66,-1.892547
73,72,-1.570796
73,75,-0.321751
74,10,-1.570796
74,14,3.141593
74,23,1.570796
74,31,-1.570796
74,48,0.000000
74,53,3.141593
74,69,0.785398
74,73,1.570796
75,5,-2.819842
75,9,0.785398
75,26,2.356194
75,45,0.785398
75,60,0.000000
75,65,3.141593
75,70,1.570796
75,73,-0.321751
75,88,2.356194
76,3,0.000000
76,4,-1.892547
76,8,3.141593
76,10,0.785398
76,11,2.356194
76,12,-0.785398
76,13,-2.356194
76,25,3.141593
76,46,-2.356194
76,52,0.000000
76,55,3.141593
76,67,0.785398
76,70,-0.321751
76,75,2.819842
76,88,3.141593
77,10,-0.785398
77,15,3.141593
77,22,0.000000
77,61,0.000000
77,63,3.141593
77,75,-1.570796
77,80,2.819842
77,88,-2.356194
78,5,1.249046
78,7,-2.356194
78,10,2.356194
78,13,0.321751
78,17,-0.785398
78,21,3.141593
78,25,0.000000
78,26,3.141593
78,52,0.000000
78,53,3.141593
78,65,0.785398
78,69,1.570796
78,73,2.819842
78,76,1.570796
78,80,-1.570796
79,2,0.785398
79,8,0.785398
79,10,-2.356194
79,20,-0.785398
79,23,1.249046
79,24,3.141593
79,30,2.356194
79,43,0.000000
79,44,3.141593
79,49,0.785398
79,62,0.785398
79,69,-0.321751
79,76,-0.321751
80,2,0.000000
80,4,-1.892547
80,13,-2.356194
80,28,0.000000
80,51,3.141593
80,67,1.570796
80,71,2.819842
80,73,-0.321751
80,74,2.819842
80,78,2.819842
80,88,2.356194
81,2,-0.785398
81,8,-2.819842
81,10,0.321751
81,23,-2.356194
81,67,-0.321751
81,68,2.819842
81,74,-1.570796
81,78,-1.570796
81,86,0.785398
81,88,-2.819842
82,10,-1.570796
82,18,0.785398
82,23,2.356194
82,56,0.000000
82,62,1.570796
82,65,1.570796
82,71,-0.321751
82,72,2.819842
83,2,0.785398
83,9,1.570796
83,19,-1.570796
83,22,0.000000
83,59,-2.356194
83,65,-0.321751
83,66,2.819842
83,68,-0.321751
83,69,2.819842
83,72,-1.570796
83,75,-1.570796
83,80,1.570796
83,87,2.356194
84,2,-0.321751
84,5,-1.892547
84,9,-2.819842
84,16,2.356194
84,66,-1.570796
84,69,-1.570796
84,80,-0.321751
84,84,0.785398
84,85,1.570796
84,87,-2.356194
85,16,3.141593
85,24,2.356194
85,67,-2.356194
85,73,-1.570796
85,81,-1.249046
86,3,0.785398
86,10,1.249046
86,16,-2.356194
86,61,0.785398
86,78,1.570796
86,83,-1.249046
87,3,0.000000
87,5,-0.785398
87,6,-1.892547
87,9,0.321751
87,68,1.570796
87,71,-2.356194
87,74,0.785398
88,3,-0.785398
88,9,-0.785398
88,20,0.000000
88,25,2.356194
88,62,-1.570796
88,65,-1.570796
88,68,-1.570796
89,9,0.000000
89,11,1.570796
89,24,1.570796
89,72,0.785398
89,76,-2.356194
90,3,0.785398
90,6,1.249046
90,7,2.356194
90,8,0.000000
90,11,-2.356194
90,14,2.356194
90,60,1.570796
90,69,1.570796
90,80,1.570796
91,3,0.000000
91,5,-0.785398
91,6,-1.892547
91,12,0.785398
91,14,3.141593
91,25,-2.356194
91,48,1.570796
91,51,1.570796
91,54,1.570796
91,60,-1.570796
91,73,0.785398
91,77,1.570796
91,80,-0.321751
91,81,2.819842
92,3,-0.785398
92,8,0.321751
92,9,-2.819842
92,48,-1.570796
92,51,-1.570796
92,54,-1.570796
92,73,-0.321751
92,74,2.819842
92,77,-1.570796
93,8,-0.785398
93,12,0.000000
93,14,3.141593
93,19,0.785398
93,21,-1.892547
93,24,0.000000
93,25,3.141593
93,57,1.570796
93,70,-1.570796
93,74,-1.570796
93,81,0.000000
94,8,0.785398
94,12,-1.570796
94,16,2.356194
94,19,-0.785398
94,57,-1.570796
95,3,0.785398
95,14,-0.321751
95,64,0.785398
95,84,-2.356194
96,4,-2.356194
96,7,-0.785398
96,8,-1.892547
96,17,-2.356194
96,27,2.356194
96,58,1.570796
96,75,0.785398
96,78,0.785398
97,14,0.000000
97,15,-1.892547
97,21,0.000000
97,22,3.141593
97,31,2.356194
97,58,-1.570796
97,65,-1.570796
97,75,-0.785398
98,13,-0.785398
98,26,-1.570796
98,30,-0.785398
98,74,-0.785398
98,77,-1.249046
98,79,-1.570796
