5,34,0.785398
5,35,1.570796
5,39,2.356194
5,43,0.785398
5,44,1.892547
6,29,0.785398
6,30,1.570796
6,31,3.141593
6,46,1.892547
6,63,0.785398
6,64,1.892547
7,13,1.249046
7,14,3.141593
7,35,-0.321751
7,48,0.785398
7,49,1.892547
7,57,3.141593
7,70,0.785398
7,71,1.570796
7,72,2.356194
7,77,0.785398
7,78,1.570796
7,79,2.356194
7,82,0.785398
7,83,2.356194
8,10,2.356194
8,12,-0.785398
8,30,0.785398
8,38,-1.570796
8,39,3.141593
8,64,-0.785398
9,9,-0.785398
9,30,-0.321751
9,36,-0.785398
9,40,1.570796
9,64,2.356194
9,71,2.356194
9,82,0.321751
10,9,2.356194
10,40,0.000000
10,42,0.785398
10,58,-2.356194
10,62,1.249046
10,64,3.141593
10,77,0.321751
10,79,2.819842
10,85,2.819842
11,8,0.321751
11,28,1.570796
11,33,-1.570796
11,40,-1.570796
11,46,-2.819842
11,64,-2.356194
11,82,-0.321751
11,85,-2.356194
11,89,2.356194
12,8,-0.785398
12,35,-1.249046
12,36,-2.356194
12,38,0.785398
12,43,-1.570796
12,55,-1.249046
12,69,-0.321751
12,79,3.141593
12,87,0.785398
13,19,0.785398
13,20,1.570796
13,21,2.356194
13,25,-0.785398
13,26,-1.570796
13,28,-1.570796
13,39,-1.249046
13,40,-2.356194
13,41,0.785398
13,50,0.321751
13,53,3.141593
13,61,-2.356194
13,64,0.785398
13,73,-1.570796
13,74,3.141593
13,84,-1.570796
14,42,-1.249046
14,43,3.141593
14,50,-1.570796
14,68,0.785398
14,69,2.356194
14,75,1.570796
15,46,-2.356194
15,47,0.785398
15,57,1.570796
15,62,2.356194
15,63,-0.785398
15,82,0.785398
15,83,1.570796
15,85,-1.892547
15,87,-1.249046
15,89,3.141593
16,8,2.356194
16,21,-2.356194
16,57,-2.356194
16,69,0.000000
16,77,-1.249046
16,89,-2.356194
17,7,0.321751
17,18,-0.785398
17,19,-1.892547
17,30,-0.785398
17,31,-1.892547
17,33,-1.249046
17,34,-2.356194
17,43,-0.785398
17,48,-1.570796
17,59,0.785398
17,65,0.785398
17,69,-1.570796
17,71,1.570796
17,83,2.356194
18,7,-1.570796
18,45,-1.249046
18,78,0.321751
18,81,2.356194
18,83,3.141593
19,54,0.000000
19,55,-1.570796
19,57,1.892547
19,61,-1.249046
19,68,-1.249046
19,69,-2.356194
19,83,-1.570796
19,88,2.356194
20,22,1.249046
20,23,2.356194
20,47,-1.570796
20,51,-1.249046
20,53,2.356194
20,71,-2.356194
20,85,2.356194
20,88,3.141593
21,14,0.785398
21,15,1.570796
21,16,2.356194
21,44,0.785398
21,45,1.570796
21,46,3.141593
21,53,-1.570796
21,60,0.785398
21,75,0.000000
21,76,-1.892547
21,82,0.785398
22,22,-2.356194
22,57,3.141593
22,64,2.356194
22,67,-1.249046
22,69,1.892547
22,73,1.249046
22,74,3.141593
23,45,0.000000
23,57,-1.570796
23,61,-1.570796
23,69,-1.249046
23,71,-1.570796
23,77,0.000000
23,83,0.000000
23,90,2.819842
24,21,-0.785398
24,24,2.356194
24,33,0.785398
24,34,1.892547
24,45,-0.785398
24,59,0.785398
24,64,0.000000
24,73,-1.249046
24,74,-2.356194
24,75,0.785398
24,76,2.356194
24,83,-1.570796
24,90,-2.356194
25,6,0.785398
25,14,-0.785398
25,15,-1.570796
25,17,2.356194
25,60,-1.249046
25,61,3.141593
25,76,-1.570796
25,79,-0.785398
26,6,0.000000
26,17,-2.356194
26,34,-0.785398
26,44,-0.785398
26,45,-1.570796
26,47,1.892547
26,64,3.141593
26,77,0.000000
26,83,2.819842
27,17,0.785398
27,47,-1.249046
27,48,-2.356194
27,64,-1.570796
27,71,0.000000
27,72,1.892547
27,78,-1.249046
27,80,2.356194
27,88,-1.570796
28,5,0.321751
28,22,-0.785398
28,23,-1.570796
28,24,-2.356194
28,33,-0.785398
28,34,-1.570796
28,35,-2.356194
28,36,0.785398
28,37,1.892547
28,58,0.000000
28,59,1.892547
28,72,-1.249046
28,74,1.892547
28,80,-1.570796
28,86,0.785398
28,87,2.356194
29,16,-0.785398
29,17,-1.892547
29,60,-2.356194
29,74,-1.249046
29,75,3.141593
29,82,-0.785398
29,83,-1.892547
29,87,-1.570796
30,4,0.321751
30,5,-2.819842
30,37,-0.785398
30,44,1.570796
30,57,0.785398
30,62,0.000000
30,63,1.892547
30,68,2.356194
31,4,-0.785398
31,44,0.000000
31,46,1.570796
31,47,2.356194
31,49,0.785398
31,50,1.892547
31,63,-1.249046
31,64,-2.356194
31,72,2.356194
32,36,-0.785398
32,37,-1.570796
32,38,3.141593
32,50,-1.249046
32,51,-2.356194
32,59,-1.249046
32,60,-2.356194
32,61,3.141593
32,85,0.785398
32,86,1.892547
33,43,-0.785398
33,44,-1.570796
33,68,-1.570796
33,76,-0.785398
33,77,-1.570796
33,78,3.141593
33,82,-0.785398
33,86,-1.249046
33,87,3.141593
34,12,1.249046
34,13,2.356194
34,46,-1.249046
34,47,-2.356194
34,57,-2.356194
34,67,-0.785398
34,74,-0.785398
35,11,-0.785398
35,12,-1.892547
35,49,-2.356194
35,78,0.785398
36,4,0.785398
36,25,1.249046
36,26,2.356194
36,42,0.785398
36,43,2.356194
36,45,3.141593
36,78,-0.785398
36,80,1.570796
36,81,3.141593
36,89,2.356194
37,4,0.000000
37,42,-1.570796
37,73,0.785398
37,74,1.570796
37,75,2.356194
37,76,0.785398
37,77,2.356194
37,88,-0.785398
38,4,-0.785398
38,25,-2.356194
38,77,-1.570796
38,83,1.892547
39,10,1.249046
39,11,2.356194
39,64,3.141593
39,81,-1.892547
40,8,1.249046
40,10,-1.892547
40,24,0.000000
40,25,-1.570796
40,26,-2.356194
40,42,1.570796
40,68,3.141593
40,71,0.785398
40,84,-1.249046
40,85,3.141593
41,4,0.785398
41,60,-0.785398
41,65,-0.785398
41,70,0.785398
42,4,0.000000
42,14,1.249046
42,15,2.356194
42,35,0.000000
42,36,3.141593
42,41,-0.785398
42,63,2.356194
42,70,-0.785398
42,72,-1.892547
42,82,2.356194
43,4,-0.785398
43,7,-1.570796
43,13,-0.785398
43,14,-1.892547
43,32,3.141593
43,77,-1.892547
44,51,2.356194
44,66,1.570796
44,73,1.249046
44,75,-1.892547
44,84,1.570796
44,91,-2.356194
45,49,0.000000
45,53,2.356194
45,65,0.000000
45,66,-2.356194
45,70,1.249046
45,71,2.356194
45,72,-0.785398
45,78,1.249046
45,80,-1.570796
45,81,3.141593
45,84,-0.785398
45,85,-2.356194
46,41,2.356194
46,44,2.356194
46,52,-0.785398
46,57,-0.785398
46,70,-1.892547
46,74,1.570796
46,76,1.249046
46,78,-1.892547
46,82,0.000000
47,36,3.141593
47,40,-0.785398
47,43,-0.785398
47,60,2.356194
47,62,1.249046
47,64,-1.570796
47,65,-2.356194
47,66,-0.785398
48,3,0.785398
48,38,2.356194
48,59,-0.785398
48,70,2.356194
48,72,0.785398
48,78,2.356194
48,79,0.785398
48,91,3.141593
49,3,0.000000
49,37,-0.785398
49,40,2.356194
49,43,2.356194
49,56,2.356194
49,61,-1.892547
49,85,-1.249046
49,87,1.892547
50,3,-0.785398
50,15,1.249046
50,16,2.356194
50,28,1.249046
50,29,2.356194
50,35,3.141593
50,39,-0.785398
50,46,2.356194
50,55,-0.785398
50,65,1.249046
50,66,2.356194
50,67,-0.785398
50,72,0.000000
50,80,-0.785398
50,81,-2.356194
50,82,0.785398
50,83,1.892547
51,12,1.249046
51,13,2.356194
51,27,-0.785398
51,28,-1.892547
51,37,2.356194
51,45,-0.785398
51,48,2.356194
51,61,2.356194
51,62,0.785398
51,63,1.570796
51,70,2.356194
52,11,-0.785398
52,12,-1.892547
52,15,-2.356194
52,43,2.356194
52,47,-0.785398
52,57,0.000000
52,67,2.356194
52,68,-0.785398
52,69,-1.892547
52,74,1.249046
52,75,2.356194
52,76,-0.785398
52,77,-1.892547
52,79,-1.249046
52,80,3.141593
52,84,-1.249046
52,85,3.141593
52,90,2.819842
53,7,1.249046
53,8,2.356194
53,15,0.785398
53,39,-0.785398
53,45,2.356194
53,55,1.249046
53,56,3.141593
53,66,-1.892547
53,73,-0.785398
53,74,-1.892547
53,81,0.000000
53,90,-2.356194
54,6,0.000000
54,7,-1.892547
54,15,-0.785398
54,16,-2.356194
54,26,1.249046
54,27,2.356194
54,37,2.356194
54,41,-0.785398
54,44,-0.785398
54,47,2.356194
54,53,1.249046
54,55,-1.892547
54,62,2.356194
54,63,-0.785398
54,64,-1.892547
54,69,1.249046
54,70,2.356194
54,87,-2.356194
55,25,-0.785398
55,26,-1.892547
55,36,-0.785398
55,39,2.356194
55,46,-0.785398
55,52,0.321751
55,61,-1.892547
55,67,1.249046
55,69,-1.892547
55,75,0.000000
55,78,0.785398
55,79,1.892547
55,82,-0.785398
55,83,-2.356194
56,3,-2.356194
56,21,0.785398
56,22,1.570796
56,23,3.141593
56,52,-1.570796
56,54,-2.356194
56,57,0.000000
56,58,-0.785398
56,59,-1.892547
56,66,-0.785398
56,67,-1.892547
56,73,3.141593
56,79,-1.249046
56,89,2.356194
57,17,1.249046
57,19,2.356194
57,29,1.249046
57,30,2.356194
57,33,3.141593
57,36,0.000000
57,62,1.249046
57,63,2.356194
57,88,-0.785398
58,15,1.249046
58,17,-1.892547
58,19,-1.570796
58,28,-0.785398
58,29,-1.892547
58,39,2.356194
58,51,0.785398
58,54,2.356194
58,60,1.249046
58,62,-1.892547
58,67,0.000000
58,82,-1.249046
58,83,3.141593
59,2,0.785398
59,13,1.249046
59,22,-1.892547
59,38,-0.785398
59,41,2.356194
59,51,-0.785398
59,52,-2.356194
59,59,0.321751
59,72,3.141593
60,2,0.000000
60,12,0.000000
60,13,-1.892547
60,15,-1.570796
60,19,0.000000
60,20,-1.892547
60,30,3.141593
60,40,-0.785398
60,50,1.570796
60,62,2.356194
60,79,0.000000
60,80,0.785398
61,2,-0.785398
61,17,2.356194
61,47,1.249046
61,50,-2.819842
61,65,1.249046
61,66,2.356194
61,81,-1.570796
62,40,2.356194
62,58,-0.785398
62,64,-0.785398
62,65,-1.892547
62,75,0.785398
62,76,1.892547
62,82,0.000000
62,83,1.892547
62,88,0.000000
63,2,-1.570796
63,14,0.000000
63,15,-1.892547
63,20,1.249046
63,21,2.356194
63,45,0.000000
63,56,-0.785398
63,60,0.000000
63,76,-1.249046
63,77,3.141593
63,89,-1.570796
64,19,0.000000
64,20,-1.892547
64,26,0.000000
64,33,2.356194
64,35,2.356194
64,42,1.249046
64,43,2.356194
64,44,0.000000
64,59,-0.785398
64,65,0.000000
64,78,0.000000
64,79,1.892547
64,91,3.141593
65,11,1.249046
65,12,3.141593
65,24,2.356194
65,31,0.000000
65,34,-2.356194
65,37,-0.785398
65,40,1.249046
65,45,0.000000
65,46,0.000000
65,51,0.785398
65,52,1.570796
65,53,2.356194
65,57,3.141593
65,79,-1.249046
65,80,3.141593
66,3,1.249046
66,4,3.141593
66,10,0.000000
66,11,-1.892547
66,16,1.249046
66,17,3.141593
66,33,-2.356194
66,39,0.321751
66,43,0.000000
66,44,0.000000
66,47,-0.785398
66,55,3.141593
66,73,0.000000
66,74,0.785398
66,75,1.892547
66,81,1.570796
66,86,-1.249046
66,87,3.141593
67,2,0.321751
67,15,0.000000
67,16,-1.892547
67,27,1.249046
67,28,3.141593
67,45,-2.356194
67,52,-0.321751
67,67,1.249046
67,68,2.356194
67,70,3.141593
67,82,3.141593
68,2,-0.785398
68,13,1.249046
68,14,3.141593
68,26,-0.785398
68,27,-1.892547
68,37,0.785398
68,67,-1.892547
69,2,-1.570796
69,18,1.249046
69,19,3.141593
69,36,3.141593
69,42,-2.356194
69,53,-1.570796
69,65,-0.785398
69,70,0.000000
69,71,3.141593
69,77,-1.249046
69,89,-1.570796
70,17,0.000000
70,18,-1.892547
70,29,2.356194
70,40,-1.892547
70,57,0.000000
70,79,-1.570796
70,85,0.000000
71,10,0.321751
71,31,-0.785398
71,38,1.570796
71,60,0.000000
71,61,1.892547
71,66,-2.356194
71,86,-1.570796
72,10,-1.570796
72,25,0.000000
72,33,0.785398
72,37,-0.785398
72,49,0.000000
72,61,-1.249046
72,62,3.141593
72,68,0.785398
72,87,1.570796
73,14,1.570796
73,23,2.356194
73,32,-0.785398
73,41,0.000000
73,44,3.141593
73,55,0.785398
73,56,1.892547
73,82,1.570796
73,87,-0.321751
73,88,2.819842
74,8,3.141593
74,14,-2.819842
74,18,-0.785398
74,35,-2.356194
74,56,-1.249046
74,57,3.141593
74,65,3.141593
74,82,-0.321751
74,88,-1.570796
75,16,2.356194
75,21,3.141593
75,28,-0.785398
75,31,2.356194
75,59,3.141593
75,71,0.000000
75,72,1.892547
75,89,1.570796
76,7,-2.819842
76,11,0.321751
76,15,1.570796
76,20,-1.570796
76,32,0.000000
76,33,3.141593
76,49,3.141593
76,78,1.570796
76,85,2.819842
76,89,-0.321751
76,90,2.819842
77,11,-1.570796
77,14,0.321751
77,15,-2.819842
77,19,1.570796
77,31,-2.356194
77,46,0.000000
77,52,0.000000
77,53,0.785398
77,54,1.892547
77,67,0.000000
77,68,0.785398
77,78,-1.570796
77,90,-1.570796
78,3,0.785398
78,5,-1.892547
78,14,-0.785398
78,19,-2.819842
78,22,1.570796
78,54,-1.249046
78,56,1.892547
78,64,0.785398
78,69,-1.570796
78,75,2.819842
78,81,1.570796
78,85,-0.321751
78,91,-2.356194
79,3,-0.785398
79,9,0.000000
79,10,-1.570796
79,11,3.141593
79,14,2.356194
79,17,0.321751
79,25,1.570796
79,34,2.356194
79,56,-1.249046
79,57,3.141593
79,75,-1.570796
79,87,2.819842
80,8,1.570796
80,12,0.785398
80,14,-2.356194
80,17,-1.570796
80,33,1.570796
80,76,0.000000
80,77,1.892547
80,82,1.570796
81,7,0.321751
81,8,-2.819842
81,15,0.785398
81,16,3.141593
81,24,1.570796
81,32,0.321751
81,33,-2.819842
81,38,3.141593
81,67,-2.356194
81,78,2.819842
81,82,-0.321751
81,83,2.819842
81,87,-0.321751
81,88,2.819842
82,11,0.321751
82,12,-2.819842
82,15,-0.785398
82,23,0.321751
82,24,-2.819842
82,36,-0.785398
82,61,-2.356194
82,73,-2.356194
82,78,-1.570796
82,83,-2.356194
82,88,-2.356194
83,6,0.321751
83,7,-2.819842
83,19,-0.785398
83,23,-0.785398
83,31,0.321751
83,32,-2.819842
83,69,0.785398
83,83,-1.570796
84,6,-0.785398
84,10,0.321751
84,11,-2.819842
84,15,2.356194
84,35,1.570796
84,40,1.570796
84,49,1.570796
84,75,0.785398
85,2,-1.570796
85,14,0.321751
85,15,-2.819842
85,18,1.570796
85,26,1.570796
85,30,0.321751
85,31,-2.819842
85,49,-1.570796
86,9,0.321751
86,10,-2.819842
86,14,-1.570796
86,25,0.321751
86,26,-2.819842
86,30,-0.785398
86,39,-0.785398
86,77,-2.356194
87,22,2.356194
87,25,-0.785398
88,2,1.570796
88,6,0.785398
88,9,-2.819842
88,21,0.321751
88,22,-2.819842
88,47,1.570796
88,68,1.570796
88,78,1.570796
88,87,1.570796
89,6,-0.785398
89,29,2.356194
89,33,2.356194
89,37,1.570796
89,42,2.356194
89,87,0.785398
89,91,-1.570796
90,5,1.570796
90,8,-2.356194
90,20,0.321751
90,21,-2.819842
90,28,0.321751
90,29,-2.819842
90,32,0.321751
90,33,-2.819842
90,37,2.356194
90,69,1.570796
90,87,-0.321751
90,88,2.819842
91,5,-2.819842
91,12,2.356194
91,20,-0.785398
91,28,-0.785398
91,32,-0.785398
91,36,0.321751
91,37,-2.819842
91,41,-1.570796
91,51,1.570796
91,64,1.570796
91,69,-0.321751
91,70,2.819842
91,83,0.785398
91,88,-1.570796
92,11,0.321751
92,12,-2.819842
92,36,-0.785398
92,51,-1.570796
92,70,-2.356194
92,83,-0.321751
92,84,2.819842
93,3,-0.785398
93,11,-0.785398
93,84,-1.570796
94,43,1.570796
94,47,-1.570796
95,28,2.356194
95,65,-1.570796
95,71,0.785398
96,23,-1.570796
96,27,0.321751
96,28,-2.819842
96,52,1.570796
96,71,-0.321751
96,72,2.819842
97,7,-1.570796
97,10,-1.570796
97,14,-0.785398
97,19,-1.570796
97,27,-0.785398
97,32,-1.570796
97,56,1.570796
97,72,-2.356194
97,76,-1.570796
97,80,-1.570796
97,86,-2.356194
97,91,-2.356194
98,3,-1.570796
98,27,-1.570796
98,36,-1.570796
98,43,-1.570796
98,52,-1.570796
98,56,-1.570796
98,72,-1.570796
