5,39,0.785398
5,40,1.570796
5,41,2.356194
5,46,0.785398
5,47,1.892547
5,49,1.249046
5,50,2.356194
6,31,0.785398
6,32,2.356194
6,61,2.356194
6,67,0.785398
6,68,1.892547
7,26,1.249046
7,27,3.141593
7,32,-1.570796
7,46,0.321751
7,49,-2.356194
8,46,-1.570796
8,60,-2.356194
8,75,1.570796
9,56,0.321751
9,82,0.785398
10,11,1.249046
10,12,2.356194
10,45,2.356194
10,56,-1.570796
10,65,0.321751
10,74,0.321751
10,83,-2.356194
11,10,0.321751
11,24,-2.356194
11,35,0.785398
11,43,1.249046
11,45,3.141593
11,54,1.249046
11,55,3.141593
11,60,0.785398
11,74,-0.785398
12,24,0.785398
12,48,0.000000
12,49,-1.570796
12,50,-2.356194
12,65,3.141593
12,74,2.356194
13,9,0.321751
13,11,3.141593
13,26,1.892547
13,30,1.249046
13,31,2.356194
13,34,-0.785398
13,35,-1.892547
13,43,-1.249046
13,47,3.141593
13,54,-2.356194
13,59,0.000000
13,60,-1.892547
13,65,-1.570796
13,70,1.249046
13,72,1.570796
13,74,3.141593
14,28,1.570796
14,56,1.249046
14,57,2.356194
15,8,0.321751
15,9,-2.819842
15,30,-1.570796
15,64,0.785398
15,72,-1.570796
16,25,-1.892547
16,31,1.570796
16,36,1.249046
16,37,2.356194
16,44,1.249046
16,62,1.570796
17,7,0.321751
17,8,-2.819842
17,33,1.570796
17,34,2.356194
17,42,1.249046
17,58,0.785398
17,59,1.570796
17,62,-2.819842
17,65,-0.321751
17,83,2.356194
18,7,-0.785398
18,28,0.000000
18,36,-1.570796
18,39,1.249046
18,40,2.356194
18,41,-0.785398
18,53,-0.785398
18,54,-2.356194
18,55,-0.785398
18,56,-1.892547
18,72,2.356194
18,76,-0.785398
18,77,-1.570796
18,83,-2.819842
19,23,-0.785398
19,24,-2.356194
19,25,0.785398
19,26,1.570796
19,27,3.141593
19,34,3.141593
19,39,-1.892547
19,43,0.785398
19,47,-1.570796
19,52,1.570796
19,62,-2.356194
19,65,-0.785398
19,66,-1.570796
20,30,-1.570796
20,37,-1.892547
20,45,-1.570796
20,52,-2.819842
21,26,0.785398
21,29,1.570796
21,40,1.249046
21,41,2.356194
21,48,-1.570796
21,72,-2.356194
21,79,-0.785398
21,80,-1.892547
21,84,1.570796
21,85,2.356194
22,19,0.785398
22,21,2.356194
22,26,-0.785398
22,39,0.321751
22,53,2.356194
22,69,-0.785398
22,70,-1.892547
23,19,-1.570796
23,21,-1.570796
23,32,-1.892547
23,36,2.356194
23,46,-1.570796
23,50,0.000000
23,52,-1.892547
24,22,0.785398
24,23,2.356194
24,39,-1.570796
24,40,-2.356194
24,42,0.785398
24,58,0.000000
24,59,-1.892547
24,78,1.249046
24,79,2.356194
25,22,-1.570796
25,28,0.000000
25,29,-1.892547
25,33,0.321751
25,37,1.570796
25,54,1.249046
25,55,2.356194
25,74,0.785398
25,75,1.570796
26,37,3.141593
26,45,-1.892547
26,53,-0.785398
26,54,-1.892547
27,35,-1.892547
27,37,-1.570796
27,42,0.000000
27,43,-1.892547
27,57,1.249046
27,58,2.356194
27,80,2.356194
27,81,-0.785398
27,82,-1.892547
27,88,2.356194
28,40,1.570796
28,41,3.141593
28,47,0.000000
28,48,-1.892547
28,56,-0.785398
28,57,-1.892547
28,88,-2.819842
29,5,0.785398
29,7,1.249046
29,8,2.356194
29,16,1.249046
29,17,3.141593
29,30,0.785398
29,36,1.249046
29,38,-1.892547
29,45,0.785398
29,46,2.356194
29,51,-1.249046
29,52,-2.356194
29,62,0.785398
29,63,1.570796
29,64,2.356194
29,79,-1.249046
29,80,-2.356194
30,5,0.000000
30,10,3.141593
30,15,0.000000
30,16,-1.892547
30,34,2.356194
30,35,-0.785398
30,36,-1.892547
30,42,2.356194
30,46,-2.356194
31,9,-1.892547
31,20,3.141593
31,39,1.249046
31,41,-1.892547
31,55,0.785398
31,56,2.356194
31,87,3.141593
32,4,0.321751
32,38,-0.785398
32,39,-1.892547
32,45,0.000000
32,46,-1.570796
32,47,-2.356194
32,61,1.249046
32,63,-1.570796
32,65,1.892547
32,70,1.249046
32,71,2.356194
32,75,-0.785398
32,76,-1.570796
32,77,-2.356194
32,84,0.785398
33,4,-1.570796
33,22,1.249046
33,23,3.141593
33,28,1.249046
33,30,-1.892547
33,35,2.356194
33,60,-0.785398
33,61,-1.892547
33,85,-1.249046
33,87,-1.570796
33,88,-2.356194
33,90,3.141593
34,9,0.785398
34,10,2.356194
34,34,-1.892547
34,40,0.785398
34,41,1.570796
34,42,3.141593
34,55,-0.785398
34,56,-1.892547
35,26,-0.785398
35,60,0.000000
35,63,0.785398
35,65,-2.819842
35,73,0.785398
35,74,1.570796
35,75,2.356194
36,9,-2.819842
36,23,2.356194
36,29,2.356194
36,30,-0.785398
36,34,1.249046
36,35,2.356194
36,43,2.356194
36,78,0.785398
36,79,2.356194
36,82,0.785398
36,83,1.570796
36,84,2.356194
37,3,0.785398
37,18,-2.819842
37,41,-0.785398
37,42,-1.892547
37,58,0.000000
37,63,-0.785398
37,64,-1.570796
37,65,-2.356194
37,78,-0.785398
38,3,0.000000
38,6,-0.785398
38,7,-1.892547
38,25,1.249046
38,54,3.141593
38,69,-1.249046
38,71,1.892547
38,78,2.356194
38,84,1.570796
38,90,-2.356194
39,19,1.249046
39,20,3.141593
39,45,0.000000
39,71,-1.249046
39,72,-2.356194
39,73,-0.785398
39,74,-1.570796
39,75,-2.356194
39,77,-0.785398
39,78,-2.356194
39,86,1.892547
40,3,-0.785398
40,4,3.141593
40,40,2.356194
40,86,-1.249046
40,88,1.892547
41,13,0.000000
41,14,-1.892547
41,21,0.000000
41,38,0.785398
41,39,2.356194
41,48,0.785398
41,49,1.570796
41,61,2.356194
41,67,3.141593
41,82,0.785398
41,83,1.892547
41,88,-1.249046
41,89,3.141593
42,6,0.785398
42,7,3.141593
42,12,1.570796
42,30,-1.892547
42,35,1.249046
42,36,2.356194
42,39,-1.570796
42,47,3.141593
42,72,2.356194
42,83,-1.249046
42,84,3.141593
42,90,-2.356194
43,6,-1.570796
43,10,1.249046
43,12,-2.356194
43,15,0.000000
43,16,-1.892547
43,22,1.249046
43,27,0.000000
43,28,-1.892547
43,40,1.570796
43,52,-2.356194
43,56,0.785398
43,57,1.892547
43,71,-0.785398
43,85,0.000000
43,86,1.892547
44,5,0.000000
44,14,3.141593
44,18,0.785398
44,21,0.000000
44,22,-1.892547
44,26,3.141593
44,47,-2.356194
44,49,-0.785398
44,50,-1.892547
44,65,3.141593
44,86,-1.249046
44,87,3.141593
45,3,-2.356194
45,18,-0.785398
45,19,-2.356194
45,29,1.249046
45,30,2.356194
45,31,0.785398
45,32,1.570796
45,34,-1.570796
45,35,-2.356194
45,39,-0.785398
45,40,-1.892547
45,72,0.000000
45,73,1.892547
45,81,0.000000
45,82,1.892547
45,88,0.000000
45,89,1.892547
46,8,-1.892547
46,16,1.249046
46,17,3.141593
46,22,1.249046
46,24,-1.892547
46,27,1.249046
46,29,-1.892547
46,57,-0.321751
46,59,-2.819842
46,73,-1.249046
46,74,-2.356194
46,82,-1.249046
46,83,3.141593
47,6,-0.785398
47,15,0.000000
47,16,-1.892547
47,20,1.249046
47,22,-1.892547
47,31,1.570796
47,42,-0.785398
47,43,-1.892547
47,91,2.819842
48,8,1.249046
48,10,-1.892547
48,12,0.785398
48,13,2.356194
48,19,0.000000
48,20,-1.892547
48,24,1.249046
48,29,1.249046
48,39,0.000000
48,60,1.249046
48,61,2.356194
48,79,1.570796
48,91,-2.356194
49,12,-1.570796
49,17,1.249046
49,18,3.141593
49,23,0.000000
49,24,-1.892547
49,27,0.785398
49,29,-1.892547
49,59,-0.785398
49,60,-1.892547
49,63,0.000000
49,64,1.892547
49,81,1.892547
49,87,1.570796
49,91,-1.570796
50,6,-0.785398
50,7,-1.892547
50,10,1.249046
50,11,3.141593
50,16,0.000000
50,17,-1.892547
50,22,-0.785398
50,27,-1.570796
50,45,0.785398
50,64,-1.249046
50,65,3.141593
50,81,-1.249046
50,83,1.892547
50,88,3.141593
51,3,-2.356194
51,14,1.249046
51,15,3.141593
51,19,2.356194
51,25,1.249046
51,26,3.141593
51,45,0.000000
51,66,0.785398
51,67,2.356194
51,84,2.819842
52,13,0.000000
52,14,-1.892547
52,23,1.249046
52,25,-1.892547
52,45,-0.785398
52,66,-0.785398
52,73,0.000000
52,74,1.892547
52,84,-1.570796
53,2,0.785398
53,12,1.570796
53,16,1.249046
53,17,3.141593
53,22,0.000000
53,23,-1.892547
53,29,2.356194
53,66,2.356194
53,77,0.785398
53,78,1.570796
53,79,2.356194
53,86,3.141593
53,90,-1.570796
54,2,0.000000
54,10,1.249046
54,12,-2.356194
54,20,1.249046
54,21,3.141593
54,45,0.785398
54,49,2.356194
54,64,1.249046
54,66,-2.356194
54,74,-0.785398
55,10,-1.892547
55,13,0.785398
55,15,-1.892547
55,26,3.141593
55,33,1.570796
55,45,-0.785398
55,46,-2.356194
55,48,-0.785398
55,63,-0.785398
55,64,-1.892547
55,82,-1.570796
56,2,0.000000
56,4,-1.892547
56,25,-1.570796
56,44,-0.785398
56,79,1.570796
57,2,-0.785398
57,12,0.000000
57,67,-1.570796
57,75,-2.356194
57,79,-0.321751
57,80,2.819842
58,7,-2.819842
58,11,1.570796
58,15,1.249046
58,80,-1.570796
59,10,-0.785398
59,11,-2.356194
59,14,0.000000
59,15,-1.892547
59,40,1.249046
59,41,2.356194
60,2,0.785398
60,12,0.785398
60,13,3.141593
60,23,0.000000
60,24,-1.570796
60,25,-2.356194
60,34,0.785398
60,39,0.000000
60,40,-1.892547
60,59,-1.570796
60,82,1.570796
61,6,0.785398
61,7,3.141593
61,12,-1.570796
61,18,-0.785398
61,21,2.356194
61,36,0.785398
61,37,1.570796
61,38,3.141593
61,78,0.785398
61,82,-0.321751
61,83,2.819842
61,88,1.570796
62,6,-1.570796
62,11,3.141593
62,31,0.785398
62,32,2.356194
62,33,-0.785398
62,34,-1.892547
62,83,-1.570796
63,2,-0.785398
63,5,3.141593
63,10,-1.570796
63,19,1.570796
63,31,-1.570796
63,89,1.570796
64,8,1.249046
64,9,3.141593
64,19,-2.819842
64,29,0.000000
64,50,-1.570796
64,61,1.249046
64,62,2.356194
64,63,3.141593
64,73,1.570796
64,85,-2.356194
64,90,3.141593
65,3,-1.570796
65,39,-2.356194
65,60,0.321751
65,91,-2.356194
66,6,0.000000
66,10,1.249046
66,11,3.141593
66,15,0.785398
66,60,-1.570796
66,74,1.570796
66,86,0.785398
67,3,0.785398
67,4,2.356194
67,10,-1.892547
67,14,0.785398
67,59,0.785398
67,74,-0.321751
67,75,2.819842
67,78,0.785398
67,83,1.570796
68,3,-0.785398
68,7,0.321751
68,12,1.249046
68,13,3.141593
68,59,0.000000
68,79,-2.356194
68,83,-0.321751
68,84,2.819842
68,90,0.785398
69,7,-1.570796
69,17,2.819842
69,74,0.000000
69,84,-2.356194
69,91,-2.356194
70,3,-1.570796
70,6,3.141593
70,10,0.000000
70,11,-1.892547
70,17,-2.356194
70,33,0.785398
70,59,-0.321751
70,61,-2.819842
70,73,-0.785398
70,80,0.785398
71,5,-1.570796
71,9,1.570796
71,17,2.356194
71,24,3.141593
71,31,-0.785398
71,34,-2.356194
72,9,-2.819842
72,16,0.000000
72,28,3.141593
72,34,0.785398
72,45,0.785398
72,50,0.785398
73,4,-1.570796
73,11,0.321751
73,15,-0.785398
73,21,-1.570796
73,26,-0.785398
73,35,-2.356194
73,39,3.141593
73,52,0.785398
73,53,1.570796
73,54,2.356194
73,58,0.785398
73,61,-2.356194
73,62,0.785398
73,73,0.000000
74,11,-1.570796
74,63,-2.356194
74,83,-2.356194
74,87,-2.356194
74,90,-1.570796
75,43,0.000000
75,44,0.785398
75,45,1.892547
75,54,1.570796
75,58,0.321751
75,76,-2.356194
75,81,1.570796
76,4,0.321751
76,9,1.570796
76,35,0.000000
76,56,1.892547
76,58,-1.570796
76,60,-1.249046
76,61,3.141593
76,64,2.356194
76,81,0.785398
76,85,1.570796
77,4,-0.785398
77,9,-2.819842
77,42,0.785398
77,43,1.892547
77,46,-1.249046
77,47,3.141593
77,56,-1.249046
77,57,-2.356194
77,81,-0.321751
77,82,2.819842
78,4,-1.570796
78,13,2.356194
78,43,-1.249046
78,44,3.141593
78,52,0.000000
78,53,1.892547
78,64,-1.249046
78,65,-2.356194
78,82,-1.570796
78,86,-2.356194
78,89,0.785398
79,24,2.356194
79,25,0.785398
79,36,0.000000
79,37,3.141593
79,67,0.000000
79,79,0.785398
80,11,3.141593
80,23,-1.570796
80,26,-2.356194
80,39,0.000000
80,68,-1.570796
81,10,-1.570796
81,21,0.000000
81,22,0.000000
81,42,3.141593
81,56,2.819842
81,91,-2.356194
82,3,0.000000
82,4,-1.892547
82,9,3.141593
82,23,0.785398
82,24,2.356194
82,25,-0.785398
82,26,-1.570796
82,27,-2.356194
82,29,0.785398
82,36,0.000000
82,37,3.141593
82,45,0.785398
82,56,-1.570796
82,88,0.785398
83,23,-1.570796
83,39,0.785398
83,46,-2.356194
83,85,1.570796
84,2,-1.570796
84,7,0.000000
84,14,3.141593
84,22,-0.785398
84,30,0.000000
84,58,-2.356194
84,85,-0.321751
84,86,2.819842
85,12,1.570796
85,19,2.356194
85,34,0.000000
85,54,-1.570796
85,82,1.570796
85,90,1.570796
86,11,0.000000
86,29,0.000000
86,30,-2.356194
86,35,-1.570796
86,42,-2.356194
86,69,0.785398
86,82,-0.321751
86,83,2.819842
86,86,-0.321751
86,87,2.819842
86,90,-0.321751
86,91,2.819842
87,10,3.141593
87,17,3.141593
87,40,0.785398
87,52,-1.570796
87,69,-0.321751
87,70,2.819842
87,91,-2.356194
88,9,-1.570796
88,16,-1.570796
88,22,-0.785398
88,31,-1.570796
88,37,1.570796
88,41,-2.356194
88,50,0.785398
88,61,0.000000
88,62,3.141593
88,70,-2.356194
88,74,0.785398
88,83,-0.321751
88,84,2.819842
88,87,-0.321751
88,88,2.819842
88,91,-1.570796
89,15,-0.785398
89,34,0.785398
89,37,-0.321751
89,48,0.785398
89,51,-2.356194
90,8,-1.570796
90,35,1.570796
90,38,-1.249046
90,39,3.141593
90,42,0.785398
90,45,0.785398
90,49,-2.356194
90,80,1.570796
90,84,-0.321751
90,85,2.819842
90,88,-0.321751
90,89,2.819842
91,29,3.141593
91,36,3.141593
91,40,-2.356194
91,43,-2.356194
91,46,-2.356194
91,67,0.000000
91,68,3.141593
91,85,-1.570796
91,89,-2.356194
92,2,-1.570796
92,37,1.570796
92,54,0.785398
92,60,2.356194
92,86,1.570796
93,5,1.570796
93,22,0.000000
93,37,-0.321751
93,41,0.785398
93,44,0.785398
93,51,0.785398
93,59,-0.785398
93,62,-2.356194
93,82,1.570796
93,86,-0.321751
93,87,2.819842
93,91,3.141593
94,34,1.570796
94,39,2.819842
94,48,1.570796
94,59,-1.570796
94,70,1.570796
94,73,0.785398
94,82,-0.321751
94,83,2.819842
95,10,2.356194
95,15,1.570796
95,28,2.356194
95,63,0.785398
95,73,-0.321751
95,74,2.819842
95,83,-1.570796
95,87,-0.321751
95,88,2.819842
96,25,0.000000
96,31,0.785398
96,35,0.000000
96,39,-0.321751
96,40,2.819842
96,49,-2.356194
96,60,0.785398
96,74,-2.356194
96,88,-1.570796
97,3,-1.570796
97,9,-1.570796
97,36,-2.356194
97,40,-2.356194
97,43,-1.570796
97,74,-1.570796
97,78,-1.570796
97,81,0.785398
97,84,-1.570796
97,89,1.570796
98,13,0.000000
98,32,-1.570796
98,36,-1.570796
98,40,-1.570796
98,47,-2.356194
98,53,-1.570796
98,57,-1.570796
98,61,-1.570796
98,65,-2.356194
98,71,-1.570796
98,82,-2.356194
98,90,-2.356194
98,91,3.141593
