5,38,1.249046
5,39,2.356194
6,35,1.249046
6,36,2.356194
6,37,-0.785398
6,71,0.785398
6,72,1.570796
6,73,2.356194
6,76,0.785398
6,77,1.892547
7,33,1.249046
7,50,2.356194
7,61,1.892547
7,63,1.249046
7,64,3.141593
7,85,0.785398
8,26,1.249046
8,27,2.356194
8,48,0.321751
8,54,1.249046
8,77,-0.785398
8,86,-2.356194
9,33,-1.249046
9,35,3.141593
9,48,-0.785398
9,51,0.321751
9,61,-1.892547
10,11,1.249046
10,12,2.356194
10,35,-2.356194
10,48,2.356194
11,10,0.321751
11,35,0.785398
11,44,1.249046
11,46,1.570796
11,48,3.141593
11,51,0.000000
11,53,-1.892547
11,59,2.819842
12,10,-0.785398
12,22,0.321751
12,35,0.000000
12,37,1.892547
12,51,-0.785398
12,86,2.356194
13,39,0.785398
13,46,-1.570796
13,48,3.141593
13,56,0.321751
13,59,3.141593
13,83,1.570796
13,84,2.356194
13,85,-0.785398
13,86,-2.356194
14,22,-0.321751
14,35,-0.321751
14,59,-2.356194
14,67,0.785398
14,69,1.249046
14,73,-2.356194
14,74,0.785398
14,77,-2.356194
15,11,2.819842
15,48,-0.785398
15,49,-2.356194
15,53,0.785398
15,54,1.570796
15,56,3.141593
15,67,-0.321751
16,27,1.570796
16,28,2.356194
16,34,0.785398
16,47,1.570796
16,80,-0.785398
16,84,2.819842
17,7,0.321751
17,11,0.000000
17,25,-1.892547
17,39,0.785398
17,47,-2.819842
17,54,0.000000
17,56,-1.570796
17,57,-2.356194
17,58,-0.785398
17,68,-0.321751
17,70,-2.819842
17,74,0.321751
18,7,-1.570796
18,84,-2.819842
19,27,0.785398
19,31,1.249046
19,42,-1.892547
19,49,0.785398
19,60,-0.321751
19,72,1.892547
19,74,-0.785398
20,25,1.892547
20,39,-0.785398
20,40,-1.892547
20,48,3.141593
20,57,0.785398
20,58,1.892547
20,64,2.356194
20,68,-0.785398
20,76,-1.249046
21,44,0.000000
21,45,-1.892547
21,72,-1.892547
21,81,-1.249046
22,22,-0.785398
22,23,-1.570796
22,28,-1.249046
22,30,-1.892547
22,70,-0.785398
22,79,2.356194
22,88,1.570796
23,36,-1.570796
23,37,3.141593
23,55,1.249046
23,56,2.356194
23,77,1.249046
24,14,1.249046
24,24,0.321751
24,26,2.819842
24,38,0.785398
24,39,2.356194
24,42,-0.785398
24,45,2.356194
24,48,-2.356194
24,51,0.000000
24,68,1.892547
24,75,1.249046
25,12,1.249046
25,38,-0.785398
25,63,1.570796
25,71,2.819842
25,74,0.321751
25,85,0.321751
25,87,2.819842
26,10,1.249046
26,19,0.000000
26,20,1.570796
26,21,2.356194
26,23,-0.785398
26,28,1.249046
26,30,1.570796
26,31,2.356194
26,35,1.570796
26,38,2.356194
26,44,0.785398
26,53,-0.785398
26,64,-2.356194
26,77,3.141593
27,8,1.249046
27,12,-1.249046
27,13,3.141593
27,38,-2.356194
27,82,-1.570796
27,83,-2.356194
27,89,1.249046
28,14,0.785398
28,18,1.570796
28,24,0.321751
28,28,-1.249046
28,33,0.000000
28,42,1.249046
28,57,-2.356194
29,14,-0.785398
29,37,0.785398
29,48,-0.321751
29,54,0.321751
29,58,0.000000
29,62,2.356194
29,65,-0.785398
29,66,-1.570796
29,72,0.000000
29,91,-2.819842
30,14,2.356194
30,32,1.249046
30,34,-2.356194
30,37,-0.785398
30,46,1.892547
30,74,2.356194
30,77,0.321751
30,86,-2.356194
31,20,1.892547
31,22,1.249046
31,28,1.892547
31,48,-0.785398
31,49,-1.570796
31,53,-0.785398
31,54,-1.570796
31,55,-2.356194
31,58,-0.785398
31,61,-2.819842
32,11,-1.570796
32,16,3.141593
32,38,-2.356194
32,64,2.356194
32,65,0.785398
32,66,1.892547
32,87,1.249046
32,88,3.141593
33,31,-1.249046
33,40,-2.356194
33,91,2.356194
34,40,2.356194
34,58,0.000000
34,64,3.141593
34,91,-2.819842
35,6,0.321751
35,39,-0.785398
35,49,-0.785398
35,57,-0.785398
35,70,1.570796
35,75,-1.249046
35,84,-2.819842
36,13,-1.570796
36,22,-2.356194
36,29,2.356194
36,31,0.785398
36,60,-1.570796
36,72,1.570796
36,77,-1.249046
36,91,2.819842
37,23,0.000000
37,24,2.356194
37,53,1.570796
37,56,1.570796
37,59,-0.785398
37,65,-2.356194
37,84,1.570796
38,13,1.570796
38,39,0.785398
38,53,2.356194
38,63,-1.570796
38,68,0.000000
38,74,0.785398
38,86,1.892547
39,3,0.321751
39,19,-2.819842
39,23,0.000000
39,24,-1.570796
39,29,2.356194
39,37,-0.785398
39,40,-2.356194
39,46,1.570796
39,48,1.570796
39,51,0.000000
39,53,3.141593
39,56,-1.570796
39,61,0.000000
39,68,-1.570796
39,75,-2.356194
40,3,-0.785398
40,22,1.570796
40,31,-2.356194
40,34,-1.570796
40,43,1.570796
40,46,0.000000
40,53,-2.356194
40,67,0.785398
40,75,0.785398
41,16,-0.785398
41,18,-1.249046
41,19,3.141593
41,22,-2.819842
41,65,1.249046
41,66,3.141593
41,68,1.570796
41,70,1.570796
41,73,1.570796
41,89,2.819842
42,6,1.570796
42,12,2.356194
42,16,2.356194
42,32,2.819842
42,37,-0.785398
42,43,0.785398
42,45,2.356194
42,47,-0.321751
42,48,2.819842
42,53,-1.570796
42,63,1.249046
42,65,-1.892547
42,68,-0.321751
42,70,-2.819842
42,73,0.000000
42,86,-0.321751
43,3,0.785398
43,5,0.000000
43,16,-2.819842
43,26,-0.785398
43,32,-2.356194
43,43,0.000000
43,45,3.141593
43,48,-2.356194
43,84,1.892547
43,90,2.819842
44,3,0.000000
44,15,-1.892547
44,37,1.570796
44,43,-0.785398
44,45,-2.356194
44,59,1.249046
44,60,2.356194
44,61,-0.785398
44,62,-1.892547
44,66,1.249046
44,71,1.570796
44,73,3.141593
44,79,-1.570796
45,3,-0.785398
45,24,0.785398
45,27,2.819842
45,30,1.570796
45,32,2.356194
45,35,2.356194
45,37,-1.570796
45,43,0.785398
45,49,0.000000
45,50,1.570796
45,51,2.356194
45,52,3.141593
45,57,0.000000
45,58,-0.785398
45,59,-1.892547
45,65,0.000000
45,66,-1.892547
45,82,0.000000
45,90,3.141593
46,13,-2.819842
46,16,0.321751
46,27,-1.570796
46,30,0.000000
46,40,-1.570796
46,44,-2.356194
46,68,2.356194
46,71,-0.321751
46,74,3.141593
46,82,-0.785398
46,90,-2.356194
47,9,-1.570796
47,16,-1.570796
47,18,0.000000
47,22,2.819842
47,30,-0.785398
47,35,2.356194
47,60,1.249046
47,61,2.356194
47,67,0.000000
47,75,0.000000
47,90,2.356194
48,25,0.785398
48,41,1.570796
48,47,1.570796
48,58,1.249046
48,60,-1.892547
48,70,1.249046
48,90,-2.819842
49,5,1.249046
49,7,3.141593
49,10,0.321751
49,22,-2.819842
49,25,-0.321751
49,26,2.819842
49,28,0.785398
49,35,-1.249046
49,36,-2.356194
49,41,-1.570796
49,44,0.785398
49,57,-0.785398
49,58,-1.892547
49,64,2.356194
49,74,1.570796
49,75,3.141593
49,79,2.356194
50,10,-1.570796
50,14,1.570796
50,33,-2.356194
50,39,-2.356194
50,45,-2.356194
50,49,0.785398
50,62,1.249046
50,63,3.141593
50,67,0.785398
50,69,-1.892547
50,77,-1.570796
51,7,-1.570796
51,9,2.356194
51,14,-2.819842
51,26,0.000000
51,34,2.356194
51,50,-2.356194
51,60,1.249046
51,62,-1.892547
51,67,-1.570796
51,74,0.000000
51,81,-2.819842
51,90,2.819842
52,13,-1.570796
52,26,-0.785398
52,34,-2.819842
52,36,1.570796
52,50,0.785398
52,55,0.000000
52,56,3.141593
52,65,1.249046
52,66,3.141593
52,74,-1.570796
52,90,-2.356194
53,3,-0.785398
53,5,-1.249046
53,6,3.141593
53,10,3.141593
53,12,1.570796
53,15,0.321751
53,26,0.785398
53,31,-1.892547
53,44,1.570796
53,47,0.000000
53,48,3.141593
53,51,3.141593
53,53,2.356194
53,58,0.000000
53,59,-1.892547
53,63,1.249046
53,65,-1.892547
53,72,0.000000
53,73,2.356194
53,81,0.000000
53,82,1.570796
53,86,2.356194
54,15,-1.570796
54,18,0.785398
54,27,-2.356194
54,33,0.785398
54,57,-0.785398
54,68,0.000000
54,69,-1.892547
54,73,-2.356194
54,86,-2.356194
55,14,2.356194
55,17,0.785398
55,37,1.570796
55,45,-2.356194
55,60,-0.785398
55,63,-2.356194
55,75,1.249046
55,76,3.141593
55,86,0.785398
55,89,-0.321751
55,90,2.819842
56,21,2.819842
56,31,1.570796
56,32,3.141593
56,37,-0.785398
56,38,3.141593
56,47,0.000000
56,48,0.785398
56,49,1.570796
56,50,2.356194
56,53,3.141593
56,58,2.356194
56,65,1.249046
56,66,3.141593
56,78,-0.785398
56,80,1.570796
56,86,-0.321751
56,87,2.819842
56,90,-1.570796
57,9,0.321751
57,10,-2.819842
57,14,-2.819842
57,27,0.321751
57,56,0.000000
57,61,2.356194
57,69,1.249046
57,70,2.356194
57,77,3.141593
57,87,-2.356194
58,2,0.785398
58,12,0.321751
58,30,0.000000
58,33,2.356194
58,34,-0.785398
58,39,2.356194
58,49,0.785398
58,54,2.356194
58,65,-1.570796
58,87,0.785398
59,2,0.000000
59,7,1.249046
59,9,-2.356194
59,14,0.000000
59,23,2.819842
59,26,-0.785398
59,28,0.000000
59,29,2.356194
59,36,-1.249046
59,37,-2.356194
59,41,2.356194
59,50,-2.356194
59,62,2.356194
59,66,0.000000
59,67,-0.785398
59,68,-1.892547
59,77,0.000000
59,81,0.000000
60,2,-0.785398
60,5,0.785398
60,7,-1.892547
60,23,-2.356194
60,29,-1.570796
60,32,2.356194
60,44,0.785398
60,56,0.000000
60,61,-0.785398
60,64,1.249046
60,65,3.141593
60,71,1.249046
60,73,3.141593
60,91,-1.570796
61,5,-0.785398
61,9,0.321751
61,14,3.141593
61,16,-0.785398
61,30,0.785398
61,40,-1.249046
61,41,-2.356194
61,42,3.141593
61,59,2.356194
61,63,0.000000
61,67,2.356194
61,78,-0.321751
61,79,2.819842
61,82,-0.785398
61,89,0.785398
62,9,-1.570796
62,18,-1.570796
62,24,2.819842
62,27,0.785398
62,45,0.785398
62,57,0.785398
62,61,0.000000
62,66,3.141593
62,79,-1.570796
62,90,2.819842
63,3,0.000000
63,4,-0.785398
63,7,2.356194
63,12,-0.785398
63,19,0.785398
63,20,2.356194
63,24,-2.356194
63,28,0.000000
63,31,-2.356194
63,46,-2.356194
63,51,3.141593
63,59,2.819842
63,64,0.321751
63,68,0.000000
63,69,-2.356194
63,72,-1.570796
63,80,1.570796
63,88,3.141593
63,90,-2.356194
64,12,0.000000
64,19,-0.785398
64,22,-1.249046
64,23,-2.356194
64,33,0.321751
64,35,-2.356194
64,40,-2.356194
64,59,-2.356194
64,64,-0.785398
64,70,0.785398
64,71,3.141593
64,80,-0.321751
65,11,1.570796
65,13,0.000000
65,14,1.892547
65,33,-0.785398
65,38,0.785398
65,45,2.356194
65,48,0.000000
65,58,-0.785398
65,91,2.819842
66,2,0.785398
66,10,0.321751
66,11,-2.819842
66,16,0.785398
66,24,0.785398
66,39,0.000000
66,42,3.141593
66,61,3.141593
66,68,1.249046
66,91,-2.356194
67,2,0.000000
67,7,3.141593
67,19,2.819842
67,28,0.000000
67,29,-1.570796
67,30,3.141593
67,35,1.570796
67,36,2.356194
67,38,0.000000
67,44,2.356194
67,51,0.000000
67,56,1.570796
67,58,1.249046
67,59,3.141593
67,63,2.356194
67,67,0.000000
67,85,0.785398
67,87,0.000000
67,88,-2.356194
67,91,2.356194
68,8,0.785398
68,10,-1.570796
68,11,3.141593
68,14,-2.819842
68,16,0.321751
68,19,-1.570796
68,21,1.249046
68,22,2.356194
68,32,0.785398
68,40,3.141593
68,42,0.000000
68,43,-0.785398
68,44,-2.356194
68,47,0.000000
68,49,3.141593
68,61,1.249046
68,62,3.141593
68,66,1.570796
68,69,0.785398
68,85,0.000000
68,89,0.000000
68,91,-2.819842
69,2,0.000000
69,4,-1.892547
69,8,-1.570796
69,16,-1.570796
69,28,0.000000
69,29,1.892547
69,33,-1.249046
69,35,-2.356194
69,45,-2.356194
69,54,3.141593
69,59,0.785398
69,76,2.819842
69,79,2.356194
70,2,-0.785398
70,11,0.321751
70,15,2.356194
70,40,0.785398
70,47,0.000000
70,50,0.785398
70,82,0.785398
70,85,0.000000
70,90,2.356194
71,11,-1.570796
71,26,1.570796
71,32,1.570796
71,33,2.356194
71,41,-2.356194
71,43,0.785398
71,53,2.356194
71,54,3.141593
71,60,3.141593
71,66,-1.892547
71,76,-0.321751
71,80,2.819842
71,82,-0.321751
71,88,0.785398
71,90,3.141593
72,16,0.000000
72,17,1.570796
72,18,2.356194
72,19,0.785398
72,20,1.892547
72,24,1.892547
72,28,2.356194
72,29,0.000000
72,34,0.000000
72,35,1.892547
72,61,0.000000
72,68,0.000000
72,74,2.819842
72,77,-2.356194
72,80,-2.356194
72,85,-2.356194
73,32,2.356194
73,35,-1.249046
73,36,-2.356194
73,37,-0.785398
73,39,2.819842
73,56,-0.785398
73,57,-2.356194
73,68,-1.570796
73,74,-2.356194
73,83,-0.785398
73,86,0.785398
73,90,-2.819842
74,2,0.785398
74,13,2.356194
74,16,0.321751
74,17,-2.819842
74,19,0.321751
74,28,-2.356194
74,39,-2.356194
74,47,0.785398
74,48,1.570796
74,49,2.356194
74,54,-2.356194
74,59,1.249046
74,60,2.356194
74,62,3.141593
74,67,1.570796
74,71,0.785398
74,77,2.356194
74,86,-0.785398
75,2,0.000000
75,13,3.141593
75,16,-1.570796
75,19,-1.570796
75,32,-1.249046
75,33,-2.356194
75,37,3.141593
75,57,1.249046
75,59,-1.892547
75,64,1.249046
75,65,2.356194
75,67,3.141593
75,71,-0.321751
75,86,0.785398
75,89,3.141593
76,2,-0.785398
76,5,1.570796
76,8,-2.819842
76,13,-1.570796
76,15,1.570796
76,18,-0.785398
76,24,-0.785398
76,26,-1.249046
76,27,-2.356194
76,28,0.785398
76,29,2.356194
76,40,-0.785398
76,41,-1.892547
76,55,1.570796
76,64,-1.892547
76,67,-1.570796
77,5,0.000000
77,7,-1.892547
77,15,-2.819842
77,20,1.570796
77,24,2.356194
77,53,-1.892547
77,60,0.000000
77,61,-0.785398
77,62,-1.892547
77,68,0.785398
77,69,2.356194
77,74,-2.356194
77,89,3.141593
78,2,0.785398
78,10,3.141593
78,14,-0.785398
78,22,1.249046
78,24,-2.356194
78,31,2.356194
78,38,0.785398
78,39,1.570796
78,41,1.570796
78,42,2.356194
78,43,-0.785398
78,44,-1.570796
78,46,-1.570796
78,47,-2.356194
78,48,-0.785398
78,49,-1.892547
78,78,0.000000
78,80,-0.785398
78,81,-1.892547
78,89,-2.356194
79,2,0.000000
79,4,-0.785398
79,18,0.321751
79,54,-0.785398
79,63,0.000000
79,78,-0.785398
79,84,0.785398
80,9,-2.819842
80,13,1.570796
80,21,-0.785398
80,24,0.321751
80,41,-1.570796
80,42,3.141593
80,50,-0.785398
80,51,-1.570796
80,52,-2.356194
80,75,2.356194
80,85,3.141593
81,2,0.000000
81,12,0.321751
81,13,-2.819842
81,18,-2.356194
81,33,1.570796
81,35,1.570796
81,36,2.356194
81,37,0.785398
81,57,-2.356194
81,65,0.000000
81,66,2.356194
81,71,-0.785398
81,72,-1.570796
81,73,-2.356194
81,75,3.141593
81,82,1.570796
82,5,2.356194
82,6,-0.785398
82,7,-1.892547
82,16,-1.570796
82,19,0.000000
82,24,-1.570796
82,51,1.249046
82,52,2.356194
82,75,-1.570796
82,87,0.000000
82,88,2.356194
83,2,-0.321751
83,10,1.249046
83,15,1.570796
83,49,0.000000
83,50,-0.785398
83,59,1.249046
83,65,0.000000
83,66,-2.356194
83,76,2.356194
83,79,0.785398
83,88,-2.356194
84,18,1.249046
84,33,-1.249046
84,35,-1.570796
84,37,-1.570796
84,44,1.249046
84,52,1.570796
84,63,1.249046
84,64,3.141593
84,67,0.000000
84,72,0.785398
84,73,1.892547
84,79,-0.321751
84,80,2.819842
84,84,0.785398
84,85,1.892547
85,8,0.321751
85,17,0.321751
85,23,0.000000
85,42,1.570796
85,68,-2.356194
85,77,2.819842
85,80,-2.356194
86,8,-1.570796
86,13,-2.819842
86,21,2.356194
86,27,-0.785398
86,49,0.785398
86,50,1.570796
86,58,-1.892547
86,68,-1.570796
86,73,-0.785398
86,80,0.000000
86,82,0.000000
86,83,-1.570796
86,85,-1.892547
87,11,0.321751
87,16,0.321751
87,17,-2.819842
87,20,0.321751
87,21,-2.819842
87,27,2.356194
87,32,1.570796
87,33,2.356194
87,34,0.785398
87,35,1.892547
87,48,0.785398
87,77,-0.321751
87,79,3.141593
87,81,0.000000
88,6,1.570796
88,16,-1.570796
88,20,-1.570796
88,26,0.321751
88,37,0.785398
88,38,1.570796
88,40,-1.892547
88,87,0.321751
89,2,0.785398
89,5,0.000000
89,10,0.000000
89,15,1.570796
89,26,-1.570796
89,32,-2.819842
89,35,-1.570796
89,42,-0.785398
89,44,0.000000
89,45,1.570796
89,46,2.356194
89,47,-0.785398
89,53,-2.356194
89,71,-1.570796
89,74,0.785398
89,87,-0.785398
90,2,0.000000
90,14,0.000000
90,18,1.570796
90,22,0.785398
90,49,-2.356194
90,66,2.356194
90,69,1.570796
90,74,-0.321751
90,75,2.819842
90,82,0.785398
91,2,-0.785398
91,17,0.321751
91,18,-2.819842
91,24,3.141593
91,28,-1.570796
91,30,-0.785398
91,61,-1.570796
91,72,1.570796
91,75,-2.356194
91,78,-1.570796
91,87,2.356194
92,6,0.000000
92,12,-0.785398
92,17,-1.570796
92,20,0.000000
92,27,-0.785398
92,34,0.785398
92,69,-1.570796
92,72,-1.570796
92,82,-0.321751
92,87,-2.819842
93,23,2.356194
93,34,-0.321751
93,37,1.570796
93,65,0.785398
94,2,0.785398
94,22,0.321751
94,23,-2.819842
94,26,2.356194
94,29,1.570796
94,37,-2.819842
94,42,-1.570796
94,45,-1.570796
94,58,1.570796
94,63,1.570796
94,79,0.785398
95,2,-0.321751
95,10,2.356194
95,14,1.570796
95,18,2.356194
95,63,-1.570796
95,66,0.785398
95,70,1.570796
95,76,0.785398
95,88,1.570796
95,89,2.356194
96,9,-1.570796
96,17,1.570796
96,22,-2.819842
96,25,-1.570796
96,31,0.000000
96,32,3.141593
96,48,-1.570796
96,66,-0.321751
96,67,2.819842
96,70,-1.570796
96,76,-0.321751
97,8,-0.785398
97,11,0.785398
97,16,-0.785398
97,17,-2.356194
97,39,1.570796
97,52,-1.570796
97,67,-2.356194
97,77,-1.249046
97,78,-2.356194
97,81,-0.785398
97,91,-2.356194
98,12,-2.356194
98,19,-0.785398
98,20,-1.892547
98,27,-1.570796
98,35,-1.570796
98,39,-1.570796
98,56,-1.570796
98,58,-1.570796
98,67,-1.570796
98,83,-1.249046
98,85,-1.892547
