11,47,0.785398
11,48,1.892547
12,38,1.249046
12,39,3.141593
13,48,-0.785398
13,64,2.356194
13,69,0.785398
13,70,1.892547
14,33,0.000000
15,61,0.321751
15,70,-0.785398
17,59,1.249046
17,61,3.141593
18,14,2.356194
18,48,2.356194
18,61,-2.356194
19,48,3.141593
20,12,0.321751
20,46,-0.785398
21,12,-1.570796
21,28,-0.321751
21,33,2.819842
21,41,2.356194
21,48,3.141593
22,35,1.249046
22,55,-0.321751
22,57,-2.819842
23,29,-0.785398
23,41,2.819842
23,45,0.785398
23,46,1.570796
23,48,3.141593
25,32,-0.785398
25,50,1.892547
25,55,1.570796
25,62,2.819842
25,83,2.356194
26,20,0.785398
26,22,1.249046
26,24,1.570796
26,25,2.356194
26,29,2.356194
26,69,0.785398
27,10,0.321751
27,12,3.141593
27,20,0.000000
27,48,-0.321751
27,58,-0.785398
27,59,-1.892547
27,62,0.000000
27,64,1.892547
27,69,0.000000
27,77,1.892547
28,10,-0.785398
28,80,-0.785398
28,81,-1.892547
29,14,0.000000
29,15,1.570796
29,38,2.356194
29,46,1.892547
29,51,2.356194
29,61,-0.785398
29,72,-2.356194
29,73,0.785398
29,77,-1.892547
30,41,-0.321751
30,53,2.356194
30,54,-0.785398
30,55,-1.892547
31,17,-1.570796
31,18,3.141593
31,74,3.141593
32,23,-2.819842
32,55,1.249046
32,56,2.356194
32,61,0.785398
32,87,2.356194
33,10,2.356194
33,66,-0.785398
33,72,-1.249046
33,76,1.570796
33,78,1.570796
33,86,0.321751
34,45,-2.819842
34,55,-1.570796
34,70,3.141593
34,80,-2.356194
34,86,-0.785398
35,8,0.321751
35,17,1.892547
35,63,-1.570796
35,64,-2.356194
35,65,0.785398
35,66,1.892547
35,86,2.356194
36,8,-0.785398
36,12,0.000000
36,13,1.892547
36,42,-1.570796
36,45,0.785398
36,46,2.356194
36,47,-0.785398
36,58,-1.570796
36,80,2.356194
36,86,3.141593
37,41,1.570796
37,45,-0.785398
37,62,1.249046
37,63,2.356194
37,64,0.785398
37,86,-1.570796
37,90,2.356194
38,23,0.000000
38,27,-2.819842
38,33,1.570796
38,41,-2.819842
38,45,2.356194
38,51,0.785398
38,52,2.356194
38,53,-0.785398
38,56,-2.819842
38,67,-0.785398
38,68,-2.356194
38,82,2.356194
38,84,3.141593
38,87,1.570796
39,23,2.356194
39,25,0.321751
39,33,-2.819842
39,35,0.321751
39,36,-2.819842
39,44,0.000000
39,45,-2.356194
39,51,-0.785398
39,62,-2.356194
39,69,0.000000
39,74,3.141593
39,84,-1.570796
39,87,-0.321751
39,91,2.819842
40,28,0.321751
40,38,0.321751
40,43,3.141593
40,56,-2.356194
40,57,3.141593
40,62,0.785398
40,67,3.141593
40,72,0.000000
40,76,2.356194
40,82,2.819842
41,15,-0.785398
41,28,-1.570796
41,34,0.000000
41,63,-2.356194
41,69,0.000000
41,91,-2.819842
42,27,3.141593
42,31,0.000000
42,38,-2.819842
42,41,0.000000
42,45,0.321751
42,46,-2.819842
42,50,2.356194
42,68,1.570796
42,72,-0.785398
43,15,0.000000
43,31,-0.785398
43,45,-1.570796
43,49,0.321751
43,50,-2.819842
43,53,1.570796
43,57,1.570796
43,66,-2.356194
43,68,3.141593
43,90,-2.356194
44,11,1.249046
44,13,1.570796
44,14,3.141593
44,26,-2.356194
44,35,0.321751
44,49,-0.785398
44,53,-1.570796
44,57,-1.570796
44,68,-1.570796
45,7,0.321751
45,9,-2.356194
45,35,-0.785398
45,49,-1.570796
45,75,0.000000
46,7,-0.785398
46,11,-1.249046
46,13,-1.570796
46,14,3.141593
46,70,-2.356194
46,77,-0.785398
46,83,-1.570796
46,87,2.819842
46,89,-0.321751
46,90,2.819842
47,15,0.785398
47,17,-1.892547
47,44,-1.570796
47,62,0.000000
47,63,3.141593
47,78,1.570796
47,81,-1.570796
47,87,-1.570796
48,21,-1.570796
48,22,-2.356194
48,23,0.785398
48,24,2.356194
48,30,2.356194
48,78,-0.321751
48,79,2.819842
48,82,1.570796
48,90,-0.321751
48,91,2.819842
49,11,1.249046
49,13,1.570796
49,24,-2.356194
49,28,2.356194
49,30,3.141593
49,39,-1.570796
49,54,1.570796
49,75,-0.785398
49,79,-1.570796
49,82,-0.321751
49,85,-1.570796
49,91,-2.356194
50,7,0.785398
50,19,2.356194
50,27,-0.785398
50,30,-2.356194
50,50,1.570796
50,63,0.785398
50,68,0.000000
50,69,3.141593
50,80,2.356194
50,89,1.570796
51,7,0.000000
51,18,0.321751
51,23,0.785398
51,27,2.356194
51,30,0.785398
51,54,-1.570796
51,59,0.785398
51,64,-2.356194
51,78,0.000000
51,79,0.000000
51,81,2.356194
51,83,-0.321751
51,84,2.819842
51,86,0.785398
51,89,-0.321751
52,7,-0.785398
52,10,-1.249046
52,20,0.000000
52,21,1.892547
52,30,-0.785398
52,31,-2.356194
52,33,-0.785398
52,34,-1.570796
52,36,1.570796
52,37,2.356194
52,45,0.785398
52,46,1.892547
52,60,2.356194
52,69,0.000000
52,80,-0.785398
52,87,2.819842
52,90,-2.356194
53,14,0.785398
53,15,2.356194
53,16,0.785398
53,48,-0.785398
53,49,-1.570796
53,50,-2.356194
53,55,0.785398
53,56,1.570796
53,57,2.356194
53,59,-0.785398
53,65,0.785398
53,76,0.785398
53,87,-2.356194
54,14,-0.785398
54,19,-2.356194
54,20,-0.785398
54,31,1.892547
54,37,-2.356194
54,39,3.141593
54,46,-1.570796
54,72,-1.570796
54,90,0.785398
55,7,0.785398
55,11,1.249046
55,12,2.356194
55,14,2.356194
55,17,-0.785398
55,25,1.570796
55,27,-1.570796
55,34,3.141593
55,42,0.000000
55,44,0.785398
55,63,2.356194
55,66,-1.570796
55,78,-2.356194
55,80,0.785398
55,81,1.570796
55,91,2.819842
56,7,0.000000
56,21,-0.785398
56,31,-1.892547
56,36,0.000000
56,38,0.785398
56,39,1.892547
56,45,-1.249046
56,46,-2.356194
56,47,3.141593
56,50,0.785398
56,59,2.356194
56,75,-0.785398
56,91,-2.356194
57,7,-0.785398
57,11,-1.249046
57,13,-1.892547
57,19,3.141593
57,28,1.249046
57,29,3.141593
57,40,-2.356194
57,57,-0.785398
57,58,-1.892547
57,78,2.356194
57,86,-0.321751
58,21,1.570796
58,28,-1.892547
58,38,0.000000
58,42,0.000000
58,43,3.141593
58,65,0.000000
58,74,0.000000
58,76,-0.785398
58,77,-1.892547
58,82,1.570796
58,84,-1.570796
59,18,-2.819842
59,23,0.321751
59,31,2.356194
59,32,3.141593
59,36,1.570796
59,40,0.785398
59,48,0.000000
59,49,3.141593
59,60,0.000000
59,61,3.141593
59,71,0.000000
59,72,3.141593
59,82,-1.570796
59,90,-2.356194
60,15,-2.356194
60,23,-0.785398
60,30,-0.785398
60,35,0.000000
60,41,-1.249046
60,42,-2.356194
60,43,0.785398
60,44,1.892547
60,67,0.000000
60,69,3.141593
60,76,0.000000
60,85,1.570796
60,90,2.356194
61,17,-2.819842
61,25,0.785398
61,30,-1.570796
61,33,0.000000
61,38,1.570796
61,44,-1.249046
61,45,-2.356194
61,46,3.141593
61,63,0.000000
61,64,3.141593
61,72,0.000000
61,73,3.141593
61,83,1.570796
61,85,0.785398
61,88,0.785398
62,20,2.356194
62,26,0.000000
62,51,0.000000
62,54,3.141593
62,69,3.141593
62,78,0.785398
62,83,0.785398
62,86,2.819842
62,88,-0.785398
62,91,2.819842
63,16,-2.819842
63,19,0.321751
63,22,1.570796
63,37,-0.785398
63,66,-0.785398
63,71,0.000000
63,72,0.785398
63,76,1.570796
63,78,-0.321751
63,79,2.819842
63,86,-2.356194
63,91,-2.356194
64,9,1.249046
64,10,3.141593
64,13,-1.249046
64,15,-1.892547
64,22,-2.819842
64,28,1.570796
64,34,2.356194
64,48,0.785398
64,57,0.785398
64,69,0.785398
64,73,-2.356194
64,89,1.570796
64,91,2.356194
65,18,0.321751
65,19,-2.819842
65,21,-0.785398
65,25,2.356194
65,30,1.570796
65,58,-2.356194
65,65,0.000000
65,66,3.141593
65,73,0.785398
65,79,-0.321751
65,86,2.356194
65,89,0.000000
66,8,-0.785398
66,18,-0.785398
66,24,0.321751
66,27,1.570796
66,33,2.356194
66,35,1.570796
66,38,2.356194
66,56,0.785398
66,61,0.000000
66,62,3.141593
66,68,1.570796
66,73,-0.321751
66,74,2.819842
66,80,-2.356194
66,83,0.000000
66,86,3.141593
66,89,-0.785398
67,27,-2.819842
67,32,0.321751
67,33,-2.819842
67,37,0.785398
67,43,0.785398
67,52,-2.356194
67,58,3.141593
67,68,-1.570796
67,71,0.785398
67,74,-2.356194
67,77,0.785398
67,80,0.785398
67,83,-0.785398
68,16,1.570796
68,17,3.141593
68,23,0.321751
68,24,-2.819842
68,26,-0.785398
68,32,-0.785398
68,37,0.000000
68,44,-2.356194
68,55,0.785398
68,60,0.000000
68,71,-0.321751
68,72,2.819842
68,77,-0.321751
68,78,2.819842
68,80,-0.321751
68,81,2.819842
68,90,2.819842
69,8,0.785398
69,23,-0.785398
69,26,2.356194
69,29,2.356194
69,35,-1.570796
69,37,-0.785398
69,40,1.570796
69,51,0.785398
69,62,1.570796
69,69,1.570796
69,72,-2.356194
69,78,-2.356194
69,81,-2.356194
69,84,0.000000
70,8,-0.321751
70,10,2.356194
70,13,-0.785398
70,14,-1.570796
70,25,0.321751
70,26,-2.819842
70,28,0.321751
70,29,-2.819842
70,32,2.356194
70,41,2.819842
70,58,-2.356194
70,62,-0.321751
70,63,2.819842
70,78,0.785398
70,84,0.785398
70,86,0.000000
70,90,-2.819842
71,25,-0.785398
71,28,-0.785398
71,31,0.321751
71,32,-2.819842
71,54,-2.356194
71,63,-2.356194
71,66,1.570796
71,78,-0.321751
71,79,2.819842
71,84,-0.321751
72,31,-0.785398
72,37,-1.570796
72,41,0.000000
72,57,1.570796
72,82,0.785398
72,85,-2.356194
72,87,-0.321751
72,90,2.819842
73,34,1.570796
73,41,-0.785398
73,60,1.570796
73,72,1.570796
73,76,0.785398
73,79,-0.321751
73,80,2.819842
73,82,-0.321751
73,83,2.819842
73,85,0.785398
73,90,-2.356194
74,37,1.570796
74,46,1.570796
74,50,0.000000
74,57,-1.570796
74,66,0.785398
74,72,-1.570796
74,77,2.819842
74,80,-2.356194
74,83,-2.356194
74,85,-0.321751
74,86,2.819842
74,88,0.785398
74,90,2.356194
75,28,2.356194
75,46,0.000000
75,55,1.570796
75,66,-0.321751
75,67,2.819842
75,70,-1.570796
75,75,0.000000
75,83,-1.570796
75,86,-2.356194
75,88,-0.321751
75,90,-2.819842
76,18,2.356194
76,21,0.785398
76,24,2.356194
76,28,3.141593
76,41,-1.570796
76,43,0.785398
76,46,-0.785398
76,52,-1.570796
76,78,2.819842
76,81,1.570796
77,18,-2.819842
77,21,0.000000
77,24,-2.819842
77,26,-0.785398
77,28,-2.356194
77,31,2.356194
77,44,-2.356194
77,49,-1.570796
77,58,1.570796
77,64,-1.570796
77,67,-0.321751
77,68,2.819842
77,71,1.570796
77,76,0.000000
77,78,-1.570796
77,81,-0.321751
77,82,2.819842
78,21,-0.785398
78,28,-1.570796
78,30,0.321751
78,31,-2.819842
78,46,-1.570796
78,55,-1.570796
78,68,-2.356194
78,76,-1.570796
78,84,0.785398
78,85,1.892547
78,87,2.356194
79,13,1.249046
79,15,-1.570796
79,30,-0.785398
79,39,-1.570796
79,50,1.570796
79,58,-1.570796
79,65,1.570796
79,68,0.785398
79,74,1.570796
79,79,0.785398
79,82,-0.321751
80,23,0.785398
80,53,1.570796
80,56,1.570796
80,68,-0.321751
80,69,2.819842
80,79,-0.321751
80,80,2.819842
80,90,0.785398
81,9,0.785398
81,23,0.000000
81,25,-0.785398
81,27,2.819842
81,30,-1.570796
81,36,-1.570796
81,44,1.570796
81,47,1.570796
81,53,-1.570796
81,69,-2.356194
81,83,0.000000
81,86,-2.356194
81,91,2.819842
82,9,-0.321751
82,23,-0.785398
82,27,-2.356194
82,50,-1.570796
82,60,1.570796
82,62,0.785398
82,69,0.785398
82,78,1.570796
82,80,-0.321751
82,81,2.819842
82,89,0.000000
82,91,-2.356194
83,37,1.570796
83,42,1.570796
83,47,0.785398
83,54,1.570796
83,62,-0.321751
83,63,2.819842
83,69,-0.321751
83,70,2.819842
83,81,-1.570796
83,89,2.356194
84,20,2.356194
84,23,0.785398
84,30,1.570796
84,32,1.570796
84,44,-1.570796
84,47,-0.321751
84,48,2.819842
84,51,1.570796
84,70,-2.356194
85,20,-2.819842
85,23,0.000000
85,25,3.141593
85,48,-2.356194
85,54,-1.570796
85,57,0.785398
85,60,-1.570796
85,63,-0.321751
85,64,2.819842
85,70,0.785398
85,79,0.785398
85,85,-0.321751
86,23,-0.785398
86,45,1.570796
86,57,-0.321751
86,58,2.819842
86,64,-2.356194
86,67,0.785398
86,70,-0.321751
86,71,2.819842
86,73,0.785398
86,76,0.785398
86,79,-0.321751
86,80,2.819842
86,82,-0.321751
86,83,2.819842
87,40,1.570796
87,42,0.785398
87,55,1.570796
87,58,-2.356194
87,67,-0.321751
87,68,2.819842
87,71,-2.356194
87,73,-0.321751
87,74,2.819842
87,76,-0.321751
87,77,2.819842
87,80,-2.356194
87,86,-0.321751
88,42,-0.321751
88,43,2.819842
88,45,0.785398
88,55,0.785398
88,58,0.785398
88,62,1.570796
88,68,-2.356194
88,71,0.785398
88,83,-0.321751
88,84,2.819842
88,90,2.819842
89,32,0.785398
89,43,-2.356194
89,45,-0.321751
89,46,2.819842
89,49,1.570796
89,55,-0.321751
89,56,2.819842
89,58,-0.321751
89,59,2.819842
89,71,-0.321751
89,77,-0.321751
89,78,2.819842
89,87,-0.321751
89,90,-2.356194
90,32,-0.321751
90,33,2.819842
90,46,-2.356194
90,49,-0.321751
90,50,2.819842
90,56,-2.356194
90,59,-2.356194
90,62,0.785398
90,68,0.785398
90,75,2.819842
90,78,-2.356194
90,84,-0.321751
90,85,2.819842
90,90,2.356194
91,13,-0.785398
91,33,-2.356194
91,43,0.785398
91,46,0.785398
91,50,-2.356194
91,53,1.570796
91,56,0.785398
91,62,-0.321751
91,63,2.819842
91,66,1.570796
91,69,2.819842
91,72,0.785398
91,75,-1.570796
91,85,-2.356194
91,90,3.141593
92,43,-0.321751
92,44,2.819842
92,46,-0.321751
92,47,2.819842
92,50,0.785398
92,53,-0.321751
92,54,2.819842
92,56,-0.321751
92,57,2.819842
92,59,0.785398
92,63,-2.356194
92,66,-0.321751
92,72,-0.321751
92,73,2.819842
92,90,-2.356194
93,30,0.785398
93,33,2.356194
93,38,0.785398
93,44,-2.356194
93,47,-2.356194
93,50,-0.321751
93,51,2.819842
93,54,-2.356194
93,60,2.819842
93,67,-2.356194
93,69,-0.321751
93,76,0.785398
93,83,0.785398
93,86,2.819842
94,23,2.356194
94,30,0.000000
94,33,3.141593
94,38,-0.321751
94,39,2.819842
94,41,0.785398
94,47,0.785398
94,51,-2.356194
94,57,-0.321751
94,60,-1.570796
94,67,0.785398
94,74,2.819842
94,76,-0.321751
94,77,2.819842
94,86,-2.356194
95,23,3.141593
95,27,0.785398
95,33,-2.356194
95,39,-2.356194
95,41,-0.321751
95,42,2.819842
95,47,-0.321751
95,48,2.819842
95,51,0.785398
95,58,-2.356194
95,64,0.785398
95,67,-0.321751
95,68,2.819842
96,23,-1.570796
96,27,-0.785398
96,28,-2.356194
96,29,-0.785398
96,31,2.819842
96,42,-2.356194
96,48,-2.356194
96,51,-0.321751
96,52,2.819842
96,64,-0.321751
96,65,2.819842
96,68,-2.356194
96,78,2.819842
96,81,0.000000
96,86,-1.570796
96,87,-2.356194
97,31,-2.356194
97,39,-1.570796
97,48,-1.570796
97,52,-2.356194
97,58,-1.570796
97,61,-1.570796
97,65,-2.356194
97,68,-1.570796
97,73,-2.356194
97,82,-1.249046
97,84,-1.892547
98,31,-1.570796
98,33,-1.570796
98,36,-1.570796
98,42,-1.570796
98,45,-1.570796
98,52,-1.570796
98,55,-1.570796
98,65,-1.570796
98,76,-1.249046
