6,34,1.249046
6,35,2.356194
6,46,0.785398
6,47,1.570796
6,48,2.356194
6,62,3.141593
7,71,2.356194
8,29,1.249046
8,30,2.356194
8,32,-0.785398
8,47,2.356194
8,57,1.570796
9,59,1.570796
9,63,-2.356194
9,82,1.570796
10,19,1.249046
10,20,2.356194
10,27,-0.785398
10,55,1.570796
10,65,0.785398
11,44,0.321751
11,62,-1.249046
12,30,0.785398
12,37,0.785398
12,39,1.570796
12,40,2.356194
12,52,0.000000
12,60,2.819842
12,73,-2.356194
12,78,1.570796
12,79,2.356194
12,80,-0.785398
12,81,-1.892547
13,41,0.785398
13,42,2.356194
13,49,-1.249046
13,58,-1.570796
13,60,-1.570796
13,71,-0.321751
14,41,-0.785398
14,52,2.819842
14,55,-1.249046
14,57,2.356194
14,68,2.819842
14,72,-1.570796
14,78,-2.819842
15,39,3.141593
15,47,-1.249046
15,48,3.141593
15,52,-2.356194
15,63,0.785398
16,30,-0.785398
16,35,-2.356194
16,36,-0.785398
16,37,-1.892547
16,40,-0.785398
16,41,-1.570796
16,42,-2.356194
16,43,0.785398
16,50,0.785398
16,57,-0.785398
16,59,1.892547
16,68,-0.785398
16,70,1.892547
16,78,2.819842
17,44,-1.249046
17,46,1.892547
17,51,-1.249046
17,53,1.892547
17,56,1.570796
17,67,1.570796
18,30,0.785398
18,46,-1.249046
18,47,-2.356194
18,48,0.785398
18,49,1.892547
18,55,-0.785398
18,56,-2.356194
18,60,-1.249046
18,71,-1.249046
18,72,3.141593
19,26,1.892547
19,35,0.785398
19,36,1.570796
19,37,2.356194
19,49,-1.249046
19,51,1.892547
19,80,1.892547
20,9,0.321751
20,19,1.249046
20,21,1.892547
20,28,1.570796
20,30,-1.892547
20,51,-1.249046
20,58,1.570796
20,62,-0.785398
20,70,1.892547
20,78,-0.785398
21,9,-1.570796
21,14,1.249046
21,26,-1.892547
21,36,2.356194
21,49,3.141593
21,53,-1.249046
21,54,3.141593
21,59,2.819842
21,75,1.570796
21,84,1.892547
21,86,2.356194
22,13,0.321751
22,28,0.785398
22,34,-2.356194
22,38,1.249046
22,39,2.356194
22,42,0.785398
22,43,1.892547
22,56,0.785398
22,59,-2.356194
22,64,1.570796
22,68,2.819842
22,75,-0.321751
22,76,2.819842
22,86,-2.356194
23,28,0.000000
23,46,0.785398
23,76,-2.356194
23,84,-1.892547
24,38,-1.249046
24,39,-2.356194
24,58,-1.249046
24,59,3.141593
24,66,-2.356194
24,70,1.892547
24,74,2.819842
24,76,0.785398
24,80,0.000000
24,81,-1.892547
25,15,-1.570796
25,19,0.000000
25,23,0.321751
25,30,1.892547
25,36,3.141593
25,43,-1.249046
25,44,-2.356194
25,46,-0.785398
25,47,-1.570796
25,48,-2.356194
25,52,0.785398
25,70,-1.249046
25,71,3.141593
25,78,2.356194
26,16,1.570796
26,18,1.570796
26,23,-1.570796
26,53,-2.356194
26,68,0.785398
26,72,1.570796
26,87,2.356194
27,11,1.570796
27,13,1.570796
27,14,2.356194
27,18,-2.356194
27,21,0.785398
27,22,3.141593
27,27,-2.819842
27,34,1.570796
27,36,-1.570796
27,37,-2.356194
27,40,0.785398
27,41,1.570796
27,42,2.356194
27,63,0.000000
27,66,3.141593
27,68,-0.321751
27,77,-1.570796
27,78,3.141593
27,87,3.141593
28,6,0.321751
28,30,-0.785398
28,32,-1.892547
28,45,0.785398
28,46,1.892547
28,63,-0.785398
28,70,2.819842
29,6,-0.785398
29,9,0.000000
29,23,2.356194
29,28,1.570796
29,29,3.141593
29,41,2.356194
29,55,-2.356194
29,59,0.785398
29,63,0.785398
29,70,-2.356194
29,74,2.356194
29,80,1.570796
29,87,-2.356194
30,9,-0.785398
30,33,-0.785398
30,34,-1.570796
30,35,-2.356194
30,40,-0.785398
30,63,-0.785398
30,65,2.356194
30,67,0.000000
30,68,1.892547
30,70,0.000000
30,80,0.000000
30,82,2.356194
31,17,1.570796
31,22,-2.819842
31,25,0.321751
31,30,2.356194
31,46,0.321751
31,62,0.000000
31,65,-1.570796
31,71,0.000000
31,72,-0.785398
31,73,-1.892547
31,77,3.141593
31,80,-0.785398
31,82,-1.570796
31,85,3.141593
32,11,0.000000
32,12,1.570796
32,13,2.356194
32,14,-0.785398
32,25,-0.785398
32,29,-1.892547
32,36,0.785398
32,37,1.892547
32,54,1.570796
32,85,-2.356194
33,33,0.785398
33,34,2.356194
33,46,3.141593
33,54,-0.785398
33,83,-0.321751
33,88,2.356194
34,6,2.356194
34,18,3.141593
34,21,-0.785398
34,22,3.141593
34,30,1.249046
34,31,2.356194
34,37,-1.570796
34,46,-2.356194
34,53,0.785398
34,56,-1.570796
34,78,1.570796
34,81,0.785398
34,86,0.785398
34,88,-2.819842
35,5,0.321751
35,9,1.249046
35,10,2.356194
35,12,2.356194
35,16,-0.785398
35,19,0.785398
35,20,3.141593
35,23,0.000000
35,24,1.570796
35,53,-0.321751
35,54,2.819842
35,57,-2.356194
35,81,-0.321751
35,82,2.819842
36,5,-0.785398
36,19,-0.785398
36,33,0.000000
36,34,-1.892547
36,54,-2.356194
36,62,-1.570796
36,69,1.570796
36,82,-1.570796
36,87,-1.570796
36,88,3.141593
37,9,-1.249046
37,14,1.570796
37,15,3.141593
37,27,0.321751
37,36,-0.785398
37,44,0.785398
37,69,0.785398
37,77,0.321751
37,79,2.819842
37,83,0.000000
38,19,-1.570796
38,22,1.570796
38,27,-1.570796
38,31,0.785398
38,48,3.141593
38,69,-0.785398
38,70,-2.356194
38,71,3.141593
38,77,-0.785398
38,79,-1.570796
39,14,2.356194
39,21,0.321751
39,22,-2.819842
39,34,1.249046
39,35,3.141593
39,45,-0.785398
39,53,0.785398
39,68,3.141593
40,10,0.321751
40,14,-2.819842
40,21,-0.785398
40,40,0.000000
40,41,3.141593
40,53,-0.321751
40,67,-1.570796
40,80,0.785398
41,17,1.570796
41,21,2.356194
41,32,0.321751
41,54,-1.249046
41,55,-2.356194
41,56,3.141593
41,65,1.249046
41,66,3.141593
41,80,-0.321751
41,81,2.819842
42,8,1.249046
42,10,-1.570796
42,11,3.141593
42,13,2.356194
42,17,2.356194
42,20,0.321751
42,21,-2.819842
42,28,0.785398
42,32,-1.570796
42,61,0.000000
42,64,-0.785398
42,65,-1.892547
42,81,-2.356194
43,5,0.785398
43,7,0.000000
43,8,-1.892547
43,13,-2.819842
43,16,0.321751
43,17,-2.819842
43,20,-0.785398
43,28,-0.785398
43,29,-2.356194
43,30,0.785398
43,31,2.356194
43,35,0.000000
43,87,0.000000
43,88,2.356194
44,5,0.000000
44,12,-0.785398
44,16,-1.570796
44,31,-2.356194
44,75,3.141593
44,88,-2.356194
45,5,-0.785398
45,19,0.321751
45,22,2.356194
45,88,2.356194
46,19,-0.785398
46,22,-2.356194
46,37,2.356194
46,71,3.141593
46,82,0.785398
46,84,0.785398
46,85,1.570796
46,86,2.356194
46,87,-0.785398
46,88,-2.356194
47,33,0.000000
47,46,1.570796
47,52,0.000000
47,57,0.785398
47,70,-0.785398
47,82,-0.321751
48,46,-0.321751
48,58,-2.356194
49,18,0.785398
49,40,0.785398
49,48,2.819842
49,70,2.356194
49,74,0.000000
49,75,0.785398
49,83,-0.785398
50,5,0.785398
50,18,0.000000
50,20,0.785398
50,21,2.356194
50,46,0.785398
50,66,0.000000
50,70,3.141593
51,5,0.000000
51,10,0.785398
51,11,2.356194
51,18,-0.785398
51,21,-2.356194
51,49,2.819842
51,58,-1.570796
51,70,-1.570796
51,76,-0.321751
51,77,2.819842
52,5,-0.785398
52,11,-2.356194
52,21,0.785398
52,25,2.356194
52,49,-1.570796
52,71,0.000000
52,77,-2.356194
52,80,0.785398
53,21,0.000000
53,25,3.141593
53,31,-0.785398
53,42,-1.570796
53,72,-1.570796
53,77,2.356194
53,80,-0.321751
53,81,2.819842
54,21,-0.785398
54,25,-2.356194
54,51,0.000000
54,73,0.000000
54,74,1.570796
54,84,0.785398
55,11,2.356194
55,50,-0.785398
55,54,-2.356194
55,81,-0.321751
55,85,2.819842
56,11,3.141593
56,28,0.785398
56,75,-2.356194
56,79,-2.356194
57,28,0.000000
57,31,0.785398
57,61,3.141593
57,83,-1.249046
57,85,-2.356194
57,88,1.570796
58,6,0.000000
58,7,1.570796
58,9,-1.570796
58,28,-0.785398
58,32,-2.356194
58,66,1.249046
58,67,2.356194
58,73,-2.356194
58,80,1.570796
58,86,0.000000
58,88,-2.819842
59,59,-1.570796
59,65,0.321751
59,81,3.141593
60,65,-0.785398
61,36,-0.321751
61,37,2.819842
61,44,0.785398
61,50,0.000000
61,51,3.141593
61,54,0.000000
61,55,0.785398
61,65,-1.570796
61,83,2.356194
62,22,0.000000
62,25,0.785398
62,37,-1.570796
62,45,-2.356194
62,56,-1.570796
62,79,2.356194
62,81,0.785398
62,87,2.356194
63,26,2.819842
63,38,1.570796
63,74,-0.785398
63,84,-2.356194
63,87,3.141593
64,7,0.785398
64,15,2.356194
64,18,0.785398
64,23,-0.321751
64,26,-2.356194
64,39,3.141593
64,77,0.785398
64,87,-2.356194
65,7,0.000000
65,15,3.141593
65,18,0.000000
65,20,0.785398
65,24,-2.356194
65,26,0.785398
65,31,1.570796
65,58,1.570796
65,68,1.570796
65,79,-1.892547
66,7,-0.785398
66,15,-2.356194
66,18,-0.785398
66,21,-2.356194
66,24,0.785398
66,26,-0.785398
66,27,3.141593
66,31,-0.321751
66,32,2.819842
66,36,1.570796
66,58,0.000000
66,61,3.141593
66,81,0.321751
66,82,-2.819842
67,15,2.356194
67,24,0.000000
67,28,1.570796
67,32,-1.570796
67,36,0.000000
67,44,3.141593
67,49,-1.570796
67,58,-1.570796
67,71,1.570796
67,81,-0.785398
68,6,0.321751
68,9,1.570796
68,10,2.356194
68,15,3.141593
68,28,-0.321751
68,29,2.819842
68,36,-1.570796
69,6,-0.785398
69,19,2.356194
69,22,0.000000
69,25,3.141593
69,29,-1.570796
69,34,0.785398
69,35,3.141593
69,57,0.785398
69,71,0.785398
69,74,1.249046
69,75,2.356194
69,76,0.785398
70,15,-0.321751
70,17,2.356194
70,19,3.141593
70,26,1.570796
70,30,1.570796
70,34,-0.785398
70,40,1.570796
70,57,-0.785398
70,58,3.141593
70,68,1.570796
70,77,-2.356194
70,87,2.356194
71,19,-1.570796
71,26,-0.321751
71,27,2.819842
71,30,-0.321751
71,31,2.819842
71,35,0.000000
71,36,1.892547
71,41,-2.356194
71,42,0.785398
71,43,1.892547
71,48,0.000000
71,49,3.141593
71,68,0.000000
71,70,-0.785398
71,71,-1.892547
71,74,-2.356194
71,85,1.570796
71,87,3.141593
72,31,-1.570796
72,43,-1.249046
72,44,-2.356194
72,45,3.141593
72,68,-0.785398
72,77,-1.570796
73,24,1.570796
73,27,-0.321751
73,28,2.819842
73,37,-1.249046
73,38,3.141593
73,59,2.356194
73,68,-1.570796
73,74,0.785398
74,21,1.570796
74,24,-0.321751
74,33,1.570796
74,59,-2.819842
74,74,0.000000
74,76,0.785398
75,13,2.356194
75,21,-0.321751
75,22,2.819842
75,25,-1.249046
75,26,3.141593
75,28,-0.785398
75,29,3.141593
75,34,3.141593
75,41,0.785398
75,42,1.892547
75,45,2.356194
75,74,-0.785398
75,77,-2.356194
75,80,0.785398
75,83,-0.785398
76,22,-2.356194
76,27,0.000000
76,35,0.000000
76,36,1.892547
76,42,-1.249046
76,43,-2.356194
76,52,-0.785398
76,58,-2.356194
76,80,-0.321751
76,81,2.819842
76,85,3.141593
77,10,3.141593
77,14,2.819842
77,31,1.570796
77,58,-1.570796
77,63,1.570796
77,71,2.356194
77,81,-2.356194
78,14,-2.356194
78,31,-0.321751
78,37,-1.249046
78,38,-2.356194
78,85,3.141593
79,10,2.819842
79,14,0.785398
79,23,0.000000
79,28,1.570796
79,33,2.819842
79,35,0.785398
79,41,0.785398
79,42,1.570796
79,43,2.356194
79,48,3.141593
79,53,3.141593
79,63,-1.570796
79,82,0.000000
80,24,-1.570796
80,28,-0.321751
80,33,-1.570796
80,36,2.356194
80,52,-0.785398
80,59,2.356194
80,72,1.570796
80,83,-1.249046
80,86,2.819842
81,12,1.249046
81,25,0.000000
81,34,0.000000
81,42,2.356194
81,49,3.141593
81,54,2.356194
81,55,3.141593
81,69,0.785398
82,8,-0.785398
82,10,-1.249046
82,12,-1.892547
82,26,-1.570796
82,30,-1.249046
82,31,-2.356194
82,32,0.785398
82,33,2.356194
82,36,-1.249046
82,37,-2.356194
82,47,-0.785398
82,72,2.356194
83,16,2.356194
83,42,-1.249046
83,43,-2.356194
83,44,3.141593
83,51,0.000000
83,52,-1.892547
83,59,-2.356194
83,68,-1.570796
83,71,-0.785398
84,7,1.570796
84,23,1.570796
84,34,3.141593
84,48,0.000000
85,23,-0.321751
85,29,1.570796
85,35,0.000000
85,36,1.892547
85,54,1.249046
85,55,2.356194
85,70,1.570796
85,79,0.321751
86,9,2.356194
86,13,-0.785398
86,14,-1.570796
86,20,0.785398
86,30,3.141593
86,36,-1.249046
86,37,-2.356194
86,38,0.785398
86,39,1.570796
86,40,2.356194
86,41,3.141593
86,44,0.000000
86,45,3.141593
86,52,0.000000
86,53,-0.785398
86,57,2.356194
86,58,3.141593
86,76,-1.570796
87,21,0.000000
87,48,0.000000
87,50,3.141593
87,68,0.000000
87,79,-0.321751
87,83,-1.249046
88,7,-1.892547
88,18,0.000000
88,26,-1.249046
88,28,1.892547
88,33,0.000000
88,39,0.785398
89,15,1.570796
89,16,2.356194
89,19,1.570796
89,23,3.141593
89,29,2.819842
89,34,-2.356194
89,40,-2.356194
89,43,0.785398
89,44,1.570796
89,45,2.356194
89,46,3.141593
89,53,-0.785398
89,54,-1.892547
89,72,3.141593
89,77,1.249046
89,80,-2.819842
90,20,2.819842
90,25,3.141593
90,29,-1.570796
90,49,0.000000
90,75,0.785398
90,86,-0.321751
91,8,0.321751
91,10,-2.356194
91,12,-0.785398
91,13,-1.570796
91,20,-2.356194
91,32,3.141593
91,34,0.785398
91,44,-0.785398
91,45,-2.356194
91,47,3.141593
91,68,1.249046
91,69,3.141593
91,79,-2.356194
91,89,2.819842
92,8,-1.570796
92,27,0.785398
92,28,1.892547
92,35,-2.356194
92,36,3.141593
92,38,0.000000
92,53,3.141593
92,67,0.000000
92,68,-1.892547
92,72,0.000000
92,73,-0.785398
92,74,-1.570796
93,20,2.356194
93,23,0.785398
93,26,0.785398
93,51,-0.785398
93,56,2.356194
93,77,-2.356194
93,87,0.000000
94,15,-0.321751
94,20,-2.819842
94,24,1.570796
94,44,3.141593
94,49,1.570796
94,54,1.249046
94,55,3.141593
94,65,-0.785398
94,68,1.570796
94,84,1.570796
94,87,-1.570796
95,24,0.000000
95,32,2.356194
95,41,0.000000
95,53,-0.785398
95,54,-1.892547
95,78,2.819842
95,84,0.000000
95,86,2.356194
96,18,-1.892547
96,24,-1.570796
96,26,-1.249046
96,27,-2.356194
96,35,3.141593
96,51,-0.785398
96,66,0.000000
96,74,0.785398
97,29,-1.249046
97,49,-1.570796
97,56,1.249046
97,57,2.356194
97,78,-1.570796
97,79,-2.356194
97,83,-0.785398
97,84,-1.570796
98,7,-1.570796
98,31,-1.249046
98,32,-2.356194
98,33,3.141593
98,35,0.000000
98,38,3.141593
98,41,0.000000
98,42,3.141593
98,51,0.000000
98,52,3.141593
98,54,0.000000
98,55,-0.785398
98,56,-1.892547
98,64,3.141593
98,68,0.000000
98,73,0.000000
98,74,-0.785398
98,75,-1.892547
