8,38,0.785398
8,39,1.570796
8,40,2.356194
8,53,1.249046
8,54,2.356194
8,63,0.785398
8,64,1.892547
9,25,0.785398
9,26,2.356194
9,51,0.000000
10,18,1.249046
10,19,3.141593
10,26,-1.570796
11,74,1.570796
12,54,1.249046
12,61,0.321751
12,80,0.785398
13,12,1.249046
13,13,2.356194
13,15,-0.785398
13,38,0.321751
13,40,2.819842
13,49,1.892547
13,56,-2.356194
13,61,-1.570796
13,81,-2.356194
15,10,0.321751
15,46,0.321751
15,60,2.356194
16,10,-0.785398
16,36,1.249046
16,60,3.141593
16,67,1.249046
16,69,1.570796
16,71,-1.892547
17,30,0.321751
17,32,-2.356194
17,33,0.785398
17,34,1.570796
17,42,2.356194
18,30,-0.785398
18,40,-0.321751
18,63,1.249046
18,64,3.141593
18,69,-2.819842
19,22,0.785398
19,23,2.356194
19,30,2.356194
19,51,-1.570796
19,57,-0.785398
19,66,0.000000
20,22,-0.785398
20,27,1.249046
20,33,1.570796
20,37,-0.785398
20,38,-2.356194
20,49,-1.570796
20,52,2.356194
20,55,-0.321751
20,59,-0.785398
20,65,3.141593
21,36,1.570796
21,45,-1.570796
21,50,0.000000
21,51,-0.785398
21,52,-2.356194
21,56,-1.570796
21,67,0.000000
21,71,-2.356194
22,27,-1.249046
22,44,2.356194
22,49,2.356194
22,53,1.570796
22,61,-0.785398
22,66,3.141593
22,82,3.141593
23,22,2.356194
23,37,0.000000
23,49,-1.570796
23,53,-0.321751
24,14,2.356194
24,50,-2.356194
24,55,2.819842
24,62,0.785398
24,63,3.141593
24,71,2.356194
24,73,0.785398
25,26,0.785398
25,30,1.570796
25,34,-1.249046
25,35,-2.356194
25,36,0.785398
25,41,2.819842
25,47,0.000000
25,48,1.892547
25,52,1.570796
25,55,-1.570796
25,62,-0.785398
25,65,-0.785398
25,66,3.141593
26,10,0.785398
26,14,2.819842
26,18,0.785398
26,31,3.141593
26,41,-1.570796
26,44,-0.321751
26,63,0.000000
26,64,2.356194
26,67,0.785398
26,68,3.141593
26,70,-1.570796
26,73,0.000000
27,10,0.000000
27,27,2.356194
27,50,2.819842
27,60,1.570796
27,64,-2.356194
27,67,-0.785398
27,71,0.785398
27,72,3.141593
28,22,1.249046
28,23,2.356194
28,26,-0.785398
28,27,-2.356194
28,35,3.141593
28,38,-0.321751
28,43,1.570796
28,53,0.000000
28,57,1.570796
28,60,-0.321751
28,61,2.819842
28,71,-0.785398
29,7,1.249046
29,19,0.000000
29,20,-1.570796
29,29,0.785398
29,30,1.892547
29,43,-0.321751
29,48,2.819842
29,50,-0.321751
29,51,2.819842
29,57,-0.321751
29,58,2.819842
30,17,1.570796
30,18,3.141593
30,31,-2.356194
30,32,0.785398
30,33,1.892547
30,40,-1.249046
30,41,3.141593
30,48,-1.570796
30,51,-1.570796
30,54,-0.321751
30,61,-0.321751
30,62,2.819842
31,13,0.000000
31,23,-2.356194
31,28,0.785398
31,46,2.819842
31,56,2.819842
31,58,-0.321751
31,59,2.819842
32,15,-1.570796
32,19,2.356194
32,20,-0.785398
32,21,-1.892547
32,43,-2.356194
32,46,-1.570796
32,49,-1.570796
32,56,-2.356194
32,62,-0.321751
32,63,2.819842
32,66,1.570796
33,3,0.321751
33,30,-1.249046
33,31,3.141593
33,47,1.570796
33,59,-0.321751
33,60,2.819842
33,63,-2.356194
33,66,-0.321751
33,67,2.819842
34,20,1.249046
34,21,2.356194
34,32,0.000000
34,33,1.892547
34,37,2.819842
34,41,1.570796
34,43,0.785398
34,47,-0.321751
34,48,2.819842
34,57,1.570796
34,67,-2.356194
35,3,0.000000
35,5,-1.892547
35,11,-1.570796
35,17,-1.249046
35,18,-2.356194
35,19,-0.785398
35,20,-1.892547
35,27,0.785398
35,28,2.356194
35,41,-1.570796
35,44,-2.356194
35,48,-1.570796
35,52,1.570796
35,57,-0.321751
35,58,2.819842
35,60,-0.321751
35,61,2.819842
35,74,1.570796
35,77,0.785398
35,78,1.892547
36,3,-0.785398
36,9,-2.819842
36,13,3.141593
36,27,-1.570796
36,37,-0.785398
36,38,3.141593
36,55,-2.356194
36,61,-2.356194
36,64,0.785398
36,74,0.000000
36,82,-0.785398
36,84,2.819842
37,25,0.785398
37,31,0.000000
37,39,1.570796
37,45,0.000000
37,46,3.141593
37,49,0.785398
37,58,-0.321751
37,59,2.819842
37,64,-0.321751
37,65,2.819842
37,84,-2.356194
38,2,0.785398
38,8,-2.356194
38,28,2.356194
38,32,-1.570796
38,39,-0.321751
38,40,2.819842
38,49,-0.321751
38,50,2.819842
38,59,-2.356194
38,65,-1.570796
38,72,1.570796
38,74,-0.785398
39,2,0.000000
39,6,-1.570796
39,33,1.570796
39,36,-0.321751
39,37,2.819842
39,40,-2.356194
39,57,1.570796
39,72,0.000000
39,76,-1.249046
40,2,-0.785398
40,28,-0.785398
40,30,2.819842
40,33,-0.321751
40,34,2.819842
40,37,-1.570796
40,40,-1.570796
40,51,3.141593
40,57,0.785398
40,69,0.785398
40,72,-0.785398
41,6,-2.356194
41,7,-0.785398
41,11,1.249046
41,12,3.141593
41,25,3.141593
41,44,0.785398
41,52,-2.356194
41,57,-0.321751
41,58,2.819842
41,66,0.785398
41,69,-0.321751
41,70,2.819842
42,3,-0.785398
42,11,-1.892547
42,15,1.249046
42,16,2.356194
42,27,1.570796
42,30,-0.321751
42,34,-0.321751
42,35,2.819842
42,48,1.570796
42,58,-2.356194
42,66,-0.321751
42,67,2.819842
43,8,0.000000
43,9,-1.892547
43,13,0.785398
43,32,2.819842
43,35,-2.356194
43,42,1.570796
43,67,-2.356194
43,70,-0.321751
43,71,2.819842
44,6,0.785398
44,7,2.356194
44,12,0.785398
44,20,0.785398
44,21,1.570796
44,22,2.356194
44,42,-1.570796
44,51,0.785398
44,61,0.785398
44,64,0.785398
44,71,-2.356194
45,2,-1.570796
45,5,0.785398
45,7,-2.356194
45,13,-2.356194
45,28,-2.356194
45,32,-0.321751
45,33,2.819842
45,49,-1.570796
45,54,1.570796
45,61,-0.321751
45,62,2.819842
45,64,-0.321751
45,65,2.819842
45,75,1.570796
45,77,0.785398
45,78,1.892547
45,84,2.356194
46,10,0.000000
46,11,-1.570796
46,12,-2.356194
46,15,1.249046
46,16,2.356194
46,33,-2.356194
46,36,-1.570796
46,54,-1.570796
46,59,-1.570796
46,62,-2.356194
46,65,-2.356194
46,75,-0.321751
46,84,3.141593
47,9,1.570796
47,50,1.570796
47,52,-1.570796
47,62,0.785398
47,65,0.785398
47,76,-1.249046
47,78,-1.892547
47,84,-2.356194
48,7,0.785398
48,9,3.141593
48,24,-1.570796
48,37,1.570796
48,45,-1.570796
48,50,-1.570796
48,55,1.570796
48,57,-1.570796
48,60,1.570796
48,62,-0.321751
48,63,2.819842
48,65,-0.321751
48,66,2.819842
48,69,1.570796
49,9,-2.356194
49,12,0.785398
49,14,-2.356194
49,18,-0.785398
49,21,0.785398
49,26,-1.570796
49,30,0.785398
49,48,1.570796
49,53,1.570796
49,55,-1.570796
49,60,0.785398
49,63,-2.356194
49,66,-2.356194
49,69,-0.321751
49,73,0.785398
50,2,0.321751
50,4,3.141593
50,7,-0.785398
50,8,-2.356194
50,22,-1.570796
50,34,-1.570796
50,40,0.785398
50,46,1.570796
50,48,-1.570796
50,53,-1.570796
50,58,1.570796
50,60,-0.321751
50,61,2.819842
50,71,2.819842
50,73,-0.321751
50,74,2.819842
51,2,-0.785398
51,5,0.785398
51,6,3.141593
51,23,-2.356194
51,28,1.570796
51,37,2.356194
51,40,-0.321751
51,41,2.819842
51,51,1.570796
51,56,1.570796
51,74,-2.356194
52,2,-1.570796
52,14,1.249046
52,15,3.141593
52,26,1.570796
52,28,-1.570796
52,31,-1.570796
52,36,0.321751
52,37,-2.819842
52,46,-1.570796
52,49,1.570796
52,51,-1.570796
52,54,1.570796
52,61,-0.321751
52,62,2.819842
52,71,-0.321751
53,5,3.141593
53,26,-1.570796
53,36,-1.570796
53,41,0.000000
53,56,-1.570796
53,62,-2.356194
53,64,-1.570796
53,74,-1.570796
53,75,3.141593
54,3,0.785398
54,5,-2.356194
54,8,0.785398
54,12,0.321751
54,24,1.570796
54,41,-1.570796
55,3,0.000000
55,18,-2.356194
55,22,-2.356194
55,67,0.785398
55,70,1.249046
55,71,3.141593
56,3,-1.570796
56,7,2.356194
56,10,0.785398
56,12,-2.356194
56,24,2.356194
56,29,1.570796
56,67,0.000000
56,69,-0.785398
56,70,-1.892547
56,73,0.785398
56,78,2.356194
57,6,0.321751
57,7,-2.819842
57,13,0.785398
57,14,3.141593
57,22,0.000000
57,23,-0.785398
57,67,-1.570796
57,74,-2.356194
57,77,-0.785398
57,78,-2.356194
58,6,-1.570796
58,10,-0.785398
58,11,3.141593
58,19,0.785398
58,49,0.785398
58,66,0.785398
59,13,-2.819842
59,17,2.356194
59,25,2.356194
59,30,-2.356194
59,49,-0.785398
59,50,3.141593
59,52,1.570796
59,61,0.785398
59,64,2.356194
59,68,1.892547
60,2,0.785398
60,12,-0.785398
60,24,-0.785398
60,52,-2.819842
60,56,0.785398
60,63,3.141593
60,68,-1.249046
60,69,-2.356194
60,83,1.570796
61,51,-0.785398
61,56,0.000000
61,83,-2.819842
62,11,1.570796
62,60,-1.892547
62,62,-1.249046
62,63,-2.356194
62,71,0.785398
63,9,1.570796
63,24,2.356194
63,28,-1.570796
63,30,-2.356194
63,71,0.000000
63,82,-2.356194
64,19,3.141593
64,23,3.141593
64,54,0.321751
64,71,-0.785398
65,9,-2.819842
65,18,-0.785398
65,22,-0.785398
65,29,1.570796
65,33,3.141593
65,46,2.356194
65,50,0.785398
65,59,-1.249046
65,61,1.892547
66,2,-0.785398
66,6,3.141593
66,29,-2.819842
66,32,-0.785398
66,45,0.321751
66,46,-2.819842
66,50,0.000000
66,53,-0.785398
66,54,-2.356194
66,61,-1.249046
66,62,-2.356194
67,2,0.785398
67,8,-2.819842
67,16,0.785398
67,17,2.356194
67,26,0.000000
67,50,-1.570796
68,2,-0.321751
68,7,-0.785398
68,17,-2.356194
68,22,-1.570796
68,28,-2.356194
68,40,0.785398
68,44,0.321751
68,55,-1.570796
69,7,2.356194
69,15,0.785398
69,17,2.356194
69,31,2.356194
69,48,1.570796
70,7,-2.356194
70,15,-0.785398
70,31,-2.819842
70,39,0.321751
70,48,3.141593
70,59,0.000000
71,8,0.785398
71,9,3.141593
71,24,0.321751
71,26,3.141593
71,28,0.785398
71,39,-1.570796
71,44,-1.892547
71,48,-2.356194
71,53,0.000000
71,54,0.785398
72,24,-0.785398
72,38,0.785398
72,47,-2.356194
72,55,-2.356194
72,64,1.570796
72,70,0.785398
72,79,2.356194
73,17,1.249046
73,19,1.892547
73,24,2.356194
73,26,0.321751
73,27,-2.819842
73,38,0.000000
73,41,-0.785398
73,49,0.785398
73,55,-1.570796
73,64,-0.321751
73,65,2.819842
73,71,-2.356194
73,78,-0.785398
73,79,-2.356194
73,82,2.356194
74,29,2.356194
74,38,-1.570796
74,50,0.000000
74,61,1.570796
74,65,-2.356194
74,80,0.000000
74,82,-2.819842
75,26,-2.819842
75,28,0.321751
75,29,-2.819842
75,36,1.249046
75,37,3.141593
75,46,1.570796
75,51,-1.570796
75,61,0.785398
76,5,-2.819842
76,14,0.321751
76,32,0.785398
76,46,0.785398
76,62,3.141593
77,9,0.785398
77,28,-2.819842
77,34,-0.785398
77,46,-0.321751
77,57,0.000000
78,3,-1.570796
78,26,0.321751
78,36,0.000000
78,47,-1.249046
78,48,3.141593
79,2,0.785398
79,11,0.785398
79,22,0.321751
79,23,-2.819842
79,30,3.141593
79,32,-2.356194
80,2,0.000000
80,11,-1.570796
80,19,-2.819842
80,22,-1.570796
80,25,0.321751
80,26,-2.819842
80,29,-1.570796
80,49,0.785398
80,63,0.785398
80,66,2.356194
81,5,3.141593
81,10,3.141593
81,21,1.570796
81,25,-0.785398
81,28,1.570796
81,39,-1.570796
81,44,0.785398
81,49,-0.321751
81,50,2.819842
81,63,0.000000
82,2,0.000000
82,13,0.321751
82,14,-2.819842
82,21,-2.819842
82,28,3.141593
82,40,-2.356194
82,50,-2.356194
82,54,0.785398
82,63,-0.785398
82,71,-0.785398
82,72,-1.570796
82,73,3.141593
83,2,-0.785398
83,8,-1.570796
83,23,1.249046
83,25,-1.570796
83,26,-2.356194
83,28,-1.570796
83,34,0.000000
83,54,-0.785398
83,56,1.892547
83,60,0.000000
83,66,-0.785398
84,2,0.785398
84,6,0.785398
84,7,3.141593
84,11,0.785398
84,13,-2.356194
84,46,0.000000
84,47,1.892547
84,51,0.000000
84,52,1.570796
84,53,3.141593
84,58,2.356194
84,64,1.570796
85,2,0.000000
85,6,-1.570796
85,24,2.819842
85,35,-0.321751
85,36,2.819842
85,42,1.570796
85,48,2.819842
85,64,0.000000
85,66,-1.570796
85,67,3.141593
86,10,0.321751
86,11,-2.819842
86,20,-2.356194
86,24,-2.356194
86,48,-2.356194
86,64,-0.785398
86,81,2.356194
87,16,0.785398
87,78,1.570796
87,81,-2.819842
88,19,-1.570796
88,25,0.000000
88,43,1.570796
88,48,2.356194
88,61,0.785398
88,80,-1.892547
89,16,-2.819842
89,26,-1.570796
89,38,-0.321751
89,39,2.819842
89,43,0.000000
89,48,3.141593
89,61,-0.321751
89,62,2.819842
89,65,0.785398
89,71,2.356194
90,13,-2.356194
90,62,-2.356194
90,66,-2.356194
90,70,-0.785398
90,71,-2.356194
91,15,-2.356194
91,38,-0.785398
91,42,0.000000
91,54,2.356194
91,73,2.356194
91,75,-0.785398
91,76,-1.892547
92,5,0.321751
92,11,-1.570796
92,46,0.000000
92,47,-1.892547
92,49,0.785398
92,50,2.356194
92,51,0.785398
92,52,1.570796
93,12,0.785398
93,13,2.356194
93,14,-0.785398
93,16,2.819842
93,26,0.785398
93,27,3.141593
93,40,-1.570796
93,49,-0.785398
93,56,0.785398
94,5,-0.321751
94,16,-2.356194
94,23,0.000000
95,21,0.000000
95,24,0.000000
95,26,-2.819842
95,30,0.785398
95,39,2.356194
95,54,-0.321751
95,57,3.141593
95,67,2.356194
95,68,-0.785398
95,69,-1.892547
96,21,2.356194
96,39,3.141593
97,12,-1.249046
97,14,-1.570796
97,16,-1.570796
97,17,-2.356194
97,29,0.000000
97,33,3.141593
97,39,-1.570796
98,21,-1.249046
98,22,-2.356194
98,28,-0.785398
98,31,-0.785398
98,32,-1.892547
98,37,-1.570796
98,47,-1.570796
98,51,-1.570796
98,63,-0.785398
98,64,-1.892547
