10,49,0.785398
10,50,1.570796
10,51,2.356194
11,23,1.249046
11,24,2.356194
11,36,0.785398
11,37,2.356194
11,68,1.570796
12,37,-2.356194
13,79,2.356194
15,37,2.356194
16,14,1.249046
16,15,3.141593
16,20,-1.570796
16,37,-2.819842
16,64,0.321751
17,40,1.249046
17,51,3.141593
17,64,-0.785398
18,34,-0.321751
18,48,0.321751
18,62,1.892547
18,64,2.356194
18,82,2.356194
19,11,0.321751
19,23,0.785398
19,24,2.356194
19,42,-2.819842
19,48,-0.785398
19,64,3.141593
20,11,-0.785398
20,23,-0.785398
20,48,2.356194
20,54,0.785398
20,55,2.356194
21,48,3.141593
21,54,-0.785398
21,62,-1.249046
21,70,0.321751
22,27,0.000000
22,31,1.892547
22,34,1.249046
22,48,-1.570796
22,70,-1.570796
23,42,2.819842
23,50,2.356194
23,53,-0.785398
23,54,-1.570796
23,55,-2.356194
23,59,-0.785398
23,69,2.356194
24,34,-1.570796
24,48,-0.785398
24,49,-1.892547
25,11,2.356194
25,23,0.785398
25,37,-1.892547
25,43,-2.356194
25,66,-0.785398
25,67,-1.570796
25,70,2.819842
26,25,1.892547
26,32,0.785398
26,33,2.356194
26,34,-0.785398
26,35,-1.892547
26,41,-1.570796
26,59,-0.785398
26,60,-1.892547
26,62,1.570796
26,73,0.785398
27,27,2.356194
27,32,-1.570796
27,38,1.249046
27,39,2.356194
27,63,3.141593
27,84,3.141593
28,15,1.249046
28,21,-0.785398
28,30,1.249046
28,31,3.141593
28,37,0.000000
28,38,-1.892547
28,64,0.785398
28,65,2.356194
28,74,-2.819842
29,7,0.321751
29,26,-1.570796
29,34,1.249046
29,35,2.356194
29,41,1.249046
29,42,2.356194
29,54,0.785398
29,55,1.570796
29,56,2.356194
29,64,-1.570796
29,66,0.785398
29,67,2.356194
29,76,1.249046
29,81,-1.892547
30,7,-0.785398
30,13,0.321751
30,33,0.000000
30,34,-1.892547
30,39,1.249046
30,41,-1.892547
30,46,1.249046
30,47,2.356194
30,60,0.785398
30,61,1.570796
30,68,0.000000
30,69,1.892547
30,73,-0.785398
31,22,-2.819842
31,31,1.249046
31,32,3.141593
31,38,0.000000
31,39,-1.892547
31,45,-0.785398
31,46,-1.892547
31,63,-1.249046
31,64,-2.356194
32,20,0.000000
32,21,-1.892547
32,26,-1.892547
32,31,-1.892547
32,41,0.000000
32,50,1.249046
32,51,2.356194
32,54,-0.785398
32,55,-1.570796
32,56,-2.356194
32,61,2.356194
32,66,-1.249046
32,73,-2.356194
33,46,1.249046
33,47,2.356194
33,49,-0.785398
33,50,-1.892547
33,60,-0.785398
33,61,-2.356194
33,85,2.356194
34,14,0.321751
34,18,3.141593
34,24,-2.819842
34,27,0.000000
34,28,-1.892547
34,32,1.249046
34,33,3.141593
34,41,1.249046
34,42,2.356194
34,45,-0.785398
34,46,-1.892547
34,68,-1.570796
34,74,0.000000
35,14,-0.785398
35,31,-0.785398
35,32,-1.892547
35,37,1.249046
35,38,2.356194
35,40,-0.785398
35,41,-1.892547
35,51,0.000000
35,64,0.000000
35,65,1.892547
35,67,1.570796
35,71,-1.249046
35,73,2.356194
35,76,-1.249046
35,77,-2.356194
35,78,0.785398
35,79,1.892547
36,20,1.249046
36,36,0.000000
36,37,-1.892547
36,47,0.785398
36,67,-2.356194
36,73,-1.570796
36,81,1.570796
36,83,-1.892547
37,11,1.249046
37,12,2.356194
37,15,-1.570796
37,24,3.141593
37,33,1.249046
37,34,2.356194
37,61,0.785398
37,62,1.892547
37,74,1.570796
38,14,3.141593
38,31,1.249046
38,33,-1.892547
38,46,-2.356194
38,62,-1.249046
38,63,-2.356194
38,70,0.000000
38,71,1.892547
38,75,3.141593
39,6,0.321751
39,30,0.000000
39,31,-1.892547
39,39,0.785398
39,40,1.570796
39,42,-1.570796
39,44,-1.892547
39,54,3.141593
39,58,0.785398
39,59,1.892547
39,76,1.570796
40,6,-0.785398
40,24,3.141593
40,36,1.570796
40,57,1.570796
40,59,-1.249046
40,60,3.141593
40,66,-1.249046
40,68,1.892547
40,76,-0.785398
40,77,3.141593
41,27,1.249046
41,28,3.141593
41,36,3.141593
41,52,2.356194
41,56,0.321751
41,57,-2.819842
41,68,-1.249046
41,70,1.892547
41,73,-1.249046
41,78,1.570796
42,26,0.000000
42,27,-1.892547
42,32,3.141593
42,34,-0.785398
42,36,-2.356194
42,40,-1.570796
42,56,-1.570796
42,62,1.570796
42,64,1.249046
42,66,1.892547
42,78,-0.785398
42,79,3.141593
43,21,-1.570796
43,34,2.356194
43,51,-1.570796
43,68,1.892547
43,80,0.000000
43,81,1.892547
43,86,2.356194
44,23,1.249046
44,24,3.141593
44,33,0.321751
44,34,-2.819842
44,39,0.000000
44,40,3.141593
44,64,-1.249046
44,68,-1.249046
44,69,3.141593
44,72,-1.249046
44,73,3.141593
44,77,-1.570796
44,86,3.141593
45,12,-0.785398
45,13,-2.356194
45,19,1.570796
45,28,1.570796
45,33,-0.785398
45,55,-1.570796
45,66,-1.570796
45,80,-0.785398
45,81,-1.892547
45,86,-2.356194
46,5,0.321751
46,7,-2.356194
46,26,1.249046
46,28,3.141593
46,42,1.570796
46,71,2.356194
46,75,-2.356194
47,5,-0.785398
47,28,-2.356194
47,39,1.570796
47,67,0.785398
47,72,2.356194
48,13,0.321751
48,36,2.356194
48,39,-1.570796
48,49,-1.570796
48,60,1.570796
48,68,-2.356194
48,76,0.785398
49,20,-2.819842
49,26,1.570796
49,35,0.000000
49,42,-1.570796
50,16,-2.819842
50,18,0.321751
50,26,0.000000
50,30,2.356194
50,32,-0.785398
50,33,-1.570796
50,34,-2.356194
50,38,0.000000
50,39,3.141593
50,75,1.570796
51,11,0.321751
51,14,-0.785398
51,15,-1.892547
51,18,-1.570796
51,59,-1.570796
51,71,1.570796
51,75,-0.321751
51,78,-2.356194
52,17,1.570796
52,20,0.321751
52,25,0.000000
52,71,-0.321751
52,73,2.356194
53,10,0.321751
53,11,-2.819842
53,16,0.321751
53,17,-2.819842
53,20,-1.570796
53,74,2.356194
53,77,1.570796
54,16,-1.570796
54,19,1.570796
54,29,-1.570796
54,60,1.570796
54,74,-2.356194
54,78,-2.356194
54,80,-0.785398
54,81,-1.570796
54,82,3.141593
55,10,-2.819842
55,14,1.249046
55,15,3.141593
55,19,-2.819842
55,22,1.249046
55,23,3.141593
55,26,1.570796
55,75,-2.356194
56,17,0.321751
56,61,-2.356194
56,84,0.000000
56,85,2.356194
57,5,0.785398
57,17,-1.570796
57,22,-2.356194
57,36,1.570796
57,39,1.570796
57,75,2.356194
57,85,-2.356194
58,5,0.000000
58,11,0.000000
58,12,-1.892547
58,16,3.141593
58,19,-0.785398
58,39,-1.570796
59,5,-0.785398
59,7,-1.249046
59,8,-2.356194
59,15,-0.785398
59,27,-2.356194
59,50,1.570796
59,72,1.570796
60,37,-2.356194
60,46,1.570796
61,16,0.785398
61,17,2.356194
61,18,3.141593
61,21,1.570796
61,27,1.570796
61,46,-1.570796
61,70,0.000000
61,85,2.356194
62,21,3.141593
62,27,0.785398
62,43,1.570796
62,77,2.356194
62,83,0.785398
62,85,-2.819842
63,15,0.321751
63,16,-2.819842
63,21,-2.356194
63,27,-0.321751
63,28,2.819842
63,31,1.570796
63,51,-1.570796
63,55,2.356194
63,75,0.321751
64,5,0.785398
64,8,1.249046
64,9,2.356194
64,28,-2.356194
64,43,-1.570796
64,54,-0.785398
64,67,1.570796
64,75,-0.785398
65,5,0.000000
65,10,2.356194
65,14,0.321751
65,15,-2.819842
65,25,1.570796
65,28,-1.570796
65,32,-2.356194
65,48,0.000000
66,5,-0.785398
66,8,-1.249046
66,17,1.570796
66,25,0.785398
66,45,0.000000
66,46,3.141593
66,51,3.141593
66,67,-1.570796
67,13,1.570796
67,15,0.000000
67,17,-2.819842
67,21,2.356194
67,25,-0.321751
67,26,2.819842
68,12,0.321751
68,13,-2.819842
68,19,1.249046
68,26,-2.356194
68,38,0.785398
68,47,0.000000
68,48,3.141593
68,55,1.570796
68,64,2.356194
69,12,-1.570796
69,15,0.785398
69,22,2.819842
69,39,-2.356194
69,43,0.785398
69,55,-1.570796
69,60,0.000000
69,73,1.249046
69,74,2.356194
69,76,-0.785398
69,77,-1.570796
69,78,3.141593
70,11,1.570796
70,16,-2.356194
70,22,-2.356194
70,26,-1.570796
70,45,3.141593
71,11,-2.819842
71,18,-2.356194
71,32,1.570796
71,66,1.570796
71,71,0.000000
71,72,-1.892547
72,18,-1.570796
72,37,0.785398
72,50,0.000000
72,51,3.141593
72,84,2.356194
73,23,0.785398
73,34,3.141593
73,67,0.785398
73,68,2.356194
73,74,1.249046
73,76,1.892547
74,16,1.570796
74,20,-1.570796
74,23,0.000000
74,40,3.141593
74,60,1.249046
74,61,2.356194
74,62,3.141593
74,67,-1.570796
74,72,1.249046
75,16,-1.570796
75,30,0.000000
75,31,3.141593
75,46,0.000000
75,47,3.141593
75,59,0.000000
75,60,-1.892547
75,66,-0.785398
75,70,0.000000
75,71,-0.785398
75,72,-1.892547
75,74,-1.249046
75,76,-1.892547
75,82,-2.356194
76,6,-0.785398
76,22,0.321751
76,27,2.356194
76,56,0.000000
76,64,2.356194
77,6,0.785398
77,26,3.141593
77,38,0.000000
77,40,3.141593
77,68,2.356194
78,6,-0.321751
78,8,2.356194
78,13,0.785398
78,29,0.785398
78,42,0.000000
78,47,3.141593
78,51,0.000000
78,52,3.141593
78,62,-0.785398
78,67,-0.785398
79,14,-2.356194
79,26,-2.356194
79,30,0.000000
79,31,1.892547
79,82,2.356194
80,14,2.356194
80,37,0.000000
80,82,3.141593
81,6,0.321751
81,8,-2.356194
81,12,0.785398
81,32,-1.249046
81,33,3.141593
81,72,2.356194
81,82,-2.356194
82,6,-0.785398
82,15,2.819842
82,18,1.570796
82,21,1.570796
82,26,0.785398
82,36,3.141593
82,42,3.141593
82,48,0.000000
82,49,3.141593
83,6,0.785398
83,15,-2.356194
83,21,-1.570796
83,71,3.141593
84,6,-0.321751
84,8,2.356194
84,12,-0.785398
84,23,1.570796
84,38,0.000000
84,39,3.141593
84,57,0.000000
84,58,3.141593
85,23,-1.570796
85,27,0.785398
85,41,0.000000
85,43,3.141593
85,54,0.000000
85,55,3.141593
85,71,-2.819842
86,27,0.000000
86,29,0.785398
86,30,1.570796
86,31,2.356194
87,27,-0.785398
87,38,0.785398
87,39,1.892547
87,59,0.000000
87,60,3.141593
87,68,0.321751
88,32,-1.570796
88,33,-2.356194
88,35,0.785398
88,36,2.356194
88,39,-1.249046
88,40,-2.356194
88,41,3.141593
89,20,1.570796
89,36,-1.570796
89,52,0.000000
89,54,3.141593
89,64,2.356194
89,67,-0.785398
89,68,-2.356194
89,82,2.356194
90,37,2.356194
90,63,-0.785398
90,82,-2.819842
91,17,1.570796
91,23,1.570796
91,36,-0.785398
91,44,0.785398
91,57,0.000000
91,58,0.785398
92,14,0.785398
92,16,0.000000
92,34,-0.785398
92,42,-0.785398
92,45,-1.570796
92,52,3.141593
92,59,-2.356194
92,69,0.785398
92,77,2.356194
92,79,-0.785398
92,80,-1.892547
93,27,-1.570796
93,50,3.141593
93,55,1.570796
93,70,3.141593
94,13,-0.785398
94,14,-1.892547
94,46,-1.570796
94,49,-0.785398
94,71,1.570796
94,74,0.000000
94,75,-1.892547
95,20,0.785398
95,55,-1.570796
95,65,0.785398
96,20,0.000000
96,49,-1.570796
96,58,0.785398
96,67,2.356194
96,70,-0.785398
96,71,-1.892547
97,20,-0.785398
97,26,-1.570796
97,32,0.000000
97,41,3.141593
97,54,2.356194
97,58,-0.785398
97,59,3.141593
97,63,-2.356194
97,65,-0.785398
97,66,-1.892547
98,20,-1.570796
98,23,-1.570796
98,53,-0.785398
98,57,-0.785398
98,60,-0.785398
98,61,-1.892547
