12,37,1.249046
12,38,2.356194
12,41,0.785398
12,42,1.570796
12,43,2.356194
13,21,1.249046
13,22,2.356194
13,57,2.356194
14,15,1.249046
14,16,2.356194
14,37,-2.356194
14,72,2.356194
15,14,0.321751
15,21,-1.570796
16,14,-0.785398
17,52,0.321751
17,78,2.356194
18,15,3.141593
19,50,1.249046
19,52,3.141593
20,11,0.321751
20,52,-2.356194
21,11,-0.785398
22,36,0.321751
22,38,2.819842
23,29,1.570796
23,62,0.321751
24,36,0.000000
24,45,-0.785398
24,46,-1.892547
24,62,-0.785398
25,28,0.321751
25,62,2.356194
26,23,1.570796
26,31,-2.819842
26,35,0.321751
26,36,-2.819842
26,60,1.249046
26,62,3.141593
27,28,-0.321751
27,49,1.249046
27,51,-1.892547
27,53,-1.249046
27,54,-2.356194
28,22,0.321751
28,33,1.249046
28,35,-2.356194
28,43,1.249046
28,44,2.356194
28,60,-1.249046
29,22,-0.785398
29,25,-2.819842
29,36,2.356194
29,41,0.000000
29,42,-0.785398
29,43,-1.892547
29,64,2.356194
29,66,-0.785398
29,67,-1.892547
30,11,2.356194
30,36,-2.819842
30,49,-2.356194
30,53,0.785398
30,54,1.892547
31,39,2.356194
31,61,0.785398
32,9,0.321751
32,22,0.000000
32,23,-2.356194
32,25,1.570796
32,33,0.000000
32,34,-1.892547
32,38,3.141593
32,43,0.000000
32,54,-0.785398
32,62,-1.249046
32,64,1.892547
33,9,-1.570796
33,13,0.785398
33,14,2.356194
33,25,-2.819842
33,28,0.000000
33,29,-1.892547
33,37,-1.570796
33,41,2.356194
33,46,-1.570796
33,54,0.000000
33,64,-1.249046
33,66,1.892547
34,13,-0.785398
34,24,-1.570796
34,31,-0.785398
34,35,0.000000
34,39,0.000000
34,47,-2.356194
34,53,-0.785398
34,56,3.141593
34,66,-1.249046
34,68,1.892547
34,81,2.356194
35,27,-1.570796
35,59,0.000000
35,68,-1.249046
35,69,-2.356194
35,81,3.141593
36,15,0.000000
36,16,1.570796
36,41,1.570796
36,64,0.785398
36,65,1.892547
36,81,-2.356194
37,18,-2.356194
37,41,0.785398
37,43,0.785398
37,53,1.570796
37,56,0.000000
37,57,3.141593
37,65,-1.249046
37,66,-2.356194
37,67,3.141593
38,17,-2.356194
38,27,2.356194
38,31,2.356194
38,42,-2.356194
38,44,-1.570796
38,48,2.356194
38,69,0.785398
39,26,-0.785398
39,30,-0.785398
39,53,0.785398
39,80,-0.785398
39,82,2.819842
40,22,2.356194
40,54,3.141593
40,65,2.356194
40,66,0.785398
40,67,1.892547
40,82,-2.356194
41,32,2.356194
41,55,-2.356194
42,17,-0.785398
42,60,0.000000
42,63,-0.785398
42,64,-2.356194
42,68,-1.249046
42,70,1.892547
43,23,2.356194
44,19,-0.785398
44,25,1.570796
44,29,1.249046
44,30,3.141593
44,67,0.000000
44,68,1.892547
45,28,0.000000
45,36,0.000000
45,37,3.141593
45,45,0.000000
45,48,3.141593
45,68,-1.249046
45,82,2.356194
46,18,2.356194
46,30,0.785398
46,31,2.356194
46,32,3.141593
46,54,1.249046
46,55,2.356194
46,75,2.356194
46,82,3.141593
47,17,-0.785398
47,20,-0.785398
47,30,-1.570796
47,52,0.000000
47,53,-0.785398
47,54,-1.892547
47,82,-2.356194
48,28,0.000000
48,72,-1.249046
49,19,2.356194
49,24,-0.785398
49,46,0.000000
50,18,-0.785398
50,30,1.570796
51,30,-1.570796
51,58,-1.570796
51,66,1.570796
52,64,0.785398
52,69,0.785398
52,72,0.000000
52,81,-0.785398
52,83,2.819842
53,16,1.570796
53,19,-0.785398
53,31,2.356194
53,83,-2.356194
54,26,2.356194
54,30,-0.785398
54,51,0.000000
55,7,0.785398
55,21,1.570796
55,50,-0.785398
55,71,-1.570796
56,7,0.000000
56,24,-0.785398
56,33,1.570796
56,54,-1.570796
56,69,0.785398
57,7,-0.785398
57,61,3.141593
58,32,-0.785398
58,35,2.356194
58,40,3.141593
59,28,2.356194
59,38,-0.785398
59,72,1.570796
60,27,-0.785398
60,59,-1.570796
60,72,-0.321751
60,73,2.819842
60,83,2.356194
61,23,1.570796
61,33,-0.785398
61,45,1.570796
61,50,0.000000
61,51,3.141593
61,54,0.000000
61,56,3.141593
61,73,-1.570796
61,75,0.785398
61,76,1.570796
61,77,2.356194
61,83,3.141593
62,16,-0.785398
62,23,-1.570796
62,74,-0.785398
62,83,-2.356194
63,75,-0.785398
64,21,1.570796
65,21,0.000000
65,38,0.785398
65,39,1.892547
65,59,2.356194
65,61,3.141593
66,20,-0.785398
66,22,-2.356194
66,36,0.000000
66,37,0.000000
66,40,-2.356194
66,41,3.141593
66,50,3.141593
66,58,-0.785398
69,27,2.356194
69,34,2.356194
70,70,0.000000
70,71,3.141593
71,32,-0.785398
71,55,2.356194
72,54,-1.570796
73,23,2.356194
73,27,1.570796
73,35,0.000000
73,36,0.785398
73,37,1.570796
73,38,2.356194
73,53,-0.785398
73,59,2.356194
73,69,1.570796
74,15,1.570796
74,69,-1.570796
75,15,-1.570796
75,18,1.570796
75,22,3.141593
75,37,-1.570796
76,26,-1.570796
76,58,-1.570796
77,16,1.570796
77,22,-2.819842
77,63,1.570796
77,73,0.785398
78,19,-1.570796
78,37,-0.785398
78,63,-1.570796
78,74,-2.356194
79,16,0.000000
79,18,1.570796
79,21,-1.570796
80,18,-2.819842
81,17,-0.785398
81,54,3.141593
81,69,1.570796
82,7,0.785398
82,22,1.570796
82,38,2.356194
82,50,0.000000
82,69,-1.570796
83,7,0.000000
83,17,0.785398
83,22,-1.570796
83,33,1.570796
83,41,1.570796
84,7,-0.785398
84,17,-0.321751
84,18,2.819842
84,29,0.000000
84,30,3.141593
84,33,-1.570796
84,65,1.570796
85,18,-2.356194
85,41,-1.570796
86,18,2.356194
86,57,-2.356194
86,62,1.570796
86,65,-1.570796
86,68,0.000000
86,69,3.141593
87,17,0.321751
87,18,-2.819842
87,25,1.570796
87,32,2.356194
88,20,2.356194
88,41,2.356194
88,49,1.570796
88,55,-1.570796
88,62,-1.570796
88,71,1.570796
89,15,1.249046
89,36,-1.570796
89,39,0.000000
90,19,-1.570796
90,24,-0.785398
90,31,-1.570796
90,68,1.570796
90,82,1.570796
91,21,1.570796
91,39,1.570796
91,49,-1.570796
91,71,-1.570796
91,81,0.000000
92,21,2.356194
92,24,2.356194
92,35,0.000000
92,36,3.141593
92,43,2.356194
92,79,1.249046
92,80,3.141593
93,20,0.321751
93,21,-2.819842
93,29,1.570796
93,65,1.570796
93,68,-1.570796
94,12,-1.570796
94,20,-0.785398
94,23,2.356194
94,26,1.570796
94,36,1.570796
94,39,-1.570796
94,62,1.570796
94,77,0.000000
94,78,-1.892547
95,20,2.356194
95,22,0.321751
95,23,-2.819842
95,26,2.356194
95,32,1.570796
95,36,-1.570796
95,42,-1.570796
95,62,-1.570796
95,71,1.570796
95,75,1.249046
95,76,3.141593
96,19,0.000000
96,22,-0.785398
96,25,0.321751
96,26,-2.819842
96,29,-1.570796
96,50,1.570796
96,54,1.570796
96,58,0.785398
96,71,0.785398
97,22,-1.570796
97,25,-0.785398
97,35,1.570796
97,45,1.570796
97,65,-1.570796
97,72,-2.356194
97,73,-0.785398
97,74,-1.892547
98,25,-1.570796
98,32,-1.570796
98,35,-1.570796
98,45,-1.570796
98,50,-1.570796
98,54,-1.570796
98,59,-1.570796
