11,50,0.785398
11,51,1.570796
11,52,2.356194
12,33,0.785398
12,34,2.356194
13,22,1.249046
13,23,3.141593
13,34,-1.570796
13,66,2.356194
14,78,2.356194
15,17,1.249046
15,18,3.141593
15,22,-1.570796
16,15,1.249046
16,61,1.249046
17,63,-2.356194
20,11,0.321751
20,56,1.249046
20,82,2.819842
21,11,-1.570796
21,55,0.321751
21,58,-2.356194
21,82,-1.570796
22,40,0.321751
22,51,0.785398
22,69,0.321751
23,43,2.819842
23,51,-0.321751
23,53,2.356194
23,55,3.141593
23,63,2.356194
23,69,-0.785398
24,24,0.785398
24,31,1.570796
24,43,-2.356194
24,45,0.785398
24,48,0.785398
24,63,3.141593
25,31,0.000000
25,33,1.570796
25,34,2.356194
25,46,-2.356194
25,49,-2.356194
25,54,0.000000
25,58,0.000000
25,63,-2.356194
26,31,-0.785398
26,36,1.570796
26,53,0.000000
26,61,-0.321751
26,68,0.321751
26,70,2.819842
27,22,0.321751
27,31,0.785398
27,34,-2.356194
27,37,-2.356194
27,38,3.141593
27,53,-1.570796
27,56,-0.785398
27,64,0.785398
27,65,1.892547
27,70,-2.356194
28,25,-1.892547
28,31,0.000000
28,62,-0.321751
28,72,0.321751
29,9,3.141593
29,23,-2.356194
29,33,0.000000
29,35,3.141593
29,60,1.570796
29,65,-1.892547
29,72,-1.570796
29,84,3.141593
30,27,0.785398
30,28,1.570796
30,29,2.356194
30,32,-0.785398
30,60,-0.321751
30,61,2.819842
30,63,-0.785398
30,71,2.356194
31,5,0.321751
31,23,1.249046
31,24,2.356194
31,33,-2.356194
31,61,-2.356194
31,67,0.000000
32,5,-0.785398
32,11,0.785398
32,22,-0.785398
32,23,-1.892547
32,28,2.356194
32,67,-0.785398
32,71,-0.785398
32,73,1.892547
33,27,-0.785398
33,28,-2.356194
33,46,1.570796
33,51,1.570796
33,67,0.785398
33,69,1.249046
33,70,3.141593
33,73,-1.249046
33,74,-2.356194
33,75,0.785398
33,76,1.570796
34,10,0.321751
34,13,-2.356194
34,17,1.249046
34,18,2.356194
34,38,1.570796
34,58,1.570796
34,67,0.000000
35,10,-0.785398
35,12,-2.356194
35,16,0.000000
35,17,-1.892547
35,38,-1.570796
35,49,1.570796
35,51,-1.570796
35,67,-0.785398
35,69,-1.570796
35,78,3.141593
36,4,0.321751
36,6,-2.356194
36,11,-2.356194
36,20,-0.785398
36,24,0.000000
36,25,3.141593
36,32,1.570796
36,35,1.570796
36,41,1.570796
36,54,1.570796
36,67,0.785398
36,78,-2.356194
37,4,-0.785398
37,10,0.785398
37,32,-1.570796
37,41,-1.570796
37,46,-1.570796
37,78,0.785398
37,86,2.356194
38,4,0.785398
38,9,-2.356194
38,27,-1.570796
38,54,-1.570796
38,57,-1.570796
38,59,1.570796
38,66,0.321751
38,70,-1.249046
38,79,-2.356194
38,86,3.141593
39,4,-0.785398
39,5,-2.356194
39,12,-2.356194
39,34,-0.785398
39,49,-1.570796
39,66,-0.785398
39,86,-2.356194
40,11,-0.785398
40,40,1.570796
40,61,-1.570796
40,71,0.321751
41,9,2.356194
41,40,-1.570796
41,59,0.785398
42,8,-0.785398
42,21,-0.785398
42,36,1.570796
42,66,0.785398
42,70,0.000000
42,72,2.819842
42,76,-0.785398
42,86,2.356194
43,36,-1.570796
43,61,-2.356194
43,66,0.000000
43,68,1.570796
43,69,3.141593
43,72,-2.356194
43,86,3.141593
44,3,0.785398
44,17,2.356194
44,22,0.785398
44,26,2.356194
44,39,2.356194
44,58,1.570796
44,66,-0.785398
44,72,0.785398
44,86,-2.356194
45,3,0.000000
45,6,3.141593
45,10,2.356194
45,15,1.249046
45,16,3.141593
45,20,0.000000
45,21,0.000000
45,24,2.356194
45,34,2.356194
45,38,-0.785398
45,66,2.356194
45,68,0.785398
45,86,2.356194
46,9,-0.785398
46,14,0.000000
46,15,-1.892547
46,22,-0.785398
46,23,-1.892547
46,33,-0.785398
46,55,1.570796
46,65,0.321751
46,66,-2.819842
46,68,0.000000
46,81,-2.356194
46,86,3.141593
47,3,0.000000
47,18,2.356194
47,27,2.356194
47,63,2.356194
47,65,-0.785398
47,68,-0.785398
47,72,-2.356194
47,86,-2.356194
48,3,-0.785398
48,5,2.356194
48,17,-0.785398
48,36,3.141593
48,43,2.356194
48,51,1.570796
48,62,0.321751
48,65,2.356194
48,68,0.785398
48,78,2.819842
49,5,-2.819842
49,34,-0.785398
49,51,-1.570796
49,57,-1.570796
49,65,-2.819842
49,68,0.000000
49,70,1.892547
49,72,2.356194
49,75,0.321751
49,78,-1.570796
50,4,-1.570796
50,7,2.356194
50,29,3.141593
50,41,-0.785398
50,61,0.321751
50,62,-2.819842
51,3,3.141593
51,6,-0.785398
51,9,-0.785398
51,13,2.356194
51,54,-1.570796
51,61,-0.785398
51,64,0.000000
51,66,0.785398
51,74,-0.785398
51,75,-1.570796
51,76,3.141593
51,78,0.000000
51,79,-1.570796
51,80,3.141593
51,86,2.356194
52,2,-0.785398
52,17,-0.785398
52,21,2.356194
52,23,-0.785398
52,61,2.356194
52,64,-1.570796
52,72,-0.785398
52,77,0.000000
52,86,3.141593
53,4,2.356194
53,26,2.356194
53,57,-1.570796
53,60,0.321751
53,63,1.570796
53,86,-2.356194
54,3,0.000000
54,24,2.356194
54,63,3.141593
54,66,0.321751
54,70,2.819842
54,74,1.570796
55,9,-0.785398
55,23,-0.785398
55,59,0.321751
55,60,-2.819842
55,66,-0.785398
55,70,-2.356194
55,74,-0.321751
55,77,-1.570796
55,78,3.141593
56,2,-0.785398
56,17,-0.785398
56,59,-1.570796
56,62,0.321751
56,63,-2.819842
56,79,1.570796
56,86,2.356194
57,25,3.141593
57,62,-0.785398
57,86,3.141593
58,19,2.356194
58,68,0.321751
58,76,1.570796
58,78,0.000000
58,79,-1.892547
58,86,-2.356194
59,3,2.356194
59,53,2.356194
59,57,-0.785398
59,61,3.141593
59,65,2.356194
59,73,1.570796
59,76,-0.321751
60,17,-0.785398
60,20,-0.785398
60,25,3.141593
60,52,-0.785398
60,64,0.321751
60,73,-0.321751
60,74,2.819842
61,2,-1.570796
61,5,2.356194
61,8,2.356194
61,47,2.356194
61,60,-2.819842
61,66,0.000000
61,70,-1.570796
61,77,-0.321751
61,78,2.819842
62,4,-0.785398
62,7,-0.785398
62,50,1.570796
62,58,0.321751
62,63,0.000000
62,64,-2.356194
62,75,2.819842
62,78,-1.570796
63,58,-1.570796
63,62,1.570796
63,65,0.000000
63,67,-2.819842
63,79,1.570796
63,86,2.356194
64,23,2.356194
64,26,2.356194
64,29,1.570796
64,44,-0.785398
64,48,0.000000
64,57,1.570796
64,73,-2.356194
64,75,-0.321751
64,76,2.819842
64,80,-2.356194
64,84,0.785398
64,86,-2.819842
65,22,-0.785398
65,29,0.785398
65,56,0.321751
65,57,-2.819842
65,60,0.321751
65,66,2.356194
65,76,-1.570796
66,24,-0.785398
66,30,-2.356194
66,56,-1.570796
66,64,0.000000
66,66,-2.819842
67,50,1.570796
67,59,0.000000
67,70,0.785398
67,73,-1.570796
68,31,3.141593
68,40,2.356194
68,54,1.570796
68,66,3.141593
69,29,-0.785398
69,33,-1.570796
69,39,3.141593
69,53,0.000000
69,54,-2.356194
69,62,2.356194
69,78,0.785398
69,85,2.356194
70,61,-1.570796
70,64,-2.356194
70,79,-2.356194
70,85,3.141593
71,30,1.570796
71,34,0.000000
71,37,-0.785398
71,38,-1.570796
71,39,-2.356194
71,40,0.785398
71,59,1.249046
71,60,3.141593
71,68,-1.570796
71,76,1.570796
71,85,-2.356194
72,23,1.570796
72,27,1.570796
72,41,-1.570796
73,2,1.570796
73,23,-1.570796
73,27,-1.570796
73,29,-0.785398
73,42,0.785398
73,43,2.356194
73,44,0.785398
73,47,-2.356194
73,50,0.785398
73,59,-2.356194
73,69,1.570796
74,2,-1.570796
74,42,-0.785398
74,57,3.141593
74,59,2.356194
74,63,1.570796
74,65,-1.570796
74,72,-0.785398
75,21,1.570796
75,25,1.570796
75,28,2.356194
75,30,1.570796
75,54,-0.321751
75,58,-0.785398
76,21,-1.570796
76,25,-1.570796
76,27,-0.785398
76,33,1.570796
76,45,0.000000
76,49,1.570796
76,55,-2.356194
76,63,0.785398
76,70,0.785398
76,74,1.570796
77,3,1.570796
77,30,2.356194
77,33,-1.570796
77,42,-1.570796
77,44,-0.785398
77,64,2.819842
77,67,1.570796
77,70,-0.321751
77,71,2.819842
78,26,2.356194
78,30,-2.819842
78,37,1.570796
78,40,1.570796
78,49,-1.570796
78,62,3.141593
78,64,-2.356194
78,71,-2.356194
79,14,1.570796
79,28,0.321751
79,32,1.570796
79,40,-1.570796
79,43,1.570796
79,46,-1.570796
79,64,0.785398
79,75,1.570796
80,5,2.356194
80,28,-1.570796
80,61,-0.321751
80,62,2.819842
80,64,-0.321751
80,65,2.819842
80,76,3.141593
81,19,1.570796
81,24,3.141593
81,30,1.570796
81,37,-1.570796
81,40,1.570796
81,56,-1.570796
81,62,-2.356194
81,65,-2.356194
81,83,0.000000
81,84,2.356194
82,2,-1.570796
82,4,-1.570796
82,7,1.570796
82,14,-1.570796
82,23,-0.785398
82,84,-2.356194
83,7,-1.570796
83,19,-1.570796
83,37,1.570796
83,53,-1.570796
83,59,1.570796
84,23,2.356194
85,6,1.570796
85,22,0.321751
85,23,-2.819842
85,26,-1.570796
85,32,-1.570796
85,40,-1.570796
85,50,1.570796
85,59,-1.570796
85,65,-1.570796
85,69,0.785398
86,2,1.570796
86,22,-0.785398
86,29,-1.570796
86,34,1.570796
86,37,-1.570796
86,50,-1.570796
86,56,0.000000
86,57,3.141593
86,62,-1.570796
86,69,-0.321751
86,70,2.819842
86,82,0.000000
86,83,2.356194
87,2,0.785398
87,5,1.570796
87,8,1.570796
87,13,1.570796
87,19,1.570796
87,31,1.570796
87,34,-1.570796
87,46,1.570796
87,70,-2.356194
87,83,-2.356194
88,2,0.000000
88,5,3.141593
88,8,-1.570796
88,25,2.356194
88,37,2.356194
88,40,1.570796
88,42,-0.785398
88,63,1.570796
89,2,-0.785398
89,5,-2.356194
89,10,1.570796
89,22,-1.570796
89,27,1.570796
89,46,-1.570796
89,54,1.570796
89,60,1.570796
90,5,2.356194
90,54,-1.570796
90,57,1.570796
90,63,-1.570796
90,67,1.570796
90,82,1.570796
91,5,-2.819842
91,26,1.570796
91,30,2.356194
91,39,-1.570796
91,57,-1.570796
91,67,0.785398
91,80,2.356194
91,81,-0.785398
92,7,1.570796
92,26,-2.819842
92,29,0.321751
92,30,-2.819842
92,35,-0.785398
92,67,-0.321751
92,68,2.819842
93,3,-0.785398
93,16,1.570796
93,25,-1.570796
93,29,-1.570796
93,41,1.570796
93,43,1.570796
93,58,1.570796
93,64,1.570796
93,68,-1.570796
94,10,0.785398
94,23,0.000000
94,37,1.570796
94,74,2.356194
94,76,-0.785398
94,77,-1.892547
95,10,0.000000
95,12,2.356194
95,19,0.785398
95,43,-1.570796
95,71,2.356194
95,72,-0.785398
95,73,-1.892547
96,19,-0.321751
96,37,-1.570796
96,40,-0.785398
96,61,-1.570796
97,6,-0.785398
97,7,-1.570796
97,8,-2.356194
97,9,-0.785398
97,10,-1.570796
97,16,-1.570796
97,54,0.000000
97,55,3.141593
98,21,-1.249046
98,22,-2.356194
98,58,-1.570796
98,67,-0.785398
98,68,-1.892547
