15,47,0.785398
15,48,1.892547
16,29,1.249046
16,30,3.141593
16,54,0.785398
16,55,1.570796
16,56,2.356194
16,59,0.785398
16,60,1.570796
16,61,2.356194
17,24,1.249046
17,25,2.356194
17,28,-0.785398
17,48,-0.785398
18,19,2.356194
18,23,-0.785398
19,18,-0.785398
20,18,2.356194
22,16,0.321751
22,78,3.141593
23,16,-1.570796
26,15,0.785398
27,15,-0.785398
27,16,3.141593
29,48,2.356194
29,54,0.321751
29,56,2.819842
29,81,3.141593
30,13,0.321751
30,15,3.141593
30,46,1.249046
30,48,3.141593
30,56,-2.356194
31,13,-0.785398
31,54,-0.321751
31,60,2.356194
32,46,-1.249046
32,48,-2.356194
32,55,-1.249046
32,56,-2.356194
32,59,-0.785398
32,60,-2.356194
33,65,-0.785398
33,66,-1.892547
34,13,2.356194
34,31,1.570796
34,52,1.570796
35,31,0.000000
36,11,0.321751
36,49,0.785398
36,50,1.570796
36,52,-1.892547
36,55,0.785398
36,56,1.892547
37,11,-0.785398
37,33,-1.570796
37,34,-2.356194
37,36,0.785398
37,37,1.892547
37,56,-1.249046
37,57,-2.356194
37,71,-0.785398
37,72,-1.892547
37,84,3.141593
38,27,0.000000
38,28,1.892547
38,37,-1.249046
38,38,-2.356194
38,51,3.141593
39,28,-1.249046
39,30,1.892547
39,54,0.785398
39,55,1.892547
40,45,0.785398
40,46,1.892547
40,55,-1.249046
40,56,-2.356194
40,59,0.785398
40,60,1.892547
41,11,2.356194
41,46,-1.249046
41,48,1.892547
41,60,-1.249046
41,61,-2.356194
42,30,-0.785398
42,31,-1.892547
42,48,-1.249046
42,49,-2.356194
42,77,-0.785398
42,78,-1.892547
43,9,0.321751
44,9,-0.785398
46,75,0.785398
46,76,1.892547
47,9,2.356194
47,16,0.000000
47,17,1.570796
47,76,-1.249046
47,77,3.141593
47,86,2.356194
48,8,0.321751
48,28,0.000000
48,42,0.785398
48,43,1.570796
48,44,2.356194
48,86,3.141593
49,8,-1.570796
49,19,-1.570796
49,20,-2.356194
49,67,3.141593
49,86,-2.356194
50,36,0.785398
50,37,1.892547
50,49,2.356194
50,51,0.785398
50,52,1.892547
50,73,0.785398
51,40,3.141593
51,43,-1.570796
51,46,1.249046
51,48,-1.892547
51,53,-2.356194
51,58,3.141593
51,65,3.141593
51,75,1.892547
52,7,0.785398
52,31,0.785398
52,32,2.356194
52,33,3.141593
52,37,-0.785398
52,45,0.000000
52,46,-1.892547
52,51,-0.785398
52,63,-0.785398
52,70,0.785398
52,72,0.000000
52,75,-1.249046
52,76,-2.356194
52,77,0.785398
52,78,1.892547
52,87,2.819842
53,7,-0.785398
53,8,3.141593
53,31,-1.570796
53,43,1.249046
53,44,3.141593
53,49,2.356194
53,70,-0.785398
53,71,-2.356194
53,78,-1.249046
53,79,-2.356194
53,84,-0.785398
53,85,-1.892547
53,87,-2.356194
54,37,-0.785398
54,38,-1.570796
54,39,3.141593
54,42,0.000000
54,43,-1.892547
54,47,0.000000
54,67,1.249046
54,68,2.356194
55,27,0.785398
55,28,2.356194
55,35,3.141593
55,41,3.141593
55,45,2.356194
56,27,-0.785398
56,34,-1.570796
56,39,0.000000
56,40,-1.892547
56,48,0.000000
56,49,3.141593
56,64,0.000000
56,65,-0.785398
56,66,-1.892547
56,74,0.785398
56,75,1.892547
57,33,-0.785398
57,75,-1.249046
57,76,-2.356194
57,79,0.785398
57,80,1.892547
57,87,2.356194
58,16,0.785398
58,17,2.356194
58,26,-0.785398
58,27,-1.570796
58,28,-2.356194
58,31,3.141593
58,40,0.000000
58,51,3.141593
58,80,-1.249046
58,81,-2.356194
58,87,3.141593
59,6,0.785398
59,16,-0.785398
59,33,1.249046
59,34,3.141593
59,48,0.000000
59,65,0.000000
59,87,-2.356194
60,6,-0.785398
60,7,3.141593
60,32,0.000000
60,33,-1.892547
61,9,0.785398
61,10,1.570796
61,16,-1.570796
61,17,-2.356194
61,24,3.141593
61,30,1.249046
61,31,3.141593
61,61,2.356194
61,68,-0.785398
61,87,2.356194
62,14,-1.570796
62,28,1.249046
62,30,-1.892547
62,66,2.356194
62,87,3.141593
63,12,-1.570796
63,13,-2.356194
63,27,0.000000
63,28,-1.892547
63,32,2.356194
63,56,0.785398
63,59,3.141593
63,64,0.000000
63,87,-2.356194
64,58,-1.892547
64,62,2.356194
64,67,2.356194
64,69,0.000000
65,5,0.785398
65,33,2.356194
65,55,0.000000
65,56,-1.892547
65,61,-0.785398
65,66,-0.785398
65,84,0.785398
65,85,1.892547
65,87,2.356194
66,5,-0.321751
66,7,2.356194
66,11,0.785398
66,12,1.570796
66,13,3.141593
66,59,3.141593
66,63,2.356194
66,87,3.141593
67,25,1.249046
67,26,3.141593
67,34,2.356194
67,57,-0.785398
67,62,-0.785398
67,67,0.000000
67,68,3.141593
67,82,-0.785398
67,83,-1.570796
67,85,-1.892547
67,87,-2.356194
68,24,0.000000
68,25,-1.892547
68,33,-0.785398
68,48,1.249046
68,49,3.141593
68,70,0.000000
69,12,0.000000
69,13,-1.570796
69,14,-2.356194
69,27,-0.785398
69,31,2.356194
69,35,0.000000
69,36,3.141593
69,47,0.000000
69,74,0.785398
69,75,1.892547
70,11,3.141593
70,25,2.356194
70,29,1.249046
70,30,3.141593
70,46,-0.785398
70,51,2.356194
70,66,0.000000
70,67,3.141593
70,75,-1.249046
70,76,-2.356194
70,78,0.785398
70,79,1.892547
71,24,-0.785398
71,28,0.000000
71,29,-1.892547
71,32,2.356194
71,69,0.785398
71,79,-1.249046
71,80,-2.356194
72,5,0.321751
72,8,1.570796
72,10,3.141593
72,22,2.356194
72,26,1.249046
72,27,3.141593
72,46,1.570796
72,70,0.000000
72,71,1.892547
72,86,-0.785398
72,88,2.819842
73,5,-0.785398
73,25,0.000000
73,26,-1.892547
73,46,-1.570796
73,74,3.141593
73,88,-2.356194
74,10,-1.570796
74,11,-2.356194
74,71,-0.785398
74,76,0.000000
75,88,2.356194
76,21,2.356194
76,25,3.141593
76,49,0.000000
76,51,3.141593
76,63,0.000000
76,73,3.141593
76,86,0.785398
76,88,-2.819842
77,23,0.000000
77,24,-1.892547
77,36,0.785398
77,44,2.356194
77,66,0.785398
77,67,1.892547
78,5,0.785398
78,13,0.785398
78,14,1.570796
78,15,2.356194
78,34,2.356194
78,38,3.141593
78,67,-1.249046
78,68,-2.356194
78,76,0.000000
79,5,0.000000
79,21,-0.785398
79,43,-1.570796
79,70,0.000000
79,71,1.892547
79,80,0.785398
79,81,1.892547
79,87,2.356194
80,5,-0.785398
80,14,0.785398
80,23,2.356194
80,30,0.785398
80,55,0.000000
80,56,3.141593
80,71,-1.249046
80,73,1.892547
80,81,-1.249046
80,82,-2.356194
80,87,3.141593
81,16,2.356194
81,18,2.356194
81,59,-0.785398
81,65,0.785398
81,66,1.892547
81,73,-1.249046
81,74,-2.356194
81,75,0.785398
81,76,1.892547
81,87,-2.356194
82,9,1.249046
82,10,2.356194
82,13,-0.785398
82,17,-2.356194
82,21,-0.785398
82,42,2.356194
82,66,-1.249046
82,68,1.892547
82,77,2.819842
82,87,2.356194
83,15,-1.249046
83,16,-2.356194
83,68,-1.249046
83,69,3.141593
83,77,-2.356194
83,80,0.000000
83,87,3.141593
84,5,0.785398
84,19,0.785398
84,39,-0.785398
84,59,0.000000
84,61,0.785398
84,62,1.892547
84,71,0.785398
84,72,1.892547
84,77,0.785398
84,87,-2.356194
85,5,-0.321751
85,37,2.356194
85,62,-1.249046
85,64,1.892547
85,74,2.356194
85,77,-0.321751
86,24,3.141593
86,64,-1.249046
86,65,3.141593
86,78,-1.249046
86,79,-2.356194
87,22,1.570796
87,66,0.000000
87,73,-1.570796
87,76,1.570796
88,17,0.785398
88,21,0.000000
88,22,-2.356194
88,32,-0.785398
88,67,-1.570796
88,76,0.000000
89,13,2.356194
89,16,0.785398
89,19,2.356194
89,23,-2.356194
89,35,1.249046
89,36,2.356194
89,37,3.141593
89,54,1.570796
89,61,0.000000
89,78,2.356194
90,29,3.141593
90,34,-0.785398
90,54,0.785398
90,63,-2.356194
91,12,-0.321751
91,16,-2.356194
91,19,-2.356194
91,27,0.000000
91,37,2.356194
91,55,-2.356194
91,65,1.570796
91,78,-1.249046
91,80,1.892547
91,87,2.356194
92,31,-0.785398
92,32,-1.570796
92,33,-2.356194
92,35,-0.785398
92,36,-1.892547
92,57,0.000000
92,58,1.892547
92,65,0.785398
92,72,0.000000
92,73,1.892547
92,80,-1.249046
92,81,3.141593
92,87,-2.819842
93,4,1.570796
93,6,-1.570796
93,7,-2.356194
93,10,0.785398
93,16,2.356194
93,23,1.249046
93,24,3.141593
93,58,-1.249046
93,60,1.892547
93,67,1.892547
94,16,-2.819842
94,51,3.141593
94,60,-1.249046
94,61,3.141593
94,74,-1.249046
94,75,3.141593
94,84,2.356194
94,85,-0.785398
95,42,0.000000
95,43,3.141593
95,53,0.785398
95,68,-1.249046
95,69,3.141593
96,13,-1.570796
96,20,0.000000
96,21,-1.892547
96,54,-2.356194
96,81,0.000000
96,82,-1.892547
97,15,-1.249046
97,16,-2.356194
97,70,-1.570796
98,37,0.000000
98,40,3.141593
98,66,3.141593
