7,30,0.785398
7,31,1.892547
7,44,1.249046
7,45,3.141593
7,55,1.249046
7,56,2.356194
7,64,0.785398
7,65,1.892547
8,21,0.785398
8,22,2.356194
9,17,1.249046
9,18,3.141593
9,22,-1.570796
9,31,-0.785398
9,54,-0.785398
9,69,1.570796
10,45,1.249046
10,52,1.892547
10,54,2.356194
10,69,0.000000
11,38,1.249046
11,47,-2.356194
11,56,1.249046
11,69,-1.570796
12,58,-2.356194
12,82,2.356194
13,12,1.249046
13,60,0.000000
13,61,-1.892547
14,27,1.570796
14,34,0.321751
14,59,2.356194
14,68,0.785398
15,27,0.000000
15,29,0.785398
15,34,-1.570796
15,62,0.785398
15,63,1.892547
16,9,0.321751
16,27,-0.785398
16,30,-1.249046
16,31,-2.356194
16,32,0.785398
16,33,2.356194
16,51,1.892547
17,9,-1.570796
17,21,1.249046
17,22,2.356194
17,33,-1.570796
17,56,1.892547
17,70,-2.819842
18,19,0.785398
18,28,3.141593
18,34,0.000000
18,35,1.892547
18,57,3.141593
18,84,2.356194
19,54,-0.321751
19,58,0.000000
19,59,1.570796
20,21,-2.819842
20,24,0.321751
20,33,0.785398
20,43,-1.249046
20,55,-2.356194
20,61,-0.785398
20,67,-0.321751
20,82,0.321751
21,18,0.321751
21,34,-1.249046
21,48,-1.249046
21,49,-2.356194
21,82,-1.570796
22,18,-0.785398
22,20,-1.249046
22,21,-2.356194
22,23,-0.785398
22,24,-1.570796
22,26,-1.892547
22,38,3.141593
22,42,0.785398
22,52,-1.570796
22,59,-1.570796
22,74,-2.356194
22,81,1.570796
23,32,0.785398
23,33,1.892547
23,45,-2.356194
23,46,3.141593
23,74,0.785398
23,78,0.785398
23,79,1.570796
23,87,2.356194
24,18,0.785398
24,33,-1.249046
24,34,3.141593
24,43,-1.570796
24,69,-0.785398
24,71,-1.570796
24,74,-0.321751
24,76,3.141593
24,82,2.819842
25,12,1.249046
25,14,1.892547
25,37,2.356194
25,42,-0.785398
25,79,-0.321751
25,82,-2.356194
26,11,0.321751
26,16,1.570796
26,32,3.141593
26,36,-0.785398
26,63,2.356194
26,71,0.321751
26,73,3.141593
27,20,2.356194
27,26,0.785398
27,27,1.892547
27,62,-0.785398
27,68,-0.785398
28,13,-1.892547
28,18,-0.785398
28,19,-1.892547
28,27,-1.249046
28,28,-2.356194
28,57,0.000000
28,58,3.141593
28,70,0.321751
28,77,-0.785398
29,6,0.321751
29,15,0.000000
29,16,-1.892547
29,54,-1.570796
29,70,-0.785398
29,80,2.819842
30,13,2.356194
30,14,0.000000
30,33,3.141593
30,36,2.356194
30,41,2.356194
30,47,2.356194
30,80,-1.570796
30,83,-0.321751
30,89,2.356194
31,5,0.321751
31,16,2.356194
31,29,0.785398
31,39,0.000000
31,46,-0.785398
31,74,-0.785398
31,76,-2.356194
31,81,1.570796
31,89,3.141593
32,15,-1.892547
32,30,-1.570796
32,35,-1.570796
32,59,2.356194
32,66,2.356194
32,76,0.000000
32,81,-0.321751
32,85,-1.249046
32,86,-2.356194
32,89,-2.356194
33,4,0.321751
33,6,2.819842
33,19,0.785398
33,20,1.570796
33,21,2.356194
33,27,0.785398
33,28,1.892547
33,32,3.141593
33,54,1.570796
33,68,-0.785398
34,29,2.819842
34,35,1.570796
34,57,-0.785398
34,64,-0.785398
34,74,1.570796
34,88,0.321751
34,90,2.819842
35,4,-0.321751
35,29,-2.356194
35,40,0.000000
35,43,3.141593
35,52,0.000000
35,70,1.570796
35,73,0.321751
35,74,-2.819842
35,79,2.819842
35,84,-1.249046
35,85,3.141593
35,88,-1.570796
35,90,-2.356194
36,9,-1.892547
36,29,2.356194
36,35,-1.570796
36,46,0.000000
36,47,3.141593
36,63,2.356194
36,73,-1.570796
36,76,0.321751
36,86,0.000000
36,87,2.356194
37,11,-1.570796
37,62,-0.785398
37,66,2.356194
37,76,-1.570796
37,87,-2.356194
38,2,-0.785398
38,7,-2.819842
38,40,0.000000
38,42,3.141593
38,68,-0.785398
38,78,-0.785398
38,90,2.356194
39,31,1.892547
39,53,2.356194
39,74,-0.785398
39,78,2.356194
39,81,0.000000
39,83,0.785398
39,90,3.141593
40,2,0.321751
40,3,-2.819842
40,5,0.321751
40,11,1.570796
40,19,2.356194
40,22,3.141593
40,31,-1.249046
40,32,-2.356194
40,40,3.141593
40,45,0.000000
40,48,3.141593
40,52,-0.785398
40,63,-0.785398
40,67,2.356194
40,77,0.321751
40,78,-2.819842
40,81,-0.785398
40,84,-2.356194
40,90,-2.356194
41,2,-0.785398
41,11,-2.819842
41,21,-1.570796
41,26,0.321751
41,66,-0.785398
41,77,-1.570796
41,84,0.785398
42,4,1.570796
42,7,-2.819842
42,9,0.321751
42,29,3.141593
42,41,0.000000
42,42,3.141593
42,84,0.000000
43,6,-1.570796
43,9,-1.570796
43,11,0.785398
43,12,3.141593
43,37,3.141593
43,65,2.356194
43,68,-0.785398
43,72,2.356194
43,90,2.356194
44,3,-1.570796
44,5,0.000000
44,8,-0.785398
44,11,-1.570796
44,17,1.249046
44,18,3.141593
44,21,1.249046
44,22,3.141593
44,64,-0.785398
44,75,-1.570796
44,79,0.000000
44,84,-1.570796
44,85,3.141593
44,90,3.141593
45,16,0.000000
45,17,-1.892547
45,60,2.356194
45,78,1.570796
45,90,-2.356194
46,2,-1.570796
46,7,2.356194
46,19,0.000000
46,20,-1.892547
46,26,2.356194
46,31,0.000000
46,32,3.141593
46,35,0.000000
46,38,3.141593
46,59,-0.785398
46,72,2.356194
46,77,0.321751
46,78,-2.819842
46,83,2.819842
46,87,1.570796
47,14,-0.785398
47,41,0.000000
47,43,3.141593
47,68,-0.785398
47,87,-0.321751
47,88,2.819842
48,6,2.356194
48,21,1.249046
48,22,3.141593
48,29,3.141593
48,76,0.000000
48,80,0.000000
48,81,-1.570796
48,83,3.141593
48,88,-1.570796
48,90,2.356194
49,3,2.356194
49,5,0.321751
49,6,-2.819842
49,8,-1.570796
49,13,2.356194
49,20,0.321751
49,26,-0.785398
49,37,0.000000
49,38,3.141593
49,69,-0.785398
49,73,2.356194
49,79,1.570796
49,83,-2.356194
49,90,3.141593
50,2,0.321751
50,3,-2.819842
50,5,-0.785398
50,20,-1.570796
50,23,0.785398
50,24,1.892547
50,79,-2.819842
50,90,-2.356194
51,2,-0.785398
51,5,0.000000
51,7,2.356194
51,19,0.000000
51,22,0.785398
51,32,3.141593
51,47,2.356194
51,77,0.321751
51,81,1.249046
51,84,2.819842
52,4,1.570796
52,6,0.000000
52,23,-0.785398
52,24,-1.892547
52,36,0.000000
52,37,3.141593
52,41,0.000000
52,43,3.141593
52,46,-0.785398
52,67,2.356194
52,80,0.321751
53,4,-2.819842
53,11,-1.570796
53,16,-1.570796
53,73,1.570796
53,77,-2.819842
53,84,0.000000
53,87,0.785398
54,3,-0.785398
54,18,2.356194
54,31,0.000000
54,32,3.141593
54,49,2.356194
54,73,-2.819842
54,75,0.321751
54,80,-2.819842
54,84,-0.785398
55,10,1.570796
55,13,2.356194
55,15,1.570796
55,17,0.321751
55,18,-2.819842
55,26,2.356194
55,35,0.000000
55,37,3.141593
55,60,2.356194
55,71,0.000000
55,72,-1.892547
55,75,-1.570796
55,90,2.356194
56,12,0.321751
56,13,-2.819842
56,17,-0.785398
56,23,2.356194
56,26,3.141593
56,55,2.356194
56,59,-0.785398
56,63,-0.785398
56,70,-0.785398
56,84,2.356194
56,90,-2.356194
57,6,2.356194
57,12,-0.785398
57,26,-2.356194
57,45,-0.785398
57,50,2.356194
57,54,-0.785398
57,81,2.356194
57,82,0.785398
58,5,0.321751
58,21,0.321751
58,22,-2.819842
58,26,0.785398
58,36,3.141593
58,48,0.000000
58,60,1.570796
58,75,0.321751
58,85,-2.356194
58,86,0.785398
59,5,-0.785398
59,7,0.000000
59,21,-0.785398
59,26,-0.321751
59,28,2.356194
59,55,2.356194
59,60,-1.570796
59,65,-1.570796
59,72,-1.570796
59,75,-1.570796
59,87,-1.570796
59,90,2.356194
60,5,2.356194
60,21,-1.570796
60,54,-0.785398
60,68,2.356194
60,74,1.570796
60,81,0.000000
60,90,3.141593
61,4,0.321751
61,5,-2.819842
61,10,-1.570796
61,25,2.356194
61,26,-0.785398
61,27,-2.356194
61,37,0.000000
61,38,3.141593
61,44,2.356194
61,74,-2.819842
61,90,-2.356194
62,4,-0.785398
62,24,-0.785398
62,28,0.785398
62,29,2.356194
62,31,3.141593
62,42,0.000000
62,62,3.141593
62,72,0.000000
62,73,-1.892547
62,82,-0.785398
62,84,0.000000
62,85,1.892547
63,2,-1.570796
63,9,1.570796
63,22,1.570796
63,28,-0.785398
63,50,0.000000
63,51,3.141593
63,60,-0.785398
63,65,1.570796
63,70,1.249046
63,71,3.141593
63,86,2.819842
64,7,2.356194
64,33,2.356194
64,39,0.000000
64,40,3.141593
64,45,3.141593
64,64,0.000000
64,81,2.356194
64,86,-1.570796
65,6,0.321751
65,7,-2.819842
65,29,0.785398
65,31,1.249046
65,32,3.141593
65,43,-0.785398
65,63,1.570796
65,87,1.570796
65,90,2.356194
66,6,-0.785398
66,52,2.356194
66,57,3.141593
66,62,0.000000
66,72,0.000000
66,73,-1.892547
66,77,1.249046
66,81,-1.570796
66,90,-2.819842
67,19,-1.570796
67,22,-1.570796
67,31,-2.356194
67,66,0.000000
67,67,-1.892547
67,83,-1.570796
68,44,2.356194
68,49,2.356194
68,59,1.249046
68,60,3.141593
68,70,1.570796
68,75,-1.570796
69,17,0.785398
69,20,1.570796
69,23,1.570796
69,30,0.321751
69,32,2.819842
69,38,3.141593
69,43,3.141593
69,48,-1.570796
69,53,-0.785398
69,58,0.321751
69,70,-2.819842
69,74,1.570796
69,84,0.785398
70,3,2.356194
70,15,0.785398
70,26,-1.570796
70,30,-0.785398
70,36,3.141593
70,42,-1.570796
70,58,-1.570796
70,74,-2.819842
70,77,0.321751
70,80,0.000000
70,84,-0.321751
71,2,0.321751
71,3,-2.819842
71,5,1.570796
71,15,-0.321751
71,31,-0.785398
71,40,1.249046
71,41,3.141593
71,51,2.356194
71,56,1.249046
71,57,3.141593
71,61,1.249046
71,62,3.141593
71,72,0.000000
71,73,-1.892547
71,81,-2.356194
71,85,-1.249046
71,86,-2.356194
71,89,2.356194
72,2,-0.785398
72,16,-2.356194
72,21,1.570796
72,24,-1.570796
72,35,3.141593
72,39,0.000000
72,40,-1.892547
72,44,1.249046
72,45,3.141593
72,49,1.249046
72,50,3.141593
72,55,0.000000
72,56,-1.892547
72,60,0.000000
72,61,-1.892547
72,77,-0.321751
72,78,2.819842
72,89,-2.819842
73,7,0.785398
73,18,-0.321751
73,19,2.819842
73,43,0.000000
73,44,-1.892547
73,65,0.000000
73,66,-1.892547
73,70,1.570796
73,78,-1.570796
73,88,-0.785398
74,7,-0.321751
74,8,2.819842
74,19,-2.356194
74,25,0.785398
74,29,0.000000
74,35,-1.570796
74,36,-2.356194
74,70,-2.819842
74,74,0.785398
74,82,0.785398
75,8,-2.356194
75,41,3.141593
75,51,1.249046
75,52,3.141593
75,62,1.249046
75,63,3.141593
75,68,0.000000
75,69,-1.892547
75,75,-1.570796
75,82,-0.321751
75,83,2.819842
76,17,0.785398
76,20,1.570796
76,27,-2.356194
76,32,-2.356194
76,40,-0.785398
76,44,1.249046
76,46,-1.892547
76,50,0.000000
76,51,-1.892547
76,67,3.141593
76,83,-2.356194
77,8,0.785398
77,17,-0.321751
77,18,2.819842
77,20,-0.321751
77,21,2.819842
77,55,3.141593
77,60,0.000000
77,61,-1.892547
77,66,-1.570796
77,76,-1.570796
77,83,0.785398
78,5,0.785398
78,8,-0.321751
78,9,2.819842
78,18,-2.356194
78,29,0.785398
78,54,-1.570796
78,58,1.249046
78,59,3.141593
78,64,1.249046
78,65,3.141593
78,71,1.570796
78,84,3.141593
79,5,-0.321751
79,6,2.819842
79,9,-2.356194
79,21,-0.321751
79,22,2.819842
79,30,-2.356194
79,45,0.785398
79,46,1.570796
79,57,0.321751
79,63,0.000000
80,9,0.785398
80,19,1.570796
80,22,-1.570796
80,32,0.000000
80,33,3.141593
80,43,-1.570796
80,69,1.570796
80,88,2.356194
81,6,-0.321751
81,7,2.819842
81,9,-0.321751
81,10,2.819842
81,19,-0.321751
81,20,2.819842
81,23,1.570796
81,46,2.356194
81,49,0.785398
81,50,2.356194
81,51,0.785398
81,55,1.570796
81,57,-1.570796
81,59,1.570796
81,60,3.141593
81,72,-1.570796
81,88,-2.819842
82,3,1.570796
82,7,-2.356194
82,10,-1.570796
82,17,1.570796
82,20,-1.570796
82,23,-0.321751
82,28,-2.356194
82,41,-0.785398
82,46,-2.819842
82,87,-0.785398
83,3,-0.321751
83,14,0.785398
83,17,-0.321751
83,18,2.819842
83,21,1.570796
83,48,0.321751
83,49,-2.819842
83,66,0.785398
83,73,0.785398
83,77,1.570796
84,5,2.819842
84,8,1.570796
84,14,-0.321751
84,15,2.819842
84,18,-1.570796
84,21,-0.321751
84,22,2.819842
84,25,-1.249046
84,26,3.141593
84,33,0.000000
84,34,3.141593
84,43,0.000000
84,44,-1.892547
84,59,2.356194
84,63,1.570796
84,67,3.141593
84,77,-0.321751
84,78,2.819842
85,2,1.570796
85,8,-0.321751
85,15,-1.570796
85,22,-1.570796
85,41,1.249046
85,42,3.141593
85,48,-2.819842
85,51,1.570796
85,55,2.356194
85,58,0.321751
85,59,-2.819842
85,71,1.570796
85,74,0.785398
86,2,0.785398
86,5,-0.321751
86,6,2.819842
86,10,2.819842
86,23,0.000000
86,24,1.892547
86,40,-0.785398
86,41,-1.892547
86,46,0.000000
86,47,-1.892547
86,51,-2.819842
86,54,0.321751
86,55,-2.819842
86,58,-0.785398
86,71,-0.321751
86,72,2.819842
86,74,-0.321751
86,75,2.819842
86,78,-0.321751
86,79,2.819842
87,2,-0.321751
87,3,2.819842
87,10,-1.570796
87,17,1.570796
87,24,-1.249046
87,25,3.141593
87,54,-1.570796
87,68,0.785398
87,72,-2.356194
87,75,-1.570796
87,79,-1.570796
88,3,-2.356194
88,6,-0.321751
88,18,3.141593
88,48,0.000000
88,49,-1.892547
88,60,1.570796
88,66,1.570796
88,68,-0.321751
88,69,2.819842
88,72,0.785398
88,76,1.570796
88,80,1.570796
88,87,2.356194
89,29,0.785398
89,30,1.892547
89,39,0.000000
89,47,-0.785398
89,57,1.570796
89,69,-2.356194
89,72,-0.321751
89,73,2.819842
89,76,-0.321751
89,77,2.819842
89,81,3.141593
89,87,-2.819842
90,2,0.785398
90,8,-1.249046
90,9,3.141593
90,13,-2.356194
90,15,0.785398
90,30,-1.249046
90,31,-2.356194
90,37,3.141593
90,56,0.000000
90,66,0.785398
90,86,-0.785398
91,2,-0.321751
91,5,1.892547
91,10,0.000000
91,11,1.892547
91,17,1.892547
91,49,-0.785398
91,66,-0.321751
91,67,2.819842
91,73,-0.321751
91,77,-0.321751
91,83,2.356194
92,6,3.141593
92,17,-1.249046
92,18,3.141593
92,29,-2.356194
92,41,2.356194
92,46,0.000000
92,47,3.141593
92,67,-2.356194
92,78,-1.249046
92,79,-2.356194
93,3,0.000000
93,7,0.000000
93,8,1.892547
93,12,-1.249046
93,13,3.141593
93,19,-2.356194
93,31,0.000000
93,51,0.000000
93,58,-0.785398
93,65,1.570796
93,71,1.570796
93,76,2.819842
94,3,-0.785398
94,8,-1.249046
94,9,3.141593
94,14,0.000000
94,15,1.892547
94,21,0.000000
94,27,3.141593
94,62,-1.570796
94,65,-1.570796
94,68,-2.356194
94,71,-0.321751
95,3,0.785398
95,15,-1.249046
95,17,1.892547
95,29,0.000000
95,31,3.141593
95,42,0.000000
95,46,3.141593
95,53,0.000000
95,54,3.141593
95,76,-0.321751
96,4,-2.356194
96,8,3.141593
96,17,-1.249046
96,19,1.892547
96,33,0.000000
96,34,3.141593
96,36,0.000000
96,38,3.141593
96,80,-0.785398
96,81,-1.892547
97,19,-1.249046
97,20,-2.356194
97,21,0.785398
97,22,1.892547
97,47,0.000000
97,48,3.141593
97,58,3.141593
97,74,-1.249046
97,75,-2.356194
97,76,-0.785398
97,77,-1.892547
98,16,3.141593
98,22,-1.249046
98,23,-2.356194
98,25,-0.785398
98,26,-1.570796
98,27,-2.356194
98,31,3.141593
98,40,0.000000
98,45,3.141593
98,53,0.000000
98,62,-0.785398
98,70,-2.356194
