12,26,1.249046
12,27,2.356194
12,51,0.785398
12,52,1.570796
12,53,2.356194
12,56,0.785398
12,57,1.570796
12,58,2.356194
12,59,0.785398
12,60,1.570796
12,61,2.356194
12,62,0.785398
12,63,1.892547
13,78,0.785398
14,26,-1.570796
14,63,-0.785398
14,79,-1.570796
15,14,3.141593
16,13,-1.570796
18,81,2.356194
20,13,3.141593
21,10,0.321751
21,78,0.321751
22,54,-2.356194
22,78,-0.785398
23,9,0.321751
23,10,-2.819842
23,50,-0.321751
23,60,2.356194
24,9,-0.785398
24,51,-1.249046
25,53,-1.249046
25,54,-2.356194
25,55,3.141593
25,60,-1.249046
25,86,2.356194
26,9,2.356194
26,50,3.141593
26,57,0.000000
26,58,3.141593
26,63,-2.356194
26,77,2.356194
27,8,0.321751
27,60,0.000000
27,61,0.000000
28,8,-0.785398
28,42,3.141593
28,44,0.000000
28,48,3.141593
28,51,-0.785398
28,56,0.785398
28,57,1.892547
28,66,2.356194
29,8,2.356194
29,57,-1.249046
29,58,-2.356194
29,63,0.785398
29,64,2.356194
29,79,-2.356194
30,7,0.321751
30,43,0.000000
30,44,3.141593
30,60,-2.356194
30,63,-0.785398
30,70,3.141593
31,7,-0.785398
31,39,0.785398
31,40,1.892547
31,50,0.000000
31,78,-1.249046
31,82,-2.356194
32,14,0.000000
32,20,1.249046
32,21,2.356194
32,40,-1.249046
32,41,-2.356194
32,42,3.141593
32,59,3.141593
32,66,3.141593
33,15,-1.570796
33,18,1.249046
33,20,-1.892547
33,45,0.000000
33,49,3.141593
33,81,-1.249046
33,82,-2.356194
33,86,-0.785398
33,88,2.819842
34,33,3.141593
34,52,0.000000
34,54,3.141593
34,63,0.000000
34,69,0.000000
34,76,0.000000
34,88,-1.570796
35,15,-0.785398
35,16,-1.892547
35,22,0.000000
35,28,3.141593
35,30,-0.785398
35,38,0.000000
35,46,3.141593
35,56,0.000000
35,58,3.141593
35,65,-2.356194
35,71,0.000000
35,72,1.892547
35,78,0.000000
35,79,1.892547
36,48,0.000000
36,50,3.141593
36,60,0.000000
36,67,0.785398
36,72,-1.249046
36,73,-2.356194
36,79,-1.249046
36,80,-2.356194
37,32,0.000000
37,34,3.141593
37,63,-2.356194
37,89,2.356194
38,7,3.141593
38,16,-0.785398
38,22,0.000000
38,23,3.141593
38,26,0.000000
38,28,3.141593
38,40,0.000000
38,45,3.141593
38,56,0.000000
38,57,3.141593
38,70,0.000000
38,71,1.892547
38,83,0.000000
38,84,1.892547
38,87,0.785398
38,89,-2.819842
39,4,0.321751
39,8,0.000000
39,9,1.570796
39,10,2.356194
39,14,3.141593
39,49,0.000000
39,52,3.141593
39,59,0.000000
39,61,3.141593
39,71,-1.249046
39,72,3.141593
39,78,0.000000
39,79,1.892547
39,84,-1.249046
40,4,-0.785398
40,11,0.000000
40,37,1.570796
40,54,0.000000
40,55,3.141593
40,63,0.785398
40,79,-1.249046
40,80,3.141593
40,86,-1.249046
40,88,-1.570796
40,89,3.141593
41,10,-2.356194
41,28,0.000000
41,34,3.141593
41,37,-1.570796
41,43,0.000000
41,49,3.141593
41,76,3.141593
41,81,0.000000
41,82,1.892547
42,14,0.000000
42,15,3.141593
42,52,0.000000
42,53,3.141593
43,12,3.141593
43,20,2.356194
43,40,0.000000
43,41,3.141593
43,73,0.785398
43,79,0.785398
43,85,2.356194
43,90,0.785398
44,10,-0.785398
44,33,0.000000
44,35,3.141593
44,47,0.000000
44,52,3.141593
44,74,-2.356194
44,91,2.819842
45,8,2.356194
45,16,-0.785398
45,27,3.141593
45,54,0.000000
45,56,3.141593
45,76,0.785398
45,88,0.000000
45,91,-2.356194
46,3,0.785398
46,11,1.249046
46,12,2.356194
46,13,3.141593
46,21,0.000000
46,36,0.000000
46,37,3.141593
46,39,0.000000
46,46,3.141593
46,65,0.000000
46,67,3.141593
46,72,-2.356194
46,77,-2.356194
46,82,-2.356194
46,85,-2.356194
47,3,0.000000
47,5,1.570796
47,6,3.141593
47,19,2.356194
47,31,0.000000
47,34,3.141593
47,50,0.000000
47,52,3.141593
47,74,0.785398
47,91,2.819842
48,10,-1.892547
48,14,2.356194
48,56,0.000000
48,57,3.141593
48,80,0.785398
48,84,0.785398
48,89,0.785398
48,91,-2.356194
49,8,-1.570796
49,17,-0.785398
49,22,1.249046
49,23,2.356194
49,24,3.141593
49,40,0.000000
49,42,3.141593
49,47,1.570796
49,72,0.000000
49,89,-0.321751
50,2,0.321751
50,21,0.000000
50,22,-1.892547
50,29,0.000000
50,33,3.141593
50,47,-1.570796
50,51,0.000000
50,52,3.141593
50,90,-1.570796
51,2,-0.785398
51,5,0.785398
51,6,3.141593
51,15,3.141593
51,26,0.000000
51,27,3.141593
51,55,0.000000
51,56,3.141593
51,63,0.000000
51,79,-2.356194
51,83,-2.356194
51,91,-2.356194
52,2,0.785398
52,5,-1.570796
52,9,-0.785398
52,24,2.356194
52,34,0.000000
52,39,3.141593
52,42,0.000000
52,44,3.141593
52,76,-2.356194
53,3,-2.356194
53,21,0.000000
53,51,0.000000
53,53,3.141593
53,68,3.141593
53,73,0.785398
54,10,1.249046
54,11,3.141593
54,28,0.000000
54,29,3.141593
54,55,0.000000
54,56,3.141593
54,63,0.000000
54,89,-1.570796
55,9,0.000000
55,10,-1.892547
55,14,-0.785398
55,18,0.000000
55,19,3.141593
55,36,0.000000
55,39,3.141593
55,45,0.000000
55,47,3.141593
55,75,-2.356194
55,81,0.785398
56,8,-0.785398
56,31,0.000000
56,32,3.141593
56,72,0.785398
56,86,0.000000
57,3,1.570796
57,68,-2.356194
58,19,3.141593
58,33,0.000000
58,35,3.141593
58,49,0.000000
58,51,3.141593
58,70,0.785398
58,74,-2.356194
58,85,-2.356194
58,90,3.141593
59,13,2.356194
59,23,2.356194
59,54,0.000000
59,55,3.141593
59,71,-2.356194
59,87,0.785398
60,2,-1.570796
60,12,-0.785398
60,16,-0.785398
60,36,0.000000
60,38,3.141593
60,58,0.000000
60,59,3.141593
60,73,1.570796
60,83,0.785398
61,19,1.249046
61,20,3.141593
61,73,-1.570796
62,17,0.000000
62,18,-0.785398
62,19,-1.892547
62,23,0.000000
62,24,3.141593
62,44,0.785398
62,69,0.785398
62,89,-1.570796
63,12,2.356194
63,45,-2.356194
63,48,0.000000
63,49,3.141593
63,71,3.141593
64,62,0.785398
64,82,0.785398
64,87,-2.356194
65,4,2.356194
65,9,-0.785398
65,13,0.000000
65,14,3.141593
65,29,2.356194
65,63,-2.356194
65,79,0.785398
66,2,0.000000
66,34,0.000000
66,41,3.141593
66,49,0.000000
66,51,3.141593
66,65,0.785398
66,75,0.785398
66,80,1.570796
66,90,1.570796
67,28,-1.570796
67,66,-2.356194
67,80,-0.321751
67,85,-2.356194
67,90,-1.570796
68,10,2.356194
68,44,0.000000
68,45,3.141593
69,19,3.141593
69,88,0.000000
70,8,-0.785398
70,17,0.000000
70,21,0.785398
70,23,0.000000
70,34,1.570796
70,75,0.785398
70,79,-2.356194
70,83,-1.249046
70,84,3.141593
71,21,0.000000
71,39,1.570796
71,85,-2.356194
71,91,-2.356194
72,18,0.785398
72,21,-0.785398
72,54,2.356194
72,56,3.141593
72,69,0.785398
72,73,0.785398
73,3,2.356194
73,6,2.356194
73,19,3.141593
73,21,2.356194
73,26,0.000000
73,35,-2.356194
73,53,-0.785398
74,2,-0.785398
74,20,-0.785398
74,21,-2.356194
74,27,-2.356194
74,53,-1.570796
74,71,-2.356194
74,75,-2.356194
74,79,-2.356194
74,84,0.785398
75,11,2.356194
75,16,3.141593
75,27,2.356194
75,44,0.785398
75,61,0.000000
75,81,0.785398
76,26,0.321751
76,27,-2.819842
76,58,0.785398
76,63,-2.356194
77,23,1.570796
77,59,-2.356194
78,2,-0.785398
78,24,-2.356194
78,41,0.785398
78,42,1.570796
78,43,2.356194
78,44,-0.785398
78,45,-1.570796
78,46,3.141593
78,55,0.785398
79,47,-2.356194
79,56,-2.356194
79,63,0.785398
79,81,0.785398
79,85,0.000000
79,86,1.892547
80,26,-0.785398
80,64,-2.356194
80,69,0.785398
80,77,0.785398
80,82,-2.356194
80,91,-2.356194
81,6,-0.785398
81,35,3.141593
81,61,0.785398
81,74,0.785398
81,87,-1.249046
81,88,3.141593
82,25,-0.785398
82,26,-1.570796
82,27,-2.356194
82,28,-0.785398
82,29,-1.570796
82,31,1.570796
82,32,2.356194
82,42,2.356194
82,49,0.000000
82,52,0.785398
82,53,1.892547
82,67,0.785398
82,71,-2.356194
82,79,-2.356194
83,11,1.570796
83,17,0.000000
83,39,2.356194
83,40,0.785398
83,53,-1.249046
83,54,3.141593
84,7,-0.785398
84,36,1.570796
84,38,-0.785398
84,43,2.819842
84,55,0.000000
84,56,1.892547
84,68,-1.570796
84,82,0.785398
84,90,-1.570796
85,38,-1.570796
85,57,-2.356194
85,87,0.785398
86,3,-1.570796
86,6,2.356194
86,9,1.570796
86,36,-1.570796
86,55,-0.785398
86,59,-2.356194
86,65,-1.570796
86,88,-2.356194
87,9,-2.819842
87,23,1.570796
87,27,2.356194
87,30,-0.785398
87,38,0.000000
87,39,3.141593
87,61,0.000000
87,80,-2.356194
88,4,1.570796
88,7,0.321751
88,11,1.570796
88,26,-0.785398
88,72,0.785398
88,85,0.000000
88,86,1.892547
89,3,0.321751
89,4,-2.819842
89,7,-1.570796
89,11,2.356194
89,73,-2.356194
89,77,0.785398
89,82,0.785398
89,87,2.819842
89,91,1.570796
90,3,-1.570796
90,13,1.249046
90,14,2.356194
90,17,3.141593
90,48,0.000000
90,50,3.141593
90,75,0.785398
90,87,-1.570796
90,91,-1.570796
91,9,0.321751
91,20,-0.785398
91,37,1.570796
91,79,-2.356194
92,5,1.570796
92,9,-1.570796
92,37,-1.570796
92,62,0.785398
92,66,-1.570796
92,71,0.785398
92,77,-2.356194
92,84,-2.356194
93,2,0.785398
93,5,-2.819842
93,8,1.570796
93,11,0.321751
93,12,-2.819842
93,19,2.356194
93,31,2.356194
93,34,2.356194
93,41,2.356194
93,45,0.000000
93,50,0.000000
93,59,1.570796
93,63,-2.356194
93,72,-2.356194
94,2,-0.321751
94,7,0.321751
94,8,-2.819842
94,11,-1.570796
94,30,-0.785398
94,40,-0.785398
94,47,-2.356194
94,52,-2.356194
94,87,1.570796
95,10,1.570796
95,14,2.356194
95,18,-1.570796
95,33,-1.570796
95,60,-2.356194
95,65,0.785398
95,70,1.570796
95,73,0.785398
95,83,0.785398
96,3,0.785398
96,7,-2.819842
96,9,0.321751
96,10,-2.819842
96,88,0.000000
96,89,1.892547
96,91,2.356194
97,4,-2.356194
97,5,-0.785398
97,6,-1.892547
97,9,-0.785398
97,16,1.570796
97,31,2.356194
97,34,1.570796
97,41,0.000000
97,42,3.141593
97,63,0.785398
97,67,-2.356194
97,89,-1.249046
98,9,-1.570796
98,12,-0.785398
98,16,-1.570796
98,30,-0.785398
98,34,-1.570796
98,64,-2.356194
98,72,-2.356194
98,75,-1.570796
98,86,-2.356194
