14,38,0.785398
14,39,1.570796
14,40,2.356194
14,43,0.785398
14,44,1.570796
14,45,2.356194
14,50,0.785398
14,51,1.570796
14,52,2.356194
14,56,0.785398
14,57,1.570796
14,58,2.356194
15,20,0.785398
15,21,2.356194
15,73,1.570796
16,15,3.141593
16,21,-1.570796
17,14,-0.785398
18,70,1.249046
19,72,-2.356194
23,45,2.819842
24,42,0.321751
25,45,-2.819842
25,51,2.356194
25,63,0.321751
26,42,0.000000
26,44,-1.892547
26,51,3.141593
26,85,2.356194
27,49,-0.785398
27,63,3.141593
27,72,2.356194
27,83,1.249046
28,40,0.785398
28,46,2.356194
28,51,-2.819842
28,57,2.356194
28,72,3.141593
28,82,0.321751
29,36,2.356194
29,40,-0.785398
29,45,1.570796
29,50,-0.785398
29,57,-2.819842
29,82,-0.785398
29,85,-0.785398
30,44,0.321751
30,54,1.249046
30,59,1.249046
30,61,-1.892547
30,73,2.819842
31,39,0.321751
31,53,0.321751
31,57,0.785398
31,59,-1.892547
31,68,-0.785398
31,69,-1.892547
31,73,-2.356194
31,82,2.356194
32,36,1.570796
32,43,-0.785398
32,44,-1.570796
32,48,0.785398
32,51,3.141593
32,82,3.141593
33,26,0.000000
33,36,0.000000
33,38,-0.785398
33,52,-0.785398
33,53,-1.570796
33,75,3.141593
34,33,1.892547
34,58,-2.356194
34,59,0.785398
34,60,2.356194
34,78,0.000000
34,79,-0.785398
34,80,-1.570796
34,82,-1.570796
34,83,-2.356194
34,90,0.785398
35,35,-0.785398
35,40,-0.785398
35,43,2.819842
35,46,0.785398
35,56,-0.785398
35,71,3.141593
35,90,-0.321751
35,91,2.819842
36,43,-2.356194
36,46,-0.321751
36,47,2.819842
36,57,1.570796
36,60,-0.785398
36,61,3.141593
36,63,1.249046
36,64,3.141593
36,73,0.000000
36,76,3.141593
36,91,-2.356194
37,40,-1.570796
37,58,-2.356194
38,22,2.356194
38,28,0.000000
38,30,-1.570796
38,31,-2.356194
38,44,-2.356194
38,47,-0.321751
38,48,2.819842
38,51,-1.570796
38,86,0.785398
38,91,-1.570796
39,17,1.249046
39,18,2.356194
39,41,1.570796
39,63,0.000000
39,74,0.785398
39,75,1.570796
39,76,2.356194
39,80,0.785398
39,81,1.892547
40,9,0.321751
40,11,-2.356194
40,20,3.141593
40,24,0.785398
40,25,1.570796
40,26,2.356194
40,28,3.141593
40,41,-1.570796
40,48,-0.321751
40,63,-0.785398
40,81,-1.249046
40,83,1.892547
40,89,-2.356194
41,9,-0.785398
41,17,-1.249046
41,19,-1.892547
41,28,-1.570796
41,49,-1.249046
41,50,-2.356194
41,51,3.141593
41,63,0.785398
41,75,0.785398
41,83,-1.249046
41,84,-2.356194
41,85,0.785398
41,86,1.892547
42,22,1.570796
42,29,-2.356194
42,36,0.785398
42,64,-2.356194
42,66,0.785398
42,67,1.570796
42,68,2.356194
42,72,3.141593
42,76,3.141593
42,86,-1.249046
42,87,3.141593
43,37,-2.356194
43,79,3.141593
43,90,3.141593
44,19,-0.785398
44,24,-1.570796
44,25,3.141593
44,47,0.000000
44,49,3.141593
44,67,0.785398
44,83,0.000000
44,85,3.141593
45,22,-0.785398
45,26,1.570796
45,42,1.570796
45,67,-0.321751
45,69,2.356194
45,74,3.141593
46,9,0.785398
46,22,0.000000
46,26,-0.321751
46,27,2.819842
46,30,1.570796
46,39,0.785398
46,77,0.000000
47,9,0.000000
47,23,0.000000
47,30,0.785398
47,33,0.785398
47,68,2.356194
47,83,3.141593
48,9,-0.785398
48,21,2.356194
48,24,-2.356194
48,27,-0.321751
48,28,2.819842
48,30,-0.321751
48,31,2.819842
48,34,-2.356194
48,54,1.570796
48,66,0.000000
48,75,3.141593
49,19,0.000000
49,21,-2.819842
49,24,-1.570796
49,31,-1.570796
49,38,1.570796
49,45,-2.356194
49,50,0.785398
49,54,-1.570796
49,68,-1.249046
49,70,2.356194
49,82,1.570796
49,89,0.785398
50,28,-0.321751
50,29,2.819842
50,35,1.570796
50,42,-2.356194
50,56,0.000000
50,57,3.141593
50,70,-2.356194
50,91,3.141593
51,20,0.000000
51,22,1.892547
51,32,-1.570796
51,39,-2.356194
51,47,0.785398
51,53,-2.356194
51,65,0.000000
51,75,0.000000
51,82,2.356194
52,23,2.819842
52,26,1.570796
52,29,-0.321751
52,30,2.819842
52,36,-2.356194
52,48,-2.356194
52,69,-0.785398
52,71,2.819842
52,81,-0.785398
53,19,0.321751
53,26,-1.570796
53,30,-1.570796
53,33,0.785398
53,45,0.785398
53,57,1.570796
54,22,-2.356194
54,24,-2.356194
54,31,1.570796
54,34,-2.356194
54,41,0.000000
54,57,-1.570796
54,71,-0.321751
54,73,2.356194
54,76,3.141593
54,86,1.570796
55,19,-0.785398
55,20,-2.356194
55,32,3.141593
55,47,0.000000
55,48,1.892547
55,67,0.785398
55,86,-1.570796
56,18,1.570796
56,33,-2.356194
56,44,-2.356194
56,69,3.141593
56,72,0.785398
57,17,0.321751
57,18,-2.819842
57,30,0.785398
57,49,-1.249046
57,50,3.141593
57,62,0.000000
57,63,3.141593
57,72,0.000000
57,85,0.785398
58,59,0.785398
58,72,-0.785398
58,79,-2.356194
59,8,0.321751
59,10,-2.356194
59,14,0.785398
59,15,1.570796
59,17,3.141593
59,35,0.785398
59,38,0.785398
59,48,1.570796
59,72,0.785398
60,8,-0.785398
60,24,0.000000
60,25,3.141593
60,33,-2.356194
60,36,-2.356194
60,48,-1.570796
60,56,3.141593
60,62,3.141593
60,74,2.356194
60,77,3.141593
60,89,-2.356194
61,17,3.141593
61,69,0.000000
61,71,-0.785398
61,87,0.785398
62,17,-1.570796
62,31,1.570796
62,81,0.000000
62,83,3.141593
63,31,-1.570796
63,54,0.785398
63,73,-0.321751
63,75,2.356194
63,77,3.141593
64,42,-2.356194
64,55,-2.356194
64,86,0.785398
64,91,-2.356194
65,18,0.785398
65,75,-2.356194
65,82,0.000000
65,83,3.141593
65,88,3.141593
66,8,0.785398
66,20,2.356194
66,22,3.141593
66,72,0.321751
66,78,3.141593
67,8,0.000000
67,17,-0.785398
67,72,-0.785398
67,86,1.570796
68,8,-0.785398
68,19,-2.356194
68,27,0.785398
68,69,0.785398
68,76,3.141593
68,82,1.570796
68,86,-1.570796
69,33,0.000000
69,34,3.141593
69,70,0.000000
69,71,2.356194
69,82,-1.570796
70,20,1.570796
70,25,0.785398
70,39,0.785398
70,44,0.785398
70,59,0.785398
70,65,0.000000
70,79,0.000000
70,80,3.141593
70,89,0.000000
71,20,-0.321751
71,26,-2.356194
71,29,-1.570796
71,45,-2.356194
71,50,0.785398
71,60,-2.356194
71,69,0.785398
71,85,0.000000
71,91,-2.356194
72,22,2.819842
72,34,1.570796
72,41,-2.356194
72,51,-2.356194
72,76,0.000000
72,88,3.141593
73,25,2.356194
73,57,0.000000
73,69,0.321751
73,79,3.141593
74,22,-0.321751
74,24,3.141593
74,35,-2.356194
74,59,-2.356194
74,69,-1.570796
74,71,-1.249046
74,84,0.000000
74,85,3.141593
75,32,0.785398
76,28,2.356194
76,57,0.785398
76,63,0.785398
77,25,-1.570796
77,27,1.570796
77,34,-2.356194
77,58,-2.356194
78,27,3.141593
78,41,0.000000
78,65,0.785398
78,66,3.141593
78,89,0.785398
79,27,-1.570796
79,43,-2.356194
79,49,1.570796
79,65,-1.570796
79,85,0.000000
80,28,1.570796
80,38,0.785398
80,49,-1.570796
80,58,0.785398
80,91,-2.356194
81,28,0.000000
81,30,1.892547
81,39,0.000000
81,40,1.892547
81,59,0.785398
81,60,2.356194
81,82,0.000000
81,83,3.141593
81,88,-2.356194
82,28,-1.570796
82,30,-1.249046
82,31,-2.356194
82,32,0.785398
82,33,1.892547
82,41,2.819842
82,59,-1.570796
83,27,-0.785398
83,34,2.819842
83,41,-2.356194
83,75,2.356194
83,80,1.570796
83,84,0.785398
84,55,0.785398
84,56,1.570796
84,57,3.141593
84,74,-0.785398
84,90,0.000000
84,91,3.141593
85,30,2.356194
85,36,0.785398
85,37,1.892547
85,41,2.356194
85,63,0.000000
85,64,3.141593
85,85,-1.570796
86,29,-0.785398
86,33,0.321751
86,40,-0.785398
86,41,-2.356194
86,82,-2.356194
87,33,-0.785398
87,37,-0.785398
87,43,0.785398
87,44,1.570796
87,45,2.356194
87,48,0.785398
87,49,1.570796
87,50,2.356194
87,51,0.000000
87,56,2.356194
87,69,0.000000
87,79,1.570796
88,37,-1.570796
88,55,0.321751
88,56,-2.819842
88,64,1.249046
88,65,2.356194
88,66,3.141593
88,74,-1.570796
88,79,-1.570796
89,27,2.356194
89,32,-0.785398
89,55,-1.570796
89,59,2.356194
89,89,0.785398
90,26,-0.785398
90,43,1.570796
90,49,2.356194
90,52,-1.570796
90,54,-0.785398
90,58,-0.785398
90,62,0.000000
90,63,-1.892547
90,69,1.249046
90,70,2.356194
91,8,-1.570796
91,42,0.321751
91,43,-2.819842
91,48,0.321751
91,49,-2.819842
92,25,1.570796
92,38,2.356194
92,42,-1.570796
92,48,-1.570796
92,65,0.000000
92,67,-0.785398
93,25,-1.570796
93,41,1.570796
93,47,1.570796
93,51,2.356194
93,70,0.785398
93,71,1.892547
93,75,-1.570796
93,90,-0.785398
94,40,0.321751
94,41,-2.819842
94,46,0.321751
94,47,-2.819842
94,50,1.570796
94,60,-1.570796
94,71,-1.249046
94,72,3.141593
94,87,0.785398
95,40,-1.570796
95,46,-1.570796
95,49,0.321751
95,50,-2.819842
95,73,0.000000
95,88,0.000000
96,49,-0.785398
96,53,2.356194
96,68,0.785398
96,74,-1.570796
96,89,-1.570796
97,35,-1.570796
97,45,-1.570796
97,49,-1.570796
97,79,0.000000
98,37,0.000000
98,51,-0.785398
98,60,0.000000
98,62,3.141593
98,71,-2.356194
98,75,-1.570796
98,81,-2.356194
98,90,-1.570796
