6,49,0.785398
6,50,1.570796
6,51,2.356194
7,40,1.249046
7,41,3.141593
7,58,1.570796
8,62,0.785398
8,63,1.570796
8,64,2.356194
8,67,0.785398
8,68,1.570796
8,69,2.356194
10,55,1.249046
11,29,1.249046
11,30,3.141593
11,38,-1.570796
11,54,0.321751
12,21,1.249046
12,22,2.356194
12,28,-0.785398
12,57,-2.819842
12,81,2.356194
13,41,0.785398
13,42,1.570796
13,51,-2.356194
13,53,-0.785398
13,54,-1.570796
13,56,-1.892547
15,42,-0.321751
15,49,-1.570796
15,50,3.141593
16,17,0.321751
16,52,2.356194
16,57,0.785398
17,17,-0.785398
17,44,2.819842
17,48,2.356194
17,49,0.785398
17,63,-1.249046
17,65,3.141593
18,32,0.321751
18,41,0.321751
18,68,2.356194
19,36,1.892547
19,60,-2.356194
20,34,-1.892547
20,38,1.892547
20,48,0.785398
20,64,-0.785398
20,65,-1.892547
20,69,-2.356194
20,72,0.785398
20,85,2.819842
21,40,-0.785398
21,41,-1.892547
21,43,-1.249046
21,67,-0.785398
21,85,-2.356194
22,35,0.321751
22,54,1.249046
22,55,2.356194
23,35,-1.570796
23,44,1.249046
23,46,-1.570796
23,47,-2.356194
23,48,-0.785398
23,49,-1.570796
23,51,1.570796
24,34,2.356194
24,38,-0.785398
24,41,2.356194
24,55,0.000000
24,58,0.785398
24,59,2.356194
24,65,-0.785398
24,66,-1.570796
24,67,-2.356194
25,28,1.249046
25,30,1.892547
25,44,-2.356194
25,69,1.570796
25,76,1.570796
25,77,2.356194
25,78,-0.785398
25,79,-1.892547
26,26,1.249046
26,38,0.000000
26,39,-1.892547
26,44,0.785398
26,55,-2.356194
26,58,-0.785398
26,59,-1.570796
26,60,3.141593
26,69,0.000000
27,36,2.356194
27,44,-0.785398
27,46,1.570796
27,47,2.356194
27,53,-0.785398
27,65,0.785398
27,66,1.892547
28,24,0.321751
28,35,-1.892547
28,50,-1.570796
28,66,-1.249046
28,67,-2.356194
28,68,-0.785398
28,69,-1.570796
28,75,-1.249046
28,76,-2.356194
28,81,0.785398
28,82,1.892547
28,85,0.000000
29,17,2.356194
29,40,0.785398
29,41,2.356194
29,46,0.785398
29,53,-1.570796
29,54,-2.356194
29,84,3.141593
30,32,-1.570796
30,41,-1.570796
30,50,-0.785398
30,51,-1.892547
30,73,2.356194
31,31,3.141593
31,36,1.249046
31,37,3.141593
31,43,2.356194
31,45,-0.785398
31,46,-1.892547
31,71,-0.785398
31,72,-1.892547
32,22,0.785398
32,23,1.892547
32,30,-1.892547
32,35,0.000000
32,36,-1.892547
32,41,0.000000
32,42,-1.892547
32,53,0.000000
32,61,0.785398
32,62,1.570796
32,63,2.356194
32,65,3.141593
32,81,-1.249046
33,13,0.321751
33,39,1.249046
33,40,3.141593
33,47,2.356194
33,72,0.785398
34,13,-0.785398
34,22,0.321751
34,32,1.249046
34,33,3.141593
34,37,1.249046
34,39,-1.892547
34,79,3.141593
34,88,2.356194
35,41,1.249046
35,42,2.356194
35,81,0.785398
36,22,-0.321751
36,26,-1.570796
36,29,1.249046
36,31,-1.892547
36,34,1.249046
36,36,-1.892547
36,40,0.000000
36,41,-1.892547
36,62,2.356194
36,72,0.000000
36,74,0.785398
36,75,1.892547
36,82,0.000000
36,86,-0.785398
36,87,-1.892547
37,61,0.321751
37,62,-2.819842
37,75,-1.249046
37,76,-2.356194
38,51,0.000000
38,52,0.785398
38,61,-0.785398
39,22,0.321751
39,26,3.141593
39,35,3.141593
39,41,3.141593
39,53,-2.356194
39,71,0.000000
39,78,1.249046
39,79,2.356194
40,38,1.249046
40,39,3.141593
40,89,2.356194
41,28,0.321751
41,33,-1.892547
41,37,0.000000
41,38,-1.892547
41,53,2.356194
41,77,-0.785398
41,89,3.141593
42,36,1.570796
42,42,2.356194
42,52,-0.785398
42,53,-2.356194
42,89,-2.356194
43,26,1.570796
43,44,1.570796
43,46,1.570796
43,54,1.570796
43,78,1.570796
43,89,2.356194
44,26,-0.785398
44,33,2.356194
44,38,2.356194
44,39,0.785398
44,46,-2.819842
44,55,-2.356194
44,56,0.785398
44,57,2.356194
44,78,0.000000
44,89,3.141593
45,25,3.141593
45,37,-1.892547
45,42,-2.356194
45,43,-0.785398
45,57,-2.356194
45,73,0.000000
45,74,3.141593
45,78,-0.785398
45,83,0.000000
45,84,-0.785398
45,85,-1.570796
45,86,-2.356194
45,89,-2.356194
46,32,-1.570796
46,40,-0.785398
46,45,-2.356194
47,24,0.000000
47,29,-1.570796
47,33,0.785398
47,40,-1.570796
47,57,0.785398
48,28,3.141593
48,33,-1.570796
48,57,-0.321751
48,58,2.819842
48,78,2.356194
48,89,2.356194
49,13,0.785398
49,58,-1.570796
49,76,1.249046
49,86,0.000000
49,89,3.141593
50,13,0.000000
50,61,3.141593
50,89,-2.356194
51,13,-0.785398
51,30,0.785398
52,30,-0.785398
52,31,3.141593
52,67,2.356194
52,75,-2.356194
52,84,2.356194
52,85,0.785398
52,86,1.892547
53,28,0.785398
53,29,3.141593
53,66,-0.785398
53,83,-1.570796
53,88,2.356194
54,32,2.356194
54,50,2.356194
54,74,-0.785398
55,28,-2.819842
55,31,0.321751
55,32,-2.819842
55,35,1.570796
55,48,0.000000
55,49,-0.785398
55,61,1.570796
55,88,3.141593
56,31,-1.570796
56,35,2.356194
56,41,2.356194
56,88,-2.356194
57,35,-2.819842
57,37,1.570796
57,61,-1.570796
57,67,-1.570796
58,33,0.321751
58,40,0.785398
58,83,0.000000
58,84,-0.785398
58,85,-1.570796
58,86,-2.356194
58,87,-0.785398
58,89,2.819842
59,29,3.141593
59,42,3.141593
59,79,0.000000
59,80,0.785398
59,81,1.892547
59,89,-2.356194
60,33,-2.819842
60,35,0.321751
60,45,0.000000
61,28,0.000000
61,35,-1.570796
61,40,-2.356194
61,75,0.000000
61,76,3.141593
62,34,1.570796
62,37,-0.785398
62,48,0.321751
62,82,-1.570796
63,26,1.249046
63,28,-1.570796
63,30,-1.892547
63,33,0.321751
63,34,-2.819842
63,37,2.356194
63,40,2.356194
63,48,-0.785398
63,51,-2.356194
63,79,0.000000
63,80,0.785398
63,85,0.000000
64,33,-0.785398
64,36,0.321751
64,37,-2.819842
64,39,0.321751
64,40,-2.819842
64,48,-1.570796
64,74,0.000000
64,75,0.785398
64,76,1.892547
64,88,1.570796
65,33,0.785398
65,39,-0.785398
65,59,2.356194
65,76,-1.249046
65,78,1.892547
65,82,-1.249046
65,83,-2.356194
65,85,-0.785398
65,86,-1.570796
65,88,3.141593
66,33,0.000000
66,36,-2.819842
66,58,-0.785398
66,78,-1.249046
66,79,3.141593
66,88,-2.356194
67,51,-1.570796
67,72,0.000000
68,31,1.249046
68,33,-1.570796
68,41,1.570796
68,81,0.000000
68,82,1.892547
68,88,2.356194
69,14,-0.785398
69,77,0.000000
69,78,1.892547
69,82,-1.249046
69,83,-2.356194
69,86,0.785398
69,88,-2.819842
70,54,1.570796
70,70,0.000000
70,72,0.785398
70,73,1.892547
71,44,1.570796
71,73,-1.249046
71,75,1.892547
72,48,2.356194
73,40,2.356194
73,51,2.356194
73,71,0.000000
73,81,-1.249046
73,82,3.141593
74,16,-0.785398
74,37,0.785398
74,40,-2.819842
74,61,0.785398
75,39,-1.892547
75,61,-0.321751
75,62,2.819842
75,65,0.785398
76,44,2.356194
76,62,-2.356194
76,66,1.570796
76,71,1.570796
76,80,2.819842
76,87,2.356194
77,44,-2.819842
77,62,-1.570796
77,66,-0.321751
77,67,2.819842
77,80,-1.570796
77,87,-2.819842
78,67,-1.570796
78,86,-0.785398
79,47,2.356194
79,58,0.785398
80,47,-2.819842
80,58,-0.321751
80,59,2.819842
80,64,1.570796
80,68,0.785398
80,86,2.356194
81,51,2.356194
81,59,-2.356194
81,68,0.000000
81,84,0.000000
81,86,-2.819842
82,19,-1.570796
82,51,-2.819842
82,68,-0.785398
83,70,3.141593
84,25,-1.570796
84,48,0.321751
84,54,2.356194
84,70,-2.356194
84,83,0.000000
84,84,2.356194
85,27,-0.785398
85,54,-2.819842
85,84,-2.356194
86,49,2.819842
87,37,1.249046
87,38,3.141593
87,41,-1.249046
87,42,-2.356194
88,34,-1.249046
88,35,-2.356194
88,47,-1.249046
88,49,-1.570796
88,83,1.570796
89,37,-1.570796
89,51,-1.249046
89,52,3.141593
89,60,2.356194
90,58,1.249046
90,60,3.141593
90,80,0.000000
90,81,-1.892547
91,54,0.000000
91,55,1.570796
91,56,2.356194
91,62,1.249046
91,64,-1.570796
91,65,-2.356194
91,69,-0.785398
91,70,-1.570796
91,71,-2.356194
92,58,-1.249046
93,41,1.570796
93,53,1.249046
93,55,3.141593
94,41,0.000000
94,51,1.249046
95,53,-1.249046
96,43,-1.570796
96,44,3.141593
96,49,0.000000
96,50,-1.892547
