7,31,1.249046
7,32,3.141593
7,50,1.249046
7,51,3.141593
8,21,1.249046
8,22,2.356194
8,27,0.785398
8,28,1.570796
8,29,2.356194
8,30,-0.785398
8,45,0.785398
8,46,2.356194
8,63,0.000000
8,64,1.570796
8,65,2.356194
9,32,1.570796
9,45,-1.570796
10,13,3.141593
10,21,-1.570796
10,32,0.000000
10,50,-0.321751
10,63,0.321751
10,65,2.819842
11,12,-1.570796
11,81,2.356194
12,23,1.570796
12,34,3.141593
12,45,2.819842
12,53,-2.819842
12,65,-2.819842
13,23,0.000000
13,61,1.249046
14,33,0.321751
14,39,1.249046
14,41,-1.570796
14,53,1.570796
14,59,1.249046
14,66,2.356194
15,22,0.321751
15,28,2.356194
15,37,0.785398
15,54,3.141593
15,61,-1.249046
15,67,0.000000
15,68,1.892547
15,83,2.356194
16,22,-0.785398
16,25,-1.249046
16,26,-2.356194
16,27,-0.785398
16,28,-2.356194
16,32,0.000000
16,33,-1.570796
16,35,-1.892547
16,43,0.785398
16,46,1.249046
16,55,0.000000
16,56,1.570796
16,69,2.819842
16,73,1.249046
17,17,1.249046
17,31,3.141593
17,43,0.000000
17,58,-2.356194
17,69,-1.570796
17,71,1.249046
18,16,0.321751
18,28,0.321751
18,40,1.570796
19,19,-2.819842
19,41,-2.356194
19,43,3.141593
19,50,2.356194
19,54,0.785398
19,61,0.000000
19,62,-1.892547
19,66,1.570796
19,68,1.892547
19,73,-1.892547
20,12,-2.356194
20,15,-0.785398
20,23,-2.356194
20,27,-0.785398
20,43,-2.356194
20,57,-2.356194
20,58,0.785398
20,59,1.570796
20,60,3.141593
20,78,0.321751
21,31,-2.356194
21,34,3.141593
21,43,0.785398
21,64,0.000000
21,66,-1.570796
21,71,2.819842
21,78,-0.785398
22,8,0.321751
22,16,0.321751
22,36,0.000000
22,43,-0.785398
22,44,-2.356194
22,54,0.321751
22,59,2.356194
22,64,-0.785398
22,78,2.356194
23,8,-1.570796
23,20,-1.570796
23,21,3.141593
23,39,0.000000
23,46,-2.356194
23,54,-0.785398
23,64,2.356194
23,68,0.321751
23,71,3.141593
23,78,3.141593
24,18,-1.892547
24,22,0.000000
24,23,1.570796
24,24,2.356194
24,27,-0.785398
24,28,-1.892547
24,30,1.570796
24,46,0.785398
24,54,2.356194
24,61,2.356194
24,63,-0.785398
24,64,-2.356194
24,68,-0.785398
25,30,0.000000
25,38,2.356194
25,48,2.356194
25,49,0.785398
25,50,1.570796
25,54,-2.819842
25,65,1.570796
25,68,2.356194
25,71,0.000000
25,73,0.785398
25,74,1.892547
26,38,3.141593
26,44,1.249046
26,66,-2.356194
26,71,-0.785398
27,15,-1.892547
27,17,0.000000
27,18,1.570796
27,19,2.356194
27,22,-0.785398
27,23,-1.570796
27,24,-2.356194
27,38,-1.570796
27,43,0.321751
27,57,0.785398
27,58,1.892547
27,60,2.356194
27,68,-1.249046
27,69,3.141593
27,71,2.356194
28,30,-1.249046
28,31,-2.356194
28,33,3.141593
28,39,0.000000
28,40,1.892547
28,43,-1.570796
28,47,-0.321751
28,50,-1.892547
28,58,-1.249046
29,40,-1.249046
29,41,-2.356194
29,62,0.785398
29,63,1.892547
29,76,-1.249046
29,78,1.570796
29,86,0.000000
30,6,0.321751
30,8,3.141593
30,13,1.249046
30,14,2.356194
30,17,-0.785398
30,18,-1.570796
30,19,-2.356194
30,47,0.000000
30,48,-1.570796
30,49,3.141593
30,60,-0.785398
30,69,1.249046
30,74,-2.356194
30,82,1.249046
30,83,2.356194
31,6,-0.785398
31,10,0.785398
31,11,1.570796
31,25,3.141593
31,32,2.356194
31,52,-0.785398
31,53,-1.570796
31,54,3.141593
31,60,0.785398
31,68,-0.785398
32,31,3.141593
32,37,1.570796
32,55,2.356194
32,63,-2.819842
32,70,-0.785398
33,13,3.141593
33,18,1.249046
33,19,2.356194
33,20,3.141593
33,42,2.356194
33,43,3.141593
33,54,0.321751
33,77,0.321751
34,13,-1.570796
34,17,-0.785398
34,18,-1.892547
34,30,3.141593
34,41,-0.785398
34,54,-0.785398
34,84,-2.356194
35,14,0.000000
35,28,-1.570796
35,30,-2.356194
35,37,-1.570796
35,41,0.785398
35,56,-1.570796
35,77,-0.785398
35,83,0.000000
36,30,2.356194
36,41,0.000000
36,62,-1.570796
36,75,0.785398
36,76,3.141593
36,79,-1.249046
36,80,3.141593
37,6,0.785398
37,29,-0.785398
37,30,-2.356194
37,37,0.000000
37,38,3.141593
37,41,-1.570796
37,43,1.570796
37,46,2.356194
37,81,0.000000
37,82,-0.785398
37,83,-1.570796
37,84,3.141593
37,88,2.356194
38,8,2.356194
38,13,-0.785398
38,14,-1.570796
38,15,-2.356194
38,21,0.785398
38,22,1.570796
38,23,3.141593
38,31,0.000000
38,32,1.892547
38,46,-2.819842
38,70,2.356194
38,71,0.785398
38,72,1.570796
38,73,2.356194
38,86,0.785398
39,32,-1.249046
39,33,3.141593
39,42,-0.785398
39,43,-1.892547
39,69,-0.785398
39,80,2.356194
40,5,1.570796
40,27,2.356194
40,54,1.570796
40,72,2.356194
40,80,3.141593
40,90,2.819842
41,5,3.141593
41,21,-0.785398
41,22,-1.570796
41,23,-2.356194
41,27,3.141593
41,34,-1.570796
41,55,3.141593
41,65,1.249046
41,66,2.356194
41,68,-0.785398
41,69,-1.570796
41,70,-2.356194
41,72,3.141593
42,27,-2.356194
42,72,-1.570796
42,84,1.570796
42,85,2.356194
42,86,-0.785398
42,90,3.141593
43,5,3.141593
43,90,-1.570796
44,5,-2.356194
44,26,-0.785398
44,51,3.141593
44,67,1.892547
45,45,0.321751
45,47,-2.356194
45,56,1.892547
45,69,0.785398
45,83,-2.356194
45,87,2.356194
46,15,3.141593
46,21,1.570796
46,32,0.000000
46,33,0.785398
46,45,-0.785398
46,58,2.356194
46,59,3.141593
46,83,0.785398
46,85,1.249046
46,87,-2.356194
47,11,2.356194
47,34,-2.356194
47,52,0.000000
47,53,-0.785398
47,65,0.000000
47,74,0.785398
47,75,1.892547
47,79,2.356194
47,83,0.000000
48,34,0.785398
48,57,0.785398
48,67,-1.249046
48,75,-1.249046
48,76,-2.356194
48,78,-0.785398
48,79,-2.356194
48,89,-2.356194
49,12,2.819842
49,35,-2.356194
49,36,3.141593
49,57,-0.321751
49,59,2.356194
49,80,1.570796
49,85,3.141593
50,15,1.249046
50,16,2.356194
50,43,0.785398
50,64,0.785398
50,65,1.570796
50,66,2.356194
50,67,0.785398
50,80,0.000000
50,85,-1.570796
51,7,0.785398
51,13,-2.356194
51,14,-0.785398
51,15,-1.892547
51,18,-2.356194
51,45,-0.785398
51,46,-1.570796
51,48,1.892547
51,59,-2.356194
51,73,0.785398
51,74,1.892547
52,7,-0.785398
52,9,-1.249046
52,11,-1.892547
52,22,1.249046
52,23,2.356194
52,25,-0.785398
52,27,2.819842
52,34,3.141593
52,49,2.819842
52,79,-0.785398
52,80,-1.570796
52,82,3.141593
52,85,0.321751
52,90,2.356194
52,91,3.141593
53,19,1.249046
53,20,2.356194
53,21,-0.785398
53,22,-1.892547
53,27,-2.356194
53,31,-0.785398
53,74,-0.785398
54,7,0.785398
54,27,2.356194
54,44,0.000000
54,45,3.141593
54,50,-2.356194
54,69,-2.356194
55,7,0.000000
55,19,-2.356194
55,24,1.249046
55,25,2.356194
55,26,-0.785398
55,54,0.000000
55,55,1.892547
55,71,0.000000
55,72,1.570796
55,75,2.819842
55,89,-2.819842
56,7,-0.785398
56,35,3.141593
56,84,-0.785398
57,30,1.249046
57,31,2.356194
57,40,1.570796
57,67,-1.570796
57,68,3.141593
57,71,1.570796
57,77,2.356194
57,84,2.356194
57,88,0.000000
58,23,-1.249046
58,24,-2.356194
58,26,0.785398
58,27,1.570796
58,28,2.356194
58,29,-0.785398
58,30,-1.892547
58,56,-2.356194
58,65,-0.785398
58,70,-0.785398
58,71,-2.356194
58,84,3.141593
58,88,-0.785398
59,14,1.570796
59,65,2.356194
59,72,0.785398
60,13,0.321751
60,22,1.249046
60,23,2.356194
60,29,2.356194
60,32,0.785398
60,33,1.892547
60,35,1.249046
60,36,2.356194
60,39,-0.785398
60,40,-1.570796
60,42,1.570796
60,43,2.356194
60,46,0.785398
60,47,1.892547
60,62,0.785398
60,63,2.356194
60,64,-0.785398
60,65,-2.356194
60,77,3.141593
60,84,0.000000
60,86,0.785398
60,87,1.570796
61,18,0.000000
61,19,-1.570796
61,20,-2.356194
61,21,-0.785398
61,22,-1.892547
61,24,0.000000
61,25,1.570796
61,26,3.141593
61,66,0.785398
61,67,2.356194
61,79,0.785398
61,80,1.892547
61,90,-1.570796
62,15,-1.570796
62,16,-2.356194
62,47,-0.785398
62,57,0.785398
62,58,1.570796
62,60,1.570796
62,62,3.141593
63,12,0.321751
63,32,-0.785398
63,33,-1.570796
63,37,2.356194
63,64,1.249046
63,66,-1.570796
63,67,-2.356194
63,68,0.785398
63,69,1.570796
63,70,2.356194
63,71,-0.785398
63,72,-1.892547
63,74,-1.570796
63,80,-0.785398
63,91,2.356194
64,22,1.249046
64,23,2.356194
64,24,-0.785398
64,25,-1.570796
64,26,-2.356194
64,27,-0.785398
64,28,-1.570796
64,29,-2.356194
64,39,0.000000
64,40,1.570796
64,42,-1.570796
64,44,1.570796
64,45,2.356194
64,46,-0.785398
64,47,-1.570796
64,48,-2.356194
64,49,0.785398
64,50,1.570796
64,51,2.356194
64,62,-1.570796
64,75,1.570796
64,80,2.356194
64,84,-1.570796
64,89,0.785398
64,91,-2.819842
65,10,1.249046
65,12,-1.570796
65,13,-2.356194
65,53,0.000000
65,54,1.892547
65,78,1.570796
65,83,1.570796
65,86,-1.570796
66,22,-2.356194
66,50,2.356194
66,58,0.785398
66,66,1.892547
66,70,3.141593
66,85,1.570796
66,91,-2.356194
67,9,-0.785398
67,30,0.785398
67,31,1.570796
67,32,2.356194
67,35,-0.785398
67,36,-1.570796
67,37,-2.356194
67,39,-0.785398
67,40,-1.570796
67,41,-2.356194
67,43,-0.785398
67,44,-1.570796
67,45,-2.356194
67,59,-1.249046
67,60,-2.356194
67,71,0.785398
67,72,2.356194
67,80,-1.570796
68,9,0.785398
68,21,0.000000
68,22,-1.570796
68,23,-2.356194
68,50,-1.249046
68,51,-2.356194
68,64,-1.249046
68,71,-1.570796
68,83,-0.785398
69,9,-0.321751
69,11,2.356194
69,19,0.785398
69,20,2.356194
69,69,0.785398
69,80,-2.356194
69,83,2.356194
69,88,1.570796
69,89,2.356194
70,20,-2.356194
70,39,0.785398
70,40,1.570796
70,41,2.356194
70,42,0.785398
70,43,1.570796
70,44,2.356194
70,67,-1.570796
70,70,-1.249046
70,71,-2.356194
70,78,-1.570796
70,83,3.141593
71,30,-0.785398
71,31,-1.570796
71,32,-2.356194
71,46,0.785398
71,47,2.356194
71,61,0.785398
71,63,1.570796
71,64,2.356194
71,65,0.785398
71,91,2.356194
72,19,0.321751
72,21,-2.356194
72,23,0.785398
72,24,1.570796
72,25,3.141593
72,40,0.785398
72,54,-1.249046
72,56,1.892547
72,66,-1.249046
72,67,-2.356194
72,91,-2.819842
73,42,-0.785398
73,43,-1.570796
73,44,-2.356194
73,45,-0.785398
73,59,1.892547
73,70,0.000000
73,71,1.570796
73,72,2.356194
73,75,3.141593
74,18,0.321751
74,49,2.356194
74,51,0.785398
74,52,1.570796
74,53,2.356194
74,55,-0.785398
74,66,1.892547
74,83,-1.249046
75,21,2.356194
75,23,-0.785398
75,24,-1.570796
75,25,-2.356194
75,40,-1.249046
75,41,-2.356194
75,42,0.785398
75,43,1.570796
75,44,2.356194
75,57,-1.249046
75,59,-1.892547
75,61,-2.356194
75,67,-2.356194
75,75,0.000000
75,77,-0.785398
75,90,2.356194
76,17,-0.785398
76,49,-2.356194
76,50,0.785398
76,64,-0.321751
76,70,-0.785398
76,81,1.892547
76,85,-1.570796
76,87,0.785398
76,88,2.356194
76,90,3.141593
77,14,1.249046
77,15,3.141593
77,35,1.249046
77,36,2.356194
77,37,0.785398
77,38,1.892547
77,56,2.356194
77,65,-1.570796
77,82,-2.356194
77,83,0.785398
77,90,-1.570796
78,20,-2.356194
78,24,0.785398
78,25,1.570796
78,26,2.356194
78,29,0.785398
78,30,1.570796
78,31,2.356194
78,40,2.356194
78,46,-0.785398
78,49,2.356194
78,50,-0.785398
78,58,2.356194
78,59,0.785398
78,66,0.000000
78,67,1.570796
78,68,2.356194
78,69,0.785398
78,70,1.892547
78,76,-2.356194
78,77,0.785398
79,10,0.785398
79,35,-1.249046
79,36,-2.356194
79,37,-0.785398
79,38,-1.892547
79,70,-1.249046
79,80,-1.249046
79,81,3.141593
79,84,-0.785398
79,91,2.356194
80,10,-0.321751
80,23,1.249046
80,25,-1.570796
80,26,3.141593
80,42,-0.785398
80,45,2.356194
80,47,-0.785398
80,48,-1.570796
80,49,-2.356194
80,50,0.785398
80,60,-1.570796
80,64,0.785398
80,65,2.356194
80,66,-0.785398
80,67,-2.356194
80,78,2.356194
80,82,1.570796
80,91,3.141593
81,13,-2.356194
81,22,-0.785398
81,23,-1.892547
81,27,1.570796
81,31,3.141593
81,64,-1.570796
81,68,0.000000
81,69,1.570796
81,70,2.356194
81,71,-0.785398
81,76,-2.356194
81,91,-2.356194
82,11,-0.785398
82,27,-0.785398
82,29,-1.892547
82,32,0.785398
82,33,2.356194
82,34,0.785398
82,35,2.356194
82,40,-1.249046
82,42,1.570796
82,46,2.356194
82,57,-2.356194
82,58,-0.785398
82,91,2.356194
83,24,0.785398
83,25,1.570796
83,26,3.141593
83,65,1.892547
83,69,2.356194
83,81,-1.249046
83,91,-2.819842
84,22,1.249046
84,23,3.141593
84,36,3.141593
84,40,0.785398
84,51,2.356194
84,56,1.892547
84,75,-1.249046
84,76,-2.356194
85,30,0.785398
85,37,0.785398
85,38,2.356194
85,43,-2.356194
85,47,1.570796
85,48,2.356194
85,71,0.785398
85,79,-1.249046
85,80,-2.356194
85,81,0.785398
85,90,-2.356194
86,11,0.785398
86,23,-2.356194
86,24,-0.785398
86,25,-1.570796
86,26,-2.356194
86,51,-1.249046
86,52,-2.356194
86,53,-0.785398
86,67,2.356194
86,74,-2.356194
86,82,-1.249046
86,84,3.141593
87,11,-0.321751
87,13,2.356194
87,18,-0.785398
87,19,-1.570796
87,21,-1.892547
87,35,-2.356194
87,36,-0.785398
87,37,-1.570796
87,38,-2.356194
87,39,0.785398
87,43,1.570796
87,45,-1.570796
87,55,-1.249046
87,56,-2.356194
87,58,-1.249046
87,60,-1.570796
87,76,0.785398
87,77,2.356194
87,90,3.141593
88,29,0.785398
88,30,1.570796
88,47,-1.249046
88,48,3.141593
88,62,-1.249046
88,64,1.892547
88,76,-0.785398
88,79,0.785398
88,80,1.892547
88,84,-0.785398
88,86,1.892547
89,54,0.785398
89,55,1.892547
89,66,-1.570796
89,67,3.141593
89,74,2.819842
89,76,0.785398
89,91,2.356194
90,25,3.141593
90,33,-1.570796
90,34,-2.356194
90,39,-0.785398
90,40,-1.570796
90,45,1.892547
90,57,0.785398
90,64,-1.570796
90,69,-0.785398
90,70,-2.356194
90,76,-0.321751
91,58,-2.356194
91,60,0.000000
91,62,0.785398
91,71,0.000000
91,72,1.570796
91,74,3.141593
91,81,2.356194
92,25,-2.356194
92,27,0.785398
92,52,0.785398
92,53,1.570796
92,63,-1.249046
92,65,1.892547
92,81,-1.570796
92,89,-2.819842
93,33,2.356194
93,34,0.785398
93,35,1.570796
93,36,2.356194
93,58,-1.570796
93,59,3.141593
93,65,-1.249046
93,66,-2.356194
93,70,0.785398
93,74,-0.785398
93,75,3.141593
93,84,3.141593
94,21,-0.785398
94,30,-0.785398
94,42,-1.249046
94,44,-1.570796
94,46,1.892547
94,71,-1.249046
94,76,-2.356194
94,78,-1.570796
94,84,-1.570796
95,26,1.249046
95,28,-1.892547
95,35,2.356194
95,48,1.570796
95,49,2.356194
95,52,-0.785398
95,60,2.356194
95,65,1.892547
95,73,-1.249046
95,75,2.356194
96,33,-2.356194
96,42,0.785398
96,43,1.892547
96,58,2.356194
96,63,-1.570796
96,67,1.892547
96,75,-1.570796
96,80,0.000000
96,81,1.892547
97,26,-1.249046
97,27,-2.356194
97,30,-0.785398
97,31,-1.892547
97,35,-1.249046
97,36,-2.356194
97,43,-1.249046
97,44,-2.356194
97,45,-0.785398
97,46,-1.570796
97,48,-1.570796
97,49,3.141593
97,54,0.785398
97,60,-1.249046
97,68,-2.356194
97,76,0.000000
97,77,1.892547
97,82,-2.356194
97,84,-0.785398
98,50,-2.356194
98,55,-2.356194
98,56,-0.785398
98,62,-1.249046
98,63,-2.356194
98,64,-0.785398
98,65,-1.570796
98,66,-2.356194
98,73,3.141593
98,77,-1.249046
98,78,-2.356194
