14,55,0.785398
14,56,1.892547
15,32,1.249046
15,33,2.356194
15,36,0.785398
15,37,2.356194
15,61,0.785398
15,62,1.570796
15,63,2.356194
15,64,0.785398
15,65,1.892547
16,16,2.356194
16,37,-1.570796
16,56,-0.785398
17,15,-1.570796
17,32,-2.356194
17,65,-0.785398
19,14,2.356194
20,13,0.321751
20,14,-2.819842
22,12,0.321751
22,13,-2.819842
23,12,-0.785398
23,43,0.785398
24,43,0.000000
25,43,-0.785398
27,43,2.356194
28,43,3.141593
29,12,3.141593
29,53,-0.785398
29,54,-1.570796
29,59,1.570796
29,62,2.356194
30,9,0.321751
30,60,-2.356194
30,84,2.356194
31,9,-1.570796
31,32,2.356194
31,40,0.000000
31,41,-1.892547
31,62,-1.249046
32,30,1.249046
32,64,-1.249046
32,65,3.141593
33,28,1.249046
33,36,1.249046
33,37,3.141593
33,85,2.356194
34,8,2.356194
34,17,0.785398
34,34,1.249046
34,36,-1.892547
35,7,0.321751
35,26,0.000000
35,27,-1.892547
35,34,-1.892547
35,61,0.785398
35,62,1.892547
35,70,1.570796
36,7,-1.570796
36,24,1.249046
36,25,3.141593
36,30,1.249046
36,32,-1.892547
36,62,-1.249046
36,64,1.892547
36,70,-0.321751
37,23,0.000000
37,24,-1.892547
37,28,1.249046
37,36,1.249046
37,37,2.356194
37,55,0.785398
37,56,1.892547
37,64,-1.249046
37,65,-2.356194
37,67,3.141593
38,21,1.249046
38,22,3.141593
38,34,1.249046
38,36,-1.892547
38,43,1.249046
38,44,2.356194
38,56,-1.249046
38,57,-2.356194
38,59,0.785398
38,60,1.892547
39,5,0.321751
39,7,3.141593
39,25,1.249046
39,27,-1.892547
39,34,-1.892547
39,42,-0.785398
39,43,-1.892547
39,60,-1.249046
39,61,-2.356194
39,73,-0.785398
39,74,-1.570796
39,79,0.321751
40,5,-0.785398
40,18,1.249046
40,20,-1.892547
40,31,-0.785398
40,32,-1.892547
40,76,-1.570796
40,88,2.356194
41,17,0.000000
41,18,-1.892547
41,22,1.249046
41,24,-1.892547
41,28,1.249046
41,29,3.141593
41,55,0.785398
41,56,1.892547
41,68,0.785398
41,69,1.892547
41,79,3.141593
42,14,0.785398
42,15,2.356194
42,26,1.249046
42,28,-1.892547
42,41,0.000000
42,56,-1.249046
42,57,-2.356194
42,71,2.356194
43,14,-1.570796
43,19,1.249046
43,21,-1.892547
43,31,1.249046
43,32,2.356194
43,81,1.892547
43,85,0.321751
44,4,0.321751
44,6,-2.356194
44,11,0.785398
44,12,2.356194
44,24,0.000000
44,25,-1.892547
44,29,1.249046
44,31,-1.892547
44,52,0.785398
44,53,1.892547
44,72,0.000000
44,75,0.785398
44,81,-1.249046
44,82,3.141593
44,85,-1.570796
45,4,-0.785398
45,11,-1.570796
45,22,1.249046
45,23,3.141593
45,27,0.000000
45,28,-0.785398
45,29,-1.892547
45,38,3.141593
45,40,0.000000
45,53,-1.249046
45,54,-2.356194
45,55,0.785398
45,56,1.892547
45,73,-2.356194
45,76,1.570796
45,83,0.000000
45,84,2.356194
46,10,3.141593
46,15,1.249046
46,17,-1.892547
46,56,-1.249046
46,57,-2.356194
46,68,0.785398
46,69,1.892547
46,77,3.141593
46,84,-1.570796
46,89,2.356194
47,8,0.000000
47,9,-1.892547
47,14,0.000000
47,15,-1.892547
47,20,0.000000
47,21,-1.892547
47,43,2.356194
47,45,0.000000
47,59,0.000000
47,60,1.892547
47,69,-1.249046
47,70,3.141593
47,86,2.356194
47,89,3.141593
48,6,1.249046
48,7,3.141593
48,27,1.249046
48,28,2.356194
48,55,3.141593
48,60,-1.249046
48,61,-2.356194
48,62,0.785398
48,63,1.892547
48,79,0.000000
48,80,1.892547
48,84,0.321751
48,89,-2.356194
49,12,3.141593
49,16,1.249046
49,17,3.141593
49,26,-0.785398
49,27,-1.892547
49,63,-1.249046
49,64,-2.356194
49,80,-1.249046
49,81,3.141593
49,84,-1.570796
50,11,-1.570796
50,14,1.249046
50,16,-1.892547
50,22,1.249046
50,23,3.141593
50,82,0.000000
51,13,0.000000
51,14,-1.892547
51,20,1.249046
51,22,-1.892547
51,27,1.249046
51,28,2.356194
51,40,0.785398
51,46,0.000000
51,54,3.141593
51,56,0.000000
51,57,0.785398
51,58,1.892547
51,83,-1.249046
51,84,3.141593
52,12,3.141593
52,18,1.249046
52,20,-1.892547
52,26,-0.785398
52,27,-1.892547
52,35,0.000000
52,41,-2.356194
52,58,-1.249046
52,59,-2.356194
52,77,0.000000
52,78,1.892547
53,3,0.321751
53,9,-1.249046
53,11,-1.892547
53,16,1.249046
53,18,-1.892547
53,23,1.249046
53,24,3.141593
53,33,3.141593
53,40,-0.785398
53,62,0.785398
53,63,1.892547
53,73,1.570796
53,78,-1.249046
53,79,3.141593
54,14,1.249046
54,16,-1.892547
54,22,0.000000
54,23,-1.892547
54,28,1.249046
54,29,2.356194
54,51,3.141593
54,63,-1.249046
54,65,1.892547
54,73,-0.321751
54,80,0.000000
54,81,1.892547
54,86,0.000000
55,3,0.000000
55,5,-1.892547
55,13,0.000000
55,14,-1.892547
55,26,1.249046
55,28,-1.892547
55,36,3.141593
55,53,0.000000
55,56,0.785398
55,57,1.892547
55,65,-1.249046
55,67,1.892547
55,74,-1.249046
55,76,1.892547
55,87,-1.570796
55,91,2.356194
56,3,-0.785398
56,25,0.000000
56,26,-1.892547
56,32,1.249046
56,33,2.356194
56,40,0.000000
56,57,-1.249046
56,59,1.892547
56,67,-1.249046
56,68,-2.356194
56,76,-1.249046
56,77,3.141593
56,82,-1.249046
56,84,1.892547
56,89,0.785398
56,91,-2.819842
57,8,0.785398
57,9,2.356194
57,16,1.249046
57,17,3.141593
57,23,1.249046
57,24,3.141593
57,30,1.249046
57,32,-1.892547
57,38,2.356194
57,59,-1.249046
57,60,-2.356194
57,78,0.000000
57,79,1.892547
58,8,-1.570796
58,15,0.000000
58,16,-1.892547
58,22,-0.785398
58,23,-1.892547
58,28,1.249046
58,30,-1.892547
58,41,1.249046
58,42,2.356194
58,72,0.000000
58,73,1.892547
59,13,1.249046
59,14,3.141593
59,20,3.141593
59,27,0.000000
59,28,-1.892547
59,33,1.249046
59,34,2.356194
59,36,-0.785398
59,39,2.356194
59,40,-0.785398
59,41,-1.892547
59,54,3.141593
59,64,0.000000
59,73,-1.249046
59,74,3.141593
59,86,-1.249046
59,91,-2.356194
60,12,0.000000
60,13,-1.892547
60,26,1.570796
60,32,0.000000
60,33,-1.892547
60,65,-1.570796
60,75,0.000000
60,76,1.892547
61,3,0.785398
61,4,2.356194
61,18,-0.785398
61,25,0.000000
61,30,0.000000
61,38,-0.785398
61,39,-2.356194
61,59,0.000000
61,88,0.785398
62,16,3.141593
62,35,0.785398
62,36,1.570796
62,37,3.141593
62,51,0.785398
62,52,1.892547
62,62,1.570796
62,71,0.000000
62,77,-1.249046
62,78,3.141593
62,83,-1.249046
62,84,3.141593
62,89,3.141593
63,2,0.321751
63,3,-2.819842
63,15,-1.570796
63,32,1.249046
63,33,2.356194
63,52,-1.249046
63,53,-2.356194
63,63,3.141593
63,68,0.000000
63,69,1.892547
63,73,0.000000
63,74,1.892547
63,85,1.570796
64,2,-0.785398
64,7,1.570796
64,13,1.249046
64,14,3.141593
64,31,-0.785398
64,32,-1.892547
64,80,1.570796
64,85,-0.321751
64,86,2.819842
65,6,0.000000
65,7,-2.356194
65,12,0.321751
65,20,-1.570796
65,29,-0.785398
65,36,0.785398
65,40,3.141593
65,45,0.000000
65,80,-0.321751
65,86,-1.570796
66,5,0.785398
66,12,-1.570796
66,17,1.570796
66,37,-2.356194
66,51,0.785398
66,52,1.892547
66,61,3.141593
66,67,1.570796
66,71,-1.249046
66,72,3.141593
66,76,-1.249046
66,77,3.141593
66,81,-1.249046
66,82,3.141593
66,91,-1.570796
67,10,2.356194
67,52,-1.249046
67,53,-2.356194
67,54,0.785398
67,55,1.892547
67,68,3.141593
67,78,1.570796
68,9,-1.892547
68,17,2.356194
68,55,-1.249046
68,56,-2.356194
68,74,0.000000
68,78,-0.321751
68,84,1.570796
68,89,1.570796
69,4,-0.785398
69,17,-2.819842
69,47,0.000000
69,48,0.785398
69,49,1.892547
69,58,0.000000
69,59,1.892547
69,64,0.000000
69,66,3.141593
69,75,-1.570796
69,79,-1.249046
69,80,3.141593
69,85,3.141593
69,90,3.141593
70,12,1.249046
70,14,1.570796
70,49,-1.249046
70,50,-2.356194
70,59,-1.249046
70,60,3.141593
70,71,0.000000
70,72,1.892547
70,81,1.570796
71,33,0.785398
71,61,0.000000
71,62,1.892547
71,77,1.570796
71,81,-0.321751
71,86,0.785398
72,4,0.000000
72,10,0.000000
72,11,-1.892547
72,15,-0.785398
72,34,0.000000
72,35,1.892547
72,57,0.000000
72,58,1.892547
72,62,-1.249046
72,63,3.141593
72,69,0.785398
72,78,3.141593
72,91,-1.570796
73,8,1.249046
73,9,3.141593
73,35,-1.249046
73,36,-2.356194
73,42,1.249046
73,43,2.356194
73,50,0.785398
73,51,1.892547
73,58,-1.249046
73,60,1.892547
73,79,1.570796
73,83,-1.249046
73,88,0.000000
74,7,0.000000
74,8,-1.892547
74,12,2.356194
74,51,-1.249046
74,52,-2.356194
74,60,-1.249046
74,61,3.141593
74,71,0.000000
74,72,1.892547
74,75,-1.249046
74,76,3.141593
74,80,3.141593
74,89,-1.570796
75,3,1.570796
75,11,1.570796
75,67,0.000000
75,68,1.892547
75,77,1.570796
75,81,1.570796
76,3,0.000000
76,5,2.356194
76,11,-2.819842
76,41,-1.249046
76,42,-2.356194
76,43,0.785398
76,44,1.570796
76,45,2.356194
76,58,0.785398
76,59,1.892547
76,78,3.141593
76,81,-0.321751
76,90,-1.570796
77,3,-1.570796
77,5,-1.570796
77,59,-1.249046
77,61,1.892547
77,65,0.000000
77,66,1.892547
78,2,-0.785398
78,6,0.785398
78,7,2.356194
78,8,-0.785398
78,9,-1.892547
78,54,0.000000
78,55,1.892547
78,61,-1.249046
78,62,3.141593
78,70,-1.249046
78,71,3.141593
78,88,1.570796
79,6,-1.570796
79,24,0.785398
79,55,-1.249046
79,57,1.892547
79,63,0.000000
79,64,1.892547
79,72,1.570796
79,76,-1.249046
79,77,3.141593
79,80,0.000000
79,81,1.892547
79,89,3.141593
80,10,1.570796
80,23,0.785398
80,39,0.000000
80,41,-0.785398
80,42,-1.892547
80,50,0.785398
80,51,1.892547
80,57,-1.249046
80,59,1.892547
80,73,-2.356194
80,78,-2.356194
80,82,2.819842
80,86,2.819842
81,4,3.141593
81,34,2.356194
81,51,-1.249046
81,52,-2.356194
81,53,0.785398
81,54,1.892547
81,59,-1.249046
81,61,1.892547
81,75,1.570796
81,82,-1.570796
81,86,-1.570796
82,22,0.321751
82,25,-1.249046
82,26,-2.356194
82,31,1.249046
82,32,2.356194
82,54,-1.249046
82,56,1.892547
82,61,-1.249046
82,62,3.141593
82,70,-1.249046
82,72,1.892547
82,76,3.141593
82,79,2.356194
82,83,1.570796
83,2,0.321751
83,19,0.785398
83,20,1.892547
83,29,0.785398
83,41,0.000000
83,56,-1.249046
83,58,1.892547
83,63,1.570796
83,77,0.000000
83,78,2.356194
83,83,-0.321751
83,88,0.000000
83,89,2.356194
84,2,-0.785398
84,5,2.356194
84,17,1.249046
84,18,3.141593
84,22,3.141593
84,31,-1.570796
84,52,0.785398
84,53,1.892547
84,58,-1.249046
84,60,1.892547
84,65,1.892547
84,81,0.785398
84,85,2.819842
85,11,3.141593
85,22,-2.356194
85,29,-2.819842
85,42,0.000000
85,53,-1.249046
85,55,1.892547
85,66,2.819842
85,69,-1.249046
85,79,3.141593
85,82,-2.356194
85,89,-0.321751
85,90,2.819842
86,19,0.321751
86,21,-2.356194
86,35,3.141593
86,46,3.141593
86,48,0.000000
86,55,-1.249046
86,57,1.892547
86,66,-1.570796
86,71,-1.570796
86,85,-0.785398
86,86,3.141593
86,90,-1.570796
87,2,0.321751
87,3,-2.819842
87,14,0.000000
87,15,-1.892547
87,28,-2.356194
87,67,0.000000
87,68,1.892547
87,72,1.570796
87,84,1.570796
87,91,-2.356194
88,2,-0.785398
88,12,1.249046
88,13,3.141593
88,18,0.000000
88,23,1.249046
88,24,3.141593
88,28,-1.570796
88,36,0.000000
88,69,2.819842
88,72,-0.321751
88,77,-1.249046
88,78,3.141593
88,84,3.141593
89,16,1.249046
89,17,3.141593
89,31,0.000000
89,33,3.141593
89,54,0.000000
89,55,1.892547
89,69,-1.570796
89,79,1.570796
89,84,-1.570796
90,5,1.570796
90,21,0.000000
90,22,-1.892547
90,49,0.000000
90,50,1.892547
90,55,-1.249046
90,56,3.141593
90,74,-1.249046
90,75,3.141593
90,80,3.141593
91,11,-1.570796
91,27,3.141593
91,37,0.000000
91,50,-1.249046
91,52,1.892547
91,57,0.000000
91,58,1.892547
91,76,1.570796
91,86,2.356194
92,8,1.570796
92,14,-1.892547
92,18,1.249046
92,19,3.141593
92,32,3.141593
92,43,-2.356194
92,52,-1.249046
92,54,1.892547
92,68,2.819842
92,76,-0.321751
92,85,0.000000
92,86,-2.356194
93,16,1.249046
93,18,-1.892547
93,46,0.000000
93,47,0.785398
93,48,1.892547
93,59,-1.249046
93,60,3.141593
93,68,-1.570796
93,73,1.570796
93,77,-1.249046
93,78,3.141593
93,83,0.785398
93,84,3.141593
94,15,0.321751
94,20,1.249046
94,21,3.141593
94,26,1.249046
94,27,2.356194
94,34,1.249046
94,35,2.356194
94,48,-1.249046
94,50,1.892547
94,55,-1.249046
94,56,3.141593
94,65,2.819842
94,73,-0.321751
94,79,1.570796
94,87,0.785398
94,90,2.356194
95,24,1.249046
95,26,-1.892547
95,30,1.249046
95,31,2.356194
95,33,-0.785398
95,34,-1.892547
95,42,0.785398
95,43,1.892547
95,50,-1.249046
95,51,-2.356194
95,52,3.141593
95,57,0.000000
95,58,1.892547
95,62,-2.356194
95,65,-1.570796
95,79,0.000000
95,83,0.000000
95,87,-0.785398
95,88,-2.356194
95,90,3.141593
96,10,-1.570796
96,13,1.249046
96,15,-2.356194
96,18,0.000000
96,22,1.249046
96,29,0.000000
96,30,-1.892547
96,44,-2.356194
96,45,0.785398
96,46,1.892547
96,58,-1.249046
96,59,3.141593
96,75,-1.249046
96,76,3.141593
96,79,-1.570796
96,81,1.570796
96,83,-1.570796
96,85,0.785398
96,86,3.141593
96,90,-2.356194
97,13,-1.892547
97,21,-0.785398
97,22,-1.892547
97,42,1.570796
97,46,-1.249046
97,48,1.892547
97,56,0.785398
97,60,1.570796
97,66,-1.570796
97,71,-1.570796
97,82,-2.356194
97,85,-0.785398
97,89,1.570796
98,10,-0.785398
98,11,-1.892547
98,30,0.000000
98,41,-0.785398
98,48,-1.249046
98,49,-2.356194
98,50,3.141593
98,57,-2.356194
98,61,-2.356194
98,62,3.141593
98,88,-0.785398
