5,33,0.785398
5,34,1.570796
5,35,2.356194
5,38,0.785398
5,39,1.570796
5,40,2.356194
5,44,0.785398
6,25,1.249046
6,26,3.141593
6,53,0.321751
6,55,2.819842
7,17,1.249046
7,18,2.356194
7,45,-1.570796
8,25,-2.356194
8,38,0.321751
8,40,2.819842
8,53,0.000000
8,58,1.249046
8,60,1.892547
9,25,2.356194
9,34,0.785398
9,48,0.785398
9,53,-1.570796
9,63,1.249046
10,13,2.356194
10,14,-0.785398
10,27,1.249046
10,37,-0.785398
10,38,-1.570796
10,40,-1.570796
10,42,1.570796
10,50,0.785398
10,55,-1.570796
10,69,1.249046
10,70,3.141593
11,12,-1.570796
11,23,-0.785398
11,29,-1.570796
11,45,-1.249046
11,57,-1.570796
11,83,2.356194
12,20,1.249046
12,21,2.356194
12,27,-1.570796
12,31,2.356194
12,34,-1.570796
13,18,0.000000
13,28,0.785398
13,36,2.356194
13,38,0.785398
13,39,1.570796
13,40,2.356194
13,41,-0.785398
13,42,-1.570796
13,43,-2.356194
13,64,0.000000
14,32,1.570796
14,33,2.356194
14,34,-0.785398
14,35,-1.892547
14,47,-1.249046
14,59,2.356194
14,73,1.892547
15,21,-1.892547
15,26,2.356194
15,27,-0.785398
15,28,-1.570796
15,30,-1.892547
15,41,2.356194
15,43,0.785398
15,44,1.892547
15,56,2.356194
15,74,2.819842
16,17,1.892547
16,34,2.356194
16,39,-0.785398
16,40,-1.892547
16,44,-1.249046
16,45,-2.356194
16,47,0.785398
16,56,-1.570796
16,74,-2.356194
17,11,0.785398
17,24,-1.570796
17,32,-0.785398
17,33,-1.892547
17,49,-2.356194
17,57,0.000000
17,62,1.892547
18,28,0.785398
18,29,2.356194
18,47,0.000000
19,20,0.785398
19,29,-1.570796
19,33,1.249046
19,34,2.356194
19,42,0.785398
19,49,0.785398
19,50,1.892547
19,59,-1.570796
19,64,2.819842
19,70,-1.570796
19,76,-1.892547
20,20,-1.570796
20,30,0.785398
20,31,2.356194
20,32,-0.785398
20,33,-1.892547
20,44,-2.356194
20,45,0.785398
20,46,1.892547
20,52,0.785398
20,53,2.356194
20,67,-0.321751
20,71,1.570796
21,19,3.141593
21,24,3.141593
21,30,-1.570796
21,35,0.000000
21,41,0.785398
21,48,1.892547
21,50,-1.570796
21,53,-1.570796
21,64,-0.321751
21,69,2.819842
21,71,-0.321751
21,75,1.570796
21,77,0.785398
22,11,0.321751
22,18,-1.892547
22,43,-2.356194
22,45,0.000000
22,62,1.570796
22,75,-0.321751
23,26,1.249046
23,27,3.141593
23,40,0.785398
23,47,0.000000
23,50,0.000000
23,62,-0.321751
23,84,2.356194
24,16,2.356194
24,24,1.249046
24,26,-1.892547
24,30,1.249046
24,31,2.356194
24,41,-1.249046
24,42,-2.356194
24,43,0.785398
24,44,1.892547
24,49,0.000000
24,52,0.000000
24,74,2.819842
24,81,2.356194
24,83,-0.785398
24,84,-2.356194
25,4,0.321751
25,28,1.249046
25,30,-1.892547
25,44,-1.249046
25,46,1.892547
25,50,-2.356194
25,54,-2.356194
25,57,1.570796
25,77,-0.321751
26,4,-0.785398
26,8,0.321751
26,12,-2.819842
26,14,0.321751
26,17,0.785398
26,19,-1.892547
26,22,0.321751
26,27,0.000000
26,28,-1.892547
26,35,2.356194
26,40,0.000000
26,46,-1.249046
26,47,-2.356194
26,66,2.819842
26,68,-0.321751
26,69,2.819842
26,71,-0.321751
26,72,2.819842
26,74,-0.321751
26,75,2.819842
27,8,-0.785398
27,22,-1.570796
27,26,3.141593
27,31,1.249046
27,32,2.356194
27,49,0.000000
27,50,1.892547
27,55,0.785398
27,56,2.356194
27,63,2.819842
27,72,-1.570796
27,80,-2.819842
28,14,-2.819842
28,16,0.321751
28,17,-2.819842
28,21,3.141593
28,25,-1.570796
28,30,-0.785398
28,31,-1.892547
28,40,0.000000
28,45,0.000000
28,46,0.785398
28,47,1.892547
28,50,-1.249046
28,51,3.141593
28,56,-2.356194
28,60,2.819842
28,66,-0.321751
28,67,2.819842
28,69,-0.321751
28,70,2.819842
28,75,-0.321751
29,16,-1.570796
29,20,-1.570796
29,35,3.141593
29,43,0.785398
29,48,3.141593
29,52,0.000000
29,53,1.892547
29,56,0.785398
29,60,-1.570796
29,63,-0.321751
29,64,2.819842
29,73,0.785398
30,3,0.785398
30,9,-2.819842
30,11,0.321751
30,15,1.570796
30,18,1.249046
30,19,3.141593
30,23,1.570796
30,26,-0.785398
30,37,0.000000
30,44,-1.249046
30,49,0.000000
30,50,1.892547
30,56,-0.785398
30,58,1.892547
30,64,-1.570796
30,67,-0.321751
30,71,2.819842
30,73,-0.321751
30,74,2.819842
31,5,2.356194
31,11,-1.570796
31,14,0.321751
31,15,-2.819842
31,17,0.321751
31,23,-2.819842
31,59,2.819842
31,68,-1.249046
31,69,-2.356194
31,77,-0.785398
32,2,0.321751
32,10,1.570796
32,20,1.249046
32,22,-1.892547
32,26,1.249046
32,27,3.141593
32,36,3.141593
32,43,0.000000
32,44,1.892547
32,59,-2.356194
32,62,1.570796
32,65,0.785398
32,71,-0.321751
32,72,2.819842
32,74,-0.321751
32,75,2.819842
33,2,-0.785398
33,9,0.321751
33,10,-2.819842
33,17,-2.356194
33,25,0.000000
33,26,-1.892547
33,38,0.000000
33,44,-1.249046
33,45,3.141593
33,53,2.819842
33,55,-0.321751
33,62,-0.321751
33,63,2.819842
33,65,-0.321751
33,66,2.819842
33,72,-2.356194
33,75,-2.356194
34,2,0.785398
34,9,-1.570796
34,12,-1.570796
34,23,1.249046
34,24,3.141593
34,49,-1.249046
34,50,3.141593
34,53,-1.570796
34,57,2.819842
34,60,1.570796
34,63,-2.356194
34,66,-2.356194
35,2,-0.321751
35,34,1.249046
35,35,2.356194
35,37,3.141593
35,51,-2.356194
35,57,-2.356194
35,60,-0.321751
35,61,2.819842
35,63,-1.570796
35,70,1.570796
35,72,-1.570796
35,75,0.785398
35,78,2.356194
36,7,1.570796
36,10,1.570796
36,32,0.000000
36,33,-0.785398
36,34,-1.892547
36,39,0.000000
36,61,-1.570796
37,2,0.321751
37,4,3.141593
37,7,-2.819842
37,9,0.321751
37,25,3.141593
37,30,3.141593
37,42,0.000000
37,43,1.892547
37,49,0.000000
37,55,-1.570796
37,58,1.570796
37,79,-2.356194
37,80,0.785398
38,2,-0.785398
38,9,-0.785398
38,24,-1.570796
38,43,-1.249046
38,44,3.141593
38,50,-1.570796
38,58,-0.785398
38,60,1.892547
38,66,0.000000
38,69,1.570796
38,76,0.000000
38,77,-1.892547
38,86,2.356194
39,9,2.356194
39,26,-0.785398
39,48,-2.356194
39,51,-2.356194
39,57,3.141593
39,60,-1.249046
39,64,1.570796
39,69,3.141593
39,86,3.141593
40,2,0.785398
40,5,-2.819842
40,9,-2.819842
40,29,0.000000
40,32,0.000000
40,53,2.356194
40,79,0.785398
40,86,-2.356194
41,2,0.000000
41,4,-1.892547
41,11,0.321751
41,27,2.356194
41,33,-2.356194
41,42,-1.570796
41,46,2.356194
41,49,1.570796
41,55,0.000000
41,59,2.356194
41,65,-2.356194
41,71,2.356194
41,76,1.892547
42,2,-0.785398
42,6,0.321751
42,38,1.570796
42,46,-2.819842
42,58,-0.785398
42,64,-0.785398
43,11,-2.819842
43,19,3.141593
43,35,1.570796
43,38,-1.570796
43,42,2.356194
43,44,0.321751
43,51,-0.785398
43,54,-1.570796
43,62,2.356194
43,75,-0.785398
43,76,-1.892547
44,5,0.321751
44,6,-2.819842
44,9,0.321751
44,18,-1.570796
44,27,2.356194
44,35,-1.570796
44,41,-0.785398
44,47,-0.785398
44,61,0.000000
45,2,0.785398
45,5,-1.570796
45,9,-1.570796
45,11,0.785398
45,13,-1.892547
45,22,1.570796
45,26,-0.785398
45,32,2.356194
45,44,-2.819842
45,50,2.356194
45,53,2.356194
45,56,2.356194
45,60,-0.785398
45,66,1.570796
45,72,-2.356194
45,74,0.000000
45,75,0.785398
45,76,1.892547
45,79,-2.356194
46,2,-0.321751
46,4,3.141593
46,8,1.570796
46,11,-0.785398
46,22,-2.819842
46,29,2.356194
46,42,0.321751
46,62,2.356194
46,65,0.321751
46,77,2.819842
47,8,-2.819842
47,16,3.141593
47,25,2.356194
47,31,2.356194
47,34,1.570796
47,39,2.356194
47,42,-1.570796
47,51,0.785398
47,58,2.356194
47,61,0.785398
47,77,-1.570796
47,80,0.785398
47,86,2.356194
48,15,-1.570796
48,19,0.321751
48,31,-2.819842
48,34,2.356194
48,41,1.570796
48,47,-0.785398
48,60,-0.785398
48,62,0.785398
48,86,3.141593
49,2,0.321751
49,23,1.570796
49,29,0.321751
49,33,0.321751
49,34,-2.819842
49,37,1.570796
49,40,0.321751
49,41,-2.819842
49,56,0.785398
49,62,-1.570796
49,66,-2.356194
49,72,0.000000
49,74,0.785398
49,75,1.892547
49,78,0.785398
49,86,-2.356194
50,2,-0.785398
50,14,2.356194
50,19,-2.819842
50,22,0.321751
50,23,-2.819842
50,33,-1.570796
50,37,-2.819842
50,40,-1.570796
50,46,2.356194
50,49,0.321751
50,55,-0.785398
50,57,-2.356194
50,76,2.819842
50,78,-0.321751
50,79,2.819842
51,2,0.785398
51,14,-2.819842
51,17,0.321751
51,22,-1.570796
51,25,1.570796
51,28,0.321751
51,29,-2.819842
51,32,-0.785398
51,35,0.321751
51,42,2.356194
51,53,2.356194
51,60,-0.785398
51,61,-1.570796
51,62,3.141593
51,76,-2.356194
51,79,-1.570796
52,2,-0.321751
52,4,-2.819842
52,12,0.000000
52,13,-1.892547
52,17,-1.570796
52,24,0.321751
52,25,-2.819842
52,35,-1.570796
52,55,0.785398
52,58,1.570796
52,63,-2.356194
52,66,0.000000
52,86,2.356194
53,11,3.141593
53,16,1.570796
53,24,-1.570796
53,27,0.321751
53,28,-2.819842
53,51,-2.356194
53,86,3.141593
54,2,-0.785398
54,7,0.000000
54,8,-1.892547
54,16,-2.819842
54,27,-1.570796
54,30,2.356194
54,39,-2.356194
54,45,0.785398
54,86,-2.356194
55,6,1.570796
55,10,2.356194
55,26,-0.785398
55,38,1.570796
55,41,1.570796
55,44,0.785398
55,52,0.785398
55,63,0.000000
55,69,3.141593
55,78,1.570796
56,5,0.321751
56,6,-2.819842
56,10,-2.819842
56,13,0.321751
56,19,-1.570796
56,29,-1.570796
56,37,0.321751
56,43,0.785398
56,45,-2.356194
56,51,0.785398
56,72,1.570796
56,75,0.785398
56,78,-0.321751
56,79,2.819842
57,5,-1.570796
57,8,0.321751
57,13,-1.570796
57,34,2.356194
57,42,-0.785398
57,44,-2.356194
57,55,-2.356194
57,57,3.141593
57,75,-0.321751
57,76,2.819842
58,4,1.570796
58,8,-1.570796
58,12,1.570796
58,24,2.356194
58,27,2.356194
58,36,0.785398
58,43,-0.785398
58,46,-0.785398
58,59,0.000000
58,79,-0.321751
58,86,2.356194
59,4,-2.819842
59,7,1.570796
59,12,-2.819842
59,23,-0.785398
59,35,0.785398
59,37,-2.356194
59,40,2.356194
59,49,0.785398
59,69,0.785398
59,76,-0.321751
59,77,2.819842
59,80,-1.249046
59,81,-2.356194
59,86,3.141593
60,2,0.321751
60,6,0.321751
60,7,-2.819842
60,34,0.785398
60,44,-1.570796
60,47,1.570796
60,57,0.785398
60,58,1.892547
60,70,-2.356194
60,86,-2.356194
61,2,-0.785398
61,9,0.321751
61,18,1.570796
61,21,2.356194
61,30,0.785398
61,33,0.785398
61,35,-2.356194
61,42,2.356194
61,46,0.000000
61,47,-2.356194
61,50,-1.570796
61,56,-0.785398
61,58,-1.249046
61,59,-2.356194
61,60,3.141593
61,77,-0.321751
61,78,2.819842
62,3,0.785398
62,4,2.356194
62,5,-0.785398
62,6,-2.356194
62,11,0.785398
62,12,2.356194
62,13,3.141593
62,17,0.000000
62,18,-2.356194
62,32,0.000000
62,34,-2.356194
62,49,0.000000
62,62,0.000000
62,78,-2.356194
63,3,-0.785398
63,7,0.785398
63,9,-2.356194
63,11,-1.570796
63,19,0.000000
63,33,-2.356194
63,39,2.356194
63,43,-1.570796
63,44,-2.356194
63,50,-2.356194
63,54,1.570796
64,32,0.785398
64,38,0.785398
64,54,-1.570796
64,68,-2.356194
64,79,0.000000
64,80,1.570796
64,82,1.892547
64,86,2.356194
65,3,0.785398
65,7,-2.819842
65,20,0.000000
65,29,0.785398
65,37,0.785398
65,47,0.000000
65,48,3.141593
65,86,3.141593
66,3,0.000000
66,5,-0.785398
66,6,-1.892547
66,28,0.785398
66,32,-2.356194
66,35,0.785398
66,82,-1.892547
66,86,-2.356194
67,3,-0.785398
67,21,-2.356194
67,27,1.570796
67,34,0.785398
67,40,-1.249046
67,41,-2.356194
67,43,3.141593
67,76,0.785398
68,3,-1.570796
68,8,1.570796
68,15,3.141593
68,26,0.000000
68,27,-2.356194
68,38,2.819842
68,76,-0.321751
68,77,2.819842
69,6,1.249046
69,13,1.570796
69,19,-0.785398
69,28,-2.356194
69,49,1.570796
69,67,1.570796
69,71,1.570796
69,74,0.785398
70,5,0.000000
70,6,-1.892547
70,11,0.785398
70,24,0.785398
70,27,1.570796
70,35,2.356194
70,38,-0.321751
70,39,2.819842
70,49,-1.570796
70,74,-0.321751
70,75,2.819842
70,77,-0.321751
70,78,2.819842
71,3,1.249046
71,4,3.141593
71,15,2.356194
71,25,0.785398
71,27,-2.356194
71,35,-2.819842
71,39,-2.356194
71,44,0.785398
71,72,1.570796
71,75,-2.356194
71,78,-2.356194
72,2,0.321751
72,7,1.249046
72,8,3.141593
72,12,0.000000
72,22,0.785398
72,31,3.141593
72,45,-2.356194
72,54,1.570796
72,65,0.785398
72,69,1.570796
72,72,-0.321751
72,73,2.819842
72,75,-1.570796
73,5,1.249046
73,7,-1.892547
73,18,0.785398
73,21,0.785398
73,28,-1.892547
73,31,-2.356194
73,39,2.356194
73,47,1.570796
73,54,-1.570796
73,66,-2.356194
73,69,-0.321751
73,70,2.819842
73,73,-1.570796
74,2,0.000000
74,4,-0.785398
74,5,-1.892547
74,10,1.249046
74,17,0.785398
74,39,3.141593
74,47,0.785398
74,70,-1.570796
74,74,1.570796
75,2,-0.785398
75,8,1.249046
75,10,-1.892547
75,14,0.785398
75,16,0.785398
75,21,-2.356194
75,39,-2.356194
75,47,-0.321751
75,71,1.570796
75,75,3.141593
76,6,1.249046
76,8,-1.892547
76,12,2.356194
76,20,-2.356194
76,32,-2.356194
76,36,-0.785398
76,37,-1.570796
76,38,-2.356194
76,48,-1.249046
76,49,-2.356194
76,50,3.141593
76,71,-0.321751
76,83,2.356194
77,2,0.785398
77,4,1.249046
77,6,-1.892547
77,11,0.785398
77,19,3.141593
77,43,1.570796
77,52,0.000000
77,57,3.141593
77,72,-1.249046
77,73,3.141593
77,82,-0.785398
77,83,-2.356194
77,85,1.570796
78,2,0.000000
78,4,-1.892547
78,10,0.000000
78,21,0.000000
78,22,-1.892547
78,27,1.570796
78,43,0.785398
78,60,0.000000
78,74,1.570796
78,85,-2.819842
79,2,-0.785398
79,8,1.570796
79,16,-2.356194
79,19,0.000000
79,27,-0.321751
79,28,2.819842
79,33,1.570796
79,37,0.785398
79,44,-2.356194
79,63,0.785398
79,64,1.892547
79,74,-0.321751
79,84,-0.785398
80,2,0.785398
80,8,3.141593
80,15,-0.785398
80,38,-2.356194
80,54,3.141593
80,64,-1.249046
80,65,3.141593
80,84,2.356194
81,2,0.000000
81,8,-1.570796
81,11,2.356194
81,17,3.141593
81,21,0.000000
81,22,0.785398
81,23,1.892547
81,28,-0.321751
81,29,2.819842
81,41,1.570796
81,76,-1.249046
81,77,-2.356194
81,84,3.141593
82,2,-0.785398
82,23,-1.249046
82,29,-2.356194
82,36,1.570796
82,56,0.000000
82,62,3.141593
82,84,-2.356194
83,7,1.249046
83,12,2.356194
83,16,-2.356194
83,25,-2.356194
83,54,3.141593
83,68,0.000000
83,69,1.892547
84,6,-0.785398
84,7,-1.892547
84,12,-2.356194
84,16,-1.570796
84,29,2.356194
84,32,0.785398
84,57,0.000000
84,64,0.000000
85,3,0.000000
85,9,1.570796
85,11,0.000000
85,23,1.249046
85,25,-1.570796
85,26,-2.356194
85,35,-0.785398
85,36,-1.570796
85,37,-2.356194
85,41,-0.785398
85,42,-1.570796
85,43,-2.356194
85,46,0.785398
85,47,1.570796
85,52,3.141593
85,60,0.000000
85,61,1.892547
85,66,-2.356194
85,75,0.000000
86,8,0.000000
86,21,1.249046
86,23,-1.892547
86,31,-0.785398
86,32,-1.892547
86,61,-1.249046
86,62,3.141593
86,71,-1.249046
86,73,1.892547
87,3,0.785398
87,6,0.785398
87,7,2.356194
87,11,0.785398
87,17,0.785398
87,18,1.892547
87,51,-2.356194
87,52,-0.785398
87,53,-1.570796
87,54,-2.356194
87,63,-2.356194
87,73,-1.249046
87,74,3.141593
88,3,0.000000
88,7,-1.570796
88,16,-0.785398
88,26,1.249046
88,27,2.356194
88,28,-0.785398
88,41,0.000000
88,45,-0.785398
88,46,-1.892547
88,75,0.000000
88,76,1.892547
88,78,2.356194
89,3,-0.785398
89,25,-0.785398
89,26,-1.892547
89,35,3.141593
89,70,0.000000
89,71,1.892547
89,78,-2.356194
89,84,2.356194
90,3,0.785398
90,13,0.785398
90,17,0.000000
90,18,-1.570796
90,20,-1.892547
90,31,1.249046
90,32,2.356194
90,67,0.000000
90,71,-1.249046
90,72,-2.356194
90,75,-0.785398
90,76,-1.892547
90,79,1.570796
90,84,-2.819842
91,3,-0.321751
91,5,2.356194
91,7,-0.785398
91,30,-0.785398
91,31,-1.892547
91,38,1.249046
91,39,2.356194
91,68,1.570796
91,82,-0.785398
91,83,-1.892547
92,12,-0.785398
92,33,0.000000
92,37,-0.785398
92,38,-1.892547
92,68,-0.321751
93,69,-1.249046
93,71,1.892547
94,7,1.249046
94,8,2.356194
94,13,-0.785398
94,14,-1.570796
94,15,-2.356194
94,71,-1.249046
94,72,3.141593
95,4,0.785398
95,74,2.356194
95,75,-0.785398
95,76,-1.892547
96,69,1.570796
97,71,-0.785398
97,72,-1.892547
98,27,0.000000
98,39,3.141593
98,46,0.000000
98,48,3.141593
98,68,-0.785398
98,69,-1.892547
