14,39,0.785398
14,40,1.892547
15,21,1.249046
15,22,3.141593
15,53,0.785398
15,54,1.570796
15,55,2.356194
15,63,0.785398
15,64,1.570796
15,65,2.356194
16,40,-0.785398
17,21,-1.570796
22,16,3.141593
23,13,0.321751
24,13,-0.785398
25,39,2.356194
26,47,1.249046
26,49,1.892547
26,54,2.356194
26,58,1.249046
27,51,1.570796
27,56,1.249046
28,39,-1.892547
28,41,-2.356194
28,47,-1.249046
28,49,-1.892547
28,58,-1.249046
29,33,0.785398
29,34,2.356194
29,36,-0.785398
29,37,-1.892547
29,41,2.356194
29,45,3.141593
30,33,-0.785398
30,39,1.249046
30,63,0.321751
30,65,2.819842
31,25,1.570796
31,38,0.000000
31,39,-1.892547
31,43,-1.570796
31,45,-1.570796
31,47,1.892547
31,57,0.000000
31,58,1.570796
31,59,2.356194
31,84,3.141593
32,13,2.356194
32,25,0.000000
32,36,0.785398
32,41,-1.570796
32,55,3.141593
32,68,1.892547
32,81,0.321751
33,37,-1.249046
33,38,-2.356194
33,55,-1.570796
33,69,3.141593
33,79,1.892547
34,31,1.249046
34,32,2.356194
34,34,3.141593
34,47,3.141593
34,56,0.785398
34,59,2.819842
34,67,-2.356194
34,71,0.785398
34,72,1.892547
34,77,-0.785398
34,81,3.141593
35,10,0.321751
35,15,0.785398
35,16,2.356194
35,34,-2.356194
35,49,1.249046
35,50,2.356194
35,51,3.141593
35,72,-1.249046
35,73,3.141593
35,78,-0.785398
36,10,-0.785398
36,15,-0.785398
36,22,0.000000
36,29,-0.785398
36,30,-1.892547
36,34,0.785398
36,37,0.000000
36,49,-1.892547
36,56,-0.785398
36,57,-2.356194
36,64,-0.785398
36,65,-1.570796
36,66,3.141593
36,70,0.785398
36,74,1.570796
36,80,-0.785398
37,23,-1.570796
37,26,1.249046
37,27,3.141593
37,35,3.141593
37,46,-0.785398
37,47,-1.892547
37,55,-0.785398
37,75,-2.356194
37,76,3.141593
38,20,1.249046
38,21,2.356194
38,24,0.000000
38,25,-0.785398
38,26,-1.892547
38,32,2.356194
38,36,0.000000
38,68,-2.356194
38,72,-2.356194
38,87,2.356194
39,23,3.141593
39,30,1.249046
39,35,-0.785398
39,38,0.000000
39,56,-0.785398
40,27,1.249046
40,28,2.356194
40,29,-0.785398
40,32,0.000000
40,33,3.141593
40,37,-0.785398
40,75,0.000000
40,77,0.785398
40,78,1.570796
40,79,2.356194
41,26,0.000000
41,31,-2.356194
41,44,3.141593
41,55,0.000000
41,56,3.141593
41,60,0.000000
41,61,3.141593
41,80,2.356194
41,84,0.321751
42,29,2.356194
42,33,2.356194
42,37,0.000000
42,38,3.141593
42,42,-0.785398
42,58,2.356194
43,22,2.356194
43,27,0.000000
43,28,-1.892547
43,40,2.356194
43,50,2.356194
43,84,3.141593
44,31,-0.785398
44,39,-0.785398
44,48,0.000000
44,54,-0.785398
44,76,1.249046
44,78,-1.892547
45,16,1.249046
45,17,2.356194
45,19,-0.785398
45,20,-1.892547
45,24,1.249046
45,25,3.141593
45,45,0.000000
45,46,3.141593
45,74,0.000000
45,75,-0.785398
45,76,-1.892547
45,81,-2.356194
45,83,-0.785398
45,89,2.356194
46,10,2.356194
46,23,0.000000
46,24,-1.892547
46,27,0.000000
46,39,2.356194
46,49,0.000000
46,50,3.141593
46,89,3.141593
47,22,3.141593
47,32,-2.356194
47,38,-0.785398
47,78,0.000000
47,80,0.785398
47,81,1.570796
47,82,2.356194
47,83,0.785398
47,89,-2.356194
48,8,0.321751
48,21,-1.570796
48,27,2.356194
48,36,3.141593
48,61,0.000000
48,74,3.141593
49,8,-1.570796
49,34,-0.785398
49,64,0.000000
49,80,-0.785398
49,89,2.356194
50,18,1.249046
50,19,3.141593
50,23,1.249046
50,24,3.141593
50,29,3.141593
50,32,2.356194
50,60,0.785398
50,61,1.570796
50,62,2.356194
50,74,0.000000
50,78,3.141593
50,85,0.000000
50,86,1.892547
50,89,3.141593
51,13,0.321751
51,18,-1.892547
51,31,-0.785398
51,50,0.785398
51,58,2.356194
51,69,0.000000
51,71,3.141593
51,82,0.785398
52,21,0.000000
52,22,-1.892547
52,34,2.356194
52,51,0.000000
52,52,0.785398
52,53,1.892547
52,62,-2.356194
52,64,3.141593
52,74,0.000000
52,75,3.141593
52,78,0.785398
52,87,-1.249046
52,90,2.819842
53,15,-1.892547
53,19,1.249046
53,20,3.141593
53,28,2.356194
53,33,-0.785398
53,47,0.785398
53,69,0.000000
53,70,3.141593
53,79,1.570796
53,90,-2.356194
54,43,0.785398
54,44,1.570796
54,51,0.000000
54,52,-0.785398
54,63,0.000000
54,66,3.141593
54,75,0.000000
54,81,1.892547
54,90,2.356194
55,21,1.249046
55,22,3.141593
55,26,-0.785398
55,42,0.000000
55,46,-1.249046
55,55,-0.785398
55,69,0.000000
55,71,3.141593
55,77,-2.356194
55,86,0.000000
55,87,1.892547
55,90,3.141593
56,20,0.000000
56,21,-1.892547
56,28,0.000000
56,29,3.141593
56,35,1.249046
56,36,2.356194
56,37,0.785398
56,38,2.356194
56,43,-0.785398
56,53,3.141593
56,62,0.000000
56,64,3.141593
56,81,-0.785398
56,83,2.356194
57,7,2.356194
57,38,-2.356194
57,46,0.000000
57,58,0.000000
57,59,3.141593
57,68,0.000000
57,71,3.141593
57,88,-1.249046
57,90,3.141593
58,6,0.321751
58,37,0.000000
58,41,0.000000
58,43,3.141593
58,52,0.000000
58,54,3.141593
58,79,0.000000
58,85,0.000000
58,86,1.892547
58,90,-2.356194
59,6,-1.570796
59,13,0.321751
59,26,1.249046
59,27,2.356194
59,29,0.785398
59,32,-2.356194
59,33,0.785398
59,38,0.000000
59,45,0.000000
59,50,3.141593
59,69,0.000000
59,71,3.141593
60,25,-0.785398
60,53,0.000000
60,55,3.141593
60,64,0.000000
60,65,3.141593
60,82,0.000000
60,83,1.892547
60,90,2.356194
61,10,0.000000
61,11,1.892547
61,21,0.785398
61,22,2.356194
61,27,1.570796
61,31,0.000000
61,33,0.000000
61,38,-0.785398
61,46,0.000000
61,49,3.141593
61,79,0.785398
61,83,-1.249046
61,85,1.892547
61,88,-1.249046
61,90,-2.356194
62,16,0.000000
62,17,0.000000
62,22,-2.356194
62,28,-2.356194
62,30,0.000000
62,62,0.000000
62,64,3.141593
62,76,0.785398
62,80,-2.356194
63,18,0.000000
63,20,0.785398
63,32,3.141593
63,37,0.000000
63,38,3.141593
63,46,0.000000
63,47,3.141593
63,82,0.785398
63,86,-1.249046
63,87,3.141593
64,11,-0.785398
64,17,0.000000
64,22,-2.356194
64,29,0.785398
64,74,1.570796
64,83,0.000000
64,88,1.570796
64,91,2.356194
65,18,0.000000
65,24,0.000000
65,25,3.141593
65,30,-2.356194
65,69,0.000000
65,70,3.141593
65,74,-1.570796
65,76,0.785398
65,80,1.570796
65,84,-1.570796
65,91,-2.819842
66,12,0.000000
66,13,-1.892547
66,15,-1.249046
66,16,-2.356194
66,22,1.249046
66,28,2.356194
66,32,0.000000
66,33,3.141593
66,39,0.000000
66,40,3.141593
66,66,0.785398
66,77,-2.356194
66,80,-0.321751
67,8,1.249046
67,10,-1.570796
67,11,-2.356194
67,19,0.000000
67,21,-0.785398
67,22,-1.892547
67,24,0.000000
67,25,1.892547
67,67,-2.356194
67,81,-1.249046
67,82,3.141593
67,91,-2.356194
68,25,-1.249046
68,28,2.819842
68,32,0.000000
68,33,3.141593
68,39,0.000000
68,40,3.141593
68,53,0.000000
68,54,3.141593
68,74,0.785398
69,15,0.000000
69,16,3.141593
69,28,-2.356194
69,48,0.000000
69,49,3.141593
69,71,0.785398
69,75,-2.356194
69,89,1.570796
70,6,-0.785398
70,19,2.356194
70,23,2.356194
70,27,1.570796
70,72,-2.356194
70,86,-2.356194
70,90,3.141593
71,26,0.000000
71,30,2.356194
71,39,1.570796
71,83,0.000000
71,84,3.141593
72,25,-0.785398
72,29,-0.785398
73,15,-0.785398
73,27,2.356194
73,40,-2.356194
73,47,2.356194
73,61,0.785398
73,66,0.785398
74,18,-0.785398
74,46,-1.570796
74,51,3.141593
74,62,-2.356194
74,67,-2.356194
74,91,2.356194
75,21,2.356194
75,25,-0.785398
75,45,-0.785398
75,55,1.570796
75,83,0.785398
75,90,0.321751
75,91,-2.819842
76,38,0.000000
76,39,3.141593
76,60,0.785398
76,70,0.785398
76,79,1.570796
76,90,-0.785398
77,6,0.785398
77,28,0.000000
77,29,3.141593
77,47,0.000000
77,48,3.141593
77,61,-2.356194
77,71,-2.356194
77,75,0.785398
77,79,-1.570796
77,85,-2.356194
78,6,0.000000
78,12,3.141593
78,22,2.356194
78,57,-2.356194
78,76,-2.356194
78,87,0.785398
79,6,-0.785398
79,30,2.356194
79,78,1.570796
79,91,2.356194
80,6,0.785398
80,29,-0.785398
80,78,-1.570796
80,89,0.000000
80,91,-2.819842
81,6,-0.321751
81,8,2.356194
81,13,3.141593
81,75,0.785398
82,15,1.570796
82,22,2.356194
82,34,2.356194
82,76,-2.356194
83,7,0.785398
83,15,-2.819842
83,33,-0.785398
83,45,0.000000
83,46,3.141593
83,82,0.785398
84,7,0.000000
84,13,-0.785398
84,14,-1.892547
84,71,0.785398
84,83,-2.356194
85,7,-0.785398
85,16,-0.785398
85,23,2.356194
85,79,0.000000
85,89,0.785398
85,91,2.356194
86,19,-1.570796
86,26,2.356194
86,49,0.000000
86,50,3.141593
86,73,-2.356194
86,86,0.785398
86,91,3.141593
87,25,-0.785398
87,81,-1.570796
87,91,-2.356194
88,7,0.785398
88,14,2.356194
88,87,-1.570796
89,7,0.000000
89,20,-1.570796
89,91,-1.570796
90,7,-0.785398
90,81,0.785398
91,18,1.570796
91,54,0.785398
91,82,-2.356194
91,90,1.570796
92,55,-2.356194
92,86,0.000000
92,87,3.141593
92,90,0.785398
93,17,-0.785398
93,84,1.570796
93,91,2.819842
94,76,0.000000
94,89,0.785398
95,81,0.000000
95,82,3.141593
95,89,-0.321751
95,91,-2.819842
96,15,3.141593
96,72,0.000000
96,86,1.570796
97,74,-2.356194
97,76,1.570796
97,79,-2.356194
97,86,-0.321751
97,90,2.356194
98,76,-1.570796
98,87,-1.249046
98,88,-2.356194
98,89,-0.785398
