17,46,1.249046
17,47,2.356194
18,28,1.249046
18,29,2.356194
18,74,0.785398
19,27,-0.785398
19,46,-2.356194
23,19,3.141593
24,16,0.321751
25,16,-1.570796
31,16,3.141593
31,81,2.819842
32,13,0.321751
32,62,0.321751
32,81,-2.356194
33,13,-1.570796
33,41,0.785398
33,62,-0.785398
34,41,0.000000
34,62,2.356194
35,59,1.249046
36,41,0.000000
36,43,3.141593
36,56,0.785398
36,57,1.570796
36,63,2.819842
36,82,3.141593
37,12,0.785398
37,32,0.785398
37,54,0.785398
38,12,-0.785398
38,13,3.141593
38,32,0.000000
38,34,1.892547
38,41,-0.321751
38,43,-2.819842
38,55,-1.249046
38,56,-2.356194
38,62,-0.785398
38,63,-1.570796
38,64,-2.356194
38,65,3.141593
39,39,1.570796
39,45,0.321751
39,46,-2.819842
39,59,-0.785398
40,36,2.819842
40,39,-1.570796
40,42,-1.570796
40,45,-0.785398
40,62,0.785398
41,34,-0.785398
41,36,-2.356194
41,49,-1.570796
41,52,-1.570796
41,58,1.570796
41,64,0.785398
41,65,1.570796
41,66,2.356194
41,69,-0.785398
41,70,-1.892547
42,11,0.785398
42,45,-1.570796
42,84,2.356194
43,11,-0.785398
43,12,3.141593
43,32,3.141593
43,49,1.570796
43,52,1.570796
43,55,1.570796
43,58,-1.570796
43,66,-2.356194
43,67,3.141593
44,27,-0.785398
44,29,-0.785398
44,30,-1.892547
44,49,-1.570796
44,52,-1.570796
44,69,0.000000
44,72,-0.785398
44,73,-1.892547
45,35,1.570796
45,38,1.570796
45,41,1.570796
45,66,1.570796
46,27,2.356194
46,54,-1.570796
46,66,-1.570796
47,22,0.000000
47,23,1.570796
47,25,1.570796
47,29,1.570796
47,35,-1.570796
47,38,-1.570796
47,41,-1.570796
47,70,2.356194
47,71,3.141593
47,77,0.785398
47,78,1.570796
47,80,-1.892547
48,9,0.321751
48,11,3.141593
48,29,-1.570796
48,66,1.570796
48,69,-0.785398
48,74,0.000000
48,75,0.785398
49,9,-0.785398
49,26,3.141593
49,66,-1.570796
49,76,-1.249046
50,24,-0.785398
50,57,1.570796
50,60,1.570796
50,69,-1.570796
50,72,1.570796
51,9,2.356194
51,21,0.785398
51,22,1.892547
51,24,2.356194
51,46,1.570796
51,60,-1.570796
51,72,-1.570796
51,74,0.000000
52,8,0.321751
52,46,-1.570796
52,57,-1.570796
53,8,-0.785398
53,27,-1.570796
53,82,0.785398
54,17,0.000000
54,18,1.570796
54,19,2.356194
54,24,-2.356194
54,75,1.570796
54,80,0.000000
54,86,2.356194
55,22,-2.819842
55,24,-1.570796
55,69,1.570796
55,72,-1.570796
55,76,-2.356194
55,81,-1.249046
55,86,-2.356194
56,18,0.785398
56,49,1.570796
56,55,1.570796
56,60,1.570796
56,69,-1.570796
57,22,2.819842
57,25,1.570796
57,42,1.570796
57,52,1.570796
57,60,-1.570796
57,80,-2.356194
57,84,3.141593
58,17,-0.785398
58,22,-2.356194
58,28,1.570796
58,49,-1.570796
58,55,-1.570796
58,76,0.000000
59,20,2.819842
59,42,-1.570796
59,52,-1.570796
59,83,-0.785398
60,20,-2.356194
60,28,-1.570796
60,88,2.356194
61,17,1.570796
61,20,0.785398
61,22,2.356194
61,25,-1.570796
61,76,0.000000
62,7,0.321751
62,9,-2.356194
62,16,-0.785398
62,17,-2.356194
62,20,-0.321751
62,22,-2.819842
62,86,-0.785398
62,87,-1.892547
63,7,-0.785398
63,18,1.570796
63,57,1.570796
63,60,1.570796
64,48,1.570796
64,54,1.570796
64,57,-1.570796
64,60,-1.570796
65,23,-2.356194
65,29,1.570796
65,48,-1.570796
65,54,-1.570796
65,78,1.570796
65,89,2.356194
66,7,0.785398
66,18,-1.249046
66,20,3.141593
66,29,-1.570796
66,78,-1.570796
66,89,3.141593
67,7,0.000000
67,11,0.785398
67,12,1.570796
67,13,2.356194
67,20,-2.356194
67,23,-1.570796
67,81,0.785398
67,89,-2.356194
68,7,-0.785398
69,20,0.785398
69,59,1.570796
69,63,1.570796
69,67,1.570796
69,77,2.356194
70,18,2.356194
70,20,-0.321751
70,21,2.819842
70,53,1.570796
70,59,-1.570796
70,63,-1.570796
70,67,-1.570796
70,76,-0.785398
70,79,0.000000
70,80,1.892547
71,28,1.570796
71,53,-1.570796
71,76,0.785398
71,80,-1.249046
71,82,1.892547
71,88,-0.785398
71,90,2.819842
72,19,0.785398
72,21,-2.819842
72,23,1.570796
72,28,-1.570796
72,30,1.570796
72,35,0.785398
72,77,3.141593
72,82,-1.249046
72,83,3.141593
72,90,-2.356194
73,30,-1.570796
73,37,3.141593
73,65,0.785398
73,85,3.141593
74,14,2.356194
74,21,1.570796
74,23,2.356194
74,75,0.785398
74,87,0.785398
74,90,2.356194
75,12,2.356194
75,23,3.141593
75,52,1.570796
75,76,-2.356194
75,88,0.000000
76,23,-2.356194
76,42,1.570796
76,52,-1.570796
76,63,0.785398
76,73,1.570796
76,78,0.785398
77,6,0.321751
77,8,-2.356194
77,17,2.356194
77,27,1.570796
77,32,1.570796
77,68,-2.356194
77,79,-2.356194
77,83,-2.356194
78,6,-0.785398
78,13,-2.356194
78,16,-0.785398
78,20,2.356194
78,23,0.785398
78,27,-1.570796
78,42,2.356194
78,81,0.785398
78,90,3.141593
79,12,-2.356194
79,24,2.819842
79,35,1.570796
79,40,0.000000
79,41,-0.785398
79,82,1.570796
79,90,-1.570796
80,32,-1.570796
80,35,-1.570796
80,72,2.356194
80,83,3.141593
80,87,0.785398
81,24,0.000000
81,26,2.356194
81,28,0.000000
81,29,1.892547
81,55,1.570796
81,71,0.000000
81,72,-2.356194
81,91,2.356194
82,24,-1.570796
82,26,-2.356194
82,30,2.819842
82,33,0.785398
82,55,-1.570796
82,69,0.000000
82,70,2.356194
82,90,-0.785398
83,19,-0.785398
83,23,-0.785398
83,26,0.785398
83,30,-2.356194
83,37,1.570796
83,50,1.570796
83,70,-1.570796
83,74,-2.356194
84,26,-0.785398
84,27,3.141593
84,34,0.785398
84,37,-1.570796
84,82,0.785398
85,14,-0.785398
85,18,2.356194
85,21,2.356194
85,28,0.785398
85,31,2.819842
85,34,-0.321751
85,35,2.819842
85,51,-2.356194
85,67,2.356194
85,68,3.141593
85,83,-2.356194
86,8,1.249046
86,20,-0.785398
86,28,-1.570796
86,31,-2.356194
86,35,-2.356194
86,58,0.785398
86,62,1.570796
86,73,-2.356194
86,80,0.785398
87,31,0.785398
87,35,0.000000
87,59,-2.356194
87,62,0.785398
87,65,0.000000
87,75,0.000000
87,91,3.141593
88,10,-2.819842
88,15,-0.785398
88,32,-2.356194
88,33,0.785398
88,34,2.356194
88,47,0.785398
88,62,0.000000
89,12,2.356194
89,18,2.356194
89,25,-0.785398
89,36,2.356194
89,45,1.570796
89,73,0.785398
90,11,3.141593
90,14,2.356194
90,17,-0.785398
90,21,-1.570796
90,36,-2.356194
90,45,0.785398
90,54,0.785398
90,59,0.785398
90,62,-2.819842
90,79,-2.356194
91,7,-0.785398
91,13,1.570796
91,27,2.356194
91,39,3.141593
91,45,-0.321751
91,52,0.785398
91,55,2.356194
91,60,-0.785398
91,85,-2.356194
91,89,0.785398
92,11,-2.356194
92,12,-0.785398
92,19,2.356194
92,26,1.570796
92,41,1.570796
92,46,-1.249046
92,47,3.141593
92,54,-0.785398
92,72,0.785398
92,81,0.000000
92,82,3.141593
92,90,0.000000
93,22,2.356194
93,26,-2.819842
93,48,0.000000
93,91,-2.356194
94,21,-0.785398
94,24,0.321751
94,48,-1.570796
94,84,0.785398
94,91,-1.570796
95,16,1.570796
95,24,-1.570796
95,38,-0.785398
95,44,3.141593
95,64,-2.356194
95,70,0.785398
95,85,-2.356194
96,15,0.000000
96,42,-0.785398
96,61,0.785398
96,71,-2.356194
97,50,0.000000
97,51,3.141593
97,68,0.785398
97,73,0.785398
97,77,-2.356194
98,22,-0.785398
98,64,3.141593
98,69,-2.356194
98,74,-2.356194
98,83,-2.356194
98,89,0.000000
98,90,3.141593
