17,23,1.249046
17,24,2.356194
17,41,0.785398
17,42,1.570796
17,43,2.356194
17,49,0.785398
17,50,1.570796
17,51,2.356194
17,53,0.785398
17,54,1.570796
17,55,2.356194
19,23,-1.570796
19,75,2.356194
20,19,2.356194
25,14,0.321751
27,13,0.321751
27,14,-2.819842
27,66,1.249046
28,13,-1.570796
28,68,-2.356194
28,81,2.356194
30,63,0.321751
31,51,2.819842
31,63,-0.785398
33,47,-1.570796
33,54,2.356194
34,11,0.321751
34,13,3.141593
34,31,0.785398
34,38,1.570796
34,40,1.249046
34,52,0.000000
34,68,2.356194
34,83,3.141593
35,11,-0.785398
35,38,0.000000
35,47,2.819842
35,50,-0.321751
35,56,2.356194
35,68,3.141593
36,30,0.321751
36,34,-2.356194
36,40,-2.356194
36,51,-1.570796
36,58,0.000000
36,59,1.892547
37,38,-0.321751
37,47,-0.321751
37,48,2.819842
37,52,-2.356194
37,61,1.570796
37,65,-0.785398
37,66,-1.570796
37,78,0.321751
38,11,2.356194
38,39,-1.570796
38,48,-1.570796
38,59,-0.785398
38,68,-1.249046
38,69,-2.356194
38,71,-0.785398
38,72,-1.892547
39,34,2.819842
39,40,-2.356194
39,43,1.570796
39,49,-2.356194
39,78,3.141593
40,9,0.321751
40,28,0.785398
40,29,2.356194
40,31,-1.249046
40,32,-2.356194
40,34,-1.570796
40,46,0.785398
40,57,-2.356194
41,9,-1.570796
41,26,2.356194
41,29,-1.570796
41,35,0.785398
41,36,2.356194
41,38,3.141593
41,41,0.785398
41,46,-0.785398
41,47,3.141593
41,65,1.249046
41,67,1.570796
41,68,2.356194
42,35,-1.570796
42,45,2.356194
42,55,0.785398
43,22,0.785398
43,23,2.356194
43,27,2.356194
43,34,3.141593
43,42,-0.785398
43,45,-2.356194
43,53,3.141593
43,86,2.356194
44,22,-0.785398
44,25,-1.249046
44,26,-2.356194
44,30,0.000000
44,36,0.785398
44,42,0.785398
44,45,2.356194
44,50,0.000000
44,57,-2.356194
44,60,0.785398
44,66,-1.249046
44,68,1.892547
45,17,0.785398
45,18,2.356194
45,33,3.141593
45,45,-2.819842
45,50,-1.570796
45,61,-2.356194
45,70,2.356194
45,80,0.785398
45,81,1.892547
45,84,0.000000
45,85,-1.892547
46,17,-0.785398
46,21,-0.785398
46,23,2.819842
46,26,0.785398
46,33,-2.356194
46,41,-0.785398
46,83,2.356194
47,7,0.321751
47,9,3.141593
47,23,-2.356194
47,56,1.570796
47,69,-0.321751
48,7,-0.785398
48,37,1.570796
48,42,-0.321751
48,73,1.892547
48,80,-0.785398
48,81,-1.570796
49,37,-1.570796
49,44,2.819842
49,47,0.000000
49,57,-2.356194
49,73,-1.249046
49,75,1.892547
50,12,0.000000
50,13,1.570796
50,14,2.356194
50,17,0.000000
50,25,-1.570796
50,41,0.785398
50,44,-1.570796
50,48,-2.356194
50,60,0.785398
50,88,2.356194
51,15,0.000000
51,36,0.785398
51,39,0.785398
51,69,0.000000
51,70,-0.785398
51,71,-1.570796
51,73,1.570796
52,14,-2.356194
52,23,2.819842
52,26,0.785398
52,31,1.892547
52,34,0.785398
52,43,1.570796
52,50,2.356194
52,51,0.785398
52,57,0.000000
52,58,1.892547
52,75,-1.570796
52,86,-0.785398
52,87,-1.892547
53,17,1.249046
53,26,-0.785398
53,28,1.570796
53,29,3.141593
53,32,2.819842
53,35,1.570796
53,38,1.570796
53,52,-1.249046
53,54,1.892547
53,58,-1.249046
53,59,-2.356194
53,65,-2.356194
53,73,0.785398
53,76,0.000000
53,77,0.785398
53,78,1.892547
54,32,-1.570796
54,35,-0.321751
54,42,-0.785398
54,43,-1.892547
54,54,-1.249046
54,55,3.141593
54,63,3.141593
54,73,-0.321751
54,75,3.141593
54,78,-1.249046
54,79,-2.356194
55,19,3.141593
55,29,0.000000
55,33,1.570796
55,46,1.570796
55,56,0.000000
55,57,1.892547
55,89,2.356194
56,16,-1.249046
56,26,3.141593
56,34,-2.356194
56,46,-0.321751
56,57,-1.249046
56,59,1.892547
56,66,0.785398
56,74,0.000000
56,89,3.141593
57,19,0.000000
57,20,0.785398
57,30,-0.321751
57,38,-1.249046
57,47,-1.249046
57,48,3.141593
57,53,0.000000
57,54,1.892547
57,59,-1.249046
57,60,-2.356194
57,67,-2.356194
57,86,0.785398
58,12,0.785398
58,18,-0.785398
58,36,3.141593
58,54,-1.249046
58,55,3.141593
58,63,3.141593
58,73,0.321751
58,75,3.141593
58,87,-1.249046
58,90,2.819842
59,12,-0.785398
59,13,-2.356194
59,14,3.141593
59,29,1.570796
59,32,-1.249046
59,34,2.356194
59,36,-1.570796
59,44,0.785398
59,56,0.000000
59,57,1.892547
59,73,-0.785398
59,90,-2.356194
60,18,1.249046
60,20,-1.892547
60,26,0.785398
60,42,0.785398
60,51,0.000000
60,52,1.892547
60,57,-1.249046
60,58,-2.356194
60,84,0.000000
60,85,1.892547
61,17,0.000000
61,18,-1.892547
61,24,2.819842
61,27,0.000000
61,34,-0.321751
61,38,0.000000
61,39,1.892547
61,52,-1.249046
61,54,1.892547
61,69,0.000000
61,82,3.141593
62,4,0.785398
62,24,-1.570796
62,31,-1.249046
62,32,3.141593
62,39,-1.249046
62,40,3.141593
62,44,1.570796
62,49,3.141593
62,54,-1.249046
62,55,3.141593
62,77,0.000000
62,88,1.892547
63,4,0.000000
63,11,1.570796
63,45,3.141593
63,78,-2.356194
63,84,0.000000
63,91,2.356194
64,4,-1.570796
64,26,1.570796
64,46,1.570796
64,52,0.000000
64,61,0.785398
64,75,2.356194
64,76,0.785398
64,89,-1.249046
65,13,-0.785398
65,26,-0.785398
65,28,2.356194
65,47,3.141593
65,55,3.141593
65,59,-2.356194
65,77,-1.249046
65,78,3.141593
65,82,0.000000
66,15,1.249046
66,16,3.141593
66,20,1.249046
66,22,-1.570796
66,24,1.570796
66,25,3.141593
66,28,-2.356194
66,51,0.785398
66,72,0.321751
66,84,1.570796
67,8,1.570796
67,14,0.000000
67,15,-1.892547
67,19,0.000000
67,20,-1.892547
67,33,2.819842
67,40,-1.249046
67,41,3.141593
67,44,0.000000
67,45,1.892547
67,52,0.000000
67,58,0.000000
67,75,-1.249046
67,76,3.141593
67,85,3.141593
67,89,0.785398
68,7,0.000000
68,8,-2.356194
68,10,1.249046
68,11,2.356194
68,33,-1.570796
68,37,0.000000
68,38,1.892547
68,45,-1.249046
68,53,-2.356194
68,61,0.785398
68,62,1.892547
68,70,0.785398
68,86,0.000000
68,91,3.141593
69,3,0.785398
69,6,1.570796
69,21,1.249046
69,22,2.356194
69,23,0.000000
69,30,1.570796
69,39,2.819842
69,47,-1.570796
69,51,0.000000
69,56,0.785398
69,62,-1.249046
69,63,-2.356194
69,73,-2.356194
69,74,0.785398
69,75,1.892547
69,79,-2.356194
69,87,-2.356194
70,3,0.000000
70,5,-0.785398
70,9,-1.570796
70,11,-2.356194
70,14,1.249046
70,15,3.141593
70,19,1.249046
70,21,-1.892547
70,24,0.000000
70,35,1.570796
70,39,-2.356194
70,43,0.000000
70,44,1.892547
70,49,3.141593
70,53,3.141593
70,75,-1.249046
70,76,3.141593
71,3,-0.785398
71,8,1.570796
71,24,0.000000
71,32,3.141593
71,37,1.892547
71,51,-0.785398
71,77,0.000000
71,78,1.892547
71,81,0.000000
71,82,-0.785398
71,85,2.356194
71,86,-0.785398
71,87,-1.570796
71,88,-2.356194
72,3,0.785398
72,7,0.000000
72,12,0.000000
72,13,-1.892547
72,17,0.000000
72,18,-1.892547
72,22,1.249046
72,23,3.141593
72,25,0.000000
72,37,-1.249046
72,41,2.356194
72,45,-1.249046
72,46,3.141593
72,73,-2.356194
72,78,-1.249046
72,79,3.141593
72,91,-2.356194
73,3,0.000000
73,10,0.000000
73,16,3.141593
73,21,0.000000
73,22,-1.892547
73,42,2.356194
73,47,-2.356194
73,67,0.785398
73,68,1.570796
73,81,3.141593
74,15,-1.570796
74,25,0.000000
74,35,0.000000
74,36,1.892547
74,41,-2.356194
74,43,0.000000
74,44,1.892547
74,49,0.000000
74,60,0.785398
74,61,1.892547
74,71,-1.249046
74,72,3.141593
75,3,0.000000
75,14,-0.785398
75,18,1.249046
75,19,3.141593
75,23,1.249046
75,24,3.141593
75,36,-1.249046
75,37,-2.356194
75,38,3.141593
75,46,1.892547
75,56,0.785398
75,61,-1.249046
75,73,-2.356194
75,87,-2.356194
76,3,-0.785398
76,7,1.570796
76,22,0.000000
76,23,-1.892547
76,32,-1.249046
76,34,1.892547
76,46,-1.249046
76,47,3.141593
76,52,-2.356194
76,57,-2.356194
76,63,-2.356194
76,69,-1.249046
76,70,-2.356194
76,75,0.785398
77,55,0.785398
77,67,-2.356194
77,72,0.000000
77,73,1.892547
78,3,0.785398
78,6,1.570796
78,15,0.321751
78,24,0.000000
78,56,-2.356194
78,58,0.785398
78,67,-1.570796
78,73,-1.249046
78,74,3.141593
78,77,-2.356194
78,81,1.570796
79,3,-0.785398
79,4,-2.356194
79,6,3.141593
79,15,-1.570796
79,29,0.000000
79,30,-0.785398
79,31,-1.570796
79,33,1.892547
79,35,-1.570796
79,47,3.141593
79,51,-2.356194
79,59,0.000000
79,65,3.141593
79,70,0.785398
79,81,-0.321751
79,82,2.819842
79,87,0.785398
79,91,1.570796
80,6,-1.570796
80,38,0.000000
80,66,-2.356194
80,82,-1.570796
80,91,-1.570796
81,10,2.356194
81,13,-0.785398
81,34,-1.249046
81,35,3.141593
81,39,-1.570796
81,44,0.785398
81,45,1.892547
81,57,1.249046
81,58,2.356194
81,59,-0.785398
81,60,-1.892547
81,62,-1.249046
81,63,3.141593
81,68,0.785398
82,2,0.785398
82,20,1.570796
82,30,3.141593
82,46,-2.356194
82,47,0.785398
82,48,1.892547
82,53,0.785398
82,54,1.570796
82,55,2.356194
82,64,-2.356194
82,74,-2.356194
83,2,0.000000
83,35,-0.785398
83,36,-1.570796
83,37,-2.356194
83,39,-0.785398
83,40,-1.570796
83,41,-2.356194
83,42,-0.785398
83,51,0.785398
83,57,-1.570796
83,66,0.785398
83,79,-2.356194
84,4,-2.356194
84,27,-0.785398
84,33,-0.785398
84,44,-1.249046
84,45,-2.356194
84,47,-0.785398
84,48,-1.892547
84,54,-2.819842
84,59,0.785398
84,67,-2.356194
84,72,-2.356194
84,83,0.785398
84,91,-2.356194
85,2,0.000000
85,7,1.570796
85,11,2.356194
85,37,0.000000
85,38,3.141593
85,60,-1.570796
86,2,-0.785398
86,7,-2.819842
86,10,-0.785398
86,55,3.141593
86,61,-2.356194
87,5,0.321751
87,45,0.000000
87,46,3.141593
87,67,0.785398
87,86,-2.356194
88,2,0.785398
88,8,1.570796
88,20,2.356194
88,51,0.000000
88,52,3.141593
89,2,0.000000
89,4,-0.785398
89,12,-1.570796
89,91,-2.356194
90,2,-0.785398
90,8,-1.570796
90,19,-1.570796
90,22,1.570796
91,14,-0.785398
92,7,1.570796
92,17,1.570796
92,25,2.356194
92,29,1.570796
92,36,3.141593
93,10,1.570796
93,13,1.570796
93,24,-0.785398
93,29,-1.570796
93,34,-0.785398
93,73,-2.356194
94,13,-1.570796
94,20,2.356194
94,32,2.356194
94,38,2.356194
94,50,0.000000
95,10,-1.570796
95,19,0.321751
95,20,-2.819842
96,3,0.785398
96,6,2.356194
96,12,1.570796
96,15,-0.785398
96,19,-1.570796
96,22,1.570796
96,26,2.356194
96,35,1.570796
96,80,0.785398
96,89,0.785398
97,4,-2.356194
97,5,-0.785398
97,12,-1.570796
97,30,-1.570796
97,33,0.000000
97,34,-0.785398
97,49,0.785398
97,54,-2.356194
97,58,0.785398
97,81,-2.356194
97,90,-2.356194
98,18,-1.570796
98,21,-0.785398
98,25,-1.570796
98,51,3.141593
98,59,-2.356194
