8,41,0.785398
8,42,2.356194
8,56,1.570796
9,38,1.249046
9,39,3.141593
9,42,-1.570796
11,25,1.249046
11,26,3.141593
11,38,-1.570796
11,62,2.356194
12,71,1.570796
13,40,1.570796
13,59,0.321751
14,40,-0.321751
14,59,-1.570796
15,13,1.249046
15,14,3.141593
15,23,-1.570796
15,48,0.000000
15,49,1.570796
15,51,-1.892547
16,12,0.321751
16,45,1.892547
16,67,1.249046
17,12,-0.785398
17,47,2.356194
17,48,-0.785398
17,49,-2.356194
17,53,1.249046
17,58,0.785398
17,69,-2.356194
18,82,2.356194
19,12,2.356194
19,38,-0.321751
19,40,-2.819842
20,63,0.321751
21,25,0.321751
21,34,1.249046
21,35,2.356194
21,63,-0.785398
22,9,0.321751
22,29,1.570796
22,31,1.570796
22,44,1.249046
22,54,1.249046
22,56,-1.892547
22,63,2.356194
22,77,1.249046
23,9,-1.570796
23,27,-1.892547
23,39,0.000000
23,43,-0.785398
23,53,-0.785398
23,54,-1.892547
23,61,0.785398
23,79,-2.356194
24,29,0.000000
24,41,-1.570796
24,51,-1.892547
24,64,2.819842
25,17,1.570796
25,40,-2.356194
25,44,-0.785398
25,49,-1.892547
25,54,1.249046
25,55,2.356194
25,67,0.000000
26,8,0.785398
26,17,0.000000
26,22,0.000000
26,35,1.570796
26,42,2.356194
26,46,0.000000
26,47,-1.892547
26,53,-0.785398
26,61,-0.785398
26,62,-1.570796
26,64,-1.570796
26,65,-2.356194
26,69,-1.249046
26,70,-2.356194
26,72,0.785398
26,79,2.356194
27,8,-0.785398
27,9,3.141593
27,22,-0.785398
27,31,0.000000
27,32,-1.892547
27,37,-1.892547
27,41,1.570796
27,45,-0.785398
27,77,1.249046
27,79,3.141593
28,17,-0.321751
28,20,3.141593
28,22,2.356194
28,39,1.249046
28,43,2.356194
28,73,2.356194
28,76,0.321751
28,79,-2.356194
29,22,-2.819842
29,26,-2.819842
29,32,0.785398
29,38,0.000000
29,45,1.249046
29,46,2.356194
29,52,1.249046
29,54,-1.892547
29,72,-0.785398
29,73,-2.356194
29,79,0.785398
29,82,0.785398
29,83,1.892547
29,86,0.000000
30,17,0.321751
30,21,-1.570796
30,36,1.249046
30,37,3.141593
30,44,0.000000
30,45,-1.892547
30,50,1.249046
30,52,-1.892547
31,35,0.321751
31,42,0.000000
31,49,0.000000
31,50,-1.892547
31,55,0.000000
31,56,-1.892547
32,15,0.785398
32,19,-1.570796
32,26,1.570796
32,32,1.570796
32,59,1.249046
32,60,2.356194
32,67,0.785398
32,68,1.570796
32,69,2.356194
32,84,2.819842
33,18,-2.356194
33,24,0.785398
33,31,0.000000
33,32,-2.356194
33,34,0.000000
33,35,-2.356194
33,43,2.356194
33,51,1.249046
33,52,3.141593
33,58,-0.785398
33,59,-1.892547
33,75,0.785398
33,79,-0.321751
33,84,-2.356194
34,20,0.321751
34,26,-1.249046
34,27,-2.356194
34,33,-2.356194
34,36,-2.356194
34,46,-0.785398
34,50,0.000000
34,51,-1.892547
35,16,-2.819842
35,20,-1.570796
35,23,0.321751
35,24,-2.819842
35,32,-0.785398
35,41,-0.785398
35,60,0.785398
35,61,1.570796
35,62,2.356194
35,63,3.141593
35,65,-0.785398
35,68,-1.249046
35,69,-2.356194
35,71,3.141593
35,77,-1.249046
35,83,-1.570796
36,14,0.321751
36,23,-1.570796
36,28,1.570796
36,34,-0.785398
36,48,-0.785398
36,57,-0.785398
36,73,0.000000
36,79,-1.249046
36,80,3.141593
36,85,0.785398
36,86,1.570796
36,89,2.819842
37,16,2.356194
37,22,1.570796
37,28,-2.819842
37,61,-1.570796
37,63,0.000000
37,68,3.141593
37,81,0.000000
37,89,-2.356194
38,14,0.000000
38,22,-2.819842
38,26,0.000000
38,27,-1.892547
38,31,2.356194
38,39,2.356194
38,44,2.356194
38,49,-0.785398
38,54,1.249046
38,55,2.356194
38,59,3.141593
38,71,0.000000
38,78,0.000000
38,79,0.785398
39,7,0.785398
39,17,-2.819842
39,20,0.321751
39,47,2.356194
39,53,-0.785398
39,54,-1.892547
39,76,0.785398
39,77,2.356194
39,85,0.000000
39,89,2.356194
40,7,0.000000
40,11,0.785398
40,12,1.570796
40,16,-1.892547
40,20,-1.570796
40,36,-0.785398
40,59,0.000000
40,62,3.141593
40,66,0.000000
40,77,-1.570796
40,81,-1.249046
40,82,3.141593
40,88,-0.785398
40,89,-2.356194
41,19,1.570796
41,23,1.570796
41,27,1.249046
41,28,3.141593
41,56,0.000000
41,57,3.141593
41,72,0.785398
41,73,2.356194
41,74,3.141593
41,83,-2.356194
42,6,0.321751
42,19,-2.819842
42,23,-2.819842
42,26,0.321751
42,30,1.570796
42,34,2.356194
42,54,3.141593
42,62,0.000000
43,6,-0.785398
43,17,0.321751
43,21,0.321751
43,26,-1.570796
43,29,0.321751
43,30,-2.819842
43,33,-0.785398
43,36,1.249046
43,37,3.141593
43,41,-0.785398
43,46,-0.785398
43,52,-0.785398
43,58,0.000000
43,59,3.141593
43,71,-0.785398
43,72,-2.356194
43,81,0.000000
43,82,1.892547
43,85,0.000000
44,21,-1.570796
44,29,-1.570796
44,35,0.321751
44,56,2.356194
44,82,-1.249046
44,83,3.141593
45,16,0.000000
45,24,1.570796
45,31,1.570796
45,35,-1.570796
45,47,2.356194
45,55,-0.785398
45,62,0.000000
45,67,3.141593
45,88,1.570796
45,90,2.356194
46,15,1.570796
46,19,1.570796
46,24,-2.819842
46,46,-0.785398
46,58,0.000000
46,59,3.141593
46,88,-0.785398
46,90,3.141593
47,18,0.321751
47,19,-2.819842
47,22,0.321751
47,33,-0.785398
47,55,0.000000
47,56,3.141593
47,64,0.785398
47,73,0.000000
47,87,-0.785398
47,90,-2.356194
48,18,-1.570796
48,22,-1.570796
48,36,2.356194
48,61,3.141593
48,66,3.141593
48,80,0.000000
48,81,1.892547
48,90,2.356194
49,17,-2.356194
49,31,2.356194
49,50,2.356194
49,69,0.000000
49,81,-1.249046
49,86,1.892547
49,90,3.141593
50,12,0.321751
50,13,-2.819842
50,16,-0.785398
50,20,1.570796
50,30,-0.785398
50,48,1.249046
50,49,3.141593
50,55,0.000000
50,73,3.141593
50,83,0.000000
50,84,2.356194
50,86,-1.249046
50,87,3.141593
50,90,-2.356194
51,12,-1.570796
51,20,-2.819842
51,37,2.356194
51,42,2.356194
51,47,0.000000
51,48,-1.892547
51,52,2.356194
51,58,0.000000
51,60,3.141593
51,75,0.000000
51,76,0.785398
51,80,0.000000
51,81,1.892547
51,84,-1.570796
51,90,2.356194
52,6,0.785398
52,15,2.356194
52,18,0.321751
52,22,1.570796
52,26,1.570796
52,36,-0.785398
52,46,-0.785398
52,51,-0.785398
52,70,0.000000
52,77,-1.570796
52,82,2.819842
52,90,3.141593
53,6,0.000000
53,10,-0.785398
53,14,1.570796
53,18,-1.570796
53,21,0.321751
53,22,-2.819842
53,25,0.321751
53,26,-2.819842
53,39,0.000000
53,44,2.356194
53,54,2.356194
53,82,-1.570796
54,6,-0.785398
54,14,-2.819842
54,17,1.570796
54,21,-1.570796
54,25,-1.570796
54,33,2.356194
54,53,-0.785398
54,57,1.570796
54,83,0.000000
54,87,0.000000
54,88,1.892547
54,91,2.819842
55,17,-2.819842
55,47,3.141593
55,51,2.356194
55,57,-1.570796
55,68,0.000000
55,77,1.892547
55,91,-2.356194
56,12,1.570796
56,15,0.321751
56,34,2.356194
56,54,2.356194
56,72,0.785398
56,73,1.892547
56,75,1.570796
56,77,-1.249046
56,78,3.141593
56,82,0.000000
56,85,0.000000
56,86,0.785398
56,87,2.356194
56,89,-1.570796
56,91,2.356194
57,11,0.321751
57,15,-1.570796
57,22,1.570796
57,33,-0.785398
57,40,-0.785398
57,49,-0.785398
57,53,-0.785398
57,62,0.000000
57,65,3.141593
57,73,-1.249046
57,79,1.570796
57,91,3.141593
58,14,3.141593
58,22,-2.819842
58,25,-0.785398
58,43,-0.785398
58,51,2.356194
58,81,1.892547
58,84,-1.570796
58,88,3.141593
58,91,-2.356194
59,6,0.785398
59,10,-0.785398
59,20,0.321751
59,31,2.356194
59,77,0.785398
59,89,1.570796
59,91,2.356194
60,6,0.000000
60,16,0.785398
60,20,-1.570796
60,27,-0.785398
60,49,-0.785398
60,54,3.141593
60,58,0.000000
60,60,3.141593
60,86,0.000000
60,91,3.141593
61,6,-0.785398
61,13,3.141593
61,15,1.570796
61,43,2.356194
61,47,2.356194
61,65,2.356194
61,87,-1.570796
61,91,-2.356194
62,15,-2.819842
62,18,-2.356194
62,22,0.785398
62,29,1.570796
62,51,-0.785398
62,64,-0.785398
62,75,0.000000
62,85,2.819842
62,88,1.570796
63,14,-1.570796
63,28,0.321751
63,29,-2.819842
63,41,-0.785398
63,45,0.785398
63,72,0.000000
63,78,3.141593
63,85,-1.570796
63,88,-0.321751
63,91,2.356194
64,11,2.356194
64,13,1.570796
64,20,2.356194
64,23,-1.570796
64,28,-1.570796
64,82,0.000000
64,91,-2.819842
65,6,0.785398
65,13,-2.819842
65,30,1.570796
65,48,0.785398
65,57,0.785398
65,83,-1.570796
65,87,0.785398
65,88,3.141593
66,6,0.000000
66,8,0.785398
66,18,1.570796
66,49,-1.570796
66,58,0.785398
66,59,2.356194
66,76,-2.356194
66,87,-0.785398
67,6,-0.785398
67,14,3.141593
67,17,0.321751
67,18,-2.819842
67,20,1.570796
67,26,1.570796
67,41,-0.785398
67,52,3.141593
67,58,-0.785398
67,63,-2.356194
67,67,1.570796
67,71,0.785398
67,82,1.570796
67,90,2.356194
68,11,-1.892547
68,17,-1.570796
68,25,0.321751
68,26,-2.819842
68,67,0.785398
68,86,1.570796
68,90,3.141593
69,13,2.356194
69,16,1.570796
69,22,2.356194
69,25,-1.570796
69,34,1.570796
69,58,2.356194
69,72,0.785398
69,79,0.785398
69,86,-0.321751
69,87,2.819842
69,90,-2.356194
70,13,-2.819842
70,15,0.321751
70,16,-2.819842
70,21,-0.785398
70,28,-1.570796
70,56,1.249046
70,58,-2.356194
70,72,-0.785398
70,73,-2.356194
70,84,1.570796
70,87,-1.570796
71,5,0.321751
71,7,-2.356194
71,10,0.785398
71,15,-0.785398
71,30,2.356194
71,36,1.570796
71,41,2.356194
71,56,-1.892547
71,70,-2.356194
71,80,-1.570796
71,84,-0.321751
71,85,2.819842
71,88,-2.356194
72,5,-0.785398
72,18,-1.570796
72,20,1.570796
72,32,-0.785398
72,50,2.356194
72,54,-1.570796
72,59,0.785398
72,78,-2.356194
72,85,-1.570796
73,5,0.785398
73,11,2.356194
73,23,-1.570796
73,26,2.356194
73,49,-0.785398
73,53,-0.785398
73,63,3.141593
73,86,-2.356194
73,90,2.356194
74,5,-0.321751
74,7,2.356194
74,10,-0.785398
74,11,-2.356194
74,25,-0.785398
74,31,1.570796
74,41,2.356194
74,58,0.321751
74,75,0.000000
74,80,3.141593
74,90,3.141593
75,12,0.000000
75,13,2.356194
75,16,2.356194
75,58,-0.785398
75,87,0.785398
75,88,2.356194
75,90,-2.356194
76,13,-2.356194
76,36,-0.785398
76,45,2.356194
76,90,2.356194
77,12,0.785398
77,18,0.000000
77,55,1.570796
77,58,-1.570796
77,62,0.000000
77,63,3.141593
77,67,0.000000
77,69,3.141593
77,71,1.570796
77,85,1.570796
77,90,3.141593
78,12,0.000000
78,14,2.356194
78,19,-2.356194
78,32,2.356194
78,44,0.000000
78,84,0.321751
78,90,-2.356194
79,14,-2.356194
79,22,2.356194
79,31,0.321751
79,41,0.000000
79,47,3.141593
79,71,2.356194
79,80,0.785398
79,84,-0.785398
79,86,0.000000
80,54,1.570796
80,61,2.356194
80,70,0.321751
80,71,-2.819842
80,84,0.000000
80,90,2.356194
81,8,1.249046
81,9,2.356194
81,11,-0.785398
81,15,1.570796
81,17,-1.570796
81,18,3.141593
81,20,1.570796
81,30,0.321751
81,31,-2.819842
81,40,1.570796
81,53,0.000000
81,59,0.000000
81,63,1.570796
81,86,-0.785398
81,87,-1.570796
81,90,-2.819842
82,20,-2.819842
82,23,0.321751
82,26,2.356194
82,36,1.570796
82,49,0.000000
82,69,0.321751
82,71,-2.356194
82,75,3.141593
83,7,-0.785398
83,18,0.321751
83,23,-1.570796
83,26,-2.356194
83,30,-2.819842
83,35,0.321751
83,36,-2.819842
83,39,1.570796
83,63,-1.570796
83,69,-0.785398
83,89,2.356194
84,18,-1.570796
84,28,0.321751
84,35,-0.785398
84,38,0.321751
84,39,-2.819842
84,42,1.570796
84,83,0.785398
84,89,3.141593
85,17,1.570796
85,21,0.321751
85,23,3.141593
85,28,-1.570796
85,38,-0.785398
85,55,1.249046
85,56,2.356194
85,60,0.785398
85,82,-0.785398
85,84,-1.570796
86,17,-2.819842
86,27,1.570796
86,34,-0.785398
86,65,1.570796
86,85,1.570796
86,89,3.141593
87,14,1.249046
87,16,-1.892547
87,21,-2.356194
87,27,-2.819842
87,37,1.570796
87,41,-0.785398
87,62,2.819842
87,79,1.570796
87,85,0.000000
87,87,-1.892547
87,89,-2.356194
88,30,-1.570796
88,33,2.356194
88,36,0.321751
88,37,-2.819842
88,44,1.570796
88,52,1.570796
88,54,-2.356194
88,60,-0.785398
88,62,-2.356194
88,65,-1.570796
88,83,1.570796
88,85,-0.785398
89,18,0.321751
89,19,-2.819842
89,22,-1.570796
89,34,-2.356194
89,36,-0.785398
89,48,1.570796
89,52,-2.819842
89,62,-1.570796
89,70,0.785398
89,79,-1.570796
89,83,0.785398
89,86,1.570796
89,89,2.356194
90,18,-1.570796
90,31,0.321751
90,32,-2.819842
90,44,2.356194
90,50,0.321751
90,70,-0.785398
90,72,-2.356194
90,83,-0.321751
90,84,2.819842
90,86,0.000000
90,89,3.141593
91,7,0.785398
91,16,1.249046
91,17,3.141593
91,24,1.570796
91,27,1.570796
91,31,-1.570796
91,35,-0.785398
91,39,2.356194
91,44,-2.819842
91,54,-1.570796
91,59,1.570796
91,65,1.570796
91,68,1.570796
91,70,-1.570796
91,72,-1.570796
91,78,1.570796
91,81,1.570796
91,86,-1.570796
91,89,-2.356194
92,8,-2.356194
92,23,0.321751
92,24,-2.819842
92,42,0.321751
92,47,-1.570796
92,49,0.321751
92,50,-2.819842
92,62,1.570796
92,68,-1.570796
92,81,0.785398
92,84,-0.321751
93,10,-1.570796
93,19,1.570796
93,23,-1.570796
93,34,2.356194
93,38,-1.570796
93,42,-1.570796
93,49,-0.785398
93,75,0.785398
93,81,-0.321751
93,82,2.819842
93,85,-2.356194
94,19,-2.819842
94,56,1.570796
94,68,1.570796
94,76,-2.356194
94,82,-2.356194
95,14,-1.570796
95,29,-1.570796
95,37,2.356194
95,44,1.570796
95,48,1.570796
95,74,-1.570796
95,79,0.785398
95,82,0.785398
96,16,-0.785398
96,24,1.570796
96,47,0.321751
96,48,-2.819842
96,51,1.570796
96,53,0.785398
96,79,-0.321751
96,80,2.819842
96,82,-0.321751
97,20,-0.785398
97,21,-1.570796
97,22,-2.356194
97,23,-0.785398
97,32,-1.570796
97,47,-0.785398
97,51,-1.570796
97,54,0.000000
97,64,-0.785398
97,70,1.570796
97,72,0.000000
97,74,3.141593
97,80,-2.356194
97,83,-1.249046
98,35,-1.570796
98,39,-1.570796
98,43,-1.570796
98,47,-1.570796
98,54,-1.570796
98,58,-1.570796
98,62,-1.570796
98,67,-0.785398
98,70,-1.570796
98,77,-1.570796
98,80,-1.570796
