13,47,0.785398
13,48,2.356194
13,72,1.570796
14,25,0.785398
14,26,2.356194
14,48,-1.570796
15,20,1.249046
15,21,3.141593
15,26,-1.570796
16,16,2.356194
16,19,-0.785398
17,50,0.785398
18,15,-2.819842
18,50,-0.785398
18,51,3.141593
18,79,2.356194
19,13,0.321751
20,13,-0.785398
20,77,0.321751
21,77,-0.785398
22,13,2.356194
22,50,3.141593
22,77,2.356194
22,82,1.570796
23,75,1.249046
23,77,3.141593
23,82,0.000000
24,11,0.321751
24,77,-2.356194
24,82,-0.785398
25,11,-0.785398
25,61,-0.785398
25,62,-1.892547
26,37,1.570796
26,72,0.321751
27,11,2.356194
27,38,-2.356194
27,43,-0.785398
27,44,-1.892547
27,72,-0.785398
27,76,0.321751
27,78,2.819842
28,10,0.321751
28,58,1.249046
28,59,2.356194
29,10,-1.570796
29,55,0.785398
29,56,2.356194
29,57,-0.785398
29,64,0.785398
29,65,1.892547
29,72,2.356194
29,81,0.321751
29,83,2.819842
30,37,3.141593
30,55,-0.785398
30,59,1.570796
30,65,-1.249046
30,67,1.570796
30,68,2.356194
30,72,3.141593
31,60,-2.356194
31,61,0.785398
31,62,1.892547
31,72,-2.356194
31,83,3.141593
32,64,0.785398
32,65,1.570796
32,83,-1.570796
33,8,0.321751
33,10,3.141593
33,33,3.141593
33,55,-1.570796
33,62,-0.785398
33,87,-0.785398
33,89,2.819842
34,8,-0.785398
34,65,0.785398
34,73,3.141593
34,89,-2.356194
35,62,0.785398
35,70,-0.785398
35,71,-1.892547
35,74,1.570796
35,82,3.141593
36,32,3.141593
36,63,-2.356194
36,64,-0.785398
36,65,-1.892547
36,76,1.570796
36,77,2.356194
36,78,-0.785398
36,79,-1.570796
36,80,-2.356194
36,83,0.000000
37,8,2.356194
37,20,2.356194
37,84,-1.570796
37,89,2.356194
38,7,0.321751
38,18,-0.785398
38,19,-1.892547
38,85,0.785398
38,86,2.356194
38,88,-0.785398
38,89,-2.356194
39,7,-0.785398
39,85,-1.570796
41,80,0.785398
41,84,-1.570796
41,85,-2.356194
42,16,1.249046
42,17,2.356194
42,35,2.356194
42,87,0.000000
42,88,1.892547
43,15,-0.785398
43,16,-1.892547
43,26,1.249046
43,27,2.356194
43,33,0.785398
43,81,-1.570796
43,88,-1.249046
43,89,-2.356194
44,25,-0.785398
44,26,-1.892547
44,36,3.141593
44,84,0.785398
44,85,2.356194
45,17,1.249046
45,18,2.356194
45,33,0.000000
45,34,-1.892547
45,38,2.356194
45,84,-0.785398
46,15,1.249046
46,17,-1.892547
46,28,0.000000
46,79,0.321751
46,81,2.819842
46,84,0.785398
46,89,3.141593
47,6,0.321751
47,8,-2.356194
47,14,-0.785398
47,15,-1.892547
47,24,0.000000
47,26,3.141593
47,79,-1.570796
47,81,-1.570796
47,84,0.000000
47,86,1.892547
48,6,-0.785398
48,22,3.141593
48,78,-0.785398
49,16,1.249046
49,17,2.356194
49,31,0.000000
49,33,-0.785398
49,34,-1.892547
49,83,-0.785398
49,84,-2.356194
50,14,1.249046
50,16,-1.892547
50,26,1.249046
50,27,2.356194
50,29,3.141593
50,85,0.000000
50,89,3.141593
51,6,0.785398
51,22,1.249046
51,23,2.356194
51,25,-0.785398
51,26,-1.892547
51,35,0.000000
51,41,-0.785398
51,43,2.819842
51,82,0.000000
52,6,0.000000
52,12,-0.785398
52,13,-1.892547
52,21,-0.785398
52,22,-1.892547
52,33,3.141593
52,91,-2.356194
53,6,-0.785398
53,28,1.249046
53,29,2.356194
53,44,2.819842
53,64,0.000000
53,66,0.785398
54,27,-0.785398
54,28,-1.892547
54,35,0.000000
54,38,0.785398
54,39,1.570796
54,44,-2.356194
54,79,0.785398
54,87,3.141593
55,9,1.249046
55,10,2.356194
55,13,1.249046
55,14,3.141593
55,80,-2.356194
55,88,-2.356194
56,13,-1.892547
56,19,1.249046
56,20,2.356194
56,30,0.000000
56,31,3.141593
56,38,0.000000
56,39,-1.570796
56,66,0.321751
56,73,0.000000
56,74,1.570796
56,75,2.356194
56,77,0.785398
56,78,1.892547
56,90,-1.570796
57,16,1.249046
57,17,2.356194
57,18,-0.785398
57,19,-1.892547
57,28,3.141593
57,36,0.000000
57,45,2.819842
57,66,-0.785398
57,87,3.141593
58,15,0.000000
58,16,-1.892547
58,42,0.000000
58,43,-1.892547
58,45,-2.356194
58,49,2.356194
58,82,1.249046
59,5,-0.785398
59,7,-1.249046
59,9,-1.892547
59,37,0.000000
59,85,-1.249046
59,86,3.141593
60,11,1.249046
60,12,3.141593
60,46,-2.356194
60,47,-0.785398
60,50,2.356194
60,51,3.141593
60,74,0.785398
60,79,-0.785398
60,83,3.141593
60,91,-2.356194
61,15,1.249046
61,16,2.356194
61,43,-0.785398
61,44,-1.892547
61,74,0.000000
61,80,-0.785398
61,81,-1.892547
61,84,-2.356194
62,5,0.785398
62,7,1.249046
62,8,2.356194
62,9,-0.785398
62,10,-1.892547
62,14,0.000000
62,15,-1.892547
62,36,0.000000
62,50,-2.356194
62,65,-1.570796
62,74,-1.570796
63,12,1.249046
63,13,3.141593
63,18,1.249046
63,19,2.356194
63,20,3.141593
63,34,3.141593
63,67,0.785398
63,73,-0.785398
63,83,0.785398
63,91,-2.356194
64,16,1.249046
64,18,-1.892547
64,31,-0.785398
64,48,3.141593
64,63,0.000000
64,68,-2.356194
65,6,0.321751
65,11,-1.892547
65,15,0.000000
65,16,-1.892547
65,23,2.356194
65,29,2.356194
65,65,-2.356194
66,22,-0.785398
66,28,-0.785398
66,34,0.000000
66,67,0.785398
66,86,-2.356194
67,6,0.000000
67,8,-1.892547
67,12,1.249046
67,13,3.141593
67,32,2.356194
67,39,0.000000
67,41,3.141593
67,62,0.000000
67,78,0.785398
67,83,-2.356194
68,10,1.249046
68,15,2.356194
68,25,2.356194
68,31,-0.785398
68,65,-2.356194
68,69,-2.356194
68,79,-2.356194
69,14,3.141593
69,24,-0.785398
69,41,0.000000
69,42,3.141593
69,67,0.785398
69,71,0.785398
69,76,0.785398
70,5,0.321751
70,12,0.321751
70,56,0.000000
70,57,3.141593
70,63,0.000000
70,68,-2.356194
70,77,-2.356194
71,12,-1.570796
71,15,0.000000
71,16,3.141593
71,52,3.141593
71,66,3.141593
71,73,-2.356194
71,83,0.785398
71,87,0.785398
72,4,0.321751
72,7,-1.892547
72,54,0.000000
72,55,3.141593
72,75,0.785398
72,84,-2.356194
73,4,-0.785398
73,40,0.000000
73,57,0.000000
73,58,3.141593
73,70,0.000000
74,4,0.785398
74,13,2.356194
74,17,2.356194
74,38,3.141593
74,50,0.000000
74,51,3.141593
74,60,0.000000
74,90,-2.356194
75,4,-0.321751
75,6,2.356194
75,8,1.570796
75,36,-0.785398
75,73,-2.356194
75,78,0.000000
75,82,0.785398
76,8,-2.819842
76,11,1.570796
76,15,-0.785398
76,19,2.356194
76,57,0.000000
76,75,0.785398
76,79,-1.570796
77,4,0.321751
77,7,-1.892547
77,10,0.321751
77,11,-2.819842
77,34,2.356194
77,60,3.141593
77,66,-2.356194
77,84,-2.356194
78,4,-0.785398
78,10,-1.570796
78,25,2.356194
78,45,0.000000
78,47,3.141593
78,52,0.000000
78,54,3.141593
78,68,0.785398
79,9,1.570796
79,16,-0.785398
79,20,2.356194
79,24,-0.785398
79,32,-0.785398
79,56,0.000000
79,64,0.785398
79,74,0.785398
80,8,0.321751
80,9,-2.819842
80,19,-0.785398
80,59,3.141593
80,71,3.141593
80,90,0.785398
81,15,2.356194
81,31,1.570796
81,51,0.000000
81,66,-2.356194
81,76,-2.356194
81,84,-2.356194
82,4,0.785398
82,7,0.000000
82,21,2.356194
82,53,-2.356194
82,61,0.785398
82,68,0.785398
82,91,-1.570796
83,4,0.000000
83,16,1.570796
83,28,2.356194
83,31,-1.570796
83,38,2.356194
83,55,0.000000
83,63,3.141593
83,69,-2.356194
83,73,0.000000
83,74,3.141593
84,4,-0.785398
84,79,0.785398
84,83,-2.356194
84,89,0.785398
85,15,-0.785398
85,30,1.570796
85,59,0.000000
85,60,1.892547
85,65,0.785398
85,90,-2.356194
86,19,-1.570796
86,22,1.570796
86,66,0.000000
86,67,1.892547
86,76,0.785398
87,49,0.785398
87,68,2.819842
87,77,1.570796
88,7,1.249046
88,8,2.356194
88,22,-1.570796
88,58,0.785398
88,62,-1.249046
88,63,3.141593
88,68,-1.570796
88,73,0.785398
88,77,-0.321751
88,78,2.819842
89,51,-2.356194
89,64,0.000000
89,65,1.892547
89,78,-1.570796
89,83,-2.356194
90,12,1.570796
90,70,-2.356194
91,5,-0.785398
91,12,2.356194
91,25,0.785398
91,40,1.570796
91,61,-2.356194
91,67,2.819842
91,80,-2.356194
91,90,0.785398
92,11,0.000000
92,15,2.356194
92,25,-0.321751
92,26,2.819842
92,40,-1.570796
92,53,0.785398
92,67,-1.570796
92,88,1.570796
93,9,1.249046
93,10,3.141593
93,26,-2.356194
93,29,-1.570796
93,54,1.570796
93,63,0.785398
93,81,0.785398
93,91,-1.570796
94,17,1.570796
94,23,1.570796
94,36,-1.570796
94,55,3.141593
94,64,0.000000
94,69,1.570796
94,86,1.570796
95,7,-0.785398
95,17,-1.570796
95,23,-1.570796
95,40,1.570796
95,51,0.785398
95,65,-1.570796
95,69,-0.321751
95,70,2.819842
95,75,1.570796
96,13,1.570796
96,20,2.356194
96,26,-1.570796
96,47,0.785398
96,70,-1.570796
97,12,-0.785398
97,16,1.570796
97,19,-0.785398
97,33,1.570796
97,40,-1.570796
97,48,-2.356194
97,58,-2.356194
97,90,-1.570796
98,16,-1.570796
98,33,-1.570796
98,54,-2.356194
98,67,-1.570796
98,73,3.141593
98,76,-2.356194
98,80,-1.570796
98,84,-2.356194
98,87,-1.570796
