13,26,1.249046
13,27,2.356194
14,24,1.249046
14,26,-1.892547
14,54,0.000000
15,14,1.249046
15,15,2.356194
15,23,-0.785398
16,78,3.141593
17,54,3.141593
18,11,0.321751
19,11,-0.785398
20,55,2.356194
21,11,2.356194
23,9,0.321751
23,57,1.570796
23,79,2.356194
24,9,-1.570796
24,57,0.000000
24,59,1.570796
25,61,-2.356194
26,25,2.356194
26,57,0.000000
27,24,0.321751
27,25,-2.819842
27,40,0.000000
27,42,-0.785398
27,43,-1.892547
27,60,1.570796
27,65,0.321751
28,24,-0.785398
28,56,0.321751
28,58,-2.356194
28,59,-0.785398
28,60,-2.356194
28,65,-0.785398
29,24,2.356194
29,46,0.321751
29,61,0.000000
29,62,1.892547
30,24,3.141593
30,46,-0.785398
30,62,-1.249046
31,24,-2.356194
31,57,-1.249046
31,59,1.892547
31,64,-1.249046
31,65,3.141593
32,46,-1.570796
32,53,-0.321751
32,70,-0.785398
32,71,-1.892547
33,23,-0.785398
33,24,-1.570796
33,25,-2.356194
33,27,3.141593
33,32,0.000000
33,33,3.141593
33,54,-1.249046
33,55,-2.356194
33,56,3.141593
33,60,-1.249046
33,61,3.141593
34,8,3.141593
34,10,1.249046
34,12,1.892547
34,18,-0.785398
35,5,0.321751
35,14,0.785398
35,62,0.785398
36,5,-0.785398
36,8,0.321751
36,12,-1.892547
36,15,-1.570796
36,20,0.000000
36,23,3.141593
36,26,0.000000
36,30,3.141593
36,63,-2.356194
36,64,0.785398
36,65,1.892547
37,8,-0.785398
37,17,3.141593
37,65,-1.249046
37,66,3.141593
38,5,0.785398
38,11,0.000000
38,14,3.141593
38,67,-2.356194
38,84,2.356194
39,10,3.141593
39,21,0.000000
39,24,3.141593
39,27,0.000000
39,28,3.141593
40,9,-1.892547
40,13,2.356194
41,3,-0.785398
41,5,-1.249046
41,7,-1.892547
42,9,1.249046
42,10,3.141593
42,24,0.000000
42,28,3.141593
43,8,0.000000
43,9,-1.892547
43,13,3.141593
43,18,1.249046
43,19,2.356194
43,21,3.141593
44,6,0.000000
44,11,-0.785398
44,17,-0.785398
44,18,-1.892547
44,36,0.785398
44,37,1.892547
44,79,0.000000
45,9,2.356194
45,15,-0.785398
45,28,0.000000
45,37,-1.249046
45,38,-2.356194
45,79,-0.785398
46,2,-0.785398
46,8,-0.785398
46,21,3.141593
46,86,2.356194
47,78,0.785398
47,86,3.141593
48,14,1.249046
48,15,3.141593
48,80,2.356194
48,86,-2.356194
49,4,1.570796
49,9,2.356194
49,13,0.000000
49,14,-1.892547
49,76,1.570796
49,86,2.356194
50,8,1.570796
50,81,-2.356194
50,86,3.141593
51,3,3.141593
51,7,0.000000
51,8,-2.356194
51,10,1.570796
51,73,0.785398
51,74,1.892547
51,86,-2.356194
52,6,3.141593
52,75,2.819842
52,78,0.000000
52,79,1.892547
53,2,0.000000
53,5,-1.570796
53,19,0.000000
53,21,3.141593
53,38,1.892547
53,41,0.000000
53,63,0.000000
53,68,1.249046
53,69,2.356194
53,71,-0.785398
53,86,2.356194
54,4,-2.356194
54,77,1.892547
54,80,-1.249046
54,81,-2.356194
54,86,3.141593
55,15,2.356194
55,35,-0.785398
55,36,-1.570796
55,38,-1.892547
55,43,1.570796
55,78,2.819842
55,86,-2.356194
56,5,1.570796
56,13,0.000000
56,21,0.000000
56,26,3.141593
56,33,-0.785398
56,43,0.000000
57,5,-2.819842
57,19,2.356194
57,66,1.249046
57,70,0.000000
57,71,1.892547
57,75,1.570796
57,78,-0.321751
58,41,1.249046
58,43,3.141593
58,65,0.321751
58,68,-2.356194
58,72,2.819842
58,75,-0.321751
58,86,2.356194
59,4,-1.570796
59,10,1.570796
59,12,-2.356194
59,15,1.249046
59,16,2.356194
59,43,-2.356194
59,65,-0.785398
59,77,2.819842
59,80,-1.249046
59,81,-2.356194
59,86,3.141593
60,6,3.141593
60,9,0.321751
60,10,-2.819842
60,39,0.321751
60,72,-0.321751
60,86,-2.356194
61,2,0.785398
61,9,-0.785398
61,28,3.141593
61,39,-0.785398
61,69,-2.356194
61,74,2.819842
61,77,-0.321751
61,78,2.819842
62,16,0.000000
62,42,0.321751
62,44,2.819842
62,50,-1.570796
62,74,-1.570796
62,78,-1.570796
62,81,0.785398
62,82,1.892547
62,86,2.356194
63,38,0.785398
63,44,-2.356194
63,75,1.570796
63,79,0.000000
63,86,3.141593
64,2,-1.570796
64,4,1.570796
64,10,-0.785398
64,11,-1.892547
64,25,0.000000
64,26,3.141593
64,39,3.141593
64,43,-2.356194
64,62,0.785398
64,66,-1.570796
64,72,0.785398
64,75,-0.321751
64,80,-1.249046
64,82,-1.892547
64,86,-2.356194
65,19,3.141593
65,77,2.819842
66,36,0.785398
66,40,-1.570796
66,77,-1.570796
67,15,-0.785398
67,37,-2.356194
67,69,0.785398
67,74,1.570796
68,66,-2.356194
68,75,3.141593
68,79,1.570796
68,81,0.785398
68,82,1.892547
68,86,2.356194
69,3,-1.570796
69,6,1.570796
69,33,0.785398
69,71,1.570796
69,79,-0.321751
69,86,3.141593
70,13,2.356194
70,19,-2.356194
70,21,0.000000
70,25,2.356194
70,34,-2.356194
70,71,-0.321751
70,72,2.819842
70,76,0.785398
70,80,-1.249046
70,82,-1.892547
70,86,-2.356194
71,12,-0.785398
71,24,0.785398
71,68,1.570796
71,76,-0.321751
71,77,2.819842
72,2,1.570796
72,30,0.785398
72,72,-0.321751
73,19,1.570796
73,22,1.570796
73,26,-2.356194
73,74,2.819842
73,77,-0.321751
74,2,0.785398
74,4,0.785398
74,45,0.785398
74,69,-1.570796
74,74,-2.356194
74,79,2.819842
75,2,0.000000
75,6,2.819842
75,11,1.570796
75,29,1.570796
75,46,-2.356194
75,74,-1.570796
76,2,-0.785398
76,19,-1.570796
76,32,-1.570796
76,79,-0.321751
77,4,-0.321751
77,9,0.000000
77,24,1.570796
77,27,-2.356194
77,30,-2.356194
77,67,1.570796
77,71,0.785398
77,80,-1.249046
77,81,3.141593
77,86,2.356194
78,21,-1.570796
78,24,-1.570796
78,63,0.785398
78,72,-2.356194
78,77,1.570796
78,86,3.141593
79,18,2.356194
79,64,-2.356194
79,68,-2.356194
79,77,0.785398
79,86,-2.356194
80,8,1.570796
80,9,2.356194
80,11,3.141593
80,38,1.570796
80,73,0.785398
80,77,-0.321751
80,78,2.819842
81,4,-1.570796
81,16,-0.785398
81,21,1.570796
81,34,0.785398
81,38,-1.570796
81,53,0.785398
81,65,0.785398
82,35,-2.356194
82,42,1.570796
82,70,1.570796
82,79,3.141593
82,86,2.356194
83,21,-1.570796
83,30,1.570796
83,39,1.570796
83,58,0.785398
83,84,0.785398
83,86,-2.819842
84,10,0.000000
84,14,2.356194
84,43,-2.356194
84,55,-2.356194
84,67,-2.356194
85,3,0.785398
85,39,0.785398
85,60,1.570796
85,64,0.785398
85,76,0.785398
86,3,-0.785398
86,4,-2.356194
86,29,-1.570796
86,39,-0.321751
86,40,2.819842
86,60,-0.321751
86,61,2.819842
86,68,0.785398
86,76,-0.321751
86,77,2.819842
87,8,3.141593
87,24,3.141593
87,40,-2.356194
87,61,-1.570796
87,69,-2.356194
87,77,-2.356194
88,28,1.570796
88,36,1.570796
88,62,-2.356194
89,3,1.570796
89,15,3.141593
89,36,-1.570796
89,44,0.000000
89,67,-2.356194
89,70,1.570796
89,74,1.570796
89,85,2.356194
90,3,0.000000
90,9,3.141593
90,18,0.000000
90,27,-0.785398
90,50,1.570796
90,54,1.570796
90,74,-0.321751
90,76,2.356194
90,77,-0.785398
90,78,-1.570796
90,79,-2.356194
90,85,3.141593
91,3,-0.785398
91,44,1.570796
91,64,0.785398
91,69,-0.785398
91,85,-2.356194
92,6,0.000000
92,7,0.785398
92,8,1.570796
92,9,2.356194
92,16,1.570796
92,21,2.356194
92,25,0.000000
92,27,3.141593
92,38,-1.570796
92,41,1.570796
92,51,-2.356194
92,71,1.570796
92,84,1.570796
93,16,-1.570796
93,20,-0.785398
93,30,1.570796
93,34,2.356194
93,44,-1.570796
93,48,-2.356194
93,66,0.000000
93,71,0.785398
93,84,-2.819842
94,3,0.785398
94,8,-2.819842
94,33,-0.785398
94,52,0.785398
94,67,-1.570796
94,71,-0.321751
94,72,2.819842
95,3,-0.321751
95,5,2.356194
95,6,-0.785398
95,13,3.141593
95,40,-0.785398
95,45,0.000000
95,72,-2.356194
95,77,1.570796
95,81,0.000000
95,82,-1.892547
96,8,0.000000
96,9,1.570796
96,10,2.356194
96,51,3.141593
96,64,0.785398
96,69,1.570796
96,72,0.785398
97,16,2.356194
97,21,2.356194
97,41,3.141593
97,69,-0.321751
97,72,-0.785398
97,73,-2.356194
97,76,-0.785398
97,77,-1.892547
98,8,-0.785398
98,9,-1.570796
98,10,-2.356194
98,20,-0.785398
98,27,-1.570796
98,38,0.000000
98,56,-2.356194
98,62,3.141593
98,67,3.141593
98,70,-1.249046
98,71,-2.356194
