7,35,0.785398
7,36,1.570796
7,37,2.356194
7,47,0.785398
7,48,1.570796
7,49,2.356194
7,55,0.785398
7,56,1.570796
7,57,2.356194
8,23,1.249046
8,24,2.356194
8,67,1.570796
9,19,1.249046
9,20,2.356194
9,22,-0.785398
9,74,0.785398
9,75,1.892547
10,82,0.785398
11,47,0.321751
11,49,2.819842
12,12,2.356194
12,16,-0.785398
13,11,-1.570796
13,63,0.321751
13,72,0.321751
14,36,0.785398
14,50,-1.249046
14,51,-2.356194
14,72,-0.785398
15,36,-0.785398
15,37,-2.356194
15,42,0.785398
15,43,1.892547
15,53,-0.785398
15,54,-1.892547
15,56,-1.249046
15,57,-2.356194
15,63,3.141593
16,33,0.000000
16,43,-1.249046
16,44,-2.356194
16,63,-1.570796
17,22,1.570796
17,25,1.249046
17,26,2.356194
17,64,1.570796
18,28,2.356194
18,37,1.249046
18,38,2.356194
18,39,3.141593
18,55,0.785398
18,56,1.892547
18,64,-0.321751
19,21,0.321751
19,25,-1.249046
19,27,-1.892547
19,33,1.249046
19,34,2.356194
19,36,-0.785398
19,37,-1.892547
19,45,0.000000
19,56,-1.249046
19,57,-2.356194
19,65,-1.249046
19,66,-2.356194
19,72,2.356194
19,75,0.321751
20,30,0.000000
20,32,-0.785398
20,33,-1.892547
20,71,-0.785398
20,72,-2.356194
21,21,-0.321751
21,23,-2.819842
21,40,2.356194
21,53,1.570796
21,83,0.321751
21,85,3.141593
22,27,3.141593
22,37,0.785398
22,38,1.570796
22,39,3.141593
22,44,0.000000
22,45,3.141593
22,48,0.785398
22,54,-2.356194
22,66,0.785398
22,67,1.892547
22,75,-1.249046
22,76,-2.356194
22,80,0.785398
22,81,1.892547
23,25,-0.785398
23,50,3.141593
23,58,3.141593
23,67,-1.249046
23,68,-2.356194
23,83,3.141593
24,38,-0.785398
24,39,-2.356194
24,43,3.141593
24,60,0.000000
24,61,3.141593
24,70,0.000000
24,71,1.892547
25,21,-0.785398
25,33,0.000000
25,45,0.000000
25,51,3.141593
25,63,0.000000
25,64,3.141593
25,71,-1.249046
25,73,1.892547
26,19,2.356194
26,25,0.000000
26,54,0.000000
26,56,3.141593
26,66,0.000000
26,73,-1.249046
26,75,1.892547
27,58,0.000000
27,75,-1.249046
27,77,1.892547
28,13,1.249046
28,14,2.356194
28,17,1.570796
28,28,2.356194
28,36,0.000000
28,45,3.141593
28,47,0.000000
28,63,3.141593
28,71,3.141593
28,77,-1.249046
28,78,3.141593
29,25,0.000000
29,50,0.785398
29,54,0.000000
29,56,3.141593
30,51,-1.570796
30,58,0.000000
30,67,0.000000
30,68,3.141593
30,74,0.000000
30,82,0.785398
30,83,1.892547
31,22,3.141593
31,42,0.000000
31,43,3.141593
31,53,3.141593
31,62,3.141593
31,76,-2.356194
31,83,-1.249046
31,84,-2.356194
32,6,1.249046
32,29,0.000000
32,31,3.141593
32,45,0.000000
32,64,0.000000
32,72,0.785398
32,86,0.000000
32,87,1.892547
32,90,2.356194
33,5,0.321751
33,18,-0.785398
33,26,3.141593
33,57,0.000000
33,81,0.785398
33,87,-1.249046
33,88,-2.356194
33,90,3.141593
34,5,-0.785398
34,23,0.000000
34,61,3.141593
34,69,0.785398
34,70,1.892547
34,74,-2.356194
34,90,-2.356194
35,10,-1.892547
35,15,3.141593
35,31,0.000000
35,52,2.356194
35,63,0.000000
35,64,0.785398
35,65,1.892547
35,70,-1.249046
35,71,-2.356194
35,72,3.141593
36,12,-0.785398
36,27,0.000000
36,28,3.141593
36,51,-0.785398
36,65,-1.249046
36,66,3.141593
36,75,0.000000
36,76,0.785398
36,77,1.892547
37,25,3.141593
37,69,3.141593
37,77,-1.249046
37,78,-2.356194
37,87,0.000000
37,88,1.892547
37,90,2.356194
38,23,-0.785398
38,60,0.785398
38,71,0.000000
38,80,0.000000
38,81,1.892547
38,88,-1.249046
39,15,3.141593
39,21,2.356194
39,30,0.000000
39,31,3.141593
39,61,-0.785398
39,63,0.000000
39,65,3.141593
39,73,0.000000
39,81,-1.249046
39,82,-2.356194
39,83,3.141593
40,11,1.249046
40,12,2.356194
40,27,0.000000
40,28,3.141593
40,71,0.000000
41,17,1.249046
41,18,3.141593
41,25,3.141593
41,75,0.000000
42,8,1.249046
42,10,-1.892547
42,16,0.000000
42,17,-1.892547
42,22,1.249046
42,23,3.141593
42,74,-0.785398
42,76,-2.356194
42,85,0.000000
42,90,3.141593
43,14,0.000000
43,21,0.000000
43,22,-1.892547
44,3,0.785398
44,6,0.000000
44,7,-1.892547
44,20,3.141593
45,3,0.000000
45,86,0.000000
45,87,3.141593
46,3,-1.570796
46,17,1.249046
46,81,0.000000
46,82,3.141593
46,89,0.000000
47,16,0.000000
47,17,-1.892547
47,91,-2.356194
48,7,1.249046
48,8,2.356194
48,9,3.141593
48,74,0.785398
48,76,2.356194
48,87,0.000000
49,13,1.249046
49,14,3.141593
49,71,0.785398
49,84,0.785398
49,90,3.141593
50,2,0.785398
50,12,0.000000
50,13,-1.892547
50,68,0.000000
50,75,-0.785398
50,76,-2.356194
50,77,3.141593
51,3,-2.356194
51,4,-0.785398
51,5,-1.892547
51,23,0.000000
51,24,3.141593
51,73,-2.356194
52,10,-0.785398
52,63,0.785398
52,83,0.785398
53,8,2.356194
53,61,1.249046
53,64,-2.356194
54,80,0.785398
54,91,-2.356194
55,12,0.000000
55,13,3.141593
55,61,-1.249046
55,66,0.000000
55,67,3.141593
55,85,-1.570796
56,21,3.141593
56,25,2.356194
57,10,2.356194
57,53,1.249046
57,54,2.356194
57,78,0.000000
57,79,3.141593
57,84,-2.356194
57,88,0.000000
58,2,-0.785398
58,8,1.249046
58,9,3.141593
58,27,2.356194
58,52,-0.785398
58,53,-1.892547
58,74,0.000000
58,75,3.141593
58,91,-2.356194
59,22,-0.785398
59,48,0.000000
59,81,0.785398
59,86,0.785398
60,14,-0.785398
60,20,2.356194
60,46,1.570796
60,82,-2.356194
61,41,1.249046
61,42,2.356194
61,43,3.141593
61,63,0.000000
61,64,3.141593
61,73,0.000000
62,17,1.249046
62,18,3.141593
62,22,1.249046
62,23,3.141593
62,27,2.356194
62,40,0.000000
62,41,-1.892547
62,46,-1.570796
62,48,0.000000
62,49,3.141593
62,91,3.141593
63,3,0.000000
63,4,-1.892547
63,10,3.141593
63,21,0.000000
63,22,-1.892547
63,26,-0.785398
63,37,1.249046
63,39,2.356194
63,66,0.000000
63,67,3.141593
63,84,3.141593
64,2,-0.785398
64,15,0.000000
64,16,-1.892547
64,20,-0.785398
64,35,1.249046
64,37,-1.892547
64,39,-1.570796
64,75,0.785398
65,18,2.356194
65,28,-0.785398
65,33,0.000000
65,34,-0.785398
65,35,-1.892547
65,40,-2.356194
65,77,0.785398
65,78,1.892547
65,87,0.000000
65,89,3.141593
66,32,-2.356194
66,66,0.000000
66,67,3.141593
66,78,-1.249046
66,79,3.141593
67,29,0.000000
67,30,-1.892547
67,85,0.000000
67,86,3.141593
68,15,-0.785398
68,23,0.785398
68,27,0.785398
68,28,2.356194
68,73,0.000000
68,75,3.141593
68,82,3.141593
69,3,1.570796
69,7,-0.785398
69,25,2.356194
69,26,0.000000
69,35,1.249046
69,84,0.000000
70,2,0.321751
70,11,2.356194
70,22,0.000000
70,23,-0.785398
70,24,-1.892547
70,27,-0.785398
70,33,0.000000
70,34,-0.785398
70,70,0.000000
70,71,3.141593
70,78,0.000000
71,10,-0.785398
71,36,-0.785398
71,91,3.141593
72,2,-0.321751
72,5,-2.356194
72,8,3.141593
72,18,1.249046
72,19,2.356194
72,20,3.141593
72,75,0.000000
72,82,0.000000
72,83,1.892547
73,12,2.356194
73,16,1.249046
73,18,-1.892547
73,77,-2.356194
73,83,-1.249046
73,84,-2.356194
74,3,0.000000
74,11,-0.785398
74,15,0.000000
74,69,0.000000
74,71,3.141593
75,5,2.356194
75,14,0.000000
75,17,-2.356194
75,80,0.000000
75,90,3.141593
76,3,-0.321751
76,7,2.356194
76,11,0.000000
76,15,2.356194
76,66,0.000000
76,75,0.000000
77,9,-2.356194
77,14,0.000000
77,85,0.785398
77,86,1.892547
78,3,0.321751
78,12,1.249046
78,13,3.141593
78,22,3.141593
78,40,2.356194
78,79,3.141593
79,11,-0.785398
79,12,-1.892547
79,27,0.000000
79,28,3.141593
79,31,0.000000
79,64,0.000000
79,74,-2.356194
79,81,0.000000
79,82,3.141593
79,87,-1.249046
79,88,-2.356194
80,3,0.000000
80,35,2.356194
80,36,0.785398
80,37,1.892547
80,56,2.356194
80,68,3.141593
80,76,0.000000
80,84,0.785398
80,90,0.000000
81,3,-0.785398
81,5,-1.249046
81,6,-2.356194
81,22,1.570796
81,39,-1.570796
81,40,3.141593
81,54,0.785398
81,91,-2.356194
82,12,1.249046
82,13,2.356194
82,22,-1.570796
82,31,-0.785398
82,32,-1.892547
82,34,-2.356194
82,37,-0.785398
82,46,0.000000
82,55,-1.249046
82,56,-2.356194
82,60,3.141593
82,63,0.000000
83,9,0.785398
83,10,1.570796
83,12,-1.892547
83,19,2.356194
83,27,1.249046
83,28,2.356194
83,43,-2.356194
83,66,3.141593
83,75,0.000000
84,26,0.000000
84,27,-1.892547
84,35,0.000000
84,47,0.000000
84,49,3.141593
84,51,0.000000
84,52,3.141593
84,54,0.000000
84,55,3.141593
84,68,0.000000
84,69,3.141593
84,77,-2.356194
84,84,0.000000
84,85,1.892547
85,7,1.570796
85,11,1.570796
85,24,0.000000
85,58,0.000000
85,60,0.785398
85,61,1.892547
85,71,0.000000
85,72,3.141593
85,79,0.000000
85,85,-1.249046
85,86,-2.356194
85,87,0.785398
85,88,1.892547
86,5,1.249046
86,7,3.141593
86,39,0.000000
86,40,3.141593
86,61,-1.249046
86,62,-2.356194
86,64,3.141593
87,10,-0.785398
87,11,-1.892547
87,67,0.785398
87,74,0.000000
87,76,0.785398
87,77,1.892547
87,89,-1.249046
87,90,3.141593
88,7,-1.570796
88,8,-2.356194
88,19,3.141593
88,27,-0.785398
88,36,3.141593
88,69,3.141593
89,16,0.000000
89,25,2.356194
89,34,-0.785398
89,78,-1.249046
89,79,-2.356194
89,80,3.141593
89,91,2.356194
90,14,3.141593
90,32,3.141593
90,90,-0.785398
91,19,1.249046
91,20,2.356194
91,29,0.000000
91,37,2.356194
91,49,0.000000
91,54,3.141593
91,67,0.000000
91,82,0.000000
92,3,0.785398
92,16,1.249046
92,17,2.356194
92,18,-0.785398
92,19,-1.892547
92,27,2.356194
92,58,0.000000
92,59,3.141593
92,77,0.000000
93,3,-0.321751
93,5,2.356194
93,15,0.000000
93,16,-1.892547
93,33,0.000000
93,42,3.141593
93,65,0.785398
93,87,1.570796
94,20,2.356194
94,24,0.000000
94,51,0.000000
94,87,-0.785398
94,88,-2.356194
94,90,0.785398
95,19,-0.785398
95,58,3.141593
95,69,0.785398
95,70,1.892547
95,76,0.000000
95,77,1.892547
95,85,0.785398
96,17,3.141593
96,28,2.356194
96,44,3.141593
96,63,0.785398
96,70,-1.249046
96,71,3.141593
96,77,-1.249046
96,78,-2.356194
96,86,-1.249046
96,87,-2.356194
96,90,-0.785398
97,13,1.249046
97,14,2.356194
97,21,3.141593
97,26,0.000000
97,41,1.249046
97,42,3.141593
98,11,0.000000
98,12,-0.785398
98,13,-1.892547
98,19,-0.785398
98,31,0.000000
98,38,0.000000
98,40,-0.785398
98,41,-1.892547
98,47,0.000000
98,53,3.141593
98,55,0.000000
98,63,-0.785398
98,64,-1.570796
98,65,-2.356194
98,68,3.141593
98,75,-2.356194
98,84,3.141593
