14,46,1.249046
14,47,2.356194
14,52,0.785398
14,53,1.892547
15,21,1.249046
15,22,2.356194
15,27,0.785398
15,28,1.570796
15,29,2.356194
15,38,0.785398
15,39,1.570796
15,40,2.356194
16,15,1.249046
16,16,2.356194
16,46,-2.356194
16,53,-0.785398
17,21,-2.356194
17,77,3.141593
20,11,0.321751
21,11,-0.785398
22,11,2.356194
22,81,2.356194
23,10,0.321751
24,10,-0.785398
24,68,0.321751
25,68,-0.785398
26,10,2.356194
27,27,0.321751
28,30,2.819842
28,41,-2.356194
29,20,0.321751
29,22,2.819842
29,27,-0.321751
29,37,-0.785398
29,38,-2.356194
29,41,0.785398
29,52,1.570796
30,13,1.570796
30,20,-0.785398
30,30,3.141593
30,41,-0.785398
30,42,-2.356194
30,46,-0.785398
30,47,-1.570796
30,48,-2.356194
31,5,0.321751
31,13,0.000000
31,30,-1.570796
31,35,-0.785398
31,36,-1.570796
31,37,-2.356194
31,52,-1.249046
31,53,-2.356194
32,5,-0.785398
32,19,0.785398
32,21,-1.892547
32,23,0.785398
32,24,2.356194
32,31,0.000000
32,61,0.785398
32,62,1.892547
32,68,0.785398
32,71,0.321751
33,15,-2.356194
33,23,-1.570796
33,38,1.249046
33,39,2.356194
33,49,0.785398
33,50,1.892547
33,62,-1.249046
33,63,-2.356194
33,65,3.141593
33,68,-0.321751
33,71,-1.570796
34,12,0.321751
34,16,0.785398
34,17,2.356194
34,18,-0.785398
34,19,-2.356194
34,36,0.000000
34,37,-0.785398
34,38,-1.892547
34,50,-1.249046
34,51,-2.356194
34,56,0.785398
34,84,2.356194
35,5,0.785398
35,12,-0.785398
35,16,-1.570796
35,20,-2.356194
35,32,0.000000
35,34,3.141593
35,57,-1.570796
35,60,0.000000
36,5,0.000000
36,15,-2.356194
36,29,2.356194
36,38,0.000000
36,51,3.141593
36,58,-2.356194
37,7,-2.356194
37,14,-0.785398
37,23,-0.785398
37,36,3.141593
37,53,0.000000
37,55,3.141593
38,4,0.000000
38,21,2.356194
38,57,0.000000
38,68,1.570796
38,73,-1.249046
38,74,3.141593
38,77,0.785398
38,78,1.570796
38,79,2.356194
38,80,-0.785398
38,81,-1.892547
39,6,-1.570796
39,25,0.000000
39,32,-0.785398
39,38,0.000000
39,60,3.141593
39,69,-2.356194
39,70,0.785398
39,71,1.892547
39,75,0.000000
40,19,-0.785398
40,23,2.356194
40,30,2.356194
40,54,3.141593
40,62,0.000000
40,64,0.785398
40,65,1.892547
40,71,-1.249046
40,72,3.141593
40,76,-1.249046
41,3,0.785398
41,8,-2.356194
41,17,2.356194
41,39,0.000000
41,41,3.141593
41,56,0.000000
41,57,3.141593
41,73,0.000000
41,74,1.892547
42,3,0.000000
42,27,-0.785398
42,33,0.000000
42,36,3.141593
42,43,0.000000
42,51,3.141593
42,59,0.000000
42,60,3.141593
42,67,2.819842
43,10,1.570796
43,25,2.356194
43,53,0.000000
43,54,3.141593
43,62,0.000000
43,67,-1.570796
43,75,-1.249046
43,76,3.141593
43,85,2.356194
44,3,-0.785398
44,5,-1.892547
44,7,0.000000
44,8,1.570796
44,13,1.249046
44,14,3.141593
44,24,-0.785398
44,39,3.141593
44,56,0.000000
44,64,-2.356194
44,72,0.000000
44,77,0.785398
44,78,2.356194
44,85,3.141593
45,2,-0.785398
45,17,1.570796
45,28,2.356194
45,35,0.000000
45,50,3.141593
45,59,-2.356194
45,77,-1.570796
45,85,-2.356194
46,7,3.141593
46,11,0.000000
46,12,-1.892547
46,16,0.000000
46,21,2.356194
46,27,-0.785398
46,41,0.000000
46,70,-2.356194
46,75,0.000000
46,76,2.356194
47,6,-1.570796
47,25,2.356194
47,38,0.000000
47,39,3.141593
47,63,0.000000
47,64,3.141593
47,76,-1.570796
48,4,0.000000
48,13,1.249046
48,14,3.141593
48,24,-0.785398
48,36,3.141593
48,66,0.000000
48,67,0.785398
48,68,1.892547
48,77,0.000000
48,78,1.892547
48,85,2.356194
49,12,0.000000
49,13,-1.892547
49,22,2.356194
49,28,2.356194
49,34,-0.785398
49,42,0.000000
49,47,3.141593
49,49,0.000000
49,50,3.141593
49,68,-1.249046
49,69,3.141593
49,78,-1.249046
49,79,-2.356194
49,85,3.141593
50,21,-0.785398
50,32,3.141593
50,39,0.000000
50,40,3.141593
50,85,-2.356194
51,5,1.249046
51,6,3.141593
51,9,0.000000
51,19,2.356194
51,25,-0.785398
52,23,2.356194
52,44,0.000000
52,46,3.141593
52,77,0.000000
52,84,-0.785398
52,86,2.819842
53,3,0.321751
53,13,-0.785398
53,33,2.356194
53,70,0.785398
53,72,1.249046
53,73,2.356194
53,86,-2.356194
54,3,-1.570796
54,7,2.356194
54,16,-0.785398
54,21,-0.785398
54,32,-0.785398
54,38,0.000000
54,39,3.141593
54,75,0.000000
54,76,1.892547
55,2,-0.785398
55,30,2.356194
55,61,0.000000
55,65,0.785398
55,66,1.570796
55,67,2.356194
55,69,-0.785398
55,76,-1.249046
55,77,3.141593
56,23,-0.785398
56,29,-0.785398
56,41,0.000000
56,51,3.141593
57,39,3.141593
57,73,0.785398
57,75,1.892547
57,79,0.785398
58,4,-1.570796
58,9,2.356194
58,13,2.356194
58,19,2.356194
58,25,2.356194
58,37,-0.785398
58,73,-0.785398
58,75,-1.249046
58,76,3.141593
58,79,-0.785398
59,18,-0.785398
59,24,-0.785398
59,30,3.141593
59,77,1.570796
59,86,2.356194
60,15,2.356194
60,22,2.356194
60,28,-0.785398
60,33,2.356194
60,40,0.000000
60,44,0.785398
60,45,1.892547
60,74,1.570796
60,86,3.141593
61,5,1.570796
61,26,2.356194
61,32,-0.785398
61,38,3.141593
61,47,1.570796
61,74,0.000000
61,86,-2.356194
62,2,0.785398
62,5,-2.819842
62,24,1.249046
62,25,3.141593
62,30,2.356194
62,35,0.000000
62,44,0.000000
62,45,-1.892547
63,23,0.000000
63,24,-1.892547
63,29,-0.785398
63,33,2.356194
63,66,1.570796
63,73,0.000000
63,74,-1.570796
64,3,-1.570796
64,15,1.249046
64,16,3.141593
64,32,-0.785398
64,66,-0.321751
64,72,0.785398
65,26,2.356194
65,67,-1.249046
65,68,3.141593
65,72,-0.785398
65,73,3.141593
65,76,-0.785398
65,78,1.892547
66,5,1.570796
66,9,1.570796
66,13,0.000000
66,14,-1.892547
66,34,0.000000
66,70,0.785398
66,71,2.356194
66,74,0.000000
66,75,2.356194
66,86,2.356194
67,8,0.321751
67,9,-2.819842
67,12,1.570796
67,41,0.000000
67,42,3.141593
67,71,-1.570796
67,75,-1.570796
67,79,-1.249046
67,80,-2.356194
67,84,0.785398
67,86,-2.819842
68,8,-1.570796
68,12,-2.819842
68,29,3.141593
68,39,3.141593
68,76,1.570796
69,2,0.321751
69,10,0.321751
69,76,-0.785398
69,78,1.892547
69,85,2.356194
70,2,-0.785398
70,14,3.141593
70,74,0.000000
70,75,2.356194
70,78,-1.249046
70,79,-2.356194
70,85,3.141593
71,5,0.321751
71,10,-2.356194
71,13,-1.570796
71,17,0.000000
71,23,1.249046
71,24,3.141593
71,42,0.000000
71,75,-1.570796
71,85,-2.356194
72,11,0.785398
72,12,3.141593
72,43,-2.356194
72,76,1.570796
73,5,0.000000
73,21,0.000000
73,22,-1.892547
73,26,1.249046
73,27,3.141593
73,34,-0.785398
73,43,2.356194
73,73,0.000000
74,8,0.000000
74,9,1.570796
74,14,1.570796
74,25,0.000000
74,26,-1.892547
74,42,-0.785398
74,43,-2.356194
75,5,-2.819842
75,23,1.249046
75,24,3.141593
75,30,2.356194
75,36,1.249046
75,37,2.356194
75,44,0.000000
75,76,-1.249046
75,78,-1.570796
75,79,-2.356194
76,9,2.356194
76,28,1.249046
76,29,3.141593
76,35,0.000000
76,36,-1.892547
76,45,-2.356194
77,4,0.000000
77,6,1.570796
77,7,2.356194
77,8,-0.785398
77,12,1.570796
77,16,1.570796
77,26,0.000000
77,27,-0.785398
77,28,-1.892547
77,44,1.570796
77,74,0.785398
78,12,-2.819842
78,16,-2.819842
78,20,0.000000
78,21,-1.892547
78,24,2.356194
78,31,1.249046
78,32,3.141593
78,44,3.141593
78,85,2.356194
79,4,-0.321751
79,6,-2.819842
79,44,-2.356194
79,76,0.000000
79,77,1.892547
79,85,-2.819842
80,12,0.785398
80,14,-1.892547
80,25,1.570796
80,34,1.249046
80,35,3.141593
80,74,0.785398
81,5,0.000000
81,7,1.570796
81,9,-1.892547
81,12,-0.785398
81,28,0.000000
81,29,-1.892547
81,32,1.249046
81,34,-1.892547
81,43,-0.785398
81,45,2.819842
81,72,1.892547
81,76,-0.785398
81,77,-1.892547
81,84,-2.356194
82,16,1.570796
82,20,1.570796
82,36,1.249046
82,37,2.356194
82,45,-1.570796
83,10,1.249046
83,11,3.141593
83,15,0.321751
83,16,-2.819842
83,20,-2.819842
83,23,3.141593
83,35,0.000000
83,36,-1.892547
83,48,3.141593
83,69,0.000000
83,70,-1.570796
83,71,-2.356194
84,15,-1.570796
84,18,0.321751
84,22,-0.785398
84,28,1.249046
84,30,-1.892547
84,33,1.249046
84,34,3.141593
84,54,0.785398
85,10,-1.570796
85,14,1.570796
85,23,0.785398
85,24,3.141593
85,27,0.321751
85,55,1.570796
85,68,2.356194
85,75,-1.249046
85,76,3.141593
86,4,0.321751
86,7,-2.356194
86,14,-2.819842
86,17,0.321751
86,18,-2.819842
86,23,-1.570796
86,27,-1.570796
86,30,1.249046
86,32,-1.892547
86,35,1.249046
86,36,3.141593
86,52,0.785398
86,53,1.892547
86,67,0.321751
86,68,-2.819842
87,4,-0.785398
87,8,0.000000
87,21,1.249046
87,22,3.141593
87,34,0.000000
87,35,-1.892547
87,50,0.785398
88,17,-2.819842
88,24,1.249046
88,25,3.141593
88,32,1.249046
88,33,3.141593
88,40,0.785398
88,41,1.570796
88,42,2.356194
88,51,-1.249046
88,53,-1.892547
88,55,-2.356194
88,63,2.356194
88,66,-0.785398
88,67,-1.570796
88,68,3.141593
89,9,-0.785398
89,23,0.321751
89,36,1.249046
89,37,3.141593
89,60,1.249046
89,84,2.356194
90,14,-0.785398
90,15,-1.892547
90,23,-1.570796
90,26,0.321751
90,30,0.000000
90,62,-2.356194
90,73,-0.321751
90,75,-2.819842
90,81,1.570796
90,84,-2.819842
91,22,3.141593
91,32,0.785398
91,33,2.356194
91,50,0.000000
91,51,1.892547
91,57,0.785398
91,81,-0.785398
91,83,-1.892547
92,16,0.321751
92,21,-1.570796
92,25,0.000000
92,32,-1.570796
92,36,0.000000
92,39,-0.785398
92,40,-1.570796
92,41,-2.356194
92,46,0.785398
92,47,1.892547
92,51,-1.249046
92,74,-1.570796
92,75,-2.356194
93,16,-1.570796
93,20,3.141593
93,31,3.141593
93,36,-1.570796
93,69,1.249046
94,23,1.570796
94,35,1.570796
94,50,1.892547
95,7,-0.785398
95,8,-1.570796
95,12,1.892547
95,23,-2.819842
95,27,-0.785398
95,28,-1.892547
95,31,0.785398
95,32,2.356194
95,34,-0.785398
95,35,-2.356194
95,40,0.785398
95,41,1.570796
95,42,2.356194
95,44,0.785398
95,45,1.570796
95,46,2.356194
95,52,2.356194
95,65,0.785398
95,66,2.356194
95,71,-2.819842
96,25,1.570796
96,36,0.785398
96,37,2.356194
97,18,-1.249046
97,20,-1.892547
97,24,-0.785398
97,30,0.000000
97,36,-1.570796
97,41,0.785398
97,45,2.356194
97,57,-1.249046
97,70,-2.819842
98,14,-0.785398
98,15,-1.892547
98,29,-0.785398
98,33,0.000000
98,42,-2.356194
98,44,-0.785398
98,50,-2.356194
98,51,-0.785398
98,52,-1.892547
98,59,-1.249046
98,60,-2.356194
98,64,-2.356194
98,67,-1.249046
98,69,-1.892547
