7,43,1.249046
7,44,2.356194
10,32,1.249046
10,33,2.356194
10,40,-0.785398
10,60,2.356194
10,61,0.785398
10,62,1.570796
10,63,3.141593
10,80,2.356194
10,81,0.785398
11,26,1.249046
11,27,2.356194
11,82,-1.570796
12,22,0.785398
12,23,1.570796
12,24,2.356194
12,32,-1.570796
13,26,-2.356194
13,41,0.321751
13,45,1.570796
13,62,2.356194
14,62,-2.819842
15,41,-0.321751
15,47,-2.819842
16,36,1.570796
16,49,1.249046
16,50,2.356194
16,64,1.570796
16,66,1.570796
17,36,0.000000
17,54,-2.356194
18,41,0.321751
18,45,-2.356194
18,49,-2.356194
18,71,0.321751
19,36,-0.785398
19,59,0.321751
19,68,-1.249046
19,69,3.141593
19,71,-1.570796
20,35,1.570796
20,38,-1.249046
20,39,-2.356194
20,41,3.141593
20,59,-0.785398
20,62,0.000000
20,70,-0.785398
21,34,0.321751
21,35,-2.819842
21,41,-2.356194
21,62,-0.785398
21,65,-1.570796
21,71,0.000000
21,72,1.892547
22,12,3.141593
22,34,-0.785398
22,49,-1.570796
22,52,1.570796
23,23,0.785398
23,55,2.356194
23,73,-1.249046
23,74,3.141593
24,8,0.321751
24,14,1.570796
24,17,1.249046
24,19,1.892547
24,25,-0.785398
24,26,-1.570796
24,28,1.570796
24,30,1.570796
24,31,2.356194
24,33,0.000000
24,54,0.321751
24,55,-2.819842
24,65,0.321751
24,68,1.892547
24,75,0.000000
24,76,1.892547
24,87,2.356194
25,8,-0.785398
25,22,-0.785398
25,23,-1.892547
25,54,-0.785398
25,70,0.785398
25,71,1.570796
25,73,1.892547
25,76,-1.249046
25,78,1.892547
26,13,0.321751
26,19,-1.892547
26,31,3.141593
26,64,0.321751
26,65,-2.819842
26,67,0.321751
26,74,2.819842
26,78,-1.249046
26,79,3.141593
27,13,-0.785398
27,15,-1.249046
27,17,-1.892547
27,26,1.249046
27,41,-1.570796
27,61,2.356194
27,64,-0.785398
27,67,-0.785398
27,71,-0.321751
27,87,-1.892547
28,25,-0.785398
28,26,-1.892547
28,29,-2.356194
28,33,0.000000
28,60,0.321751
28,61,-2.819842
28,64,-1.570796
28,74,-1.570796
28,75,-2.356194
28,76,0.785398
28,77,1.892547
29,33,-1.570796
29,44,-1.570796
29,57,2.356194
29,60,-0.785398
29,72,-0.785398
29,83,0.000000
30,8,2.356194
30,17,0.785398
30,18,1.570796
30,19,3.141593
30,56,0.321751
30,57,-2.819842
30,66,0.785398
30,78,-1.249046
30,79,3.141593
30,84,-1.570796
30,90,2.356194
31,7,0.321751
31,43,1.570796
31,66,0.000000
31,70,1.249046
31,75,0.785398
31,76,1.892547
31,89,0.321751
32,7,-0.785398
32,12,1.249046
32,13,2.356194
32,26,0.785398
32,27,2.356194
32,55,0.321751
32,56,-2.819842
32,59,-1.570796
32,62,1.570796
32,66,-1.570796
32,68,0.785398
32,70,-1.892547
32,76,-1.249046
32,77,3.141593
32,86,1.570796
32,89,-1.570796
33,15,2.356194
33,27,-2.356194
33,51,1.570796
33,55,-0.785398
33,65,0.785398
33,68,-0.785398
33,83,-2.356194
34,14,-1.892547
34,19,1.249046
34,20,3.141593
34,50,0.321751
34,51,-2.819842
34,58,1.570796
34,61,-0.785398
34,66,3.141593
34,73,3.141593
34,88,-1.249046
34,90,2.356194
35,7,2.356194
35,12,-0.785398
35,17,1.249046
35,19,-1.892547
35,41,-0.785398
35,46,-1.570796
35,67,0.000000
35,70,0.321751
35,74,1.570796
35,90,-1.570796
36,6,0.321751
36,16,0.000000
36,17,-1.892547
36,49,0.321751
36,50,-2.819842
36,70,-0.785398
36,74,0.000000
36,91,-2.356194
37,6,-1.570796
37,8,0.000000
37,9,1.570796
37,10,2.356194
37,14,2.356194
37,26,0.785398
37,44,2.356194
37,49,-1.570796
37,57,-1.570796
37,60,1.570796
37,74,-0.785398
37,78,1.570796
38,13,-1.892547
38,19,1.249046
38,20,3.141593
38,28,2.356194
38,43,1.570796
38,79,3.141593
38,87,3.141593
39,11,-1.892547
39,18,-0.785398
39,19,-1.892547
39,42,0.321751
39,43,-2.819842
39,56,1.570796
39,59,-0.785398
39,81,0.785398
39,82,1.892547
40,27,-1.249046
40,28,-2.356194
40,42,-1.570796
40,52,-1.570796
40,61,1.570796
40,68,1.570796
40,82,-1.249046
40,83,-2.356194
40,90,0.000000
40,91,3.141593
41,5,0.785398
41,14,0.000000
41,25,3.141593
41,67,0.321751
41,68,-2.819842
41,79,0.785398
41,85,0.000000
41,86,1.892547
42,5,-0.785398
42,6,3.141593
42,18,1.249046
42,19,3.141593
42,25,-2.356194
42,55,1.570796
42,64,3.141593
42,67,-1.570796
43,11,3.141593
43,25,2.356194
43,30,1.570796
43,38,0.000000
43,55,-2.819842
43,69,0.000000
43,70,3.141593
43,81,0.000000
43,82,1.892547
43,87,-1.249046
43,89,1.892547
44,18,-1.570796
44,21,0.000000
44,25,3.141593
44,30,-1.570796
44,43,1.570796
44,62,0.000000
44,63,-2.356194
44,89,-1.249046
44,90,-2.356194
44,91,3.141593
45,13,1.249046
45,14,3.141593
45,25,-2.356194
45,36,2.356194
45,42,0.000000
45,52,0.000000
45,53,-1.892547
45,64,0.785398
45,65,3.141593
45,74,2.356194
46,11,1.249046
46,13,-1.892547
46,35,-0.785398
46,40,0.000000
46,51,1.570796
46,61,-1.570796
46,67,1.570796
46,71,0.000000
46,74,3.141593
46,79,0.000000
46,84,-1.249046
46,86,1.892547
47,4,0.785398
47,10,0.000000
47,11,-1.892547
47,24,-0.785398
47,26,2.819842
47,45,2.356194
47,51,-2.819842
47,55,-0.785398
47,63,0.000000
47,81,0.000000
47,82,1.892547
47,86,-1.249046
47,88,1.892547
48,4,0.000000
48,17,-0.785398
48,18,-1.570796
48,19,-2.356194
48,26,-2.356194
48,32,2.356194
48,44,-0.785398
48,62,1.570796
48,66,1.570796
48,74,0.000000
48,77,0.785398
48,88,-1.249046
48,89,-2.356194
48,90,3.141593
49,4,-0.785398
49,26,2.356194
49,31,-0.785398
49,42,2.356194
49,48,0.000000
49,49,-1.892547
49,53,2.356194
49,61,0.000000
49,66,-2.819842
49,74,-0.785398
49,78,-1.570796
49,83,-1.249046
49,84,3.141593
50,11,1.249046
50,12,2.356194
50,26,3.141593
50,41,-0.785398
50,46,1.249046
50,47,3.141593
50,52,-0.785398
51,4,0.785398
51,9,1.249046
51,11,-1.892547
51,26,-2.356194
51,45,0.000000
51,46,-1.892547
51,50,1.570796
51,63,0.321751
51,68,0.000000
51,80,0.000000
51,81,1.892547
51,87,0.000000
51,88,1.892547
52,4,0.000000
52,8,-0.785398
52,9,-1.892547
52,44,-0.785398
52,50,-1.570796
52,57,0.000000
52,63,-1.570796
52,71,0.000000
52,72,1.570796
52,73,3.141593
52,81,-1.249046
52,83,1.892547
52,88,-1.249046
52,89,3.141593
53,4,-0.785398
53,25,0.000000
53,27,2.819842
53,75,1.249046
53,76,2.356194
53,91,3.141593
54,11,1.249046
54,12,2.356194
54,27,-2.356194
54,55,2.356194
54,59,1.249046
54,60,3.141593
54,69,1.249046
54,78,0.785398
54,84,-1.249046
54,85,3.141593
55,9,1.249046
55,11,-1.892547
55,27,0.785398
55,54,-0.785398
55,58,0.000000
55,59,-1.892547
55,64,3.141593
55,75,-2.356194
55,79,-1.570796
55,86,0.000000
55,87,1.892547
56,3,0.321751
56,5,-2.356194
56,8,-0.785398
56,9,-1.892547
56,45,3.141593
56,49,1.570796
56,61,1.249046
56,62,3.141593
56,67,3.141593
56,73,-1.249046
56,80,0.000000
56,81,1.892547
56,87,-1.249046
56,88,-2.356194
56,89,3.141593
57,3,-0.785398
57,13,1.249046
57,14,3.141593
57,26,-0.785398
57,27,-1.892547
57,29,-2.356194
57,43,-0.785398
57,49,-1.570796
57,60,0.000000
57,61,-1.892547
57,81,-1.249046
57,82,-2.356194
57,83,3.141593
58,3,0.785398
58,12,-0.785398
58,13,-1.892547
58,59,1.570796
58,65,-0.785398
58,66,-1.570796
58,67,3.141593
58,77,1.570796
59,3,-0.321751
59,5,2.356194
59,18,1.249046
59,19,2.356194
59,46,3.141593
59,51,1.249046
59,52,3.141593
59,58,-0.785398
59,63,1.570796
59,79,1.892547
59,85,0.785398
60,7,2.356194
60,17,-0.785398
60,18,-1.892547
60,27,-0.785398
60,28,-1.892547
60,43,1.249046
60,44,3.141593
60,50,-0.785398
60,51,-1.892547
60,56,1.570796
60,62,0.000000
60,63,-2.356194
60,71,2.356194
61,3,0.321751
61,6,-1.892547
61,23,1.249046
61,24,2.356194
61,30,-0.785398
61,55,-0.785398
61,60,1.249046
61,64,0.000000
61,65,1.570796
61,74,0.000000
61,75,1.892547
61,80,-1.249046
61,82,1.892547
61,88,0.000000
61,89,1.892547
62,3,-0.785398
62,20,1.249046
62,21,2.356194
62,22,-0.785398
62,23,-1.892547
62,33,-2.356194
62,46,1.249046
62,47,3.141593
62,59,-0.785398
62,75,-1.249046
62,76,3.141593
62,82,-1.249046
62,83,3.141593
62,89,-1.249046
62,90,-2.356194
62,91,3.141593
63,9,1.249046
63,10,2.356194
63,19,0.000000
63,20,-1.892547
63,29,1.249046
63,31,-1.892547
63,38,1.570796
63,44,1.249046
63,46,-1.892547
63,51,-0.785398
63,77,0.000000
63,78,1.892547
64,3,0.785398
64,8,0.000000
64,9,-1.892547
64,15,1.249046
64,16,2.356194
64,28,-0.785398
64,29,-1.892547
64,72,0.000000
64,73,1.892547
64,86,0.785398
64,87,1.892547
65,3,0.000000
65,14,0.000000
65,15,-1.892547
65,23,1.249046
65,24,2.356194
65,62,2.356194
65,66,-2.356194
65,73,-1.249046
65,74,3.141593
65,79,-1.249046
65,80,3.141593
65,87,-1.249046
65,88,3.141593
66,3,-1.570796
66,19,1.249046
66,20,2.356194
66,22,-0.785398
66,23,-1.892547
66,32,1.249046
66,33,2.356194
66,36,-0.785398
66,37,-1.892547
66,43,-1.570796
66,60,1.249046
66,62,-2.356194
67,9,1.249046
67,10,2.356194
67,18,0.000000
67,19,-1.892547
67,29,1.249046
67,30,2.356194
67,31,-0.785398
67,32,-1.892547
67,45,2.356194
67,53,1.249046
67,54,2.356194
67,55,-0.785398
67,56,-1.570796
67,57,-2.356194
67,63,0.000000
67,64,1.892547
67,76,-2.356194
67,83,0.000000
67,84,1.892547
67,91,3.141593
68,7,1.249046
68,9,-1.892547
68,25,1.249046
68,26,2.356194
68,28,-0.785398
68,29,-1.892547
68,60,-2.356194
68,64,-1.249046
68,65,3.141593
68,72,0.785398
69,2,0.785398
69,23,0.000000
69,24,-0.785398
69,25,-1.892547
69,40,0.000000
69,42,-0.785398
69,43,-1.892547
69,53,-2.356194
69,60,0.785398
69,67,0.785398
69,68,1.892547
69,79,0.000000
69,85,-1.249046
69,86,3.141593
70,2,0.000000
70,5,-0.785398
70,6,-1.892547
70,12,-0.785398
70,20,3.141593
70,31,0.000000
70,34,3.141593
70,53,0.785398
70,61,3.141593
70,74,0.000000
70,75,1.892547
70,81,0.000000
70,82,1.892547
70,87,0.000000
70,88,1.892547
71,2,-0.785398
71,8,1.249046
71,9,2.356194
71,10,3.141593
71,54,-2.356194
71,55,3.141593
71,62,-2.356194
71,82,-1.249046
71,83,3.141593
71,88,-1.249046
71,89,3.141593
72,7,0.000000
72,8,-1.892547
72,15,-0.785398
72,25,1.249046
72,26,2.356194
72,27,3.141593
72,42,0.000000
72,43,3.141593
72,64,0.000000
72,76,-1.249046
72,78,1.892547
73,2,0.785398
73,24,-0.785398
73,25,-1.892547
73,32,0.000000
73,34,3.141593
73,46,0.000000
73,50,3.141593
73,71,-1.249046
73,72,3.141593
74,2,0.000000
74,12,3.141593
74,17,2.356194
74,52,0.000000
74,60,0.785398
74,67,0.000000
74,68,1.892547
74,73,0.000000
74,74,1.892547
74,79,-1.249046
74,80,3.141593
74,86,0.000000
74,87,1.892547
74,91,-2.356194
75,2,-0.785398
75,27,3.141593
75,74,-1.249046
75,75,3.141593
75,81,0.000000
75,82,1.892547
76,19,0.000000
76,25,-0.785398
76,69,-1.249046
76,70,3.141593
76,76,0.000000
76,77,1.892547
77,2,0.785398
77,5,1.249046
77,6,3.141593
77,12,1.570796
77,23,2.356194
77,50,0.000000
77,51,3.141593
77,65,3.141593
77,71,0.000000
77,72,1.892547
77,83,-1.249046
77,85,1.892547
77,89,-1.249046
77,90,-2.356194
77,91,3.141593
78,2,0.000000
78,4,-0.785398
78,5,-1.892547
78,11,-0.785398
78,22,-0.785398
79,2,-0.785398
79,20,2.356194
79,73,-1.249046
79,74,3.141593
79,79,-1.249046
79,81,1.892547
80,7,1.249046
80,8,3.141593
80,12,1.249046
80,13,2.356194
80,14,3.141593
80,18,1.249046
80,19,3.141593
80,24,2.356194
80,68,0.000000
80,75,0.000000
80,76,1.892547
80,81,-1.249046
80,82,3.141593
80,87,-1.249046
80,88,3.141593
81,2,-1.570796
81,11,0.000000
81,12,-1.892547
81,17,0.000000
81,18,-1.892547
81,22,0.000000
81,64,0.000000
81,65,1.892547
82,5,0.000000
82,6,-1.892547
82,10,1.570796
82,16,-0.785398
82,26,2.356194
82,70,-1.570796
83,2,0.000000
83,8,1.249046
83,25,-0.785398
83,43,0.000000
83,44,3.141593
83,62,1.570796
83,73,1.570796
83,78,-1.249046
83,80,1.892547
83,85,0.000000
83,86,1.892547
83,91,-1.570796
84,7,0.000000
84,8,-1.892547
84,17,1.570796
84,23,2.356194
84,36,0.000000
84,37,3.141593
84,67,-1.249046
84,68,3.141593
85,22,-0.785398
85,34,3.141593
85,51,0.785398
85,56,0.000000
85,62,-1.570796
85,81,-1.249046
85,82,3.141593
85,87,-1.249046
85,88,3.141593
86,4,2.356194
86,11,3.141593
86,15,1.249046
86,16,3.141593
86,26,3.141593
86,31,0.000000
86,65,0.785398
86,70,-2.356194
86,76,0.000000
86,77,1.892547
86,83,1.570796
86,89,1.570796
87,3,-1.570796
87,8,0.000000
87,14,0.000000
87,15,-1.892547
87,23,0.000000
87,29,2.356194
87,39,0.000000
87,42,3.141593
87,55,3.141593
87,60,-2.356194
87,66,-2.356194
87,83,-0.321751
87,90,3.141593
88,2,-0.785398
88,35,3.141593
88,57,0.785398
88,91,-2.356194
89,26,1.570796
89,31,0.000000
89,50,0.000000
89,58,-2.356194
89,73,0.000000
89,74,3.141593
89,80,2.819842
90,9,1.249046
90,10,3.141593
90,14,1.570796
90,19,2.356194
90,25,0.321751
90,26,-2.819842
90,69,0.785398
90,80,-1.570796
91,3,0.000000
91,4,3.141593
91,14,-1.570796
91,17,1.249046
91,18,3.141593
91,22,3.141593
91,25,-1.570796
91,37,-0.785398
91,55,3.141593
91,66,0.785398
91,81,0.000000
91,82,1.892547
92,20,1.570796
92,24,1.570796
92,27,1.570796
92,49,3.141593
92,88,-1.249046
92,89,3.141593
93,15,0.321751
93,20,-2.819842
93,23,0.321751
93,24,-2.819842
93,27,2.356194
93,67,-1.570796
93,84,2.819842
94,15,-1.570796
94,18,0.321751
94,23,-1.570796
94,26,0.321751
94,27,-2.819842
94,39,0.000000
94,41,3.141593
94,44,0.000000
94,46,3.141593
94,60,1.570796
94,64,0.785398
94,84,-1.570796
95,5,-1.892547
95,13,0.000000
95,18,-1.570796
95,22,3.141593
95,26,-1.570796
95,34,2.356194
95,60,-1.570796
95,69,0.785398
95,80,1.570796
96,3,-0.785398
96,21,-0.785398
96,29,2.356194
96,33,-0.785398
96,50,0.785398
96,56,0.785398
96,75,-2.356194
96,87,3.141593
96,91,-1.570796
97,17,-1.570796
97,21,-1.570796
97,25,-1.570796
97,31,1.570796
97,36,2.356194
97,43,0.000000
97,44,3.141593
97,51,-2.356194
97,66,-1.570796
97,71,-2.356194
98,3,-1.570796
98,5,0.000000
98,7,3.141593
98,27,-0.785398
98,31,-1.570796
98,35,-0.785398
98,39,0.000000
98,41,3.141593
98,59,-2.356194
98,82,-2.356194
