8,57,0.785398
8,58,1.570796
8,59,2.356194
8,66,0.785398
8,67,1.892547
9,29,1.249046
9,30,3.141593
9,51,1.249046
9,52,3.141593
10,49,0.000000
10,67,-0.785398
11,18,0.785398
11,19,2.356194
11,29,-1.570796
12,19,-1.570796
13,48,0.321751
13,82,3.141593
14,31,0.785398
14,43,1.249046
14,45,1.892547
15,31,0.000000
15,33,1.892547
15,42,0.321751
15,50,-1.892547
16,52,0.785398
16,76,1.249046
17,36,-1.570796
17,44,-1.892547
17,57,-0.785398
17,58,-1.570796
17,60,1.570796
17,61,2.356194
17,65,-0.785398
17,78,-2.356194
18,24,0.785398
18,28,-0.785398
18,34,-1.570796
18,38,2.356194
18,49,2.356194
18,51,-0.785398
18,52,-1.892547
18,67,-1.249046
18,68,-2.356194
18,73,0.785398
18,86,2.356194
19,24,0.000000
19,31,2.819842
19,35,0.785398
19,37,-1.892547
19,42,-1.570796
19,60,2.356194
20,24,-0.785398
20,31,-1.570796
20,35,-1.570796
20,44,2.356194
20,46,-0.785398
20,56,1.249046
20,57,2.356194
20,84,0.321751
21,34,3.141593
21,48,0.000000
21,49,1.570796
21,50,2.356194
21,60,-1.249046
21,61,-2.356194
21,74,2.356194
21,84,-0.785398
22,28,-1.570796
22,43,-1.570796
22,72,0.785398
22,84,2.356194
23,20,1.249046
23,22,1.570796
23,24,1.570796
23,31,1.570796
23,33,-1.570796
23,37,0.785398
23,38,2.356194
23,46,1.892547
23,50,-2.356194
23,56,-2.356194
23,75,-2.356194
23,76,0.785398
23,82,1.249046
23,84,3.141593
24,35,2.356194
24,38,-1.570796
24,63,0.785398
24,64,2.356194
24,79,2.356194
24,84,-2.356194
25,34,-1.892547
25,39,0.785398
25,41,1.570796
25,63,-0.785398
25,72,-0.785398
25,73,-2.356194
25,89,3.141593
26,39,-1.570796
26,46,-1.570796
26,52,-0.785398
26,55,2.356194
26,74,0.785398
26,75,2.356194
26,83,-1.249046
26,84,-2.356194
26,86,-0.785398
26,87,-1.892547
27,16,0.321751
27,27,-0.785398
27,42,0.785398
27,61,0.785398
27,64,-2.356194
27,78,-1.249046
27,79,3.141593
28,29,0.785398
28,35,1.249046
28,36,3.141593
28,42,-1.570796
28,44,-1.570796
28,48,2.356194
28,54,0.785398
28,72,0.785398
28,74,-2.819842
28,82,0.785398
28,83,1.892547
29,15,0.321751
29,34,0.000000
29,35,-1.892547
29,39,1.249046
29,40,2.356194
29,57,-0.785398
29,58,-1.570796
29,83,-1.249046
29,85,1.570796
29,86,2.356194
30,23,-0.785398
30,24,-2.356194
30,27,1.249046
30,29,-2.356194
30,50,2.356194
30,65,0.785398
30,66,1.570796
30,68,1.570796
30,69,2.356194
30,72,-0.785398
30,73,-1.570796
30,74,-2.356194
30,89,3.141593
30,91,-1.570796
31,20,0.785398
31,21,3.141593
31,25,0.785398
31,27,-1.892547
31,30,0.785398
31,31,2.356194
31,36,1.249046
31,43,-0.785398
31,49,-1.892547
31,54,-2.356194
31,83,0.785398
32,12,1.249046
32,20,-1.570796
32,25,-1.570796
32,41,3.141593
32,47,-1.892547
32,62,-2.356194
32,67,-2.356194
32,84,-1.249046
32,85,3.141593
33,10,1.249046
33,23,1.249046
33,24,3.141593
33,29,0.000000
33,34,0.000000
33,35,-1.892547
33,44,0.000000
33,45,-1.892547
34,18,1.570796
34,27,1.249046
34,28,3.141593
34,32,1.249046
34,33,3.141593
34,42,2.356194
34,47,1.249046
34,48,2.356194
34,49,3.141593
34,54,-2.356194
34,56,0.000000
34,57,3.141593
34,91,-2.356194
35,18,-2.356194
35,36,0.000000
35,45,1.249046
35,47,-1.892547
35,62,2.356194
35,78,1.570796
36,7,0.321751
36,19,0.785398
36,21,-1.892547
36,25,0.000000
36,26,-1.892547
36,34,1.249046
36,40,-1.892547
36,43,1.249046
36,45,-1.892547
36,49,2.356194
36,59,0.000000
36,61,-0.785398
36,70,2.356194
36,77,0.321751
36,78,-2.819842
37,7,-0.785398
37,11,0.321751
37,23,1.249046
37,24,3.141593
37,29,-0.785398
37,32,0.000000
37,33,-0.785398
37,53,1.570796
37,71,2.356194
38,19,-2.819842
38,27,1.570796
38,31,-2.356194
38,36,-1.892547
38,39,0.000000
38,41,0.000000
38,69,-0.785398
38,77,-0.321751
38,79,2.356194
39,26,0.000000
39,27,-2.356194
39,33,1.249046
39,34,3.141593
39,46,0.785398
39,48,2.356194
39,68,3.141593
39,91,-2.356194
40,19,0.785398
40,21,-1.892547
40,24,1.249046
40,25,3.141593
40,29,3.141593
41,15,-0.785398
41,33,-1.570796
41,35,1.249046
41,36,3.141593
41,40,-0.785398
41,55,0.785398
41,65,1.249046
41,77,0.000000
41,78,-1.570796
41,79,3.141593
41,88,0.785398
41,89,1.892547
42,10,1.249046
42,11,2.356194
42,15,2.356194
42,19,-2.819842
42,30,3.141593
42,35,-1.892547
42,49,3.141593
42,56,-2.356194
42,61,0.000000
42,64,-0.785398
42,65,-1.892547
42,75,0.000000
42,81,0.785398
42,82,1.892547
42,89,-1.249046
42,90,-2.356194
42,91,3.141593
43,6,0.321751
43,8,-2.356194
43,25,0.000000
43,26,-1.892547
43,32,1.249046
43,33,3.141593
43,37,1.249046
43,38,2.356194
43,82,-1.249046
43,83,-2.356194
44,6,-0.785398
44,24,1.570796
44,28,-1.570796
44,43,1.249046
44,52,3.141593
44,87,-2.356194
45,19,0.000000
45,20,-1.892547
45,34,1.249046
45,36,-1.892547
45,41,0.000000
45,42,-0.785398
45,47,-2.356194
45,55,0.785398
45,73,3.141593
45,78,0.785398
46,18,1.570796
46,29,0.000000
46,30,-1.892547
46,33,0.000000
46,34,-1.892547
46,38,2.356194
46,55,-0.785398
46,56,3.141593
46,71,3.141593
46,85,0.000000
47,14,3.141593
47,18,-2.819842
47,27,0.785398
47,28,3.141593
47,36,1.249046
47,37,3.141593
47,52,0.000000
47,57,0.000000
47,70,-0.785398
47,81,-2.356194
48,17,-1.570796
48,27,-1.570796
48,31,1.570796
48,34,1.249046
48,36,-1.892547
48,58,-2.356194
48,79,1.570796
48,83,0.000000
48,84,0.785398
48,85,1.892547
48,91,3.141593
49,12,0.321751
49,25,-2.356194
49,26,0.000000
49,29,1.249046
49,31,-2.356194
49,33,0.000000
49,34,-1.892547
49,40,3.141593
49,70,2.356194
49,75,1.570796
49,79,-1.570796
49,85,-1.249046
49,86,-2.356194
50,6,0.785398
50,14,0.785398
50,15,3.141593
50,27,0.785398
50,29,-1.892547
50,36,1.249046
50,37,2.356194
50,47,-0.785398
50,48,3.141593
50,58,-1.570796
50,66,0.000000
50,70,3.141593
50,75,-1.570796
51,6,0.000000
51,11,-0.785398
51,12,-2.356194
51,35,0.000000
51,36,-1.892547
51,42,1.249046
51,43,2.356194
51,70,-1.570796
51,79,0.000000
51,80,3.141593
51,91,3.141593
52,6,-0.785398
52,26,0.000000
52,30,1.249046
52,31,2.356194
52,39,0.000000
52,41,-0.785398
52,42,-1.892547
52,83,0.000000
52,84,0.785398
52,85,1.892547
53,13,-1.570796
53,19,0.321751
53,24,1.249046
53,25,3.141593
53,29,0.000000
53,30,-1.892547
53,37,2.356194
53,48,-0.785398
53,71,-1.570796
53,85,-1.249046
53,86,-2.356194
53,87,0.785398
54,12,-0.785398
54,19,-1.570796
54,35,1.249046
54,36,3.141593
54,44,0.000000
54,50,-1.249046
54,51,-2.356194
54,75,1.570796
54,88,-1.570796
55,15,-2.819842
55,26,1.249046
55,27,3.141593
55,31,2.356194
55,42,3.141593
55,54,-2.356194
56,17,1.570796
56,38,1.249046
56,39,2.356194
56,73,1.570796
56,75,-1.249046
56,76,-2.356194
56,85,0.785398
56,86,1.892547
56,90,-2.356194
57,6,0.785398
57,12,0.000000
57,13,-1.892547
57,16,0.321751
57,17,-2.819842
57,32,0.000000
57,33,-1.892547
57,36,1.249046
57,38,-1.892547
57,61,3.141593
57,73,3.141593
57,79,0.785398
57,80,1.892547
57,86,-1.249046
57,87,3.141593
58,6,0.000000
58,16,-1.570796
58,19,0.321751
58,27,1.570796
58,73,-2.356194
58,89,3.141593
59,6,-0.785398
59,19,-1.570796
59,73,-1.570796
59,81,-1.249046
59,82,-2.356194
59,83,0.785398
59,84,1.892547
60,25,0.000000
60,29,3.141593
60,32,1.249046
60,34,-1.892547
60,37,1.249046
60,38,2.356194
60,39,3.141593
60,45,1.249046
60,46,2.356194
60,47,3.141593
61,20,0.000000
61,21,-1.892547
61,65,-1.570796
62,11,2.356194
62,13,1.570796
62,17,0.785398
62,23,1.570796
62,27,-1.570796
62,35,0.000000
62,36,-1.892547
62,41,-0.785398
62,49,-0.785398
62,80,0.000000
62,81,0.785398
62,82,1.892547
62,88,2.356194
63,6,0.785398
63,13,-2.819842
63,17,0.000000
63,45,-2.819842
63,73,0.000000
63,75,3.141593
64,6,-0.321751
64,8,2.356194
64,9,-0.785398
64,10,-1.570796
64,12,-1.892547
64,17,-1.570796
64,25,3.141593
64,43,0.000000
64,44,-1.892547
64,50,1.249046
64,51,2.356194
64,52,3.141593
64,77,0.000000
64,78,0.785398
64,79,1.892547
64,91,-1.570796
65,31,1.570796
65,37,3.141593
65,47,1.249046
65,48,2.356194
65,79,-1.249046
65,80,3.141593
65,88,-1.570796
66,19,0.321751
66,31,-2.819842
66,34,1.249046
66,35,3.141593
66,39,1.249046
66,40,3.141593
66,46,0.000000
66,47,-1.892547
66,59,2.356194
66,86,2.819842
67,19,-1.570796
67,22,-1.570796
67,25,0.321751
67,29,0.000000
67,30,-1.892547
67,50,-0.785398
67,51,-2.356194
67,52,3.141593
67,58,-0.785398
67,63,-2.356194
67,71,0.785398
67,76,0.785398
67,86,-1.570796
68,21,-0.785398
68,25,-1.570796
68,42,1.249046
68,43,3.141593
68,48,0.000000
68,58,2.356194
68,66,0.000000
68,72,-2.356194
69,24,3.141593
69,27,1.570796
69,36,0.000000
69,37,-1.892547
69,41,0.000000
69,42,-1.892547
69,56,0.000000
69,57,-0.785398
69,68,0.000000
69,69,1.892547
69,79,0.000000
69,80,1.892547
69,84,0.000000
69,85,1.892547
70,14,2.356194
70,26,0.321751
70,27,-2.819842
70,34,1.249046
70,35,3.141593
70,45,2.356194
70,52,0.000000
70,53,3.141593
70,71,1.892547
70,75,0.000000
70,86,2.819842
71,7,0.785398
71,13,0.000000
71,23,-2.819842
71,26,-1.570796
71,33,0.321751
71,69,-0.785398
71,71,-1.249046
71,72,3.141593
71,81,-1.249046
71,82,3.141593
71,86,-1.570796
72,7,0.000000
72,21,0.321751
72,25,1.570796
72,28,0.321751
72,42,1.570796
72,53,0.000000
72,54,3.141593
72,69,-1.570796
72,78,0.000000
72,79,1.892547
72,83,0.000000
72,84,1.892547
73,7,-0.785398
73,21,-1.570796
73,24,0.321751
73,25,-2.819842
73,33,-2.819842
73,36,1.570796
73,40,1.249046
73,45,2.356194
73,74,0.000000
73,75,1.892547
73,85,2.819842
73,91,-2.356194
74,20,1.570796
74,24,-1.570796
74,28,-2.819842
74,36,-2.819842
74,54,0.000000
74,56,3.141593
74,58,0.000000
74,60,3.141593
74,62,0.785398
74,85,-1.570796
75,16,2.356194
75,19,0.321751
75,20,-2.819842
75,23,1.570796
75,26,0.321751
75,30,0.321751
75,34,0.321751
75,38,0.000000
75,39,-1.892547
75,64,3.141593
75,76,-1.249046
75,77,3.141593
75,86,1.570796
75,89,-1.570796
76,15,0.321751
76,16,-2.819842
76,22,0.321751
76,23,-2.819842
76,30,-1.570796
76,34,-1.570796
76,46,2.356194
76,71,0.000000
76,72,0.785398
76,73,1.892547
76,82,-1.249046
76,83,3.141593
76,86,-0.321751
77,18,0.321751
77,19,-2.819842
77,22,-0.785398
77,25,0.321751
77,26,-2.819842
77,68,0.785398
77,73,-1.249046
77,74,3.141593
77,79,0.000000
77,80,1.892547
77,88,2.819842
78,14,0.000000
78,18,-0.785398
78,25,-0.785398
78,29,2.356194
78,32,1.570796
78,35,-0.785398
78,53,2.356194
78,63,0.000000
78,69,0.000000
78,70,1.892547
78,75,1.570796
78,88,-2.356194
79,12,1.249046
79,13,3.141593
79,18,2.356194
79,28,0.321751
79,29,-2.819842
79,31,0.321751
79,32,-2.819842
79,52,-0.785398
79,65,-2.356194
79,70,-1.249046
79,71,3.141593
79,75,-0.321751
79,76,2.819842
79,78,0.785398
79,88,0.785398
80,17,0.321751
80,18,-2.819842
80,21,2.356194
80,24,1.570796
80,28,-1.570796
80,42,-0.785398
80,61,0.785398
80,67,0.785398
80,79,-2.356194
80,83,2.819842
80,86,1.570796
80,88,-0.785398
80,89,3.141593
81,20,0.321751
81,21,-2.819842
81,23,0.321751
81,24,-2.819842
81,30,0.321751
81,31,-2.819842
81,34,2.356194
81,63,3.141593
81,73,-2.356194
81,76,-0.321751
81,77,2.819842
81,83,-1.570796
81,86,-0.321751
82,7,0.785398
82,14,2.356194
82,17,-2.819842
82,23,-0.785398
82,30,-0.785398
82,41,2.356194
82,52,0.000000
82,53,3.141593
82,87,-2.356194
83,7,-0.321751
83,19,0.321751
83,20,-2.819842
83,30,2.356194
83,40,-0.785398
83,60,0.785398
83,65,0.785398
83,70,-2.356194
83,74,0.785398
83,78,3.141593
83,81,0.785398
83,84,-1.570796
83,90,-1.570796
84,10,-2.356194
84,12,-0.785398
84,29,0.321751
84,30,-2.819842
84,61,-2.356194
84,75,-2.356194
84,82,-2.356194
85,8,-0.785398
85,14,-1.249046
85,18,0.321751
85,19,-2.819842
85,29,-0.785398
85,39,1.570796
85,85,1.570796
86,18,-0.785398
86,32,2.356194
86,39,-1.570796
86,75,0.785398
86,83,1.570796
87,29,-1.570796
87,31,0.321751
87,32,-2.819842
87,64,0.785398
87,72,1.570796
87,80,-1.570796
87,86,-2.356194
88,16,1.249046
88,17,3.141593
88,20,1.570796
88,31,-1.570796
88,38,1.570796
88,41,1.570796
88,50,1.570796
88,69,0.785398
89,19,0.321751
89,20,-2.819842
89,66,-2.356194
89,69,-0.321751
89,70,2.819842
89,73,-2.356194
89,76,-1.570796
90,14,0.321751
90,70,-2.356194
90,87,0.785398
90,90,-1.570796
91,18,0.000000
91,22,2.356194
91,32,1.570796
91,35,-1.570796
91,50,-1.570796
91,55,1.570796
91,67,1.570796
91,70,-1.570796
91,77,1.570796
91,82,1.570796
92,15,-2.356194
92,45,1.570796
92,55,-1.570796
92,64,1.570796
92,67,-1.570796
92,74,1.570796
92,91,1.570796
93,12,-0.785398
93,45,-1.570796
93,64,-1.570796
93,71,1.570796
93,77,-1.570796
93,91,-1.570796
94,71,-1.570796
94,74,-1.570796
95,34,1.570796
95,55,1.570796
95,58,1.570796
95,85,-1.570796
96,47,1.570796
96,61,1.570796
96,78,1.570796
97,20,1.570796
97,27,-0.785398
97,37,-1.570796
97,52,1.570796
97,55,-1.570796
97,58,-1.570796
98,19,-0.785398
98,24,-1.570796
98,31,-1.570796
98,34,-1.570796
98,41,-2.356194
98,47,-1.570796
98,52,-1.570796
98,61,-1.570796
98,78,-1.570796
98,83,-1.570796
98,89,-1.570796
