10,40,1.249046
10,41,3.141593
11,61,2.356194
11,63,0.785398
11,64,1.892547
12,59,0.321751
13,16,1.249046
13,17,2.356194
13,37,-0.785398
13,59,-1.570796
13,64,-0.785398
13,74,2.356194
15,64,2.356194
16,59,2.819842
16,64,3.141593
17,55,1.249046
17,77,0.321751
17,79,3.141593
18,59,3.141593
18,77,-0.785398
19,10,0.321751
19,39,2.356194
19,55,-1.249046
19,57,-1.892547
19,59,-2.356194
19,77,2.356194
20,10,-0.785398
20,39,-2.819842
20,49,1.570796
20,50,2.356194
20,52,-0.785398
20,53,-2.356194
20,75,1.249046
20,77,3.141593
21,77,-2.356194
22,22,1.570796
22,44,-1.249046
22,45,-2.356194
22,54,0.785398
23,22,-0.321751
23,54,0.000000
23,58,-0.785398
23,59,-1.570796
23,60,-2.356194
23,62,0.785398
24,10,2.356194
24,34,-0.321751
24,54,-0.785398
24,76,0.321751
24,78,2.819842
25,21,1.249046
25,42,2.819842
25,47,-0.321751
25,49,-2.819842
25,54,2.356194
25,63,2.356194
25,70,0.321751
26,20,0.321751
26,25,-1.249046
26,26,-2.356194
26,27,0.785398
26,28,1.570796
26,34,0.321751
26,54,-2.819842
26,59,1.249046
26,60,2.356194
26,70,-1.570796
26,78,-2.819842
27,12,1.570796
27,37,-2.819842
27,41,-0.785398
27,47,0.321751
27,49,-2.356194
27,57,1.249046
27,63,-1.249046
27,64,-2.356194
27,68,0.785398
27,69,2.356194
28,6,0.321751
28,12,0.000000
28,20,-0.321751
28,32,1.249046
28,36,-1.892547
28,47,-0.785398
28,53,-1.249046
28,54,-2.356194
29,6,-0.785398
29,12,-0.785398
29,25,2.356194
29,28,0.000000
29,57,-1.249046
29,70,2.819842
29,79,-2.356194
30,6,2.356194
30,19,1.249046
30,27,3.141593
30,32,-1.570796
30,63,0.000000
30,77,0.000000
30,81,0.785398
30,82,1.892547
31,5,0.321751
31,16,0.785398
31,34,3.141593
31,47,-1.570796
31,68,-1.249046
31,70,3.141593
32,5,-1.570796
32,16,-0.785398
32,32,-0.785398
32,33,-1.892547
32,77,0.000000
33,70,0.000000
34,12,2.356194
34,22,-0.785398
34,25,0.000000
34,29,0.000000
34,74,1.249046
35,9,0.785398
35,16,0.000000
35,17,-1.892547
35,27,1.249046
35,28,3.141593
35,32,2.356194
35,86,3.141593
36,9,0.000000
36,14,2.356194
36,30,1.249046
36,31,3.141593
36,79,0.000000
36,80,1.570796
36,81,3.141593
37,21,0.000000
37,67,0.000000
38,4,0.785398
38,18,0.000000
38,19,-1.570796
38,29,-1.892547
38,68,-0.785398
38,76,-1.570796
38,81,0.000000
38,85,2.819842
39,4,0.000000
39,85,-2.356194
40,4,-0.785398
40,15,1.570796
40,32,0.785398
41,14,0.000000
41,19,0.000000
41,20,-1.892547
41,23,0.785398
41,25,-1.892547
41,79,1.570796
41,88,2.356194
42,4,0.785398
42,17,1.249046
42,18,3.141593
42,23,-1.570796
42,28,1.249046
42,29,2.356194
42,30,-0.785398
42,31,-1.570796
42,33,3.141593
42,79,-0.785398
42,80,3.141593
42,88,-2.819842
43,10,0.785398
43,12,2.356194
43,21,1.249046
43,22,3.141593
43,33,-1.570796
43,76,0.000000
43,77,1.570796
43,78,3.141593
43,81,0.000000
44,3,0.321751
44,12,-1.570796
44,26,0.000000
44,27,-1.892547
44,35,0.785398
44,36,1.892547
44,88,3.141593
45,3,-0.785398
45,25,-0.785398
45,36,-1.249046
45,37,-2.356194
45,73,0.000000
45,74,0.785398
45,75,1.570796
45,77,-1.570796
45,78,3.141593
45,82,-0.785398
46,6,0.785398
46,8,-1.892547
46,17,3.141593
46,20,-2.356194
46,83,0.000000
46,86,-2.356194
47,6,-0.785398
47,89,2.356194
48,3,0.785398
48,6,2.356194
48,10,1.249046
48,21,1.570796
48,76,0.785398
48,80,0.785398
48,89,3.141593
49,3,0.000000
49,5,-0.785398
49,6,-2.356194
49,73,0.785398
49,77,3.141593
49,89,-2.356194
50,3,-0.785398
50,7,0.785398
50,16,3.141593
50,20,1.570796
50,70,0.785398
50,71,1.892547
50,74,1.570796
50,78,0.000000
50,82,3.141593
51,9,-1.570796
51,11,1.249046
51,12,3.141593
51,19,0.000000
51,24,3.141593
51,27,2.356194
51,41,2.356194
51,68,1.570796
51,83,0.000000
51,84,2.356194
51,89,2.356194
52,3,0.785398
52,7,-2.819842
52,14,-1.570796
52,40,0.000000
52,41,-2.356194
52,66,2.356194
52,67,-0.785398
52,68,-2.356194
52,79,-0.785398
52,89,3.141593
53,3,0.000000
53,5,-0.785398
53,6,-1.892547
53,17,1.570796
53,37,-2.356194
53,65,-0.785398
53,73,-1.570796
53,77,2.819842
53,84,-0.321751
53,87,-1.892547
53,89,-2.356194
54,3,-1.570796
54,8,0.321751
54,17,-2.819842
54,20,1.570796
54,28,2.356194
54,31,0.000000
54,42,0.785398
54,65,0.785398
55,8,-1.570796
55,15,0.321751
55,20,-2.819842
55,42,0.000000
55,65,0.000000
55,67,1.892547
55,75,1.570796
55,82,1.570796
55,89,2.356194
56,2,0.785398
56,7,3.141593
56,15,-1.570796
56,18,0.321751
56,46,0.785398
56,47,1.570796
56,75,-0.321751
56,82,-0.321751
56,85,-1.570796
56,86,-2.356194
56,89,3.141593
57,2,0.000000
57,6,-1.570796
57,10,1.570796
57,18,-1.570796
57,29,2.356194
57,35,-2.819842
57,40,1.249046
57,42,3.141593
57,60,0.000000
57,65,-0.321751
57,73,1.570796
57,89,-2.356194
58,5,3.141593
58,10,-2.819842
58,17,1.570796
58,28,-0.785398
58,34,-1.570796
58,42,-2.356194
58,47,-0.321751
58,49,-2.819842
58,69,-1.249046
58,70,3.141593
58,73,-0.321751
58,74,2.819842
58,81,2.819842
58,84,1.570796
59,2,-0.321751
59,16,0.321751
59,17,-2.819842
59,20,1.570796
59,33,1.570796
59,37,1.249046
59,63,0.000000
59,64,1.892547
59,71,-2.356194
59,74,-1.570796
59,77,-0.321751
59,78,2.819842
59,84,-0.321751
59,85,2.819842
60,16,-1.570796
60,20,-2.819842
60,32,0.000000
60,36,0.000000
60,49,-2.356194
60,51,3.141593
60,78,-1.570796
60,81,-0.321751
60,82,2.819842
60,85,-1.570796
61,2,0.321751
61,10,1.570796
61,25,1.570796
61,39,-2.819842
61,61,0.785398
61,66,2.819842
61,79,-2.356194
61,82,-1.570796
61,89,2.356194
62,2,-0.785398
62,4,0.785398
62,6,-1.892547
62,9,0.000000
62,17,0.321751
62,28,2.356194
62,38,-1.570796
62,51,1.570796
62,66,-1.570796
62,89,3.141593
63,2,0.785398
63,4,-1.570796
63,17,-1.570796
63,30,2.356194
63,33,1.570796
63,51,-1.570796
63,57,0.000000
63,63,1.570796
63,69,-1.570796
63,76,-1.570796
63,80,0.785398
63,89,-2.356194
64,2,0.000000
64,11,2.356194
64,20,1.570796
64,27,-1.570796
64,29,-0.785398
64,32,0.321751
64,33,-2.819842
64,60,0.785398
64,61,1.892547
64,63,-0.785398
64,64,3.141593
64,67,0.785398
64,71,1.570796
65,7,3.141593
65,20,-2.819842
65,22,-0.785398
65,32,-1.570796
65,35,1.570796
65,61,-1.249046
65,62,-2.356194
65,67,-0.321751
65,68,2.819842
66,2,0.000000
66,6,-1.570796
66,12,-0.785398
66,18,0.321751
66,25,2.356194
66,31,1.570796
66,34,0.321751
66,35,-2.819842
66,39,1.570796
66,43,2.356194
66,68,-1.570796
66,71,-1.570796
66,75,1.570796
66,89,2.356194
67,2,-0.785398
67,5,3.141593
67,27,1.249046
67,28,2.356194
67,31,-2.819842
67,34,-1.570796
67,38,0.000000
67,42,1.570796
67,46,2.356194
67,87,0.785398
67,89,-2.819842
68,8,-1.570796
68,11,2.356194
68,17,0.321751
68,18,-2.819842
68,26,0.321751
68,37,-0.785398
68,41,0.321751
68,42,-2.819842
68,45,-0.785398
68,60,1.570796
68,66,0.785398
68,79,1.570796
69,3,-1.570796
69,17,-1.570796
69,20,2.356194
69,23,-0.785398
69,26,-1.570796
69,29,-1.570796
69,32,-0.785398
69,41,-1.570796
69,60,-0.321751
69,61,2.819842
69,67,2.819842
70,7,2.356194
70,16,-0.785398
70,19,-0.785398
70,40,3.141593
70,51,1.249046
70,52,2.356194
70,58,1.570796
70,61,-1.570796
70,67,-2.356194
70,76,0.785398
71,6,1.570796
71,9,1.570796
71,22,2.356194
71,28,-1.570796
71,31,1.570796
71,39,-1.570796
71,50,0.000000
71,51,-1.892547
71,74,1.570796
71,76,-0.321751
71,77,2.819842
72,2,0.785398
72,6,-2.819842
72,8,0.321751
72,9,-2.819842
72,15,2.356194
72,18,1.570796
72,21,-0.785398
72,38,-0.785398
72,49,-0.785398
72,67,-1.570796
72,71,1.570796
72,77,-2.356194
72,84,0.785398
72,88,2.356194
73,2,0.000000
73,4,-0.785398
73,5,-1.892547
73,8,-1.570796
73,30,-0.785398
73,33,1.570796
73,41,2.356194
73,44,0.000000
73,56,-2.356194
73,62,-1.570796
73,71,-0.321751
73,72,2.819842
73,74,-1.570796
73,77,-1.570796
73,80,-2.356194
73,85,-2.356194
73,88,3.141593
74,2,-0.785398
74,7,1.570796
74,33,2.356194
74,40,1.570796
74,51,2.356194
74,65,-1.570796
74,72,-2.356194
74,88,-2.356194
75,6,0.321751
75,7,-2.819842
75,13,-0.785398
75,32,0.321751
75,33,-2.819842
75,36,1.570796
75,39,0.321751
75,40,-2.819842
75,46,0.000000
75,57,1.570796
75,67,1.570796
75,70,1.570796
76,9,-0.785398
76,28,0.000000
76,29,3.141593
76,32,-1.570796
76,48,0.785398
76,49,3.141593
76,70,0.785398
76,72,2.356194
76,81,1.570796
77,6,-2.819842
77,22,-1.570796
77,35,1.570796
77,38,0.321751
77,39,-2.819842
77,48,-1.570796
77,53,2.356194
77,70,0.000000
77,76,1.570796
78,8,2.356194
78,15,-1.570796
78,34,0.321751
78,35,-2.819842
78,38,-0.785398
78,42,2.356194
78,57,-1.570796
78,63,0.785398
78,70,-0.785398
79,3,-0.785398
79,4,-1.892547
79,7,1.570796
79,27,2.356194
79,41,1.570796
79,67,-1.570796
79,73,1.570796
80,6,0.321751
80,7,-2.819842
80,14,2.356194
80,30,-1.570796
80,33,0.321751
80,34,-2.819842
80,40,0.321751
80,41,-2.819842
80,48,1.570796
80,52,-1.570796
80,54,1.570796
80,64,-1.570796
80,70,-1.570796
80,79,1.570796
80,82,1.570796
81,26,-1.570796
81,33,-0.785398
81,40,-1.570796
81,44,3.141593
81,57,1.570796
81,73,0.785398
81,79,0.785398
81,83,3.141593
82,6,-2.819842
82,13,-1.570796
82,29,2.356194
82,33,-1.570796
82,43,-0.785398
82,51,2.356194
82,73,-0.321751
82,74,2.819842
82,79,-0.321751
82,80,2.819842
83,9,2.356194
83,16,1.570796
83,19,1.570796
83,65,1.570796
83,74,-2.356194
83,76,0.785398
83,80,-2.356194
83,87,1.570796
84,3,0.000000
84,4,-1.892547
84,8,3.141593
84,12,2.356194
84,19,-1.570796
84,42,1.570796
84,46,-0.785398
84,57,-1.570796
84,76,0.000000
84,80,2.356194
84,87,-2.819842
85,7,-1.570796
85,11,1.570796
85,21,1.570796
85,24,1.570796
85,31,1.570796
85,35,-1.570796
85,38,1.570796
85,42,-2.819842
85,76,-0.785398
85,78,0.785398
85,80,3.141593
85,86,-0.785398
86,10,0.000000
86,37,0.321751
86,38,-2.819842
86,40,0.321751
86,49,2.356194
86,60,-1.570796
86,70,1.570796
86,78,-0.785398
87,9,-0.785398
87,23,1.570796
87,27,-1.570796
87,37,-1.570796
87,45,3.141593
87,49,-2.819842
87,62,1.570796
87,65,2.356194
87,81,3.141593
88,3,-2.356194
88,22,0.321751
88,23,-2.819842
88,39,0.321751
88,40,-2.819842
88,47,0.321751
88,51,1.570796
88,55,1.570796
88,62,-1.570796
88,64,0.321751
88,65,-2.819842
88,67,1.570796
89,8,2.356194
89,19,-0.785398
89,22,-1.570796
89,29,-0.785398
89,32,1.570796
89,39,-1.570796
89,50,0.321751
89,51,-2.819842
89,59,2.356194
89,64,-0.785398
89,86,0.785398
90,21,-0.785398
90,35,-0.785398
90,38,1.570796
90,43,-1.570796
90,47,-2.819842
90,54,1.570796
90,64,-1.570796
90,67,-1.570796
90,84,1.570796
91,9,1.570796
91,25,1.570796
91,28,2.356194
91,38,-2.819842
91,49,0.321751
91,50,-2.819842
91,53,0.321751
91,54,-2.819842
91,58,2.356194
91,61,1.570796
91,78,0.785398
91,80,1.249046
91,82,1.892547
92,15,2.356194
92,23,1.570796
92,27,1.570796
92,53,-1.570796
92,57,0.321751
92,58,-2.819842
92,61,-1.570796
92,78,0.000000
92,87,-1.249046
93,3,0.000000
93,12,2.356194
93,14,-0.785398
93,26,-0.785398
93,43,0.321751
93,49,-2.819842
93,52,1.570796
93,57,-1.570796
93,63,1.570796
93,82,-1.892547
94,8,2.356194
94,34,0.000000
94,35,-1.892547
94,43,-1.570796
94,51,0.321751
94,52,-2.819842
94,56,1.570796
94,60,1.570796
94,66,2.356194
94,80,-1.892547
94,84,0.321751
94,86,2.819842
95,16,1.570796
95,19,1.570796
95,33,3.141593
95,42,1.570796
95,51,-1.570796
95,55,0.321751
95,56,-2.819842
96,3,0.785398
96,32,-1.570796
96,36,1.570796
96,40,0.000000
96,41,-0.785398
96,55,-1.570796
96,62,-1.570796
97,4,-2.356194
97,7,-1.249046
97,9,-1.892547
97,15,1.570796
97,18,-0.785398
97,24,1.570796
97,30,0.000000
97,48,0.000000
97,53,0.000000
97,59,-1.570796
97,72,-1.570796
97,75,-1.570796
98,14,-0.785398
98,21,-1.570796
98,24,-1.570796
98,27,-1.570796
98,35,-0.785398
98,42,0.000000
98,43,-0.785398
98,44,-1.892547
98,64,-1.570796
98,68,-1.570796
