16,50,0.785398
16,51,1.570796
16,52,2.356194
16,57,0.785398
16,58,1.570796
16,59,2.356194
16,62,0.785398
16,63,1.570796
16,64,2.356194
23,79,3.141593
26,73,1.249046
27,75,-2.356194
28,58,2.356194
29,14,0.321751
29,16,3.141593
29,56,1.249046
29,58,3.141593
29,70,0.321751
30,14,-1.570796
30,58,-2.356194
30,70,-0.785398
31,51,0.785398
31,70,2.356194
32,53,-0.785398
32,54,-1.892547
32,68,1.249046
32,70,3.141593
33,50,-0.785398
33,51,-1.892547
33,58,0.785398
33,65,2.356194
34,12,0.321751
34,14,3.141593
34,59,-2.356194
34,63,-0.785398
34,64,-1.892547
34,68,-1.249046
34,86,3.141593
35,12,-0.785398
35,44,1.249046
35,45,3.141593
36,43,-0.785398
36,44,-1.892547
36,51,1.249046
36,52,2.356194
36,55,3.141593
36,80,0.785398
36,81,1.570796
36,83,-1.892547
37,38,1.249046
37,39,2.356194
37,47,2.356194
37,49,0.000000
37,50,-0.785398
37,51,-1.892547
37,68,0.785398
37,72,2.356194
37,74,-0.785398
37,75,-1.570796
37,76,-2.356194
37,78,0.785398
38,37,-0.785398
38,38,-1.892547
38,46,-0.785398
38,69,-1.249046
38,71,-1.892547
38,79,-1.249046
39,50,2.356194
39,75,1.570796
40,12,2.356194
40,27,0.785398
40,28,2.356194
40,38,0.000000
40,39,3.141593
40,47,0.000000
41,11,0.321751
41,30,2.356194
41,62,1.570796
41,68,0.000000
41,74,-0.785398
41,75,-1.570796
41,76,-2.356194
42,11,-0.785398
42,27,0.000000
42,29,-1.892547
42,59,-2.356194
42,62,-1.570796
42,87,-0.785398
42,88,-1.570796
42,89,3.141593
44,26,-0.785398
44,64,0.000000
44,77,0.785398
44,78,1.892547
45,78,-1.249046
45,79,-2.356194
45,83,0.785398
45,84,1.892547
45,90,2.356194
46,84,-1.249046
46,85,-2.356194
46,89,-0.785398
46,90,-2.356194
47,72,0.000000
47,74,3.141593
47,76,0.000000
47,91,-2.356194
48,24,1.249046
48,25,2.356194
48,26,3.141593
48,68,3.141593
48,70,0.785398
48,79,3.141593
48,83,0.000000
49,23,-0.785398
49,24,-1.892547
49,66,-0.785398
50,72,0.785398
50,73,2.356194
50,90,3.141593
51,72,-0.785398
52,73,1.570796
53,73,-0.785398
53,74,-2.356194
53,75,0.785398
53,76,1.570796
53,78,1.892547
53,90,3.141593
54,9,0.321751
54,11,3.141593
54,22,3.141593
54,72,-0.785398
54,79,-2.356194
54,82,3.141593
55,9,-0.785398
55,12,0.785398
55,13,2.356194
55,77,-2.356194
55,84,0.000000
55,86,3.141593
56,12,-0.785398
56,24,1.570796
56,88,0.000000
56,90,3.141593
57,24,-1.570796
57,79,0.000000
57,81,3.141593
58,75,0.785398
58,85,0.000000
58,86,3.141593
59,23,-2.356194
59,76,-2.356194
60,20,0.000000
60,89,0.000000
60,91,3.141593
61,83,0.000000
62,22,-2.356194
62,26,0.785398
62,88,3.141593
63,20,2.356194
63,28,3.141593
63,77,1.570796
64,73,1.570796
65,73,-1.570796
65,77,-1.570796
65,86,0.000000
65,87,0.785398
65,88,1.892547
66,8,0.785398
66,17,1.570796
66,27,0.785398
66,80,0.000000
66,88,-1.249046
66,89,-2.356194
66,90,3.141593
67,8,-0.321751
67,10,2.356194
67,16,-0.785398
67,25,1.570796
67,28,-2.356194
67,85,0.785398
67,86,1.892547
68,25,-1.570796
68,78,1.570796
68,86,-1.249046
68,88,1.892547
69,83,1.892547
69,88,-1.249046
69,89,-2.356194
70,8,0.321751
70,10,-2.356194
70,18,3.141593
70,22,2.356194
70,51,0.000000
70,53,3.141593
70,76,0.000000
70,77,0.000000
70,83,-1.249046
70,84,-2.356194
70,85,0.785398
70,86,1.892547
70,91,-2.356194
71,8,-0.785398
71,27,0.000000
71,58,0.000000
71,61,3.141593
71,80,-0.785398
71,81,-2.356194
71,86,-1.249046
71,87,3.141593
73,18,1.249046
73,19,3.141593
73,25,3.141593
73,32,-2.356194
73,76,0.000000
73,77,3.141593
73,84,0.785398
73,85,1.892547
73,91,3.141593
74,8,0.785398
74,85,-1.249046
74,86,3.141593
75,8,0.000000
75,16,-0.785398
75,17,-1.892547
75,87,0.000000
75,88,1.892547
76,8,-0.785398
76,31,0.785398
76,73,0.000000
76,74,3.141593
76,83,0.785398
76,88,-1.249046
76,89,3.141593
77,25,1.570796
77,32,-2.356194
77,78,0.000000
77,84,0.000000
77,85,1.892547
77,90,-2.356194
78,8,0.785398
78,22,-0.785398
78,26,-2.356194
78,27,3.141593
78,85,-1.249046
78,86,3.141593
79,8,0.000000
79,72,-0.785398
79,76,3.141593
79,81,0.000000
79,88,1.892547
80,8,-0.785398
80,21,2.356194
80,82,-1.570796
80,86,-0.785398
80,88,-1.249046
80,89,3.141593
81,26,2.356194
81,71,2.356194
81,83,0.000000
81,84,1.892547
81,90,2.356194
82,25,-0.785398
82,70,-0.785398
82,89,0.000000
83,29,3.141593
83,73,0.000000
83,74,3.141593
84,17,1.570796
84,31,1.570796
85,8,0.785398
85,16,0.000000
85,34,2.356194
85,60,0.785398
85,77,0.000000
86,8,-0.321751
86,10,2.356194
86,25,-0.785398
86,33,-0.785398
86,61,-2.356194
88,18,1.570796
88,28,-0.785398
88,33,2.356194
88,75,0.000000
88,81,1.570796
88,91,2.819842
89,18,2.356194
89,32,3.141593
89,40,1.570796
89,62,2.356194
89,64,0.785398
89,81,-0.321751
89,91,-2.356194
90,9,0.785398
90,17,0.000000
90,21,1.570796
90,26,1.570796
90,31,-0.785398
90,36,1.570796
90,50,2.356194
90,65,1.570796
90,78,1.570796
90,83,2.819842
90,88,1.570796
90,91,-1.570796
91,11,1.570796
91,12,2.356194
91,45,2.356194
91,47,3.141593
91,49,-0.785398
91,61,-1.570796
91,65,-0.321751
91,72,1.570796
91,78,-0.321751
91,83,-1.570796
92,34,1.249046
92,35,3.141593
92,66,-1.249046
92,68,1.892547
92,80,2.819842
92,89,1.570796
93,20,2.356194
93,29,1.570796
93,33,0.321751
93,59,1.570796
93,69,2.819842
93,80,-1.570796
93,89,-0.321751
93,90,2.819842
94,19,0.321751
94,20,-2.819842
94,28,0.321751
94,29,-2.819842
94,33,-1.570796
94,37,1.570796
94,42,-1.570796
94,47,1.570796
94,53,1.249046
94,54,2.356194
94,56,3.141593
94,69,-1.570796
94,73,-1.570796
94,86,2.356194
94,90,-1.570796
95,19,-1.570796
95,28,-1.570796
95,32,1.570796
95,37,-2.819842
95,47,-1.570796
95,52,0.000000
95,53,-1.892547
95,61,3.141593
95,63,0.000000
95,64,0.785398
95,70,2.356194
95,78,0.785398
95,82,1.570796
95,85,-0.785398
95,86,-2.356194
96,31,0.321751
96,32,-2.819842
96,35,0.321751
96,40,1.570796
96,65,-1.570796
96,69,-0.785398
96,71,-2.356194
96,82,-0.321751
97,27,-1.570796
97,31,-0.785398
97,35,-1.570796
97,39,0.000000
97,44,1.570796
97,51,-1.570796
97,63,1.570796
97,67,3.141593
97,75,0.785398
97,77,2.356194
97,83,-2.356194
97,87,-1.570796
98,22,-1.570796
98,31,-1.570796
98,34,-0.785398
98,38,-0.785398
98,44,-1.570796
98,60,0.000000
98,61,3.141593
98,63,-1.570796
98,72,0.000000
98,73,3.141593
98,80,-2.356194
98,83,-1.570796
98,91,-1.570796
