7,51,0.785398
7,52,1.570796
7,53,2.356194
7,56,0.785398
7,57,1.570796
7,58,2.356194
8,42,0.785398
8,43,2.356194
9,39,1.249046
9,40,3.141593
9,43,-1.570796
9,76,2.356194
10,51,0.321751
10,53,2.819842
11,32,1.249046
11,33,2.356194
11,37,-0.785398
11,56,0.321751
11,58,2.819842
12,58,-2.356194
12,81,2.356194
13,22,0.785398
13,23,2.356194
13,32,-1.570796
13,56,-0.321751
14,23,-1.570796
14,41,1.570796
15,41,0.000000
15,43,1.570796
15,48,0.785398
15,50,1.249046
15,51,2.356194
15,60,1.570796
15,61,2.356194
15,62,0.785398
16,48,0.000000
17,15,3.141593
17,43,-1.570796
18,12,0.321751
18,37,1.570796
18,51,-2.356194
18,57,0.785398
18,66,-0.785398
19,12,-1.570796
19,37,0.000000
19,53,-2.356194
19,60,0.785398
19,68,0.785398
19,69,2.356194
19,73,0.785398
20,46,-0.321751
20,61,-1.249046
20,62,-2.356194
20,68,-1.570796
21,53,0.785398
21,66,0.785398
21,67,2.356194
21,73,0.321751
21,74,-2.819842
22,11,0.785398
22,36,0.321751
22,54,-2.356194
22,73,-0.785398
23,11,-0.785398
23,12,3.141593
23,31,0.785398
23,42,2.356194
23,50,2.356194
23,54,0.785398
23,61,0.000000
24,31,0.000000
24,33,1.892547
24,38,-1.570796
24,50,-2.819842
24,57,3.141593
24,64,-1.249046
24,65,-2.356194
24,70,0.000000
24,76,0.000000
25,22,0.785398
25,74,0.785398
26,22,0.000000
26,24,1.570796
26,25,2.356194
26,29,1.249046
26,36,-1.249046
26,37,-2.356194
26,40,-0.785398
26,49,0.785398
26,61,0.000000
26,62,0.785398
26,63,1.892547
26,69,0.785398
26,77,2.356194
26,80,-0.321751
27,28,-0.785398
27,29,-1.892547
27,50,-2.356194
27,51,-0.785398
27,63,-1.249046
27,75,-1.570796
27,88,1.892547
28,22,-0.321751
28,24,-2.819842
28,33,-2.356194
28,36,3.141593
28,57,1.249046
28,74,3.141593
29,30,-0.785398
29,31,-1.892547
29,59,-2.356194
29,68,2.819842
29,76,0.785398
30,57,-1.249046
30,73,-2.819842
30,81,1.892547
30,86,-1.570796
30,88,-1.249046
30,90,3.141593
31,21,0.785398
31,33,3.141593
31,59,0.000000
31,60,1.892547
31,64,0.321751
31,66,-2.356194
31,67,-0.785398
31,68,-1.570796
31,69,-2.356194
31,70,-0.785398
31,78,-2.356194
31,81,-1.249046
31,90,-2.356194
32,10,2.356194
32,27,1.249046
32,28,2.356194
32,30,0.785398
32,31,2.356194
32,60,-1.249046
32,61,-2.356194
33,9,0.321751
33,22,0.000000
33,26,-0.785398
33,91,2.819842
34,9,-1.570796
34,28,0.000000
34,30,-0.785398
34,63,-0.785398
34,66,0.785398
34,67,1.892547
34,71,-0.785398
34,72,-1.892547
34,91,-2.356194
35,18,2.356194
35,21,-0.785398
35,22,-2.356194
35,63,0.785398
36,25,2.356194
36,26,-0.785398
36,27,-1.570796
36,28,-2.356194
36,29,0.785398
36,64,-2.356194
36,66,-0.785398
36,67,-1.892547
37,15,0.785398
37,21,1.249046
37,30,-2.356194
37,91,2.819842
38,91,-2.356194
39,16,0.000000
39,24,-1.570796
39,25,-2.356194
39,90,-2.356194
40,16,-0.785398
40,79,0.000000
40,81,1.570796
41,88,2.819842
42,14,2.356194
42,16,-0.785398
42,26,3.141593
43,28,1.249046
43,29,2.356194
43,85,-2.356194
43,86,0.785398
43,89,-2.356194
43,90,3.141593
44,8,0.785398
44,21,-2.356194
44,26,0.000000
44,27,-0.785398
44,28,-1.892547
44,77,-0.321751
45,20,3.141593
45,78,-1.249046
45,87,-0.321751
45,88,2.819842
46,7,0.321751
46,19,-1.892547
46,38,0.000000
46,85,1.892547
47,7,-1.570796
47,16,0.000000
47,17,0.000000
47,39,-1.570796
47,88,-0.785398
48,79,1.570796
48,82,-1.570796
49,12,0.321751
49,16,0.000000
49,78,0.000000
49,79,-2.356194
49,83,0.000000
49,84,1.892547
50,15,3.141593
50,69,0.785398
50,70,1.892547
50,75,0.000000
50,76,0.785398
50,80,0.000000
50,81,1.892547
50,85,2.819842
51,6,0.785398
51,14,-1.892547
51,72,1.892547
52,6,-0.785398
52,7,3.141593
52,16,2.356194
52,66,1.249046
52,68,-1.570796
52,74,1.892547
52,82,-1.249046
52,89,0.785398
53,62,0.785398
53,63,1.892547
53,74,-1.249046
53,75,3.141593
53,89,-0.785398
53,90,3.141593
54,18,3.141593
54,61,0.785398
54,76,1.570796
54,91,-2.356194
55,10,0.000000
55,11,1.570796
55,12,3.141593
55,16,-0.785398
55,43,2.356194
55,68,2.356194
55,76,-0.785398
56,14,2.356194
56,20,3.141593
56,39,0.000000
56,40,-1.892547
56,70,1.892547
56,75,2.356194
56,85,3.141593
57,13,3.141593
57,17,1.249046
57,18,3.141593
57,33,0.785398
57,34,1.892547
57,60,0.785398
57,64,-0.321751
57,78,-0.785398
57,80,1.892547
57,86,0.000000
57,87,2.356194
57,90,2.819842
58,16,0.000000
58,17,-1.892547
58,21,1.249046
58,22,2.356194
58,23,3.141593
58,36,3.141593
58,47,0.785398
58,48,1.570796
58,49,2.356194
58,50,3.141593
58,61,0.000000
58,62,1.892547
58,87,-1.570796
59,14,1.249046
59,15,3.141593
59,25,1.249046
59,26,2.356194
59,43,3.141593
59,70,-1.570796
59,91,2.819842
60,5,0.785398
60,14,-1.892547
60,18,1.249046
60,30,1.249046
60,31,2.356194
60,32,-0.785398
60,33,-1.892547
60,35,-2.356194
60,49,3.141593
60,78,3.141593
60,85,-1.570796
60,91,-2.356194
61,5,0.000000
61,7,0.785398
61,10,-2.356194
61,11,-0.785398
61,12,-1.892547
61,16,1.249046
61,18,-1.892547
61,28,1.249046
61,30,-1.892547
61,35,2.356194
61,39,0.321751
61,68,-0.321751
61,79,0.000000
61,82,0.785398
61,86,0.000000
61,87,2.356194
62,5,-0.785398
62,26,2.356194
62,27,-0.785398
62,28,-1.892547
62,46,1.570796
62,52,-2.356194
62,64,-0.785398
62,65,-2.356194
62,80,-1.570796
62,87,-2.356194
63,8,-0.321751
63,9,2.819842
63,14,0.000000
63,15,-1.892547
63,25,-1.892547
63,35,-1.249046
63,36,-2.356194
63,39,3.141593
63,47,-2.356194
63,50,3.141593
63,63,0.785398
63,74,-0.321751
63,81,0.000000
63,84,2.819842
63,90,-0.321751
63,91,2.819842
64,9,-1.570796
64,13,1.570796
64,17,1.249046
64,23,-1.892547
64,28,1.249046
64,29,2.356194
64,63,-0.321751
64,78,-1.249046
64,79,3.141593
64,81,2.356194
64,88,1.570796
64,91,-2.356194
65,5,0.785398
65,11,2.356194
65,12,-0.785398
65,13,-2.356194
65,26,1.249046
65,28,-1.892547
65,38,-0.785398
65,39,-1.570796
65,40,-2.356194
65,53,0.000000
65,69,0.000000
65,76,-1.570796
65,80,-0.785398
65,81,-2.356194
65,88,-0.321751
65,91,2.356194
66,5,0.000000
66,9,-0.785398
66,10,-1.892547
66,32,1.249046
66,33,2.356194
66,56,0.785398
66,77,0.000000
66,82,0.000000
66,83,2.356194
66,91,-2.819842
67,5,-0.785398
67,19,-1.892547
67,23,1.249046
67,29,1.249046
67,30,2.356194
67,31,-0.785398
67,32,-1.892547
67,57,-1.249046
67,68,2.819842
67,87,2.819842
68,22,0.000000
68,23,-1.892547
68,26,0.785398
68,27,2.356194
68,28,-0.785398
68,29,-1.892547
68,48,3.141593
68,53,0.000000
68,54,1.892547
68,59,-1.570796
68,78,-0.785398
68,80,1.892547
68,83,-0.321751
68,84,2.819842
68,90,0.785398
69,5,0.785398
69,7,1.249046
69,8,2.356194
69,20,1.249046
69,21,3.141593
69,26,-1.570796
69,32,1.249046
69,33,2.356194
69,54,-1.249046
69,55,-2.356194
69,61,0.785398
69,68,-0.785398
69,69,3.141593
69,72,-0.321751
69,81,2.819842
69,84,-1.570796
69,87,-0.321751
69,91,2.819842
70,11,-1.892547
70,30,1.249046
70,32,-1.892547
70,40,0.000000
70,70,1.570796
70,78,2.819842
70,85,1.570796
70,91,-2.356194
71,9,-1.892547
71,19,-1.892547
71,23,1.570796
71,28,1.249046
71,30,-1.892547
71,35,1.249046
71,36,2.356194
71,38,3.141593
71,53,0.785398
71,54,1.892547
71,59,1.570796
71,81,-0.321751
71,85,-0.321751
71,86,2.819842
72,17,-1.570796
72,21,1.249046
72,26,1.249046
72,28,-1.892547
72,33,0.000000
72,34,-0.785398
72,35,-1.892547
72,44,3.141593
72,60,3.141593
72,65,2.819842
72,83,2.819842
72,86,-1.570796
73,15,1.249046
73,16,3.141593
73,48,2.356194
73,56,-2.356194
73,57,3.141593
73,61,0.000000
73,62,1.892547
73,65,-1.570796
73,80,2.819842
73,87,1.570796
74,5,-1.570796
74,14,0.000000
74,23,1.249046
74,28,1.249046
74,29,2.356194
74,30,3.141593
74,34,1.249046
74,35,2.356194
74,44,0.785398
74,53,0.785398
74,54,2.356194
74,63,2.819842
74,66,0.000000
74,87,-0.321751
74,90,-2.356194
75,18,0.321751
75,33,-0.785398
75,34,-1.892547
75,38,1.249046
75,39,2.356194
75,42,3.141593
75,46,-0.785398
75,47,-1.570796
75,49,1.892547
75,54,-1.570796
75,63,-1.570796
75,72,2.356194
75,80,-0.785398
75,82,2.356194
75,85,2.819842
75,90,2.356194
76,30,1.249046
76,31,3.141593
76,37,-0.785398
76,38,-1.892547
76,49,-1.249046
76,50,-2.356194
76,55,0.000000
76,56,1.892547
76,64,1.570796
76,67,-0.321751
76,88,-0.321751
76,90,-2.819842
77,14,1.570796
77,19,0.785398
77,21,-1.892547
77,24,0.000000
77,25,-1.892547
77,30,-1.892547
77,64,-0.321751
77,72,-0.321751
77,75,-0.785398
77,77,2.356194
77,82,-0.321751
77,83,2.819842
77,85,-0.321751
77,86,2.819842
78,9,1.249046
78,10,3.141593
78,16,1.570796
78,32,1.249046
78,33,3.141593
78,65,-1.249046
78,66,3.141593
78,77,-2.356194
78,79,-0.321751
78,80,2.819842
78,83,-2.356194
78,86,-2.356194
79,26,0.000000
79,27,-1.892547
79,30,1.249046
79,32,-1.892547
79,35,1.249046
79,36,2.356194
79,62,0.785398
79,69,-0.785398
79,71,1.570796
79,77,0.785398
79,80,-1.570796
79,83,0.785398
79,86,0.785398
79,89,2.356194
80,21,3.141593
80,29,0.000000
80,30,-1.892547
80,34,0.000000
80,35,-1.892547
80,45,0.785398
80,46,1.892547
80,71,-0.321751
80,75,2.819842
80,77,-0.321751
80,78,2.819842
80,81,1.570796
81,13,-2.356194
81,27,1.249046
81,28,3.141593
81,46,-1.249046
81,47,3.141593
81,53,0.000000
81,57,1.570796
81,63,-0.321751
81,64,2.819842
81,67,0.785398
81,69,0.000000
81,75,-2.356194
81,78,-2.356194
81,81,-0.321751
82,9,0.321751
82,22,1.249046
82,23,3.141593
82,26,0.000000
82,35,0.000000
82,41,0.000000
82,54,-1.570796
82,57,-0.321751
82,58,2.819842
82,60,-0.321751
82,61,2.819842
82,64,-2.356194
82,67,-0.321751
82,70,1.570796
82,73,2.819842
82,75,0.785398
82,82,-2.356194
82,85,-1.249046
82,88,2.819842
83,5,-0.785398
83,17,0.785398
83,25,1.570796
83,28,0.000000
83,29,0.785398
83,39,3.141593
83,48,-0.321751
83,55,1.570796
83,64,0.785398
83,76,2.819842
83,79,0.000000
83,80,1.892547
83,82,0.000000
83,88,-2.356194
84,8,0.321751
84,24,0.000000
84,25,-2.356194
84,43,-1.570796
84,50,2.819842
84,52,0.785398
84,55,-0.321751
84,56,2.819842
84,58,-0.321751
84,59,2.819842
84,61,-0.321751
84,62,2.819842
84,64,0.000000
84,71,-2.356194
84,73,-0.321751
85,17,-2.819842
85,20,-1.570796
85,23,1.570796
85,26,-2.356194
85,29,0.000000
85,33,3.141593
85,39,0.000000
85,40,3.141593
85,53,2.819842
85,59,-2.356194
85,62,-2.356194
85,64,-0.785398
85,67,0.000000
85,69,-2.356194
85,74,-2.356194
85,76,-0.321751
85,78,2.356194
85,81,-2.356194
85,83,0.785398
86,12,-1.570796
86,19,1.570796
86,28,1.570796
86,36,0.000000
86,37,3.141593
86,43,0.785398
86,48,1.570796
86,50,-0.321751
86,53,-1.570796
86,56,-0.321751
86,57,2.819842
86,59,0.785398
86,62,0.785398
86,69,0.785398
86,74,0.785398
86,81,0.785398
86,84,2.819842
87,11,3.141593
87,19,-2.819842
87,21,0.321751
87,24,0.000000
87,27,0.321751
87,28,-2.819842
87,31,-1.570796
87,44,0.000000
87,51,-2.356194
87,54,1.570796
87,60,2.819842
87,62,-0.321751
87,63,2.819842
87,69,-0.321751
87,70,2.819842
87,72,0.785398
87,75,2.819842
87,87,1.570796
88,13,0.321751
88,17,0.321751
88,21,-1.570796
88,27,-1.570796
88,39,0.000000
88,40,0.785398
88,41,1.892547
88,45,-1.570796
88,54,-0.321751
88,55,2.819842
88,57,-0.321751
88,60,-2.356194
88,63,-2.356194
88,75,-2.356194
88,77,0.785398
88,87,-2.819842
89,7,0.321751
89,20,1.570796
89,43,2.356194
89,46,-2.356194
89,49,-2.356194
89,55,-2.356194
89,58,-2.356194
89,70,-0.321751
89,73,-2.356194
89,78,2.819842
89,80,-0.321751
90,7,-1.570796
90,16,0.000000
90,17,-2.356194
90,22,1.570796
90,31,0.785398
90,39,3.141593
90,71,-2.356194
90,76,0.000000
90,78,-2.356194
91,15,3.141593
91,22,-2.819842
91,30,-0.785398
91,32,-2.356194
91,73,0.785398
91,78,0.785398
92,18,-1.570796
92,21,-1.570796
92,50,1.570796
92,66,0.785398
92,74,2.819842
92,78,-0.321751
92,81,-1.570796
93,13,-0.785398
93,17,1.570796
93,23,1.570796
93,60,0.785398
93,66,0.000000
93,69,2.819842
93,72,0.000000
93,74,-2.356194
93,85,1.570796
94,16,0.321751
94,20,0.785398
94,23,-2.819842
94,28,1.570796
94,31,-0.785398
94,34,-0.785398
94,48,1.570796
94,58,0.785398
94,61,2.819842
94,66,-0.785398
94,69,-2.356194
94,76,0.785398
94,85,-2.819842
95,18,1.570796
95,41,-0.785398
95,48,2.356194
95,58,0.000000
95,61,-2.356194
95,76,-0.321751
95,77,2.819842
95,79,0.785398
96,20,-1.892547
96,22,-1.570796
96,24,1.570796
96,30,1.570796
96,34,1.570796
96,47,0.321751
96,48,-2.819842
96,58,-0.785398
96,72,0.785398
96,74,2.356194
96,82,-0.785398
96,83,-1.892547
97,12,-1.249046
97,23,-0.785398
97,27,-1.570796
97,34,-1.570796
97,47,-0.785398
97,50,-1.570796
97,58,-1.570796
97,64,-2.356194
97,67,-2.356194
97,69,-1.570796
97,74,-2.356194
97,79,-1.892547
98,16,-0.785398
98,17,-1.892547
98,29,-0.785398
98,44,-1.570796
98,47,-1.570796
98,53,-1.570796
98,56,-1.570796
98,61,-1.570796
98,76,-0.785398
98,77,-1.892547
