15,26,1.249046
15,27,2.356194
15,42,0.785398
15,43,1.570796
15,44,2.356194
15,50,0.785398
15,51,1.570796
15,52,2.356194
15,55,0.785398
15,56,1.570796
15,57,2.356194
16,22,1.249046
16,23,2.356194
16,25,-0.785398
16,75,2.356194
18,16,1.249046
18,17,3.141593
18,22,-1.570796
20,14,0.321751
21,14,-0.785398
22,14,2.356194
23,27,0.785398
23,28,2.356194
24,27,-0.785398
24,66,0.321751
25,11,0.321751
25,66,-0.785398
25,81,2.356194
26,11,-1.570796
28,50,0.321751
28,52,2.819842
28,77,1.249046
29,10,0.785398
29,39,1.570796
29,43,2.356194
29,52,-2.356194
29,64,1.892547
29,76,0.321751
29,79,-2.356194
30,10,-0.785398
30,11,3.141593
30,31,0.321751
30,40,-2.356194
31,43,-1.249046
31,44,-2.356194
31,45,0.785398
31,46,1.892547
31,62,-0.321751
31,69,-2.356194
31,74,1.249046
31,76,3.141593
32,20,0.321751
32,33,-1.570796
32,35,-2.356194
32,46,-1.249046
32,52,-1.249046
32,53,-2.356194
32,59,0.000000
32,60,1.892547
32,71,0.785398
32,76,-2.356194
33,40,3.141593
33,50,1.892547
33,55,0.000000
33,60,-1.249046
33,61,3.141593
33,64,-1.249046
33,65,3.141593
33,69,0.000000
34,22,-1.892547
34,24,-2.356194
34,50,-1.249046
34,52,1.892547
34,54,1.570796
34,57,0.000000
34,58,1.892547
34,66,0.000000
34,67,1.892547
35,24,2.356194
35,31,2.356194
35,33,3.141593
35,39,2.356194
35,46,0.000000
35,52,-1.249046
35,58,-1.249046
35,59,3.141593
35,73,3.141593
35,87,3.141593
36,22,0.785398
36,24,-2.819842
36,29,-0.785398
36,30,-1.892547
36,36,0.000000
36,48,-1.249046
36,54,-1.249046
36,55,-2.356194
36,60,2.356194
36,76,0.785398
36,79,2.356194
37,9,0.785398
37,12,1.249046
37,13,2.356194
37,27,-0.785398
37,42,0.000000
37,43,3.141593
37,50,-2.356194
37,59,-0.785398
37,73,-0.785398
37,74,3.141593
38,9,-0.321751
38,18,0.785398
38,38,3.141593
38,50,-1.570796
38,64,0.785398
38,70,-1.570796
38,79,-1.249046
38,80,-2.356194
38,81,0.785398
39,20,-1.892547
39,23,0.000000
39,64,-0.321751
39,88,2.356194
40,14,2.356194
40,34,0.000000
40,36,3.141593
40,70,2.356194
40,73,-1.249046
40,74,3.141593
40,83,1.570796
40,85,0.785398
40,88,-2.819842
41,6,1.249046
41,17,-1.892547
41,28,0.000000
41,30,3.141593
41,53,0.000000
41,55,3.141593
41,60,2.356194
41,64,0.000000
41,65,-1.570796
42,10,2.819842
42,19,0.785398
42,26,3.141593
42,35,0.000000
42,37,3.141593
42,41,2.356194
42,42,3.141593
42,63,1.570796
43,20,-2.356194
43,33,3.141593
43,40,-0.785398
43,55,0.000000
43,63,-2.356194
43,73,1.570796
43,77,0.000000
43,78,2.356194
43,85,-0.321751
43,88,2.819842
44,3,0.321751
44,10,-2.356194
44,16,1.249046
44,17,2.356194
44,40,-1.570796
44,64,0.000000
44,66,3.141593
44,78,-1.570796
44,82,2.819842
45,3,-1.570796
45,6,0.321751
45,18,-2.356194
45,32,2.356194
45,61,0.000000
45,79,1.570796
45,88,-2.819842
46,6,-0.785398
46,14,0.321751
46,17,0.000000
46,24,0.785398
46,61,-0.785398
46,73,-1.570796
46,79,-0.321751
46,82,-0.785398
47,6,0.785398
47,9,0.000000
47,11,-2.819842
47,14,-1.570796
47,17,0.000000
47,26,1.570796
47,70,0.000000
47,74,-2.356194
47,88,2.819842
48,6,-0.785398
48,7,3.141593
48,16,-0.785398
48,18,0.000000
48,21,1.570796
48,29,3.141593
48,32,1.570796
48,50,0.000000
48,51,3.141593
48,59,1.249046
48,61,-1.570796
48,62,-2.356194
48,63,3.141593
48,77,0.785398
48,81,-1.570796
48,84,-1.570796
49,5,1.570796
49,8,0.785398
49,13,2.356194
49,18,0.000000
49,25,-2.356194
49,58,0.000000
49,73,1.570796
49,77,-0.321751
49,82,0.785398
49,83,3.141593
49,88,3.141593
50,4,0.000000
50,12,0.321751
50,13,-2.819842
50,16,1.249046
50,17,3.141593
50,24,0.000000
50,32,-1.570796
50,69,0.000000
50,74,3.141593
50,88,-1.570796
51,3,0.000000
51,7,0.321751
51,8,-2.819842
51,15,0.321751
51,19,-1.570796
51,28,1.570796
51,35,1.570796
51,55,0.785398
51,59,-0.785398
51,71,-2.356194
51,75,-2.356194
51,82,-0.785398
52,7,-0.785398
52,11,0.321751
52,12,-2.819842
52,15,-0.785398
52,18,1.570796
52,21,-1.570796
52,23,0.000000
52,28,-1.570796
52,35,-1.570796
52,54,0.785398
52,67,0.000000
52,80,-1.249046
52,86,-2.819842
53,2,-0.785398
53,11,-1.570796
53,17,0.321751
53,18,-2.819842
53,23,-1.570796
53,31,1.570796
53,73,0.785398
54,17,-0.785398
54,31,-1.570796
54,56,-2.356194
54,86,1.570796
54,90,2.356194
55,27,1.570796
55,67,0.785398
55,83,1.570796
55,86,-0.321751
55,90,3.141593
56,14,-1.570796
56,19,-1.570796
56,27,-1.570796
56,48,1.249046
56,53,0.000000
56,54,3.141593
56,79,0.785398
56,83,-0.321751
57,2,1.570796
57,34,1.570796
57,47,0.321751
57,73,-2.356194
57,76,-2.356194
57,80,0.000000
57,88,-1.249046
57,90,3.141593
58,9,2.356194
58,12,1.570796
58,18,1.570796
58,50,-2.819842
58,81,-1.570796
58,90,-2.356194
59,2,-1.570796
59,8,0.321751
59,9,-2.819842
59,12,2.356194
59,18,-1.570796
59,34,-1.570796
59,46,0.321751
59,49,-1.892547
59,53,0.000000
59,54,3.141593
59,71,-2.356194
59,74,0.785398
59,78,0.785398
59,82,1.570796
59,87,2.819842
60,8,-0.785398
60,11,0.321751
60,12,-2.819842
60,75,-2.356194
60,79,-2.356194
60,82,-0.321751
61,8,-1.570796
61,11,-0.785398
61,46,-2.819842
61,54,0.000000
61,55,3.141593
61,72,0.785398
61,87,-0.321751
62,14,-1.570796
62,17,1.570796
62,20,1.570796
62,44,-0.785398
62,45,-1.892547
62,52,2.356194
62,77,0.785398
62,81,1.570796
63,4,2.356194
63,11,2.356194
63,17,2.356194
63,20,-1.570796
63,22,0.785398
63,51,-0.785398
63,57,0.000000
63,58,3.141593
63,81,-1.570796
64,3,0.321751
64,4,-2.819842
64,10,0.321751
64,11,-2.819842
64,16,0.321751
64,17,-2.819842
64,27,1.570796
64,69,0.785398
64,79,-2.356194
64,90,2.819842
65,3,-0.785398
65,7,2.356194
65,10,-0.785398
65,16,-0.785398
65,40,0.785398
65,43,3.141593
65,70,-2.356194
65,90,-2.356194
66,10,-1.570796
66,13,1.570796
66,49,3.141593
66,75,-1.570796
67,19,1.570796
67,39,0.000000
67,40,2.356194
67,85,0.785398
68,9,1.570796
68,13,-1.570796
68,16,-1.570796
68,27,0.785398
68,40,-2.356194
68,45,0.000000
68,66,0.785398
68,82,0.785398
68,86,1.570796
68,89,-0.321751
69,19,-1.570796
69,28,-2.356194
69,29,3.141593
69,36,0.785398
69,38,0.000000
69,48,0.000000
69,49,3.141593
69,67,-2.356194
69,73,0.785398
69,83,1.570796
69,87,3.141593
69,91,2.819842
70,9,-1.570796
70,15,1.570796
70,35,1.570796
70,37,0.000000
70,41,2.356194
70,74,-2.356194
70,77,0.785398
70,83,-0.321751
70,84,2.819842
70,88,1.570796
70,91,-2.356194
71,19,1.570796
71,35,-2.819842
71,39,0.000000
71,71,0.785398
71,84,-1.570796
71,88,-0.321751
71,89,2.819842
71,91,-1.570796
72,15,-1.570796
72,19,-1.570796
72,23,-1.570796
72,37,-1.570796
72,42,0.000000
72,43,3.141593
72,48,2.356194
72,75,0.785398
72,78,-1.570796
72,85,-2.356194
72,89,-2.356194
73,8,1.570796
73,11,1.570796
73,32,0.321751
73,46,0.000000
73,82,0.785398
73,89,0.785398
74,34,-2.356194
74,43,0.000000
74,44,3.141593
75,11,-1.570796
75,32,-1.570796
75,74,-2.356194
75,77,-2.356194
75,84,1.570796
75,91,2.819842
76,2,-1.570796
76,81,0.785398
76,84,-0.321751
76,87,0.000000
76,91,-2.356194
77,10,1.570796
77,13,1.570796
77,21,1.570796
77,28,1.249046
77,30,-2.356194
77,70,1.570796
77,75,0.785398
77,91,2.356194
78,4,2.356194
78,27,0.321751
78,36,-2.356194
78,70,-1.570796
78,73,1.570796
78,76,-2.356194
78,78,1.570796
78,81,0.321751
78,86,-1.570796
78,91,-2.819842
79,2,0.000000
79,4,3.141593
79,27,-1.570796
79,53,0.000000
79,54,0.785398
79,73,-1.570796
79,84,2.819842
79,87,1.570796
80,4,-2.356194
80,21,-1.570796
80,26,1.570796
80,33,-2.356194
80,55,-2.356194
80,76,0.785398
80,79,2.356194
80,81,-0.321751
80,84,-1.570796
80,87,-0.321751
81,13,-1.570796
81,24,1.249046
81,39,2.356194
81,61,1.570796
81,63,1.570796
81,74,0.785398
81,77,0.000000
81,79,-2.819842
81,82,-2.356194
81,85,1.570796
81,91,2.819842
82,17,1.570796
82,23,0.000000
82,24,-1.892547
82,26,-1.249046
82,27,3.141593
82,38,-0.785398
82,49,1.570796
82,61,2.356194
82,65,0.785398
82,85,-0.321751
82,86,2.819842
82,88,-0.321751
83,7,2.356194
83,22,1.570796
83,28,-2.356194
83,55,0.785398
83,59,1.249046
83,61,3.141593
83,68,1.570796
83,75,0.785398
83,78,0.000000
83,86,-2.356194
83,91,-2.819842
84,5,1.249046
84,7,3.141593
84,13,1.570796
84,18,2.356194
84,22,-2.819842
84,55,0.000000
84,57,0.785398
84,61,-2.356194
84,63,-1.570796
84,73,1.570796
84,75,-0.321751
84,76,2.819842
84,78,-0.785398
84,80,-1.570796
84,86,0.785398
85,17,-0.785398
85,30,2.356194
85,49,0.321751
85,51,-2.356194
85,52,3.141593
85,55,-0.785398
85,68,-1.570796
85,71,1.570796
85,73,-1.570796
85,76,-2.356194
85,78,-1.570796
85,81,1.570796
85,84,1.570796
85,87,2.819842
86,23,0.785398
86,29,-0.785398
86,42,0.785398
86,49,-0.785398
86,71,-1.570796
86,81,-0.321751
86,82,2.819842
86,84,-0.321751
87,18,0.321751
87,21,-2.356194
87,24,-2.356194
87,36,1.570796
87,43,0.785398
87,44,2.356194
87,45,0.785398
87,49,-1.570796
87,64,1.570796
87,66,-1.570796
87,69,1.570796
87,74,1.570796
87,76,-1.570796
87,79,1.570796
87,82,-1.570796
87,90,2.356194
88,4,0.321751
88,6,2.819842
88,14,2.356194
88,32,0.785398
88,39,0.785398
88,43,-0.785398
88,46,-1.570796
88,55,-1.570796
88,72,1.570796
88,74,-1.570796
88,85,-0.321751
88,90,-2.819842
89,13,0.321751
89,16,1.249046
89,18,3.141593
89,28,2.356194
89,31,1.570796
89,33,-1.570796
89,47,-2.356194
89,52,0.785398
89,61,-1.570796
89,69,-1.570796
89,77,1.570796
90,4,0.000000
90,27,-0.785398
90,31,3.141593
90,37,-1.570796
90,67,1.570796
90,72,-1.570796
90,75,1.570796
90,77,-1.570796
90,86,-0.321751
91,4,-0.785398
91,13,0.000000
91,19,2.819842
91,24,2.356194
91,29,0.785398
91,44,-1.570796
91,64,-1.570796
91,70,1.570796
91,82,1.570796
91,89,-2.819842
92,19,-1.570796
92,23,0.785398
92,28,-0.785398
92,30,-0.785398
92,32,2.819842
92,42,-2.356194
92,70,-1.570796
92,78,1.570796
92,82,0.785398
92,84,2.356194
93,9,0.785398
93,14,-2.356194
93,20,0.000000
93,21,1.570796
93,32,-1.570796
93,58,-1.570796
93,64,1.570796
93,73,1.570796
93,82,0.000000
93,84,-2.356194
94,9,0.000000
94,11,-0.785398
94,12,-1.570796
94,13,-2.356194
94,23,0.000000
94,25,-1.570796
94,36,-2.356194
94,47,0.785398
94,60,1.570796
94,70,1.570796
94,80,0.785398
94,82,-1.570796
94,85,1.570796
95,9,-0.785398
95,17,2.356194
95,33,-1.570796
95,41,0.785398
95,52,0.000000
95,57,-2.356194
95,70,-1.570796
95,80,0.000000
96,9,2.356194
96,14,0.785398
96,15,1.570796
96,16,3.141593
96,23,-1.570796
96,30,0.785398
96,38,0.785398
96,45,0.785398
96,78,0.785398
97,8,-0.785398
97,12,0.000000
97,18,1.570796
97,34,1.570796
97,36,0.785398
97,64,-1.570796
97,67,-1.570796
97,71,1.570796
97,80,-1.570796
97,81,-2.356194
97,83,-0.785398
97,84,-1.892547
98,15,-1.570796
98,18,-1.570796
98,21,-2.356194
98,27,-1.570796
98,31,-1.570796
98,34,-1.570796
98,37,-2.356194
98,40,-2.356194
98,43,-2.356194
98,47,-2.356194
98,51,-2.356194
98,57,3.141593
98,60,-1.570796
98,71,-1.570796
98,73,-1.570796
98,76,-1.570796
