15,36,0.785398
15,37,2.356194
15,66,2.356194
16,30,0.785398
16,31,2.356194
16,37,-1.570796
17,31,-1.570796
18,15,1.570796
19,14,0.321751
19,15,-2.819842
19,61,0.321751
20,14,-1.570796
20,61,-1.570796
23,13,2.356194
24,13,-2.819842
24,81,3.141593
25,11,0.321751
26,11,-0.785398
26,39,0.785398
27,39,0.000000
27,46,2.356194
27,58,1.892547
27,60,2.356194
28,62,1.249046
28,64,1.570796
28,75,0.321751
29,10,0.785398
29,41,-2.819842
29,44,-0.785398
29,48,2.356194
29,49,0.785398
29,50,1.570796
29,51,2.356194
29,52,-0.785398
29,53,-1.570796
29,75,-0.785398
30,10,-0.785398
30,11,3.141593
30,36,-0.785398
30,64,-1.570796
30,66,3.141593
30,85,2.356194
31,44,-0.785398
31,45,-1.892547
31,47,-2.356194
31,66,-1.570796
31,71,1.249046
31,73,1.892547
32,40,-1.892547
32,47,0.000000
32,51,-2.356194
32,52,0.785398
32,53,1.570796
32,54,2.356194
32,56,0.785398
32,57,1.892547
32,67,0.785398
32,68,2.356194
32,76,2.819842
33,9,0.785398
33,37,-1.570796
33,46,1.570796
33,61,-2.356194
33,76,-2.356194
34,9,-0.785398
34,10,3.141593
34,36,-0.785398
34,39,1.570796
34,45,0.321751
34,67,3.141593
35,39,-1.570796
35,45,-0.785398
35,47,-0.785398
35,51,1.570796
35,53,0.785398
35,59,-2.356194
35,67,-1.570796
35,73,-1.249046
36,35,1.570796
36,60,0.000000
36,61,1.892547
36,68,0.000000
36,69,1.892547
37,35,-1.570796
37,38,1.570796
37,45,-1.570796
37,51,-1.570796
37,62,-2.356194
37,69,-1.249046
37,70,-2.356194
37,76,-1.249046
37,80,-2.356194
38,38,-1.570796
38,57,1.892547
38,59,1.249046
38,65,0.785398
38,66,1.892547
39,20,-2.356194
39,47,1.570796
39,50,1.570796
39,66,-1.249046
39,67,-2.356194
39,74,0.000000
39,75,1.892547
39,83,0.785398
39,84,1.892547
40,50,-1.570796
40,53,1.570796
40,75,-1.249046
40,77,2.356194
40,80,-1.249046
41,7,0.321751
41,9,3.141593
41,44,2.356194
41,47,-1.570796
41,57,-0.785398
41,62,-1.570796
41,63,-2.356194
41,71,0.000000
41,72,1.892547
42,7,-0.785398
42,18,-1.570796
42,53,-1.570796
42,66,0.000000
42,67,1.892547
42,72,-1.249046
42,73,3.141593
42,77,-0.785398
42,79,1.892547
42,87,2.819842
43,59,0.321751
43,67,-1.249046
43,69,1.892547
43,75,0.785398
43,76,2.356194
43,79,-1.249046
44,12,0.000000
44,13,1.570796
44,14,2.356194
44,25,0.000000
44,26,3.141593
44,35,2.356194
44,43,-1.570796
44,52,1.570796
44,59,-1.570796
44,64,0.785398
44,65,1.892547
44,69,-1.249046
44,71,1.892547
44,76,-1.570796
44,87,-2.356194
45,15,2.356194
45,21,0.000000
45,22,3.141593
45,28,2.356194
45,34,-0.785398
45,55,-0.785398
45,65,-1.249046
45,66,-2.356194
45,71,-1.249046
45,73,1.892547
45,77,0.000000
45,78,1.892547
46,61,0.000000
46,86,2.819842
47,19,0.000000
47,20,3.141593
47,33,1.570796
47,52,-1.570796
47,61,-0.785398
47,74,-1.249046
47,75,3.141593
47,80,2.819842
47,86,-2.356194
48,7,2.356194
48,17,2.356194
48,26,-0.785398
48,33,-1.570796
48,67,2.356194
48,72,3.141593
48,80,-1.570796
48,84,-0.321751
49,6,0.321751
49,11,1.249046
49,12,2.356194
49,14,1.249046
49,15,2.356194
49,40,0.000000
49,41,3.141593
49,63,0.000000
49,66,1.570796
49,77,1.570796
49,81,1.570796
49,85,-2.356194
50,6,-0.785398
50,31,1.570796
50,43,2.356194
50,57,-1.570796
50,65,-0.785398
50,66,-2.356194
50,70,-2.356194
50,77,-0.321751
50,81,-0.321751
51,11,-1.249046
51,13,-1.892547
51,22,2.356194
51,33,0.000000
51,34,3.141593
51,37,2.356194
51,83,2.819842
51,86,1.570796
52,20,0.000000
52,36,-0.785398
52,53,1.570796
52,63,2.356194
52,70,0.785398
52,71,1.892547
52,83,-2.356194
52,90,2.819842
53,41,-0.785398
53,62,-0.785398
53,65,0.000000
53,66,1.892547
53,81,2.819842
54,16,2.356194
54,55,1.570796
54,62,2.356194
54,66,-1.249046
54,72,-1.249046
54,73,-2.356194
54,74,3.141593
54,81,-1.570796
54,84,-2.356194
54,88,-0.321751
55,13,1.570796
55,15,-0.785398
55,28,-1.570796
55,37,2.356194
55,49,1.570796
55,55,-1.570796
55,58,1.570796
55,62,-2.819842
55,64,1.570796
55,68,-2.356194
55,70,1.570796
55,82,-2.356194
55,91,2.819842
56,13,0.000000
56,67,-0.785398
56,70,-1.570796
56,89,-0.785398
57,5,0.785398
57,11,1.249046
57,14,0.000000
57,15,3.141593
57,35,-0.785398
57,47,0.000000
57,51,-1.570796
57,54,1.570796
57,57,-0.785398
57,60,0.321751
57,61,-2.819842
57,64,2.356194
57,83,1.570796
57,86,1.570796
57,91,3.141593
58,5,-0.785398
58,6,-2.356194
58,10,-0.785398
58,13,-2.356194
58,44,1.570796
58,86,-0.785398
58,88,1.892547
58,91,-2.356194
59,12,0.000000
59,40,1.570796
59,47,2.356194
59,50,1.570796
59,56,1.570796
59,60,-0.785398
59,61,-2.356194
59,64,-1.249046
59,65,-2.356194
59,72,0.785398
59,85,2.356194
59,90,2.356194
60,12,0.785398
60,15,2.356194
60,22,0.000000
60,23,3.141593
60,43,-0.785398
60,53,3.141593
60,59,1.570796
60,67,0.000000
60,68,1.892547
60,73,1.570796
60,85,-1.570796
60,88,-1.570796
60,90,-2.356194
61,4,0.785398
61,32,2.356194
61,39,-0.785398
61,49,-0.785398
61,52,-0.785398
61,58,0.321751
61,59,-2.819842
61,61,1.570796
61,73,-0.321751
61,79,0.785398
61,90,0.785398
62,4,-0.785398
62,5,3.141593
62,11,0.000000
62,12,-1.892547
62,31,-0.785398
62,45,-0.785398
62,55,1.570796
62,58,-1.570796
62,61,-1.570796
62,70,2.819842
62,74,-1.249046
62,75,3.141593
62,79,-0.321751
62,91,2.819842
63,6,0.000000
63,7,1.892547
63,16,2.356194
63,54,0.321751
63,55,-2.819842
63,70,-1.570796
63,76,1.570796
63,83,-1.249046
63,91,-2.356194
64,9,0.000000
64,13,2.356194
64,54,-1.570796
64,60,1.570796
64,68,3.141593
64,76,-0.321751
64,77,2.819842
64,80,-0.321751
65,12,-1.570796
65,77,-1.570796
65,82,2.819842
65,90,-1.570796
66,3,0.785398
66,7,-2.819842
66,16,2.356194
66,18,0.000000
66,19,3.141593
66,26,3.141593
66,62,0.321751
66,64,-2.356194
66,82,-1.570796
67,3,0.000000
67,5,-0.785398
67,9,1.249046
67,62,-0.785398
67,66,0.000000
67,75,1.570796
67,83,0.000000
67,88,2.819842
68,3,-0.785398
68,7,0.000000
68,13,-2.356194
68,48,-0.785398
68,52,-1.570796
68,55,1.570796
68,59,2.356194
68,67,-1.570796
68,75,-0.321751
68,76,2.819842
68,79,0.785398
69,54,0.321751
69,55,-2.819842
69,64,1.892547
69,68,0.000000
69,69,1.892547
69,80,2.819842
69,88,-0.785398
69,90,2.356194
70,7,0.000000
70,8,-1.570796
70,9,3.141593
70,40,3.141593
70,44,2.356194
70,50,1.570796
70,57,0.321751
70,70,2.819842
70,76,-0.785398
70,78,2.356194
70,90,-1.570796
71,3,0.785398
71,5,1.249046
71,6,3.141593
71,34,3.141593
71,50,2.356194
71,53,0.321751
71,54,-2.819842
71,64,-1.570796
71,70,-1.570796
71,80,-0.785398
71,84,2.819842
72,3,0.000000
72,11,3.141593
72,13,2.356194
72,16,2.356194
72,49,0.321751
72,50,-2.819842
72,53,-0.785398
72,56,0.321751
72,57,-2.819842
72,75,0.785398
72,78,-0.321751
73,3,-0.785398
73,12,-2.356194
73,20,0.785398
73,25,3.141593
73,30,1.570796
73,35,1.570796
73,45,1.570796
73,53,2.356194
73,56,-0.785398
73,68,1.570796
73,72,1.570796
73,75,-0.321751
73,76,2.819842
73,79,-2.356194
73,82,-0.321751
73,88,3.141593
73,91,-1.570796
74,14,0.000000
74,15,-2.356194
74,17,2.356194
74,29,-0.785398
74,34,0.000000
74,35,-2.356194
74,42,-1.570796
74,45,2.356194
74,48,0.321751
74,49,-2.819842
74,52,0.321751
74,53,-2.819842
74,59,0.321751
74,68,-0.321751
74,72,-0.321751
74,73,2.819842
74,79,0.785398
74,89,1.570796
75,3,0.785398
75,17,-2.819842
75,36,0.000000
75,44,0.000000
75,52,-1.570796
75,59,-1.570796
75,70,2.819842
75,73,-1.570796
75,76,-0.321751
75,80,2.819842
75,83,0.785398
75,89,-0.321751
75,90,2.819842
76,3,0.000000
76,5,-0.785398
76,6,-1.892547
76,16,-1.570796
76,20,2.356194
76,39,0.785398
76,41,1.892547
76,43,1.570796
76,48,-2.819842
76,51,1.570796
76,62,1.570796
76,70,-1.570796
76,74,1.570796
76,80,-1.570796
76,83,-0.321751
76,90,-2.356194
77,8,1.570796
77,15,1.570796
77,35,2.356194
77,39,-1.570796
77,41,-1.249046
77,51,-2.819842
77,55,2.356194
77,58,0.785398
77,62,-0.785398
77,63,3.141593
77,71,1.570796
77,74,-0.321751
77,75,2.819842
77,78,-2.356194
77,87,2.819842
78,3,-0.785398
78,4,3.141593
78,15,-2.819842
78,27,0.000000
78,29,3.141593
78,33,0.785398
78,35,3.141593
78,38,1.570796
78,49,0.321751
78,54,0.321751
78,55,-2.819842
78,58,-0.321751
78,60,2.356194
78,61,0.000000
78,72,3.141593
78,78,0.785398
78,84,0.000000
78,90,2.356194
79,5,0.000000
79,10,3.141593
79,33,-1.570796
79,38,-2.819842
79,62,-2.356194
79,65,1.570796
79,73,1.570796
79,79,2.819842
79,87,-0.785398
79,88,-2.356194
79,90,3.141593
80,12,0.321751
80,31,1.249046
80,32,3.141593
80,35,0.000000
80,37,-1.892547
80,41,2.356194
80,43,0.321751
80,49,-2.356194
80,65,-0.321751
80,66,2.819842
80,73,-0.321751
80,79,-2.356194
80,82,1.570796
80,86,3.141593
80,90,-2.356194
81,2,0.785398
81,14,0.000000
81,19,-1.570796
81,23,0.000000
81,29,2.356194
81,30,-0.785398
81,47,-1.570796
81,53,-1.892547
81,55,0.000000
81,56,1.892547
81,61,3.141593
81,82,0.000000
82,2,-0.321751
82,12,-2.819842
82,21,0.000000
82,35,-2.819842
82,38,1.249046
82,43,3.141593
82,46,1.570796
82,49,0.321751
82,56,-1.249046
82,57,-2.356194
82,64,1.570796
82,66,-0.321751
82,67,2.819842
82,82,-0.785398
83,11,-1.570796
83,23,-2.356194
83,29,3.141593
83,37,0.000000
83,59,-2.356194
83,67,-1.570796
83,86,0.785398
84,3,0.785398
84,10,3.141593
84,20,0.000000
84,30,1.570796
84,40,-2.819842
84,50,-2.356194
84,55,3.141593
84,61,0.785398
84,68,1.570796
84,79,0.785398
84,86,-0.785398
84,87,3.141593
85,3,0.000000
85,6,-2.819842
85,9,-1.570796
85,23,2.356194
85,26,0.321751
85,33,3.141593
85,57,0.785398
85,62,-2.356194
85,65,-1.570796
85,68,-0.321751
85,73,0.785398
85,76,-0.321751
85,80,2.819842
85,84,0.785398
85,85,3.141593
85,88,0.000000
85,89,2.356194
86,12,3.141593
86,15,0.321751
86,17,3.141593
86,26,-1.570796
86,28,0.785398
86,30,-1.892547
86,40,-2.356194
86,58,-2.356194
86,73,-0.321751
86,74,2.819842
86,84,-0.785398
86,89,-2.356194
87,3,0.000000
87,15,-1.570796
87,18,-2.356194
87,25,-0.785398
87,44,0.785398
87,49,-1.570796
87,54,0.785398
87,71,2.819842
87,74,-1.570796
88,7,1.570796
88,10,0.321751
88,11,-2.819842
88,14,1.570796
88,28,-2.819842
88,35,-1.570796
88,42,1.570796
88,45,-2.356194
88,60,0.785398
88,68,1.570796
88,78,0.000000
88,84,-1.570796
88,85,-2.356194
89,3,0.000000
89,7,-2.819842
89,10,-1.570796
89,13,0.321751
89,14,-2.819842
89,20,1.570796
89,23,1.570796
89,26,0.321751
89,30,0.000000
89,31,-1.892547
89,36,0.000000
89,47,-2.356194
89,61,-2.356194
89,65,1.570796
89,71,-0.321751
89,72,2.819842
89,78,-0.785398
89,87,0.000000
89,88,2.356194
90,9,1.570796
90,13,-1.570796
90,16,1.570796
90,19,0.321751
90,20,-2.819842
90,26,-1.570796
90,35,-0.785398
90,41,-0.785398
90,53,0.000000
90,65,0.785398
90,72,-2.356194
90,79,1.570796
91,3,0.000000
91,5,-1.892547
91,8,0.321751
91,9,-2.819842
91,12,1.570796
91,15,0.321751
91,16,-2.819842
91,19,-1.570796
91,28,1.570796
91,45,0.000000
91,47,3.141593
91,62,0.785398
91,65,-0.321751
91,66,2.819842
91,69,0.785398
91,79,-0.321751
91,80,2.819842
91,83,0.000000
91,84,1.570796
91,86,1.570796
92,3,-0.785398
92,8,-1.570796
92,11,0.321751
92,21,1.570796
92,27,0.321751
92,28,-2.819842
92,31,2.356194
92,56,-2.356194
92,63,1.570796
92,69,-0.321751
92,70,2.819842
92,80,-2.356194
93,3,0.785398
93,6,1.249046
93,7,3.141593
93,11,-1.570796
93,13,0.000000
93,16,3.141593
93,20,0.321751
93,21,-2.819842
93,27,-1.570796
93,30,1.570796
93,37,1.570796
93,63,-0.321751
93,64,2.819842
93,66,-0.321751
93,67,2.819842
93,70,-2.356194
94,3,-0.321751
94,6,-1.892547
94,10,0.785398
94,17,-2.356194
94,20,-1.570796
94,26,1.570796
94,29,0.321751
94,30,-2.819842
94,33,2.356194
94,37,-1.570796
94,47,0.000000
94,54,0.785398
94,61,1.570796
94,70,0.785398
94,81,1.570796
95,10,-0.785398
95,11,3.141593
95,14,-2.819842
95,25,0.321751
95,26,-2.819842
95,29,-1.570796
95,50,3.141593
95,55,-2.356194
95,61,-0.321751
95,62,2.819842
95,64,-0.321751
95,71,2.819842
95,81,-0.321751
96,25,-1.570796
96,52,1.570796
96,59,1.570796
96,62,-2.356194
96,65,-1.249046
96,66,-2.356194
96,68,-1.249046
96,69,-2.356194
96,71,-2.356194
96,82,-1.249046
97,5,1.570796
97,59,-1.570796
97,62,-1.570796
97,71,-1.570796
97,75,-1.570796
97,78,-1.570796
98,6,-2.356194
98,8,-0.785398
98,9,-1.570796
98,10,-2.356194
98,11,-0.785398
98,15,-1.570796
98,18,-1.570796
98,21,-1.570796
98,24,-1.570796
98,27,-1.570796
98,30,-0.785398
98,44,0.000000
98,45,3.141593
98,47,0.000000
98,48,3.141593
98,51,-0.785398
