19,49,1.249046
19,50,2.356194
19,51,0.785398
19,52,1.570796
19,53,2.356194
21,20,1.570796
21,49,-2.356194
22,19,0.321751
22,20,-2.819842
23,19,-1.570796
24,18,1.570796
25,17,0.321751
25,18,-2.819842
26,17,-0.785398
39,54,0.000000
39,55,3.141593
39,86,2.356194
40,50,2.356194
41,45,1.570796
41,47,0.000000
41,49,-0.785398
41,54,3.141593
41,57,0.000000
41,58,3.141593
41,61,0.000000
41,63,3.141593
41,66,0.000000
42,41,1.570796
42,45,-1.570796
42,69,3.141593
43,36,3.141593
43,41,-1.570796
44,33,0.000000
44,50,0.000000
44,56,3.141593
44,63,3.141593
44,74,0.785398
44,81,0.321751
45,81,-1.570796
46,36,0.000000
46,38,3.141593
46,57,-0.785398
46,66,0.000000
46,76,-2.356194
47,34,2.356194
47,73,3.141593
47,78,-0.785398
48,38,1.570796
48,59,0.000000
48,62,3.141593
48,75,0.785398
48,82,0.785398
49,32,-0.785398
49,65,0.000000
49,67,3.141593
50,28,3.141593
50,38,-1.570796
50,40,0.785398
50,69,0.000000
50,72,3.141593
50,78,3.141593
50,84,-2.356194
51,26,-0.785398
51,74,0.000000
51,75,3.141593
51,86,1.570796
52,30,0.000000
52,32,3.141593
52,42,-2.356194
52,63,0.000000
52,67,0.785398
52,68,1.892547
52,77,0.000000
52,86,-1.570796
53,26,2.356194
53,68,-1.249046
53,69,-2.356194
53,70,0.785398
53,71,1.892547
53,79,-2.356194
54,71,-1.249046
54,72,-2.356194
54,74,0.785398
54,75,1.892547
54,91,-2.356194
55,35,0.785398
55,61,0.000000
55,64,3.141593
55,75,-1.249046
55,76,-2.356194
55,85,0.785398
56,70,1.570796
56,87,3.141593
57,37,-2.356194
57,70,-1.570796
58,26,-2.356194
58,91,2.356194
59,23,0.785398
59,67,0.785398
59,90,-0.785398
60,20,0.785398
60,50,0.000000
60,51,3.141593
60,69,0.785398
60,70,1.892547
61,25,-2.356194
61,37,0.785398
61,70,-1.249046
61,71,-2.356194
61,73,3.141593
61,80,0.000000
61,87,-2.356194
62,22,-2.356194
62,82,0.000000
62,83,1.892547
63,20,1.570796
63,40,3.141593
63,70,0.000000
63,71,3.141593
63,76,0.000000
63,79,2.356194
63,83,-1.249046
63,84,3.141593
64,73,1.570796
65,19,-0.785398
65,81,0.785398
66,29,0.785398
66,75,3.141593
66,87,-2.356194
67,19,1.570796
67,30,-2.356194
67,77,0.000000
68,27,0.785398
68,72,2.356194
68,79,-2.356194
68,85,-2.356194
68,90,0.785398
69,71,-0.785398
69,81,0.785398
69,91,-2.356194
70,19,-1.570796
70,29,-2.356194
70,77,0.785398
72,85,3.141593
73,28,0.785398
74,86,0.785398
75,30,-2.356194
75,37,0.785398
75,87,0.000000
76,18,-0.785398
76,20,0.000000
76,21,1.892547
76,26,1.570796
76,38,-2.356194
76,88,-1.570796
77,26,-1.570796
77,57,0.785398
77,85,0.000000
77,86,1.892547
78,22,-1.249046
78,23,3.141593
78,36,0.785398
78,43,0.785398
78,58,-2.356194
78,63,0.000000
78,64,3.141593
78,77,0.785398
78,86,-1.249046
78,87,3.141593
79,14,2.356194
79,44,-2.356194
79,78,-2.356194
79,88,-2.356194
79,91,-2.356194
80,13,-0.785398
80,19,2.356194
80,38,-2.356194
81,18,-0.785398
82,21,0.000000
82,28,3.141593
83,15,2.356194
83,23,1.570796
83,30,0.785398
83,68,-0.785398
83,72,3.141593
83,78,0.785398
83,82,0.785398
84,14,3.141593
84,23,0.000000
84,74,0.785398
85,13,-0.785398
85,23,-0.785398
85,25,0.000000
85,26,1.892547
85,42,0.000000
85,43,3.141593
85,45,0.785398
85,59,0.000000
85,61,3.141593
85,69,0.000000
85,70,3.141593
86,13,-1.570796
86,23,-1.570796
86,26,-1.249046
86,27,-2.356194
86,34,-2.356194
86,46,-2.356194
86,85,-2.356194
87,29,0.000000
87,30,1.892547
87,74,0.785398
87,78,0.000000
87,79,1.892547
87,82,-2.356194
88,30,-1.249046
88,31,-2.356194
88,32,3.141593
89,23,2.356194
89,81,2.819842
89,84,0.785398
90,27,2.356194
90,81,-1.570796
91,21,-0.785398
91,50,3.141593
91,52,1.570796
91,63,0.785398
92,47,-0.785398
92,52,-1.570796
92,64,-2.356194
92,76,0.785398
93,11,2.356194
93,24,-0.785398
93,34,0.785398
93,55,0.000000
93,57,3.141593
93,67,0.000000
93,68,3.141593
93,88,1.570796
94,10,-0.785398
94,35,-1.570796
94,62,0.000000
94,78,-2.356194
94,82,-2.356194
94,88,-0.785398
94,89,3.141593
95,22,2.356194
95,30,-0.785398
95,87,-0.785398
95,90,-2.356194
96,3,-1.570796
96,15,2.356194
96,21,3.141593
96,34,0.000000
96,49,0.000000
96,58,3.141593
96,66,-2.356194
96,88,-2.356194
97,14,-0.785398
97,20,-1.570796
97,68,0.785398
98,19,-0.785398
98,69,-2.356194
