4,52,1.249046
4,53,2.356194
5,30,1.249046
5,32,1.892547
5,60,0.785398
5,61,2.356194
6,23,1.249046
6,24,2.356194
6,34,1.892547
6,50,0.321751
6,60,-0.785398
7,30,-1.249046
7,32,-1.892547
7,36,1.892547
7,38,1.249046
7,39,2.356194
7,40,0.785398
7,41,1.570796
7,42,2.356194
7,44,0.785398
7,45,1.892547
7,60,2.356194
8,12,1.249046
8,13,2.356194
8,23,-1.570796
8,47,1.892547
8,53,1.570796
8,54,2.356194
8,57,0.785398
8,58,1.570796
8,60,3.141593
8,72,2.356194
9,11,0.321751
9,79,2.356194
10,11,-1.570796
10,51,-1.570796
10,82,0.000000
11,36,-0.321751
11,38,-2.819842
11,65,1.249046
11,67,1.570796
11,69,-1.892547
11,83,-2.356194
12,23,0.321751
12,26,2.356194
12,29,0.785398
12,30,1.570796
12,57,-1.249046
13,23,-0.785398
13,50,1.570796
13,67,-2.819842
14,30,-0.785398
14,36,0.321751
14,59,-1.570796
14,62,-1.249046
15,28,2.356194
15,40,-0.785398
15,41,-1.570796
15,42,-2.356194
15,43,0.785398
15,57,0.785398
15,58,2.356194
15,64,-1.249046
15,72,0.321751
16,22,0.321751
16,38,-1.892547
16,68,1.892547
16,72,-0.785398
17,22,-0.785398
17,60,1.892547
17,83,2.356194
18,11,3.141593
18,30,2.356194
18,35,-1.570796
18,43,-0.785398
18,46,2.356194
18,48,-0.785398
18,54,-1.249046
18,55,-2.356194
18,61,-2.356194
18,62,0.785398
18,71,3.141593
19,8,0.321751
19,13,0.785398
19,20,1.570796
19,38,1.249046
19,39,2.356194
19,52,2.819842
20,8,-1.570796
20,30,1.570796
20,34,0.785398
20,49,-0.785398
20,50,-1.892547
20,52,-1.570796
20,72,0.785398
20,73,1.892547
21,16,-2.819842
21,32,2.356194
21,40,2.356194
21,43,0.785398
21,75,1.570796
21,77,1.570796
21,78,2.356194
21,79,-0.785398
21,80,-1.892547
22,27,0.000000
22,32,-1.570796
22,49,1.249046
22,50,2.356194
22,64,-1.570796
23,6,0.321751
23,8,3.141593
23,13,0.321751
23,18,-1.892547
23,27,-1.570796
23,43,-0.785398
23,44,-1.892547
23,65,-0.785398
23,77,-2.819842
24,6,-0.785398
24,25,1.570796
24,26,3.141593
24,31,2.356194
24,32,-0.785398
24,39,0.785398
24,40,2.356194
24,49,-1.249046
24,50,-2.356194
24,52,-0.785398
24,56,-2.819842
24,59,-1.570796
24,62,-1.249046
24,63,3.141593
24,70,-0.785398
25,10,1.570796
25,60,1.570796
25,64,0.000000
25,65,1.892547
25,71,-0.785398
26,10,-0.321751
26,23,-2.356194
26,33,1.249046
26,37,2.356194
26,39,3.141593
26,76,-2.819842
27,21,-1.892547
27,31,2.356194
27,32,-0.785398
27,39,-1.570796
27,45,0.000000
27,55,-1.892547
27,70,3.141593
28,6,0.785398
28,36,-2.356194
28,41,2.356194
28,42,0.000000
28,47,2.356194
28,48,3.141593
28,71,-0.785398
28,76,2.356194
29,20,0.785398
29,21,2.356194
29,22,-0.785398
29,23,-1.892547
29,27,-0.785398
29,32,2.356194
29,33,-0.785398
29,38,2.356194
29,39,-0.785398
29,44,2.356194
29,45,-0.785398
29,46,-1.892547
29,53,-2.356194
29,57,3.141593
29,59,0.000000
29,62,-0.785398
29,63,-1.892547
29,67,3.141593
29,73,-1.249046
30,15,-1.892547
30,25,-1.570796
30,41,0.000000
30,42,-0.785398
30,49,0.000000
30,50,-0.785398
30,51,-1.892547
30,77,-2.356194
31,5,0.321751
31,23,1.249046
31,24,3.141593
31,32,0.785398
31,33,2.356194
31,34,-0.785398
31,39,2.356194
31,45,2.356194
31,47,3.141593
32,13,-2.819842
32,17,1.249046
32,23,-1.892547
32,27,0.000000
32,28,-1.892547
32,32,-1.570796
32,37,-0.785398
32,38,-1.892547
32,44,-1.892547
32,51,0.000000
32,57,3.141593
32,60,0.000000
32,64,-0.785398
32,65,-1.892547
32,73,1.892547
32,76,1.570796
33,5,-1.570796
33,7,-1.892547
33,16,0.000000
33,17,-1.892547
33,25,1.249046
33,26,3.141593
33,42,-0.785398
33,48,0.000000
33,49,3.141593
34,3,-0.785398
34,14,1.249046
34,15,3.141593
34,20,-1.570796
34,30,1.570796
34,44,2.356194
34,46,3.141593
34,56,0.000000
34,66,-0.785398
34,67,-1.570796
34,68,-2.356194
34,71,-0.321751
34,76,-1.892547
35,8,1.249046
35,14,-1.892547
35,19,3.141593
35,23,0.321751
35,29,0.000000
35,34,0.785398
35,37,2.356194
35,38,3.141593
35,53,3.141593
35,86,2.356194
36,18,-1.570796
36,23,-1.570796
36,28,1.570796
36,34,-0.785398
36,36,-1.892547
36,40,0.000000
36,41,-0.785398
36,42,-1.892547
36,58,0.000000
36,66,3.141593
36,86,3.141593
37,12,-2.356194
37,28,-2.819842
37,33,3.141593
37,46,0.000000
37,55,3.141593
37,68,0.000000
37,71,-0.785398
37,86,-2.356194
38,5,0.321751
38,12,0.785398
38,16,1.570796
38,26,0.321751
38,38,2.356194
38,44,2.356194
38,73,-0.785398
38,74,-1.892547
38,76,1.570796
39,2,0.785398
39,12,0.000000
39,14,1.570796
39,20,1.570796
39,31,0.321751
39,32,-2.819842
39,58,0.000000
39,61,3.141593
39,65,0.000000
39,70,3.141593
40,2,0.000000
40,4,-0.785398
40,10,1.892547
40,18,1.570796
40,20,-2.356194
40,27,-2.356194
40,31,-1.570796
40,35,1.249046
40,36,3.141593
40,47,0.000000
40,72,0.000000
40,75,0.000000
40,86,2.356194
41,2,-0.785398
41,21,1.570796
41,30,1.570796
41,33,0.785398
41,60,0.000000
41,67,3.141593
42,24,-0.785398
42,27,2.356194
42,36,-2.356194
42,70,0.000000
42,71,3.141593
42,76,-0.785398
43,5,0.321751
43,16,-2.356194
43,17,-0.785398
43,38,0.785398
43,42,-2.356194
43,44,0.785398
43,45,1.570796
43,64,1.570796
43,76,-1.570796
43,81,0.000000
43,82,1.570796
43,84,-1.892547
44,2,0.785398
44,29,-0.785398
44,30,-1.892547
44,50,1.249046
44,52,1.570796
44,53,2.356194
44,54,0.785398
44,55,1.892547
45,2,-0.321751
45,5,-1.570796
45,16,2.356194
45,18,-0.785398
45,21,-2.356194
45,25,3.141593
45,35,0.000000
45,37,-0.785398
45,38,-1.570796
45,39,-2.356194
45,57,1.570796
45,59,1.570796
45,61,1.570796
45,62,2.356194
45,63,0.000000
45,67,2.356194
45,81,0.321751
45,83,2.819842
46,11,3.141593
46,28,0.000000
46,32,-0.785398
46,33,-1.570796
46,42,0.000000
46,44,-0.785398
46,53,-2.356194
46,54,-0.785398
46,78,0.785398
46,83,-2.356194
46,88,2.356194
47,3,0.000000
47,6,0.785398
47,10,-1.570796
47,21,0.000000
47,25,3.141593
47,35,0.000000
47,47,-0.785398
47,56,-0.785398
47,57,-1.570796
47,58,-2.356194
47,63,-0.785398
47,68,2.356194
47,69,0.785398
47,70,1.570796
47,71,2.356194
47,79,1.570796
48,14,-0.785398
48,18,1.249046
48,19,2.356194
48,28,0.000000
48,34,0.000000
48,44,3.141593
48,54,3.141593
48,74,0.785398
48,75,1.892547
49,20,2.356194
49,24,1.570796
49,39,3.141593
49,50,3.141593
49,57,0.000000
49,59,-0.785398
49,68,-2.356194
49,69,0.000000
49,77,0.785398
49,81,-1.570796
49,85,-0.321751
50,16,-1.570796
50,20,-2.819842
50,24,2.356194
50,27,0.000000
50,32,3.141593
50,41,0.000000
50,44,0.785398
50,54,0.000000
50,55,3.141593
50,63,3.141593
50,88,-2.819842
51,23,0.000000
51,34,0.000000
51,38,3.141593
51,45,-1.249046
51,46,-2.356194
51,49,3.141593
51,58,0.000000
51,59,3.141593
51,67,3.141593
51,83,1.570796
52,3,0.000000
52,10,1.570796
52,14,1.570796
52,28,0.785398
52,29,1.570796
52,30,2.356194
52,31,3.141593
52,40,0.000000
52,62,3.141593
52,75,-1.249046
52,76,-2.356194
52,87,3.141593
53,3,-1.570796
53,5,-1.570796
53,10,-2.819842
53,13,0.321751
53,14,-2.819842
53,17,-0.785398
53,27,0.000000
53,34,0.000000
53,58,0.000000
53,65,0.000000
53,66,3.141593
53,79,0.000000
53,82,-0.785398
53,83,-1.892547
53,87,-2.356194
54,29,-1.570796
54,30,3.141593
54,41,0.785398
54,42,1.892547
54,55,0.000000
54,76,0.785398
55,13,-2.819842
55,23,-0.785398
55,33,0.000000
55,36,3.141593
55,42,-1.249046
55,43,-2.356194
55,44,0.785398
55,45,1.892547
55,52,3.141593
55,59,3.141593
55,65,0.000000
55,66,3.141593
55,78,0.785398
56,6,0.321751
56,31,0.000000
56,38,0.000000
56,46,-2.356194
56,48,3.141593
56,54,0.000000
56,75,0.785398
56,79,-1.570796
57,2,-1.570796
57,16,1.249046
57,17,3.141593
57,21,2.356194
57,25,-0.785398
57,35,3.141593
57,41,0.000000
57,43,0.785398
57,50,0.000000
57,64,0.000000
57,65,3.141593
57,70,0.000000
57,71,3.141593
58,6,-2.819842
58,15,0.000000
58,16,-1.892547
58,28,-0.785398
58,37,0.000000
58,39,0.785398
58,45,-2.356194
58,46,0.785398
58,47,1.892547
58,61,3.141593
58,67,0.000000
58,68,3.141593
58,74,1.570796
58,80,0.785398
59,8,0.321751
59,21,-2.356194
59,26,2.356194
59,34,0.785398
59,35,1.892547
59,41,-2.356194
59,42,0.785398
59,48,-2.356194
59,63,0.000000
59,64,3.141593
59,70,0.785398
59,74,0.785398
59,80,-0.321751
59,87,2.356194
60,13,1.570796
60,25,3.141593
60,37,2.356194
60,38,0.785398
60,43,-1.249046
60,44,-2.356194
60,46,0.000000
60,52,3.141593
60,66,0.000000
60,67,3.141593
60,71,-2.356194
60,74,-0.321751
60,75,2.819842
60,81,-1.249046
60,82,-2.356194
60,85,0.785398
60,87,-2.819842
61,2,0.321751
61,8,-2.819842
61,13,-2.819842
61,39,-1.249046
61,40,3.141593
61,48,0.785398
61,49,1.892547
61,54,0.000000
61,69,1.570796
61,75,-2.356194
62,2,-0.785398
62,22,0.000000
62,23,-1.892547
62,33,0.000000
62,36,3.141593
62,49,-1.249046
62,50,-2.356194
62,51,3.141593
62,65,0.785398
62,72,1.570796
63,2,-1.570796
63,21,3.141593
63,36,-1.570796
63,53,0.000000
63,54,3.141593
63,61,3.141593
63,66,-2.356194
64,4,0.321751
64,20,-1.570796
64,24,1.249046
64,25,3.141593
64,37,0.000000
64,38,1.570796
64,40,1.570796
64,41,2.356194
64,56,0.000000
64,57,3.141593
65,4,-1.570796
65,8,0.321751
65,13,0.321751
65,18,1.249046
65,19,3.141593
65,30,0.000000
65,43,0.785398
65,44,1.892547
65,60,1.570796
65,64,1.570796
65,70,0.785398
65,79,0.785398
66,8,-1.570796
66,13,-1.570796
66,34,0.000000
66,35,1.892547
66,39,0.000000
66,45,-2.356194
66,56,0.785398
66,70,-0.321751
66,71,2.819842
66,76,0.785398
66,79,0.000000
67,7,1.570796
67,12,3.141593
67,36,2.819842
67,42,0.000000
67,43,0.000000
67,47,0.000000
67,48,1.892547
67,57,0.000000
67,64,0.785398
67,67,0.785398
67,71,-2.356194
67,76,-0.321751
67,77,2.819842
67,79,-0.785398
68,7,-2.819842
68,15,0.321751
68,20,0.321751
68,25,1.249046
68,26,2.356194
68,27,3.141593
68,44,0.000000
68,50,1.892547
68,54,0.000000
68,58,-2.356194
68,64,-0.321751
68,65,2.819842
68,67,-0.321751
68,68,2.819842
68,77,-2.356194
68,80,-0.785398
68,81,-1.570796
68,82,3.141593
68,86,2.356194
69,11,-2.819842
69,20,-1.570796
69,32,0.000000
69,36,-0.321751
69,37,2.819842
69,55,-2.356194
69,58,0.785398
69,65,-2.356194
69,68,-1.570796
69,74,-1.570796
69,86,3.141593
70,2,0.785398
70,9,0.321751
70,15,-2.819842
70,19,3.141593
70,34,-2.356194
70,37,-1.570796
70,47,-1.570796
70,49,2.356194
70,52,-2.356194
70,58,-0.321751
70,59,2.819842
70,65,0.785398
70,86,-2.356194
71,9,-1.570796
71,18,-1.570796
71,28,1.249046
71,30,1.892547
71,49,-2.356194
71,59,-2.356194
71,65,-0.321751
71,66,2.819842
72,3,-1.570796
72,8,1.570796
72,17,3.141593
72,26,0.000000
72,27,-0.785398
72,28,-1.892547
72,30,-1.249046
72,32,1.892547
72,41,-1.570796
72,45,1.570796
72,66,-2.356194
72,73,1.570796
73,7,0.000000
73,11,0.321751
73,16,-1.570796
73,20,0.321751
73,32,-1.249046
73,33,-2.356194
73,73,-0.321751
73,74,2.819842
74,6,1.570796
74,11,-1.570796
74,15,1.570796
74,20,-1.570796
74,38,0.785398
74,45,0.785398
74,74,-1.570796
75,3,2.356194
75,6,-2.819842
75,10,1.570796
75,15,-2.819842
75,38,-0.321751
75,39,2.819842
75,42,1.570796
75,45,-0.321751
75,46,2.819842
75,63,0.785398
76,10,-2.819842
76,35,-1.570796
76,39,-2.356194
76,46,-2.356194
76,59,-1.570796
76,63,-0.321751
76,64,2.819842
77,26,3.141593
77,61,1.570796
77,64,-2.356194
77,71,0.785398
78,7,0.321751
78,11,0.321751
78,25,-1.570796
78,29,2.356194
78,42,0.785398
78,59,1.570796
78,64,0.785398
78,71,-0.321751
78,72,2.819842
79,2,0.321751
79,5,2.356194
79,11,-1.570796
79,24,1.570796
79,35,1.570796
79,42,-0.321751
79,43,2.819842
79,64,-0.321751
79,65,2.819842
79,72,-2.356194
80,2,-0.785398
80,24,-2.819842
80,28,2.356194
80,43,-2.356194
80,65,-2.356194
80,84,0.000000
80,85,2.356194
81,2,-1.570796
81,6,-1.570796
81,13,1.249046
81,14,3.141593
81,18,1.570796
81,22,0.321751
81,28,-2.819842
81,31,2.356194
81,85,-2.356194
82,4,0.785398
82,5,2.356194
82,30,0.321751
82,31,-2.819842
82,46,2.356194
82,85,2.356194
83,3,0.785398
83,5,-2.356194
83,16,1.249046
83,17,3.141593
83,21,0.321751
83,22,-2.819842
83,25,0.321751
83,34,2.356194
83,45,0.321751
83,46,-2.819842
83,55,-0.785398
83,59,-1.570796
83,62,0.785398
83,83,0.785398
83,85,-2.819842
84,3,-0.785398
84,4,-2.356194
84,21,-1.570796
84,29,0.321751
84,30,-2.819842
84,33,0.321751
84,34,-2.819842
84,45,-0.785398
84,49,2.356194
84,62,-0.321751
84,63,2.819842
84,66,0.785398
85,9,-0.785398
85,10,-1.892547
85,14,0.000000
85,15,-1.892547
85,20,1.570796
85,25,-2.819842
85,29,-1.570796
85,33,-1.570796
85,37,2.356194
85,48,0.321751
85,49,-2.819842
85,57,1.570796
85,60,1.570796
85,63,-2.356194
85,66,-0.321751
86,13,1.570796
86,20,-2.819842
86,28,1.570796
86,36,0.321751
86,37,-2.819842
86,41,2.356194
86,48,-0.785398
86,57,-1.570796
86,71,2.819842
86,74,0.785398
87,2,0.785398
87,6,1.570796
87,12,0.000000
87,18,0.000000
87,19,-1.892547
87,22,0.321751
87,28,-2.819842
87,40,0.321751
87,41,-2.819842
87,63,0.785398
87,71,-2.356194
87,74,-0.321751
87,75,2.819842
88,2,0.000000
88,5,-0.785398
88,10,1.249046
88,11,3.141593
88,16,1.249046
88,17,3.141593
88,26,0.321751
88,35,0.321751
88,36,-2.819842
88,48,2.356194
88,54,1.570796
88,57,1.570796
88,60,-1.570796
88,63,-0.321751
88,64,2.819842
88,75,-1.570796
89,2,-0.785398
89,9,0.000000
89,10,-1.892547
89,15,0.000000
89,16,-1.892547
89,22,-2.819842
89,26,-1.570796
89,39,0.321751
89,40,-2.819842
89,47,0.321751
89,48,-2.819842
89,64,-2.356194
90,8,1.570796
90,20,0.000000
90,21,-1.892547
90,25,1.570796
90,35,-2.819842
90,51,2.356194
90,61,1.570796
91,8,-2.819842
91,18,1.249046
91,19,3.141593
91,25,-2.819842
91,33,0.321751
91,39,-2.819842
91,46,0.321751
91,47,-2.819842
91,50,0.321751
91,51,-2.819842
91,69,0.000000
91,84,2.356194
92,5,1.249046
92,7,-1.892547
92,11,1.249046
92,12,3.141593
92,17,0.000000
92,18,-1.892547
92,23,0.000000
92,24,-1.892547
92,28,1.570796
92,37,0.321751
92,73,-1.570796
92,80,1.570796
92,83,0.000000
93,3,0.000000
93,9,1.249046
93,11,-1.892547
93,22,1.570796
93,28,-2.819842
93,33,-2.819842
93,42,-1.570796
93,45,0.321751
93,46,-2.819842
93,50,-2.819842
93,66,-2.356194
94,37,-2.819842
94,45,-1.570796
94,48,0.321751
94,56,1.570796
94,59,1.570796
94,71,1.570796
94,75,2.356194
95,4,0.785398
95,6,1.249046
95,8,-1.892547
95,13,1.570796
95,20,-1.570796
95,25,0.000000
95,26,-1.892547
95,53,-1.570796
95,59,-0.321751
95,68,0.785398
95,71,-0.321751
96,11,1.249046
96,23,0.000000
96,34,0.321751
96,47,0.321751
96,48,-2.819842
96,60,-1.249046
96,61,3.141593
97,9,1.249046
97,11,-1.892547
97,34,-1.570796
97,38,0.000000
97,39,3.141593
97,43,-0.785398
97,47,-1.570796
97,52,3.141593
97,69,2.356194
97,73,-1.249046
98,7,-1.249046
98,9,-1.892547
98,14,0.000000
98,26,0.000000
98,27,-0.785398
98,28,-1.892547
98,32,0.000000
98,46,-0.785398
98,50,-0.785398
98,55,-1.570796
98,64,3.141593
98,68,-0.785398
98,76,-1.249046
