4,52,1.249046
4,53,2.356194
5,30,1.249046
5,32,1.892547
5,60,0.785398
5,61,2.356194
6,23,1.249046
6,24,2.356194
6,34,1.892547
6,60,-0.785398
7,30,-1.249046
7,32,-1.892547
7,36,1.892547
7,38,1.249046
7,39,2.356194
7,40,0.785398
7,41,1.570796
7,42,2.356194
7,44,0.785398
7,45,1.892547
7,60,2.356194
8,12,1.249046
8,13,2.356194
8,23,-1.570796
8,53,1.570796
8,54,2.356194
8,57,0.785398
8,58,1.570796
8,60,3.141593
8,72,2.356194
9,11,0.321751
9,69,1.570796
9,71,-1.892547
9,78,0.000000
9,79,1.892547
10,11,-1.570796
10,45,-0.321751
10,82,0.785398
11,36,0.000000
11,55,2.356194
11,65,1.249046
11,83,-2.356194
12,23,0.321751
12,26,2.356194
12,29,0.785398
12,30,1.570796
12,36,-0.785398
12,50,0.785398
13,23,-0.785398
13,36,0.785398
13,45,0.321751
13,47,2.819842
13,50,0.000000
13,67,-2.819842
14,30,-0.785398
14,36,0.000000
14,50,-1.570796
14,60,-2.356194
14,61,-0.785398
14,62,-1.570796
15,29,3.141593
15,39,2.356194
15,40,-0.785398
15,41,-1.570796
15,42,-2.356194
15,43,0.785398
15,47,-1.570796
15,49,2.356194
15,56,2.356194
15,57,0.785398
15,58,2.356194
15,64,-1.249046
16,22,0.321751
16,68,1.892547
17,28,-1.570796
17,44,2.356194
17,49,0.000000
17,72,0.000000
17,73,-1.892547
17,83,2.356194
18,11,3.141593
18,20,1.249046
18,31,2.356194
18,35,-1.570796
18,38,0.000000
18,55,-2.356194
18,56,0.785398
18,62,0.785398
19,8,0.321751
19,13,0.785398
19,28,0.000000
19,46,1.570796
20,8,-1.570796
20,22,-2.819842
20,27,2.356194
20,35,-0.785398
20,59,2.356194
20,73,1.892547
20,75,0.785398
20,76,1.892547
21,16,-2.819842
21,27,-2.356194
21,46,-1.570796
21,48,-2.356194
21,55,0.785398
21,66,0.000000
21,78,2.356194
21,79,-0.785398
21,80,-1.892547
22,29,0.000000
22,30,-1.892547
22,39,-1.892547
23,6,0.321751
23,8,3.141593
23,13,0.321751
23,18,-1.892547
23,28,-2.356194
23,35,0.000000
23,36,-0.785398
23,37,-1.892547
23,44,-2.356194
23,53,-2.356194
23,58,-2.356194
23,59,3.141593
23,62,0.785398
23,77,-2.819842
24,6,-0.785398
24,25,-0.785398
24,26,-1.892547
24,63,3.141593
24,70,-0.785398
25,10,1.570796
25,30,2.356194
25,31,0.785398
25,37,1.249046
25,38,2.356194
25,41,0.785398
25,42,1.892547
25,44,2.356194
25,56,0.785398
25,60,0.785398
25,64,0.000000
25,65,1.892547
25,71,-0.785398
26,10,-0.321751
26,29,-0.785398
26,44,3.141593
26,50,1.892547
26,65,-1.249046
26,66,3.141593
26,76,-2.819842
27,31,-0.785398
27,32,-1.570796
27,33,-2.356194
27,41,-0.785398
27,42,-1.892547
27,52,-0.785398
27,53,-1.570796
27,54,-2.356194
28,6,0.785398
28,18,-1.892547
28,25,2.819842
28,38,2.356194
28,39,0.000000
28,44,0.000000
28,47,-0.785398
28,48,-1.570796
28,50,-1.892547
28,56,-1.249046
28,64,0.000000
28,65,1.892547
28,71,-0.785398
28,76,2.356194
29,20,0.000000
29,44,-1.570796
29,58,-1.249046
29,59,3.141593
29,73,-1.249046
30,25,-2.819842
30,37,-0.321751
30,43,2.356194
30,60,0.000000
30,61,1.570796
30,71,1.892547
30,77,-2.356194
31,5,0.321751
31,17,1.570796
31,69,2.356194
32,13,-2.819842
32,37,-0.785398
32,38,-1.570796
32,39,-2.356194
32,41,-1.249046
32,61,0.000000
32,63,-1.892547
32,69,-1.570796
32,76,1.570796
33,5,-1.570796
33,7,-1.892547
33,15,1.249046
33,24,0.000000
33,25,3.141593
33,31,-0.785398
33,61,-0.785398
33,70,0.000000
33,71,2.356194
33,76,-0.785398
33,77,3.141593
34,3,-0.785398
34,14,0.000000
34,15,-1.892547
34,17,-1.570796
34,23,1.570796
34,61,0.785398
34,71,-1.570796
35,13,3.141593
35,23,-2.819842
35,61,-0.321751
35,68,0.785398
35,86,2.356194
36,7,1.249046
36,17,-0.785398
36,66,3.141593
36,69,0.000000
36,70,1.892547
36,75,-0.321751
36,76,2.819842
36,81,2.356194
36,86,3.141593
37,23,-2.356194
37,25,3.141593
37,71,2.819842
37,79,0.000000
37,80,-1.892547
37,86,-2.356194
38,5,0.321751
38,18,1.249046
38,61,0.321751
38,62,-2.819842
38,71,-1.570796
38,74,1.570796
38,78,3.141593
39,2,0.785398
39,17,0.321751
39,61,-1.570796
39,74,-0.321751
40,2,0.000000
40,4,-0.785398
40,11,0.785398
40,12,2.356194
40,13,3.141593
40,22,1.570796
40,23,2.356194
41,2,-0.785398
41,19,-1.892547
41,73,-2.356194
41,86,2.356194
42,11,-2.819842
42,22,0.000000
42,46,1.249046
42,47,2.356194
42,48,0.785398
42,49,1.570796
42,50,2.356194
42,52,0.785398
42,53,1.892547
42,60,2.356194
42,76,-0.785398
42,79,0.785398
42,80,1.570796
42,82,1.892547
42,86,3.141593
43,5,0.321751
43,22,-1.570796
43,53,-1.249046
43,54,3.141593
43,57,1.249046
43,58,2.356194
43,59,-0.785398
43,86,-2.356194
44,2,0.785398
44,8,0.321751
44,13,3.141593
44,16,-2.356194
44,21,-0.785398
44,43,0.785398
44,56,-0.785398
44,75,0.000000
44,80,0.000000
44,82,-1.892547
45,2,-0.321751
45,5,-1.570796
45,6,3.141593
45,8,-1.570796
45,12,-1.570796
45,16,2.356194
45,25,-0.785398
45,29,0.000000
45,46,-2.356194
45,80,-1.570796
46,7,-2.356194
46,16,-2.819842
46,44,-0.785398
47,3,0.000000
47,6,0.785398
47,10,1.570796
47,78,-0.785398
48,9,0.000000
48,28,-1.570796
48,62,1.570796
48,79,1.570796
49,8,-2.356194
49,12,0.321751
49,58,0.785398
49,62,0.000000
49,79,-0.321751
49,80,2.819842
50,7,3.141593
50,12,-1.570796
50,15,1.570796
50,45,0.785398
50,80,-2.356194
51,45,0.000000
51,63,-1.570796
51,64,3.141593
51,70,1.249046
51,71,2.356194
51,72,0.785398
51,73,1.570796
51,75,-1.570796
51,87,2.356194
52,3,0.000000
52,5,-1.892547
52,10,1.570796
52,14,1.570796
52,45,-0.785398
52,60,-0.785398
52,65,0.785398
52,66,2.356194
52,69,-0.785398
52,70,-1.892547
52,77,-1.570796
52,87,3.141593
53,3,-1.570796
53,10,-2.819842
53,13,0.321751
53,14,-2.819842
53,65,-0.785398
53,73,0.000000
53,87,-2.356194
54,13,-0.785398
54,45,0.785398
54,49,2.356194
54,73,-0.785398
55,19,2.356194
55,28,3.141593
55,45,-0.785398
55,46,-2.356194
55,48,-0.785398
55,69,0.785398
56,6,0.321751
56,33,1.570796
56,44,-0.785398
56,55,0.785398
57,2,-1.570796
57,10,1.249046
57,11,3.141593
57,21,2.356194
57,56,-2.356194
57,59,0.000000
57,67,-2.356194
57,70,-1.570796
58,5,0.000000
58,16,-0.785398
58,17,-1.570796
58,18,3.141593
58,34,2.356194
58,80,0.785398
59,4,1.570796
59,8,0.321751
59,21,-2.356194
59,40,1.249046
59,41,2.356194
59,74,0.785398
59,80,-0.321751
59,87,2.356194
60,4,-2.819842
60,39,-0.785398
60,40,-1.892547
60,65,1.570796
60,74,-0.321751
60,75,2.819842
60,81,-1.249046
60,82,-2.356194
60,85,0.785398
60,87,-2.819842
61,2,0.321751
61,8,-2.819842
61,27,2.356194
61,30,0.000000
61,37,0.000000
61,49,0.000000
61,75,-2.356194
62,2,-0.785398
62,11,1.249046
62,12,3.141593
62,32,-0.785398
62,33,-1.892547
62,50,-2.356194
62,58,0.785398
63,2,-1.570796
63,15,0.321751
63,20,1.249046
63,21,3.141593
63,26,-2.356194
63,50,2.356194
63,66,-2.356194
63,72,0.785398
64,4,0.321751
64,15,-1.570796
64,25,-2.356194
64,29,0.785398
64,49,0.000000
64,50,-2.356194
64,62,0.785398
64,63,1.892547
65,4,-1.570796
65,8,0.321751
65,14,3.141593
65,24,-0.785398
65,31,3.141593
65,36,1.570796
65,48,-0.785398
65,58,0.321751
65,64,2.819842
65,79,0.785398
66,8,-1.570796
66,13,-1.570796
66,34,0.000000
66,35,-0.785398
66,58,-0.785398
66,64,-2.356194
66,71,1.570796
66,76,0.785398
66,79,0.000000
67,7,1.570796
67,12,3.141593
67,51,-1.570796
67,61,-0.785398
67,76,-0.321751
67,77,2.819842
67,79,-0.785398
68,7,-2.819842
68,15,0.321751
68,61,0.785398
68,64,-1.570796
68,77,-2.356194
68,80,-0.785398
68,81,-1.570796
68,82,3.141593
68,86,2.356194
69,11,-2.819842
69,25,2.356194
69,32,0.000000
69,58,0.785398
69,61,-0.321751
69,62,2.819842
69,68,0.785398
69,74,-1.570796
69,86,3.141593
70,2,0.785398
70,9,0.321751
70,15,-2.819842
70,18,1.570796
70,23,1.249046
70,24,3.141593
70,55,1.570796
70,58,-0.321751
70,59,2.819842
70,62,-2.356194
70,65,0.785398
70,86,-2.356194
71,9,-1.570796
71,28,2.356194
71,52,1.570796
71,59,-2.356194
71,69,0.785398
72,3,-1.570796
72,8,1.570796
72,17,3.141593
72,26,1.249046
72,27,3.141593
72,30,0.000000
72,31,0.785398
72,32,1.892547
72,35,2.356194
72,38,1.570796
72,45,1.570796
72,49,1.570796
72,52,0.785398
72,55,2.356194
72,69,-0.321751
72,70,2.819842
72,73,1.570796
73,7,0.000000
73,11,0.321751
73,20,0.321751
73,32,-1.249046
73,33,-2.356194
73,35,3.141593
73,42,1.570796
73,52,0.000000
73,55,3.141593
73,66,-1.570796
73,70,-2.356194
73,73,-0.321751
73,74,2.819842
74,11,-1.570796
74,16,-2.819842
74,20,-1.570796
74,24,0.000000
74,25,-1.892547
74,35,-2.356194
74,52,-0.785398
74,55,-2.356194
74,74,-1.570796
75,3,2.356194
75,10,1.570796
75,19,3.141593
75,23,1.570796
75,29,0.785398
75,35,-1.570796
75,45,2.356194
75,63,0.785398
75,67,1.570796
76,5,3.141593
76,10,-2.819842
76,18,-1.570796
76,22,0.321751
76,23,-2.819842
76,27,2.356194
76,45,3.141593
76,59,-1.570796
76,63,-0.321751
76,64,2.819842
77,22,-1.570796
77,26,3.141593
77,42,0.321751
77,45,-1.570796
77,64,-2.356194
77,71,0.785398
78,7,0.321751
78,11,0.321751
78,21,-0.785398
78,25,-1.570796
78,42,-0.785398
78,64,0.785398
78,71,-0.321751
78,72,2.819842
79,2,0.321751
79,5,2.356194
79,11,-1.570796
79,24,1.570796
79,28,1.570796
79,35,1.570796
79,64,-0.321751
79,65,2.819842
79,72,-2.356194
80,2,-0.785398
80,23,0.321751
80,24,-2.819842
80,28,2.356194
80,59,1.570796
80,65,-2.356194
80,84,0.000000
80,85,2.356194
81,2,-1.570796
81,6,-1.570796
81,13,1.249046
81,14,3.141593
81,18,1.570796
81,23,-1.570796
81,28,-2.819842
81,53,2.356194
81,62,1.570796
81,85,-2.356194
82,22,1.570796
82,46,2.356194
82,52,0.321751
82,53,-2.819842
82,85,2.356194
83,16,1.249046
83,17,3.141593
83,21,0.321751
83,22,-2.819842
83,25,0.321751
83,30,2.356194
83,34,2.356194
83,45,0.321751
83,46,-2.819842
83,52,-0.785398
83,55,-0.785398
83,59,-1.570796
83,83,0.785398
83,85,-2.819842
84,21,-1.570796
84,29,0.321751
84,30,-2.819842
84,33,0.321751
84,34,-2.819842
84,45,-0.785398
84,49,2.356194
84,66,0.785398
85,9,-0.785398
85,10,-1.892547
85,14,0.000000
85,15,-1.892547
85,20,1.570796
85,25,-2.819842
85,29,-1.570796
85,33,-1.570796
85,48,0.321751
85,49,-2.819842
85,57,1.570796
85,60,1.570796
85,66,-0.321751
85,70,2.819842
86,13,1.570796
86,20,-2.819842
86,28,1.570796
86,41,2.356194
86,48,-0.785398
86,57,-1.570796
86,70,-1.570796
86,74,0.785398
87,2,0.785398
87,6,1.570796
87,12,0.000000
87,18,0.000000
87,19,-1.892547
87,22,0.321751
87,28,-2.819842
87,36,2.356194
87,40,0.321751
87,41,-2.819842
87,54,1.570796
87,63,0.785398
87,74,-0.321751
87,75,2.819842
88,2,0.000000
88,5,-0.785398
88,10,1.249046
88,11,3.141593
88,16,1.249046
88,17,3.141593
88,26,0.321751
88,35,0.321751
88,36,-2.819842
88,48,2.356194
88,57,1.570796
88,60,-1.570796
88,63,-0.321751
88,64,2.819842
88,75,-1.570796
89,2,-0.785398
89,9,0.000000
89,10,-1.892547
89,15,0.000000
89,16,-1.892547
89,22,-2.819842
89,26,-1.570796
89,39,0.321751
89,40,-2.819842
89,47,0.321751
89,48,-2.819842
89,64,-2.356194
90,8,1.570796
90,20,0.000000
90,21,-1.892547
90,25,1.570796
90,35,-2.819842
90,51,2.356194
90,61,1.570796
91,8,-2.819842
91,18,1.249046
91,19,3.141593
91,25,-2.819842
91,33,0.321751
91,38,0.321751
91,39,-2.819842
91,46,0.321751
91,47,-2.819842
91,50,0.321751
91,51,-2.819842
91,69,0.000000
91,84,2.356194
92,5,1.249046
92,7,-1.892547
92,11,1.249046
92,12,3.141593
92,17,0.000000
92,18,-1.892547
92,23,0.000000
92,24,-1.892547
92,28,1.570796
92,38,-1.570796
92,73,-1.570796
92,80,1.570796
92,83,0.000000
93,3,0.000000
93,10,0.000000
93,11,-1.892547
93,22,1.570796
93,28,-2.819842
93,33,-2.819842
93,37,1.570796
93,42,-1.570796
93,45,0.321751
93,46,-2.819842
93,49,0.321751
93,50,-2.819842
93,66,-2.356194
94,8,1.249046
94,9,3.141593
94,31,0.000000
94,32,-1.892547
94,36,0.321751
94,37,-2.819842
94,45,-1.570796
94,49,-1.570796
94,56,1.570796
94,59,1.570796
94,71,1.570796
94,75,2.356194
95,4,0.785398
95,6,1.249046
95,8,-1.892547
95,13,1.570796
95,20,-1.570796
95,25,0.000000
95,26,-1.892547
95,30,1.570796
95,36,-1.570796
95,53,-1.570796
95,56,-1.570796
95,59,-0.321751
95,68,0.785398
95,71,-0.321751
96,11,1.249046
96,23,0.000000
96,30,-2.819842
96,35,3.141593
96,47,-0.785398
96,60,-1.249046
96,61,3.141593
97,9,1.249046
97,11,-1.892547
97,34,-1.570796
97,38,0.000000
97,39,3.141593
97,52,3.141593
97,55,1.570796
97,69,2.356194
97,73,-1.249046
98,7,-1.249046
98,9,-1.892547
98,14,0.000000
98,26,0.000000
98,27,-0.785398
98,28,-1.892547
98,32,0.000000
98,43,-1.570796
98,50,-0.785398
98,55,-1.570796
98,64,3.141593
98,68,-0.785398
98,76,-1.249046
