12,41,1.249046
12,42,2.356194
12,51,0.785398
12,52,1.892547
13,26,1.249046
13,27,2.356194
14,15,2.356194
14,25,-0.785398
14,41,-2.356194
14,52,-0.785398
15,14,-0.785398
15,74,2.356194
16,14,2.356194
16,71,1.249046
17,73,-2.356194
18,12,0.321751
19,12,-1.570796
20,66,1.249046
21,41,2.356194
21,65,0.321751
21,68,-2.356194
22,10,0.321751
22,12,3.141593
22,32,0.785398
22,52,2.356194
22,65,-0.785398
23,10,-1.570796
24,43,0.785398
24,45,1.892547
24,65,2.356194
25,40,3.141593
25,49,-0.785398
25,50,-1.892547
25,54,1.570796
25,65,3.141593
26,29,-0.785398
26,35,-1.249046
26,36,-2.356194
26,43,-0.321751
26,55,3.141593
26,65,-2.356194
27,24,0.785398
27,25,2.356194
27,33,-1.570796
27,40,3.141593
27,63,-0.321751
27,73,2.356194
28,10,3.141593
28,17,0.785398
28,24,-0.785398
28,34,0.785398
28,35,2.356194
28,37,-0.785398
28,38,-1.892547
28,40,-1.570796
28,58,0.000000
28,59,1.892547
28,64,-1.570796
28,73,3.141593
29,17,0.000000
29,24,0.785398
29,42,2.356194
29,43,-0.785398
29,44,-1.892547
29,59,-1.249046
29,61,1.892547
29,66,0.785398
29,67,2.356194
29,73,-2.356194
30,6,0.321751
30,17,-0.785398
30,26,-0.785398
30,27,-1.892547
30,33,-0.785398
30,34,-2.356194
30,39,1.249046
30,41,-1.892547
30,56,0.785398
30,57,1.892547
30,61,-1.249046
30,62,3.141593
30,67,-1.570796
30,71,-0.321751
31,6,-0.785398
31,15,2.356194
31,19,-2.819842
31,37,1.570796
31,39,-1.892547
31,57,-1.249046
31,59,1.892547
31,68,0.000000
31,69,1.892547
31,72,-1.570796
31,82,1.892547
31,84,2.356194
32,18,-1.892547
32,34,0.000000
32,35,-1.892547
32,59,-1.249046
32,60,3.141593
32,74,3.141593
33,12,0.321751
33,21,0.000000
33,22,-1.892547
33,37,-0.785398
33,38,-2.356194
33,55,0.785398
33,56,1.892547
33,67,3.141593
33,86,1.249046
33,88,1.892547
34,20,-0.785398
34,56,-1.249046
34,57,-2.356194
34,58,3.141593
34,64,3.141593
34,72,2.819842
34,77,0.785398
35,12,-0.321751
35,24,2.356194
35,47,0.785398
35,48,1.570796
35,49,2.356194
35,52,0.785398
35,53,1.892547
35,72,-1.570796
35,78,0.000000
36,32,-0.785398
36,38,0.000000
36,53,-1.249046
36,55,1.892547
36,76,0.785398
36,80,3.141593
37,12,1.570796
37,26,0.000000
37,56,-2.356194
37,61,0.000000
37,62,0.785398
37,63,1.892547
37,77,0.000000
37,81,-2.356194
37,88,1.570796
37,90,2.356194
38,4,0.785398
38,11,0.321751
38,12,-2.819842
38,15,1.570796
38,44,1.570796
38,46,-0.785398
38,54,0.000000
38,63,-1.249046
38,64,3.141593
38,71,1.570796
38,90,3.141593
39,4,-0.785398
39,5,3.141593
39,11,-1.570796
39,29,1.249046
39,30,2.356194
39,37,1.570796
39,40,3.141593
39,44,-1.570796
39,55,0.000000
39,56,1.892547
39,59,0.000000
39,60,1.892547
39,71,-1.570796
39,80,2.819842
39,82,0.785398
39,85,-0.321751
39,86,2.819842
39,90,-1.570796
40,13,1.249046
40,14,3.141593
40,34,0.785398
40,35,1.892547
40,48,0.000000
40,60,-1.249046
40,62,1.892547
40,67,0.785398
40,68,1.892547
40,77,1.570796
40,80,-1.570796
41,16,1.249046
41,17,3.141593
41,22,3.141593
41,27,0.000000
41,28,-1.892547
41,37,-1.892547
41,52,1.570796
41,56,-1.892547
41,62,-1.249046
41,63,3.141593
41,77,-0.321751
41,78,2.819842
41,86,-0.321751
42,3,0.785398
42,11,0.321751
42,34,-0.785398
42,35,-1.892547
42,40,2.356194
42,54,-0.785398
42,59,-2.356194
42,64,-2.356194
42,69,-1.249046
42,75,0.785398
42,78,-1.570796
42,81,-1.570796
42,84,0.785398
42,88,2.819842
43,3,0.000000
43,8,-2.819842
43,11,-1.570796
43,24,3.141593
43,30,1.249046
43,31,2.356194
43,71,-1.570796
43,84,-0.321751
43,85,2.819842
44,3,-0.785398
44,10,-0.785398
44,13,0.000000
44,14,-1.892547
44,18,1.570796
44,23,-1.570796
44,27,1.249046
44,28,2.356194
44,56,3.141593
44,64,0.000000
44,67,-2.356194
44,88,-0.321751
45,3,0.785398
45,16,0.000000
45,17,-0.785398
45,26,0.000000
45,27,-1.892547
45,30,-2.356194
45,33,-2.356194
45,74,3.141593
45,85,-0.321751
45,86,2.819842
46,3,0.000000
46,5,-0.785398
46,10,1.249046
46,11,3.141593
46,25,-0.785398
46,29,1.570796
46,40,2.356194
46,47,-0.785398
46,66,1.570796
46,71,0.785398
46,86,-1.570796
46,90,-1.570796
47,3,-1.570796
47,20,-1.570796
47,28,0.000000
47,32,2.356194
47,35,-0.785398
47,39,-0.785398
47,50,0.000000
47,51,3.141593
47,87,1.570796
48,8,0.000000
48,9,-1.892547
48,17,2.356194
48,31,-0.785398
48,62,0.000000
48,63,3.141593
48,73,1.570796
48,84,1.570796
48,87,-0.321751
48,88,2.819842
49,7,1.570796
49,11,1.570796
49,21,1.570796
49,54,3.141593
49,68,-1.570796
49,74,2.819842
49,84,-0.321751
49,85,2.819842
50,7,-2.819842
50,27,-1.570796
50,37,2.356194
50,52,-0.785398
50,65,-0.785398
50,69,-0.785398
50,72,2.356194
50,74,-1.570796
50,82,1.570796
50,85,-1.570796
50,88,-0.321751
51,13,1.249046
51,14,3.141593
51,20,-0.785398
51,33,2.356194
51,50,1.570796
51,57,3.141593
51,72,-2.356194
51,75,1.570796
51,79,1.570796
51,82,-0.321751
51,83,2.819842
51,86,1.570796
52,8,1.249046
52,9,3.141593
52,12,0.000000
52,13,-1.892547
52,32,-0.785398
52,41,0.000000
52,42,3.141593
52,55,-0.785398
52,75,-0.321751
52,76,2.819842
52,83,-1.570796
52,86,-0.321751
52,90,-2.356194
53,7,0.321751
53,11,1.570796
53,15,1.570796
53,23,1.249046
53,24,2.356194
53,35,-0.785398
53,38,1.570796
53,73,2.356194
53,76,-1.570796
53,84,1.570796
53,88,2.819842
53,90,0.785398
54,3,-1.570796
54,7,-1.570796
54,10,0.321751
54,11,-2.819842
54,22,0.321751
54,28,3.141593
54,41,2.356194
54,48,-0.785398
54,72,-0.785398
54,74,-2.356194
54,77,-2.356194
54,84,-0.321751
54,85,2.819842
54,91,2.819842
55,10,-1.570796
55,13,1.249046
55,14,3.141593
55,18,2.356194
55,40,-0.785398
55,81,-1.570796
55,88,-0.321751
56,22,0.000000
56,30,1.570796
56,37,-0.785398
56,60,0.000000
56,62,3.141593
56,85,-0.321751
56,91,-2.819842
57,4,1.570796
57,11,0.321751
57,16,3.141593
57,24,-2.356194
57,87,2.819842
58,3,-0.785398
58,7,-0.785398
58,11,-1.570796
58,15,-1.570796
58,21,-0.785398
58,22,-2.356194
58,53,2.356194
58,76,-2.356194
58,83,0.785398
58,87,-1.570796
58,91,2.819842
59,10,1.570796
59,14,1.570796
59,33,1.570796
59,84,1.570796
59,88,0.000000
60,10,-2.819842
60,13,0.000000
60,26,1.570796
60,33,-1.570796
60,36,1.570796
60,51,-0.785398
60,79,2.356194
60,81,0.785398
60,84,-0.321751
60,85,2.819842
60,91,-2.819842
61,5,2.356194
61,8,0.000000
61,9,-1.892547
61,12,1.570796
61,21,2.356194
61,39,1.570796
61,85,-1.570796
62,7,1.570796
62,12,-2.819842
62,16,1.570796
62,32,1.570796
62,36,-1.570796
62,39,-1.570796
62,50,0.000000
62,51,3.141593
62,77,0.321751
62,81,1.570796
63,2,0.000000
63,10,0.321751
63,16,-2.819842
63,23,2.356194
63,32,-1.570796
63,74,0.785398
64,5,0.321751
64,10,-1.570796
64,23,3.141593
64,39,1.570796
64,42,1.570796
64,50,1.570796
64,75,-2.356194
64,83,0.785398
65,5,-1.570796
65,13,0.000000
65,14,-1.892547
65,18,-1.570796
65,23,-2.356194
65,42,-1.570796
65,50,-1.570796
66,9,-2.819842
66,17,1.570796
66,20,2.356194
66,29,-1.570796
66,36,1.570796
66,39,-1.570796
66,56,1.570796
67,3,1.570796
67,7,0.321751
67,16,0.321751
67,17,-2.819842
67,19,0.321751
67,20,-2.819842
67,36,-1.570796
67,44,1.570796
67,56,-1.570796
68,2,0.321751
68,3,-2.819842
68,7,-1.570796
68,14,0.785398
68,16,-1.570796
68,24,1.570796
68,26,0.000000
68,33,1.570796
68,41,1.570796
68,81,0.785398
68,85,2.356194
68,91,2.356194
69,2,-0.785398
69,6,3.141593
69,9,1.570796
69,15,0.000000
69,19,-0.785398
69,25,-2.356194
69,27,-2.356194
69,33,-1.570796
69,44,-1.570796
69,71,0.785398
69,79,1.570796
69,82,1.570796
69,84,0.000000
69,85,-2.356194
69,89,0.000000
69,91,-2.819842
70,2,-1.570796
70,8,0.321751
70,9,-2.819842
70,12,2.356194
70,21,-2.356194
70,41,-1.570796
70,74,0.785398
70,76,2.356194
70,82,-0.321751
71,4,0.321751
71,8,-1.570796
71,18,-1.570796
71,21,2.356194
71,28,1.570796
71,31,1.570796
71,73,0.000000
71,76,3.141593
71,83,-2.356194
71,86,0.785398
72,4,-1.570796
72,6,0.785398
72,7,3.141593
72,20,0.321751
72,21,-2.819842
72,73,2.356194
72,83,-1.570796
72,86,-0.321751
72,87,2.819842
73,6,-0.785398
73,10,1.570796
73,20,-1.570796
73,32,1.570796
73,47,1.570796
73,57,0.785398
73,72,0.321751
73,75,0.000000
73,77,2.819842
73,90,2.356194
74,2,-0.785398
74,6,2.356194
74,10,-2.819842
74,28,0.785398
74,32,-0.321751
74,33,2.819842
74,36,1.570796
74,43,1.570796
74,47,-1.570796
74,58,-2.356194
74,77,-2.356194
74,81,-2.356194
74,90,-2.819842
75,5,0.321751
75,6,-2.819842
75,8,0.321751
75,15,1.570796
75,26,1.570796
75,28,0.000000
75,33,-2.356194
75,39,0.785398
75,43,-1.570796
75,72,-0.785398
75,85,1.570796
76,5,-1.570796
76,18,-0.785398
76,23,1.570796
76,26,0.785398
76,28,-1.570796
76,30,1.570796
76,40,-2.356194
76,75,2.819842
77,4,1.570796
77,7,0.321751
77,8,-2.819842
77,11,1.570796
77,14,-0.785398
77,30,-0.321751
77,31,2.819842
77,46,0.785398
77,50,0.785398
77,75,-2.356194
77,81,0.785398
78,3,0.321751
78,4,-2.819842
78,7,-1.570796
78,10,0.321751
78,11,-2.819842
78,17,1.570796
78,22,1.570796
78,28,3.141593
78,31,-1.570796
78,35,0.000000
78,66,0.000000
78,78,-1.570796
78,82,-2.356194
79,3,-1.570796
79,13,1.570796
79,21,0.321751
79,22,-2.819842
79,25,0.785398
79,36,-1.570796
79,48,-2.356194
79,52,0.000000
79,53,1.892547
79,89,2.356194
80,6,2.356194
80,9,0.321751
80,10,-2.819842
80,21,-1.570796
80,25,-0.321751
80,26,2.819842
80,29,0.785398
80,33,-2.356194
80,40,-1.570796
80,53,-1.249046
80,54,3.141593
80,69,2.356194
80,72,-1.570796
80,89,-2.819842
81,5,0.321751
81,6,-2.819842
81,29,-0.321751
81,55,0.000000
81,56,1.892547
81,68,0.321751
81,69,-2.819842
81,88,-0.785398
82,2,-1.570796
82,9,-2.819842
82,15,-1.570796
82,18,0.785398
82,27,3.141593
82,39,3.141593
82,52,0.785398
82,56,-1.249046
82,58,1.892547
82,73,1.570796
82,80,1.570796
83,4,0.321751
83,11,1.570796
83,32,2.819842
83,35,0.785398
83,44,0.785398
83,49,0.785398
83,58,-1.249046
83,59,3.141593
83,62,2.356194
83,66,1.249046
83,68,-2.356194
84,10,0.321751
84,11,-2.819842
84,14,2.356194
84,21,1.570796
84,26,0.000000
84,27,-0.785398
84,28,-1.570796
84,30,2.356194
84,46,3.141593
84,55,-2.356194
84,65,0.000000
84,66,-1.892547
84,80,-1.570796
85,4,-2.356194
85,30,-1.570796
85,33,2.819842
85,57,0.000000
85,58,3.141593
86,2,-0.785398
86,6,-2.819842
86,9,0.321751
86,10,-2.819842
86,13,-1.570796
86,16,1.570796
86,23,1.570796
86,26,1.570796
86,31,-0.785398
86,38,-2.356194
86,61,0.785398
86,76,-1.570796
86,81,1.570796
87,5,-0.785398
87,9,-1.570796
87,20,-1.570796
87,23,2.356194
87,55,0.000000
87,56,1.892547
87,64,-2.356194
88,2,0.785398
88,22,0.321751
88,23,-2.819842
88,34,-2.356194
88,35,0.785398
88,36,1.570796
88,45,0.785398
88,50,0.000000
88,59,-0.785398
88,60,-1.570796
89,2,-0.321751
89,4,3.141593
89,11,1.570796
89,19,1.570796
89,22,-0.785398
89,28,1.570796
89,41,1.249046
89,42,2.356194
89,46,0.000000
89,52,0.000000
89,56,-1.570796
89,62,-2.356194
89,66,-1.570796
90,11,2.356194
90,28,2.356194
90,38,0.000000
90,40,-0.785398
90,41,-1.892547
90,51,3.141593
90,54,0.000000
90,55,2.356194
90,78,1.570796
91,10,0.321751
91,11,-2.819842
91,27,0.321751
91,28,-2.819842
91,31,2.356194
91,38,-0.785398
91,45,2.356194
91,46,-0.785398
91,47,-2.356194
91,50,-0.785398
91,55,-2.356194
91,61,-0.785398
92,18,2.356194
92,27,-0.785398
92,30,0.321751
92,31,-2.819842
92,34,2.356194
93,9,0.321751
93,10,-2.819842
93,14,2.356194
93,17,0.321751
93,18,-2.819842
93,24,2.356194
93,27,2.356194
93,30,-0.785398
93,33,0.321751
93,34,-2.819842
93,44,-2.356194
93,49,-2.356194
93,51,-1.570796
93,84,1.570796
94,5,1.570796
94,9,-0.785398
94,13,0.321751
94,14,-2.819842
94,17,-0.785398
94,23,0.321751
94,24,-2.819842
94,26,0.321751
94,27,-2.819842
94,30,2.356194
94,33,-0.785398
94,47,1.570796
94,57,2.356194
95,3,0.000000
95,5,-2.819842
95,13,-0.785398
95,23,-0.785398
95,26,-0.785398
95,29,0.321751
95,30,-2.819842
95,43,-0.785398
95,50,1.570796
95,59,1.570796
95,63,1.570796
95,66,1.570796
95,70,-1.570796
96,8,1.570796
96,29,-0.785398
96,75,-1.570796
97,7,-0.785398
97,12,-0.785398
97,19,-0.785398
97,40,-1.570796
97,50,-1.570796
97,53,-1.570796
97,72,1.570796
97,79,1.570796
98,16,-1.570796
98,22,-0.785398
98,25,-0.785398
98,29,-1.570796
98,32,-1.570796
98,36,-1.570796
98,46,-0.785398
98,56,-1.570796
98,59,-1.570796
98,62,-1.570796
98,66,-1.570796
98,72,-1.570796
98,81,-1.892547
