11,51,0.785398
11,52,1.892547
12,35,0.785398
12,36,1.570796
12,37,2.356194
12,38,0.785398
12,39,2.356194
12,63,0.785398
12,64,1.892547
13,20,0.785398
13,21,2.356194
13,39,-1.570796
13,52,-0.785398
13,71,0.785398
13,72,1.892547
14,21,-1.570796
14,78,0.785398
15,14,2.356194
15,79,-2.356194
17,80,3.141593
18,11,0.321751
19,11,-0.785398
20,57,0.321751
21,28,1.570796
22,10,0.785398
22,28,0.000000
22,35,0.321751
22,37,2.819842
22,46,0.785398
22,55,1.249046
22,57,3.141593
23,10,-0.785398
23,11,3.141593
23,28,-0.785398
23,46,-0.785398
23,47,3.141593
23,57,-2.356194
23,63,0.321751
23,83,3.141593
24,45,1.570796
24,50,-0.785398
24,51,-1.570796
24,52,-2.356194
24,53,-0.785398
24,54,-1.892547
25,23,1.570796
25,44,0.000000
25,57,0.785398
25,63,-2.819842
25,70,0.321751
26,25,2.356194
26,34,-1.892547
26,57,0.000000
26,61,-0.785398
26,62,-1.892547
26,70,-0.785398
27,28,-1.570796
27,29,-2.356194
27,31,-0.785398
27,32,-1.892547
27,57,-1.570796
27,70,2.356194
28,23,-0.785398
28,50,0.000000
28,51,3.141593
28,53,0.000000
28,68,1.249046
28,70,3.141593
29,64,1.249046
29,65,2.356194
29,84,2.356194
30,35,-0.785398
30,63,-0.785398
30,64,-1.892547
30,68,-1.249046
30,70,-1.570796
30,71,-2.356194
30,74,-0.785398
30,75,-1.892547
31,53,0.785398
31,54,1.570796
31,55,2.356194
31,82,0.321751
32,20,0.785398
32,22,-1.892547
32,49,1.249046
32,50,2.356194
32,52,0.000000
32,82,-1.570796
33,20,-1.570796
33,28,2.356194
33,54,-2.819842
33,77,0.785398
33,78,1.892547
33,81,1.570796
34,19,-0.785398
34,37,3.141593
34,45,0.000000
34,49,-1.249046
34,50,-2.356194
34,52,-0.785398
34,53,-1.892547
34,59,1.249046
34,60,2.356194
34,61,0.785398
34,62,1.570796
34,63,2.356194
34,68,0.000000
35,69,-2.356194
35,78,-0.785398
35,82,2.819842
36,54,0.000000
36,57,-0.785398
36,58,-1.892547
36,62,-1.570796
36,79,-0.785398
36,80,-1.892547
36,82,-2.356194
37,29,0.000000
37,52,2.356194
37,88,2.356194
38,20,0.000000
38,37,0.785398
38,48,0.000000
38,49,3.141593
38,51,0.785398
38,55,3.141593
38,65,0.000000
38,67,3.141593
38,73,0.785398
38,80,0.785398
39,39,3.141593
39,52,-2.356194
39,75,3.141593
39,79,-0.785398
39,81,-1.249046
39,82,-2.356194
39,86,-0.785398
39,87,-1.892547
40,23,2.356194
40,30,2.356194
40,58,0.785398
40,59,1.892547
41,28,0.000000
41,35,2.356194
41,41,2.356194
41,56,-0.785398
41,60,-2.356194
41,68,3.141593
41,89,2.356194
42,20,0.000000
42,58,-0.785398
42,87,0.785398
43,37,0.000000
43,38,3.141593
43,81,0.000000
43,85,0.785398
44,47,0.000000
44,48,3.141593
44,69,0.000000
44,70,3.141593
44,86,-1.249046
44,88,-1.892547
45,29,-0.785398
45,39,-0.785398
46,18,1.570796
46,43,2.356194
46,48,2.356194
47,18,-1.570796
47,76,3.141593
47,79,0.000000
47,80,3.141593
47,85,2.356194
48,6,2.356194
48,40,-0.785398
48,45,-0.785398
48,52,3.141593
48,62,0.000000
48,83,0.000000
49,5,0.321751
49,48,0.000000
49,58,0.000000
49,60,3.141593
50,5,-0.785398
50,56,3.141593
50,68,2.356194
50,72,0.000000
50,74,3.141593
51,12,2.356194
51,53,0.000000
51,63,0.000000
52,50,0.000000
52,51,3.141593
52,82,0.000000
52,84,3.141593
53,41,2.356194
54,40,-0.785398
54,71,0.000000
54,76,3.141593
54,91,-1.570796
57,41,1.570796
57,72,0.000000
57,74,3.141593
58,35,1.570796
58,41,-1.570796
58,56,1.249046
58,57,2.356194
58,63,3.141593
58,77,0.000000
58,79,3.141593
58,88,0.000000
59,55,-0.785398
59,56,-1.892547
59,91,-2.356194
60,69,0.000000
61,45,-0.785398
61,63,3.141593
61,78,3.141593
62,25,2.356194
62,61,-0.785398
62,80,0.000000
62,84,3.141593
63,24,-0.785398
63,71,0.000000
64,37,0.000000
64,74,3.141593
64,77,0.785398
65,40,1.249046
65,41,2.356194
65,80,3.141593
66,38,0.000000
66,66,0.000000
66,71,0.785398
66,72,1.892547
67,38,-1.570796
67,40,-1.249046
67,41,-2.356194
67,72,-1.249046
67,73,-2.356194
69,21,2.356194
69,58,0.000000
69,63,3.141593
69,80,3.141593
70,20,-0.785398
70,36,-0.785398
71,41,3.141593
71,63,0.000000
71,65,3.141593
72,48,0.000000
72,49,3.141593
72,58,0.000000
72,59,3.141593
72,76,0.000000
72,77,3.141593
73,55,0.000000
73,56,3.141593
75,58,0.000000
75,59,3.141593
76,55,0.000000
76,56,3.141593
79,56,0.000000
79,57,3.141593
80,25,0.785398
81,39,2.356194
82,23,2.356194
82,38,-0.785398
82,39,-2.356194
83,35,1.249046
83,36,3.141593
83,40,-2.356194
83,47,2.356194
84,22,-1.570796
84,34,-0.785398
84,35,-1.892547
84,60,0.000000
84,62,3.141593
84,73,0.785398
85,29,0.785398
85,30,2.356194
85,74,-2.356194
86,29,-0.785398
86,44,-0.785398
86,76,0.785398
87,78,3.141593
88,28,1.570796
88,41,2.356194
88,66,1.570796
89,27,0.321751
89,28,-2.819842
89,66,-1.570796
90,55,2.356194
91,27,-2.819842
91,38,-0.785398
91,54,-0.785398
91,70,1.570796
92,25,0.321751
92,41,2.356194
92,62,0.000000
92,63,3.141593
92,70,-1.570796
93,25,-0.785398
94,25,-1.570796
94,39,-0.785398
94,56,2.356194
94,86,0.785398
95,44,2.356194
95,79,1.570796
95,87,-2.356194
96,52,1.249046
96,53,3.141593
96,79,-1.570796
97,6,-2.356194
97,42,-0.785398
97,51,0.000000
97,52,-1.892547
98,50,-0.785398
