10,60,0.785398
10,61,1.570796
10,62,2.356194
10,69,0.785398
10,70,1.892547
11,49,1.249046
11,50,3.141593
11,81,0.785398
12,43,0.785398
12,44,1.570796
12,45,2.356194
12,48,-0.785398
12,70,-0.785398
12,82,-2.356194
14,83,3.141593
15,20,1.249046
15,21,2.356194
17,18,0.321751
17,52,2.356194
17,69,2.356194
18,18,-0.785398
18,50,1.249046
18,54,1.249046
18,60,0.321751
18,62,2.819842
18,85,3.141593
19,49,0.321751
20,49,-0.785398
20,56,-1.570796
20,57,3.141593
20,71,-2.356194
21,54,-1.892547
21,63,-2.356194
21,65,0.785398
22,41,-0.785398
22,45,-1.892547
22,47,-1.570796
22,52,-1.892547
22,70,-0.785398
22,71,-1.570796
22,87,2.819842
23,48,0.785398
23,50,-1.892547
23,55,1.249046
23,57,-1.892547
23,61,-2.819842
23,67,-0.785398
23,68,-1.892547
23,87,-2.356194
24,53,1.249046
24,55,-1.892547
24,60,-1.570796
24,74,-2.356194
25,18,2.356194
25,42,-2.819842
25,48,3.141593
25,70,0.785398
26,40,0.321751
26,45,1.249046
26,46,3.141593
26,50,1.249046
26,52,-1.892547
26,56,1.249046
26,57,3.141593
26,62,1.249046
26,63,2.356194
26,80,1.570796
26,82,-1.892547
26,88,3.141593
27,16,0.321751
27,40,-1.570796
27,48,0.000000
27,50,-1.892547
27,54,1.249046
27,56,-1.892547
27,60,1.249046
27,62,-1.892547
28,16,-0.785398
28,39,3.141593
28,48,-1.570796
28,52,1.249046
28,54,-1.892547
28,58,1.249046
28,60,-1.892547
28,65,1.249046
28,66,2.356194
28,67,0.785398
28,68,1.570796
28,69,2.356194
28,70,-0.785398
28,71,-1.570796
28,72,-2.356194
28,79,-0.785398
28,80,-1.570796
28,81,-2.356194
28,84,-0.785398
28,85,-1.892547
29,38,-1.570796
29,47,1.570796
29,56,1.249046
29,58,-1.892547
29,62,1.249046
29,63,2.356194
29,64,-0.785398
29,65,-1.892547
30,22,0.785398
30,23,2.356194
30,45,1.249046
30,47,-2.356194
30,50,0.000000
30,51,-1.892547
30,54,1.249046
30,56,-1.892547
30,60,1.249046
30,62,-1.892547
30,67,0.000000
30,68,-2.356194
31,22,-0.785398
31,35,0.785398
31,36,3.141593
31,49,3.141593
31,58,1.249046
31,60,-1.892547
31,71,1.570796
31,72,2.356194
31,90,2.356194
32,47,0.000000
32,48,-1.892547
32,52,0.000000
32,53,-1.892547
32,57,0.000000
32,58,-1.892547
32,63,1.249046
32,64,3.141593
32,68,0.000000
32,69,-1.892547
32,88,0.785398
33,24,0.785398
33,25,2.356194
33,34,-0.785398
33,42,0.321751
33,50,1.249046
33,51,3.141593
33,55,1.249046
33,56,3.141593
33,61,1.249046
33,75,1.249046
33,77,1.570796
33,78,2.356194
33,88,-1.570796
34,24,-0.785398
34,42,-1.570796
34,45,-0.785398
34,49,0.000000
34,50,-1.892547
34,53,1.249046
34,55,-1.892547
34,58,1.249046
34,59,2.356194
34,60,-0.785398
34,61,-1.892547
34,69,0.000000
34,70,0.785398
34,73,-2.356194
34,86,0.785398
35,47,1.249046
35,48,3.141593
35,57,0.321751
35,66,-2.356194
35,67,3.141593
35,87,-1.249046
35,88,-2.356194
35,90,3.141593
36,40,1.570796
36,46,0.000000
36,47,-1.892547
36,51,0.000000
36,52,-1.892547
36,57,-0.785398
36,70,0.000000
36,71,-1.570796
36,72,-2.356194
37,40,-2.819842
37,61,-1.570796
37,66,1.249046
37,67,2.356194
37,75,-1.249046
37,76,-2.356194
38,33,-0.785398
38,34,-1.892547
38,49,-0.785398
38,60,0.000000
38,65,-0.785398
38,66,-1.892547
39,42,1.249046
39,43,3.141593
39,69,0.000000
39,84,3.141593
39,91,3.141593
40,36,0.000000
40,37,-1.892547
40,66,2.356194
41,35,1.570796
41,40,0.000000
41,41,-1.892547
41,65,-0.785398
41,69,2.356194
41,79,0.000000
41,82,3.141593
41,87,0.000000
42,34,0.000000
42,39,1.570796
42,68,-0.785398
42,76,2.356194
42,77,3.141593
42,91,3.141593
43,33,1.570796
43,59,-0.785398
44,32,0.321751
44,33,-2.819842
44,38,-1.892547
44,40,-2.356194
44,62,2.356194
44,75,0.000000
44,88,0.785398
44,89,1.892547
45,16,0.785398
45,29,1.249046
45,30,2.356194
45,32,-1.570796
45,36,-0.785398
45,69,2.356194
45,89,-1.249046
45,90,-2.356194
45,91,3.141593
46,16,0.000000
46,36,2.356194
46,74,0.321751
46,75,-2.819842
46,78,2.356194
46,85,0.785398
46,86,1.892547
47,16,-0.785398
47,29,-1.249046
47,34,1.249046
47,36,-2.356194
47,59,-0.785398
47,63,2.356194
47,74,-1.570796
47,86,-1.249046
47,87,-2.356194
48,33,0.321751
48,40,3.141593
48,67,-1.570796
48,76,0.321751
48,77,-2.819842
49,33,-1.570796
49,61,-0.785398
49,76,-1.570796
49,79,0.000000
49,84,0.785398
49,85,1.892547
49,91,-2.356194
50,16,0.785398
50,29,1.249046
50,30,2.356194
50,32,1.570796
50,44,3.141593
50,75,1.570796
50,85,-1.249046
50,86,-2.356194
50,87,0.785398
50,88,1.892547
51,16,0.000000
51,32,-2.819842
51,42,-0.785398
51,63,2.356194
51,71,-0.785398
51,74,0.000000
51,88,-1.249046
51,89,3.141593
52,16,-0.785398
52,29,-1.249046
52,31,-1.892547
52,69,1.570796
52,83,0.785398
52,84,1.892547
52,91,3.141593
53,43,2.356194
53,61,-0.785398
53,69,-1.570796
53,76,2.356194
53,84,-1.249046
53,85,-2.356194
54,42,-0.785398
54,72,-0.785398
54,82,1.570796
54,88,0.000000
54,89,1.892547
55,67,2.356194
55,75,-1.570796
55,79,-1.570796
55,89,-1.249046
55,90,3.141593
56,34,1.570796
56,69,1.570796
56,84,0.785398
56,85,1.892547
56,91,-2.356194
57,16,0.785398
57,29,1.249046
57,30,2.356194
57,34,-1.570796
57,37,0.000000
57,41,3.141593
57,61,3.141593
57,69,-1.570796
57,72,0.000000
57,73,3.141593
57,85,-1.249046
57,86,-2.356194
57,87,3.141593
58,16,0.000000
58,51,2.356194
58,65,-1.570796
58,77,3.141593
58,89,1.570796
59,16,-0.785398
59,29,-1.249046
59,30,-2.356194
59,42,0.000000
59,44,3.141593
59,50,-0.785398
59,79,1.570796
59,89,-1.570796
60,34,0.000000
60,38,3.141593
60,69,3.141593
60,74,3.141593
60,78,0.000000
60,81,0.321751
60,84,-1.249046
60,85,-2.356194
61,53,-0.785398
61,57,2.356194
61,73,-1.570796
61,77,1.570796
61,81,-1.570796
62,50,2.356194
62,56,-0.785398
62,65,3.141593
62,70,1.249046
62,71,2.356194
62,77,-2.819842
62,80,1.570796
63,32,1.892547
63,59,3.141593
63,64,-1.570796
63,75,0.000000
63,76,-1.892547
63,79,0.000000
63,89,0.000000
64,16,0.785398
64,33,-2.356194
64,34,3.141593
64,57,-0.785398
64,62,1.249046
64,63,3.141593
64,73,1.249046
64,74,3.141593
64,78,1.570796
64,83,2.356194
64,84,3.141593
64,90,-1.570796
65,16,0.000000
65,29,-0.785398
65,30,-1.570796
65,31,-2.356194
65,61,0.000000
65,62,-1.892547
65,67,0.000000
65,68,-1.892547
65,78,-2.819842
65,87,0.785398
65,91,-2.356194
66,16,-0.785398
66,34,0.000000
66,66,1.570796
66,81,-0.785398
66,88,1.570796
67,64,1.249046
67,70,0.000000
67,71,-1.892547
67,75,0.000000
67,76,-1.892547
67,83,0.000000
67,88,-0.321751
68,44,1.249046
68,45,2.356194
68,47,3.141593
68,56,-0.785398
68,63,0.000000
68,64,-1.892547
68,68,1.249046
68,69,3.141593
68,73,1.249046
68,74,3.141593
68,82,0.785398
68,90,2.819842
69,35,0.785398
69,43,-0.785398
69,44,-1.892547
69,53,2.356194
69,61,1.249046
69,62,3.141593
69,83,-0.785398
69,84,-1.570796
69,86,1.892547
69,90,-1.570796
70,36,-2.356194
70,39,0.000000
70,51,0.000000
70,59,0.000000
70,60,-0.785398
70,61,-1.892547
70,71,0.000000
70,72,-1.892547
70,81,2.356194
70,86,-1.249046
70,87,3.141593
70,91,-2.356194
71,32,2.356194
71,47,3.141593
71,64,1.249046
71,66,-1.892547
71,70,1.570796
71,75,3.141593
71,80,-0.785398
71,81,-2.356194
71,88,1.570796
72,38,0.785398
72,41,0.000000
72,62,1.249046
72,64,-1.892547
72,68,1.249046
72,74,-1.570796
72,83,3.141593
72,89,3.141593
73,35,2.356194
73,36,3.141593
73,39,-2.356194
73,48,2.356194
73,53,1.249046
73,54,2.356194
73,55,3.141593
73,60,1.249046
73,62,-1.892547
73,67,0.000000
73,68,-1.892547
74,52,0.000000
74,53,-1.892547
74,59,0.000000
74,60,-1.892547
74,65,1.249046
74,66,3.141593
74,76,2.356194
74,80,1.249046
74,81,2.356194
75,27,1.249046
75,28,3.141593
75,31,-1.249046
75,37,2.356194
75,40,1.249046
75,41,2.356194
75,50,1.249046
75,51,3.141593
75,64,0.000000
75,65,-1.892547
75,69,1.249046
75,70,3.141593
75,82,2.356194
76,33,-1.249046
76,38,0.000000
76,39,-0.785398
76,47,1.249046
76,48,2.356194
76,49,-0.785398
76,50,-1.892547
76,55,0.000000
76,68,0.000000
76,69,-1.892547
76,73,1.249046
76,74,3.141593
76,78,0.000000
76,79,-1.892547
76,81,-0.785398
76,91,-1.570796
77,37,0.000000
77,46,-0.785398
77,47,-1.892547
77,72,0.000000
77,73,-1.892547
77,77,1.570796
78,35,2.356194
78,37,0.785398
78,39,1.249046
78,41,-1.570796
78,42,-2.356194
78,58,0.000000
78,77,-2.819842
79,23,0.321751
79,34,0.321751
79,35,-2.819842
79,37,0.000000
79,47,0.000000
79,51,3.141593
79,69,1.249046
79,70,3.141593
79,74,1.249046
80,55,2.356194
80,62,-0.785398
80,67,1.249046
80,69,-1.892547
80,76,-2.356194
80,79,0.785398
80,89,1.570796
81,24,-2.356194
81,33,-0.785398
81,34,-1.570796
81,37,-2.819842
81,39,0.000000
81,43,2.356194
81,44,3.141593
81,52,1.249046
81,53,2.356194
81,65,1.249046
81,67,-1.892547
81,71,1.249046
81,73,-1.892547
81,76,-1.570796
82,51,-0.785398
82,52,-1.892547
82,64,-0.785398
82,65,-1.892547
82,82,-2.356194
83,36,2.356194
83,38,0.321751
83,39,-2.819842
83,41,-0.785398
83,49,2.356194
83,61,0.000000
83,68,0.785398
84,19,-0.785398
84,36,-2.819842
84,38,-0.785398
84,44,0.000000
84,67,3.141593
85,38,2.356194
85,46,-0.785398
85,51,2.356194
85,52,0.785398
85,58,2.356194
86,38,-2.819842
86,56,0.785398
86,57,2.356194
86,64,0.785398
86,67,3.141593
86,86,1.570796
86,90,0.785398
87,43,-1.570796
87,48,-0.785398
87,55,3.141593
87,57,-2.356194
87,61,-0.785398
87,68,0.000000
87,71,1.570796
87,90,-0.321751
87,91,2.819842
88,40,2.356194
88,45,1.570796
88,48,2.356194
88,71,-1.570796
88,91,-2.356194
89,40,-2.819842
89,47,0.321751
89,48,-2.819842
89,50,0.321751
89,51,-2.819842
89,53,0.321751
89,54,-2.819842
90,38,0.321751
90,42,1.570796
90,47,-0.785398
90,50,-0.785398
90,53,-0.785398
90,61,1.570796
90,64,-1.570796
90,88,-1.570796
91,28,-0.785398
91,42,2.356194
91,50,-1.570796
91,79,0.785398
91,85,1.570796
91,91,-1.570796
92,31,-0.785398
92,42,-2.819842
92,53,-1.570796
92,56,-1.570796
92,61,-1.570796
92,71,1.570796
92,80,-2.356194
92,88,1.570796
93,37,-0.785398
93,47,-1.570796
93,49,1.570796
93,58,1.570796
93,64,1.570796
93,74,-0.785398
93,91,1.570796
94,41,-2.819842
94,44,2.356194
94,49,-1.570796
94,52,1.570796
94,55,1.570796
94,58,-1.570796
94,75,-0.785398
94,88,-1.570796
95,44,-2.819842
95,46,1.570796
95,76,-0.785398
96,41,-2.356194
96,42,-0.785398
96,43,-1.892547
96,49,1.570796
96,60,0.785398
96,71,-1.570796
96,84,-1.570796
97,67,-1.570796
97,81,3.141593
97,87,1.570796
98,46,-1.570796
98,49,-1.570796
98,52,-1.570796
98,55,-1.570796
98,61,-1.570796
98,64,-1.570796
98,87,-1.570796
98,91,-1.570796
