7,29,1.249046
7,30,2.356194
7,38,0.785398
7,39,1.570796
7,40,2.356194
7,42,0.785398
7,43,1.892547
8,51,0.785398
8,52,1.892547
9,39,2.356194
9,43,-0.785398
10,39,3.141593
10,58,2.356194
11,67,2.356194
12,24,-0.785398
12,71,1.570796
14,47,0.321751
14,53,0.321751
15,13,3.141593
15,28,0.000000
15,29,1.570796
15,42,1.570796
15,47,-0.785398
16,35,1.249046
16,37,1.892547
16,40,1.249046
16,42,3.141593
17,33,1.249046
17,44,1.249046
18,35,-1.249046
18,37,-1.892547
18,42,-1.570796
18,59,0.321751
19,7,0.321751
19,46,-1.892547
19,53,3.141593
20,7,-0.785398
20,27,-0.321751
20,31,-1.249046
20,40,-2.819842
20,44,-0.785398
20,50,-1.570796
20,53,-2.356194
20,59,3.141593
20,78,3.141593
21,7,2.356194
21,45,1.570796
21,53,0.785398
21,59,-2.356194
22,6,0.321751
22,17,2.356194
22,36,2.356194
22,37,-0.785398
22,38,-1.892547
22,45,0.000000
22,48,-0.785398
22,49,-1.570796
22,50,-2.356194
22,55,1.570796
22,61,0.785398
23,6,-1.570796
23,19,1.249046
23,28,2.356194
23,45,-0.785398
23,58,-1.249046
24,35,-2.819842
24,55,-2.819842
24,60,-1.249046
24,62,3.141593
25,15,0.000000
25,17,-1.892547
25,19,-1.249046
25,21,3.141593
25,32,1.249046
25,34,-1.892547
25,64,1.249046
26,21,-2.356194
26,53,0.321751
26,55,-2.356194
26,57,0.785398
26,58,1.892547
26,70,0.000000
26,71,-1.892547
27,15,-2.819842
27,32,-2.356194
27,64,-1.249046
27,68,2.356194
28,5,0.785398
28,52,-0.785398
28,53,-2.356194
28,60,3.141593
29,5,-0.785398
29,6,3.141593
29,16,2.356194
29,20,0.785398
29,24,-1.249046
29,54,0.000000
29,55,1.570796
29,56,2.356194
29,57,0.785398
29,61,0.000000
29,67,3.141593
30,8,0.785398
30,9,1.570796
30,11,-1.892547
30,58,-1.249046
30,60,2.356194
30,63,0.000000
30,81,2.819842
31,13,0.000000
31,14,-1.892547
31,81,-2.356194
32,12,-0.785398
32,29,0.000000
32,55,-1.570796
32,62,2.356194
33,10,2.356194
33,59,0.785398
33,64,-2.356194
34,4,0.785398
34,10,-2.819842
34,59,-0.321751
35,4,-0.321751
35,6,2.356194
35,65,0.000000
35,66,1.892547
36,21,2.356194
36,66,-1.249046
36,67,-2.356194
36,73,-0.785398
36,74,-1.892547
37,11,3.141593
37,20,0.321751
37,62,-1.249046
37,63,-2.356194
38,4,0.321751
38,20,-1.570796
38,29,3.141593
38,59,0.785398
39,4,-1.570796
39,6,-1.249046
39,8,-1.892547
39,66,0.000000
39,67,1.892547
40,15,2.356194
40,57,0.785398
40,62,0.000000
40,63,1.892547
40,67,-1.249046
40,68,3.141593
41,12,0.785398
41,58,0.000000
41,59,1.892547
41,80,-0.785398
41,82,2.819842
42,53,0.000000
42,64,-1.249046
42,65,3.141593
42,70,0.000000
42,71,2.356194
43,13,2.356194
43,27,0.000000
43,49,0.000000
43,71,-1.570796
44,13,3.141593
44,36,0.785398
44,57,0.000000
44,58,1.892547
44,62,-2.356194
44,67,-2.356194
44,79,0.785398
45,2,0.785398
45,8,1.570796
45,13,-2.356194
45,43,1.249046
45,44,2.356194
45,58,-1.249046
45,64,0.000000
46,2,0.000000
46,7,0.000000
46,8,-2.356194
46,13,2.356194
46,41,0.785398
46,65,-1.570796
46,80,-2.819842
47,2,-0.785398
47,9,0.785398
47,11,1.570796
47,56,0.000000
47,57,1.892547
47,61,-1.249046
47,63,1.892547
47,66,-2.356194
47,70,0.000000
48,2,0.785398
48,34,0.785398
48,53,3.141593
48,57,-1.249046
48,59,1.892547
48,64,2.819842
49,2,0.000000
49,8,0.000000
49,9,-2.356194
49,11,2.356194
49,33,0.785398
49,42,-0.321751
49,64,-1.570796
49,76,-0.785398
49,77,-1.892547
50,2,-0.785398
50,7,-0.785398
50,11,-2.356194
50,33,-0.321751
50,35,-2.819842
50,45,-0.785398
50,48,2.356194
50,50,3.141593
50,60,-1.249046
51,9,1.570796
51,12,-2.356194
51,43,-0.785398
51,52,0.785398
51,57,0.785398
51,62,-1.570796
52,8,0.321751
52,9,-2.819842
52,31,0.000000
52,33,-0.785398
52,34,-1.570796
52,35,-2.356194
52,53,0.000000
52,54,1.892547
52,58,1.570796
52,63,0.000000
52,64,1.892547
53,8,-1.570796
53,27,3.141593
53,38,0.000000
53,46,-0.785398
53,47,-1.892547
53,49,0.000000
53,50,1.892547
53,64,-1.249046
53,65,3.141593
53,72,0.000000
53,73,1.892547
54,10,1.570796
54,37,1.570796
54,42,3.141593
54,50,-1.249046
54,51,-2.356194
54,52,3.141593
54,55,-1.249046
54,56,-2.356194
54,57,-0.785398
54,58,-1.892547
54,60,0.000000
54,61,1.892547
54,83,2.356194
55,3,-1.570796
55,6,-0.785398
55,18,2.356194
55,19,3.141593
55,22,0.000000
55,27,0.000000
55,36,-0.785398
55,61,-1.249046
55,62,3.141593
55,67,1.570796
55,74,-1.249046
55,75,-2.356194
55,83,3.141593
56,17,-0.785398
56,49,1.570796
56,63,-2.356194
56,67,-0.321751
56,68,2.819842
56,83,-2.356194
57,8,0.785398
57,11,2.819842
57,18,1.570796
57,20,2.356194
57,42,0.000000
57,56,1.570796
57,61,1.570796
57,68,-1.570796
57,73,1.570796
58,3,1.570796
58,11,-2.356194
58,22,0.000000
58,24,3.141593
58,37,0.785398
58,46,3.141593
58,52,1.570796
58,56,-1.570796
58,65,0.785398
58,69,0.000000
59,16,0.000000
59,27,-0.785398
59,38,-2.356194
59,43,1.570796
59,67,3.141593
59,70,-1.570796
59,82,-0.785398
59,84,2.819842
60,3,-1.570796
60,6,1.570796
60,18,-2.356194
60,29,0.000000
60,35,3.141593
60,37,0.785398
60,43,-1.570796
60,84,-2.356194
61,5,0.321751
61,6,-2.819842
61,23,1.570796
61,38,-2.356194
61,39,0.785398
61,40,1.892547
61,61,1.570796
61,65,0.785398
62,5,-1.570796
62,8,2.356194
62,40,-1.249046
62,41,-2.356194
62,57,0.000000
62,62,3.141593
63,12,1.570796
63,23,-1.570796
63,32,0.785398
63,44,3.141593
63,48,0.000000
63,49,3.141593
63,59,1.570796
63,63,1.570796
63,70,1.570796
63,73,-1.570796
64,6,-0.785398
64,12,0.000000
64,19,0.000000
64,28,-0.785398
64,51,0.785398
64,60,3.141593
64,70,-1.570796
65,11,-0.785398
65,20,-2.356194
65,34,3.141593
65,61,0.000000
65,68,-2.356194
65,74,0.000000
65,84,2.356194
66,14,-2.356194
66,20,-1.570796
66,35,-2.356194
66,40,2.356194
66,53,0.000000
66,54,1.892547
66,57,0.000000
66,58,0.785398
66,62,-1.249046
66,63,-2.356194
66,66,2.819842
66,84,3.141593
67,39,-0.785398
67,42,0.785398
67,59,-2.356194
67,66,-1.570796
67,84,-2.356194
68,2,-1.570796
68,7,2.356194
68,29,1.570796
68,43,-2.356194
68,67,0.000000
68,68,1.892547
69,4,2.356194
69,6,-0.785398
69,29,0.785398
69,56,-1.249046
69,57,-2.356194
69,65,1.570796
69,69,2.819842
69,71,0.785398
69,75,0.785398
69,77,0.785398
69,78,1.892547
69,84,2.356194
70,3,-0.785398
70,18,1.570796
70,29,-0.321751
70,30,2.819842
70,50,-1.570796
70,61,0.785398
70,76,-0.785398
70,84,3.141593
71,30,-2.356194
71,34,0.000000
71,36,3.141593
71,38,1.570796
71,67,3.141593
71,70,3.141593
71,73,-2.356194
71,77,-0.785398
71,78,-1.892547
71,84,-2.356194
72,18,-1.570796
72,26,1.570796
72,30,-1.570796
72,38,-1.570796
72,63,0.000000
73,26,2.356194
73,46,1.570796
73,57,1.570796
73,60,0.785398
73,64,-2.356194
73,71,-1.570796
74,3,1.570796
74,25,0.321751
74,26,-2.819842
74,37,0.000000
74,38,3.141593
74,42,0.785398
75,6,2.356194
75,47,-2.356194
75,66,3.141593
76,24,0.321751
76,25,-2.819842
76,49,1.570796
76,74,1.570796
77,2,0.785398
77,10,1.570796
77,24,-0.785398
77,45,-1.570796
77,63,1.570796
78,2,0.000000
78,5,2.356194
78,10,-1.570796
78,25,-2.356194
78,53,0.785398
78,63,-0.321751
78,64,2.819842
78,67,0.785398
78,72,1.570796
78,75,1.570796
79,2,-0.785398
79,4,-0.785398
79,54,-2.356194
79,57,0.785398
79,61,-2.356194
79,64,-2.356194
79,68,1.570796
79,75,-0.321751
79,84,2.356194
80,14,1.570796
80,33,0.785398
80,34,1.892547
80,51,0.000000
80,68,-0.321751
80,72,-1.570796
80,76,-1.249046
80,77,-2.356194
80,84,3.141593
81,4,1.570796
81,7,2.356194
81,11,0.000000
81,12,3.141593
81,14,-1.570796
81,32,3.141593
81,38,0.785398
81,42,1.570796
81,45,0.785398
81,52,-2.356194
81,70,2.819842
81,84,-2.356194
82,31,-0.785398
82,34,-0.785398
82,36,-2.356194
82,39,-2.356194
82,42,-1.570796
82,55,0.000000
82,56,3.141593
82,59,1.570796
82,66,1.570796
82,70,-2.356194
83,2,0.785398
83,6,2.356194
83,24,0.785398
83,28,1.570796
83,59,-0.321751
83,60,2.819842
83,66,-0.321751
83,67,2.819842
84,2,-0.321751
84,6,3.141593
84,14,1.570796
84,28,-1.570796
84,46,-1.570796
84,60,-1.570796
84,71,1.570796
85,34,-1.570796
85,37,-1.570796
85,41,1.570796
85,44,0.785398
85,71,-0.321751
86,3,0.785398
86,8,2.356194
86,10,1.570796
86,14,-1.570796
86,28,1.570796
86,31,0.785398
86,41,0.785398
86,45,-2.356194
86,61,-1.570796
86,66,0.785398
86,69,2.819842
87,3,0.000000
87,31,-0.321751
87,32,2.819842
87,35,1.570796
87,38,0.785398
87,41,-0.321751
87,42,2.819842
87,67,-2.356194
87,69,-1.570796
87,74,2.819842
87,84,2.356194
88,19,1.570796
88,32,-2.356194
88,39,-2.356194
88,42,-1.570796
88,71,0.785398
88,84,3.141593
89,3,0.000000
89,5,-1.892547
89,25,-1.570796
89,28,-1.570796
89,32,-1.570796
89,43,1.570796
89,49,0.785398
89,56,2.356194
89,76,2.356194
89,84,-2.356194
90,3,-0.785398
90,16,1.570796
90,43,-0.321751
90,47,-2.356194
90,55,0.000000
90,56,-2.356194
90,63,0.000000
90,64,0.785398
90,68,1.570796
91,16,-1.570796
91,19,0.785398
91,36,-1.570796
91,40,1.570796
91,44,-2.356194
91,65,-2.356194
91,73,0.000000
91,83,1.570796
92,19,-0.321751
92,20,2.819842
92,26,0.000000
92,27,3.141593
92,30,0.785398
92,34,1.570796
92,40,0.785398
92,50,0.785398
92,54,-1.570796
92,63,1.570796
92,69,1.570796
92,73,-0.785398
92,83,-2.819842
93,20,-2.356194
93,23,0.785398
93,34,0.785398
93,41,3.141593
93,45,-2.356194
93,50,-0.321751
93,51,2.819842
93,66,1.570796
93,69,-0.785398
93,70,3.141593
93,74,1.570796
94,9,1.570796
94,12,1.570796
94,20,0.785398
94,31,0.785398
94,34,-0.321751
94,35,2.819842
94,51,-1.570796
94,66,-0.785398
94,68,2.356194
94,75,3.141593
95,4,0.000000
95,5,1.892547
95,9,-2.819842
95,18,1.570796
95,20,-0.321751
95,21,2.819842
95,27,0.785398
95,31,-0.321751
95,32,2.819842
95,35,-1.570796
95,38,0.785398
95,42,-1.570796
95,64,0.000000
95,65,2.356194
95,68,-1.570796
95,76,1.570796
95,79,0.000000
95,80,-1.892547
96,5,-1.249046
96,6,-2.356194
96,21,-2.356194
96,32,-2.356194
96,56,0.785398
96,60,-1.570796
96,65,-1.570796
96,72,2.356194
97,8,-1.570796
97,15,1.570796
97,18,-1.570796
97,21,-1.570796
97,28,-1.570796
97,43,0.000000
97,44,3.141593
97,51,-1.570796
98,9,-2.356194
98,13,-2.356194
98,15,-1.570796
98,25,-1.570796
98,33,-2.356194
98,37,-2.356194
98,41,-2.356194
98,59,3.141593
98,67,-2.356194
98,72,-1.249046
98,73,-2.356194
98,74,-0.785398
98,75,-1.892547
