10,41,1.249046
10,42,2.356194
10,58,0.785398
10,59,1.892547
11,36,0.785398
11,37,1.570796
11,38,2.356194
11,40,-0.785398
12,22,1.249046
12,23,2.356194
12,72,1.570796
13,14,2.356194
13,21,-0.785398
14,13,-1.570796
15,44,0.785398
15,55,0.321751
16,44,0.000000
16,55,-0.785398
16,69,0.321751
17,36,0.321751
17,38,2.819842
17,69,-0.785398
17,82,2.356194
18,12,0.785398
18,46,-2.819842
18,55,0.785398
19,12,-0.785398
19,13,3.141593
19,27,0.785398
19,38,3.141593
20,38,-2.356194
20,46,0.785398
20,47,2.356194
20,51,0.785398
20,52,1.570796
20,53,2.356194
21,55,-2.356194
21,58,1.570796
21,63,1.249046
21,65,1.570796
21,67,1.570796
22,12,3.141593
22,30,1.570796
22,38,0.785398
22,45,0.321751
22,52,-2.819842
22,58,0.000000
23,9,0.321751
23,30,0.000000
23,38,0.000000
23,45,-1.570796
23,48,0.785398
23,49,1.570796
23,51,-1.892547
23,63,-1.570796
23,69,-1.570796
24,9,-0.785398
24,44,1.570796
24,56,-2.356194
24,58,3.141593
24,64,0.000000
24,84,3.141593
25,28,1.249046
25,30,-1.570796
25,32,-1.570796
25,33,-2.356194
25,35,0.785398
25,36,1.570796
25,38,3.141593
25,42,-2.356194
25,44,3.141593
25,53,0.000000
25,54,-1.892547
25,58,-2.356194
26,27,0.321751
26,51,1.249046
26,52,3.141593
26,67,-1.570796
26,68,-2.356194
26,73,-0.785398
26,74,-1.892547
27,39,-2.356194
27,43,-0.785398
27,44,-1.570796
27,45,3.141593
27,48,0.321751
27,60,2.356194
27,64,-0.785398
28,23,0.785398
28,24,1.570796
28,25,2.356194
28,27,3.141593
28,55,2.356194
28,56,-0.785398
29,9,2.356194
29,27,-1.570796
29,59,-2.819842
29,66,0.785398
30,8,0.321751
30,29,2.356194
30,50,-2.356194
30,58,-1.892547
30,72,0.000000
30,73,1.570796
30,74,2.356194
31,8,-1.570796
31,24,0.785398
31,27,0.000000
31,28,-1.892547
31,36,0.000000
31,47,-2.356194
31,50,0.785398
31,77,-2.356194
31,87,2.819842
32,19,0.785398
32,36,-0.785398
32,47,0.785398
32,52,-0.785398
32,53,-1.892547
32,56,-1.249046
32,58,1.570796
32,59,2.356194
32,66,-2.356194
32,77,2.356194
32,87,-2.356194
33,12,0.000000
33,13,1.570796
33,36,2.356194
33,47,-0.785398
33,48,-2.356194
33,76,-0.785398
33,77,-2.356194
34,18,0.321751
34,29,1.249046
34,30,2.356194
34,50,-2.356194
34,65,-0.785398
34,66,-1.570796
34,68,1.570796
34,69,3.141593
34,78,0.785398
34,79,2.356194
34,82,-0.785398
34,83,-1.892547
35,26,2.356194
35,28,-0.785398
35,29,-1.892547
35,37,-2.356194
35,52,1.249046
35,53,2.356194
35,56,-0.785398
35,57,-1.570796
35,58,-2.356194
35,78,-0.785398
36,22,1.249046
36,35,1.570796
36,48,1.249046
36,50,-1.570796
36,69,1.570796
36,73,0.000000
36,84,0.785398
36,85,1.892547
36,87,2.356194
37,16,-0.785398
37,20,2.356194
37,25,-1.570796
37,34,-0.785398
37,46,0.785398
37,52,-2.356194
37,74,0.000000
37,75,1.570796
37,76,2.356194
37,77,-0.785398
37,78,-1.570796
37,79,-2.356194
37,82,0.785398
37,87,3.141593
38,22,-1.570796
38,52,0.785398
38,59,1.249046
38,61,1.892547
38,64,1.249046
38,65,2.356194
38,66,0.785398
38,83,-1.249046
38,85,-1.892547
38,87,-2.356194
39,6,0.321751
39,8,3.141593
39,16,0.000000
39,17,-1.892547
39,19,-2.356194
39,23,0.785398
39,24,2.356194
39,25,-0.785398
39,26,-1.570796
39,27,-2.356194
39,40,1.570796
39,52,-0.785398
39,53,-2.356194
39,58,-0.785398
39,70,2.356194
39,74,0.785398
40,6,-1.570796
40,9,0.785398
40,11,1.892547
40,19,0.785398
40,23,-1.570796
40,39,0.321751
40,40,-2.819842
40,46,0.000000
40,49,2.356194
40,50,0.785398
40,51,2.356194
40,67,-0.785398
40,70,-2.356194
40,76,2.356194
40,88,2.819842
41,14,2.356194
41,19,0.000000
41,45,1.570796
41,51,-2.356194
41,59,0.000000
41,68,-2.356194
41,71,2.356194
41,85,-0.785398
41,86,-1.892547
41,88,-2.356194
42,19,-1.570796
42,28,0.785398
42,35,1.570796
42,37,1.570796
42,41,2.356194
42,42,0.785398
42,43,1.570796
42,48,0.000000
42,64,-2.356194
42,67,-0.785398
43,6,3.141593
43,14,-2.819842
43,18,1.570796
43,56,0.000000
44,3,0.321751
44,11,-0.785398
44,17,0.321751
44,18,-2.819842
44,22,1.249046
44,23,3.141593
44,28,0.785398
44,35,-2.819842
44,38,-2.356194
44,52,3.141593
44,74,-2.356194
45,3,-0.785398
45,20,1.249046
45,22,-1.892547
45,27,0.785398
45,30,3.141593
45,40,0.000000
45,47,0.000000
45,67,-0.785398
46,12,0.000000
46,19,-0.785398
46,20,-1.892547
46,25,1.249046
46,47,0.785398
46,56,0.785398
46,59,0.785398
46,69,-0.785398
46,88,2.356194
47,31,0.000000
47,38,3.141593
47,66,2.356194
47,88,-2.356194
48,10,1.570796
48,12,3.141593
48,17,0.785398
48,20,1.249046
48,21,2.356194
48,22,0.785398
48,27,-1.570796
48,40,0.321751
48,66,-2.356194
48,69,0.785398
48,72,-1.892547
48,83,0.785398
48,84,1.570796
48,86,-1.892547
49,19,-0.785398
49,20,-1.892547
49,35,-2.356194
49,67,0.000000
49,68,0.000000
50,5,0.000000
50,6,-1.892547
50,28,3.141593
50,31,0.785398
50,34,0.785398
50,39,-2.356194
50,47,-0.785398
50,63,-2.356194
50,72,2.356194
50,89,2.356194
51,3,0.000000
51,14,2.356194
51,15,-0.785398
51,16,-1.892547
51,30,0.785398
51,35,2.356194
51,43,0.000000
51,50,-2.356194
51,71,-1.892547
51,75,0.000000
51,76,1.570796
51,77,2.356194
51,84,2.356194
51,89,3.141593
52,10,1.249046
52,29,0.785398
52,39,2.356194
52,63,0.000000
52,83,-0.785398
52,84,-2.356194
53,9,0.000000
53,10,-1.892547
53,13,-2.356194
53,28,0.785398
53,39,-2.356194
53,44,1.249046
53,45,3.141593
53,51,0.000000
53,62,3.141593
53,86,-0.785398
53,87,-1.570796
53,90,2.819842
54,13,0.785398
54,17,1.249046
54,18,2.356194
54,19,0.785398
54,26,0.785398
54,37,0.000000
54,40,-2.356194
54,43,0.000000
54,61,-1.892547
54,64,0.000000
54,69,-1.892547
54,71,0.785398
54,72,2.356194
54,75,-0.785398
54,76,-1.570796
54,77,-2.356194
55,3,0.785398
55,4,2.356194
55,6,0.785398
55,7,2.356194
55,13,0.000000
55,34,-2.356194
55,46,3.141593
55,71,-1.570796
55,89,0.321751
55,91,2.819842
56,3,-0.785398
56,7,-2.356194
56,13,-0.785398
56,22,-1.892547
56,25,1.570796
56,32,1.570796
56,35,0.000000
56,38,-2.356194
56,48,0.785398
56,51,0.785398
56,57,0.000000
56,58,-1.892547
56,61,1.249046
56,62,3.141593
57,13,2.356194
57,17,-0.321751
57,20,-1.892547
57,25,-2.819842
57,28,-2.356194
57,43,0.000000
57,56,3.141593
57,64,0.000000
57,68,2.356194
57,69,-0.785398
57,70,-1.570796
57,72,1.892547
57,88,-0.785398
57,91,-2.819842
58,2,0.321751
58,11,1.249046
58,13,3.141593
58,34,1.570796
58,36,-2.356194
58,58,1.249046
58,67,-1.892547
58,72,-1.249046
58,73,-2.356194
59,2,-0.785398
59,6,-0.785398
59,7,-1.570796
59,8,-2.356194
59,10,-0.785398
59,18,3.141593
59,22,0.000000
59,57,0.000000
59,65,3.141593
59,80,0.000000
59,81,1.570796
59,82,2.356194
60,2,0.785398
60,15,2.356194
60,18,-1.570796
60,24,0.785398
60,25,3.141593
60,31,0.785398
60,34,-2.819842
60,56,3.141593
60,85,0.000000
61,2,0.000000
61,4,3.141593
61,12,0.000000
61,14,-1.892547
61,24,-1.570796
61,36,0.785398
61,61,0.000000
61,62,0.000000
61,72,0.785398
61,73,1.892547
61,86,-1.570796
61,91,-1.570796
62,2,-0.785398
62,4,-1.570796
62,22,1.249046
62,23,3.141593
62,35,0.785398
62,43,-0.785398
62,56,0.000000
62,57,0.000000
62,60,-0.785398
62,87,1.570796
63,10,1.249046
63,12,3.141593
63,37,-2.819842
63,40,2.356194
63,62,0.000000
63,73,-0.785398
63,79,-0.785398
63,80,-1.570796
63,81,-2.356194
63,88,3.141593
64,6,0.785398
64,7,2.356194
64,8,0.785398
64,20,0.321751
64,60,1.249046
64,61,3.141593
64,65,2.356194
64,73,2.356194
65,6,-1.570796
65,13,-2.356194
65,15,-0.785398
65,16,-1.892547
65,20,-1.570796
65,26,0.785398
65,29,0.785398
65,32,0.785398
65,72,-0.785398
65,73,-2.356194
65,83,0.785398
65,91,-2.356194
66,9,0.785398
66,18,1.249046
66,19,3.141593
66,25,-0.785398
66,27,0.785398
66,28,3.141593
66,32,0.000000
66,74,0.785398
66,75,2.356194
66,83,0.000000
67,30,0.000000
67,59,-2.356194
67,60,-0.785398
67,74,-1.570796
67,80,0.785398
67,81,1.892547
67,88,1.570796
68,20,0.785398
68,23,2.356194
68,28,0.785398
68,29,3.141593
68,48,-2.356194
68,63,-0.785398
68,64,-1.570796
68,65,-2.356194
68,83,-2.356194
68,88,-0.321751
68,89,2.819842
69,18,0.785398
69,22,3.141593
69,25,0.785398
69,28,-0.785398
69,36,2.356194
69,50,3.141593
69,57,-2.819842
69,72,-0.785398
69,73,-1.570796
69,74,3.141593
69,81,-0.785398
69,84,0.785398
69,85,2.356194
70,14,-0.785398
70,26,-2.356194
70,41,-2.356194
70,44,0.000000
70,45,0.000000
70,48,0.000000
70,49,-1.892547
70,81,2.356194
70,84,-0.785398
70,88,-0.785398
70,89,-2.356194
71,3,0.000000
71,23,0.785398
71,40,0.785398
71,47,3.141593
71,51,0.785398
71,54,0.000000
71,58,2.356194
71,80,-0.785398
71,81,-2.356194
71,84,2.356194
72,10,3.141593
72,38,0.000000
72,39,0.000000
72,42,3.141593
72,45,0.000000
72,50,0.000000
72,56,0.000000
72,57,0.000000
72,61,1.249046
72,62,2.356194
72,70,0.000000
72,71,1.570796
72,72,2.356194
72,84,3.141593
73,7,0.000000
73,9,-1.892547
73,14,0.321751
73,26,0.785398
73,37,-2.356194
73,58,0.000000
73,84,-1.570796
74,7,-1.570796
74,14,-1.570796
74,35,-1.892547
74,39,0.785398
74,43,3.141593
74,57,3.141593
74,76,0.785398
74,78,1.892547
74,90,2.356194
75,12,1.249046
75,13,3.141593
75,30,-2.356194
75,37,1.249046
75,45,0.000000
75,62,-2.356194
75,76,-1.570796
75,78,-1.249046
75,80,1.892547
75,90,3.141593
76,4,3.141593
76,11,0.321751
76,15,1.249046
76,16,3.141593
76,43,0.785398
76,44,3.141593
76,56,-2.356194
76,59,0.000000
76,60,-1.892547
76,71,-0.785398
76,75,1.570796
76,80,-1.249046
76,81,3.141593
76,90,-1.570796
77,3,-0.785398
77,11,-1.570796
77,27,3.141593
77,43,-0.785398
77,75,-2.356194
77,91,-2.356194
78,10,3.141593
78,13,0.321751
78,40,2.356194
78,54,0.785398
79,13,-1.570796
79,35,0.785398
79,43,0.000000
79,46,0.000000
79,47,0.000000
79,53,0.785398
79,59,2.356194
79,73,3.141593
79,78,1.570796
79,87,-2.356194
80,4,0.785398
80,5,2.356194
80,9,3.141593
80,23,-2.356194
80,31,3.141593
80,38,-2.356194
80,42,0.785398
80,45,-2.356194
80,53,0.000000
80,73,-1.570796
80,80,2.356194
80,90,1.570796
81,4,-0.785398
81,9,-1.570796
81,11,1.570796
81,15,1.249046
81,25,0.321751
81,36,-2.356194
81,44,3.141593
81,57,-0.785398
81,74,0.000000
81,75,1.570796
82,11,-2.819842
82,21,3.141593
82,32,1.249046
82,50,-2.356194
82,55,1.892547
82,61,1.249046
82,62,2.356194
82,77,-1.249046
82,84,0.785398
83,9,0.321751
83,13,0.000000
83,24,0.000000
83,25,-1.570796
83,26,-2.356194
83,27,-0.785398
83,42,-1.892547
83,47,-0.785398
83,48,-1.892547
83,57,-1.570796
83,58,-2.356194
83,60,-0.785398
83,61,-1.892547
83,73,0.785398
83,74,2.356194
83,79,-1.249046
83,80,3.141593
84,2,-0.785398
84,12,0.785398
84,18,-0.785398
84,39,-0.785398
84,40,-1.892547
84,54,-0.785398
84,55,-1.892547
84,74,-1.570796
84,82,0.785398
84,87,1.892547
84,91,2.356194
85,8,-0.785398
85,21,2.356194
85,31,-2.356194
85,36,-2.356194
85,83,-1.249046
85,88,-2.356194
85,91,3.141593
86,19,0.321751
86,27,-0.785398
86,28,-1.892547
86,51,1.249046
86,52,2.356194
86,54,0.785398
86,55,1.892547
86,60,0.785398
86,61,1.570796
86,62,3.141593
86,70,0.785398
86,71,1.892547
86,78,0.000000
86,79,1.892547
86,91,-2.356194
87,19,-1.570796
87,24,1.249046
87,25,3.141593
87,31,1.249046
87,32,2.356194
87,33,-0.785398
87,47,0.785398
87,48,1.570796
87,49,2.356194
87,50,-0.785398
87,51,-1.892547
87,55,-1.249046
87,56,-2.356194
87,71,-1.249046
87,72,-2.356194
87,80,-2.356194
88,5,-0.785398
88,7,2.819842
88,11,-1.570796
88,16,2.356194
88,17,0.785398
88,23,0.000000
88,24,-1.892547
88,30,0.000000
88,31,-1.892547
88,78,1.570796
88,88,2.819842
88,91,2.356194
89,7,-1.570796
89,15,-0.785398
89,27,1.249046
89,28,2.356194
89,49,-2.356194
89,51,3.141593
89,88,-1.570796
89,91,-2.819842
90,8,2.356194
90,15,-1.570796
90,18,-1.570796
90,35,-0.785398
90,46,-0.785398
90,47,-1.892547
90,55,0.000000
90,78,-1.249046
90,79,-2.356194
90,85,0.000000
90,86,1.892547
91,7,0.000000
91,17,-0.785398
91,25,-0.785398
91,73,0.785398
91,74,1.892547
92,2,0.785398
92,6,1.570796
92,23,-0.785398
92,27,1.570796
92,29,1.249046
92,30,2.356194
92,31,3.141593
92,38,1.249046
92,39,3.141593
92,49,0.000000
92,65,0.785398
92,66,1.892547
92,74,-1.249046
92,75,-2.356194
92,83,0.000000
92,84,1.892547
92,89,3.141593
93,2,-0.321751
93,4,2.356194
93,5,-0.785398
93,11,2.356194
93,21,3.141593
93,29,-1.892547
93,37,-0.785398
93,38,-1.892547
93,46,2.356194
93,55,0.000000
93,56,1.570796
93,57,2.356194
93,66,-1.249046
93,67,-2.356194
93,68,0.785398
93,84,-1.249046
93,85,-2.356194
93,86,-0.785398
93,87,-1.892547
93,89,-2.356194
94,10,-0.785398
94,16,0.785398
94,17,1.570796
94,18,3.141593
94,25,1.249046
94,27,-1.892547
94,44,0.785398
94,62,0.785398
94,63,1.892547
95,15,0.785398
95,23,1.249046
95,25,-1.892547
95,45,-1.249046
95,46,-2.356194
95,63,-1.249046
95,65,1.892547
95,69,0.000000
96,16,-2.356194
96,20,0.785398
96,31,3.141593
96,37,2.356194
96,65,-1.249046
96,66,3.141593
96,89,-1.570796
97,2,-0.785398
97,60,0.000000
97,61,0.785398
97,62,1.892547
97,68,-0.785398
97,69,-2.356194
98,5,0.000000
98,18,0.000000
98,20,-0.785398
98,21,-1.892547
98,27,-0.785398
98,33,0.000000
98,34,-0.785398
98,35,-1.892547
98,42,0.000000
98,56,3.141593
98,62,-1.249046
98,63,-2.356194
98,65,3.141593
98,72,3.141593
98,79,-2.356194
98,85,-2.356194
