11,52,0.785398
11,53,1.892547
12,38,1.249046
12,39,3.141593
12,60,0.785398
12,61,1.570796
12,62,2.356194
13,31,1.249046
13,32,2.356194
13,53,-0.785398
14,16,2.356194
15,15,-0.785398
15,31,-2.356194
15,38,-0.785398
15,78,-2.356194
17,15,2.356194
17,79,3.141593
18,14,0.321751
19,14,-1.570796
20,38,0.785398
20,45,1.570796
21,45,0.000000
23,36,-0.785398
23,40,-2.819842
23,45,-0.321751
23,49,1.892547
24,52,-0.785398
24,53,-1.570796
24,54,-2.356194
24,60,0.000000
24,70,0.321751
25,47,0.000000
25,48,-0.785398
25,49,-1.892547
25,61,0.785398
25,62,2.356194
25,63,0.785398
25,64,1.570796
25,66,-1.892547
26,40,-2.356194
26,43,0.785398
26,44,1.892547
26,70,3.141593
27,33,1.249046
27,34,2.356194
27,46,-1.570796
27,47,3.141593
27,62,-2.356194
27,63,-0.785398
28,40,2.356194
28,43,-0.785398
28,44,-1.892547
28,55,0.785398
28,56,1.892547
28,68,-0.321751
28,70,-2.819842
29,31,-0.785398
29,35,-0.785398
29,56,-1.249046
29,57,-2.356194
29,85,2.356194
30,9,2.356194
30,41,2.356194
31,8,0.321751
31,9,-2.819842
31,35,2.356194
31,39,-0.785398
31,40,-1.892547
31,49,0.785398
31,50,1.892547
31,68,-0.785398
31,69,-1.570796
31,70,3.141593
32,8,-0.785398
32,33,-0.785398
32,34,-1.892547
32,52,2.356194
32,79,1.249046
32,81,1.570796
32,83,-1.892547
33,48,0.785398
33,76,0.785398
33,77,1.570796
34,49,-1.249046
34,51,-2.356194
35,24,1.249046
35,25,2.356194
35,31,1.249046
35,32,2.356194
35,42,1.249046
35,43,2.356194
35,44,0.785398
35,45,1.892547
35,52,0.000000
35,53,1.570796
35,54,2.356194
35,82,2.819842
36,29,1.249046
36,31,-1.892547
36,40,0.000000
36,41,-0.785398
36,42,-1.892547
36,45,-1.249046
36,46,-2.356194
36,49,0.785398
36,50,1.892547
36,82,-2.356194
37,8,2.356194
37,22,0.000000
37,23,-1.892547
37,28,0.000000
37,29,-1.892547
37,36,0.785398
37,37,1.892547
37,50,-1.249046
37,51,-2.356194
37,84,0.785398
37,85,1.892547
37,87,2.356194
38,7,0.321751
38,26,1.249046
38,27,3.141593
38,38,-2.356194
38,45,3.141593
38,76,0.785398
38,77,1.892547
39,7,-0.785398
39,19,1.570796
39,25,0.000000
39,26,-1.892547
39,33,-0.785398
39,34,-1.570796
39,35,-2.356194
39,48,0.000000
39,50,3.141593
39,58,0.785398
39,59,1.892547
39,69,0.785398
39,70,1.892547
39,77,-1.249046
39,78,-2.356194
39,79,0.785398
40,17,1.249046
40,23,1.249046
40,24,3.141593
40,54,3.141593
40,59,-1.249046
40,60,-2.356194
40,61,0.785398
40,62,1.892547
40,70,-1.249046
40,71,3.141593
40,80,-1.249046
40,89,-2.356194
41,22,0.000000
41,23,-1.892547
41,62,-1.249046
41,63,-2.356194
41,82,-1.249046
41,89,2.356194
42,15,-0.785398
42,16,-1.892547
42,20,1.249046
42,21,3.141593
42,33,0.000000
42,58,1.570796
42,66,0.000000
42,67,1.570796
42,68,2.356194
42,89,3.141593
43,69,1.570796
43,85,-1.249046
44,18,0.000000
44,19,-1.892547
44,29,3.141593
44,56,0.785398
44,65,0.785398
44,69,-0.785398
44,70,-2.356194
44,80,0.785398
44,81,1.892547
44,87,-1.249046
44,90,2.819842
45,17,3.141593
45,33,0.000000
45,45,0.785398
45,46,1.892547
45,81,-1.249046
45,83,1.892547
46,16,-1.570796
46,21,-0.785398
46,46,-1.249046
46,47,-2.356194
46,57,-1.570796
46,59,0.000000
46,60,1.570796
46,61,2.356194
46,83,-1.249046
46,84,-2.356194
46,89,0.321751
46,91,2.819842
47,14,0.000000
47,19,2.356194
47,25,-1.570796
47,30,3.141593
47,55,0.785398
47,67,-1.570796
48,65,0.785398
48,91,-2.819842
49,11,2.356194
49,25,0.000000
49,34,0.000000
49,47,0.785398
49,48,1.892547
49,59,-1.249046
49,60,3.141593
49,66,-1.249046
49,67,3.141593
49,73,0.000000
49,74,1.892547
50,9,1.249046
50,48,-1.249046
50,49,-2.356194
50,52,3.141593
50,61,0.000000
50,62,1.892547
50,68,0.000000
50,69,1.892547
50,74,-1.249046
50,76,1.892547
50,81,0.785398
50,82,2.356194
50,90,-2.356194
51,8,0.321751
51,15,1.570796
51,57,-2.356194
51,62,-1.249046
51,64,1.892547
51,69,-1.249046
51,71,1.892547
51,85,0.000000
51,86,1.892547
52,15,-2.819842
52,64,-1.249046
52,66,1.892547
52,71,-1.249046
52,73,1.892547
52,81,-0.321751
52,86,-1.249046
52,87,3.141593
52,91,2.356194
53,6,0.000000
53,49,3.141593
53,59,0.000000
53,82,-1.249046
53,84,1.892547
53,89,0.785398
53,91,-2.819842
54,18,0.000000
54,19,3.141593
54,63,3.141593
54,68,-2.356194
54,74,-1.249046
54,76,1.892547
55,71,0.785398
55,72,1.892547
55,85,-1.249046
55,86,3.141593
56,5,-1.570796
56,9,0.000000
56,10,-0.785398
56,11,-1.892547
56,15,2.356194
56,44,1.249046
56,45,2.356194
56,49,3.141593
56,66,0.785398
56,77,-1.249046
56,78,3.141593
56,87,1.570796
57,8,-2.356194
57,14,0.785398
57,61,0.000000
57,63,3.141593
57,66,0.000000
57,73,-1.249046
57,74,3.141593
57,84,1.892547
57,87,-0.785398
57,88,-2.356194
57,89,0.785398
57,90,2.356194
58,13,0.785398
58,42,0.321751
58,66,-0.785398
58,69,1.570796
58,75,0.000000
58,76,1.570796
58,77,2.356194
58,84,-1.249046
58,86,2.356194
59,14,-2.356194
59,40,1.570796
59,66,0.785398
59,70,-2.356194
59,86,-1.570796
59,90,3.141593
60,40,-0.785398
60,67,3.141593
60,77,-0.785398
60,90,-2.356194
61,38,1.249046
61,39,3.141593
62,17,2.356194
62,33,1.249046
62,34,2.356194
62,50,-2.356194
62,81,0.785398
62,85,0.000000
63,16,-0.785398
63,29,0.000000
63,32,-0.785398
63,33,-1.892547
63,63,-0.785398
63,66,0.000000
63,67,1.892547
63,75,0.785398
63,76,2.356194
64,3,0.785398
64,8,1.570796
64,39,3.141593
64,68,-2.356194
64,75,-0.785398
64,78,1.570796
64,88,2.819842
65,3,-0.321751
65,5,2.356194
65,26,2.356194
65,49,3.141593
65,79,3.141593
66,7,3.141593
66,25,-0.785398
66,71,0.000000
66,85,1.570796
67,3,0.321751
67,6,-1.892547
67,10,0.321751
67,12,-2.356194
67,81,2.356194
67,90,-2.356194
67,91,3.141593
68,3,-0.785398
68,10,-1.570796
68,15,3.141593
68,39,0.321751
68,41,2.819842
68,68,0.000000
68,69,1.892547
68,79,0.000000
68,80,-0.785398
68,81,-2.356194
69,9,1.570796
69,17,2.356194
69,35,2.356194
69,37,0.785398
69,71,0.000000
69,74,3.141593
69,82,1.570796
70,12,1.570796
70,34,-0.785398
70,38,-0.785398
70,41,-2.819842
70,69,-0.785398
70,72,-0.785398
70,75,-0.785398
70,82,-0.321751
70,88,-0.321751
70,89,2.819842
71,3,0.785398
71,10,0.785398
71,12,-2.356194
71,15,0.785398
71,19,1.249046
71,20,2.356194
71,70,-2.356194
71,89,-1.570796
72,3,0.000000
72,10,-0.785398
73,78,-0.785398
73,80,0.000000
73,81,1.892547
74,3,0.000000
74,5,-1.892547
74,76,1.570796
75,3,-0.785398
75,15,0.000000
75,76,-0.321751
75,80,0.785398
75,87,3.141593
76,14,-0.785398
76,74,0.785398
76,77,-1.570796
76,80,-0.321751
76,87,-1.570796
76,91,-1.570796
77,75,-2.356194
77,81,-1.570796
78,2,0.321751
78,4,3.141593
78,6,1.570796
78,82,-2.356194
79,2,-0.785398
79,6,-2.819842
79,9,2.356194
79,71,2.356194
79,76,0.785398
80,77,1.570796
80,85,0.000000
81,5,-2.819842
81,64,0.785398
81,70,2.356194
81,77,-0.321751
81,78,2.819842
81,81,1.570796
81,86,-1.570796
82,7,1.570796
82,25,0.785398
82,63,0.785398
82,69,0.321751
82,70,-2.819842
82,82,2.819842
83,7,-2.819842
83,18,0.000000
83,26,-1.570796
83,54,0.785398
83,65,3.141593
83,69,-0.785398
83,76,1.570796
83,78,-0.321751
83,80,3.141593
83,82,-1.570796
83,91,-1.570796
84,3,-0.785398
84,33,1.249046
84,34,2.356194
84,65,-1.570796
84,71,1.249046
84,73,1.892547
85,3,0.785398
85,5,0.000000
85,32,0.000000
85,33,-1.892547
85,66,0.000000
85,67,1.570796
85,69,-1.570796
85,74,2.819842
86,3,0.000000
86,8,1.570796
86,29,0.000000
86,30,1.570796
86,31,3.141593
86,56,1.570796
86,71,-1.249046
86,72,-2.356194
86,74,-1.570796
86,76,2.356194
86,79,0.785398
87,3,-0.785398
87,19,0.000000
87,21,3.141593
87,67,2.356194
87,76,3.141593
87,79,0.000000
87,81,0.785398
88,62,2.356194
88,65,1.249046
88,82,-2.356194
89,10,1.570796
89,18,1.570796
89,27,0.785398
89,32,2.356194
89,69,2.356194
89,72,0.785398
89,73,1.570796
89,74,2.356194
89,82,0.000000
90,24,1.570796
90,25,3.141593
90,49,0.785398
90,56,2.819842
90,59,0.321751
90,63,0.321751
91,7,2.356194
91,28,-0.785398
91,32,2.819842
91,35,0.785398
91,36,2.356194
91,38,3.141593
91,53,0.000000
91,81,-2.356194
92,3,0.785398
92,6,0.000000
92,12,1.570796
92,14,1.570796
92,24,-1.570796
92,25,3.141593
92,35,-1.570796
92,42,1.570796
92,47,0.785398
92,50,0.785398
92,56,-0.321751
92,63,0.000000
92,68,-0.785398
92,69,3.141593
92,76,0.000000
92,79,2.819842
93,3,-0.321751
93,5,3.141593
93,12,0.785398
93,14,2.356194
93,29,-1.570796
93,34,3.141593
93,42,0.785398
93,50,-0.321751
93,54,2.819842
93,60,2.819842
93,63,-0.785398
93,70,0.000000
93,76,-0.785398
93,91,2.356194
94,12,-0.321751
94,14,-2.819842
94,17,0.000000
94,22,-2.356194
94,38,0.785398
94,43,2.819842
94,54,-2.356194
94,57,0.000000
94,60,-2.356194
94,64,1.570796
94,67,2.356194
94,71,-2.356194
94,74,-2.356194
94,79,0.000000
94,82,2.819842
94,84,0.785398
94,91,-2.819842
95,16,1.570796
95,35,2.356194
95,57,-0.785398
95,64,0.000000
95,79,-0.785398
95,82,-2.356194
95,84,-0.321751
95,85,2.819842
96,11,1.249046
96,13,-1.570796
96,14,-2.356194
96,41,-1.570796
96,64,-0.785398
96,85,-2.356194
97,7,-0.785398
97,8,-1.570796
97,9,-2.356194
97,10,-0.785398
97,11,-1.892547
97,16,-1.249046
97,17,-2.356194
97,18,-0.785398
97,19,-1.570796
97,37,0.000000
97,38,-0.785398
97,39,-1.892547
97,43,-1.249046
97,44,-2.356194
97,46,-0.785398
97,47,-1.570796
97,48,3.141593
97,58,-2.356194
97,60,-1.570796
97,64,-1.570796
97,67,-0.785398
97,72,2.356194
97,77,-1.570796
97,79,-1.570796
97,82,-1.570796
97,85,0.785398
97,89,-2.819842
98,23,-0.785398
98,24,-1.892547
98,32,-1.892547
98,49,-2.356194
98,52,-1.570796
98,55,-1.570796
98,67,-1.570796
98,70,-2.356194
98,71,-0.785398
98,86,-2.356194
98,87,-0.785398
98,88,-1.892547
