4,19,1.249046
4,21,1.892547
4,43,2.356194
5,14,1.249046
5,15,2.356194
5,31,0.785398
5,32,1.570796
5,33,2.356194
5,59,0.785398
5,60,2.356194
6,19,-1.249046
6,21,-1.892547
6,42,3.141593
6,49,0.321751
6,59,-0.785398
7,12,-0.785398
7,38,0.321751
8,38,-0.785398
8,49,3.141593
8,52,0.785398
8,60,2.819842
9,52,0.000000
9,72,2.356194
10,41,-0.785398
10,46,-0.785398
10,47,-1.570796
10,58,-1.249046
10,60,-2.356194
10,69,1.249046
11,24,1.892547
11,27,1.249046
11,28,2.356194
11,29,0.785398
11,30,1.570796
11,32,-1.570796
11,33,-2.356194
11,49,-1.249046
11,50,-2.356194
11,67,0.785398
11,71,-2.356194
12,37,-0.785398
12,38,-1.570796
12,39,3.141593
12,41,2.356194
12,52,-1.249046
12,53,3.141593
13,20,2.356194
13,21,-0.785398
13,22,-1.570796
14,25,-1.249046
14,27,-2.356194
14,46,0.785398
14,47,1.892547
14,57,0.785398
14,59,1.892547
14,68,2.356194
15,13,1.249046
15,14,2.356194
15,19,-2.356194
15,28,0.785398
15,30,-1.570796
15,31,-2.356194
15,41,-0.785398
15,47,-1.249046
15,48,-2.356194
15,57,-1.570796
15,59,-1.249046
15,60,-2.356194
15,61,0.785398
15,62,1.892547
15,66,1.249046
15,68,3.141593
16,10,1.249046
16,28,-0.785398
16,33,0.785398
16,34,2.356194
16,37,0.785398
16,38,1.892547
16,41,0.000000
16,51,1.570796
16,56,1.570796
16,62,-1.249046
16,64,1.570796
17,7,0.785398
17,33,-0.785398
17,51,-0.321751
17,54,1.570796
17,56,-2.356194
17,66,-1.249046
17,68,3.141593
17,82,2.356194
18,7,0.000000
18,22,1.249046
18,23,2.356194
18,27,-0.785398
18,28,-1.570796
18,29,-2.356194
18,38,-1.570796
18,57,0.785398
18,58,2.356194
18,70,1.570796
19,7,-0.785398
19,9,-1.249046
19,11,-1.892547
19,14,0.785398
19,15,1.570796
19,16,2.356194
19,18,-0.785398
19,19,-1.570796
19,20,-2.356194
19,32,-0.785398
19,47,0.785398
19,48,2.356194
19,51,-0.785398
19,57,-0.785398
19,60,0.000000
19,61,1.892547
20,22,-2.356194
20,36,-0.785398
20,37,-1.570796
20,39,1.892547
20,47,-1.570796
20,53,-1.249046
20,54,3.141593
20,64,-1.570796
20,65,-2.356194
21,22,0.785398
21,39,-1.249046
21,40,-2.356194
21,59,0.785398
21,73,1.892547
22,45,-0.785398
22,46,-1.570796
22,48,1.892547
22,75,1.570796
22,76,2.356194
22,77,-0.785398
22,78,-1.892547
23,7,0.785398
23,14,-0.785398
23,15,-1.570796
23,16,-2.356194
23,21,-0.785398
23,22,-1.892547
23,48,-1.249046
23,49,-2.356194
24,7,0.000000
24,37,1.892547
24,55,0.785398
24,61,-0.785398
24,64,0.785398
24,65,1.892547
24,70,-0.785398
24,73,-1.249046
24,75,3.141593
25,7,-0.785398
25,27,0.785398
25,28,1.570796
25,29,2.356194
25,42,0.785398
25,43,1.892547
25,61,2.356194
26,7,0.785398
26,17,0.785398
26,18,1.570796
26,19,2.356194
26,43,-1.249046
26,44,-2.356194
26,45,0.785398
26,46,1.892547
26,60,-0.785398
26,61,-2.356194
26,65,-1.570796
26,68,0.785398
26,75,3.141593
27,9,2.356194
27,57,-0.785398
27,63,0.785398
27,75,-2.356194
28,66,0.785398
28,68,-2.819842
29,27,-0.785398
29,28,-1.570796
29,29,-2.356194
29,35,-0.785398
29,36,-1.570796
29,38,1.570796
29,39,2.356194
29,40,0.785398
29,46,0.000000
29,48,-1.570796
29,49,-2.356194
29,57,2.356194
29,64,-1.570796
29,72,-0.785398
29,74,-1.249046
29,75,3.141593
29,84,2.356194
30,17,-0.785398
30,18,-1.570796
30,19,-2.356194
30,21,0.785398
30,22,2.356194
30,41,-1.570796
30,51,0.000000
30,52,1.570796
30,53,2.356194
30,55,0.785398
30,60,1.249046
30,61,2.356194
30,62,0.785398
30,63,2.356194
30,67,0.000000
30,69,1.892547
30,82,0.785398
31,4,0.321751
31,12,0.785398
31,13,1.570796
31,14,3.141593
31,22,-2.356194
31,38,3.141593
31,44,0.785398
31,46,-2.819842
31,58,-2.356194
31,63,-2.356194
31,67,-1.570796
31,85,2.819842
32,4,-0.785398
32,32,1.249046
32,34,1.570796
32,35,2.356194
32,36,0.000000
32,56,-0.785398
32,60,-2.356194
32,69,-1.570796
32,85,-2.356194
33,21,0.000000
33,22,-1.570796
33,23,-2.356194
33,38,3.141593
33,64,1.570796
33,71,-1.570796
33,73,0.000000
34,16,1.249046
34,17,2.356194
34,38,-2.356194
34,60,0.785398
34,64,0.000000
34,70,2.356194
34,74,-1.570796
35,32,-0.785398
35,35,2.819842
35,42,1.570796
35,60,0.000000
35,64,-1.570796
35,78,1.249046
35,80,-1.892547
36,12,-0.785398
36,26,1.249046
36,27,2.356194
36,28,0.785398
36,35,-2.356194
36,38,0.785398
36,49,1.570796
36,63,3.141593
36,67,0.000000
36,70,0.000000
36,73,0.785398
37,7,1.249046
37,8,2.356194
37,16,-2.356194
37,29,-2.356194
37,35,-1.570796
37,38,-0.321751
37,39,2.819842
37,67,0.785398
37,78,-2.356194
38,3,0.321751
38,5,-2.356194
38,14,-0.785398
38,26,-2.356194
38,39,-2.356194
38,67,0.000000
38,70,3.141593
38,74,-1.570796
38,85,2.356194
39,3,-0.785398
39,7,-1.570796
39,67,-0.785398
39,70,-1.570796
39,85,3.141593
40,8,0.785398
40,9,2.356194
40,10,0.785398
40,11,1.570796
40,12,2.356194
40,13,-0.785398
40,15,2.819842
40,25,-0.785398
40,27,2.819842
40,60,0.321751
40,85,-2.356194
41,15,-2.356194
41,22,0.785398
41,23,2.356194
41,27,-2.356194
41,31,0.785398
41,33,-1.570796
41,34,3.141593
41,60,-0.785398
41,76,-2.356194
42,3,0.785398
42,8,-0.785398
42,9,-2.356194
42,10,-0.785398
42,18,1.249046
42,19,3.141593
42,23,-2.356194
42,31,-0.785398
42,56,2.356194
43,3,-0.321751
43,5,2.356194
43,16,0.000000
43,55,0.321751
43,56,-2.819842
43,72,-2.819842
44,23,0.785398
44,48,0.785398
44,55,-0.785398
44,70,0.321751
44,75,0.785398
45,23,-0.321751
45,24,2.819842
45,42,0.785398
45,46,2.356194
45,48,-0.321751
45,49,2.819842
45,76,3.141593
46,9,1.249046
46,10,2.356194
46,11,3.141593
46,24,-2.356194
46,42,0.000000
46,45,-0.785398
46,49,-2.356194
46,69,0.321751
46,70,-2.819842
46,80,-1.570796
46,81,-2.356194
46,84,-0.785398
46,86,2.819842
47,7,1.249046
47,9,-1.892547
47,42,-0.785398
47,69,-0.785398
47,77,-0.785398
47,86,-2.356194
48,4,0.785398
48,13,0.000000
48,14,-1.892547
48,24,-1.570796
48,32,2.356194
48,62,2.356194
48,77,2.356194
49,4,0.000000
49,10,1.249046
49,11,2.356194
49,18,0.785398
49,31,0.321751
49,32,-2.819842
49,61,0.321751
49,62,-2.819842
49,75,1.249046
49,77,3.141593
50,4,-1.570796
50,9,-0.785398
50,10,-1.892547
50,28,-1.570796
50,31,-0.785398
50,61,-0.785398
50,75,-1.892547
50,77,-2.356194
51,20,0.000000
51,31,-1.570796
51,73,-0.785398
52,18,-2.356194
52,21,-2.356194
52,61,-1.570796
52,81,0.785398
53,21,2.356194
53,64,2.356194
53,77,0.785398
54,3,0.785398
54,7,1.249046
54,8,2.356194
54,21,-2.819842
54,30,1.570796
54,63,0.321751
54,64,-2.819842
54,79,-0.785398
54,80,-1.570796
55,3,0.000000
55,6,-0.785398
55,7,-1.892547
55,17,-0.785398
55,48,1.249046
55,49,3.141593
55,53,0.785398
55,74,-2.356194
55,75,0.785398
56,3,-0.785398
56,45,0.321751
56,53,-0.785398
56,54,-2.356194
56,55,0.785398
56,56,2.356194
56,60,2.356194
56,61,0.785398
56,63,-2.819842
57,45,-0.785398
57,48,-2.356194
57,56,-2.356194
57,59,-0.785398
57,70,0.321751
58,17,1.249046
58,18,3.141593
58,66,2.356194
58,70,-0.785398
58,85,-2.819842
59,3,0.785398
59,16,-0.785398
59,17,-1.892547
59,23,1.570796
59,32,0.785398
59,36,2.356194
59,40,1.570796
59,48,2.356194
59,65,0.321751
59,66,-2.819842
59,81,1.570796
59,82,2.356194
59,83,-0.785398
59,84,-1.892547
60,3,0.000000
60,12,1.249046
60,13,3.141593
60,27,-0.785398
60,31,1.570796
60,33,0.000000
60,34,1.570796
60,39,0.321751
60,40,-2.819842
60,47,0.321751
60,48,-2.819842
60,65,-0.785398
60,75,0.321751
61,3,-0.785398
61,11,0.000000
61,12,-1.892547
61,31,-2.819842
61,39,-1.570796
61,50,0.785398
61,65,2.356194
61,69,1.570796
61,81,3.141593
62,19,0.785398
62,20,1.570796
62,21,3.141593
62,26,2.356194
62,29,0.321751
62,46,0.321751
62,47,-2.819842
62,50,-0.785398
62,51,3.141593
62,63,2.356194
62,65,3.141593
62,69,-2.819842
62,75,-1.570796
62,77,-1.892547
63,25,-0.785398
63,29,-1.570796
63,34,2.356194
63,46,-1.570796
63,52,0.000000
63,53,2.356194
63,61,0.000000
63,62,-1.892547
63,73,-1.570796
63,81,-2.819842
64,3,0.785398
64,14,1.249046
64,15,3.141593
64,37,1.570796
64,53,-2.356194
65,3,0.000000
65,13,0.000000
65,14,-1.892547
65,20,0.785398
65,27,-0.785398
65,31,1.249046
65,32,3.141593
65,57,0.785398
66,3,-0.785398
66,44,1.570796
66,48,1.570796
66,57,0.000000
66,76,0.321751
66,84,2.356194
67,10,1.249046
67,11,3.141593
67,25,-1.570796
67,29,0.321751
67,34,0.321751
67,35,-2.819842
67,47,0.321751
67,48,-2.819842
67,67,-2.819842
67,71,0.321751
67,73,3.141593
67,86,0.000000
67,87,2.356194
68,9,0.000000
68,10,-1.892547
68,29,-1.570796
68,38,0.321751
68,42,-0.785398
68,47,-1.570796
68,57,3.141593
68,62,0.321751
68,63,-2.819842
68,71,-1.570796
68,74,0.785398
68,87,-2.356194
69,3,0.785398
69,14,0.785398
69,19,0.000000
69,28,3.141593
69,34,-2.819842
69,38,-1.570796
69,42,2.356194
69,57,-2.356194
69,62,-0.785398
69,66,2.356194
69,74,-0.785398
69,76,-1.249046
69,77,-2.356194
70,3,0.000000
70,14,-0.785398
70,15,-2.356194
70,27,-1.570796
70,41,0.321751
70,42,-2.819842
70,65,0.321751
70,66,-2.819842
70,70,2.356194
71,36,1.570796
71,45,1.570796
71,69,0.321751
71,70,-2.819842
71,80,-1.570796
71,87,2.356194
72,2,0.321751
72,3,-2.819842
72,35,0.321751
72,36,-2.819842
72,41,-2.819842
72,44,0.321751
72,45,-2.819842
72,53,2.356194
72,64,0.321751
72,65,-2.819842
72,69,-1.570796
72,83,1.249046
72,85,1.570796
72,87,3.141593
73,2,-0.785398
73,18,1.249046
73,19,2.356194
73,35,-1.570796
73,39,0.321751
73,44,-1.570796
73,48,0.785398
73,53,-2.819842
73,68,0.785398
73,87,-1.570796
74,14,1.249046
74,15,2.356194
74,16,0.785398
74,39,-1.570796
74,48,-0.785398
74,49,3.141593
74,55,1.570796
74,68,-0.785398
74,69,3.141593
74,71,1.570796
75,7,1.570796
75,13,0.000000
75,14,-1.892547
75,27,0.321751
75,33,1.570796
75,38,1.570796
75,55,-2.819842
75,63,0.000000
75,67,3.141593
75,73,1.570796
75,83,-1.570796
76,2,0.785398
76,6,-0.785398
76,21,1.249046
76,22,2.356194
76,23,3.141593
76,27,-0.785398
76,31,0.785398
76,37,0.321751
76,38,-2.819842
76,53,0.000000
76,54,-1.892547
76,81,0.785398
76,82,2.356194
77,3,-2.356194
77,11,1.570796
77,14,0.000000
77,20,0.000000
77,21,-1.892547
77,37,-1.570796
77,46,3.141593
77,50,0.321751
77,65,-0.785398
77,74,0.000000
77,75,1.892547
77,82,-1.570796
78,8,0.000000
78,11,3.141593
78,26,-0.785398
78,30,0.000000
78,45,-0.785398
78,72,2.356194
78,77,2.356194
79,23,1.249046
79,24,3.141593
79,48,1.249046
79,60,1.570796
79,68,0.785398
79,78,2.356194
80,10,0.321751
80,11,-2.819842
80,16,3.141593
80,28,-1.570796
80,34,1.570796
80,44,0.000000
80,48,-1.892547
80,59,0.321751
80,60,-2.819842
80,74,3.141593
81,15,-1.570796
81,20,1.249046
81,22,-1.892547
81,34,-2.819842
81,43,3.141593
81,59,-1.570796
81,64,2.356194
82,9,0.000000
82,13,1.249046
82,14,3.141593
82,26,1.570796
82,32,0.000000
82,33,-1.892547
82,42,-1.570796
82,63,-0.785398
82,64,-2.356194
83,4,0.785398
83,8,1.570796
83,18,0.000000
83,19,-1.892547
83,23,1.249046
83,24,2.356194
83,25,-0.785398
83,26,-2.356194
83,29,2.356194
83,38,2.356194
83,61,1.570796
83,88,1.570796
84,5,0.785398
84,6,2.356194
84,7,-0.785398
84,8,-2.356194
84,36,1.249046
84,38,-2.356194
84,54,0.785398
84,82,0.000000
84,83,1.892547
84,88,-2.819842
85,9,0.785398
85,11,-1.892547
85,16,1.570796
85,30,-0.785398
85,35,-0.785398
85,36,-1.892547
85,39,1.570796
85,45,2.356194
85,57,-1.570796
85,58,-2.356194
85,62,2.356194
85,68,1.570796
85,87,-1.892547
86,5,-2.819842
86,9,-0.785398
86,16,-2.819842
86,20,0.321751
86,33,1.570796
86,41,-1.570796
86,42,-2.356194
86,44,-0.785398
86,45,-2.356194
86,60,-1.249046
86,62,-2.356194
86,68,-0.321751
86,75,0.000000
86,76,1.570796
86,77,2.356194
87,3,0.321751
87,14,0.000000
87,15,-1.892547
87,20,-1.570796
87,28,1.570796
87,32,0.321751
87,33,-2.819842
87,38,0.000000
87,39,-1.892547
87,46,0.000000
87,48,-0.785398
87,49,-1.570796
87,50,-2.356194
87,56,1.570796
87,64,3.141593
87,78,2.356194
88,3,-1.570796
88,19,-0.785398
88,32,-1.570796
88,57,3.141593
88,70,-1.249046
88,87,1.892547
89,26,1.249046
89,27,3.141593
89,42,1.570796
89,44,-0.785398
89,72,-2.356194
89,85,-1.892547
90,16,1.570796
90,25,0.321751
90,59,0.000000
90,60,1.892547
90,67,1.570796
90,72,0.785398
90,80,2.819842
91,2,-1.570796
91,16,-1.570796
91,20,1.570796
91,25,-1.570796
91,40,0.000000
91,51,3.141593
91,60,-1.249046
91,61,3.141593
91,73,3.141593
91,86,0.321751
91,89,-2.819842
92,5,2.356194
92,10,1.570796
92,28,1.570796
92,46,2.356194
92,49,-0.785398
92,53,0.000000
92,54,0.785398
92,62,1.570796
92,68,0.000000
92,80,0.000000
93,5,3.141593
93,9,0.321751
93,10,-2.819842
93,14,1.570796
93,19,1.570796
93,24,-1.570796
93,27,0.321751
93,28,-2.819842
93,45,-0.785398
93,55,-1.570796
93,63,3.141593
93,69,-1.570796
93,86,0.000000
93,88,3.141593
94,5,-1.570796
94,9,-1.570796
94,19,-2.819842
94,27,-1.570796
94,32,-1.570796
94,36,2.356194
94,43,2.356194
94,57,0.785398
94,70,0.000000
94,76,1.570796
95,6,0.000000
95,7,1.570796
95,8,3.141593
95,12,0.785398
95,13,2.356194
95,17,0.321751
95,22,2.356194
95,42,1.570796
95,58,-1.570796
95,71,-1.570796
95,76,-0.321751
95,82,-0.785398
95,83,-1.570796
95,84,-2.356194
95,85,-0.785398
95,86,-1.570796
96,11,0.785398
96,13,-2.356194
96,17,-1.570796
96,29,1.570796
96,39,0.000000
96,41,-0.785398
96,42,-2.356194
96,50,0.000000
96,65,0.000000
96,66,1.892547
97,12,-2.356194
97,21,-1.570796
97,25,1.570796
97,43,1.570796
97,46,3.141593
97,66,-1.249046
97,67,3.141593
97,72,-1.570796
97,77,-0.785398
98,15,-0.785398
98,23,0.000000
98,24,-0.785398
98,29,-1.570796
98,33,-1.570796
98,44,-2.356194
98,55,3.141593
98,61,-1.570796
98,68,-2.356194
98,78,-0.785398
