5,42,1.249046
5,43,2.356194
5,49,0.785398
5,50,1.570796
5,51,2.356194
6,29,1.249046
6,30,2.356194
6,39,0.785398
6,40,1.570796
6,59,0.785398
6,60,2.356194
7,42,-1.570796
7,50,2.356194
7,59,-0.785398
8,23,1.249046
8,24,3.141593
8,29,-1.570796
8,59,2.356194
8,69,1.570796
9,16,1.249046
9,17,2.356194
9,22,-0.785398
9,51,2.819842
10,41,2.819842
10,73,0.785398
10,74,2.356194
11,41,-2.356194
11,47,-0.785398
11,54,1.570796
11,61,-2.356194
12,15,-1.570796
12,36,-0.785398
12,37,-1.570796
12,39,-1.570796
12,63,0.785398
12,64,1.570796
12,65,2.356194
12,66,-0.785398
12,67,-1.892547
12,71,1.249046
12,73,3.141593
12,84,2.356194
13,51,0.000000
13,52,-1.570796
13,54,-1.570796
13,56,-1.892547
13,60,-1.570796
13,73,-2.356194
14,28,1.570796
14,61,-0.785398
14,62,-1.570796
15,28,0.000000
15,30,0.785398
15,31,1.892547
15,34,0.785398
15,35,1.892547
16,10,0.785398
16,37,1.570796
16,39,1.570796
16,40,2.356194
16,41,0.785398
16,42,1.892547
16,48,0.785398
16,50,-1.570796
16,51,-2.356194
16,55,1.249046
16,68,-0.321751
16,70,-2.819842
17,10,-0.785398
17,11,3.141593
17,35,-1.892547
17,44,0.785398
17,45,1.892547
17,57,-2.356194
18,27,-0.785398
18,28,-1.892547
18,30,-1.249046
18,31,-2.356194
18,32,-0.785398
18,33,-1.892547
18,39,-1.570796
18,40,3.141593
18,68,0.321751
18,69,-2.819842
18,85,2.356194
19,23,0.785398
19,24,2.356194
19,41,-0.785398
19,56,-1.249046
19,57,-2.356194
19,63,0.785398
19,64,1.570796
19,65,2.356194
19,77,0.321751
20,24,-2.356194
20,32,1.249046
20,33,2.356194
20,35,1.249046
20,36,2.356194
20,37,0.785398
20,38,1.892547
20,47,-0.785398
20,54,1.892547
20,61,0.000000
20,68,3.141593
20,74,3.141593
20,77,-1.570796
21,29,1.570796
21,30,2.356194
21,31,-0.785398
21,51,-0.785398
21,52,-1.892547
21,54,-1.249046
21,55,-2.356194
21,56,0.785398
21,57,1.892547
21,62,-1.249046
21,86,2.356194
22,24,2.356194
22,27,-0.785398
22,33,-0.785398
22,36,-2.356194
22,37,-0.785398
22,38,-1.892547
22,40,1.570796
22,66,1.570796
22,68,-1.570796
22,77,3.141593
23,22,0.785398
23,30,-2.356194
23,31,3.141593
23,41,-2.356194
23,62,0.785398
23,75,-1.570796
23,78,0.785398
23,79,2.356194
23,80,-0.785398
23,81,-1.892547
24,10,3.141593
24,27,-0.785398
24,28,-1.892547
24,46,0.000000
24,47,1.570796
24,52,1.892547
24,58,-0.785398
24,63,-1.249046
24,65,2.356194
24,69,0.321751
24,78,-0.785398
25,7,0.321751
25,31,0.785398
25,32,1.570796
25,65,-1.570796
25,73,-0.785398
25,82,0.321751
26,7,-0.785398
26,29,1.249046
26,30,3.141593
26,34,-2.356194
26,42,1.570796
26,57,-0.785398
26,58,-1.570796
26,59,3.141593
26,68,-0.785398
26,75,-1.249046
26,82,-0.785398
27,13,0.785398
27,15,1.892547
27,23,2.356194
27,28,-0.785398
27,32,-0.785398
27,33,-2.356194
27,39,1.570796
27,42,-1.570796
27,52,-1.570796
27,77,-1.249046
27,78,3.141593
28,21,-0.785398
28,22,-1.892547
28,31,0.000000
28,39,-1.570796
28,64,0.785398
28,65,1.892547
28,80,0.785398
28,81,2.356194
29,13,-0.321751
29,32,0.000000
29,33,3.141593
29,36,0.000000
29,37,3.141593
29,47,-0.785398
29,65,-1.249046
29,66,-2.356194
29,72,1.570796
29,73,2.356194
30,14,-1.249046
30,16,-1.892547
30,39,1.249046
30,40,2.356194
30,41,3.141593
30,53,-1.570796
30,57,0.785398
30,75,0.000000
30,76,1.892547
30,81,0.000000
31,23,0.000000
31,38,-0.785398
31,48,-1.570796
31,58,-2.356194
31,66,0.000000
31,76,-1.249046
31,77,3.141593
31,81,-0.785398
31,88,2.356194
32,19,1.570796
32,35,0.000000
32,41,2.356194
32,43,3.141593
32,53,2.356194
32,60,0.000000
32,61,3.141593
32,69,-0.785398
32,82,-0.785398
32,86,1.249046
32,88,-2.356194
33,10,1.249046
33,19,0.785398
33,31,0.000000
33,32,3.141593
33,38,0.000000
33,39,-0.785398
33,40,-1.892547
33,46,3.141593
33,52,-0.785398
33,74,3.141593
33,78,0.785398
34,20,-2.356194
34,25,3.141593
34,29,2.356194
34,42,0.000000
34,49,2.356194
34,61,0.000000
34,63,3.141593
34,71,-1.570796
34,80,1.570796
34,81,2.356194
34,84,-1.570796
34,86,-2.356194
35,5,0.321751
35,13,-2.356194
35,15,0.785398
35,47,0.000000
36,5,-0.785398
36,11,-1.892547
36,16,-1.570796
36,27,-0.785398
36,32,3.141593
36,43,0.000000
36,44,3.141593
36,80,-0.321751
36,85,3.141593
36,88,0.000000
36,90,2.819842
37,17,1.570796
37,19,0.785398
37,20,1.892547
37,24,3.141593
37,30,-0.785398
37,36,3.141593
37,41,3.141593
37,60,0.000000
37,61,3.141593
37,90,-2.356194
38,5,2.356194
38,20,-1.249046
38,21,-2.356194
38,27,0.000000
38,28,3.141593
38,33,0.000000
38,39,-0.785398
38,45,0.000000
38,46,3.141593
38,65,1.570796
38,75,0.000000
38,76,3.141593
38,80,1.570796
39,4,0.321751
39,15,1.249046
39,17,-1.892547
39,31,3.141593
39,36,0.000000
39,37,3.141593
39,54,0.000000
39,55,3.141593
39,69,2.356194
39,72,0.785398
39,80,-2.819842
39,90,2.356194
40,4,-1.570796
40,14,0.000000
40,15,-1.892547
40,58,0.000000
40,59,3.141593
40,75,1.249046
40,76,2.356194
40,78,-0.785398
40,79,-1.892547
40,87,-1.249046
40,88,-2.356194
40,90,3.141593
41,11,0.785398
41,12,1.570796
41,13,3.141593
41,19,1.570796
41,23,0.785398
41,27,-0.785398
41,65,-0.785398
41,69,-2.356194
41,70,-0.785398
42,10,1.570796
42,19,-1.570796
42,24,0.000000
42,25,3.141593
42,30,0.000000
42,31,3.141593
42,57,1.249046
42,58,2.356194
42,76,2.356194
42,79,0.000000
42,90,3.141593
43,10,-2.819842
43,15,3.141593
43,23,-0.785398
43,37,0.000000
43,38,3.141593
43,49,1.570796
43,71,-0.785398
43,72,-1.892547
43,74,-1.249046
43,85,0.000000
43,86,1.892547
43,90,-2.356194
44,20,1.570796
44,27,0.000000
44,28,3.141593
44,40,2.356194
44,57,-2.356194
44,61,0.000000
44,64,3.141593
45,3,0.785398
45,8,-0.785398
45,20,-1.570796
45,25,3.141593
45,32,3.141593
45,52,0.000000
45,57,-1.570796
45,76,3.141593
45,87,-1.570796
45,90,2.356194
46,3,0.000000
46,22,-0.785398
46,44,0.785398
46,45,2.356194
46,53,0.000000
46,55,3.141593
46,82,2.356194
46,90,3.141593
47,3,-0.785398
47,14,1.249046
47,15,2.356194
47,16,3.141593
47,20,2.356194
47,26,0.000000
47,33,1.570796
47,35,0.000000
47,38,-0.785398
47,39,-1.570796
47,40,-2.356194
47,45,-1.570796
47,50,-2.356194
47,58,1.249046
47,59,2.356194
47,81,-0.785398
47,90,-2.356194
48,13,-0.785398
48,14,-1.892547
48,46,-2.356194
48,56,0.000000
48,57,-0.785398
48,58,-1.892547
48,72,0.785398
48,74,2.356194
48,77,2.356194
48,82,-0.785398
48,83,-1.570796
48,84,3.141593
49,8,1.249046
49,9,2.356194
49,29,2.356194
49,32,0.785398
49,63,0.000000
49,70,3.141593
49,76,-0.785398
49,85,0.000000
49,86,1.892547
50,3,0.785398
50,33,-2.356194
50,34,3.141593
50,44,0.000000
50,47,3.141593
50,57,0.000000
50,58,3.141593
50,78,2.356194
50,86,-1.249046
50,87,-2.356194
50,88,0.785398
50,91,2.819842
51,3,-0.321751
51,5,3.141593
51,8,-1.570796
51,15,-0.785398
51,23,1.570796
51,38,1.570796
51,78,3.141593
51,81,0.000000
51,82,0.785398
51,83,1.892547
52,9,0.785398
52,10,2.356194
52,23,2.356194
52,26,1.570796
52,28,0.785398
52,33,1.570796
52,38,-1.570796
52,49,2.356194
52,78,-1.570796
52,83,-1.249046
52,85,1.892547
52,89,-0.321751
52,91,-2.819842
53,20,2.356194
53,21,0.785398
53,23,-2.819842
53,29,2.356194
53,33,-1.570796
53,44,1.249046
53,45,2.356194
53,46,3.141593
53,48,-0.785398
53,56,3.141593
53,75,0.785398
53,79,0.000000
53,80,1.892547
54,4,0.785398
54,8,-0.785398
54,27,0.000000
54,28,-0.785398
54,43,-0.785398
54,44,-1.892547
54,54,-0.785398
54,76,1.570796
54,86,-1.249046
54,87,3.141593
54,90,-0.321751
54,91,2.819842
55,6,3.141593
55,26,-0.785398
55,33,0.000000
55,48,0.000000
55,49,3.141593
55,66,0.000000
55,67,3.141593
55,81,-1.249046
55,82,3.141593
56,24,1.892547
56,41,0.000000
56,42,3.141593
56,74,0.000000
56,89,0.000000
56,91,-2.819842
57,19,1.249046
57,20,2.356194
57,21,-0.785398
57,22,-1.892547
57,24,-1.249046
57,26,1.892547
57,71,1.570796
57,85,0.000000
57,86,1.892547
58,7,1.570796
58,18,-0.785398
58,19,-1.892547
58,31,3.141593
58,37,2.356194
58,46,3.141593
58,61,0.000000
58,62,3.141593
58,78,-0.785398
59,25,-0.785398
59,26,-1.892547
59,42,0.000000
59,56,0.000000
59,57,3.141593
59,72,-2.356194
59,74,0.785398
59,79,-0.785398
59,87,-1.249046
59,89,2.356194
60,3,0.785398
60,6,0.000000
60,7,-1.892547
60,35,0.000000
60,36,-2.356194
60,65,0.000000
60,75,-2.356194
60,81,-1.249046
60,82,3.141593
60,89,-1.570796
61,3,-0.321751
61,5,3.141593
61,11,1.249046
61,12,3.141593
61,37,-2.356194
61,41,0.000000
61,42,-0.785398
61,44,2.819842
61,58,0.000000
61,62,3.141593
61,83,0.000000
61,84,1.892547
62,10,0.000000
62,11,-1.892547
62,17,1.249046
62,18,2.356194
62,29,0.000000
62,44,-2.356194
62,54,2.356194
62,72,0.000000
62,77,0.000000
63,4,0.785398
63,8,1.249046
63,9,3.141593
63,13,1.570796
63,16,0.000000
63,17,-1.892547
63,27,2.356194
63,44,-1.570796
63,47,0.000000
63,52,0.000000
63,63,0.000000
63,65,3.141593
63,73,-2.356194
63,79,0.000000
63,80,1.892547
63,85,-1.249046
64,4,0.000000
64,7,-0.785398
64,8,-1.892547
64,13,0.785398
64,23,2.356194
64,26,-0.785398
64,31,0.000000
64,33,3.141593
64,38,0.000000
64,41,3.141593
64,53,-1.249046
64,54,-2.356194
64,55,3.141593
64,57,0.785398
65,4,-0.785398
65,13,-0.785398
65,14,-2.356194
65,58,-2.356194
65,67,0.785398
65,76,1.570796
65,81,-1.249046
65,82,3.141593
65,87,-0.321751
65,88,2.819842
65,91,-1.570796
66,18,1.249046
66,19,3.141593
66,48,0.000000
66,50,3.141593
66,53,0.785398
66,76,-0.321751
66,88,-1.570796
67,10,2.356194
67,16,1.249046
67,18,-1.892547
67,27,1.570796
67,29,0.000000
67,54,-2.356194
67,63,0.000000
67,71,1.570796
67,77,-1.249046
67,78,3.141593
68,4,0.785398
68,9,-1.570796
68,15,0.000000
68,16,-1.892547
68,25,3.141593
68,27,-1.570796
68,56,0.000000
68,58,3.141593
68,72,-2.356194
68,79,1.570796
68,84,0.000000
68,85,1.892547
69,4,0.000000
69,14,-0.785398
69,48,3.141593
69,67,0.000000
69,68,1.892547
69,79,-0.321751
69,86,2.819842
70,4,-0.785398
70,16,0.785398
70,19,1.249046
70,20,3.141593
70,50,0.000000
70,52,0.785398
70,53,1.892547
70,62,0.000000
70,68,-1.249046
70,69,3.141593
70,75,0.000000
70,86,-1.570796
71,12,2.356194
71,19,-1.892547
71,27,3.141593
71,32,0.000000
71,43,3.141593
71,53,-1.249046
71,54,-2.356194
71,56,3.141593
71,64,-2.356194
71,76,-1.570796
71,87,1.570796
72,4,0.785398
72,11,0.000000
72,58,0.000000
72,66,0.785398
72,87,-0.321751
72,88,2.819842
72,91,2.356194
73,4,-0.321751
73,6,2.356194
73,12,0.785398
73,13,2.356194
73,15,-0.785398
73,16,-1.892547
73,21,3.141593
73,47,0.000000
73,49,3.141593
73,67,-2.356194
73,84,2.819842
73,88,-1.570796
73,91,-2.819842
74,12,-0.785398
74,20,-1.570796
74,29,0.000000
74,31,3.141593
74,34,0.000000
74,37,3.141593
74,51,0.000000
74,54,3.141593
74,64,3.141593
74,69,0.000000
74,70,3.141593
74,73,2.356194
74,78,-1.570796
74,84,-1.570796
75,12,2.356194
75,24,0.000000
75,26,3.141593
75,41,0.000000
75,44,3.141593
75,56,0.000000
75,57,3.141593
75,72,-0.785398
75,74,0.000000
75,85,0.000000
75,86,1.570796
75,87,2.356194
75,88,-0.785398
76,11,0.000000
76,60,0.000000
76,81,1.570796
76,90,-2.356194
77,5,0.785398
77,15,1.249046
77,16,3.141593
77,50,0.000000
77,62,-2.356194
77,68,0.000000
77,76,3.141593
77,81,-1.570796
77,86,0.785398
78,5,0.000000
78,14,0.000000
78,15,-1.892547
78,19,1.249046
78,20,2.356194
78,21,3.141593
78,36,0.785398
78,37,1.892547
78,54,0.785398
78,55,1.892547
78,70,0.000000
78,71,1.892547
78,77,0.000000
78,86,0.000000
78,88,1.892547
78,90,2.356194
79,5,-0.785398
79,13,1.570796
79,38,-2.356194
79,40,3.141593
79,55,-1.249046
79,56,-2.356194
79,71,-1.249046
79,72,3.141593
79,78,-2.356194
79,86,-1.570796
79,88,-1.249046
79,90,3.141593
80,12,0.000000
80,23,1.249046
80,24,3.141593
80,36,-0.785398
80,58,-2.356194
80,66,0.000000
80,78,-1.570796
80,90,-2.356194
81,5,0.785398
81,32,3.141593
81,44,-0.785398
81,49,-2.356194
81,74,1.570796
81,80,0.785398
82,5,-0.321751
82,7,2.356194
82,15,0.000000
82,16,-1.892547
82,20,1.249046
82,22,-1.892547
82,52,0.785398
82,63,1.570796
82,69,0.000000
82,70,1.892547
82,75,3.141593
83,14,3.141593
83,25,1.249046
83,26,3.141593
83,36,3.141593
83,39,0.000000
83,42,3.141593
83,45,1.570796
83,53,-2.356194
83,63,-1.570796
83,71,2.819842
83,76,0.000000
84,13,-1.570796
84,18,0.000000
84,19,-1.892547
84,23,1.249046
84,25,-1.892547
84,31,1.249046
84,32,2.356194
84,49,0.785398
84,57,0.000000
84,58,3.141593
84,71,-1.570796
84,77,-1.570796
84,82,1.570796
85,17,1.570796
85,22,0.000000
85,23,-1.892547
85,28,1.249046
85,29,2.356194
85,30,-0.785398
85,31,-1.892547
85,45,-1.570796
85,82,-0.321751
85,88,0.000000
85,89,2.356194
86,12,0.785398
86,15,1.249046
86,21,3.141593
86,27,0.000000
86,28,-1.892547
86,50,-1.570796
86,60,0.000000
86,73,0.000000
86,78,-1.570796
86,84,2.819842
86,89,-2.356194
87,12,0.000000
87,14,-0.785398
87,15,-1.892547
87,31,1.249046
87,32,2.356194
87,36,3.141593
87,40,0.000000
87,41,3.141593
87,74,-1.570796
88,18,1.249046
88,20,3.141593
88,24,1.249046
88,25,3.141593
88,30,0.000000
88,31,-1.892547
88,54,0.000000
88,63,1.570796
88,85,3.141593
89,20,-1.570796
89,23,-0.785398
89,24,-1.892547
89,49,0.785398
89,64,3.141593
89,71,1.570796
89,81,1.570796
90,7,0.000000
90,8,1.570796
90,9,2.356194
90,15,2.356194
90,16,-0.785398
90,17,-1.892547
90,21,-2.356194
90,27,1.249046
90,28,3.141593
90,33,1.249046
90,34,2.356194
90,39,3.141593
90,50,1.570796
90,58,0.000000
90,59,1.892547
90,76,1.570796
90,87,0.000000
90,88,2.356194
91,12,-1.249046
91,31,1.249046
91,33,-1.892547
91,50,-0.321751
91,52,2.356194
91,59,-1.249046
91,60,3.141593
91,66,0.000000
91,76,-0.321751
91,82,1.570796
91,88,-2.356194
92,14,-1.570796
92,25,0.000000
92,26,-1.892547
92,30,-0.785398
92,31,-1.892547
92,67,-2.356194
92,78,2.819842
92,82,-0.321751
92,88,2.356194
93,16,0.785398
93,17,1.570796
93,18,3.141593
93,24,1.570796
93,28,-0.785398
93,36,1.249046
93,37,2.356194
93,47,3.141593
93,67,-1.570796
93,74,1.570796
93,78,-1.570796
93,83,-1.249046
93,84,-2.356194
93,86,0.785398
93,88,-2.819842
94,23,0.000000
94,35,-0.785398
94,36,-1.892547
94,69,0.785398
94,74,-0.321751
94,75,2.819842
95,16,0.321751
95,17,-2.819842
95,58,1.570796
95,64,0.000000
95,80,1.570796
95,87,-2.819842
96,20,1.249046
96,21,3.141593
96,28,1.249046
96,29,2.356194
96,52,0.785398
96,58,-0.321751
96,65,-1.570796
96,75,-0.321751
96,76,2.819842
96,80,-0.321751
97,15,-0.785398
97,16,-1.570796
97,17,3.141593
97,27,-0.785398
97,28,-1.892547
97,53,-1.570796
97,59,-1.249046
97,60,3.141593
97,66,1.570796
97,76,-1.570796
97,81,-1.249046
97,82,-2.356194
97,84,-0.785398
97,85,-1.892547
98,18,-0.785398
98,19,-1.892547
98,25,-0.785398
98,33,0.000000
98,48,3.141593
98,55,3.141593
98,61,-2.356194
98,67,-2.356194
98,68,3.141593
98,72,-2.356194
98,77,-2.356194
