3,69,1.249046
3,71,1.570796
3,72,2.356194
4,64,0.785398
4,65,1.570796
4,67,1.570796
4,80,2.356194
5,40,2.356194
5,44,0.785398
5,45,1.570796
5,46,2.356194
5,51,0.785398
5,52,1.570796
5,53,2.356194
5,58,0.785398
5,61,3.141593
5,69,-1.249046
5,71,3.141593
5,84,2.356194
6,25,1.249046
6,26,3.141593
6,71,-2.356194
6,77,0.321751
7,36,0.000000
7,37,1.570796
7,39,3.141593
7,52,2.356194
7,59,-1.570796
7,71,0.785398
8,19,1.249046
8,20,3.141593
8,25,-1.570796
8,50,1.249046
8,52,3.141593
8,71,-0.785398
8,72,-2.356194
8,87,2.356194
9,26,0.785398
9,63,1.570796
9,77,-1.249046
9,78,-2.356194
9,79,-0.785398
9,80,-1.892547
10,13,0.785398
10,14,2.356194
10,19,-1.570796
10,47,1.249046
10,49,-1.892547
10,52,0.000000
10,63,-0.785398
10,64,-2.356194
11,14,-1.570796
11,31,1.249046
11,33,1.570796
11,44,0.321751
11,55,2.356194
11,56,0.785398
11,60,1.892547
11,62,1.570796
11,67,-2.356194
12,28,-1.249046
12,29,-2.356194
12,35,-1.570796
12,38,1.570796
12,52,0.000000
12,54,-1.892547
12,83,-0.785398
12,84,-1.892547
13,36,1.570796
13,66,2.356194
13,70,1.249046
13,71,2.356194
13,88,2.356194
14,38,-1.892547
14,45,-2.356194
14,46,-0.785398
14,47,-1.892547
14,50,0.785398
14,64,1.249046
14,69,0.000000
14,70,-1.892547
14,88,-2.819842
15,28,1.249046
15,29,2.356194
15,34,2.356194
15,77,1.249046
15,78,2.356194
15,86,-0.785398
15,87,-1.892547
16,25,0.785398
16,26,2.356194
16,36,-1.570796
16,41,0.000000
16,42,-1.892547
16,52,-1.892547
16,64,-1.570796
17,25,-0.785398
17,28,-1.570796
17,39,1.249046
17,40,3.141593
17,57,0.321751
17,60,1.570796
17,61,3.141593
18,31,-1.892547
18,33,-1.570796
18,50,-1.570796
18,67,-2.356194
18,76,0.000000
18,77,-1.570796
18,78,-2.356194
19,21,0.785398
19,34,1.570796
19,36,1.249046
19,52,2.356194
19,57,-2.819842
19,64,0.000000
19,65,-1.892547
20,10,3.141593
20,21,0.000000
20,34,-0.785398
20,62,2.356194
21,7,0.321751
21,21,-1.570796
21,29,-2.356194
21,36,-1.570796
22,7,-1.570796
22,12,0.000000
22,15,2.356194
22,27,-1.892547
22,37,0.000000
22,46,1.570796
22,47,3.141593
22,59,-1.249046
22,62,2.819842
22,84,0.785398
22,85,1.892547
23,24,0.000000
23,25,-1.892547
23,64,1.249046
23,65,3.141593
23,71,2.356194
23,74,-0.785398
23,91,2.356194
24,13,-0.785398
24,36,1.249046
24,38,-1.570796
24,39,-2.356194
24,40,-0.785398
24,44,3.141593
24,48,2.356194
24,49,-0.785398
24,50,-1.892547
24,88,0.785398
24,91,-2.819842
25,31,0.785398
25,32,1.570796
25,33,2.356194
25,35,-0.785398
25,36,-1.892547
25,55,0.000000
25,56,-1.570796
25,57,-2.356194
25,69,1.570796
25,79,0.785398
25,80,1.570796
25,81,2.356194
26,16,0.785398
26,20,1.570796
26,44,-1.570796
26,66,1.249046
26,67,2.356194
26,68,-0.785398
26,72,0.000000
27,16,0.000000
27,18,0.785398
27,20,-2.819842
27,25,1.249046
27,26,3.141593
27,32,2.356194
27,41,-0.785398
27,42,-1.892547
27,49,1.249046
27,50,2.356194
27,61,0.785398
28,23,1.249046
28,25,-1.892547
28,31,0.321751
28,32,-2.819842
28,48,-0.785398
28,49,-1.892547
28,66,-2.356194
28,70,2.356194
28,80,2.356194
28,87,-1.570796
29,16,-2.819842
29,20,1.570796
29,74,0.785398
29,75,1.570796
29,76,2.356194
29,78,0.785398
29,89,3.141593
30,20,0.000000
30,22,-1.892547
30,29,0.785398
30,34,1.249046
30,35,3.141593
30,42,1.249046
30,43,2.356194
30,46,-1.570796
30,51,1.249046
30,52,2.356194
30,81,-2.356194
31,6,0.785398
31,13,1.249046
31,17,2.356194
31,34,-1.892547
31,41,-0.785398
31,42,-1.892547
31,47,1.570796
31,50,0.000000
31,51,-1.892547
31,75,2.356194
31,79,-0.785398
31,84,1.570796
32,6,0.000000
32,11,0.785398
32,26,3.141593
32,37,1.249046
32,38,2.356194
32,47,-0.785398
32,49,2.356194
32,59,0.321751
32,68,-2.356194
32,84,0.000000
33,6,-0.785398
33,18,-1.892547
33,25,-1.570796
33,29,0.321751
33,35,0.000000
33,36,-0.785398
33,37,-1.892547
33,49,-1.570796
33,73,-1.892547
33,78,-0.785398
33,79,-1.570796
33,80,3.141593
33,87,0.785398
33,88,2.356194
34,23,1.249046
34,24,3.141593
34,29,-0.785398
34,50,1.570796
34,56,0.785398
34,57,1.570796
34,59,3.141593
34,61,0.785398
34,66,-1.249046
34,87,-1.570796
35,12,-0.321751
35,15,2.819842
35,20,1.249046
35,21,2.356194
35,22,-0.785398
35,32,2.356194
35,50,-0.785398
35,51,-2.356194
35,84,-1.249046
35,86,2.356194
35,89,0.785398
36,15,-1.570796
36,19,0.000000
36,20,-1.892547
36,24,0.000000
36,30,-2.356194
36,31,-0.785398
36,37,1.249046
36,38,2.356194
36,89,0.000000
37,17,2.356194
37,45,0.000000
37,66,1.249046
37,68,-1.892547
37,71,-2.356194
37,74,0.785398
37,81,0.785398
37,82,1.892547
37,91,-2.356194
38,5,0.321751
38,9,1.892547
38,14,1.249046
38,16,-1.892547
38,23,1.249046
38,27,-2.356194
38,37,-1.570796
38,59,-1.570796
38,62,0.000000
38,64,-1.570796
38,71,2.356194
38,74,-0.321751
38,82,-1.249046
38,83,-2.356194
38,84,0.785398
38,90,-2.356194
39,5,-1.570796
39,22,0.000000
39,23,-1.892547
39,31,1.249046
39,32,2.356194
39,38,0.785398
39,39,2.356194
39,42,3.141593
39,47,1.249046
39,49,2.356194
39,57,-1.570796
39,71,-2.819842
39,75,-1.249046
39,77,1.892547
40,14,-1.570796
40,44,0.000000
40,46,-0.785398
40,47,-1.892547
40,49,-2.356194
40,60,-1.570796
40,62,-2.356194
40,68,1.570796
40,77,-1.249046
40,78,-2.356194
41,10,-1.249046
41,11,-2.356194
41,20,1.570796
41,29,0.000000
41,30,-1.892547
41,37,0.000000
41,42,0.785398
41,54,1.249046
41,55,2.356194
41,64,0.785398
41,70,-1.570796
41,80,0.000000
41,81,1.892547
41,87,-1.570796
42,15,0.785398
42,18,0.785398
42,20,-2.819842
42,36,1.570796
42,44,2.356194
42,45,3.141593
42,48,0.321751
42,50,3.141593
42,52,1.249046
42,58,-2.356194
42,68,2.356194
42,71,1.570796
42,81,-1.249046
42,83,1.892547
43,22,0.785398
43,36,3.141593
43,40,1.249046
43,41,2.356194
43,42,-0.785398
43,43,-1.892547
43,54,-2.356194
43,58,0.785398
43,71,-0.785398
43,72,-2.356194
43,83,-1.249046
43,84,3.141593
44,14,-0.785398
44,15,-1.892547
44,20,-2.356194
44,23,0.785398
44,24,2.356194
44,32,0.785398
44,33,2.356194
44,39,0.000000
44,40,-1.892547
44,46,1.249046
44,53,-2.356194
44,65,-0.785398
44,66,-1.892547
44,68,-1.249046
44,69,-2.356194
44,78,0.000000
44,79,1.892547
45,4,0.785398
45,10,1.570796
45,33,-1.570796
45,44,1.249046
45,46,-1.892547
45,57,0.000000
45,58,-1.892547
46,4,0.000000
46,9,-0.785398
46,19,0.785398
46,20,1.570796
46,21,2.356194
46,22,-0.785398
46,23,-2.356194
46,36,-1.892547
46,42,0.785398
46,49,1.249046
46,56,1.570796
46,88,0.000000
46,89,1.570796
46,90,3.141593
47,24,0.785398
47,25,2.356194
47,47,1.249046
47,49,-1.892547
47,54,1.249046
47,71,0.785398
47,72,1.892547
48,3,0.321751
48,17,-0.785398
48,18,-1.570796
48,20,-1.570796
48,21,3.141593
48,24,-1.570796
48,32,0.000000
48,33,-1.892547
48,45,2.356194
48,46,-0.785398
48,47,-1.892547
48,52,1.249046
48,54,-1.892547
48,75,0.785398
48,76,1.570796
48,77,2.356194
48,78,-0.785398
48,84,0.000000
48,85,1.892547
49,3,-0.785398
49,11,0.785398
49,12,1.570796
49,13,2.356194
49,30,1.249046
49,31,3.141593
49,36,1.249046
49,37,2.356194
49,43,0.000000
49,44,-1.892547
49,49,1.249046
49,50,2.356194
49,51,-0.785398
49,56,1.249046
49,57,2.356194
49,65,3.141593
49,71,0.000000
49,72,-1.892547
49,81,3.141593
50,21,0.000000
50,29,-0.785398
50,35,-0.785398
50,36,-1.892547
50,47,1.249046
50,49,-1.892547
50,54,2.356194
50,55,-0.785398
50,56,-1.892547
50,61,1.249046
50,62,2.356194
50,65,-2.356194
50,68,0.000000
50,76,2.356194
50,89,3.141593
51,7,0.785398
51,8,2.356194
51,9,-0.785398
51,10,-1.570796
51,19,0.785398
51,20,2.356194
51,23,-1.249046
51,24,-2.356194
51,32,2.356194
51,46,-0.785398
51,47,-1.892547
51,51,1.249046
51,53,-1.892547
51,58,0.000000
51,60,-0.785398
51,61,-1.892547
51,73,0.000000
51,75,-0.785398
52,7,-1.570796
52,43,1.249046
52,44,3.141593
52,50,0.000000
52,51,-1.892547
52,63,0.000000
52,70,0.000000
52,71,3.141593
52,81,3.141593
52,86,1.570796
53,3,0.785398
53,6,1.570796
53,17,-0.785398
53,18,-1.570796
53,24,0.785398
53,25,1.892547
53,28,1.249046
53,30,-1.892547
53,35,1.249046
53,36,3.141593
53,41,1.249046
53,43,-1.892547
53,48,1.249046
53,49,3.141593
53,67,0.000000
53,68,3.141593
53,84,1.249046
53,86,-2.356194
54,3,0.000000
54,6,3.141593
54,13,1.249046
54,14,2.356194
54,27,-0.785398
54,28,-1.892547
54,32,1.249046
54,33,2.356194
54,34,-0.785398
54,39,1.249046
54,41,-1.892547
54,46,1.249046
54,48,-1.892547
54,52,1.249046
54,53,2.356194
54,54,3.141593
54,58,3.141593
54,64,0.000000
54,65,3.141593
54,73,0.000000
55,3,-0.785398
55,6,-1.570796
55,12,0.321751
55,31,0.000000
55,32,-1.892547
55,37,2.356194
55,38,-0.785398
55,39,-1.892547
55,45,-0.785398
55,46,-1.892547
55,50,1.249046
55,52,-1.892547
55,62,3.141593
55,71,3.141593
55,82,-0.785398
56,7,1.570796
56,21,1.249046
56,23,-1.570796
56,29,1.249046
56,30,3.141593
56,43,-0.785398
56,49,0.000000
56,50,-1.892547
56,60,-0.785398
56,75,1.249046
56,76,2.356194
56,85,2.356194
56,86,-0.785398
56,89,2.356194
57,11,-0.785398
57,12,-2.356194
57,20,-0.785398
57,21,-1.892547
57,27,1.249046
57,29,-1.892547
57,33,1.249046
57,35,-1.892547
57,53,0.785398
57,65,0.000000
57,74,-0.785398
57,75,-1.892547
57,83,-0.785398
57,84,-1.892547
58,6,0.321751
58,31,1.249046
58,33,-1.892547
58,37,2.356194
58,41,1.249046
58,42,2.356194
58,43,3.141593
58,47,0.000000
58,48,-1.570796
58,49,-2.356194
58,50,3.141593
58,62,0.000000
58,63,3.141593
58,77,1.249046
58,78,2.356194
58,88,0.785398
58,91,2.819842
59,15,3.141593
59,25,-0.785398
59,29,1.249046
59,31,-1.892547
59,35,1.249046
59,36,3.141593
59,40,0.000000
59,41,-1.892547
59,59,0.000000
59,60,3.141593
59,71,0.000000
59,72,-1.570796
59,73,-2.356194
59,76,-0.785398
59,77,-1.892547
59,88,0.000000
60,4,0.000000
60,11,1.249046
60,12,2.356194
60,13,-0.785398
60,14,-1.892547
60,23,1.570796
60,29,-1.892547
60,43,1.249046
60,44,2.356194
60,50,1.249046
60,52,-1.892547
60,56,1.249046
60,57,2.356194
60,66,1.249046
60,67,2.356194
60,91,-2.819842
61,20,1.249046
61,21,2.356194
61,22,-0.785398
61,23,-2.356194
61,31,1.249046
61,32,2.356194
61,33,-0.785398
61,36,0.000000
61,42,0.000000
61,43,-1.892547
61,49,0.321751
61,54,0.000000
61,55,-0.785398
61,56,-1.892547
61,65,-0.785398
61,66,-1.892547
61,76,0.000000
61,85,0.000000
61,87,-0.785398
62,7,-1.570796
62,8,-2.356194
62,11,-1.570796
62,19,-0.785398
62,20,-1.892547
62,26,-1.892547
62,35,-2.356194
62,40,1.249046
62,41,3.141593
62,58,1.249046
62,59,2.356194
62,72,0.000000
62,74,3.141593
62,78,0.000000
62,80,3.141593
62,91,2.819842
63,3,1.249046
63,12,1.570796
63,22,1.249046
63,24,-1.892547
63,29,0.000000
63,40,-1.892547
63,55,1.249046
63,56,2.356194
63,57,-0.785398
63,58,-1.892547
63,68,3.141593
63,77,-0.785398
63,89,-0.785398
64,2,0.321751
64,12,-0.785398
64,13,-2.356194
64,21,0.000000
64,22,-1.892547
64,27,2.356194
64,28,0.000000
64,32,3.141593
64,38,-1.570796
64,53,2.356194
64,54,-0.785398
64,55,-1.892547
64,61,1.249046
64,62,2.356194
64,74,0.000000
64,91,3.141593
65,2,-0.785398
65,6,0.785398
65,10,1.249046
65,11,3.141593
65,18,1.249046
65,19,2.356194
65,29,0.000000
65,30,-0.785398
65,31,-1.892547
65,35,0.000000
65,43,-0.785398
65,49,-0.785398
65,60,-0.785398
65,61,-1.892547
65,77,2.356194
65,82,0.785398
65,83,1.892547
65,91,-2.356194
66,8,0.785398
66,28,3.141593
66,46,2.356194
66,48,-0.785398
66,54,2.356194
66,65,1.249046
66,66,2.356194
66,70,0.785398
66,71,1.570796
66,72,2.356194
66,75,-0.785398
66,76,-1.892547
66,85,1.892547
67,4,1.249046
67,6,-1.892547
67,16,0.000000
67,20,2.356194
67,21,0.785398
67,22,1.570796
67,23,2.356194
67,24,-0.785398
67,32,1.249046
67,33,2.356194
67,34,3.141593
67,45,-0.785398
67,51,0.000000
67,52,-0.785398
67,53,-1.892547
67,64,-0.785398
67,65,-1.892547
67,83,-0.785398
68,11,2.356194
68,31,0.000000
68,32,-1.892547
68,37,1.249046
68,38,2.356194
68,39,3.141593
68,49,3.141593
68,57,1.249046
68,58,2.356194
68,68,0.000000
68,70,0.000000
68,84,-0.785398
68,85,-1.892547
68,87,0.000000
68,88,1.892547
68,91,2.356194
69,5,-2.356194
69,9,-0.785398
69,10,-1.892547
69,30,-0.785398
69,36,0.000000
69,37,-1.892547
69,54,1.249046
69,55,2.356194
69,56,-0.785398
69,57,-1.892547
69,63,1.249046
69,64,2.356194
69,66,3.141593
69,71,2.356194
69,74,0.000000
69,88,-1.249046
69,91,-2.819842
70,3,-0.785398
70,13,0.785398
70,20,-1.892547
70,22,1.570796
70,24,1.249046
70,25,2.356194
70,28,3.141593
70,33,1.249046
70,34,2.356194
70,43,0.000000
70,50,1.249046
70,51,2.356194
70,53,-0.785398
70,54,-1.892547
70,61,0.000000
70,62,-0.785398
70,63,-1.892547
70,68,1.249046
70,69,2.356194
70,70,-0.785398
71,15,2.356194
71,16,-0.785398
71,17,-1.892547
71,22,0.000000
71,24,-1.892547
71,32,0.321751
71,39,2.356194
71,49,-0.785398
71,50,-1.892547
71,56,1.249046
71,57,2.356194
71,59,3.141593
71,65,1.249046
71,66,2.356194
71,67,-0.785398
71,68,-1.892547
71,91,-2.356194
72,9,1.249046
72,10,2.356194
72,13,-0.785398
72,14,-1.892547
72,22,-1.570796
72,32,-1.570796
72,44,1.249046
72,45,2.356194
72,53,0.000000
72,55,-0.785398
72,56,-1.892547
72,64,-0.785398
72,65,-1.892547
72,83,1.570796
73,21,1.570796
73,26,1.249046
73,27,2.356194
73,30,0.785398
73,31,2.356194
73,35,1.570796
73,41,0.000000
73,43,-0.785398
73,44,-1.892547
73,51,3.141593
73,59,1.249046
73,60,2.356194
73,69,0.000000
73,72,3.141593
73,83,-0.321751
73,85,2.356194
74,3,0.785398
74,5,1.249046
74,6,2.356194
74,7,-0.785398
74,8,-1.892547
74,25,0.000000
74,26,-1.892547
74,35,-2.819842
74,49,3.141593
74,55,1.249046
74,56,2.356194
75,3,0.000000
75,15,1.249046
75,16,3.141593
75,23,2.356194
75,33,-0.785398
75,45,3.141593
75,48,-0.785398
75,54,-0.785398
75,55,-1.892547
75,59,-2.356194
75,63,0.000000
75,65,3.141593
75,74,0.000000
75,77,0.785398
75,79,1.892547
75,83,1.570796
76,3,-0.785398
76,5,-1.570796
76,35,0.785398
76,36,2.356194
76,43,1.570796
76,59,-1.570796
76,77,-0.785398
76,80,-2.356194
76,81,0.785398
76,83,-2.819842
76,89,0.000000
77,10,1.249046
77,11,3.141593
77,18,1.249046
77,20,-1.892547
77,22,-2.356194
77,41,0.785398
77,43,-2.819842
77,56,3.141593
77,90,-2.356194
78,3,0.785398
78,8,1.570796
78,22,0.785398
78,28,-0.785398
78,29,-1.892547
78,35,-2.819842
78,63,1.249046
78,64,2.356194
78,71,0.785398
78,72,1.892547
79,10,-1.570796
79,14,0.000000
79,15,-1.892547
79,22,-0.785398
79,23,-2.356194
79,42,0.000000
79,50,1.249046
79,51,3.141593
79,59,1.249046
79,60,2.356194
79,62,-0.785398
79,63,-1.892547
79,72,-1.249046
79,73,-2.356194
79,90,2.356194
80,2,0.321751
80,5,-2.356194
80,11,0.000000
80,12,1.570796
80,13,3.141593
80,19,2.356194
80,32,0.000000
80,33,-1.892547
80,58,-0.785398
80,59,-1.892547
80,90,-2.819842
81,2,-0.785398
81,8,0.785398
81,17,0.000000
81,18,-1.892547
81,29,1.249046
81,30,2.356194
81,38,1.249046
81,39,2.356194
81,41,-0.785398
81,42,-2.356194
81,55,1.570796
81,62,1.249046
81,63,2.356194
81,65,0.785398
81,66,1.892547
81,76,0.785398
81,79,1.249046
81,80,2.356194
82,5,0.785398
82,10,2.356194
82,11,-0.785398
82,12,-1.570796
82,13,-2.356194
82,15,0.785398
82,16,2.356194
82,28,-0.785398
82,36,0.785398
82,43,-2.356194
82,55,-2.819842
82,60,2.356194
82,61,-0.785398
82,62,-1.892547
82,66,-1.249046
82,67,-2.356194
82,76,-0.321751
83,5,-0.785398
83,6,-2.356194
83,7,-0.785398
83,24,0.785398
83,25,1.570796
83,26,3.141593
83,30,1.570796
83,79,-2.356194
83,86,-0.785398
83,87,-1.570796
83,89,3.141593
84,3,0.785398
84,4,3.141593
84,9,-1.570796
84,19,0.785398
84,20,1.570796
84,21,2.356194
84,30,-0.785398
84,31,-2.356194
84,42,0.000000
84,47,-0.785398
84,48,-1.892547
84,51,-0.321751
84,56,0.785398
84,57,1.570796
84,76,-0.785398
84,77,-1.570796
84,89,-2.356194
85,3,-0.785398
85,10,1.570796
85,14,1.249046
85,16,-1.892547
85,27,2.356194
85,52,-1.249046
85,54,-1.892547
85,61,1.570796
85,62,2.356194
85,64,3.141593
85,79,1.570796
86,13,-0.785398
86,14,-1.892547
86,20,0.785398
86,25,0.000000
86,26,-1.892547
86,57,-0.785398
86,80,3.141593
87,3,0.785398
87,32,1.249046
87,33,2.356194
87,45,0.000000
87,46,3.141593
87,56,1.570796
87,68,0.000000
87,69,0.785398
87,70,1.892547
87,81,0.000000
87,82,1.892547
88,3,-0.321751
88,5,2.356194
88,19,0.000000
88,20,-1.892547
88,31,-0.785398
88,32,-1.892547
88,49,0.000000
88,52,0.785398
88,53,1.570796
88,54,2.356194
88,72,2.356194
88,82,-1.249046
88,83,-2.356194
89,41,3.141593
89,56,-1.249046
89,61,-2.356194
89,73,0.000000
89,74,1.892547
90,9,0.000000
90,45,0.000000
90,47,3.141593
90,64,0.000000
90,65,0.785398
90,66,1.892547
90,71,2.356194
90,74,-1.249046
90,75,3.141593
90,79,0.000000
90,88,2.356194
91,49,0.000000
91,51,-0.785398
91,52,-1.570796
91,53,-2.356194
91,66,-1.249046
91,67,-2.356194
91,68,3.141593
91,70,0.321751
91,71,-2.819842
91,76,1.570796
91,81,1.570796
91,88,-2.819842
92,8,0.321751
92,9,-2.819842
92,56,-0.785398
92,57,-1.570796
92,58,-2.356194
92,70,-0.785398
92,77,3.141593
92,81,-0.785398
92,82,-2.356194
92,87,-0.785398
93,15,1.249046
93,16,2.356194
93,26,0.000000
93,64,0.785398
93,65,1.892547
93,71,0.000000
93,72,1.892547
93,79,0.785398
93,80,2.356194
93,87,2.356194
94,13,1.249046
94,15,-1.892547
94,34,0.000000
94,53,0.785398
94,65,-1.249046
94,67,1.892547
94,72,-1.249046
94,74,1.892547
94,80,-2.356194
95,11,2.356194
95,12,-0.785398
95,13,-1.892547
95,22,1.249046
95,23,2.356194
95,24,3.141593
95,54,-1.570796
95,56,1.249046
95,57,2.356194
95,67,-1.249046
95,68,3.141593
95,75,2.819842
95,80,0.785398
95,84,0.000000
95,85,-1.892547
96,8,-1.249046
96,10,-1.892547
96,21,-0.785398
96,22,-1.892547
96,28,1.249046
96,29,2.356194
96,31,3.141593
96,42,0.000000
96,75,-1.570796
97,17,1.249046
97,18,2.356194
97,27,0.000000
97,28,-1.892547
97,37,1.249046
97,38,2.356194
97,40,3.141593
97,46,3.141593
97,48,0.000000
97,49,3.141593
97,52,0.000000
97,54,-0.785398
97,55,-1.892547
97,79,-0.785398
97,80,-1.892547
98,14,0.000000
98,16,-0.785398
98,17,-1.892547
98,24,0.000000
98,32,0.000000
98,36,-0.785398
98,37,-1.892547
98,66,-2.356194
98,72,-2.356194
