14,55,1.249046
14,56,2.356194
15,24,1.249046
15,25,2.356194
15,38,0.785398
15,39,1.570796
15,40,2.356194
15,52,0.785398
15,53,1.570796
16,15,1.249046
16,16,2.356194
17,24,-2.356194
19,81,3.141593
20,11,0.321751
20,24,0.785398
21,11,-0.785398
21,24,0.000000
22,24,-0.785398
23,54,2.819842
24,28,1.570796
25,28,0.000000
25,50,0.321751
25,54,0.000000
25,73,0.321751
26,28,-0.785398
26,73,-1.570796
27,50,3.141593
27,54,0.000000
27,57,2.819842
27,72,2.356194
28,11,2.356194
28,31,0.785398
28,54,-0.785398
28,57,-2.356194
28,67,1.892547
28,85,3.141593
29,31,0.000000
29,51,2.819842
29,72,-2.819842
30,31,-0.785398
30,38,1.570796
30,46,0.785398
30,51,-1.570796
30,57,0.785398
30,65,-0.321751
30,79,1.249046
31,8,0.321751
31,14,0.785398
31,15,1.570796
31,16,2.356194
31,33,3.141593
31,38,-2.819842
31,54,2.356194
31,57,0.000000
31,62,-2.356194
31,74,0.785398
31,75,1.570796
31,76,2.356194
32,8,-0.785398
32,27,0.321751
32,29,3.141593
32,44,-1.570796
32,49,3.141593
32,57,-0.785398
32,62,2.356194
32,66,-0.785398
33,14,0.321751
33,16,2.819842
33,19,0.785398
33,21,1.570796
33,22,3.141593
33,30,0.785398
33,31,2.356194
33,35,-0.785398
33,36,-1.892547
33,49,-1.570796
33,61,-0.785398
33,62,-2.356194
33,70,0.321751
33,72,2.819842
33,79,-1.570796
34,19,-0.785398
34,26,0.321751
34,39,1.249046
34,40,2.356194
34,63,0.000000
34,70,-0.785398
34,72,-1.570796
34,77,0.785398
34,78,2.356194
34,87,2.356194
35,21,-2.819842
35,28,0.785398
35,42,0.785398
35,64,-2.356194
35,73,1.570796
35,78,-1.570796
36,16,-1.249046
36,17,3.141593
36,26,-2.356194
36,33,2.356194
36,47,2.356194
36,53,0.785398
36,64,-1.570796
36,73,0.000000
36,80,1.892547
37,28,-2.819842
37,33,-2.819842
37,40,0.785398
37,43,-0.321751
37,47,3.141593
37,53,-0.321751
37,70,-1.570796
37,73,-0.785398
37,77,0.785398
37,81,3.141593
38,18,-0.785398
38,23,1.570796
38,35,0.321751
38,51,2.356194
38,54,-1.249046
38,55,-2.356194
38,56,3.141593
38,82,0.000000
38,89,1.892547
39,22,0.000000
39,27,-2.819842
39,30,0.321751
39,35,-0.785398
39,38,0.785398
39,42,1.570796
39,50,0.000000
39,74,-2.356194
39,78,-0.785398
39,90,2.819842
40,7,0.321751
40,9,-2.356194
40,30,-1.570796
40,38,-0.321751
40,48,0.000000
40,49,2.356194
40,71,1.570796
40,81,1.249046
40,82,3.141593
40,84,-1.570796
40,87,-0.321751
41,7,-0.785398
41,15,0.785398
41,16,3.141593
41,26,-2.819842
41,29,1.570796
41,36,1.570796
41,40,-2.356194
41,46,0.785398
41,49,-1.570796
41,74,1.570796
41,85,1.570796
42,24,0.321751
42,28,0.321751
42,29,-2.819842
42,32,0.785398
42,36,-0.785398
42,38,2.356194
42,44,1.892547
42,47,2.819842
42,50,-2.356194
43,15,-2.819842
43,24,-1.570796
43,35,0.000000
43,47,-1.570796
43,52,0.785398
43,74,-1.570796
43,82,3.141593
44,27,0.321751
44,28,-2.819842
44,35,0.785398
44,38,-0.321751
44,42,-0.321751
44,69,1.570796
44,88,-0.321751
44,90,-2.819842
45,35,-0.321751
45,39,-1.249046
45,40,3.141593
45,49,0.000000
45,69,-1.570796
46,9,1.249046
46,10,2.356194
46,11,-0.785398
46,12,-1.892547
46,19,3.141593
46,22,1.570796
46,26,0.321751
46,27,-2.819842
46,36,-1.249046
46,37,3.141593
46,41,1.570796
46,44,-2.356194
46,47,1.570796
46,50,-1.570796
46,54,2.356194
46,64,1.570796
46,82,0.321751
46,86,2.356194
47,20,0.785398
47,26,-1.570796
47,29,1.570796
47,33,0.785398
47,34,1.892547
47,38,1.570796
47,43,2.356194
47,47,-0.321751
47,51,2.356194
47,53,0.321751
47,54,-2.819842
48,8,-0.785398
48,16,-1.892547
48,20,-0.785398
48,25,1.570796
48,35,2.819842
48,39,2.819842
48,43,-1.570796
48,51,-2.819842
48,53,-0.785398
48,72,-1.570796
49,24,0.321751
49,25,-2.819842
49,32,0.785398
49,46,0.785398
49,61,1.570796
49,75,1.570796
49,81,0.321751
49,91,-2.819842
50,24,-1.570796
50,33,3.141593
50,41,2.356194
50,47,-1.249046
50,53,2.356194
50,56,1.570796
50,79,2.356194
51,23,1.570796
51,43,-2.356194
51,49,-1.249046
51,50,-2.356194
51,52,-0.785398
51,69,0.000000
51,70,3.141593
51,78,3.141593
51,81,-0.321751
51,90,2.356194
52,18,0.321751
52,23,-2.819842
52,33,0.321751
52,56,0.000000
52,64,-1.570796
52,75,-1.570796
52,77,-0.785398
52,88,-2.356194
52,90,3.141593
53,18,-1.570796
53,31,2.356194
53,36,0.785398
53,54,1.249046
53,55,3.141593
53,90,-2.356194
54,21,0.321751
54,22,-2.819842
54,30,-1.570796
54,36,-0.785398
54,37,-2.356194
54,42,0.000000
54,43,1.570796
54,44,2.356194
54,49,0.000000
54,53,-0.785398
54,54,-1.892547
54,60,-0.785398
54,63,0.000000
54,64,3.141593
54,66,1.570796
54,82,-1.570796
54,83,-2.356194
54,84,0.000000
54,90,0.785398
55,74,1.570796
55,80,-0.785398
55,85,-0.785398
55,91,2.819842
56,7,0.321751
56,9,-2.356194
56,16,1.570796
56,20,0.321751
56,21,-2.819842
56,59,1.570796
57,7,-0.785398
57,16,-2.819842
57,42,-1.249046
57,44,1.892547
57,66,-1.570796
57,80,-1.570796
57,83,1.570796
57,87,-0.785398
57,91,-2.819842
58,15,-0.785398
58,19,0.321751
58,20,-2.819842
58,31,0.321751
58,38,0.000000
58,39,1.892547
58,44,-1.249046
58,46,1.892547
58,61,2.356194
58,63,1.570796
58,71,1.570796
58,74,-1.570796
58,83,0.000000
58,87,0.785398
59,19,-0.785398
59,23,1.570796
59,31,-0.785398
59,39,-1.249046
59,40,-2.356194
59,46,-1.249046
59,47,-2.356194
59,84,1.570796
59,90,-2.819842
60,15,0.785398
60,19,2.356194
60,22,0.321751
60,23,-2.819842
60,59,-0.785398
60,63,-1.570796
60,65,1.570796
60,79,1.570796
60,82,0.785398
60,85,2.819842
61,19,-2.819842
61,22,-0.785398
61,35,2.356194
61,45,3.141593
61,57,2.356194
61,65,-1.570796
61,71,0.000000
61,79,-1.570796
61,82,0.000000
61,85,-1.570796
62,25,0.785398
62,31,0.000000
62,39,0.000000
62,47,0.000000
62,54,3.141593
62,56,-0.785398
62,70,-0.785398
62,82,-0.785398
62,86,0.000000
62,87,1.570796
62,90,2.819842
63,11,1.249046
63,12,3.141593
63,15,-1.249046
63,17,-1.892547
63,25,0.000000
63,29,1.249046
63,63,2.356194
64,21,2.356194
64,25,-1.570796
64,32,-2.819842
64,37,-2.356194
64,46,3.141593
64,61,1.249046
64,66,1.570796
64,72,0.785398
64,76,0.785398
64,81,0.321751
64,91,2.819842
65,8,0.000000
65,20,0.321751
65,21,-2.819842
65,24,1.570796
65,31,-0.785398
65,50,0.000000
65,55,3.141593
65,60,0.000000
65,63,2.356194
65,72,0.000000
65,84,2.819842
65,88,0.785398
65,89,3.141593
65,91,-2.356194
66,20,-1.570796
66,23,0.321751
66,24,-2.819842
66,27,0.321751
66,28,-2.819842
66,34,0.321751
66,41,2.356194
66,62,-0.785398
66,66,-1.570796
66,72,-1.570796
66,74,0.000000
66,81,-0.321751
66,84,-1.570796
66,88,-0.785398
66,91,2.356194
67,23,-1.570796
67,27,-1.570796
67,31,2.356194
67,34,-1.570796
67,39,0.785398
67,70,1.570796
67,71,3.141593
67,78,-2.819842
67,82,-2.356194
67,85,1.570796
67,88,0.785398
67,91,-2.819842
68,19,2.356194
68,22,1.570796
68,31,-2.819842
68,36,-0.785398
68,40,-1.249046
68,41,-2.356194
68,43,0.785398
68,44,1.892547
68,51,0.000000
68,56,3.141593
68,68,-1.570796
68,75,-0.321751
68,86,3.141593
69,16,1.249046
69,17,2.356194
69,18,-0.785398
69,19,-2.356194
69,22,-2.819842
69,29,0.321751
69,33,2.356194
69,36,0.785398
69,44,-1.249046
69,45,-2.356194
69,46,3.141593
69,48,0.000000
69,49,3.141593
69,70,0.785398
69,79,2.356194
69,82,0.000000
70,32,0.321751
70,33,-2.819842
70,38,1.570796
70,39,2.356194
70,40,0.785398
70,41,1.892547
70,65,0.785398
70,66,3.141593
70,70,-0.785398
70,71,3.141593
70,91,2.819842
71,28,0.321751
71,29,-2.819842
71,41,-1.249046
71,42,-2.356194
71,44,3.141593
71,52,0.785398
71,53,1.570796
71,54,3.141593
71,61,0.000000
71,72,1.570796
71,75,2.356194
71,79,-0.785398
72,20,-2.819842
72,24,1.570796
72,31,0.321751
72,32,-2.819842
72,34,0.321751
72,46,0.000000
72,58,0.785398
72,59,2.356194
72,62,1.570796
72,67,1.249046
72,68,3.141593
72,86,0.785398
72,87,1.570796
72,91,-2.819842
73,23,0.321751
73,24,-2.819842
73,27,0.321751
73,28,-2.819842
73,34,-0.785398
73,41,0.785398
73,42,1.892547
73,54,0.000000
73,55,1.570796
73,56,2.356194
73,67,-1.892547
73,70,1.249046
73,76,0.000000
73,80,0.321751
74,9,0.785398
74,27,-1.570796
74,30,0.321751
74,31,-2.819842
74,42,-1.249046
74,43,-2.356194
74,51,3.141593
74,69,0.321751
74,74,3.141593
74,77,-2.356194
74,80,-0.785398
74,87,0.000000
75,9,-0.321751
75,16,0.321751
75,23,-2.819842
75,33,-0.785398
75,58,-0.785398
75,59,-1.892547
75,64,-1.892547
75,69,-0.785398
75,74,-2.356194
75,82,0.785398
76,21,0.000000
76,22,-1.892547
76,29,0.321751
76,30,-2.819842
76,37,0.321751
76,40,-2.356194
76,44,1.892547
76,87,-2.356194
77,17,-2.356194
77,37,-0.785398
77,42,-0.785398
77,46,1.570796
77,47,2.356194
77,49,0.785398
77,68,0.321751
77,71,1.570796
77,72,2.356194
77,73,0.000000
77,80,0.785398
77,88,0.000000
77,89,1.892547
77,91,2.356194
78,28,0.321751
78,29,-2.819842
78,31,1.570796
78,37,2.356194
78,42,2.356194
78,44,-0.785398
78,56,1.249046
78,57,2.356194
78,58,0.785398
78,64,1.892547
78,80,-0.321751
78,86,2.819842
79,36,0.321751
79,41,0.321751
79,46,0.000000
79,48,1.570796
79,53,1.249046
79,54,2.356194
79,66,1.570796
79,71,2.356194
79,74,0.785398
79,81,-2.356194
79,89,-0.785398
80,23,1.570796
80,27,0.321751
80,28,-2.819842
80,43,0.000000
80,59,-1.892547
80,64,-1.892547
80,76,-0.785398
80,78,2.819842
80,81,0.785398
80,86,-2.356194
80,89,0.785398
81,23,-2.819842
81,27,-0.785398
81,35,0.321751
81,37,-2.356194
81,40,0.321751
81,41,-2.819842
81,43,-1.570796
81,45,0.321751
81,53,-2.356194
81,78,-2.356194
81,81,-0.321751
81,87,1.570796
81,90,2.819842
82,11,-0.785398
82,30,0.785398
82,35,-1.570796
82,40,-1.570796
82,45,-1.570796
82,60,0.321751
82,62,2.819842
82,65,0.321751
82,74,-1.570796
82,84,2.819842
82,87,0.000000
83,25,1.249046
83,26,3.141593
83,30,0.000000
83,44,-0.785398
83,54,1.570796
83,65,-0.785398
83,68,0.000000
83,70,-0.785398
83,72,2.819842
83,87,-0.785398
83,91,2.819842
84,35,3.141593
84,48,2.356194
84,62,3.141593
84,68,-0.785398
84,72,-2.356194
84,80,1.570796
84,84,3.141593
84,87,0.785398
85,29,0.321751
85,36,-2.356194
85,47,0.321751
85,48,-2.819842
85,54,0.785398
85,65,2.356194
85,87,-0.785398
86,29,-1.570796
86,31,-1.249046
86,33,3.141593
86,42,1.570796
86,47,-0.785398
86,62,0.000000
86,65,3.141593
86,76,1.570796
86,78,1.249046
86,80,-1.892547
86,85,-2.356194
87,53,1.570796
87,62,-0.785398
87,65,-2.356194
88,34,3.141593
88,37,1.570796
88,41,0.000000
88,43,2.819842
88,50,0.321751
88,53,3.141593
88,75,0.321751
88,78,-2.356194
88,87,1.249046
88,90,2.819842
89,14,-0.785398
89,29,-2.356194
89,35,0.000000
89,37,-2.819842
89,43,-2.356194
89,50,-1.570796
89,75,-0.785398
89,81,0.321751
89,90,-2.356194
90,32,-2.356194
90,53,-2.819842
90,81,-0.785398
90,84,-0.785398
90,90,2.356194
91,19,-1.570796
91,36,0.000000
91,39,1.570796
91,45,0.785398
91,68,2.356194
91,78,0.785398
91,81,2.356194
91,90,-2.819842
92,39,-2.819842
92,45,0.000000
92,64,0.321751
92,66,-2.356194
92,68,3.141593
92,78,0.000000
92,81,3.141593
93,23,-0.785398
93,45,-1.570796
93,64,-0.785398
93,68,-2.356194
93,78,-0.785398
94,34,2.356194
94,35,-0.785398
94,36,-1.892547
94,38,-2.356194
94,41,-0.785398
94,47,-0.785398
94,81,0.000000
94,83,-0.785398
94,84,-1.570796
94,85,3.141593
95,64,0.785398
95,78,2.356194
95,81,-0.785398
95,87,2.356194
96,31,-1.249046
96,33,-2.356194
96,37,1.570796
96,64,0.000000
96,73,-0.785398
96,74,-1.570796
96,75,-2.356194
96,78,3.141593
96,81,0.785398
97,36,-0.785398
97,42,-0.785398
97,47,-1.570796
97,51,-1.570796
97,68,2.356194
97,78,-1.570796
97,84,-0.785398
97,85,-1.892547
98,54,-1.570796
98,57,-1.570796
98,63,-0.785398
98,64,-1.570796
98,65,-2.356194
98,67,-0.785398
98,80,-0.785398
98,81,-1.892547
