9,34,1.249046
9,35,2.356194
9,38,0.785398
9,39,1.570796
9,40,2.356194
9,46,0.785398
9,47,1.570796
9,48,2.356194
10,22,1.249046
10,23,2.356194
10,64,2.356194
11,34,-2.356194
12,12,1.249046
12,13,2.356194
12,20,-0.785398
13,11,0.321751
14,11,-0.785398
14,47,2.356194
14,78,2.356194
15,47,3.141593
15,57,1.249046
16,45,-0.785398
16,56,0.321751
16,59,-2.356194
17,38,0.321751
17,40,3.141593
17,47,-2.819842
17,56,-0.785398
17,72,0.321751
18,38,-1.570796
18,45,-0.785398
18,46,-1.892547
18,72,-1.570796
19,27,0.785398
19,36,2.356194
19,59,2.356194
20,11,2.356194
20,27,0.000000
20,29,1.892547
20,66,1.249046
21,31,2.356194
21,33,-0.785398
21,42,1.249046
21,43,2.356194
21,55,-0.785398
21,61,1.570796
21,63,1.570796
21,64,2.356194
21,72,2.819842
22,27,-0.785398
22,36,2.356194
22,41,-0.785398
22,42,-1.892547
23,13,0.785398
23,14,2.356194
23,26,1.570796
23,31,1.570796
23,33,1.249046
23,35,-1.892547
23,49,1.249046
23,50,2.356194
23,52,0.785398
23,53,1.570796
23,55,-1.570796
23,56,-2.356194
23,57,-0.785398
23,58,-1.570796
23,62,-2.356194
24,7,0.321751
24,13,-0.785398
24,18,0.000000
24,25,0.000000
24,33,-1.892547
24,48,-0.785398
24,49,-1.892547
24,74,-2.356194
24,86,3.141593
25,7,-1.570796
25,19,-1.570796
25,30,-0.785398
25,31,-1.892547
25,60,-0.785398
25,61,-2.356194
25,62,0.785398
25,63,1.892547
25,68,-1.249046
25,69,-2.356194
25,70,0.785398
25,74,2.356194
26,15,0.000000
26,16,1.570796
26,17,2.356194
26,21,2.356194
26,27,1.249046
26,28,3.141593
26,34,1.249046
26,35,2.356194
26,49,1.249046
26,50,2.356194
26,58,0.785398
26,63,-1.249046
26,64,-2.356194
26,65,0.785398
26,66,1.892547
27,6,0.785398
27,20,-1.892547
27,26,0.000000
27,27,-1.892547
27,31,0.000000
27,33,-0.785398
27,34,-1.892547
27,59,-1.249046
27,60,3.141593
27,66,-1.249046
27,67,-2.356194
27,68,0.785398
27,69,1.892547
27,81,0.321751
28,6,-0.785398
28,7,3.141593
28,18,-1.892547
28,38,1.249046
28,39,2.356194
28,49,-1.249046
28,50,-2.356194
28,52,-0.785398
28,53,-1.570796
28,54,3.141593
28,62,0.785398
28,69,-1.249046
28,81,-0.785398
29,37,-0.785398
29,38,-1.892547
29,55,-2.356194
29,65,1.249046
29,66,2.356194
29,71,-1.249046
29,73,1.570796
29,74,3.141593
30,13,-0.785398
30,21,1.249046
30,22,3.141593
30,30,0.785398
30,31,1.570796
30,32,3.141593
30,59,0.000000
30,63,-0.785398
30,68,1.892547
30,80,2.356194
31,20,0.000000
31,21,-1.892547
31,62,0.000000
31,72,-0.785398
31,75,2.356194
31,80,-1.570796
32,25,0.785398
32,26,2.356194
32,33,2.356194
32,34,0.785398
32,35,1.570796
32,36,2.356194
32,66,-1.249046
32,68,-1.892547
32,81,1.570796
32,88,2.356194
33,16,0.785398
33,17,2.356194
33,54,0.000000
33,56,2.819842
33,81,-0.785398
33,82,-2.356194
33,84,0.785398
33,85,1.570796
34,26,0.000000
34,29,0.785398
34,49,3.141593
34,56,-1.570796
34,77,0.000000
34,78,1.570796
34,79,2.356194
35,7,1.249046
35,9,1.570796
35,11,-1.892547
35,16,-2.819842
35,26,-1.570796
35,35,0.000000
35,36,-1.570796
35,37,-2.356194
35,53,0.785398
35,57,2.356194
35,74,0.785398
36,14,0.000000
36,15,-1.892547
36,18,1.249046
36,19,3.141593
36,24,1.249046
36,25,3.141593
36,32,1.249046
36,33,2.356194
36,49,3.141593
36,53,0.000000
36,56,-0.785398
36,62,-1.570796
36,70,2.356194
36,78,3.141593
36,84,0.785398
36,89,3.141593
37,5,0.321751
37,9,-2.819842
37,12,1.249046
37,13,3.141593
37,17,0.000000
37,18,-1.892547
37,22,1.249046
37,24,-1.892547
37,29,0.000000
37,30,-1.570796
37,39,1.249046
37,40,2.356194
38,15,1.249046
38,16,3.141593
38,20,1.249046
38,22,-1.892547
38,26,1.249046
38,27,2.356194
38,35,1.249046
38,36,2.356194
38,38,-0.785398
38,39,-1.892547
38,49,0.000000
38,53,3.141593
38,71,-1.570796
38,72,-2.356194
38,74,3.141593
38,78,0.000000
38,80,1.892547
38,87,-2.356194
39,5,-1.570796
39,7,-1.892547
39,14,0.000000
39,15,-1.892547
39,33,-2.356194
39,34,-0.785398
39,35,-1.892547
39,42,0.000000
39,44,3.141593
39,53,-2.356194
39,82,1.892547
39,87,0.785398
39,91,-2.356194
40,3,-0.785398
40,13,1.570796
40,17,1.249046
40,19,-1.892547
40,23,1.249046
40,25,-1.892547
40,30,0.000000
40,31,-1.892547
40,40,3.141593
40,53,0.785398
40,66,0.000000
40,67,-1.892547
40,77,0.321751
40,80,-1.892547
40,82,-1.249046
40,83,3.141593
40,87,-0.321751
41,13,-2.819842
41,21,1.249046
41,23,-1.892547
41,43,1.249046
41,44,2.356194
41,53,0.000000
41,55,0.785398
41,77,-0.785398
41,84,0.000000
41,85,1.892547
42,3,0.785398
42,7,0.321751
42,11,0.000000
42,12,-1.892547
42,41,0.000000
42,42,-0.785398
42,43,-1.892547
42,47,-2.356194
42,50,0.785398
42,53,-1.570796
42,56,-1.570796
42,77,2.356194
42,85,-1.249046
42,86,3.141593
43,3,0.000000
43,7,-1.570796
43,10,1.570796
43,20,-1.892547
43,24,1.249046
43,25,3.141593
43,30,1.249046
43,31,3.141593
43,36,1.249046
43,37,2.356194
43,39,3.141593
43,51,0.785398
43,52,3.141593
43,75,1.249046
43,77,3.141593
43,82,0.000000
43,83,3.141593
43,91,2.819842
44,3,-0.785398
44,6,3.141593
44,10,-2.819842
44,18,-1.570796
44,22,1.249046
44,24,-1.892547
44,35,-0.785398
44,36,-1.892547
44,44,0.000000
44,46,0.785398
44,51,-0.785398
44,77,-1.570796
44,88,-2.356194
45,30,-2.356194
45,32,0.000000
45,52,1.570796
45,73,-0.785398
45,74,-1.892547
45,78,0.000000
45,86,0.785398
45,90,0.321751
45,91,-2.819842
46,11,0.000000
46,12,-1.892547
46,15,1.249046
46,16,3.141593
46,30,-1.570796
46,37,3.141593
46,44,0.000000
46,49,3.141593
46,52,-0.321751
46,54,2.356194
46,71,3.141593
46,79,-2.356194
47,10,1.570796
47,19,0.000000
47,20,-1.892547
47,26,-2.356194
47,28,3.141593
47,34,1.249046
47,35,3.141593
47,40,0.000000
47,42,3.141593
47,58,1.570796
47,70,-0.785398
47,79,2.356194
47,84,0.785398
47,88,0.785398
47,90,3.141593
48,3,0.000000
48,4,-1.570796
48,9,0.321751
48,10,-2.819842
48,13,0.000000
48,14,-1.892547
48,17,0.000000
48,22,1.249046
48,24,-1.892547
48,33,-0.785398
48,34,-1.892547
48,37,0.000000
48,38,3.141593
48,53,-1.570796
48,58,0.000000
48,61,3.141593
48,79,-2.819842
48,85,-2.356194
48,88,-0.785398
48,90,-1.570796
49,6,-1.570796
49,9,-1.570796
49,28,0.000000
49,47,3.141593
49,58,-0.785398
49,70,2.356194
49,77,-0.785398
49,78,-1.892547
49,91,-2.356194
50,15,2.356194
50,19,1.249046
50,21,-1.892547
50,25,0.000000
50,26,3.141593
50,38,0.000000
50,83,0.785398
51,33,0.000000
51,36,3.141593
51,50,0.785398
52,4,0.785398
52,6,-1.892547
52,13,-0.785398
52,17,0.000000
52,18,-1.892547
52,23,2.356194
52,40,0.000000
52,51,-2.356194
52,69,-1.892547
52,71,1.570796
52,80,2.356194
53,15,1.249046
53,16,3.141593
53,37,2.356194
53,38,3.141593
53,60,-2.356194
53,72,3.141593
53,75,0.785398
53,81,0.000000
53,82,0.785398
53,83,1.892547
53,90,1.570796
54,3,0.000000
54,7,0.321751
54,8,-2.819842
54,20,1.570796
54,27,1.249046
54,28,2.356194
54,29,3.141593
54,36,-0.785398
54,42,0.000000
54,50,-0.785398
54,51,-1.570796
54,52,-2.356194
54,54,0.785398
54,55,1.570796
54,56,2.356194
54,57,3.141593
54,78,-0.785398
54,79,-1.570796
54,80,-2.356194
54,83,-1.249046
54,84,3.141593
54,89,-0.785398
54,90,-2.356194
55,2,-0.785398
55,13,0.000000
55,14,-1.892547
55,18,1.249046
55,24,1.249046
55,25,2.356194
55,26,-0.785398
55,27,-1.892547
55,61,1.570796
55,85,0.000000
55,86,1.892547
55,91,-2.356194
56,7,-2.819842
56,12,3.141593
56,16,1.249046
56,18,-1.892547
56,36,-0.785398
56,61,2.356194
56,86,-1.249046
56,88,1.892547
57,11,-1.570796
57,22,0.000000
57,23,-1.892547
57,32,0.000000
57,33,3.141593
57,41,0.000000
57,44,3.141593
57,55,-1.570796
57,58,0.000000
57,60,-0.785398
57,69,1.249046
57,70,2.356194
57,74,3.141593
57,80,1.570796
57,83,0.000000
57,88,-1.249046
57,89,-2.356194
57,90,3.141593
58,20,1.249046
58,21,3.141593
58,26,1.249046
58,27,2.356194
58,28,3.141593
58,36,0.000000
58,37,3.141593
58,66,2.356194
58,80,0.785398
59,12,1.249046
59,14,-1.892547
59,18,1.249046
59,24,0.000000
59,25,-0.785398
59,26,-1.892547
59,34,3.141593
59,45,3.141593
59,65,-0.785398
59,69,-2.356194
59,73,0.321751
59,75,2.819842
59,80,0.000000
59,87,0.000000
59,88,1.892547
60,2,0.321751
60,7,1.570796
60,11,0.321751
60,31,0.000000
60,39,0.000000
60,51,0.000000
60,53,3.141593
60,57,0.000000
60,60,3.141593
60,69,-1.570796
60,88,-1.249046
60,89,3.141593
61,2,-0.785398
61,7,-2.819842
61,11,-1.570796
61,16,0.000000
61,17,-1.892547
61,19,-0.785398
61,27,1.249046
61,28,2.356194
61,29,3.141593
61,36,0.000000
61,37,3.141593
61,45,0.000000
61,47,3.141593
61,65,-1.570796
61,82,1.892547
61,85,-2.356194
62,2,-1.570796
62,10,3.141593
62,14,1.249046
62,15,3.141593
62,33,2.356194
62,42,0.000000
62,43,3.141593
62,56,0.000000
62,59,3.141593
62,87,0.785398
63,4,0.321751
63,9,-1.570796
63,25,0.000000
63,26,-1.892547
63,30,0.000000
63,40,3.141593
63,45,0.000000
63,46,3.141593
63,63,0.000000
63,64,3.141593
63,71,0.000000
63,78,2.356194
64,4,-1.570796
64,12,0.321751
64,52,0.000000
64,67,0.000000
64,68,3.141593
64,74,-2.356194
64,86,1.892547
65,17,3.141593
65,22,3.141593
65,27,2.356194
65,41,0.000000
65,43,3.141593
65,46,0.000000
65,49,3.141593
65,59,3.141593
65,71,0.000000
65,77,0.000000
65,82,0.000000
66,2,0.321751
66,4,3.141593
66,6,1.249046
66,7,3.141593
66,12,-2.819842
66,15,1.570796
66,21,-1.570796
66,31,0.000000
66,38,0.000000
66,39,3.141593
66,61,0.000000
66,73,-2.356194
66,79,-2.356194
66,83,-1.249046
66,84,3.141593
66,87,-1.249046
66,88,3.141593
67,2,-0.785398
67,14,0.000000
67,24,1.570796
67,29,2.356194
67,36,3.141593
67,47,0.000000
67,48,3.141593
67,69,0.000000
67,70,3.141593
67,75,0.000000
67,81,0.785398
68,24,-2.819842
68,28,-0.785398
68,41,0.000000
68,42,3.141593
68,50,0.000000
68,59,3.141593
68,64,-1.570796
68,66,0.000000
68,67,3.141593
68,77,-1.249046
68,78,3.141593
68,86,-2.356194
69,7,0.785398
69,9,-1.892547
69,74,0.000000
69,83,0.000000
69,88,0.785398
70,11,1.249046
70,12,3.141593
70,25,2.356194
70,30,-0.785398
70,37,3.141593
70,45,0.000000
70,47,3.141593
70,51,0.000000
70,53,0.785398
70,54,1.892547
70,65,1.570796
70,71,0.785398
70,76,-2.356194
70,84,-1.570796
70,89,0.000000
70,90,2.356194
71,8,3.141593
71,28,2.356194
71,33,1.249046
71,34,2.356194
71,41,0.000000
71,42,3.141593
71,54,-1.249046
71,55,-2.356194
71,58,3.141593
71,65,-1.570796
71,67,0.000000
71,68,3.141593
71,74,3.141593
71,78,0.785398
71,81,-2.356194
71,85,0.000000
71,86,1.892547
71,90,-1.570796
72,2,0.321751
72,19,0.321751
72,27,-0.785398
72,32,-0.785398
72,33,-1.892547
72,61,0.000000
72,70,0.785398
72,83,0.785398
72,87,3.141593
73,2,-0.785398
73,14,1.570796
73,19,-1.570796
73,37,3.141593
73,45,0.000000
73,53,3.141593
73,71,-2.356194
73,76,0.785398
73,84,0.000000
73,91,-1.570796
74,2,-1.570796
74,13,0.321751
74,17,1.249046
74,18,3.141593
74,28,0.000000
74,43,3.141593
74,68,3.141593
74,77,-2.356194
74,81,0.000000
74,86,2.819842
75,4,0.000000
75,13,-0.785398
75,17,-1.892547
75,21,1.249046
75,22,3.141593
75,33,-0.785398
75,82,-1.570796
75,86,-1.570796
76,3,1.570796
76,19,0.785398
76,36,2.356194
76,38,-0.785398
76,51,0.000000
76,53,3.141593
76,64,0.000000
76,87,1.570796
76,91,-2.356194
77,2,0.321751
77,3,-2.819842
77,14,-1.570796
77,25,3.141593
77,59,0.000000
77,60,3.141593
77,77,0.785398
77,88,3.141593
78,2,-0.785398
78,7,-0.785398
78,11,1.570796
78,17,0.321751
78,19,-2.356194
78,28,2.356194
78,34,-0.785398
78,63,1.570796
78,67,-2.356194
78,81,0.785398
79,11,0.000000
79,17,-1.570796
79,37,2.356194
79,51,0.000000
79,58,3.141593
79,63,-1.570796
79,69,0.785398
79,89,-1.570796
80,2,-1.570796
80,6,0.321751
80,8,3.141593
80,15,1.249046
80,16,3.141593
80,27,-1.570796
80,31,2.356194
80,46,0.000000
80,47,3.141593
80,60,0.000000
80,61,3.141593
80,70,-2.356194
80,75,0.785398
80,80,1.570796
80,83,0.000000
81,6,-1.570796
81,9,0.785398
81,10,3.141593
81,14,0.000000
81,15,-1.892547
81,80,-0.321751
81,81,2.819842
81,84,-1.570796
81,88,1.570796
82,5,3.141593
82,13,-2.356194
82,18,3.141593
82,23,1.570796
82,34,-0.785398
82,49,3.141593
82,54,2.356194
82,57,3.141593
82,77,0.000000
82,78,1.892547
82,81,-1.570796
82,88,-0.321751
83,8,0.321751
83,9,-2.819842
83,32,2.356194
83,46,-0.785398
83,59,0.000000
83,66,0.785398
83,86,-2.356194
83,90,2.819842
84,3,0.321751
84,4,-2.819842
84,15,0.000000
84,16,-0.785398
84,17,-2.356194
84,22,-0.785398
84,29,-1.570796
84,51,0.000000
84,52,-0.785398
84,53,-1.570796
84,54,3.141593
84,71,0.785398
84,72,1.892547
84,76,0.785398
84,90,-1.570796
85,3,-1.570796
85,8,-2.356194
85,25,1.570796
85,31,-1.570796
85,38,2.356194
85,58,3.141593
85,69,0.785398
85,70,2.356194
85,72,-1.249046
85,73,3.141593
85,81,2.819842
85,87,0.785398
86,6,-1.570796
86,19,-2.356194
86,22,1.570796
86,37,-0.785398
86,60,0.000000
86,81,-1.570796
86,85,-2.356194
86,91,-1.570796
87,9,0.000000
87,11,3.141593
87,24,-0.785398
87,52,0.000000
87,53,3.141593
87,71,3.141593
87,79,-2.356194
87,89,1.570796
88,2,-1.570796
88,13,2.356194
88,16,1.570796
88,63,-2.356194
88,76,-2.356194
88,86,0.785398
88,89,-0.321751
88,90,2.819842
89,9,-2.819842
89,26,1.570796
89,41,2.356194
89,90,-2.356194
90,4,2.356194
90,7,0.321751
90,11,1.570796
90,15,1.570796
90,23,3.141593
90,51,0.000000
90,54,3.141593
90,66,0.785398
90,74,-2.356194
90,77,0.785398
90,90,-1.570796
91,3,0.321751
91,4,-2.819842
91,10,0.321751
91,11,-2.819842
91,15,-2.819842
91,18,2.356194
91,21,-0.785398
91,39,-0.785398
91,43,2.356194
91,48,0.000000
91,49,3.141593
91,63,0.785398
91,71,1.570796
91,81,0.785398
92,3,-1.570796
92,6,0.321751
92,13,0.321751
92,17,0.000000
92,35,2.356194
92,42,-0.785398
92,68,-2.356194
92,71,-0.321751
92,72,2.819842
92,75,0.785398
93,2,0.785398
93,6,-1.570796
93,8,0.785398
93,13,-0.785398
93,21,2.356194
93,34,-0.785398
93,72,-1.570796
93,89,1.570796
94,2,0.000000
94,5,1.570796
94,8,-0.785398
94,16,2.356194
94,73,-2.356194
94,80,-2.356194
94,89,-0.321751
94,90,2.819842
95,5,-2.819842
95,14,-2.356194
95,15,-0.785398
95,20,2.356194
95,24,2.356194
95,27,3.141593
95,63,0.785398
95,67,-2.356194
95,70,0.785398
95,90,-2.356194
96,4,-1.892547
96,11,0.321751
96,19,0.000000
96,20,-2.356194
96,23,-0.785398
96,42,2.356194
96,55,0.000000
96,56,3.141593
96,58,0.785398
96,64,-2.356194
97,7,-0.785398
97,11,-1.570796
97,41,-0.785398
97,61,3.141593
97,75,3.141593
97,87,0.785398
98,10,-0.785398
98,18,-1.570796
98,21,-1.570796
98,24,0.000000
98,25,3.141593
98,79,-2.356194
98,84,-1.570796
98,88,-2.356194
