4,30,1.249046
4,31,2.356194
4,37,0.785398
4,38,1.570796
4,39,2.356194
4,60,1.249046
4,61,2.356194
5,16,1.249046
5,17,2.356194
5,24,0.785398
5,25,1.570796
5,26,2.356194
5,46,2.356194
5,49,0.785398
5,50,1.892547
5,69,2.356194
6,30,-1.570796
6,38,2.356194
6,52,0.785398
6,53,1.570796
6,54,2.356194
6,72,1.570796
7,14,-0.785398
7,38,3.141593
7,50,-1.570796
7,65,0.785398
8,16,0.785398
8,17,2.356194
8,24,0.785398
8,42,0.321751
8,59,0.000000
8,61,1.892547
8,71,0.321751
9,16,-0.785398
9,24,-0.785398
9,25,3.141593
9,33,0.785398
9,34,2.356194
9,35,-0.785398
9,71,-1.570796
9,80,1.570796
10,7,0.785398
10,21,0.785398
10,22,1.570796
10,23,3.141593
10,39,-2.356194
10,48,0.321751
10,50,2.819842
10,78,1.892547
10,82,2.356194
11,7,-0.785398
11,8,3.141593
11,31,0.785398
11,42,-1.249046
11,43,-2.356194
11,62,-1.249046
11,64,-2.356194
12,34,-2.356194
12,45,0.785398
12,46,2.356194
12,65,1.570796
12,67,1.249046
12,68,2.356194
12,69,-0.785398
12,71,2.819842
12,78,-1.892547
12,81,-2.356194
13,45,-0.785398
13,50,-1.249046
13,51,-2.356194
13,52,-0.785398
13,53,-1.570796
13,54,-2.356194
14,18,1.570796
14,19,2.356194
14,20,0.785398
14,24,2.356194
14,29,0.785398
14,30,1.570796
14,37,-0.785398
14,42,0.785398
14,43,1.892547
14,58,2.356194
14,59,0.785398
14,60,1.892547
14,64,0.321751
14,67,-2.356194
14,71,0.000000
14,73,0.785398
15,13,0.785398
15,55,0.321751
15,71,-0.785398
15,74,-1.249046
15,77,2.819842
16,18,0.785398
16,42,-0.785398
16,47,-1.249046
16,48,-2.356194
16,71,2.356194
17,14,0.785398
17,20,-0.785398
17,24,3.141593
17,34,-0.785398
17,44,-2.356194
17,54,-0.785398
17,55,-1.570796
17,61,-1.570796
17,66,-1.249046
17,67,-2.356194
17,77,-2.819842
18,16,2.356194
18,26,0.785398
18,27,1.892547
18,57,-1.249046
18,58,-2.356194
18,59,0.785398
18,71,-1.249046
18,72,-2.356194
18,74,0.785398
18,80,0.321751
18,82,2.819842
19,13,0.321751
19,18,-1.570796
19,29,-0.785398
19,30,-1.570796
19,31,-2.356194
19,33,-0.785398
19,34,-1.570796
19,36,-1.892547
19,38,-1.249046
19,39,-2.356194
19,40,0.785398
19,41,1.570796
19,42,2.356194
19,43,-0.785398
19,44,-1.570796
19,45,3.141593
20,20,2.356194
20,21,-0.785398
20,22,-1.570796
20,23,-2.356194
20,26,-0.785398
20,27,-1.892547
20,46,0.785398
20,47,2.356194
20,75,2.356194
20,80,-0.321751
21,6,0.785398
21,61,-0.785398
21,66,1.892547
21,68,1.249046
21,69,2.356194
21,72,0.785398
21,73,1.570796
21,75,3.141593
22,6,0.000000
22,11,0.785398
22,40,-0.785398
22,41,-1.570796
22,42,-2.356194
22,58,0.785398
22,59,1.892547
22,64,-1.570796
22,75,-1.570796
22,79,1.249046
22,81,3.141593
23,6,-1.570796
23,25,0.785398
23,26,1.892547
23,28,1.249046
23,29,3.141593
23,46,-1.249046
23,47,-2.356194
23,61,-1.570796
23,66,-1.570796
23,68,-1.570796
23,77,0.785398
24,12,-0.785398
24,14,-1.249046
24,52,0.785398
24,53,1.892547
24,59,-1.570796
24,63,-1.249046
24,65,2.356194
24,71,0.785398
25,19,-2.356194
25,26,-0.785398
25,39,0.785398
25,40,1.570796
25,41,2.356194
25,53,-1.249046
25,54,-2.356194
25,57,0.785398
25,58,2.356194
25,85,1.249046
26,11,0.321751
26,13,2.819842
26,30,1.249046
26,31,2.356194
26,58,-1.570796
26,65,0.000000
26,72,-1.570796
26,81,-1.570796
27,11,-0.785398
27,26,-0.785398
27,40,2.356194
27,49,0.785398
27,50,1.892547
27,59,1.570796
27,68,0.000000
27,69,1.570796
27,78,-1.249046
27,80,2.356194
28,14,-2.356194
28,15,-0.785398
28,16,-1.892547
28,20,2.356194
28,30,-2.356194
28,52,0.785398
28,53,1.892547
28,61,2.356194
28,80,-1.570796
28,85,-0.785398
29,37,1.570796
29,40,-1.249046
29,41,-2.356194
29,42,0.785398
29,43,1.892547
29,50,-1.570796
29,55,1.570796
29,56,2.356194
29,65,-1.249046
29,66,-2.356194
29,67,0.785398
29,71,-1.570796
29,81,1.570796
29,90,2.356194
30,7,1.249046
30,8,2.356194
30,17,1.249046
30,29,-0.785398
30,32,2.356194
30,45,2.356194
30,48,0.785398
30,68,-1.249046
30,87,2.356194
30,90,3.141593
31,15,0.785398
31,49,-1.249046
31,50,-2.356194
31,59,-1.570796
31,71,2.819842
31,90,-2.356194
32,19,2.356194
32,37,-0.785398
32,55,-2.356194
32,57,0.785398
32,64,0.785398
32,65,2.356194
33,11,-0.785398
33,13,2.819842
33,46,2.356194
33,58,-1.249046
33,59,-2.356194
33,61,3.141593
33,64,-1.570796
33,70,-0.785398
33,72,2.819842
33,84,-0.785398
33,89,0.000000
33,91,2.819842
34,3,1.249046
34,13,-1.570796
34,30,-0.785398
34,31,-1.570796
34,32,-2.356194
34,34,0.785398
34,35,1.570796
34,37,-1.570796
34,39,1.892547
34,63,1.570796
34,72,-1.570796
34,77,0.000000
34,91,-2.356194
35,2,0.321751
35,8,-2.356194
35,17,-2.819842
35,39,-1.249046
35,40,-2.356194
35,44,-0.785398
35,53,-1.249046
35,54,-2.356194
35,74,0.785398
35,75,1.892547
35,86,0.000000
35,88,-1.570796
35,90,2.356194
36,2,-0.785398
36,20,1.570796
36,67,0.785398
36,68,1.570796
36,69,2.356194
36,70,3.141593
36,83,3.141593
36,86,-1.570796
37,9,0.785398
37,10,2.356194
37,18,0.785398
37,31,0.785398
37,32,1.570796
37,33,2.356194
37,76,-1.249046
37,84,0.000000
37,90,3.141593
38,53,0.785398
38,54,1.570796
38,55,2.356194
38,61,-0.785398
38,63,-1.249046
38,64,3.141593
38,68,-0.321751
38,69,2.819842
38,85,-1.249046
38,86,-2.356194
38,87,0.785398
39,7,1.249046
39,16,-1.570796
39,21,-1.570796
39,22,-2.356194
39,32,0.785398
39,35,2.356194
39,56,-2.356194
39,61,0.785398
39,77,-0.785398
39,78,-1.570796
39,79,-2.356194
39,80,0.785398
39,81,1.892547
39,88,-1.249046
39,90,3.141593
40,11,1.249046
40,13,-1.892547
40,17,0.785398
40,19,-1.892547
40,48,0.785398
40,52,0.785398
40,61,-0.321751
40,67,0.000000
40,70,-2.356194
40,71,-0.785398
40,72,-1.570796
40,81,-1.249046
40,82,3.141593
41,17,-1.570796
41,31,-0.785398
41,32,-1.892547
41,35,-1.249046
41,36,-2.356194
41,53,-1.249046
41,54,-2.356194
41,64,1.892547
41,89,0.321751
41,90,-2.819842
42,15,1.249046
42,16,3.141593
42,44,0.785398
42,46,1.570796
42,48,-1.570796
42,60,0.785398
42,65,-2.356194
42,78,0.785398
42,79,1.892547
42,89,-1.570796
43,4,0.321751
43,13,1.570796
43,50,-1.249046
43,51,-2.356194
43,52,3.141593
43,61,-1.249046
43,79,-1.249046
43,80,3.141593
44,11,-1.892547
44,18,1.249046
44,20,2.356194
44,43,-0.785398
44,63,-1.249046
44,64,-2.356194
44,77,2.819842
44,81,0.000000
44,82,1.892547
44,89,3.141593
45,3,0.321751
45,5,2.819842
45,25,0.785398
45,26,1.570796
45,27,2.356194
45,47,-2.356194
45,48,3.141593
45,66,0.000000
45,67,1.892547
45,72,0.785398
45,73,1.892547
45,84,1.570796
45,85,2.356194
45,91,3.141593
46,8,-2.819842
46,45,-0.785398
46,67,-1.249046
46,68,-2.356194
46,73,-1.249046
46,75,1.892547
46,79,2.356194
46,81,0.000000
47,3,0.000000
47,5,-1.570796
47,7,-1.892547
47,22,3.141593
47,26,0.785398
47,32,1.249046
47,33,2.356194
47,39,0.785398
47,55,0.000000
47,64,0.785398
47,82,0.000000
48,3,-0.785398
48,9,1.249046
48,26,-0.785398
48,27,-2.356194
48,31,-0.785398
48,32,-1.892547
48,40,-2.356194
48,61,2.356194
48,65,-2.356194
49,23,1.249046
49,24,2.356194
49,58,1.570796
49,60,1.570796
49,69,-0.785398
49,74,-0.785398
49,75,-2.356194
50,23,-1.892547
50,34,0.000000
50,39,-0.785398
50,40,-1.570796
50,41,-2.356194
50,45,-0.785398
50,46,-1.570796
50,58,0.000000
50,66,1.249046
50,67,3.141593
50,82,-1.249046
51,6,0.321751
51,11,0.000000
51,12,-1.892547
51,14,0.785398
51,16,-1.892547
51,19,0.000000
51,31,3.141593
51,48,-2.356194
51,58,-0.785398
51,65,0.321751
51,72,1.570796
51,78,0.785398
52,10,1.570796
52,14,-0.785398
52,65,-0.785398
52,68,0.785398
52,69,1.892547
52,72,-0.785398
52,73,-2.356194
52,79,-1.249046
52,80,3.141593
52,86,-1.249046
52,87,3.141593
53,8,-1.570796
53,10,3.141593
53,36,3.141593
53,40,0.000000
53,42,3.141593
53,45,1.570796
53,49,1.570796
53,69,-1.249046
53,70,-2.356194
53,71,0.000000
53,76,0.785398
53,82,0.785398
53,88,0.000000
54,3,0.321751
54,21,-2.819842
54,57,-0.785398
54,72,0.000000
54,73,1.892547
54,89,-2.356194
55,6,-2.819842
55,10,0.000000
55,12,0.785398
55,17,-1.570796
55,18,-2.356194
55,24,1.249046
55,25,2.356194
55,48,-0.785398
55,49,-1.892547
55,54,-2.356194
55,79,0.785398
55,80,1.892547
55,83,-1.570796
55,85,1.570796
56,3,-0.785398
56,5,-1.892547
56,10,-1.570796
56,23,-0.785398
56,24,-1.892547
56,31,1.249046
56,32,2.356194
56,38,0.785398
56,61,1.249046
56,62,2.356194
56,85,-0.785398
56,87,1.892547
57,9,1.570796
57,13,0.000000
57,30,-0.785398
57,31,-1.892547
57,39,-2.356194
57,72,0.785398
57,89,-1.570796
57,90,3.141593
58,7,1.249046
58,9,-2.356194
58,13,-1.570796
58,20,-2.819842
58,39,2.356194
58,59,0.321751
58,68,-2.356194
59,12,3.141593
59,16,1.249046
59,22,1.249046
59,24,2.356194
59,36,0.785398
59,37,1.570796
59,59,-0.785398
59,65,0.321751
60,20,-2.356194
60,21,-0.785398
60,22,-1.892547
60,27,1.249046
60,28,2.356194
60,73,0.785398
60,82,-1.249046
60,88,-2.356194
60,89,0.785398
60,90,2.356194
61,2,0.785398
61,9,1.570796
61,12,0.785398
61,13,2.356194
61,14,-0.785398
61,15,-1.892547
61,34,1.249046
61,35,2.356194
61,36,-0.785398
61,45,1.570796
61,64,0.321751
61,65,-2.819842
62,6,1.570796
62,12,-0.785398
62,17,0.000000
62,33,-0.785398
62,34,-1.892547
62,58,1.570796
62,64,-0.785398
62,75,0.000000
62,81,1.892547
62,90,-0.321751
62,91,2.819842
63,12,2.356194
63,15,1.249046
63,16,3.141593
63,22,-0.785398
63,27,-0.785398
63,28,-2.356194
63,38,3.141593
63,58,-2.819842
63,88,1.892547
63,91,-2.356194
64,4,0.000000
64,6,-1.892547
64,14,0.000000
64,19,1.249046
64,20,3.141593
64,24,0.785398
64,25,2.356194
64,32,1.249046
64,33,2.356194
64,34,0.785398
64,35,2.356194
64,57,-0.785398
64,64,-1.570796
64,73,0.000000
64,74,0.785398
64,78,-1.249046
64,83,-2.356194
64,84,0.785398
64,85,2.356194
65,17,2.356194
65,18,-0.785398
65,19,-1.892547
65,29,1.249046
65,30,2.356194
65,31,-0.785398
65,32,-1.892547
65,40,0.785398
65,68,1.570796
66,26,1.249046
66,27,2.356194
66,28,-0.785398
66,29,-1.892547
66,35,-0.785398
66,36,-2.356194
66,41,-2.356194
66,58,0.000000
66,59,1.570796
66,61,1.570796
66,62,2.356194
66,75,-0.321751
66,77,2.356194
66,87,0.785398
66,90,-2.356194
67,2,-0.785398
67,19,1.249046
67,20,3.141593
67,26,-1.892547
67,41,2.356194
67,63,-2.356194
67,71,0.785398
67,79,1.892547
67,83,2.356194
68,3,1.570796
68,5,1.249046
68,13,-0.785398
68,14,-1.892547
68,29,1.249046
68,30,2.356194
68,40,-0.785398
68,58,0.321751
68,67,0.785398
68,72,0.785398
68,73,2.356194
68,77,-0.785398
69,3,-0.321751
69,9,-1.892547
69,16,1.249046
69,18,-1.892547
69,22,1.249046
69,24,-2.356194
69,27,1.249046
69,29,-1.892547
69,33,1.249046
69,34,2.356194
69,62,3.141593
69,68,3.141593
69,72,-1.570796
69,85,-0.785398
69,91,2.819842
70,20,1.249046
70,27,-1.892547
70,56,1.249046
70,70,0.785398
70,76,0.785398
70,77,2.356194
70,89,3.141593
70,91,-2.356194
71,4,0.000000
71,10,1.570796
71,18,1.249046
71,20,-1.892547
71,29,1.249046
71,30,3.141593
71,43,0.785398
71,56,-1.892547
71,59,2.819842
71,81,-0.785398
72,4,-0.785398
72,6,-1.570796
72,9,0.000000
72,13,0.000000
72,14,-1.892547
72,29,-1.892547
72,33,-0.321751
72,35,3.141593
72,44,-2.356194
72,54,-1.570796
72,78,3.141593
73,4,0.785398
73,8,3.141593
73,12,1.570796
73,16,0.000000
73,17,-1.892547
73,21,1.249046
73,22,3.141593
73,25,1.570796
73,43,-0.785398
73,59,-0.785398
73,60,-2.356194
73,63,3.141593
73,82,-0.321751
74,4,0.000000
74,6,-0.785398
74,7,-1.892547
74,14,1.249046
74,15,3.141593
74,27,-2.819842
74,39,0.785398
74,69,0.000000
74,74,-1.249046
74,75,3.141593
74,80,1.570796
74,89,-2.356194
75,4,-0.785398
75,14,-1.892547
75,24,0.000000
75,32,0.000000
75,33,-0.785398
75,34,-1.892547
75,43,0.000000
75,45,3.141593
75,76,1.570796
75,80,-0.321751
76,8,1.249046
76,18,-0.785398
76,23,2.356194
76,28,2.356194
76,29,3.141593
76,39,0.321751
76,40,-2.819842
76,53,0.785398
76,61,0.785398
76,72,0.000000
76,73,1.892547
76,76,-0.321751
76,77,2.819842
76,82,2.819842
76,89,0.785398
77,10,0.785398
77,16,3.141593
77,23,-1.570796
77,55,1.892547
77,58,2.356194
77,64,3.141593
77,67,0.000000
77,68,0.785398
77,69,1.892547
77,82,-1.570796
77,86,-1.249046
77,87,3.141593
77,89,-0.785398
78,10,-1.570796
78,26,-1.892547
78,31,1.249046
78,32,2.356194
78,34,0.785398
78,41,1.570796
78,42,2.356194
78,46,0.785398
78,57,-0.785398
78,69,-1.249046
78,70,3.141593
78,83,0.000000
78,84,1.892547
78,88,-0.785398
78,91,-2.356194
79,17,0.785398
79,18,1.570796
79,22,-2.356194
79,23,-0.785398
79,30,-0.785398
79,31,-1.892547
79,38,-0.785398
79,39,-1.892547
79,47,-2.356194
79,54,0.321751
79,80,1.892547
79,91,2.356194
80,2,0.785398
80,10,2.819842
80,13,0.785398
80,25,1.570796
80,27,1.249046
80,28,3.141593
80,36,-2.356194
80,41,2.356194
80,61,0.000000
80,63,3.141593
80,80,-1.249046
80,81,3.141593
80,85,-1.249046
80,86,3.141593
80,90,-0.785398
81,2,0.000000
81,7,0.321751
81,17,-0.785398
81,31,1.249046
81,32,2.356194
81,33,3.141593
81,39,0.000000
81,40,-0.785398
81,44,0.000000
81,45,3.141593
81,50,0.785398
81,51,1.570796
81,52,2.356194
81,53,-0.785398
81,73,0.000000
81,74,1.892547
81,87,0.000000
82,2,-0.785398
82,4,-1.570796
82,7,-1.570796
82,14,-0.785398
82,28,0.785398
82,29,2.356194
82,30,-0.785398
82,31,-1.892547
82,37,3.141593
82,59,0.000000
82,66,0.785398
82,69,0.000000
82,77,-0.785398
82,83,0.000000
82,84,1.892547
83,5,0.000000
83,23,0.000000
83,24,-1.892547
83,35,1.570796
83,47,0.000000
83,48,3.141593
83,51,0.785398
83,61,0.000000
83,62,1.892547
83,67,-2.356194
84,2,-1.570796
84,11,0.000000
84,12,1.570796
84,13,3.141593
84,18,1.249046
84,26,1.249046
84,27,3.141593
84,29,1.570796
84,31,1.249046
84,32,2.356194
84,34,-0.785398
84,35,-2.356194
84,43,3.141593
84,52,-2.356194
84,54,0.785398
84,55,1.892547
84,62,-1.249046
84,64,1.892547
84,72,1.570796
84,79,-0.785398
84,80,3.141593
84,90,-2.356194
85,31,-1.892547
85,38,2.356194
85,55,-1.249046
85,56,-2.356194
85,64,-1.249046
85,65,3.141593
85,72,0.000000
85,81,1.570796
85,84,-0.321751
86,5,1.892547
86,20,2.356194
86,24,0.321751
86,34,1.249046
86,36,-1.892547
86,38,-1.570796
86,43,1.249046
86,44,2.356194
86,46,3.141593
86,49,0.000000
86,60,0.000000
86,61,1.892547
86,81,-0.321751
86,82,2.819842
86,85,-1.249046
87,14,1.249046
87,17,-2.356194
87,19,0.321751
87,20,-2.819842
87,24,-1.570796
87,33,0.000000
87,34,-1.892547
87,40,2.356194
87,42,-0.785398
87,43,-1.892547
87,70,1.249046
87,78,-0.321751
87,79,2.819842
87,82,-1.570796
88,10,-1.892547
88,14,-1.892547
88,26,0.321751
88,38,0.000000
88,39,-1.892547
88,46,0.785398
88,55,3.141593
88,73,2.819842
88,79,-1.570796
88,83,1.570796
88,87,0.785398
89,12,-0.785398
89,16,-0.785398
89,19,-2.819842
89,22,1.570796
89,30,3.141593
89,37,-0.785398
89,42,1.249046
89,43,2.356194
89,44,3.141593
89,47,-2.356194
89,58,0.000000
89,62,-1.570796
89,73,-1.570796
89,83,-0.321751
89,87,-0.321751
89,91,-2.356194
90,5,0.321751
90,24,1.249046
90,26,-2.356194
90,29,-0.785398
90,40,2.356194
90,41,-0.785398
90,42,-1.892547
90,60,0.000000
90,66,1.570796
90,70,-0.321751
90,77,1.570796
90,85,2.819842
90,91,-1.570796
91,12,0.000000
91,14,1.570796
91,17,0.321751
91,21,-1.892547
91,27,1.570796
91,29,2.356194
91,31,1.570796
91,34,2.356194
91,39,-1.570796
91,55,0.785398
91,56,1.892547
91,67,3.141593
91,72,2.819842
91,77,-0.321751
91,78,2.819842
91,81,1.570796
91,88,-0.321751
92,4,0.321751
92,7,-2.819842
92,17,-1.570796
92,33,-0.785398
92,56,-1.249046
92,57,-2.356194
92,61,-1.570796
92,63,0.000000
92,72,-1.570796
92,78,-1.570796
92,81,-0.321751
92,85,-0.321751
93,15,0.785398
93,16,3.141593
93,26,0.000000
93,38,0.785398
93,40,0.785398
93,41,1.570796
93,42,2.356194
93,60,0.000000
93,64,-1.570796
93,76,-2.356194
93,83,2.819842
93,87,2.819842
93,91,2.819842
94,3,0.321751
94,9,0.321751
94,10,-2.819842
94,24,0.785398
94,25,3.141593
94,38,0.000000
94,49,0.000000
94,54,3.141593
94,69,1.570796
94,79,-1.570796
94,83,-1.570796
94,87,-1.570796
94,91,-2.356194
95,3,-0.785398
95,9,-1.570796
95,32,3.141593
95,38,-0.785398
95,41,2.356194
95,46,2.356194
95,62,-2.356194
95,91,-1.570796
96,3,-1.570796
96,11,0.321751
96,24,-2.819842
96,38,-1.570796
96,40,0.321751
96,41,-2.819842
96,44,0.000000
96,59,0.785398
96,71,-1.570796
96,77,0.785398
97,8,-1.570796
97,11,-0.785398
97,14,-0.785398
97,18,-1.249046
97,20,-1.892547
97,30,0.785398
97,33,2.356194
97,40,-1.570796
97,52,3.141593
97,60,0.000000
97,61,1.892547
97,72,-2.356194
97,78,-2.356194
97,81,0.000000
97,83,-0.785398
97,84,-1.570796
97,85,-2.356194
97,87,-0.785398
97,88,-1.570796
97,89,3.141593
98,11,-1.570796
98,14,-1.570796
98,23,-1.570796
98,26,0.000000
98,27,3.141593
98,31,-2.356194
98,32,-0.785398
98,39,-0.785398
98,49,-0.785398
98,61,-1.249046
98,62,-2.356194
98,63,3.141593
98,67,-1.570796
98,78,-1.570796
98,90,-2.356194
