4,50,1.249046
4,51,2.356194
5,58,1.570796
6,28,1.249046
6,29,2.356194
6,44,1.249046
6,45,3.141593
6,50,-1.570796
6,58,0.000000
6,64,0.785398
6,65,1.892547
6,70,1.249046
6,71,2.356194
7,58,-1.570796
7,67,2.356194
7,69,-0.785398
8,21,1.249046
8,22,3.141593
8,28,-1.570796
8,52,0.785398
8,53,2.356194
8,56,0.785398
8,57,2.356194
8,64,0.321751
9,45,1.570796
9,52,-0.785398
9,86,2.356194
10,15,1.249046
10,16,3.141593
10,21,-1.570796
10,42,0.321751
10,58,2.819842
10,85,0.321751
11,53,-2.356194
11,55,-0.785398
11,56,-1.892547
11,58,-2.356194
11,85,-0.785398
12,13,0.321751
12,33,0.785398
12,34,1.570796
12,35,2.356194
12,36,-0.785398
12,37,-1.892547
12,42,0.000000
12,44,-1.892547
12,47,-1.249046
12,48,-2.356194
12,49,0.785398
12,58,0.785398
12,81,0.785398
13,42,-0.785398
13,60,1.570796
13,62,1.892547
13,76,0.785398
13,77,1.892547
14,12,0.321751
14,34,0.785398
14,52,2.356194
14,53,0.785398
14,54,1.570796
14,55,2.356194
14,63,-2.356194
14,64,0.785398
14,65,1.570796
14,66,2.356194
14,77,-1.249046
14,78,-2.356194
14,79,-0.785398
15,12,-1.570796
15,41,-0.785398
15,42,-1.570796
15,43,-2.356194
15,58,-1.249046
15,67,0.000000
15,68,1.570796
15,69,2.356194
15,86,-2.356194
15,89,2.356194
16,32,0.785398
16,49,-1.249046
16,51,-1.570796
16,63,2.356194
16,89,3.141593
17,68,3.141593
17,85,-1.249046
18,56,0.000000
18,57,1.570796
18,58,2.356194
19,29,1.249046
19,30,2.356194
19,32,-0.785398
19,33,-1.570796
19,35,1.570796
19,36,2.356194
19,41,0.785398
19,42,1.570796
19,43,2.356194
19,44,0.785398
19,45,1.570796
19,46,2.356194
19,48,0.785398
19,49,1.570796
19,50,2.356194
19,51,0.785398
19,61,-0.785398
19,62,-1.570796
19,63,-2.356194
19,70,0.785398
19,71,1.570796
19,72,2.356194
19,81,-1.249046
20,19,0.785398
20,20,2.356194
20,65,-1.249046
20,66,-2.356194
20,84,-1.249046
21,19,-0.785398
21,29,-2.356194
21,52,-1.570796
21,54,0.785398
21,68,-1.249046
21,88,3.141593
22,12,3.141593
22,33,1.249046
22,35,-1.570796
22,36,-2.356194
22,37,0.785398
22,38,1.570796
22,39,2.356194
22,44,-0.785398
22,45,-1.570796
22,46,-2.356194
22,48,-0.785398
22,70,-1.249046
22,71,-2.356194
22,84,0.785398
23,9,0.321751
23,24,1.249046
23,25,2.356194
23,28,-0.785398
23,29,-1.570796
23,30,-2.356194
23,32,-0.785398
23,33,-1.892547
23,52,-2.356194
23,53,-0.785398
23,85,-1.249046
23,86,-2.356194
23,87,-0.785398
23,88,-2.356194
23,90,1.570796
24,9,-1.570796
24,43,-2.356194
24,44,0.785398
24,45,1.892547
24,50,-0.785398
24,55,-1.249046
24,56,-2.356194
24,90,3.141593
25,24,-2.356194
25,50,2.356194
25,58,0.000000
25,59,1.570796
25,60,2.356194
25,81,0.785398
25,82,1.892547
25,90,-1.570796
26,19,1.249046
26,20,2.356194
26,29,1.249046
26,30,2.356194
26,36,-0.785398
26,37,-1.570796
26,39,1.570796
26,40,2.356194
26,82,-1.249046
26,83,-2.356194
26,91,-2.356194
27,17,0.785398
27,22,2.356194
27,23,-0.785398
27,24,-1.570796
27,25,-2.356194
27,43,0.000000
27,44,1.570796
27,46,-1.892547
27,53,0.785398
27,54,1.892547
27,58,1.570796
27,63,0.785398
27,64,2.356194
28,8,0.785398
28,17,-0.785398
28,19,-1.249046
28,21,-1.892547
28,50,-1.570796
28,58,3.141593
28,63,-0.785398
29,8,-0.785398
29,9,3.141593
29,34,0.785398
29,35,1.570796
29,37,1.570796
29,39,-1.570796
29,40,-2.356194
29,43,-0.785398
29,44,-1.570796
29,45,-2.356194
29,48,0.785398
29,70,0.000000
29,71,1.892547
30,28,-0.785398
30,29,-1.892547
30,49,-1.249046
30,50,-2.356194
30,60,1.570796
30,61,2.356194
30,62,-0.785398
30,63,-1.570796
30,64,3.141593
30,82,0.000000
30,83,1.892547
30,91,3.141593
31,20,1.249046
31,21,2.356194
31,54,-1.249046
31,55,-2.356194
31,83,-1.249046
31,84,-2.356194
32,34,-0.785398
32,35,-1.570796
32,37,-1.570796
32,38,-2.356194
32,42,0.785398
32,43,1.892547
32,58,-1.249046
33,16,-0.785398
33,24,1.249046
33,25,2.356194
33,71,-1.249046
33,72,3.141593
34,18,1.570796
34,23,-0.785398
34,24,-1.892547
34,51,0.785398
34,52,1.892547
34,63,1.570796
34,64,2.356194
34,74,0.785398
34,75,1.892547
35,6,0.321751
35,8,3.141593
35,18,0.000000
35,20,-1.892547
35,27,0.000000
35,28,0.785398
35,29,1.892547
35,41,0.785398
35,61,-1.570796
35,75,-1.249046
35,76,-2.356194
35,84,0.000000
35,85,1.892547
35,91,-2.356194
36,6,-1.570796
36,24,1.249046
36,25,2.356194
36,31,1.570796
36,32,2.356194
36,34,0.785398
36,35,1.570796
36,36,2.356194
36,38,0.785398
36,39,1.570796
36,40,3.141593
36,44,-2.356194
36,52,-1.570796
36,59,0.785398
36,60,2.356194
36,64,1.570796
37,17,-0.785398
37,18,-1.570796
37,19,-2.356194
37,22,0.785398
37,28,2.356194
37,42,-0.785398
37,51,1.570796
37,64,-0.785398
37,65,3.141593
37,86,-1.249046
37,88,1.892547
38,11,0.000000
38,12,1.570796
38,13,3.141593
38,26,-1.892547
38,28,-2.356194
38,46,0.785398
38,59,0.321751
38,61,-2.356194
38,62,0.785398
38,63,2.356194
38,66,0.785398
38,68,1.892547
38,74,0.785398
38,75,1.892547
39,5,0.785398
39,28,-1.570796
39,39,0.785398
39,46,-0.321751
39,48,3.141593
39,63,-1.570796
39,68,-1.249046
39,70,1.892547
39,75,-1.249046
39,76,3.141593
39,89,-1.249046
39,90,-2.356194
39,91,3.141593
40,5,-0.785398
40,6,3.141593
40,24,2.356194
40,39,-0.321751
40,40,2.819842
40,54,1.570796
40,55,2.356194
40,59,3.141593
40,66,3.141593
40,85,0.000000
40,86,1.892547
41,7,0.000000
41,13,1.570796
41,19,1.249046
41,20,2.356194
41,21,-0.785398
41,22,-1.570796
41,33,-2.356194
41,40,-2.356194
41,59,-1.570796
41,66,-1.570796
41,71,-1.249046
41,72,-2.356194
42,8,-1.570796
42,13,-0.785398
42,14,-2.356194
42,15,0.785398
42,16,1.570796
42,17,2.356194
42,18,-0.785398
42,19,-1.892547
42,27,1.570796
42,30,1.570796
42,52,0.000000
42,61,0.785398
42,62,1.892547
42,81,0.000000
42,82,1.892547
42,87,-1.249046
42,88,3.141593
43,4,0.785398
43,10,2.356194
43,52,-0.785398
43,62,-1.249046
43,63,3.141593
43,69,0.000000
43,70,1.892547
43,76,0.000000
43,77,1.892547
43,82,-1.249046
43,83,3.141593
44,4,0.000000
44,8,-0.785398
44,9,-1.892547
44,30,0.785398
44,34,1.570796
44,70,-1.249046
44,71,3.141593
44,91,3.141593
45,4,-0.785398
45,30,-0.321751
45,31,2.819842
45,50,1.570796
45,53,0.785398
45,54,2.356194
45,56,0.785398
45,57,1.892547
45,77,-1.570796
45,85,0.000000
45,86,1.892547
46,4,0.785398
46,31,-2.356194
46,53,-0.785398
46,75,0.785398
46,76,2.356194
46,80,0.000000
46,81,1.892547
47,4,-0.321751
47,6,2.356194
47,17,-2.356194
47,28,-1.570796
47,34,0.785398
47,56,0.321751
47,59,0.000000
47,60,1.892547
47,81,-1.249046
47,82,3.141593
47,87,-1.249046
47,88,3.141593
48,8,2.356194
48,11,0.785398
48,32,-2.356194
48,34,-0.321751
48,35,2.819842
48,56,-0.785398
48,71,1.570796
48,89,0.000000
48,90,1.892547
49,5,-1.570796
49,7,-1.892547
49,12,-2.356194
49,28,1.570796
49,35,-2.356194
49,60,-0.785398
49,72,3.141593
49,78,-1.570796
49,84,0.000000
49,85,1.892547
49,91,2.819842
50,3,-0.785398
50,60,2.356194
50,67,0.785398
50,68,2.356194
50,91,-2.356194
51,25,1.570796
51,28,-1.570796
51,32,1.570796
51,58,2.356194
51,59,-0.785398
51,60,-2.356194
51,67,-1.570796
51,91,-1.570796
52,10,1.892547
52,12,2.356194
52,56,0.321751
52,66,3.141593
52,87,-1.249046
52,88,3.141593
53,20,1.570796
53,24,-0.785398
53,35,-1.570796
53,56,-0.785398
53,83,0.000000
53,84,1.892547
54,2,0.785398
54,15,1.570796
54,26,1.570796
54,78,0.000000
54,79,1.892547
55,2,0.000000
55,15,-1.570796
55,19,-0.785398
55,29,1.570796
55,35,1.570796
55,51,2.356194
55,54,2.356194
55,79,-1.249046
55,80,3.141593
55,90,-1.570796
56,2,-0.785398
56,10,3.141593
56,22,0.000000
56,23,3.141593
56,32,-1.570796
56,50,0.321751
56,51,-2.819842
56,53,0.321751
56,54,-2.819842
56,66,-1.892547
56,69,0.000000
56,70,1.892547
56,86,-1.249046
56,87,3.141593
57,17,2.356194
57,26,-1.570796
57,50,-0.785398
57,53,-0.785398
57,63,-0.785398
57,70,-1.249046
57,71,3.141593
57,76,0.000000
57,77,1.892547
58,7,0.000000
58,10,-2.819842
58,32,2.356194
58,41,2.356194
58,63,0.785398
58,72,0.000000
58,73,1.892547
59,2,0.785398
59,5,0.785398
59,6,2.356194
59,14,1.249046
59,15,3.141593
59,20,2.356194
59,34,1.570796
59,40,0.321751
59,41,-2.819842
59,63,0.000000
59,67,0.785398
59,68,1.892547
60,3,-2.356194
60,6,-2.356194
60,9,0.785398
60,13,0.000000
60,14,-1.892547
60,33,0.321751
60,34,-2.819842
60,40,-0.785398
60,68,-1.249046
60,70,1.892547
61,9,0.000000
61,22,2.356194
61,27,-1.570796
61,33,-1.570796
61,36,0.785398
61,71,2.819842
61,91,-2.356194
62,4,1.249046
62,5,3.141593
62,15,0.000000
62,29,1.570796
62,36,-0.321751
62,37,2.819842
62,61,0.000000
62,62,-1.892547
62,64,1.570796
62,71,-1.570796
62,82,2.819842
63,4,-1.892547
63,7,1.249046
63,9,3.141593
63,29,-2.819842
63,37,-2.356194
63,60,3.141593
63,64,0.000000
63,72,0.000000
63,73,1.892547
63,82,-1.570796
63,88,1.570796
64,2,-0.785398
64,37,-1.570796
64,59,-0.785398
64,64,-0.785398
64,68,0.000000
64,69,1.892547
64,83,0.000000
64,88,-0.321751
64,89,2.819842
65,2,-1.570796
65,10,2.819842
65,16,0.000000
65,21,1.249046
65,22,2.356194
65,23,3.141593
65,26,0.321751
65,39,2.356194
65,48,0.785398
65,64,2.356194
65,69,-1.249046
65,70,3.141593
65,80,2.819842
65,89,-1.570796
66,8,1.570796
66,26,-1.570796
66,35,1.570796
66,38,0.321751
66,39,-2.819842
66,48,0.000000
66,58,0.321751
66,60,-2.356194
66,62,0.785398
66,64,-2.819842
66,71,1.570796
66,80,-1.570796
66,85,3.141593
66,90,0.000000
67,3,0.000000
67,4,-1.892547
67,14,3.141593
67,18,1.249046
67,20,-1.892547
67,25,-0.785398
67,32,2.356194
67,35,-1.570796
67,38,-1.570796
67,41,1.570796
67,48,-1.570796
67,50,0.785398
67,51,3.141593
67,58,-0.785398
67,71,-0.321751
67,72,2.819842
67,77,2.819842
67,81,0.000000
67,91,-2.356194
68,9,-0.785398
68,10,-1.892547
68,17,0.000000
68,18,-1.892547
68,22,2.356194
68,31,-0.785398
68,40,0.321751
68,41,-2.819842
68,44,2.356194
68,50,-0.785398
68,63,0.000000
68,72,-1.570796
68,77,-1.570796
68,82,-1.570796
68,91,-1.570796
69,2,-1.570796
69,20,1.249046
69,21,3.141593
69,28,1.570796
69,33,2.356194
69,43,0.321751
69,44,-2.819842
69,63,-0.785398
69,68,0.000000
69,73,0.000000
69,74,1.892547
69,88,1.570796
70,13,1.249046
70,14,3.141593
70,19,0.000000
70,20,-1.892547
70,24,2.356194
70,28,-2.819842
70,43,-1.570796
70,50,0.785398
70,63,0.785398
70,69,-1.570796
70,74,-1.249046
70,75,3.141593
70,84,1.570796
70,88,-0.321751
71,3,0.000000
71,4,-1.892547
71,12,0.321751
71,22,1.249046
71,23,3.141593
71,26,0.321751
71,31,3.141593
71,38,0.321751
71,41,0.785398
71,42,3.141593
71,50,-0.785398
71,52,1.570796
71,53,3.141593
71,57,0.785398
71,63,-0.785398
71,64,3.141593
71,80,1.570796
71,84,-0.321751
72,2,-0.785398
72,6,1.570796
72,12,-0.785398
72,15,1.249046
72,16,2.356194
72,26,-1.570796
72,30,-1.570796
72,34,1.570796
72,38,-1.570796
72,41,-0.785398
72,57,-0.785398
72,58,3.141593
72,65,0.000000
72,66,1.892547
72,71,1.570796
72,76,0.785398
72,80,-0.321751
72,81,2.819842
72,86,2.819842
72,89,-0.785398
72,91,2.356194
73,15,-1.892547
73,20,0.000000
73,21,-1.892547
73,34,-2.819842
73,37,1.570796
73,62,2.356194
73,72,3.141593
73,76,-0.321751
73,77,2.819842
73,81,-1.570796
73,91,3.141593
74,4,1.249046
74,5,3.141593
74,11,0.785398
74,18,1.249046
74,19,3.141593
74,23,1.249046
74,24,3.141593
74,28,1.570796
74,37,-2.819842
74,62,-2.356194
74,77,-1.570796
74,86,-0.321751
74,91,-2.356194
75,3,0.000000
75,4,-1.892547
75,8,1.249046
75,9,3.141593
75,22,0.321751
75,28,-2.819842
75,31,0.000000
75,32,-1.892547
75,44,0.000000
75,55,0.321751
75,57,3.141593
75,60,1.570796
75,69,2.819842
75,73,0.785398
75,78,1.570796
75,83,1.570796
75,88,2.819842
75,91,-1.570796
76,11,0.321751
76,14,2.356194
76,16,-0.785398
76,17,-1.892547
76,22,-1.570796
76,27,-1.892547
76,39,1.570796
76,45,0.000000
76,46,1.570796
76,47,3.141593
76,55,-1.570796
76,58,0.000000
76,65,1.570796
76,69,-1.570796
76,73,-0.321751
76,78,-0.321751
76,83,-0.321751
76,84,2.819842
76,88,-1.570796
77,2,-1.570796
77,6,0.321751
77,11,-1.570796
77,20,1.249046
77,21,3.141593
77,25,-1.570796
77,30,-1.570796
77,33,0.321751
77,39,3.141593
77,65,-0.321751
77,70,1.570796
77,75,2.819842
77,80,2.819842
77,84,-1.570796
78,6,-1.570796
78,10,-0.785398
78,18,1.249046
78,20,-1.892547
78,24,1.570796
78,33,-1.570796
78,39,-2.356194
78,59,-0.785398
78,67,2.819842
78,70,-0.321751
78,71,2.819842
78,75,-1.570796
78,85,1.570796
79,4,0.000000
79,14,1.570796
79,17,-0.785398
79,18,-1.892547
79,24,-2.819842
79,53,0.785398
79,62,0.000000
79,71,-1.570796
79,76,1.570796
79,80,-0.321751
79,85,-0.321751
79,86,2.819842
80,21,1.249046
80,23,-1.892547
80,30,0.785398
80,33,-2.356194
80,34,0.000000
80,37,1.249046
80,41,1.570796
80,49,2.356194
80,53,0.000000
80,58,1.570796
80,63,-1.570796
80,67,-0.321751
80,68,2.819842
80,72,1.570796
80,76,-0.321751
80,82,2.819842
81,7,1.570796
81,13,0.000000
81,14,-1.892547
81,20,0.000000
81,21,-1.892547
81,35,0.785398
81,37,-1.892547
81,39,0.785398
81,44,1.570796
81,48,0.321751
81,49,-2.819842
81,64,1.570796
81,68,-1.570796
81,72,-0.321751
81,73,2.819842
81,78,2.819842
81,82,-1.570796
81,87,3.141593
82,12,-0.785398
82,31,-2.819842
82,35,-1.570796
82,39,-0.785398
82,43,0.321751
82,44,-2.819842
82,48,-1.570796
82,52,0.000000
82,64,-0.321751
82,69,1.570796
82,73,-1.570796
82,78,-1.570796
82,83,1.570796
82,91,-1.570796
83,5,1.249046
83,6,3.141593
83,18,1.570796
83,34,1.570796
83,43,-0.785398
83,61,1.570796
83,66,2.819842
83,69,-0.321751
83,79,1.570796
83,83,-0.321751
83,84,2.819842
84,17,-0.785398
84,18,-2.356194
84,22,1.249046
84,23,3.141593
84,34,-2.819842
84,38,1.570796
84,50,0.321751
84,52,3.141593
84,54,2.356194
84,61,-0.321751
84,66,-2.356194
84,71,2.819842
84,74,-1.570796
84,79,-0.321751
85,3,0.000000
85,4,-1.892547
85,9,2.356194
85,10,3.141593
85,19,0.785398
85,20,2.356194
85,21,-0.785398
85,22,-1.892547
85,28,-1.892547
85,37,0.000000
85,42,1.570796
85,58,1.570796
85,71,-2.356194
85,77,1.570796
85,81,2.819842
85,84,-0.321751
86,2,-0.785398
86,8,-0.785398
86,15,-1.570796
86,19,-0.785398
86,26,-1.570796
86,31,0.000000
86,32,-1.892547
86,41,0.000000
86,42,-2.356194
86,45,0.785398
86,48,1.249046
86,55,2.819842
86,58,-0.321751
86,65,3.141593
86,86,2.819842
87,6,2.356194
87,8,-1.570796
87,19,-1.570796
87,25,1.570796
87,55,-1.570796
87,60,2.819842
87,68,1.570796
87,71,0.785398
87,82,3.141593
88,23,0.000000
88,29,1.570796
88,34,1.570796
88,52,-1.570796
88,60,-1.570796
88,64,0.785398
88,71,-0.321751
88,75,0.785398
88,86,-0.321751
88,87,2.819842
89,3,-0.785398
89,10,2.356194
89,33,0.000000
89,34,-2.356194
89,53,1.570796
89,64,-0.321751
89,65,2.819842
89,73,2.819842
89,87,-1.570796
90,8,0.785398
90,9,2.356194
90,32,2.356194
90,36,0.785398
90,37,1.570796
90,39,-1.570796
90,40,-2.356194
90,49,-0.321751
90,50,2.819842
90,53,-0.321751
90,54,2.819842
90,65,-2.356194
90,73,-2.356194
90,91,-1.570796
91,7,0.785398
91,9,-2.356194
91,14,1.570796
91,24,1.249046
91,26,-1.892547
91,28,-1.249046
91,30,-1.892547
91,32,-2.356194
91,43,-2.356194
91,46,-0.321751
91,47,2.819842
91,50,-1.570796
91,54,-2.356194
91,58,1.570796
91,61,0.785398
91,73,-1.570796
92,6,-0.785398
92,14,-1.570796
92,23,0.000000
92,24,-1.892547
92,32,-1.570796
92,58,-0.321751
92,59,2.819842
92,61,-0.321751
92,62,2.819842
92,65,0.785398
93,21,0.000000
93,47,-0.321751
93,48,2.819842
93,59,-2.356194
93,62,-2.356194
93,65,-0.321751
93,66,2.819842
93,78,1.570796
93,89,0.785398
94,5,3.141593
94,10,2.356194
94,18,1.570796
94,41,1.570796
94,48,-2.356194
94,66,-2.356194
94,72,1.570796
94,75,0.785398
94,78,-0.321751
94,79,2.819842
94,86,1.570796
94,89,-0.321751
94,90,2.819842
95,3,-0.785398
95,18,-1.570796
95,29,0.785398
95,35,1.570796
95,41,-1.570796
95,51,-1.570796
95,72,0.785398
95,79,-1.570796
95,86,-0.321751
95,87,2.819842
95,90,-2.356194
96,26,3.141593
96,45,-1.570796
96,66,-1.570796
96,69,-1.570796
96,72,-0.321751
96,73,2.819842
96,87,-2.356194
97,7,0.785398
97,14,1.570796
97,20,2.356194
97,22,0.000000
97,32,3.141593
97,35,-1.570796
97,42,1.570796
97,48,-1.570796
97,73,-2.356194
97,84,-2.356194
97,91,-2.356194
98,6,-0.785398
98,8,-2.356194
98,14,-1.570796
98,19,-0.785398
98,39,-2.356194
98,42,-1.570796
98,45,0.000000
98,46,3.141593
98,56,-1.570796
98,60,-2.356194
98,63,-1.570796
98,66,0.000000
98,67,3.141593
98,73,-1.570796
98,77,-1.570796
98,80,-1.570796
98,88,-2.356194
