5,48,0.785398
5,49,1.892547
6,40,0.785398
6,41,1.570796
6,42,3.141593
6,51,0.785398
6,52,1.892547
7,49,-0.785398
7,54,1.892547
7,60,1.249046
7,62,1.892547
7,73,0.785398
7,74,1.892547
8,17,1.249046
8,18,3.141593
8,41,0.000000
8,56,1.570796
8,58,1.570796
8,64,1.892547
8,69,3.141593
8,83,0.785398
9,66,1.892547
9,74,-0.785398
9,84,-2.356194
10,17,-1.570796
10,43,-2.356194
10,64,-1.892547
11,44,0.000000
11,45,1.570796
11,46,2.356194
11,49,2.356194
11,57,3.141593
11,61,-1.570796
11,70,-2.356194
12,47,0.785398
12,49,-2.356194
12,60,1.570796
12,66,0.000000
13,44,3.141593
13,47,-1.570796
13,50,0.000000
13,57,0.000000
13,59,-0.785398
13,60,-2.356194
13,66,-0.785398
14,9,0.321751
14,11,3.141593
14,46,1.570796
14,61,0.000000
14,62,1.892547
14,67,0.000000
14,68,1.570796
14,69,3.141593
15,9,-0.785398
15,27,1.249046
15,28,2.356194
15,42,-0.785398
15,43,-1.570796
15,44,-2.356194
15,55,-2.356194
15,62,-1.249046
15,63,3.141593
16,9,2.356194
16,22,0.785398
16,52,1.570796
16,64,0.000000
16,65,1.892547
16,68,-0.785398
16,69,-2.356194
16,75,1.570796
17,8,0.321751
17,22,0.000000
17,49,-0.785398
17,50,-1.570796
17,59,0.000000
17,60,1.892547
17,65,-1.249046
17,71,0.000000
17,72,1.892547
17,75,-0.785398
17,76,-2.356194
17,77,0.785398
17,78,1.570796
17,80,1.892547
17,84,2.356194
18,8,-1.570796
18,26,-1.570796
18,30,1.249046
18,31,2.356194
18,47,-1.570796
18,52,-1.249046
18,53,-2.356194
18,57,3.141593
18,62,1.892547
19,18,0.785398
19,19,1.570796
19,20,2.356194
19,22,3.141593
19,28,2.356194
19,29,-0.785398
19,30,-1.892547
19,45,0.785398
19,68,-1.249046
19,70,1.892547
20,25,1.249046
20,27,-1.892547
20,46,-1.249046
20,47,-2.356194
20,49,0.785398
20,50,1.892547
20,59,-0.785398
20,70,-1.249046
21,24,-0.785398
21,25,-1.892547
21,50,-1.249046
21,51,-2.356194
21,53,0.785398
21,54,1.570796
21,55,2.356194
21,56,-0.785398
21,57,-1.892547
21,61,-1.249046
21,62,-2.356194
21,63,-0.785398
21,65,2.819842
21,85,-1.892547
21,87,-2.356194
22,38,0.785398
22,39,1.892547
22,44,1.249046
22,45,2.356194
22,46,0.785398
22,47,1.892547
22,83,-1.570796
23,48,-2.356194
23,52,0.785398
23,58,1.249046
23,59,2.356194
23,60,3.141593
23,66,-2.356194
23,76,-1.892547
23,78,-1.249046
23,79,-2.356194
23,81,-1.249046
23,82,-2.356194
24,20,-0.785398
24,21,-2.356194
24,56,2.356194
24,57,-0.785398
24,58,-1.892547
24,89,2.356194
25,18,3.141593
25,22,1.570796
25,24,1.570796
25,38,-0.785398
25,44,-0.785398
25,55,-1.892547
25,61,0.000000
25,62,-0.785398
25,63,-1.892547
25,82,0.785398
25,83,1.570796
25,84,2.356194
26,7,2.356194
26,22,-0.785398
26,24,3.141593
26,35,0.785398
26,36,2.356194
26,41,2.356194
26,46,2.356194
26,52,-0.785398
26,53,-1.892547
26,58,0.000000
26,59,3.141593
26,68,0.000000
26,70,3.141593
26,74,0.000000
26,78,0.785398
26,79,1.570796
26,90,2.356194
27,11,1.249046
27,12,2.356194
27,36,-1.570796
27,40,0.000000
27,44,0.000000
27,45,-1.892547
27,49,0.000000
27,56,3.141593
27,65,3.141593
27,81,-1.249046
27,89,0.000000
27,90,-2.356194
28,5,0.321751
28,8,0.000000
28,15,-1.892547
28,19,1.249046
28,20,3.141593
28,26,2.356194
28,37,0.000000
28,42,2.356194
28,43,0.000000
28,47,0.000000
28,52,1.249046
28,53,2.356194
28,54,0.000000
28,88,3.141593
29,5,-0.785398
29,19,-1.892547
29,44,2.356194
29,51,-0.785398
29,56,2.356194
29,64,0.000000
29,68,3.141593
29,78,-1.570796
29,79,-2.356194
29,80,0.785398
29,81,1.892547
29,83,1.249046
29,84,2.356194
29,85,-0.785398
30,17,-1.570796
30,21,1.249046
30,23,-1.892547
30,35,0.000000
30,38,1.249046
30,43,0.000000
30,44,-2.356194
30,47,1.249046
30,48,2.356194
30,53,0.000000
30,54,-0.785398
30,55,-1.892547
30,60,0.000000
30,61,3.141593
30,76,-0.785398
31,9,-0.321751
31,16,3.141593
31,20,0.000000
31,21,-1.892547
31,38,-1.892547
31,41,0.000000
31,45,0.000000
31,46,-0.785398
31,57,0.000000
31,58,3.141593
31,72,1.892547
31,84,1.570796
31,89,0.000000
31,90,2.356194
32,5,0.785398
32,40,-0.785398
32,44,-0.785398
32,50,3.141593
32,63,3.141593
32,75,-0.785398
32,78,2.356194
32,80,-0.785398
32,84,-0.321751
32,85,2.819842
32,90,-2.356194
33,5,-0.785398
33,6,-2.356194
33,9,-0.785398
33,22,1.249046
33,24,-1.892547
33,33,1.249046
33,38,2.356194
33,42,0.785398
33,53,3.141593
33,58,0.000000
33,68,1.249046
33,70,-1.570796
33,72,-1.892547
33,85,-1.570796
33,90,-1.570796
34,17,3.141593
34,32,-0.785398
34,33,-1.892547
34,36,0.000000
34,47,-0.785398
34,50,0.000000
35,12,-1.570796
35,25,1.249046
35,26,2.356194
35,54,3.141593
35,76,-0.785398
35,77,-1.892547
35,81,0.000000
35,82,1.892547
36,11,0.785398
36,18,1.249046
36,20,-1.892547
36,23,1.249046
36,25,-1.892547
36,33,1.249046
36,34,3.141593
36,37,1.249046
36,38,3.141593
36,46,0.000000
36,47,3.141593
36,51,2.356194
36,56,1.249046
36,57,2.356194
36,58,3.141593
36,63,1.249046
36,64,3.141593
36,67,-1.249046
36,68,-2.356194
36,88,1.570796
37,11,-0.785398
37,12,-2.356194
37,13,-0.785398
37,14,-1.892547
37,22,0.000000
37,23,-1.892547
37,31,1.249046
37,33,-1.892547
37,36,0.000000
37,37,-1.892547
37,40,-0.785398
37,49,0.000000
37,50,-1.892547
37,55,-0.785398
37,56,-1.892547
37,60,1.249046
37,84,2.819842
37,88,-0.321751
37,89,2.819842
38,16,0.000000
38,17,-1.892547
38,30,-0.785398
38,31,-1.892547
38,35,-0.785398
38,39,-0.785398
38,42,0.000000
38,53,-0.785398
38,59,0.000000
38,84,-1.570796
38,89,-1.570796
39,14,1.249046
39,15,3.141593
39,19,1.249046
39,20,3.141593
39,24,1.249046
39,26,1.570796
39,27,3.141593
39,33,2.356194
39,37,2.356194
39,56,0.785398
39,63,-2.356194
39,65,0.785398
39,66,1.570796
39,67,2.356194
39,80,0.000000
39,81,1.892547
39,85,1.570796
39,90,-2.356194
40,23,0.000000
40,24,-1.892547
40,31,1.249046
40,32,3.141593
40,35,1.249046
40,40,0.000000
40,44,-0.785398
40,48,2.356194
40,54,3.141593
40,61,-1.892547
40,82,2.819842
40,85,-0.321751
41,17,0.000000
41,21,1.249046
41,22,3.141593
41,34,0.000000
41,37,0.000000
41,41,0.000000
41,56,-0.785398
41,66,-1.570796
41,82,-1.570796
42,7,1.570796
42,11,0.321751
42,16,1.570796
42,19,0.785398
42,21,-1.892547
42,27,-2.356194
42,29,-0.785398
42,33,3.141593
42,36,-2.356194
42,40,-0.785398
42,43,0.000000
42,45,0.000000
42,49,-0.785398
42,60,-2.356194
42,62,3.141593
42,78,0.785398
42,79,1.892547
42,83,1.570796
43,6,0.321751
43,7,-2.819842
43,11,-1.570796
43,15,0.000000
43,19,-1.570796
43,24,0.000000
43,25,-1.892547
43,38,2.356194
43,46,0.000000
43,47,3.141593
43,57,-0.785398
43,58,-1.892547
43,65,0.000000
43,80,2.819842
43,83,-0.321751
43,84,2.819842
43,89,2.819842
44,10,1.570796
44,14,1.570796
44,18,1.570796
44,27,2.356194
44,33,0.000000
44,63,3.141593
44,80,-1.570796
44,89,-2.356194
45,2,0.785398
45,6,-2.819842
45,9,0.321751
45,10,-2.819842
45,13,0.321751
45,14,-2.819842
45,18,-2.819842
45,25,1.249046
45,26,3.141593
45,36,-0.785398
45,57,0.000000
45,76,0.785398
45,77,1.892547
45,81,1.570796
45,85,3.141593
46,2,-0.321751
46,5,-1.892547
46,9,-1.570796
46,16,0.321751
46,34,2.356194
46,38,-0.785398
46,46,-0.785398
46,52,0.000000
46,55,3.141593
46,63,1.249046
46,64,2.356194
46,77,-1.249046
46,78,3.141593
46,86,1.570796
47,16,-1.570796
47,19,1.570796
47,23,0.000000
47,24,-1.892547
47,36,2.356194
47,50,2.356194
47,58,0.785398
47,59,1.570796
47,60,2.356194
47,62,-0.785398
47,63,-1.892547
47,86,-0.321751
48,8,2.356194
48,11,0.321751
48,14,0.785398
48,15,3.141593
48,18,0.321751
48,19,-2.819842
48,26,1.570796
48,38,1.249046
48,39,3.141593
48,48,-0.785398
48,53,1.249046
48,54,2.356194
48,76,1.570796
48,80,1.570796
48,83,-0.321751
48,84,2.819842
48,88,2.819842
48,91,-2.356194
49,7,0.000000
49,8,-2.356194
49,14,-0.785398
49,25,0.000000
49,26,-2.356194
49,37,0.000000
49,44,2.356194
49,51,2.356194
49,52,-0.785398
49,53,-1.892547
49,59,-0.785398
49,60,-2.356194
49,61,3.141593
49,63,0.785398
49,65,1.249046
49,66,2.356194
49,72,3.141593
49,80,-0.321751
49,81,2.819842
50,9,0.000000
50,11,-2.819842
50,14,-1.570796
50,17,0.000000
50,18,-2.356194
50,41,-1.570796
50,47,1.249046
50,48,2.356194
50,49,-0.785398
50,50,-1.892547
50,56,0.000000
50,64,-0.785398
50,65,-1.892547
50,81,-1.570796
50,84,-0.321751
50,88,-0.321751
51,29,-0.785398
51,35,0.785398
51,45,2.356194
51,46,-0.785398
51,47,-1.892547
51,54,3.141593
51,78,1.570796
51,86,2.819842
51,90,2.819842
52,13,2.356194
52,18,0.321751
52,19,-2.819842
52,34,0.785398
52,43,-0.785398
52,44,-1.892547
52,49,0.000000
52,51,0.000000
52,58,3.141593
52,71,3.141593
52,75,0.785398
52,79,3.141593
52,86,-1.570796
52,90,-2.356194
53,2,-1.570796
53,5,1.570796
53,9,2.356194
53,18,-1.570796
53,39,0.000000
53,46,0.000000
53,47,3.141593
53,52,0.000000
53,53,3.141593
53,55,-0.785398
53,76,1.570796
53,90,-1.570796
54,4,0.321751
54,5,-2.819842
54,9,-2.819842
54,12,-1.570796
54,15,2.356194
54,17,-0.785398
54,20,-0.785398
54,37,-1.249046
54,38,-2.356194
54,44,3.141593
54,76,-0.321751
54,77,2.819842
54,84,1.570796
54,88,-2.356194
55,2,0.785398
55,7,0.321751
55,14,0.321751
55,15,-2.819842
55,34,-2.356194
55,40,1.249046
55,41,2.356194
55,54,0.000000
55,56,0.000000
55,63,0.000000
55,68,3.141593
55,70,0.000000
55,73,0.785398
55,77,-1.570796
55,84,-0.321751
55,85,2.819842
56,4,-2.819842
56,18,2.356194
56,25,0.785398
56,33,-2.356194
56,38,1.249046
56,46,0.000000
56,50,0.000000
56,51,3.141593
56,58,2.356194
56,61,3.141593
56,74,-1.570796
56,85,-1.570796
56,89,0.785398
57,3,-1.570796
57,6,0.321751
57,7,-2.819842
57,14,-2.819842
57,17,-1.570796
57,26,0.785398
57,27,2.356194
57,30,-0.785398
57,35,1.249046
57,36,2.356194
57,41,0.000000
57,47,0.000000
57,48,3.141593
57,53,1.249046
57,54,2.356194
57,56,-0.785398
57,57,-1.892547
57,75,-2.356194
57,79,1.570796
58,6,-1.570796
58,9,1.570796
58,12,0.321751
58,16,1.570796
58,28,-2.356194
58,33,2.356194
58,34,-0.785398
58,35,-1.892547
58,45,0.000000
58,50,0.000000
58,52,-0.785398
58,53,-1.892547
58,62,0.000000
58,63,3.141593
58,66,0.000000
58,79,-0.321751
58,80,2.819842
58,87,1.570796
58,90,-1.570796
59,15,0.321751
59,16,-2.819842
59,25,0.000000
59,30,1.249046
59,32,-1.892547
59,37,0.000000
59,55,0.000000
59,58,0.785398
59,76,0.785398
59,84,1.570796
59,87,-0.321751
59,88,2.819842
60,2,-1.570796
60,8,1.570796
60,11,0.321751
60,12,-2.819842
60,22,2.356194
60,59,-1.570796
60,77,1.570796
60,80,-0.321751
60,84,-0.321751
60,85,2.819842
60,88,-1.570796
61,4,1.570796
61,7,0.321751
61,8,-2.819842
61,14,0.321751
61,15,-2.819842
61,34,1.249046
61,41,0.785398
61,42,1.570796
61,43,2.356194
61,46,0.000000
61,48,-2.356194
61,54,0.785398
61,57,0.785398
61,61,3.141593
61,64,1.570796
61,77,-0.321751
61,82,2.819842
61,85,-1.570796
62,3,0.321751
62,4,-2.819842
62,7,-0.785398
62,10,0.321751
62,11,-2.819842
62,28,-2.356194
62,33,-0.785398
62,34,-1.892547
62,52,-2.356194
62,72,1.570796
62,79,2.819842
62,86,1.570796
63,3,-0.785398
63,7,2.356194
63,10,-0.785398
63,13,0.321751
63,14,-2.819842
63,20,2.356194
63,30,1.249046
63,31,3.141593
63,59,0.000000
63,69,1.570796
63,82,-0.321751
63,83,2.819842
63,86,-0.321751
63,87,2.819842
63,90,0.000000
64,3,2.356194
64,6,0.321751
64,7,-2.819842
64,19,0.321751
64,20,-2.819842
64,29,0.321751
64,36,-0.785398
64,37,-1.892547
64,53,0.785398
64,60,-1.570796
64,63,0.785398
64,66,-2.356194
64,79,-0.321751
64,80,2.819842
64,83,-1.570796
64,91,-2.356194
65,2,0.321751
65,3,-2.819842
65,9,1.570796
65,12,0.321751
65,13,-2.819842
65,16,2.356194
65,29,-1.570796
65,61,-2.356194
65,70,-2.356194
65,80,-1.570796
65,87,-0.321751
65,88,2.819842
65,91,-1.570796
66,2,-0.785398
66,5,0.321751
66,6,-2.819842
66,8,0.321751
66,9,-2.819842
66,12,-0.785398
66,15,0.321751
66,16,-2.819842
66,18,0.321751
66,19,-2.819842
66,24,1.570796
66,32,1.249046
66,33,3.141593
66,55,1.570796
66,67,0.785398
66,88,-2.356194
67,2,-1.570796
67,5,-0.785398
67,8,-0.785398
67,12,2.356194
67,18,-0.785398
67,23,0.321751
67,24,-2.819842
67,37,1.249046
67,38,2.356194
67,51,0.000000
67,52,1.892547
67,55,-0.321751
67,56,2.819842
67,59,-2.356194
67,62,0.785398
67,68,-2.356194
67,71,0.785398
67,85,1.570796
68,11,0.321751
68,15,-2.819842
68,23,-0.785398
68,26,1.570796
68,35,1.249046
68,37,-1.892547
68,46,0.785398
68,47,1.892547
68,52,-1.249046
68,53,3.141593
68,56,-1.570796
68,63,-2.356194
68,72,-2.356194
68,82,0.785398
68,85,-0.321751
68,86,2.819842
69,4,1.570796
69,17,-0.785398
69,25,0.321751
69,26,-2.819842
69,29,0.321751
69,34,0.000000
69,35,-1.892547
69,47,-1.249046
69,48,-2.356194
69,49,3.141593
69,69,0.785398
69,82,-0.321751
69,83,2.819842
70,2,0.000000
70,4,3.141593
70,10,0.321751
70,11,-2.819842
70,13,-0.785398
70,25,-0.785398
70,29,-1.570796
70,58,-2.356194
70,64,0.785398
70,70,1.570796
70,73,0.785398
70,83,-1.570796
70,86,-0.321751
70,91,-2.356194
71,4,-2.356194
71,10,-0.785398
71,16,1.570796
71,25,2.356194
71,28,1.570796
71,40,3.141593
71,42,0.000000
71,44,3.141593
71,65,-2.356194
71,70,-0.321751
71,71,2.819842
71,77,-2.356194
71,80,-1.570796
71,88,2.819842
72,24,0.321751
72,25,-2.819842
72,27,0.321751
72,28,-2.819842
72,46,0.000000
72,52,0.785398
72,56,-2.356194
72,59,0.785398
72,63,1.570796
72,68,-2.356194
73,13,2.356194
73,18,0.785398
73,21,2.356194
73,24,-0.785398
73,35,1.570796
73,71,-0.321751
73,72,2.819842
73,88,-0.321751
73,89,2.819842
74,12,0.321751
74,13,-2.819842
74,18,0.000000
74,21,-2.819842
74,26,0.321751
74,27,-2.819842
74,30,1.570796
74,34,0.321751
74,35,-2.819842
74,39,0.000000
74,51,3.141593
74,54,-2.356194
74,57,0.785398
74,66,0.785398
74,69,0.785398
74,72,-1.570796
74,75,-1.570796
74,79,1.570796
75,9,2.356194
75,26,-0.785398
75,29,0.321751
75,30,-2.819842
75,34,-1.570796
75,41,-2.356194
75,44,0.000000
75,45,3.141593
75,58,-2.356194
75,61,-2.356194
75,67,-2.356194
75,83,1.570796
75,86,1.570796
75,89,-0.321751
75,90,2.819842
76,8,0.321751
76,9,-2.819842
76,11,0.321751
76,12,-2.819842
76,17,0.321751
76,18,-2.819842
76,26,-1.570796
76,29,-0.785398
76,33,-0.785398
76,73,-1.570796
76,86,-0.321751
76,87,2.819842
76,90,-2.356194
77,8,-0.785398
77,11,-0.785398
77,17,-0.785398
77,23,-1.570796
77,52,0.785398
77,56,1.570796
77,65,-1.570796
77,71,-2.356194
77,87,-1.570796
77,90,-1.570796
78,20,-1.570796
78,29,-1.570796
78,36,2.356194
78,44,0.785398
78,53,-2.356194
78,56,-1.570796
79,2,-1.570796
79,11,2.356194
79,22,1.570796
79,25,1.570796
79,46,3.141593
79,63,0.785398
79,66,0.785398
79,72,1.570796
80,10,0.321751
80,11,-2.819842
80,19,1.570796
80,28,1.570796
80,31,1.570796
80,38,1.570796
80,89,1.570796
81,4,2.356194
81,10,-0.785398
81,31,-1.570796
81,58,1.570796
81,64,-1.570796
81,73,-2.356194
81,76,0.785398
81,79,0.785398
81,89,-0.321751
81,90,2.819842
82,3,0.321751
82,4,-2.819842
82,43,0.000000
82,44,3.141593
82,68,-2.356194
82,80,-2.356194
82,90,-2.356194
83,3,-0.785398
83,27,-0.785398
83,30,1.570796
83,37,2.356194
83,90,-1.570796
84,7,2.356194
84,12,-1.570796
84,36,0.321751
84,37,-2.819842
84,59,-1.570796
84,81,1.570796
85,6,0.321751
85,7,-2.819842
85,27,1.570796
85,36,-0.785398
85,81,-1.570796
86,6,-0.785398
86,15,-1.570796
86,27,-1.570796
86,30,-1.570796
86,33,-1.570796
87,12,2.356194
87,54,1.570796
87,79,-2.356194
87,89,-2.356194
88,14,1.570796
88,18,-1.570796
88,27,2.356194
88,39,1.570796
89,21,2.356194
89,24,-1.570796
89,39,-1.570796
89,48,1.570796
89,54,-1.570796
89,77,1.570796
89,80,1.570796
89,86,-1.570796
90,20,0.321751
90,21,-2.819842
90,26,-1.570796
90,58,1.570796
90,69,1.570796
91,20,-0.785398
91,29,1.570796
91,32,1.570796
91,48,-1.570796
91,61,1.570796
91,69,-1.570796
91,75,1.570796
91,87,0.785398
92,17,1.570796
92,26,1.570796
92,45,1.570796
92,55,1.570796
92,61,-1.570796
92,64,1.570796
92,85,1.570796
92,88,1.570796
93,5,2.356194
93,32,-1.570796
93,45,-1.570796
93,55,-1.570796
93,58,-1.570796
93,64,-1.570796
93,73,1.570796
93,79,-2.356194
93,82,-2.356194
93,88,-0.321751
93,89,2.819842
94,5,-2.819842
94,23,1.570796
94,29,-1.570796
94,73,-1.570796
94,89,-1.570796
95,3,-0.785398
95,4,-1.892547
95,33,1.570796
95,36,-1.570796
95,43,1.570796
95,59,1.570796
95,65,1.570796
95,76,-1.570796
95,80,0.785398
95,83,0.785398
96,33,-1.570796
96,62,1.570796
96,68,1.570796
97,7,-0.785398
97,11,-1.570796
97,14,-1.570796
97,26,-1.570796
97,31,1.570796
97,37,1.570796
97,40,0.785398
97,54,1.570796
97,59,-1.570796
97,62,-1.570796
97,65,-1.570796
97,68,-1.570796
97,71,1.570796
97,74,1.570796
97,87,-1.570796
98,17,-1.570796
98,20,-1.570796
98,23,-1.570796
98,31,-1.570796
98,37,-1.570796
98,41,-2.356194
98,44,-1.570796
98,54,-1.570796
98,71,-1.570796
98,74,-1.570796
98,82,-2.356194
98,85,-2.356194
98,91,-1.570796
