8,35,0.785398
8,36,1.570796
8,37,2.356194
9,26,1.249046
9,27,3.141593
10,48,2.356194
11,46,0.321751
12,46,-1.570796
13,14,1.249046
13,15,2.356194
13,22,-0.785398
13,45,1.570796
14,13,0.321751
14,42,1.249046
14,59,1.570796
15,13,-1.570796
15,46,2.819842
15,59,0.000000
16,36,0.785398
16,59,-1.570796
17,39,-0.785398
17,40,-1.892547
17,43,0.321751
18,43,-0.785398
19,34,0.321751
19,43,2.356194
19,57,0.321751
19,59,2.819842
20,31,0.785398
20,32,1.892547
20,38,1.249046
20,39,2.356194
20,43,3.141593
20,50,1.892547
20,80,2.356194
21,34,3.141593
21,43,-2.356194
21,52,2.356194
21,53,0.785398
21,54,1.892547
21,59,-2.819842
23,9,1.249046
23,32,-0.321751
23,44,2.356194
23,47,0.321751
23,59,2.819842
24,38,0.785398
24,39,1.892547
24,41,1.249046
25,35,-2.356194
25,60,2.819842
26,31,0.000000
26,32,-1.892547
26,39,-0.785398
26,57,-0.785398
26,60,-2.356194
27,5,0.321751
27,16,1.570796
27,28,0.785398
27,29,1.570796
27,30,3.141593
27,35,0.785398
27,44,-1.570796
28,5,-1.570796
28,16,0.000000
28,25,1.249046
28,26,2.356194
29,16,-0.785398
29,18,-1.570796
29,23,1.249046
29,25,-1.892547
29,32,1.570796
29,33,2.356194
29,34,-0.785398
29,35,-1.892547
30,9,-0.785398
30,20,2.356194
30,22,-0.785398
30,23,-1.892547
30,27,1.249046
30,28,2.356194
30,29,-0.785398
30,30,-1.892547
30,58,-2.356194
31,19,-1.892547
31,25,1.249046
31,27,-1.892547
31,34,2.356194
31,42,3.141593
31,83,3.141593
32,24,-0.785398
32,30,1.249046
32,31,2.356194
32,32,-0.785398
32,33,-1.892547
32,42,-2.356194
32,61,-1.570796
32,66,3.141593
32,68,-0.785398
32,70,-2.356194
33,27,2.356194
33,29,-0.785398
33,30,-1.892547
33,64,-0.785398
34,4,0.785398
34,14,-2.356194
34,18,2.356194
34,24,1.249046
34,26,-1.892547
34,78,0.321751
35,15,0.000000
35,16,-0.785398
35,17,-1.892547
35,23,-0.785398
35,24,-1.892547
36,9,-1.570796
36,14,3.141593
36,19,1.249046
36,20,2.356194
36,36,0.321751
36,38,2.819842
36,70,-1.570796
36,78,3.141593
37,13,-1.892547
37,17,1.249046
37,19,-1.892547
37,24,1.249046
37,25,3.141593
37,38,-2.356194
37,60,1.570796
38,2,-0.321751
38,4,-2.819842
38,15,1.249046
38,17,-1.892547
38,23,-0.785398
38,24,-1.892547
38,30,0.000000
38,32,3.141593
38,36,-0.785398
38,37,-2.356194
38,60,-1.570796
38,69,1.570796
38,72,1.570796
38,85,2.356194
39,14,0.000000
39,15,-1.892547
39,19,1.249046
39,20,2.356194
39,35,1.570796
39,50,2.356194
39,53,1.570796
40,12,1.249046
40,13,3.141593
40,18,0.000000
40,19,-1.892547
40,24,0.000000
40,26,3.141593
40,34,0.000000
40,49,-0.785398
40,53,-1.570796
40,72,-1.570796
40,75,1.570796
41,31,0.785398
41,32,1.570796
41,33,3.141593
41,69,-1.570796
41,75,0.785398
41,79,2.356194
41,82,-0.785398
41,83,-1.892547
42,5,0.321751
42,10,0.000000
42,11,-1.892547
42,21,3.141593
42,30,0.000000
42,76,3.141593
43,2,0.785398
43,5,-1.570796
43,14,-0.785398
43,18,0.000000
43,32,-2.819842
43,77,-0.785398
44,2,0.000000
44,24,-0.785398
45,2,-0.785398
45,7,1.570796
45,16,2.356194
45,31,3.141593
46,6,0.321751
46,7,-2.819842
46,15,-0.785398
46,20,2.356194
46,31,-2.356194
46,63,1.570796
46,66,1.570796
46,76,1.570796
47,6,-0.785398
47,19,-0.785398
47,63,-1.570796
47,76,2.356194
48,6,-1.570796
48,17,2.356194
48,22,1.249046
48,23,3.141593
48,31,2.356194
48,42,3.141593
48,66,-1.570796
48,72,0.000000
48,73,3.141593
48,75,0.321751
48,76,-2.819842
49,11,1.570796
49,21,0.000000
49,22,-1.892547
49,27,0.000000
49,31,3.141593
49,75,-0.785398
50,2,-1.570796
50,6,2.356194
50,15,3.141593
50,19,1.249046
50,20,3.141593
50,31,-2.356194
50,39,-0.785398
50,75,-1.570796
51,4,1.249046
51,5,3.141593
51,10,-0.785398
51,14,-1.570796
51,18,0.000000
51,19,-1.892547
51,24,0.785398
51,25,1.892547
51,31,2.356194
51,42,2.356194
51,48,2.356194
51,59,0.000000
51,60,3.141593
51,77,1.570796
51,85,-0.785398
51,87,2.819842
52,8,2.356194
52,12,1.249046
52,13,3.141593
52,27,2.356194
52,29,0.785398
52,31,-2.819842
52,41,-0.785398
52,47,-0.785398
52,77,-1.570796
52,87,-2.356194
53,2,0.321751
53,21,-0.785398
53,62,2.356194
53,80,2.356194
54,2,-0.785398
54,10,0.000000
54,11,-1.892547
54,79,0.321751
54,80,-2.819842
55,2,-1.570796
55,5,3.141593
55,24,-1.570796
55,30,2.356194
55,60,-0.785398
55,71,2.356194
55,79,-1.570796
56,4,-1.570796
56,18,3.141593
56,22,0.000000
56,23,0.000000
56,30,3.141593
56,70,-0.785398
56,87,2.356194
57,3,-0.785398
57,7,-0.785398
57,30,-2.356194
57,73,1.570796
57,77,0.321751
57,79,3.141593
57,87,3.141593
58,11,-0.785398
58,15,-0.785398
58,30,2.356194
58,61,2.356194
58,73,-1.570796
58,77,-0.785398
58,80,0.785398
58,81,3.141593
58,87,-2.356194
59,26,0.000000
59,30,3.141593
59,71,1.570796
59,77,-1.570796
59,80,-0.785398
60,17,2.356194
60,30,-2.356194
60,61,1.570796
60,63,2.356194
60,80,2.356194
61,16,0.785398
61,62,-2.356194
61,66,2.356194
61,70,-0.785398
61,79,0.321751
62,3,2.356194
62,17,-2.356194
62,18,3.141593
62,29,-0.785398
62,31,2.819842
62,81,2.356194
63,2,-0.785398
63,26,0.000000
63,31,-1.570796
63,63,0.000000
63,71,1.570796
63,81,-2.819842
64,77,-0.785398
65,12,0.000000
65,13,3.141593
65,47,2.356194
65,69,0.000000
65,73,1.570796
65,79,-0.785398
65,80,-1.570796
65,81,-2.356194
66,5,2.356194
66,32,0.785398
66,45,0.000000
66,72,0.321751
66,73,-2.819842
66,84,2.356194
66,86,0.000000
68,34,-2.356194
68,41,2.356194
68,70,0.000000
68,74,1.249046
68,81,0.000000
68,82,-1.892547
69,4,0.785398
69,9,0.000000
69,10,3.141593
69,34,0.785398
69,40,-0.785398
69,78,1.249046
69,79,2.356194
70,5,-2.356194
70,15,1.570796
70,35,3.141593
70,55,2.356194
70,75,-0.785398
71,4,-2.356194
71,36,1.570796
71,54,-0.785398
71,71,0.321751
72,3,-2.356194
72,12,0.785398
72,36,-0.321751
72,73,2.356194
72,77,2.356194
72,87,2.356194
73,2,0.785398
73,13,-2.356194
73,37,-1.249046
73,38,3.141593
73,56,2.356194
73,61,2.356194
73,70,0.321751
73,77,-2.819842
73,87,3.141593
74,3,-2.356194
74,4,0.785398
74,12,-0.785398
74,32,0.000000
74,33,3.141593
74,65,0.785398
74,76,-1.892547
74,87,-2.356194
75,5,-2.356194
75,59,3.141593
75,68,1.249046
76,4,-0.785398
76,58,-1.570796
76,63,1.570796
77,43,0.785398
77,50,-0.785398
77,62,0.321751
77,70,-1.892547
78,4,2.356194
78,10,1.570796
78,44,-1.570796
78,64,2.356194
78,68,-1.570796
78,77,-2.356194
79,3,1.570796
79,10,-1.570796
79,45,0.785398
79,46,2.356194
79,57,0.785398
80,2,0.321751
80,45,-0.785398
80,52,0.785398
80,53,1.892547
80,61,-0.785398
80,62,-1.892547
80,73,-2.356194
81,4,0.000000
81,5,3.141593
81,55,0.785398
81,65,-1.570796
82,2,0.000000
82,37,1.570796
82,45,-1.570796
82,53,-0.785398
83,2,-0.785398
83,37,-1.570796
83,39,1.570796
83,67,-2.356194
84,6,2.356194
84,8,0.000000
85,2,0.785398
85,10,-2.356194
85,40,-2.356194
85,57,-2.356194
86,2,0.000000
86,4,2.356194
86,73,0.785398
87,2,-0.785398
87,52,0.785398
87,55,-1.570796
87,74,-2.356194
87,76,0.000000
87,77,3.141593
88,4,-2.819842
88,8,1.892547
88,11,2.356194
89,8,-1.249046
89,53,-1.570796
90,3,0.000000
90,5,-0.785398
90,11,-2.356194
90,77,1.570796
91,3,-0.785398
91,9,-0.785398
91,16,3.141593
91,86,2.356194
92,43,0.785398
92,78,2.356194
92,86,-2.819842
93,44,-2.356194
94,5,1.249046
94,7,1.570796
94,16,0.000000
94,22,-2.356194
94,55,0.000000
94,56,3.141593
94,78,-0.785398
94,79,-1.570796
94,81,1.570796
94,82,2.356194
94,83,-0.785398
94,84,-1.892547
96,5,-1.249046
96,7,-1.570796
96,54,0.785398
96,67,0.785398
96,73,1.570796
96,81,-2.819842
97,14,0.000000
97,15,3.141593
97,55,-2.356194
97,59,2.356194
97,69,3.141593
97,77,0.000000
97,79,-0.785398
97,80,-1.892547
98,57,0.000000
98,73,-1.570796
