9,38,1.249046
9,39,2.356194
9,47,0.785398
9,48,1.570796
9,49,2.356194
11,28,1.249046
11,29,2.356194
11,36,-0.785398
13,19,1.249046
13,20,2.356194
13,26,-0.785398
14,40,0.785398
14,41,2.356194
15,40,-0.785398
16,15,1.249046
16,43,1.570796
16,69,1.249046
16,70,3.141593
17,43,0.000000
17,48,2.356194
17,55,1.892547
18,18,0.785398
18,43,-0.785398
18,58,1.892547
19,18,0.000000
19,50,1.570796
19,59,2.819842
19,67,-0.785398
20,18,-0.785398
20,43,0.785398
20,67,0.785398
21,21,0.785398
21,22,2.356194
21,40,0.785398
21,45,1.570796
21,47,-1.892547
21,50,-0.321751
21,64,1.892547
22,21,-0.785398
23,8,0.321751
23,34,0.321751
23,37,2.356194
23,39,-0.785398
23,40,-1.892547
23,47,2.356194
23,70,-2.819842
24,8,-0.785398
24,42,-0.785398
24,51,-1.249046
25,36,-2.819842
25,63,-1.570796
25,76,1.249046
26,24,0.321751
26,28,1.249046
26,29,2.356194
26,30,0.785398
26,31,1.570796
26,39,1.249046
26,40,2.356194
26,41,-0.785398
26,42,-1.570796
26,47,-2.356194
26,52,-0.785398
26,73,1.249046
28,24,-0.321751
28,43,-0.785398
28,46,-2.356194
29,50,0.000000
29,51,1.570796
29,52,2.356194
29,54,0.785398
29,55,1.892547
29,65,-0.785398
29,66,3.141593
29,76,3.141593
29,86,3.141593
30,8,2.356194
30,25,-0.785398
30,27,-1.570796
30,29,-1.892547
30,32,-1.570796
30,44,0.785398
30,45,1.892547
30,71,-0.321751
31,22,1.570796
31,24,1.570796
31,36,-1.249046
31,64,-1.249046
31,66,2.356194
31,68,0.000000
31,69,1.892547
31,73,2.819842
31,77,2.819842
32,6,0.321751
32,22,0.000000
32,24,3.141593
32,30,0.785398
32,31,1.570796
32,38,0.000000
32,41,0.785398
32,42,1.892547
32,45,-1.570796
32,54,-0.785398
32,55,-2.356194
32,66,-1.570796
32,71,2.356194
32,75,1.570796
32,80,1.249046
33,6,-1.570796
33,13,1.249046
33,14,2.356194
33,15,0.785398
33,16,2.356194
33,24,-1.570796
33,35,-2.356194
33,36,0.785398
33,37,2.356194
33,44,3.141593
33,56,0.000000
33,63,3.141593
33,68,0.000000
34,11,0.000000
34,16,-1.570796
34,20,1.249046
34,26,2.356194
34,53,1.892547
34,55,1.570796
34,59,-0.785398
34,69,0.000000
34,82,-2.819842
35,25,-1.892547
35,36,-0.785398
35,41,0.000000
35,47,0.000000
35,48,3.141593
35,61,-1.570796
35,77,-1.249046
35,84,1.249046
36,11,0.321751
36,44,-2.356194
36,51,0.785398
36,62,1.570796
36,67,0.000000
36,68,1.892547
36,82,-2.356194
37,11,-0.785398
37,15,-1.892547
37,21,-1.892547
37,26,1.249046
37,27,2.356194
37,28,-0.785398
37,29,-1.892547
37,41,0.000000
37,46,0.000000
37,47,0.785398
37,58,-2.356194
37,63,-2.356194
37,69,3.141593
37,89,3.141593
38,17,0.000000
38,19,-1.892547
38,25,-0.785398
38,26,-1.892547
38,31,1.249046
38,33,-1.570796
38,34,-2.356194
38,35,0.785398
38,39,0.785398
38,44,0.000000
38,45,0.000000
38,50,-2.356194
38,51,-0.785398
38,52,-2.356194
38,65,0.000000
38,66,0.785398
38,78,3.141593
38,80,-1.570796
38,89,-1.570796
39,17,-1.570796
39,30,-0.785398
39,31,-1.892547
39,42,1.892547
39,47,3.141593
39,54,2.356194
39,56,-0.785398
39,58,2.819842
39,70,2.356194
39,87,2.819842
40,8,1.249046
40,9,2.356194
40,10,0.785398
40,11,1.570796
40,13,3.141593
40,26,1.249046
40,27,2.356194
40,35,0.000000
40,38,0.000000
40,39,0.000000
40,44,2.356194
40,49,0.000000
40,61,0.000000
40,63,-0.785398
40,64,-1.570796
40,65,-2.356194
40,70,-2.819842
40,79,1.570796
40,80,3.141593
40,87,-2.356194
41,6,-2.356194
41,16,2.356194
41,19,1.249046
41,24,1.249046
41,26,-1.892547
41,32,0.785398
41,36,0.000000
41,40,0.000000
41,41,-0.785398
41,46,-2.356194
41,57,-0.785398
42,3,0.321751
42,23,-0.785398
42,28,1.249046
42,29,2.356194
42,30,0.000000
42,52,-0.785398
42,53,-1.892547
42,67,3.141593
42,70,-2.356194
42,71,0.785398
42,72,1.892547
42,78,0.000000
42,83,-0.321751
42,87,0.785398
43,3,-0.785398
43,26,2.356194
43,27,-0.785398
43,31,0.000000
43,41,0.000000
43,42,0.000000
43,49,0.000000
43,59,2.356194
43,74,2.356194
43,75,-0.785398
43,76,-1.570796
43,87,-0.785398
43,91,2.819842
44,29,0.000000
44,33,-1.249046
44,43,0.000000
44,44,-0.785398
44,45,-1.892547
44,50,0.000000
44,53,0.785398
44,54,1.892547
44,65,1.570796
44,67,0.000000
44,71,-0.785398
44,78,2.356194
44,82,2.819842
45,7,0.321751
45,28,-0.785398
45,35,-2.356194
45,41,2.356194
45,42,0.000000
45,48,0.785398
45,57,-0.785398
45,58,-1.570796
45,59,-2.356194
45,61,3.141593
45,65,2.356194
45,91,3.141593
46,9,-1.570796
46,21,1.249046
46,23,-1.892547
46,39,-0.785398
46,44,2.356194
46,46,0.000000
46,64,0.000000
46,73,-1.570796
46,81,-0.785398
46,82,-1.570796
46,83,-2.356194
46,84,-0.785398
46,85,-1.892547
46,91,-2.356194
47,2,0.321751
47,5,2.356194
47,6,-0.785398
47,10,0.785398
47,11,3.141593
47,16,-0.785398
47,17,-1.892547
47,32,2.356194
47,36,0.000000
47,47,1.570796
47,54,-2.356194
47,59,0.000000
47,60,-0.785398
47,63,3.141593
47,72,-0.785398
48,2,-0.785398
48,10,-0.785398
48,14,-0.785398
48,19,0.000000
48,20,-1.892547
48,31,0.000000
48,34,1.249046
48,35,3.141593
48,40,-0.785398
48,54,0.785398
48,91,2.356194
49,4,-2.819842
49,17,1.249046
49,18,3.141593
49,22,1.249046
49,23,2.356194
49,24,0.000000
49,27,0.000000
49,32,0.000000
49,33,-0.785398
49,54,-0.785398
49,55,3.141593
49,60,0.000000
49,61,-0.785398
49,68,0.000000
49,69,0.785398
49,70,1.892547
49,87,0.785398
49,91,-2.819842
50,3,-0.785398
50,7,1.249046
50,16,-0.785398
50,17,-1.892547
50,21,0.000000
50,25,0.000000
50,30,1.249046
50,31,3.141593
50,35,0.000000
50,41,-0.785398
50,52,1.249046
50,53,3.141593
50,81,0.785398
50,82,1.892547
51,3,0.785398
51,6,0.321751
51,19,1.249046
51,20,3.141593
51,24,3.141593
51,29,0.000000
51,33,1.249046
51,34,3.141593
51,38,1.249046
51,56,0.785398
51,66,0.785398
51,67,1.892547
51,76,0.785398
51,90,-2.356194
52,3,-0.321751
52,17,1.249046
52,19,-1.892547
52,28,1.570796
52,33,-1.892547
52,37,-0.785398
52,40,0.000000
52,49,2.356194
52,50,-0.785398
52,62,2.356194
52,79,-2.356194
52,81,-0.785398
52,82,-1.892547
52,90,2.356194
53,21,0.000000
53,22,-1.892547
53,26,2.356194
53,46,0.321751
53,52,0.785398
53,54,1.570796
53,75,0.785398
53,85,-0.321751
53,90,-2.819842
54,3,0.321751
54,9,-1.249046
54,25,-1.570796
54,34,0.000000
54,39,-0.785398
54,40,-2.356194
54,42,-0.785398
54,52,-0.785398
54,58,-1.570796
54,59,-2.356194
54,60,-0.785398
54,63,2.356194
54,66,-0.785398
54,76,-1.249046
54,77,-2.356194
54,78,0.785398
54,79,1.892547
54,86,-2.356194
55,3,-1.570796
55,19,1.570796
55,37,2.356194
55,55,-0.785398
55,56,-1.892547
55,70,-2.356194
55,71,0.785398
55,72,1.892547
55,79,-1.249046
55,80,-2.356194
55,82,0.785398
55,83,1.892547
55,88,0.000000
55,90,2.819842
56,2,-0.785398
56,11,-0.321751
56,22,1.249046
56,73,-2.356194
56,84,2.819842
56,90,-2.356194
57,6,2.356194
57,20,-2.356194
57,38,2.356194
57,49,0.785398
57,50,1.570796
57,52,-1.570796
57,53,-2.356194
57,54,0.785398
57,55,1.892547
57,68,0.000000
57,70,0.785398
57,86,0.000000
57,87,-2.356194
58,30,0.785398
58,31,1.570796
58,57,1.570796
58,58,2.356194
58,60,0.785398
58,80,0.000000
58,81,1.892547
58,88,0.785398
58,91,2.819842
59,7,0.785398
59,8,2.356194
59,14,-1.892547
59,17,0.321751
59,18,-2.819842
59,22,-0.785398
59,26,2.356194
59,38,-2.356194
59,45,0.785398
59,46,1.570796
59,47,2.356194
59,49,-0.785398
59,50,-1.570796
59,51,-2.356194
59,54,-0.785398
59,55,-1.892547
59,68,2.356194
59,74,0.000000
59,76,0.785398
59,83,3.141593
59,85,-2.356194
59,91,-2.356194
60,5,-1.570796
60,17,-1.570796
60,22,2.356194
60,30,-0.785398
60,31,-1.570796
60,32,-2.356194
60,34,0.785398
60,59,1.570796
60,64,1.892547
60,70,-0.785398
60,73,0.785398
60,79,1.570796
60,88,-0.321751
60,89,2.819842
60,91,-1.570796
61,7,-2.819842
61,15,1.249046
61,16,3.141593
61,20,1.249046
61,22,-2.356194
61,37,-2.356194
61,39,3.141593
61,48,1.892547
61,73,-0.785398
61,74,-2.356194
61,77,3.141593
61,79,0.785398
61,82,-0.321751
61,83,2.819842
61,89,-2.356194
62,9,1.249046
62,18,1.249046
62,25,-1.892547
62,28,-1.249046
62,29,3.141593
62,33,1.249046
62,35,-1.892547
62,49,-2.356194
62,58,-0.785398
62,64,-1.570796
62,67,0.000000
62,68,1.570796
62,69,2.356194
62,70,0.785398
62,71,1.570796
62,72,3.141593
62,83,-2.356194
62,86,0.785398
63,5,0.321751
63,21,0.785398
63,23,-1.892547
63,31,2.356194
63,47,-0.785398
63,63,0.000000
63,77,-0.321751
63,81,2.819842
64,17,-1.892547
64,19,1.570796
64,49,0.000000
64,51,0.785398
64,52,1.570796
64,53,2.356194
64,64,0.000000
64,71,3.141593
64,81,-2.356194
64,84,0.785398
64,85,3.141593
64,91,2.819842
65,15,-1.892547
65,26,1.249046
65,27,2.356194
65,28,-0.785398
65,35,2.356194
65,42,0.000000
65,56,0.000000
65,57,0.785398
65,58,1.570796
65,63,0.785398
65,75,0.000000
65,77,-0.785398
65,81,0.785398
65,84,-0.785398
65,87,-0.321751
65,88,2.819842
65,91,-2.356194
66,3,0.321751
66,24,1.249046
66,26,-1.892547
66,30,0.000000
66,37,1.570796
66,49,0.785398
66,51,0.000000
66,52,-1.570796
66,53,-2.356194
66,64,-2.356194
66,65,3.141593
66,82,2.819842
66,91,2.356194
67,3,-0.785398
67,22,1.249046
67,24,-1.892547
67,37,0.000000
67,60,1.892547
67,67,0.000000
67,68,3.141593
67,85,2.356194
67,88,0.000000
67,91,-2.819842
68,16,0.000000
68,17,-1.892547
68,21,0.000000
68,22,-1.892547
68,28,1.249046
68,29,2.356194
68,30,-0.785398
68,31,-1.570796
68,33,3.141593
68,37,-0.785398
68,47,2.356194
68,49,-0.785398
68,50,-1.570796
68,51,-2.356194
68,53,3.141593
68,61,-2.356194
68,78,3.141593
68,82,-1.570796
68,83,-2.356194
68,84,-0.785398
68,85,-2.356194
69,2,0.321751
69,5,2.356194
69,6,-0.785398
69,7,-1.892547
69,14,1.249046
69,15,3.141593
69,26,1.249046
69,28,-1.892547
69,55,0.000000
69,65,0.000000
69,66,3.141593
69,88,-0.321751
70,14,-1.892547
70,18,1.249046
70,19,3.141593
70,32,0.000000
70,33,-1.570796
70,34,-2.356194
70,36,-0.785398
70,37,-1.570796
70,38,-2.356194
70,40,0.785398
70,43,-2.356194
70,46,0.785398
70,52,0.785398
70,61,1.570796
70,74,-1.570796
70,79,0.000000
70,83,1.570796
70,91,2.356194
71,2,-0.321751
71,8,0.785398
71,22,1.249046
71,23,2.356194
71,41,-1.249046
71,42,-2.356194
71,46,-0.785398
71,48,1.892547
71,53,0.000000
71,61,-1.570796
71,63,0.785398
71,83,0.785398
71,86,0.785398
72,6,2.356194
72,9,0.785398
72,11,-1.892547
72,16,0.000000
72,25,-2.356194
72,29,-0.785398
72,34,0.000000
72,36,3.141593
72,48,-1.249046
72,49,3.141593
72,54,-1.570796
72,64,-2.356194
72,67,-0.785398
72,70,3.141593
72,83,-0.321751
72,84,2.819842
73,9,-0.785398
73,14,0.785398
73,15,3.141593
73,18,0.785398
73,19,2.356194
73,20,-0.785398
73,21,-1.892547
73,23,1.570796
73,25,2.356194
73,39,2.356194
73,55,0.785398
73,56,2.356194
73,57,0.785398
73,58,1.892547
73,72,-0.321751
74,3,-0.321751
74,5,-2.819842
74,14,-1.570796
74,25,-2.819842
74,38,-1.570796
74,40,0.785398
74,41,2.356194
74,55,-0.785398
74,58,-1.249046
74,59,-2.356194
74,63,0.785398
74,67,1.570796
74,70,1.570796
74,74,2.819842
74,81,1.570796
74,84,0.000000
74,88,2.819842
74,91,2.356194
75,7,1.249046
75,8,3.141593
75,11,1.249046
75,13,2.356194
75,16,0.785398
75,37,0.000000
75,42,2.356194
75,47,0.000000
75,61,0.000000
75,64,-2.356194
75,70,-0.321751
75,71,2.819842
75,74,-2.356194
75,81,0.785398
75,90,0.000000
76,21,1.249046
76,26,2.356194
76,39,-0.785398
76,40,-1.570796
76,41,-2.356194
76,48,-2.356194
76,55,-1.570796
76,61,-1.570796
76,64,0.000000
76,67,2.356194
76,71,-2.356194
76,79,1.570796
76,81,-0.321751
76,84,-0.785398
76,86,1.570796
77,13,0.000000
77,25,-1.892547
77,44,2.356194
77,52,-1.570796
77,59,1.570796
77,65,0.785398
78,4,0.321751
78,19,-1.570796
78,21,-1.570796
78,29,1.249046
78,30,2.356194
78,34,0.785398
78,35,1.570796
78,36,2.356194
78,38,0.785398
78,39,1.892547
78,43,-0.785398
78,45,1.570796
78,49,1.570796
78,56,0.785398
78,59,-1.570796
78,62,-0.785398
78,65,-0.785398
78,75,0.000000
78,86,0.785398
78,90,2.819842
79,11,1.249046
79,18,3.141593
79,26,1.249046
79,39,-1.249046
79,41,1.892547
79,45,-0.321751
79,49,-0.321751
79,50,2.819842
79,65,0.785398
79,72,0.785398
79,79,0.785398
79,81,0.000000
79,86,-0.321751
79,88,3.141593
79,90,-2.356194
80,4,-0.321751
80,6,-2.819842
80,9,0.000000
80,17,-1.892547
80,33,0.785398
80,47,2.819842
80,50,-2.356194
80,60,1.570796
80,63,1.570796
80,65,-0.321751
80,66,2.819842
80,69,1.570796
80,72,-0.321751
80,90,0.785398
81,9,-1.570796
81,20,0.321751
81,34,-0.785398
81,35,-1.570796
81,36,-2.356194
81,43,2.819842
81,47,-2.356194
81,50,0.785398
81,54,1.570796
81,60,-1.570796
81,66,-2.356194
81,69,0.785398
81,73,-2.356194
81,86,0.000000
81,87,-2.356194
81,91,2.819842
82,4,0.321751
82,6,-2.356194
82,20,-1.570796
82,28,-1.892547
82,38,0.000000
82,50,-0.321751
82,51,2.819842
82,54,2.356194
82,69,-0.321751
82,70,2.819842
82,78,3.141593
82,82,2.356194
82,84,0.785398
82,85,2.356194
82,88,0.785398
82,89,3.141593
82,91,-2.356194
83,4,-0.785398
83,10,0.785398
83,17,2.356194
83,18,0.785398
83,34,0.785398
83,35,1.892547
83,43,-0.321751
83,44,2.819842
83,53,0.000000
83,54,-2.356194
83,58,1.570796
83,70,-2.356194
83,85,-2.356194
83,88,-0.785398
83,91,2.356194
84,21,2.356194
84,24,-1.570796
84,40,2.356194
84,44,-2.356194
84,51,-0.321751
84,58,-0.321751
84,59,2.819842
84,61,0.785398
84,70,-1.570796
84,74,0.785398
84,75,3.141593
84,91,-2.819842
85,3,0.321751
85,27,-1.570796
85,28,-2.356194
85,38,-1.249046
85,40,-2.356194
85,44,-1.570796
85,52,-2.356194
85,59,-2.356194
85,74,-0.785398
85,77,-0.321751
85,78,2.819842
86,3,-0.785398
86,33,-0.785398
86,41,-2.356194
86,59,-1.570796
86,62,-0.321751
86,63,2.819842
86,71,1.570796
86,78,-2.356194
86,82,1.570796
86,89,-0.785398
87,6,-0.785398
87,15,0.785398
87,16,2.356194
87,21,0.000000
87,63,-1.570796
87,78,0.785398
87,82,0.000000
87,84,-0.785398
87,86,2.819842
87,89,0.785398
88,13,3.141593
88,35,-0.321751
88,36,2.819842
88,40,0.785398
88,46,1.570796
88,49,0.785398
88,78,-0.321751
88,79,2.819842
88,82,-0.785398
88,90,2.819842
89,6,0.321751
89,23,0.321751
89,41,0.000000
89,49,-0.321751
89,53,2.819842
89,60,1.570796
89,75,0.785398
89,79,-2.356194
89,86,-0.321751
89,88,3.141593
89,90,-2.356194
90,23,-1.570796
90,32,0.000000
90,33,1.892547
90,35,0.000000
90,39,2.356194
90,42,-2.356194
90,75,-0.321751
90,76,2.819842
90,79,0.785398
90,83,2.356194
91,53,-0.321751
91,54,2.819842
91,76,-2.356194
91,79,-0.321751
91,81,2.356194
91,85,2.356194
92,25,0.000000
92,54,-2.356194
92,83,-1.249046
92,84,-2.356194
92,91,2.819842
93,18,-2.819842
93,30,0.785398
93,31,1.570796
93,32,3.141593
93,35,1.570796
93,39,2.819842
93,50,0.785398
93,54,0.785398
93,61,0.785398
93,69,0.785398
93,86,0.000000
94,7,-0.785398
94,8,-1.892547
94,35,-0.321751
94,43,3.141593
94,46,2.356194
94,50,-0.321751
94,51,2.819842
94,54,-0.321751
94,58,2.819842
94,61,-0.321751
94,62,2.819842
94,69,-0.321751
94,73,2.819842
94,81,1.570796
94,85,1.570796
95,18,1.570796
95,26,0.785398
95,27,1.892547
95,31,-0.321751
95,32,2.819842
95,44,0.785398
95,58,-1.570796
95,62,-2.356194
95,73,-1.570796
95,81,0.000000
96,13,-0.785398
96,16,-1.570796
96,28,2.819842
96,32,-2.356194
96,46,-1.249046
96,47,-2.356194
96,48,3.141593
96,51,-0.321751
96,55,2.356194
96,68,2.356194
96,77,-1.570796
96,81,-0.785398
97,14,1.570796
97,28,-1.570796
97,36,-0.785398
97,38,-1.892547
97,40,-1.249046
97,41,-2.356194
97,43,-0.785398
97,52,-1.249046
97,53,-2.356194
97,54,-0.785398
97,59,-1.570796
97,65,-0.785398
97,66,-1.570796
97,67,-2.356194
97,70,0.785398
97,74,2.356194
97,82,1.570796
97,87,-1.249046
98,15,-2.356194
98,16,-0.785398
98,17,-1.892547
98,23,0.000000
98,24,3.141593
98,31,-0.785398
98,32,-1.570796
98,33,-2.356194
98,71,-2.356194
98,73,-0.785398
98,83,-2.356194
98,84,-0.785398
