4,42,2.356194
4,47,0.785398
4,48,1.570796
4,49,2.356194
4,50,0.785398
4,51,1.570796
4,53,1.892547
4,57,1.249046
4,58,2.356194
5,55,1.570796
5,68,0.785398
5,69,1.892547
6,42,2.819842
6,53,-1.892547
6,57,-2.356194
7,35,0.785398
7,36,1.570796
7,37,2.356194
7,48,2.356194
7,55,-0.321751
7,69,-0.785398
8,24,1.249046
8,25,3.141593
8,40,-1.249046
8,42,-1.570796
8,43,3.141593
8,56,-1.249046
8,57,-2.356194
8,69,2.356194
8,76,0.000000
8,84,0.785398
9,36,0.785398
9,44,0.000000
9,45,1.570796
9,46,3.141593
9,48,-1.249046
9,50,1.570796
9,51,2.356194
9,59,0.000000
9,60,1.570796
9,61,2.356194
9,67,1.249046
9,69,3.141593
9,74,1.570796
9,75,3.141593
9,85,-2.356194
10,17,1.249046
10,18,3.141593
10,24,-1.570796
10,38,1.570796
10,39,2.356194
10,54,0.785398
10,55,1.892547
10,64,1.249046
10,65,2.356194
10,69,-2.356194
11,45,2.356194
12,34,-0.785398
12,38,-2.819842
12,48,0.000000
12,49,-1.570796
12,50,-2.356194
12,58,2.356194
13,13,2.356194
13,14,-0.785398
13,45,-1.249046
13,55,-0.785398
13,56,-1.892547
13,65,-2.356194
13,74,-1.249046
13,76,3.141593
14,12,-0.785398
14,37,0.000000
14,59,-2.356194
15,29,0.000000
15,30,1.570796
15,31,2.356194
15,33,-0.785398
15,34,-1.570796
15,35,-2.356194
15,50,1.570796
15,51,2.356194
15,53,0.785398
15,54,1.892547
15,62,0.785398
15,63,1.892547
16,12,2.356194
16,47,-0.785398
16,48,-1.892547
16,63,-1.249046
16,64,-2.356194
16,72,-2.356194
16,73,0.785398
16,77,-2.356194
16,83,0.785398
16,86,3.141593
17,11,0.321751
17,50,0.785398
17,66,0.785398
17,67,2.356194
17,68,0.785398
18,11,-1.570796
18,31,-2.356194
18,37,0.785398
18,38,1.570796
18,39,2.356194
18,50,-0.785398
18,51,-2.356194
18,66,-1.570796
18,84,-2.819842
18,87,2.356194
19,24,1.249046
19,25,2.356194
19,48,0.785398
19,54,-1.249046
19,56,1.892547
19,64,0.785398
19,70,0.000000
19,71,1.892547
19,75,0.000000
20,36,0.785398
20,49,-1.249046
20,50,3.141593
20,56,-1.249046
20,57,-2.356194
20,75,-1.570796
20,81,0.000000
20,82,-1.892547
21,30,-2.356194
21,37,-1.249046
21,38,-2.356194
21,52,0.785398
21,53,1.892547
21,60,0.785398
21,61,1.892547
21,78,0.000000
21,79,1.570796
21,80,3.141593
22,28,-1.892547
22,53,-1.249046
22,54,-2.356194
22,61,-1.249046
22,62,-2.356194
22,68,-2.356194
22,70,0.785398
22,71,2.356194
22,83,0.000000
22,84,-1.892547
23,24,0.000000
23,26,-1.892547
23,57,0.785398
23,58,1.892547
23,65,0.785398
23,76,2.819842
23,81,1.570796
23,82,3.141593
24,24,-0.785398
24,33,0.785398
24,34,1.570796
24,35,2.356194
24,58,-1.249046
24,59,-2.356194
24,71,-0.321751
25,27,1.570796
25,28,2.356194
25,53,0.785398
25,54,1.892547
25,62,0.785398
25,63,1.892547
25,76,-0.785398
25,77,3.141593
25,83,0.785398
25,84,1.570796
25,86,1.892547
25,88,2.356194
26,23,0.785398
26,43,0.000000
26,44,-1.570796
26,45,-2.356194
26,54,-1.249046
26,55,-2.356194
26,56,0.785398
26,57,1.892547
26,63,-1.249046
26,64,3.141593
26,73,-1.249046
26,75,2.356194
26,88,3.141593
27,29,2.356194
27,33,-0.785398
27,34,-1.570796
27,35,-2.356194
27,57,-1.249046
27,58,-2.356194
27,59,0.785398
27,60,1.892547
27,69,-1.249046
27,70,3.141593
27,86,-1.892547
27,88,-2.356194
28,60,-1.249046
28,61,3.141593
28,66,0.000000
28,67,1.892547
28,71,0.000000
28,75,-0.321751
28,80,1.570796
29,9,0.321751
29,11,3.141593
29,23,-0.785398
29,24,-1.570796
29,25,-2.356194
29,26,-0.785398
29,27,-1.892547
29,62,0.000000
29,63,1.892547
29,72,-1.570796
29,77,2.819842
29,80,-0.321751
29,81,2.819842
30,9,-1.570796
30,12,0.000000
30,13,1.570796
30,14,2.356194
30,30,1.249046
30,31,2.356194
30,57,0.785398
30,58,2.356194
30,63,-1.249046
30,65,1.892547
31,26,1.249046
31,27,2.356194
31,29,-0.785398
31,30,-1.892547
31,57,-1.570796
31,69,-1.249046
31,70,3.141593
31,81,-0.785398
31,82,3.141593
31,89,2.819842
32,23,1.249046
32,24,2.356194
32,25,-0.785398
32,26,-1.892547
32,55,0.785398
32,56,2.356194
32,61,0.000000
32,62,1.892547
32,66,-1.249046
32,67,3.141593
32,75,0.000000
32,76,2.356194
32,78,-1.249046
32,80,2.356194
32,83,0.000000
32,84,1.892547
32,89,-2.356194
33,15,0.785398
33,16,2.356194
33,22,-0.785398
33,23,-1.892547
33,46,3.141593
33,62,-1.249046
33,64,1.892547
33,68,1.570796
33,76,-2.356194
33,80,-2.356194
33,89,2.356194
34,15,-0.785398
34,25,1.249046
34,26,2.356194
34,48,0.000000
34,56,-0.785398
34,57,-2.356194
34,58,0.785398
34,59,1.892547
34,64,-1.249046
34,65,3.141593
34,68,-0.785398
34,69,3.141593
34,73,-2.356194
34,76,0.785398
34,89,3.141593
35,22,1.249046
35,23,2.356194
35,24,-0.785398
35,25,-1.892547
35,54,0.785398
35,60,-2.356194
35,66,0.000000
35,67,2.356194
35,76,-0.321751
35,86,0.000000
36,17,1.570796
36,21,-0.785398
36,22,-1.892547
36,30,0.000000
36,38,3.141593
36,41,0.000000
36,46,3.141593
36,57,0.785398
36,62,0.000000
36,63,1.892547
36,67,-1.570796
36,72,0.000000
36,73,1.892547
36,87,-1.249046
36,89,3.141593
37,18,-2.356194
37,28,3.141593
37,55,-0.785398
37,68,0.000000
37,69,1.892547
37,79,2.819842
37,89,-2.356194
38,23,1.570796
38,37,2.356194
38,42,0.785398
38,43,1.892547
38,48,1.249046
38,49,2.356194
38,55,-1.570796
38,64,-1.249046
38,65,3.141593
38,69,-1.249046
38,70,3.141593
38,79,-1.570796
38,84,1.570796
39,8,0.785398
39,18,0.785398
39,19,1.570796
39,20,2.356194
39,33,3.141593
39,36,-0.785398
39,43,-1.249046
39,44,-2.356194
39,47,-0.785398
39,48,-1.892547
39,51,0.000000
39,52,1.892547
39,60,-1.249046
39,62,1.892547
39,66,0.000000
39,67,1.892547
39,71,1.570796
39,80,0.000000
39,84,-0.321751
39,89,2.356194
40,8,0.000000
40,52,-1.249046
40,54,1.892547
40,62,-1.249046
40,63,3.141593
40,67,-1.249046
40,68,3.141593
40,72,3.141593
40,81,-1.570796
40,85,-1.249046
40,86,-2.356194
40,89,3.141593
41,21,1.570796
41,23,-1.892547
41,33,0.000000
41,35,-0.785398
41,36,-1.570796
41,37,-2.356194
41,54,-1.249046
41,55,-2.356194
41,64,-2.356194
41,82,1.570796
42,7,0.321751
42,31,3.141593
42,49,0.785398
42,50,1.892547
42,57,0.000000
42,66,0.785398
42,69,-1.570796
42,79,2.819842
42,82,-0.321751
42,83,2.819842
43,7,-1.570796
43,16,1.249046
43,17,3.141593
43,26,0.000000
43,50,-1.249046
43,51,-2.356194
43,52,0.785398
43,53,1.892547
43,59,2.819842
43,79,-1.570796
43,83,-1.570796
43,87,0.321751
44,14,1.249046
44,19,2.356194
44,22,0.785398
44,23,2.356194
44,24,3.141593
44,31,3.141593
44,41,0.000000
44,43,3.141593
44,45,0.785398
44,53,-1.249046
44,54,3.141593
44,59,-1.570796
44,80,1.570796
44,84,0.785398
44,85,2.356194
45,12,0.785398
45,17,0.000000
45,22,-1.570796
45,27,1.249046
45,28,2.356194
45,55,0.000000
45,56,1.892547
45,60,-2.356194
45,69,-2.356194
45,80,-0.321751
45,84,-0.785398
45,90,0.785398
46,16,3.141593
46,26,-0.785398
46,27,-1.892547
46,56,-1.249046
46,57,-2.356194
46,58,3.141593
46,73,0.000000
46,82,2.819842
46,91,2.819842
47,15,-1.892547
47,19,0.785398
47,23,0.000000
47,30,0.000000
47,31,3.141593
47,38,0.000000
47,45,3.141593
47,52,0.000000
47,53,1.892547
47,62,0.000000
47,71,1.570796
47,82,-2.356194
47,85,0.000000
47,91,-2.356194
48,28,3.141593
48,53,-1.249046
48,54,3.141593
48,60,0.785398
48,64,1.570796
49,25,0.000000
49,49,0.000000
49,56,3.141593
49,61,-2.356194
49,65,3.141593
49,83,1.570796
49,90,-1.570796
50,13,1.249046
50,14,2.356194
50,20,2.356194
50,34,0.000000
50,36,3.141593
50,43,0.000000
50,45,3.141593
50,66,-2.356194
50,83,-0.321751
50,86,3.141593
51,20,-2.819842
51,47,0.785398
51,70,-2.356194
51,87,1.570796
52,5,0.321751
52,7,-2.356194
52,11,-0.785398
52,12,-1.892547
52,17,1.249046
52,19,-1.892547
52,54,-2.356194
52,67,0.785398
52,81,-1.570796
52,84,0.785398
52,88,3.141593
52,91,-1.570796
53,5,-0.785398
53,14,1.249046
53,15,2.356194
53,16,-0.785398
53,17,-1.892547
53,24,3.141593
53,30,3.141593
53,41,0.000000
53,42,3.141593
53,64,0.785398
53,71,0.785398
53,79,-2.356194
53,84,-0.321751
53,85,2.819842
54,13,0.000000
54,14,-1.892547
54,28,-0.785398
54,48,-1.570796
54,53,0.785398
54,58,0.785398
54,62,1.570796
54,69,-2.356194
54,76,1.570796
54,85,-1.570796
55,5,0.785398
55,17,2.356194
55,54,-2.356194
55,73,-2.356194
55,76,-0.321751
55,81,0.785398
55,86,1.570796
56,5,0.000000
56,24,3.141593
56,37,0.000000
56,39,3.141593
56,60,-2.356194
56,70,0.785398
56,78,2.819842
56,82,1.570796
56,86,-0.321751
56,90,2.356194
57,5,-0.785398
57,14,3.141593
57,22,3.141593
57,67,-1.570796
57,75,1.570796
57,78,-1.570796
57,82,-0.321751
57,87,-1.249046
57,90,-2.819842
58,21,-1.570796
58,26,3.141593
58,53,0.785398
58,58,1.570796
58,79,1.570796
59,12,0.000000
59,13,-2.356194
59,19,0.000000
59,79,-0.321751
59,80,2.819842
59,85,2.819842
59,89,0.785398
60,10,1.249046
60,11,3.141593
60,14,-2.356194
60,23,-0.785398
60,55,-2.356194
60,66,-2.356194
60,69,0.785398
60,80,-1.570796
60,85,-1.570796
60,89,-0.321751
60,90,2.819842
61,4,0.321751
61,6,-2.356194
61,9,-0.785398
61,10,-1.892547
61,13,1.570796
61,45,1.570796
61,50,1.570796
61,60,-2.356194
61,70,-2.356194
61,90,-1.570796
62,4,-0.785398
62,13,-2.819842
62,16,1.570796
62,20,1.570796
62,56,0.785398
62,67,0.785398
62,74,-2.356194
62,87,1.570796
63,20,-1.570796
63,45,0.785398
63,64,0.785398
63,68,-2.356194
63,71,0.785398
63,85,1.570796
63,87,-0.321751
64,26,2.356194
64,45,-0.321751
64,58,2.356194
64,65,-2.356194
64,75,0.785398
64,85,0.785398
64,91,2.356194
65,9,0.321751
65,34,3.141593
65,46,-1.249046
65,47,-2.356194
65,48,0.785398
65,62,0.785398
65,79,1.570796
65,82,0.785398
65,85,-0.321751
65,86,2.819842
65,91,-2.819842
66,9,-1.570796
66,24,-0.785398
66,32,-0.785398
66,57,-1.570796
66,60,-2.356194
66,63,-2.356194
66,79,-0.321751
66,80,2.819842
66,82,-0.321751
66,83,2.819842
67,8,1.570796
67,12,3.141593
67,16,2.356194
67,49,-0.785398
67,52,3.141593
67,70,0.785398
67,80,-2.356194
67,86,-0.321751
67,87,2.819842
68,4,0.785398
68,6,1.249046
68,19,2.356194
68,25,2.356194
68,61,0.785398
68,64,0.785398
68,67,0.785398
68,83,-0.321751
68,84,2.819842
68,87,-1.570796
68,91,-2.356194
69,4,0.000000
69,11,-2.819842
69,18,1.570796
69,24,-0.785398
69,32,2.356194
69,50,-2.356194
69,62,-2.356194
69,74,-1.570796
69,88,1.570796
70,4,-1.570796
70,13,1.570796
70,17,0.000000
70,31,-0.785398
70,65,-1.570796
70,68,-1.570796
70,81,0.785398
70,84,-0.321751
70,85,2.819842
70,88,-0.321751
70,89,2.819842
71,6,-0.785398
71,9,-1.892547
71,12,0.321751
71,13,-2.819842
71,78,-1.570796
71,81,-0.321751
71,82,2.819842
71,85,-1.570796
71,91,2.356194
72,7,0.000000
72,12,-0.785398
72,15,1.570796
72,22,2.356194
72,25,0.785398
72,66,1.570796
72,69,1.570796
72,89,-0.321751
73,3,0.785398
73,7,2.356194
73,15,-2.819842
73,60,1.570796
73,63,1.570796
73,69,-1.570796
73,76,1.570796
73,79,1.570796
73,82,-0.321751
73,83,2.819842
73,90,-2.356194
74,3,-0.321751
74,5,2.356194
74,6,-0.785398
74,21,-1.570796
74,60,-1.570796
74,63,-1.570796
74,66,-1.570796
74,87,1.570796
75,17,2.356194
75,70,1.570796
75,73,-1.570796
75,83,-0.321751
75,84,2.819842
75,87,-0.321751
76,9,0.321751
76,10,-2.819842
76,16,-0.785398
76,31,1.570796
76,37,1.570796
76,67,1.570796
76,70,-1.570796
76,77,-1.570796
76,91,2.819842
77,2,0.321751
77,9,-0.785398
77,22,0.785398
77,37,-1.570796
77,73,1.570796
77,84,-0.321751
77,85,2.819842
77,88,-0.785398
77,91,-2.356194
78,2,-0.785398
78,15,1.570796
78,31,-1.570796
78,64,1.570796
78,73,-1.570796
78,78,0.785398
78,85,-1.570796
79,2,0.785398
79,5,2.356194
79,28,3.141593
79,64,-1.570796
79,91,2.356194
80,2,-0.321751
80,8,2.356194
80,31,1.570796
80,61,1.570796
80,67,-1.570796
80,71,1.570796
80,73,1.570796
80,76,1.570796
80,83,1.570796
80,85,0.000000
80,91,3.141593
81,7,0.321751
81,8,-2.819842
81,21,0.000000
81,48,1.570796
81,61,-1.570796
81,71,-1.570796
81,73,-1.570796
81,76,0.785398
81,80,-2.356194
81,83,-0.321751
81,89,3.141593
81,91,-2.356194
82,7,-0.785398
82,11,-1.570796
82,18,1.570796
82,24,-0.785398
82,25,-1.570796
82,26,-2.356194
82,29,3.141593
82,48,-1.570796
82,51,0.000000
82,52,3.141593
82,76,-0.321751
82,77,2.819842
82,84,-2.356194
83,18,-1.570796
83,32,-2.356194
83,71,1.570796
83,74,1.570796
83,77,-1.570796
83,81,1.570796
83,91,2.356194
84,2,0.785398
84,6,1.570796
84,61,1.570796
84,74,-1.570796
84,81,0.785398
84,89,0.000000
84,91,-2.819842
85,2,-0.321751
85,4,2.356194
85,61,-1.570796
85,81,-0.321751
85,82,2.819842
85,85,0.785398
86,6,-1.249046
86,7,-2.356194
86,9,0.785398
86,71,-1.570796
86,82,-2.356194
86,85,-0.321751
86,86,2.819842
87,10,-2.356194
87,13,-1.570796
87,74,1.570796
87,79,-1.570796
87,82,-1.570796
87,86,-2.356194
88,16,1.570796
88,23,1.570796
88,26,0.000000
88,27,3.141593
88,74,-1.570796
88,90,2.356194
89,13,1.570796
89,52,2.356194
89,77,1.570796
89,80,1.570796
89,87,0.785398
89,88,2.356194
89,90,3.141593
90,10,-1.570796
90,51,-0.785398
90,80,-1.570796
90,83,0.785398
90,87,-0.785398
90,90,-2.356194
91,87,0.785398
91,90,2.356194
92,10,1.570796
92,72,1.570796
92,90,-2.819842
93,3,0.785398
93,17,0.785398
93,21,0.785398
93,27,0.000000
93,29,3.141593
94,4,3.141593
94,18,3.141593
94,22,3.141593
94,72,-1.570796
94,81,1.570796
95,10,-1.570796
95,14,1.570796
95,19,-2.356194
96,2,0.785398
96,14,-0.321751
96,24,-2.356194
96,77,-1.570796
96,89,2.356194
97,15,-1.249046
97,17,1.892547
97,28,0.000000
97,74,1.570796
97,81,-1.570796
97,88,0.000000
98,8,0.000000
98,11,3.141593
98,17,-1.249046
98,18,-2.356194
98,20,3.141593
98,30,-2.356194
98,74,-1.570796
