4,58,2.356194
4,59,0.785398
4,60,1.892547
5,26,0.785398
5,27,1.892547
5,33,1.249046
5,34,2.356194
5,35,0.785398
5,36,2.356194
5,46,2.356194
5,49,1.249046
5,50,2.356194
5,54,0.785398
5,55,1.892547
6,20,1.249046
6,21,3.141593
6,36,-1.570796
6,44,0.321751
6,57,3.141593
6,60,-0.785398
7,17,0.785398
7,18,1.570796
7,27,-0.785398
7,33,-2.356194
7,44,-0.785398
7,47,0.321751
7,68,1.570796
8,10,3.141593
8,20,-1.570796
8,38,1.570796
8,60,2.356194
9,38,0.000000
9,44,2.356194
9,57,-1.249046
9,58,-2.356194
9,64,1.249046
10,34,1.570796
10,38,-1.570796
10,44,3.141593
10,60,-1.249046
10,61,-2.356194
11,7,0.321751
11,23,1.570796
11,34,-0.321751
11,37,1.570796
11,50,-0.785398
12,7,-0.785398
12,25,2.356194
12,44,0.000000
12,50,2.356194
12,55,0.785398
12,56,2.356194
13,22,0.321751
13,34,-0.785398
13,35,-1.892547
13,37,-1.249046
13,38,-2.356194
13,44,-0.785398
13,47,0.785398
13,58,0.785398
13,59,1.892547
13,64,-1.570796
14,44,2.356194
14,53,0.785398
14,55,-2.819842
14,62,0.785398
15,20,1.249046
15,22,-1.570796
15,24,-2.356194
15,46,0.000000
15,47,-1.570796
15,49,3.141593
15,63,-1.249046
15,64,3.141593
16,17,-0.785398
16,18,-1.570796
16,25,0.785398
16,27,-1.570796
16,28,-2.356194
16,29,0.785398
16,30,1.570796
16,31,2.356194
16,49,-1.570796
16,54,-0.785398
16,55,-2.356194
16,59,3.141593
16,83,3.141593
17,20,-2.356194
17,25,-0.785398
17,52,0.785398
17,59,-1.570796
18,46,3.141593
18,53,-1.249046
18,54,3.141593
18,69,0.785398
18,70,2.356194
18,74,0.785398
18,75,1.892547
19,17,1.249046
19,18,2.356194
19,19,-0.785398
19,20,-1.570796
19,21,-2.356194
19,24,-0.785398
19,25,-1.570796
19,26,3.141593
19,47,0.000000
19,48,1.892547
19,55,0.000000
19,56,1.892547
19,64,0.785398
19,65,1.892547
19,69,-1.570796
19,71,0.785398
19,77,2.356194
19,78,-0.785398
19,79,-1.892547
20,6,0.785398
20,12,1.249046
20,13,2.356194
20,16,-0.785398
20,17,-1.892547
20,29,-0.785398
20,30,-1.570796
20,31,-2.356194
20,35,0.785398
20,36,1.570796
20,37,2.356194
20,49,-2.356194
20,57,-2.356194
20,59,0.785398
20,60,1.892547
20,65,-1.249046
20,66,-2.356194
20,67,0.785398
20,71,-1.570796
21,8,2.356194
21,46,0.785398
21,54,0.785398
21,60,-1.249046
21,61,-2.356194
21,62,0.785398
21,63,1.892547
21,74,-1.249046
21,77,2.819842
22,12,-1.570796
22,36,0.000000
22,44,-0.785398
22,47,-1.249046
22,48,3.141593
22,55,-1.249046
22,57,1.892547
22,77,-2.356194
23,13,1.570796
23,25,0.785398
23,26,1.570796
23,27,2.356194
23,28,0.785398
23,29,1.570796
23,30,2.356194
23,34,0.785398
23,44,2.356194
23,58,-2.356194
23,69,-1.570796
24,13,-0.785398
24,14,-2.356194
24,35,-1.249046
24,37,-1.570796
24,38,-2.356194
24,40,0.785398
24,41,1.570796
24,42,2.356194
24,43,-0.785398
24,44,-2.356194
24,55,0.785398
24,68,0.000000
25,4,0.321751
25,6,3.141593
25,25,0.000000
25,28,-0.785398
25,56,-1.249046
25,57,-2.356194
25,58,0.785398
25,59,1.892547
25,64,-1.249046
25,66,1.892547
25,74,0.785398
26,4,-1.570796
26,22,0.785398
26,23,1.570796
26,24,3.141593
26,59,-1.249046
26,61,1.892547
26,66,-1.249046
26,86,3.141593
27,18,0.785398
27,19,1.570796
27,20,2.356194
27,36,0.785398
27,37,1.570796
27,38,2.356194
27,39,0.785398
27,43,0.785398
27,44,1.892547
27,55,0.785398
27,56,1.892547
27,61,-1.249046
27,62,3.141593
27,69,-1.249046
27,70,3.141593
27,82,0.785398
28,25,2.356194
28,40,-1.249046
28,41,-2.356194
28,46,2.356194
28,50,0.785398
28,51,1.892547
28,56,-1.249046
28,58,1.892547
28,64,0.785398
28,65,1.892547
28,73,0.785398
28,75,-2.819842
29,11,2.356194
29,20,0.785398
29,21,2.356194
29,23,-0.785398
29,24,-1.892547
29,37,2.356194
29,51,-1.249046
29,52,-2.356194
29,58,-1.249046
29,60,1.892547
29,65,-1.249046
29,66,-2.356194
29,67,0.785398
29,68,1.892547
29,82,0.321751
29,83,-2.819842
30,8,0.000000
30,45,-0.321751
30,55,0.785398
30,56,1.892547
30,60,-1.249046
30,62,1.892547
30,68,-1.249046
30,70,1.892547
30,82,-0.785398
31,3,0.785398
31,10,-1.570796
31,20,3.141593
31,37,-1.249046
31,38,-2.356194
31,46,-1.249046
31,47,-2.356194
31,56,-1.249046
31,57,3.141593
31,62,-1.249046
31,63,-2.356194
31,64,0.785398
31,65,1.892547
31,70,-1.249046
31,71,3.141593
32,3,-0.785398
32,4,-2.356194
32,12,2.356194
32,43,0.785398
32,44,1.892547
32,58,0.000000
32,59,1.892547
32,65,-1.249046
32,67,1.892547
32,72,0.000000
32,73,1.892547
32,80,0.785398
32,81,2.356194
33,44,-1.249046
33,45,-2.356194
33,56,3.141593
33,59,-1.249046
33,60,3.141593
33,67,-1.249046
33,68,3.141593
33,73,-1.249046
33,75,1.892547
34,9,0.000000
34,10,-1.892547
34,17,1.249046
34,18,2.356194
34,19,-0.785398
34,20,-1.892547
34,29,0.000000
34,49,0.785398
34,50,1.892547
34,63,0.785398
34,64,1.892547
34,69,0.000000
34,70,1.892547
34,75,-1.249046
34,76,3.141593
34,81,0.000000
34,86,-0.785398
34,88,2.819842
35,2,0.785398
35,16,-0.785398
35,17,-1.892547
35,43,0.785398
35,44,1.892547
35,50,-1.249046
35,51,-2.356194
35,64,-1.249046
35,66,1.892547
35,70,-1.249046
35,72,1.892547
35,78,0.785398
35,79,1.892547
35,88,-2.356194
36,2,0.000000
36,11,1.249046
36,12,2.356194
36,23,1.249046
36,24,2.356194
36,25,3.141593
36,44,-1.249046
36,45,-2.356194
36,72,-1.249046
36,74,1.892547
36,79,-1.249046
37,2,-0.785398
37,10,0.000000
37,11,-1.892547
37,30,0.000000
37,32,3.141593
37,36,0.000000
37,40,3.141593
37,62,3.141593
37,67,-1.249046
37,69,1.892547
37,74,-1.249046
37,75,3.141593
38,21,0.321751
38,26,0.000000
38,28,3.141593
38,43,0.785398
38,53,0.785398
38,54,1.892547
38,64,0.000000
38,69,-1.249046
38,70,3.141593
38,76,0.000000
38,77,1.892547
38,82,-1.249046
38,83,3.141593
38,88,2.356194
39,21,-1.570796
39,54,-1.249046
39,56,1.892547
39,71,0.000000
39,78,-2.356194
39,79,0.785398
39,80,1.892547
39,88,3.141593
40,3,0.785398
40,4,2.356194
40,11,1.249046
40,12,2.356194
40,13,3.141593
40,20,1.570796
40,38,0.000000
40,41,3.141593
40,48,0.785398
40,49,1.892547
40,56,-1.249046
40,57,3.141593
40,62,0.000000
40,67,1.570796
40,72,-1.570796
40,76,0.785398
40,88,-2.356194
41,3,-1.570796
41,10,0.000000
41,11,-1.892547
41,19,0.000000
41,49,-1.249046
41,50,-2.356194
41,64,-2.356194
41,69,1.892547
41,77,3.141593
41,81,-1.249046
41,83,1.892547
42,2,-0.785398
42,17,1.249046
42,18,3.141593
42,61,3.141593
42,69,-1.249046
42,70,3.141593
43,6,1.249046
43,7,3.141593
43,16,0.000000
43,17,-1.892547
43,43,1.249046
43,44,2.356194
43,47,0.785398
43,48,1.892547
43,79,0.000000
43,80,1.892547
43,84,-1.249046
43,85,-2.356194
43,87,-0.785398
43,89,2.819842
44,5,0.000000
44,6,-1.892547
44,48,-1.249046
44,49,-2.356194
44,51,0.785398
44,52,1.892547
44,65,0.000000
44,66,0.785398
44,67,1.892547
44,76,0.000000
44,77,1.892547
44,89,-2.356194
45,3,0.000000
45,10,1.249046
45,12,1.892547
45,14,1.570796
45,43,-1.570796
45,52,-1.249046
45,53,-2.356194
45,67,-1.249046
45,68,3.141593
45,81,-1.249046
45,83,1.892547
46,8,1.249046
46,14,3.141593
46,44,0.785398
46,45,2.356194
46,69,0.000000
46,70,1.892547
46,74,0.000000
46,75,1.892547
46,78,-1.249046
46,79,3.141593
46,83,-1.249046
46,84,3.141593
46,89,2.356194
47,6,1.249046
47,8,-1.892547
47,14,-1.570796
47,44,-0.785398
47,58,-2.356194
47,70,-1.249046
47,71,3.141593
47,89,3.141593
48,27,1.570796
48,39,0.000000
48,40,3.141593
48,60,0.785398
48,66,0.000000
48,67,1.892547
48,72,1.570796
48,76,-1.249046
48,77,3.141593
48,81,0.000000
48,82,1.892547
48,89,-1.570796
49,10,0.000000
49,24,0.000000
49,26,-0.785398
49,74,1.892547
50,3,0.000000
50,4,-1.892547
50,8,1.249046
50,9,3.141593
50,56,0.000000
50,57,1.892547
50,68,-1.249046
50,69,3.141593
50,75,2.819842
50,79,0.000000
50,83,-1.249046
50,84,3.141593
51,2,-0.785398
51,57,-1.249046
51,58,-2.356194
51,70,0.000000
51,75,-1.570796
51,80,-1.570796
51,85,0.000000
51,86,1.892547
51,90,2.356194
52,6,0.000000
52,7,-1.892547
52,13,1.570796
52,42,0.000000
52,45,3.141593
52,53,-2.356194
52,60,0.000000
52,61,1.892547
52,71,-1.570796
52,86,-1.249046
52,87,-2.356194
52,90,3.141593
53,5,1.570796
53,13,3.141593
53,47,0.000000
53,55,0.785398
53,90,-2.356194
54,13,-2.356194
54,56,-2.356194
54,62,-1.249046
54,63,3.141593
54,73,0.000000
55,3,-1.570796
55,8,3.141593
55,27,1.570796
55,33,1.570796
55,43,0.000000
55,44,3.141593
55,52,-2.356194
55,64,0.000000
55,65,1.892547
55,74,-1.570796
55,84,0.000000
55,85,1.892547
56,2,-0.785398
56,7,-1.570796
56,46,0.000000
56,47,3.141593
56,60,0.785398
56,65,-1.249046
56,66,3.141593
56,75,0.000000
56,76,1.892547
57,5,0.000000
57,27,2.356194
57,33,-1.570796
57,81,0.000000
58,10,2.356194
58,11,0.785398
58,14,-2.356194
58,27,-2.819842
58,43,0.000000
58,44,3.141593
58,78,2.819842
58,82,-1.570796
58,90,2.356194
59,9,-1.570796
59,17,0.000000
59,18,1.892547
59,37,0.000000
59,38,0.785398
59,39,1.892547
59,58,0.785398
59,78,-1.570796
59,88,-1.249046
59,90,3.141593
60,24,-0.785398
60,32,0.785398
60,39,-1.249046
60,40,-2.356194
60,41,3.141593
60,59,-2.356194
60,65,0.000000
60,90,-1.570796
61,8,2.356194
61,18,-0.785398
61,30,0.785398
61,61,0.785398
61,66,-1.570796
61,80,1.570796
62,4,1.570796
62,7,0.321751
62,33,-1.570796
62,34,-2.356194
62,57,0.785398
62,80,-0.321751
62,81,2.819842
62,86,0.000000
62,87,1.892547
63,4,2.356194
63,7,-1.570796
63,9,0.785398
63,10,3.141593
63,30,1.570796
63,40,3.141593
63,53,0.785398
63,81,-1.570796
63,91,2.356194
64,3,0.000000
64,4,-2.356194
64,6,1.570796
64,9,-0.785398
64,17,0.785398
64,29,0.321751
64,30,-2.819842
64,69,0.000000
64,88,-1.249046
64,91,-2.819842
65,6,-2.819842
65,18,3.141593
65,20,2.356194
65,29,-1.570796
65,70,-1.570796
65,83,1.570796
66,2,-1.570796
66,5,-1.570796
66,19,-2.356194
66,35,0.000000
66,36,3.141593
66,46,0.785398
66,83,-0.321751
66,84,2.819842
66,91,-2.356194
67,11,1.570796
67,18,1.570796
67,27,-0.785398
67,47,-2.356194
67,67,1.570796
67,72,1.570796
67,84,-2.356194
67,87,0.785398
68,17,-0.785398
68,68,3.141593
68,72,-0.321751
68,73,2.819842
68,77,-2.356194
68,81,1.570796
69,14,3.141593
69,33,1.570796
69,73,-1.570796
69,81,-0.321751
69,82,2.819842
69,89,1.570796
70,13,-1.570796
70,33,-1.570796
70,78,0.785398
70,82,-1.570796
70,86,1.570796
71,2,-0.785398
71,9,-0.785398
71,61,-2.356194
71,79,1.570796
71,83,1.570796
71,86,-0.321751
71,87,2.819842
71,91,-2.356194
72,12,-1.570796
72,19,2.356194
72,35,2.356194
72,53,0.785398
72,66,-1.570796
72,79,-0.321751
72,80,2.819842
72,83,-0.321751
72,84,2.819842
72,87,-1.570796
72,91,-1.570796
73,34,-0.785398
73,38,0.000000
73,39,3.141593
73,54,-2.356194
73,58,0.785398
73,63,0.785398
73,71,-1.570796
73,84,-2.356194
73,88,0.000000
74,4,2.356194
74,18,-1.570796
74,24,1.570796
74,42,0.785398
74,80,-0.321751
74,84,-1.570796
74,89,-2.356194
75,3,0.321751
75,4,-2.819842
75,8,3.141593
75,11,1.570796
75,24,-1.570796
75,33,1.570796
75,43,-2.356194
75,82,2.819842
75,89,-1.570796
76,3,-1.570796
76,14,1.570796
76,26,1.570796
76,69,0.785398
76,73,0.785398
76,77,-1.570796
76,87,1.570796
77,11,-1.570796
77,14,-1.570796
77,26,-1.570796
77,57,0.785398
77,66,-2.356194
77,70,-2.356194
77,82,-0.321751
77,87,0.785398
78,32,-1.570796
78,62,-2.356194
78,84,2.819842
78,87,-0.321751
78,88,2.819842
79,2,-1.570796
79,5,-1.570796
79,8,2.356194
79,16,1.570796
79,22,1.570796
79,75,1.570796
79,80,1.570796
79,84,-1.570796
79,88,-1.570796
80,10,1.570796
80,16,-1.570796
80,22,-1.570796
80,59,1.570796
80,75,-0.321751
80,76,2.819842
80,89,1.570796
81,4,1.570796
81,7,-1.570796
81,10,-1.570796
81,59,-0.321751
81,60,2.819842
81,68,1.570796
81,76,-1.570796
81,90,3.141593
82,4,2.356194
82,18,1.570796
82,60,-1.570796
82,68,-1.570796
82,77,1.570796
82,86,1.570796
83,3,0.321751
83,4,-2.819842
83,32,1.570796
83,61,-2.356194
83,78,3.141593
83,82,-1.570796
83,86,-0.321751
83,87,2.819842
84,3,-0.785398
84,6,1.570796
84,87,-1.570796
84,91,-1.570796
85,9,1.570796
85,32,-1.570796
85,79,-1.570796
85,88,1.570796
86,9,-1.570796
86,29,1.570796
86,88,-0.321751
87,18,-1.570796
87,29,-1.570796
87,76,0.785398
87,90,2.819842
88,77,-2.356194
88,90,-2.356194
89,8,1.570796
89,64,0.785398
89,82,0.000000
89,83,3.141593
91,65,-1.570796
92,18,1.570796
92,24,1.570796
92,30,1.570796
92,91,2.356194
93,2,-1.570796
93,11,1.570796
93,21,1.570796
93,30,-1.570796
93,80,1.570796
93,88,0.000000
93,89,0.785398
93,91,-2.819842
94,11,-1.570796
94,27,1.570796
94,80,-1.570796
95,5,-1.570796
95,15,1.570796
95,21,-1.570796
95,82,0.000000
95,83,3.141593
96,31,1.570796
97,24,-1.570796
97,73,0.000000
97,74,3.141593
97,79,0.000000
97,80,3.141593
97,85,0.000000
97,89,1.570796
98,8,-1.570796
98,15,-1.570796
98,19,-2.356194
98,27,-1.570796
98,31,-1.570796
98,88,-0.785398
