5,40,1.249046
5,41,2.356194
5,45,0.785398
5,46,1.570796
5,47,2.356194
6,33,1.249046
6,34,2.356194
6,59,1.570796
6,60,2.356194
6,64,0.785398
6,65,2.356194
7,40,-2.356194
8,46,2.356194
8,64,0.321751
8,66,2.819842
9,24,1.249046
9,25,2.356194
9,30,-0.785398
9,46,3.141593
10,64,-0.321751
10,66,-2.819842
10,69,0.785398
11,32,0.785398
11,37,2.356194
11,40,0.785398
11,48,1.570796
11,50,1.570796
11,51,2.356194
11,59,0.785398
11,68,0.785398
12,32,0.000000
12,34,1.892547
12,62,1.892547
12,70,-2.819842
12,79,1.570796
13,38,-1.570796
13,48,-1.570796
13,53,-2.356194
13,64,-0.785398
13,65,-1.570796
13,66,-2.356194
14,34,-1.892547
14,54,0.000000
14,55,1.570796
15,67,0.321751
15,77,-0.785398
15,78,-1.892547
16,15,1.249046
16,16,2.356194
16,17,-0.785398
16,36,2.356194
16,50,-0.785398
16,51,-1.570796
16,52,-2.356194
16,54,-0.785398
16,55,-1.570796
16,57,-1.570796
16,58,-2.356194
16,60,-0.785398
16,75,3.141593
17,32,1.249046
17,33,2.356194
17,34,0.785398
17,36,-2.819842
17,39,1.249046
17,41,-1.892547
18,45,2.356194
18,56,0.785398
18,57,1.892547
19,27,0.321751
19,33,-2.356194
19,34,-0.785398
19,42,1.570796
19,59,1.570796
19,64,1.892547
19,76,1.892547
20,38,-1.249046
20,50,1.570796
20,51,2.356194
20,52,0.785398
20,53,1.892547
20,66,-0.785398
20,67,-1.570796
20,68,-2.356194
20,69,-0.785398
21,10,0.321751
21,24,1.570796
21,42,-1.570796
21,44,-1.892547
21,55,1.570796
21,57,-1.570796
21,59,-1.570796
21,61,-1.570796
21,62,-2.356194
21,74,-0.321751
22,10,-0.785398
22,24,0.000000
22,34,2.356194
22,39,-0.785398
22,67,1.570796
22,68,2.356194
22,78,-2.819842
22,86,2.356194
23,29,-2.356194
23,42,2.356194
23,46,-0.785398
23,47,-1.892547
23,50,-1.249046
23,52,-1.570796
23,53,-2.356194
23,54,-0.785398
23,55,-1.570796
23,56,-2.356194
23,71,-1.249046
23,73,1.570796
24,31,0.000000
24,32,-1.892547
24,34,1.570796
24,37,0.000000
24,58,0.000000
24,61,2.356194
25,29,2.356194
25,34,-0.321751
25,43,1.570796
25,44,2.356194
25,68,1.570796
25,69,2.356194
25,71,0.785398
25,78,0.000000
25,79,1.892547
25,84,-0.321751
26,39,1.249046
26,41,-1.892547
26,58,-0.785398
26,62,1.892547
26,72,-1.249046
26,74,1.892547
26,76,2.356194
26,79,-1.249046
26,81,1.892547
27,31,0.785398
27,32,1.892547
27,46,1.249046
27,47,2.356194
27,66,1.570796
27,82,-2.356194
27,84,-0.785398
28,19,0.321751
28,28,-0.785398
28,41,0.785398
28,44,-2.356194
28,45,-0.785398
28,46,-1.892547
28,60,0.785398
28,69,-1.249046
28,71,1.892547
28,80,1.570796
28,87,0.321751
28,89,2.819842
29,19,-0.785398
29,29,0.000000
30,10,2.356194
30,26,-2.356194
30,27,3.141593
30,34,-2.356194
30,41,-0.785398
30,42,-1.570796
30,44,1.570796
30,45,2.356194
30,56,0.785398
30,57,1.570796
30,58,2.356194
30,69,1.892547
30,83,1.892547
30,87,-0.321751
30,89,-2.819842
31,9,0.321751
31,22,0.785398
31,24,-1.892547
31,36,1.249046
31,37,2.356194
31,61,-1.249046
31,62,-2.356194
31,63,-0.785398
31,83,-1.249046
32,9,-1.570796
32,18,0.321751
32,28,0.000000
32,34,2.356194
32,41,1.249046
32,42,2.356194
32,47,1.249046
32,48,2.356194
32,49,0.785398
32,53,2.356194
32,57,0.785398
32,67,-1.570796
32,73,-1.570796
32,74,-2.356194
32,75,0.000000
32,89,3.141593
33,22,-2.356194
33,25,1.249046
33,26,2.356194
33,37,-2.356194
33,38,-0.785398
33,39,-1.570796
33,46,-0.785398
33,47,-1.892547
33,50,-2.356194
33,52,-0.785398
33,58,-2.356194
33,61,0.785398
33,62,1.892547
33,69,-1.249046
33,83,1.892547
34,24,-0.785398
34,25,-1.892547
34,29,0.000000
34,30,-1.892547
34,34,0.000000
34,43,-0.785398
34,44,-1.892547
34,62,-1.249046
34,63,-2.356194
34,64,-0.785398
34,65,-2.356194
34,78,0.000000
35,16,0.785398
35,27,1.249046
35,28,3.141593
35,32,-0.785398
35,40,-0.785398
35,49,-0.785398
35,50,-1.570796
35,51,-2.356194
35,69,0.785398
35,74,2.356194
35,75,0.785398
35,76,1.892547
36,25,1.249046
36,27,-1.892547
36,30,1.249046
36,31,3.141593
36,35,2.356194
36,42,0.000000
36,61,0.000000
36,70,-1.249046
36,78,2.356194
36,90,2.356194
37,16,0.321751
37,24,0.000000
37,25,-1.892547
37,29,0.000000
37,33,0.000000
37,39,0.000000
37,47,1.249046
37,48,2.356194
37,58,0.785398
37,59,1.570796
37,66,2.356194
37,73,-1.249046
37,90,-2.819842
38,16,-0.785398
38,27,1.249046
38,31,0.000000
38,32,0.000000
38,36,2.356194
38,37,3.141593
38,64,-0.785398
38,70,1.892547
39,19,3.141593
39,25,1.249046
39,27,-1.892547
39,29,0.785398
39,30,3.141593
39,33,0.785398
39,42,0.000000
39,66,0.000000
39,67,-0.785398
39,68,-1.892547
39,70,-1.249046
39,71,-2.356194
39,83,0.785398
39,89,3.141593
40,33,-0.785398
40,37,2.356194
40,44,2.356194
40,46,-0.785398
40,47,-1.570796
40,48,-2.356194
40,53,3.141593
40,57,0.000000
40,73,0.000000
40,75,-0.785398
41,8,0.785398
41,15,1.249046
41,17,-1.570796
41,18,-2.356194
41,19,-0.785398
41,23,0.000000
41,24,-1.892547
41,28,0.000000
41,29,-2.356194
41,35,-0.785398
41,67,0.000000
41,71,0.785398
42,8,0.000000
42,14,-0.785398
42,32,2.356194
42,38,2.356194
42,39,0.000000
42,46,1.249046
42,47,2.356194
42,58,-0.785398
42,59,-1.570796
42,60,-2.356194
42,64,3.141593
42,72,-1.249046
42,73,3.141593
42,83,-2.356194
43,8,-0.785398
43,24,1.249046
43,25,3.141593
43,29,0.000000
43,35,0.785398
43,41,2.356194
43,42,-0.785398
43,66,0.000000
43,68,3.141593
43,75,3.141593
44,27,1.249046
44,28,3.141593
44,38,-2.356194
44,39,-0.785398
44,40,-1.892547
44,50,0.785398
44,51,1.892547
44,70,0.000000
44,77,0.785398
44,85,-1.570796
45,8,0.785398
45,26,0.000000
45,36,-1.570796
45,43,0.000000
45,44,-1.570796
45,46,-1.570796
45,48,2.356194
45,53,2.356194
45,55,0.785398
45,56,1.892547
45,58,1.249046
45,59,2.356194
45,61,0.785398
45,62,1.892547
45,66,1.249046
45,72,0.000000
45,89,2.356194
46,8,0.000000
46,21,1.249046
46,34,1.249046
46,35,3.141593
46,64,0.785398
46,71,0.785398
46,76,0.785398
46,80,0.785398
46,85,2.819842
47,8,-0.785398
47,31,0.785398
47,32,2.356194
47,33,-0.785398
47,34,-1.892547
47,45,1.249046
47,56,-0.785398
47,73,1.892547
47,85,-2.356194
47,89,-0.785398
47,90,-2.356194
47,91,3.141593
48,16,-1.570796
48,23,-2.819842
48,36,1.249046
48,37,3.141593
48,51,-0.785398
48,58,-2.819842
48,61,0.321751
48,62,-2.819842
48,65,-1.570796
49,8,0.785398
49,14,1.249046
49,15,3.141593
49,18,0.321751
49,29,1.249046
49,34,1.249046
49,36,-1.892547
49,41,2.356194
49,54,2.356194
49,57,-0.785398
49,61,-1.570796
49,64,-0.785398
49,68,0.000000
49,69,-1.892547
49,80,-1.249046
49,81,3.141593
49,85,3.141593
49,89,2.819842
50,8,0.000000
50,13,-0.785398
50,21,-1.570796
50,33,0.000000
50,34,-1.892547
50,40,-0.785398
50,44,-1.249046
50,46,-2.356194
50,50,1.570796
50,53,-0.785398
50,57,-1.570796
50,60,1.570796
50,67,-0.785398
50,72,-1.249046
50,74,2.356194
50,82,0.000000
51,8,-0.785398
51,27,0.000000
51,31,1.249046
51,32,3.141593
51,50,-1.570796
51,59,0.321751
51,60,-2.819842
51,79,3.141593
51,87,-1.570796
51,89,-0.785398
52,29,0.785398
52,31,-1.892547
52,59,-0.785398
52,73,0.000000
52,80,0.000000
52,81,0.785398
52,85,3.141593
52,91,-2.356194
53,35,0.785398
53,36,2.356194
53,47,-1.570796
53,72,-0.785398
53,86,1.570796
54,14,0.321751
54,32,1.249046
54,33,2.356194
54,36,-2.356194
54,49,0.785398
54,51,2.356194
54,65,1.570796
54,80,3.141593
54,84,3.141593
55,23,-1.892547
55,31,-0.785398
55,32,-1.892547
55,36,2.356194
55,58,-1.570796
55,61,1.570796
55,65,-1.570796
55,85,-0.785398
55,91,2.819842
56,14,0.000000
56,36,3.141593
56,39,1.570796
56,78,0.785398
56,91,-2.356194
57,78,-0.321751
57,80,2.356194
57,84,3.141593
58,14,-0.321751
58,19,1.892547
58,30,0.000000
58,51,1.570796
58,57,1.570796
58,60,-1.570796
58,81,0.000000
58,82,0.000000
59,15,-1.249046
59,26,-2.819842
59,38,0.785398
59,41,1.570796
59,51,-1.570796
59,91,2.819842
60,28,1.570796
60,34,2.356194
60,39,3.141593
60,53,1.570796
60,57,-1.570796
60,80,-1.249046
60,81,3.141593
60,84,0.000000
60,85,2.356194
60,91,-2.356194
61,24,-1.892547
61,27,0.000000
61,34,-2.819842
61,48,1.570796
61,85,-1.570796
61,87,-0.785398
61,91,-1.570796
62,13,1.570796
62,26,1.570796
62,30,1.249046
62,46,2.356194
62,86,-0.785398
62,89,-1.570796
63,26,-2.819842
63,29,0.321751
63,38,2.356194
63,40,1.570796
63,43,1.570796
63,48,-1.570796
63,50,1.570796
63,64,1.570796
63,78,0.785398
63,84,-2.356194
63,90,0.000000
63,91,3.141593
64,23,-2.356194
64,24,-0.785398
64,29,-0.785398
64,32,-2.819842
64,40,-1.570796
64,43,-1.570796
64,56,1.570796
64,64,-1.570796
64,78,-0.321751
64,80,2.356194
64,88,0.000000
64,89,2.356194
65,8,0.321751
65,35,1.570796
65,47,1.570796
65,53,-1.570796
65,56,-1.570796
65,89,-2.356194
66,8,-0.785398
66,42,3.141593
66,45,-1.570796
66,84,1.570796
66,86,0.785398
67,25,1.570796
67,28,0.321751
67,38,-1.570796
67,40,-0.785398
67,47,-1.570796
67,79,0.785398
67,90,1.570796
68,25,-2.819842
68,28,-1.570796
68,31,3.141593
68,35,-1.570796
68,50,-1.570796
68,79,-0.321751
68,81,2.356194
68,83,0.000000
68,85,-2.356194
68,87,-0.321751
68,88,2.819842
68,90,-0.321751
68,91,2.819842
69,15,0.321751
69,27,1.570796
69,84,0.000000
69,91,-2.356194
70,30,0.000000
70,32,2.819842
70,46,2.356194
70,47,3.141593
70,49,1.570796
70,56,-0.785398
70,59,-2.356194
70,80,0.785398
70,84,0.000000
71,15,-0.321751
71,23,-2.819842
71,25,0.321751
71,32,-2.356194
71,45,-0.785398
71,80,0.000000
71,82,0.785398
71,85,-2.356194
72,19,0.785398
72,25,-0.785398
72,32,2.356194
72,50,-2.356194
72,53,1.570796
72,70,0.000000
72,71,3.141593
72,80,-0.785398
72,83,-1.249046
72,84,-2.356194
72,87,-0.321751
72,91,2.819842
73,19,0.000000
73,28,-1.570796
73,30,0.000000
73,32,-2.819842
73,43,1.570796
73,45,-1.570796
73,66,0.000000
73,67,3.141593
73,91,-2.356194
74,23,-2.356194
74,43,-1.570796
74,56,1.570796
74,63,0.785398
74,79,0.321751
74,81,-2.356194
74,88,-0.321751
74,89,2.819842
74,91,-1.570796
75,19,0.000000
75,21,-1.892547
75,32,2.819842
75,49,1.570796
75,53,-1.570796
75,64,-2.356194
75,79,-0.785398
75,83,1.570796
75,89,-2.356194
76,26,0.321751
76,49,-1.570796
76,56,-1.570796
76,61,0.785398
76,67,0.785398
76,79,0.785398
76,84,2.819842
77,20,2.819842
77,26,-1.570796
77,42,1.570796
77,44,1.570796
77,62,-2.356194
77,68,-2.356194
77,79,0.000000
77,81,0.785398
77,82,2.356194
77,84,-1.570796
78,34,2.819842
78,44,0.000000
78,58,0.000000
78,79,-0.785398
78,82,-1.570796
78,85,1.570796
78,88,0.785398
79,11,1.249046
79,12,3.141593
79,15,-1.249046
79,28,2.356194
79,34,-2.356194
79,43,0.000000
79,48,1.570796
79,60,-2.356194
79,85,-0.321751
79,86,2.819842
79,88,-0.321751
79,89,2.819842
80,8,0.785398
80,22,1.249046
80,34,2.356194
80,48,-1.570796
80,62,2.356194
80,76,1.892547
80,81,1.892547
80,83,0.000000
80,86,-1.570796
80,89,-2.356194
81,8,-0.321751
81,34,3.141593
81,54,2.356194
81,60,0.785398
81,61,2.356194
81,64,0.000000
81,65,3.141593
81,87,1.570796
82,19,-2.819842
82,21,-0.785398
82,32,0.785398
82,53,1.570796
82,57,0.785398
82,79,1.570796
83,9,0.785398
83,21,2.356194
83,23,-0.785398
83,26,0.000000
83,29,1.570796
83,32,0.000000
83,36,1.892547
83,42,1.570796
83,51,0.000000
83,53,3.141593
83,58,3.141593
83,79,-0.321751
83,83,2.819842
83,86,0.000000
83,88,-1.570796
84,9,0.000000
84,16,-0.785398
84,20,0.321751
84,23,2.356194
84,26,-0.785398
84,29,-2.819842
84,32,-1.570796
84,40,0.785398
84,53,-2.356194
84,74,-1.570796
85,9,-0.785398
85,23,3.141593
85,28,-0.785398
85,36,-0.785398
85,41,0.000000
85,51,0.000000
85,56,0.785398
85,61,-1.570796
85,64,2.356194
85,84,2.819842
85,87,1.570796
85,90,1.570796
86,20,-2.819842
86,23,-2.356194
86,39,1.570796
86,41,2.356194
86,58,3.141593
86,64,3.141593
86,73,2.356194
86,81,-0.321751
86,84,-1.570796
86,87,-0.321751
86,88,2.819842
86,90,-0.321751
86,91,2.819842
87,31,2.356194
87,34,-1.570796
87,39,-0.785398
87,47,2.356194
87,64,-2.356194
87,71,2.356194
87,73,3.141593
87,85,1.570796
87,91,-2.356194
88,16,1.892547
88,19,-2.819842
88,21,1.570796
88,23,-1.570796
88,30,0.321751
88,31,-2.819842
88,36,-1.570796
88,46,3.141593
88,73,-1.570796
88,79,-1.570796
88,82,-0.321751
88,83,2.819842
88,85,-0.321751
88,86,2.819842
88,88,-0.321751
89,18,-1.892547
89,21,-1.570796
89,28,-1.570796
89,30,-0.785398
89,33,1.570796
89,62,0.785398
89,65,-2.356194
89,67,0.785398
89,68,1.570796
89,70,-2.356194
89,83,-1.570796
89,86,-2.356194
90,23,1.570796
90,30,-1.570796
90,33,-1.570796
90,36,1.570796
90,38,0.785398
90,43,-1.892547
90,45,-1.570796
90,55,0.785398
90,74,-1.570796
90,79,2.356194
91,11,1.892547
91,25,-1.570796
91,27,1.570796
91,36,0.785398
91,40,-0.785398
91,41,-1.892547
91,47,0.785398
91,48,1.570796
91,49,2.356194
91,50,0.785398
91,51,1.570796
91,52,2.356194
91,60,-0.785398
91,64,2.819842
91,78,-0.785398
91,81,0.000000
91,82,1.570796
91,84,-1.570796
91,86,-1.570796
91,87,-2.356194
91,88,0.785398
91,90,-2.819842
92,5,1.570796
92,6,2.356194
92,7,-0.785398
92,8,-1.892547
92,38,-1.892547
92,57,-2.356194
92,58,0.000000
92,64,-1.570796
93,25,2.356194
93,35,-0.785398
93,36,-1.892547
93,76,1.570796
93,82,-1.570796
94,9,0.321751
94,15,-1.249046
94,16,3.141593
94,24,-0.785398
94,29,1.570796
94,30,2.356194
94,48,-1.570796
94,59,-1.570796
94,63,-2.356194
94,84,1.570796
94,90,1.570796
95,12,-2.819842
95,22,2.356194
95,26,-0.785398
95,40,1.570796
95,45,1.570796
95,70,0.000000
95,84,0.000000
95,91,2.819842
96,11,-1.892547
96,21,-0.785398
96,22,-2.356194
96,31,1.570796
96,33,1.570796
96,45,-1.570796
96,48,1.570796
96,54,1.570796
96,59,1.570796
96,62,1.570796
96,71,-2.356194
96,89,0.785398
96,91,-2.356194
97,23,0.000000
97,31,-1.570796
97,57,1.570796
97,62,-1.570796
97,71,-1.570796
97,90,-2.356194
98,23,-1.570796
98,26,-1.570796
98,28,-0.785398
98,33,-1.570796
98,40,-1.570796
98,48,-1.570796
98,51,-1.570796
98,54,-1.570796
98,57,-1.570796
98,60,-2.356194
98,65,0.000000
98,75,-1.570796
98,78,-1.570796
98,81,-1.570796
98,84,-2.356194
98,86,-1.570796
