10,29,1.249046
10,30,3.141593
10,48,0.785398
10,49,2.356194
11,58,1.249046
11,59,3.141593
12,46,1.249046
12,48,3.141593
12,55,0.321751
13,23,1.249046
13,24,2.356194
13,26,-0.785398
13,48,-2.356194
14,54,0.321751
15,23,-1.570796
15,58,-1.249046
15,74,0.785398
15,75,2.356194
16,42,0.321751
16,47,0.321751
16,49,2.819842
16,53,0.321751
16,56,3.141593
16,74,-0.785398
17,42,-1.570796
18,35,1.249046
18,46,0.321751
18,50,2.819842
18,54,-2.356194
18,55,-0.785398
18,64,1.249046
18,66,1.892547
18,70,1.249046
18,72,1.892547
18,74,2.356194
19,33,0.000000
19,41,2.356194
20,40,-0.785398
20,41,-2.356194
20,49,-0.785398
20,50,-1.570796
20,51,-2.356194
20,62,-0.785398
21,29,1.570796
21,54,1.570796
21,76,2.819842
22,29,0.000000
22,46,-2.356194
22,54,0.000000
22,59,0.785398
22,60,1.570796
23,49,3.141593
23,54,-0.785398
23,65,3.141593
23,78,1.249046
24,29,-0.321751
24,44,2.356194
24,45,-0.785398
24,67,0.785398
24,71,-1.249046
24,72,-2.356194
24,73,-0.785398
25,62,-1.249046
25,63,-2.356194
26,43,0.000000
26,46,-0.785398
26,50,0.000000
26,52,-0.785398
26,54,2.819842
26,57,0.000000
26,58,3.141593
26,66,0.785398
26,71,1.892547
26,74,0.000000
27,27,-0.785398
27,39,-2.356194
27,43,-0.785398
27,82,1.892547
28,39,0.785398
28,46,0.785398
28,54,0.000000
28,56,3.141593
28,64,0.000000
28,65,3.141593
28,68,-1.249046
28,73,-1.249046
28,83,2.819842
29,13,0.785398
29,39,-0.785398
29,40,-2.356194
29,54,-0.785398
29,59,0.321751
29,83,-2.356194
30,13,0.000000
30,25,0.785398
30,26,1.570796
30,27,3.141593
30,32,0.000000
30,33,-1.892547
30,36,0.000000
30,54,-1.570796
30,59,-0.785398
30,65,2.356194
30,67,0.785398
30,68,1.892547
30,73,1.570796
31,13,-0.785398
31,31,3.141593
31,46,-0.785398
31,68,-1.249046
31,69,-2.356194
31,75,0.000000
31,76,0.000000
32,29,0.000000
32,33,2.356194
32,37,0.000000
32,39,3.141593
32,54,1.570796
32,62,-2.356194
32,66,3.141593
32,80,-1.249046
32,85,1.892547
33,13,0.785398
33,24,1.249046
33,28,-0.785398
33,31,0.000000
33,73,0.785398
33,75,0.000000
33,76,0.000000
33,78,2.356194
33,88,2.356194
34,13,0.000000
34,42,3.141593
34,70,0.785398
34,77,-0.785398
34,79,0.000000
34,82,-0.785398
34,88,-2.819842
35,13,-0.785398
35,24,-1.249046
35,25,-2.356194
35,28,1.249046
35,32,2.356194
35,36,0.000000
35,54,-1.570796
35,62,0.785398
36,44,0.785398
36,45,1.570796
36,46,2.356194
36,63,-2.356194
36,64,3.141593
36,68,0.000000
36,72,0.000000
36,77,0.000000
36,85,-1.249046
36,88,2.819842
37,23,2.356194
37,37,0.000000
37,38,3.141593
37,41,3.141593
37,47,2.356194
37,70,0.000000
37,74,-2.356194
38,29,-1.892547
38,31,-1.249046
38,32,3.141593
38,40,-0.785398
38,53,1.570796
38,67,0.000000
38,71,-1.249046
38,72,3.141593
38,77,0.785398
38,83,0.000000
38,88,3.141593
39,22,-0.321751
39,40,-1.570796
39,42,0.000000
39,65,0.785398
39,69,-2.356194
39,73,-2.356194
39,77,-0.321751
39,85,0.000000
40,28,2.356194
40,45,-2.356194
40,66,2.356194
40,78,-2.356194
40,86,-1.249046
40,89,2.819842
41,12,0.321751
41,15,2.356194
41,28,-2.819842
41,33,-0.785398
41,35,2.819842
41,54,-1.570796
41,66,-2.819842
41,78,-1.570796
41,83,0.000000
42,12,-1.570796
42,35,-2.356194
42,61,0.000000
42,64,-0.785398
42,65,-1.892547
42,89,3.141593
43,22,0.321751
43,30,0.785398
43,86,0.000000
44,31,-2.356194
44,76,0.785398
44,83,0.000000
45,22,-0.321751
45,27,3.141593
45,35,2.356194
45,42,0.000000
45,44,0.785398
45,45,2.356194
45,55,2.356194
45,72,2.356194
45,78,0.785398
45,79,2.356194
46,25,3.141593
46,27,-2.356194
46,33,0.785398
46,35,-2.819842
46,45,-1.570796
46,71,3.141593
46,79,-1.570796
46,82,-2.356194
47,27,2.356194
47,52,0.000000
47,53,-0.785398
47,54,-1.570796
47,55,-2.356194
47,56,0.785398
47,70,-0.785398
47,90,2.356194
48,25,0.785398
48,27,-2.356194
48,46,0.785398
48,57,-1.570796
48,81,-2.356194
48,85,0.785398
48,90,3.141593
49,21,0.000000
49,22,1.570796
49,23,2.356194
49,25,-1.570796
49,28,0.000000
49,29,3.141593
49,46,0.000000
49,70,2.356194
49,75,0.785398
49,85,-0.321751
49,90,-2.356194
50,24,-2.356194
50,40,0.000000
50,46,-0.785398
50,58,-1.570796
50,67,0.000000
50,70,3.141593
50,87,2.819842
51,23,-2.356194
51,28,2.819842
51,42,0.000000
51,44,-2.356194
51,47,-0.785398
51,49,2.819842
51,70,-1.570796
51,87,-1.570796
51,90,2.356194
52,33,0.000000
52,42,-1.570796
52,49,-1.570796
52,72,3.141593
52,75,0.785398
52,90,3.141593
53,30,1.249046
53,31,3.141593
53,79,-2.356194
53,83,1.570796
53,90,-2.356194
54,26,-1.570796
54,30,-1.892547
54,34,-1.570796
54,45,0.785398
54,51,0.000000
54,74,0.785398
54,87,0.785398
54,90,2.356194
55,23,0.785398
55,46,-2.356194
55,50,-0.785398
55,75,-2.356194
55,84,-2.356194
55,90,3.141593
56,23,0.000000
56,28,-2.819842
56,34,2.356194
56,54,-1.570796
56,79,-2.356194
56,90,-2.356194
57,30,2.356194
57,60,1.570796
57,66,0.785398
57,67,1.892547
58,28,0.785398
58,29,3.141593
58,40,3.141593
58,65,0.785398
58,81,0.785398
59,28,-1.570796
59,67,-1.892547
60,32,0.785398
60,38,-1.570796
60,73,0.000000
60,77,1.570796
60,82,-1.570796
60,85,0.785398
60,89,1.570796
61,11,0.785398
61,26,-2.356194
61,33,2.356194
61,45,1.570796
61,50,0.785398
61,54,0.785398
61,59,-1.570796
61,72,-0.785398
61,74,-2.356194
61,77,0.000000
61,89,3.141593
62,11,-0.321751
62,13,2.356194
62,33,-2.819842
62,51,-2.356194
62,76,-0.785398
62,87,-0.785398
63,25,-2.356194
63,29,1.570796
63,32,-0.785398
63,45,0.785398
63,63,0.000000
63,64,3.141593
63,73,2.356194
63,89,3.141593
64,24,-2.356194
64,29,-1.570796
64,32,-1.570796
64,45,-0.321751
64,60,2.356194
64,77,0.785398
64,86,1.570796
64,89,-2.356194
65,73,-2.356194
65,80,-1.570796
65,89,2.356194
66,29,2.356194
66,36,0.785398
66,37,2.356194
66,40,3.141593
66,46,-1.570796
66,50,2.356194
66,57,-0.785398
66,59,-1.570796
66,63,-2.356194
66,71,1.570796
66,78,-1.570796
66,87,0.785398
66,89,3.141593
67,26,0.785398
67,33,0.785398
67,36,-1.570796
67,49,0.000000
67,71,-1.570796
67,75,1.570796
67,87,-1.570796
67,89,-2.356194
68,27,0.000000
68,32,0.785398
68,35,3.141593
68,48,-0.785398
68,55,0.000000
68,61,-2.356194
68,66,0.785398
68,75,-1.570796
69,27,-1.570796
69,37,2.356194
69,41,0.000000
69,42,3.141593
69,45,0.000000
69,46,3.141593
69,63,0.785398
69,83,1.570796
69,86,0.785398
69,89,2.356194
70,24,1.570796
70,55,3.141593
70,59,0.000000
70,61,3.141593
70,68,0.000000
70,76,0.785398
70,87,-2.356194
70,89,3.141593
71,24,0.000000
71,26,2.356194
71,28,1.570796
71,32,-1.570796
71,39,3.141593
71,48,0.000000
71,65,-2.356194
71,69,-2.356194
71,84,-2.356194
71,89,-2.356194
72,23,3.141593
72,25,0.000000
72,28,2.356194
72,31,3.141593
72,37,0.785398
72,41,1.570796
72,59,1.570796
72,69,-1.570796
73,25,0.000000
73,30,-1.570796
73,35,0.785398
73,36,3.141593
73,38,0.785398
73,39,2.356194
73,41,3.141593
73,45,3.141593
73,64,1.570796
73,67,0.785398
73,75,0.000000
74,20,1.249046
74,22,-1.570796
74,23,-2.356194
74,35,-1.570796
74,38,-0.785398
74,41,-2.356194
74,49,3.141593
74,53,0.000000
74,60,-2.356194
74,68,-2.356194
75,19,0.321751
75,26,-0.785398
75,29,-2.819842
75,34,-0.785398
75,38,-1.570796
75,46,-0.785398
76,12,0.785398
76,44,-1.570796
76,64,-0.785398
76,66,-1.570796
77,12,0.000000
77,18,-0.785398
77,19,-1.570796
77,21,1.570796
77,22,2.356194
77,30,-0.785398
77,33,2.356194
77,46,1.249046
77,47,2.356194
77,59,-2.356194
78,12,-0.785398
78,32,1.570796
78,35,2.356194
78,41,1.570796
78,45,0.000000
78,46,-1.892547
78,66,0.321751
78,68,-2.356194
78,74,0.785398
78,75,1.892547
79,31,0.321751
79,32,-2.819842
79,41,0.000000
79,44,-0.785398
79,56,0.000000
79,57,1.892547
79,60,1.570796
79,66,-0.785398
79,75,-1.249046
79,76,-2.356194
79,77,0.785398
79,78,1.892547
80,28,1.570796
80,31,-0.785398
80,36,1.570796
80,39,0.785398
80,40,3.141593
80,42,-2.356194
80,49,0.785398
80,54,1.570796
80,58,2.819842
80,60,-1.570796
80,63,0.785398
80,78,-1.249046
80,79,-2.356194
81,25,0.000000
81,44,0.000000
81,58,-2.356194
81,85,2.356194
82,25,2.356194
82,29,0.785398
82,30,3.141593
82,33,0.000000
82,35,1.570796
82,38,0.321751
82,48,0.000000
82,77,1.570796
82,79,0.000000
82,80,3.141593
82,85,3.141593
82,88,2.356194
83,24,0.321751
83,29,-0.785398
83,35,-2.819842
83,38,-1.570796
83,40,0.000000
83,48,-0.785398
83,55,0.785398
83,61,0.785398
83,67,-1.570796
83,73,1.570796
83,75,1.570796
83,77,-1.570796
83,82,0.785398
83,88,-2.819842
84,27,2.356194
84,31,1.570796
84,41,-2.356194
84,48,-1.570796
84,55,-0.321751
84,56,2.819842
84,75,0.785398
85,34,-2.819842
85,39,1.249046
85,40,3.141593
85,45,2.356194
85,56,-1.570796
85,60,-0.785398
85,61,-2.356194
85,68,1.570796
85,71,1.570796
85,73,-1.570796
85,75,-0.321751
85,76,2.819842
86,31,-1.249046
86,33,-1.892547
86,36,0.000000
86,44,-0.785398
86,57,-2.356194
86,76,-2.356194
87,25,0.000000
87,35,1.570796
87,66,2.356194
87,68,-1.570796
87,82,-0.785398
88,23,1.249046
88,24,3.141593
88,32,2.356194
88,34,0.321751
88,37,-1.570796
88,40,0.000000
88,47,3.141593
88,52,1.570796
88,60,-2.356194
88,62,0.321751
89,29,-1.892547
89,31,0.000000
89,34,-1.570796
89,36,0.000000
89,41,-2.356194
89,55,0.785398
89,62,-0.785398
89,74,0.785398
89,77,0.785398
90,36,2.356194
90,38,-0.785398
90,49,3.141593
90,53,-0.785398
90,56,-2.356194
90,62,0.785398
90,64,2.356194
90,77,-0.321751
90,78,2.819842
91,22,-1.570796
91,31,2.356194
91,35,0.321751
91,47,-0.785398
91,62,-0.321751
91,64,-2.819842
91,67,1.570796
91,78,-2.356194
92,24,0.785398
92,25,1.570796
92,26,2.356194
92,30,-0.785398
92,31,-2.356194
92,33,2.356194
92,35,-0.785398
92,45,1.570796
92,50,1.570796
92,70,1.570796
92,72,-1.570796
92,78,0.785398
93,37,2.356194
93,39,1.570796
93,42,-1.570796
93,52,1.570796
93,63,0.000000
93,67,0.785398
93,76,-2.356194
93,79,-2.356194
93,82,0.785398
93,83,1.892547
94,32,-0.785398
94,44,-0.785398
94,56,0.785398
94,59,1.570796
94,67,-0.321751
94,69,3.141593
95,38,0.000000
95,48,1.570796
95,59,2.356194
95,73,0.785398
96,30,0.785398
96,34,-2.819842
96,36,0.785398
96,38,2.356194
96,41,1.249046
96,48,-1.570796
96,59,-2.819842
96,74,1.570796
96,81,0.000000
96,82,-1.892547
97,36,-0.785398
97,43,-2.356194
97,45,1.570796
97,52,0.785398
98,33,-1.570796
98,34,-2.356194
98,38,-1.249046
98,40,-1.892547
98,45,-1.570796
98,50,-1.570796
98,54,-1.570796
98,56,-1.570796
98,68,-1.570796
98,72,0.000000
98,73,-0.785398
98,74,-1.892547
