13,57,1.249046
13,58,2.356194
14,39,0.785398
14,40,1.570796
14,41,2.356194
14,42,0.785398
14,43,1.570796
14,44,2.356194
14,47,0.785398
14,48,1.570796
14,49,2.356194
15,20,1.249046
15,21,3.141593
15,57,-2.356194
15,76,2.356194
16,15,1.249046
16,16,2.356194
16,18,0.785398
17,72,1.249046
18,74,-2.356194
20,24,0.785398
20,25,2.356194
21,10,0.321751
21,24,-0.785398
22,10,-1.570796
23,84,2.356194
24,9,0.785398
24,65,0.321751
25,9,-0.785398
25,10,3.141593
25,65,-0.785398
26,48,2.356194
26,59,1.570796
26,65,2.356194
26,74,2.356194
27,40,0.785398
27,48,-2.819842
27,60,-2.356194
27,61,0.785398
27,62,1.570796
27,63,2.356194
27,65,3.141593
27,72,1.249046
27,74,3.141593
27,86,2.356194
28,23,0.321751
28,25,2.819842
28,46,-0.785398
28,47,-1.892547
28,65,-2.356194
28,74,-2.356194
29,38,1.249046
29,40,-1.892547
29,78,0.321751
30,23,-0.321751
30,25,-2.819842
30,37,-0.785398
30,38,-1.892547
30,44,-2.356194
30,45,0.785398
30,46,1.892547
30,50,1.570796
30,67,0.785398
30,74,0.785398
31,19,2.356194
31,48,1.570796
31,59,0.785398
31,74,-0.785398
31,76,1.570796
31,78,3.141593
32,8,0.785398
32,17,0.000000
32,19,-2.819842
32,23,0.000000
32,43,1.249046
32,44,2.356194
32,45,-0.785398
32,46,-1.892547
32,54,0.000000
32,57,3.141593
32,61,3.141593
32,67,-0.785398
32,71,-1.249046
32,72,-2.356194
32,81,0.321751
33,8,-0.785398
33,9,3.141593
33,21,1.249046
33,22,3.141593
33,40,1.249046
33,41,2.356194
33,48,2.356194
33,69,0.785398
33,76,-1.570796
33,79,3.141593
34,39,-0.785398
34,40,-1.892547
34,43,-1.249046
34,44,-2.356194
34,48,3.141593
34,55,2.356194
34,57,3.141593
34,80,-0.785398
35,12,0.785398
35,13,1.570796
35,23,2.356194
35,33,3.141593
35,36,0.000000
35,54,-0.785398
35,63,0.000000
35,65,0.785398
35,66,1.570796
35,67,2.356194
35,72,-2.356194
36,18,-0.785398
36,19,-1.892547
36,40,0.000000
36,41,3.141593
36,48,-2.819842
36,55,-2.356194
36,78,1.570796
37,14,-2.356194
37,26,3.141593
37,31,-1.570796
37,45,0.000000
37,46,-0.785398
37,47,-1.892547
37,59,0.000000
37,60,3.141593
37,70,-2.356194
37,75,0.000000
37,76,3.141593
38,16,0.000000
38,24,1.570796
38,37,0.000000
38,39,3.141593
38,78,-1.570796
38,83,2.356194
39,24,-2.819842
39,28,2.356194
39,55,2.356194
39,74,0.000000
39,75,0.785398
39,76,1.892547
40,19,-2.356194
40,27,-0.785398
40,35,0.000000
40,36,3.141593
40,48,2.356194
40,59,0.000000
40,61,0.785398
40,62,1.892547
40,67,-0.785398
40,68,-1.570796
40,69,-2.356194
40,71,0.785398
40,72,1.892547
40,76,-1.249046
40,77,3.141593
41,23,-2.356194
41,44,2.356194
41,47,-0.785398
41,52,0.000000
41,53,-0.785398
41,54,-1.570796
41,55,-2.356194
41,58,0.000000
41,65,0.000000
41,79,3.141593
42,14,1.249046
42,15,3.141593
42,30,1.570796
42,42,0.000000
42,61,-0.785398
42,62,-1.892547
42,67,3.141593
42,73,-1.249046
43,7,0.785398
43,18,0.785398
43,21,1.249046
43,23,-1.570796
43,24,-2.356194
43,35,0.785398
43,75,-1.570796
43,83,-1.570796
44,7,0.000000
44,12,-0.785398
44,18,-0.785398
44,19,-2.356194
44,20,-0.785398
44,21,-1.892547
44,27,-2.356194
44,81,1.570796
45,7,-0.785398
45,14,0.785398
45,16,1.570796
45,17,3.141593
45,39,1.570796
46,14,-0.785398
46,24,2.356194
46,32,1.570796
46,34,2.356194
46,47,0.785398
46,48,1.892547
46,64,1.570796
46,72,0.785398
46,79,0.000000
47,15,-0.785398
47,22,1.249046
47,23,3.141593
47,33,-2.356194
47,36,0.000000
47,38,-0.785398
47,39,-1.892547
47,48,-1.249046
47,49,-2.356194
47,50,0.785398
47,51,1.892547
47,76,3.141593
48,51,-1.249046
48,52,-2.356194
48,58,0.785398
48,59,1.892547
49,16,1.570796
49,24,2.356194
49,25,3.141593
49,29,0.000000
49,30,3.141593
49,36,0.785398
49,43,3.141593
49,59,-1.249046
49,60,-2.356194
49,62,0.000000
49,82,-1.249046
50,19,-0.785398
50,32,0.000000
50,33,3.141593
50,64,3.141593
50,84,-0.785398
50,89,0.785398
50,91,2.356194
51,13,1.249046
51,14,2.356194
51,49,3.141593
51,85,-2.356194
51,91,3.141593
52,21,-1.570796
52,25,-2.356194
52,33,0.785398
52,44,0.000000
52,91,-2.356194
53,20,0.785398
53,23,-1.570796
53,27,0.000000
53,34,-2.356194
53,62,0.000000
53,63,3.141593
53,83,0.000000
53,91,2.356194
54,18,1.249046
54,19,3.141593
54,30,2.356194
54,58,0.000000
54,60,3.141593
54,91,-2.819842
55,17,0.321751
55,27,0.785398
55,31,2.356194
55,64,0.000000
55,66,3.141593
56,31,-2.819842
56,78,0.000000
56,79,3.141593
56,90,-2.356194
57,8,-0.785398
57,16,0.321751
57,27,-2.819842
57,30,-1.570796
57,33,0.000000
57,35,3.141593
57,37,0.000000
57,39,3.141593
57,67,2.356194
58,8,0.785398
58,18,2.356194
58,22,0.000000
58,23,-1.892547
58,29,1.570796
58,65,0.000000
58,73,3.141593
58,78,0.000000
58,79,0.785398
58,80,1.892547
59,8,-0.321751
59,10,2.356194
59,15,-0.785398
59,21,-0.785398
59,25,-0.785398
59,28,0.321751
59,29,-2.819842
59,60,0.000000
59,62,3.141593
59,84,3.141593
59,87,0.785398
60,37,2.356194
60,57,3.141593
60,68,-0.785398
60,90,2.356194
61,17,-0.785398
61,23,0.785398
61,32,3.141593
61,47,0.000000
61,76,3.141593
62,18,0.000000
62,24,-2.356194
62,38,0.785398
62,68,0.000000
62,81,1.570796
62,83,-2.356194
63,9,0.785398
63,45,0.000000
63,50,0.000000
63,56,3.141593
63,64,0.000000
63,65,0.785398
63,80,0.321751
63,88,0.785398
64,9,0.000000
64,35,-2.356194
64,39,0.785398
64,48,2.356194
64,60,0.000000
64,62,3.141593
64,69,0.785398
64,80,-0.785398
65,9,-0.785398
65,40,3.141593
65,46,0.000000
65,47,-0.785398
65,67,3.141593
65,73,0.785398
65,76,0.785398
65,87,0.785398
66,54,0.000000
66,55,3.141593
66,68,-2.356194
66,87,-0.321751
67,33,2.356194
67,42,-2.356194
67,75,-2.356194
67,78,-2.356194
67,81,-1.570796
67,85,1.570796
67,88,-1.570796
67,91,2.356194
68,20,0.785398
68,24,3.141593
68,30,2.356194
68,32,-0.785398
68,50,0.000000
68,52,3.141593
68,85,-0.321751
68,86,2.819842
68,89,0.000000
68,91,-2.819842
69,21,0.785398
69,22,3.141593
69,27,2.356194
69,29,-0.785398
69,47,0.785398
69,65,0.785398
69,74,-2.356194
69,86,-1.570796
70,21,-0.785398
70,25,1.249046
70,26,3.141593
70,48,2.356194
70,51,0.000000
70,54,3.141593
70,90,2.356194
71,21,0.785398
71,47,0.000000
71,57,0.000000
71,59,3.141593
71,70,0.785398
71,82,1.570796
71,90,3.141593
72,21,-0.321751
72,23,3.141593
72,25,-2.356194
72,42,2.356194
72,45,0.000000
72,68,-2.356194
72,71,-2.356194
72,73,0.785398
72,76,0.785398
72,82,-1.570796
72,90,-2.356194
73,41,-0.785398
73,54,3.141593
74,49,0.785398
74,50,2.356194
74,74,-1.570796
74,77,-1.570796
75,19,2.356194
75,21,1.570796
75,49,-1.570796
75,67,1.570796
75,81,0.000000
75,82,3.141593
75,84,0.785398
76,31,1.570796
76,45,-0.785398
76,48,-0.785398
76,52,1.570796
76,55,0.000000
76,56,0.785398
76,57,1.892547
76,67,-1.570796
76,79,0.785398
77,16,1.249046
77,18,-1.570796
77,26,-2.356194
77,57,-1.249046
77,58,3.141593
78,30,-0.785398
78,36,2.356194
78,60,3.141593
78,70,1.570796
78,75,0.785398
78,89,2.356194
79,24,2.356194
79,35,-0.785398
79,39,3.141593
79,42,2.356194
79,51,0.321751
79,53,-2.356194
79,56,3.141593
79,79,0.000000
79,89,3.141593
80,13,0.321751
80,26,1.570796
80,37,-0.785398
80,51,-0.785398
80,63,0.000000
80,64,3.141593
80,74,0.785398
80,79,-1.570796
80,89,-2.356194
81,41,-1.570796
81,51,-1.570796
81,71,-1.570796
81,75,-2.356194
81,83,1.570796
81,89,2.356194
82,10,0.000000
82,11,1.570796
82,13,-1.570796
82,14,-2.356194
82,21,0.785398
82,24,2.819842
82,26,0.785398
82,31,2.356194
82,36,1.570796
82,78,0.785398
82,83,0.785398
82,89,3.141593
83,27,2.819842
83,56,0.000000
83,71,1.570796
83,83,-0.321751
83,89,-2.356194
84,22,-0.321751
84,40,1.570796
84,48,1.570796
84,59,-2.356194
84,84,-1.570796
85,35,-1.570796
85,51,2.356194
85,70,-0.785398
86,11,0.785398
86,40,-1.570796
86,50,-0.785398
86,53,1.570796
86,76,1.570796
86,80,-1.570796
86,86,2.356194
87,11,0.000000
87,47,-0.785398
87,74,1.570796
87,76,-1.570796
87,88,1.570796
88,11,-0.785398
88,23,-2.356194
88,26,-0.785398
88,36,1.570796
88,41,1.570796
88,49,1.570796
88,53,-1.570796
88,63,1.570796
89,41,0.785398
89,44,2.356194
89,63,-1.570796
89,69,1.570796
89,75,-2.356194
89,82,1.249046
90,26,0.785398
90,28,2.356194
90,31,-0.785398
90,33,-2.356194
90,41,-0.785398
90,42,-2.356194
90,52,0.000000
90,54,3.141593
90,69,-1.570796
90,86,-1.570796
91,23,0.785398
91,40,-0.785398
91,84,-2.819842
92,30,1.570796
92,35,-1.570796
92,45,2.356194
92,57,1.570796
92,61,1.570796
92,74,0.785398
93,22,0.000000
93,23,-1.892547
93,26,-1.570796
93,30,-1.570796
93,32,1.570796
93,44,-0.785398
93,82,-0.785398
94,27,0.000000
94,34,1.570796
94,42,1.570796
94,55,1.570796
94,62,1.570796
94,66,1.570796
94,86,1.570796
95,28,-2.356194
95,32,2.356194
95,39,1.570796
95,49,-1.570796
95,58,-1.570796
95,62,-0.321751
95,63,2.819842
95,66,0.785398
95,75,-1.570796
95,79,0.785398
95,86,-2.819842
96,34,2.356194
96,42,-1.570796
96,55,-1.570796
96,63,-1.570796
96,66,-0.321751
96,67,2.819842
96,69,0.785398
96,73,0.785398
96,80,1.570796
97,34,-2.819842
97,36,1.570796
97,39,-1.570796
97,64,-2.356194
97,67,-2.356194
97,70,-2.356194
97,81,-2.356194
97,83,-0.785398
97,84,-1.892547
98,31,-1.249046
98,33,-1.892547
98,36,-1.570796
98,67,-1.570796
98,74,-1.570796
