5,45,1.249046
5,46,2.356194
5,57,0.785398
5,58,1.570796
5,59,2.356194
5,62,0.785398
5,63,1.892547
6,65,0.785398
6,66,1.570796
6,67,2.356194
6,68,0.785398
6,69,1.892547
7,35,0.785398
7,36,1.570796
7,37,2.356194
7,63,-0.785398
8,26,1.249046
8,27,3.141593
8,69,-0.785398
8,77,1.570796
9,46,2.356194
9,81,0.785398
9,82,1.892547
10,43,0.321751
11,56,0.785398
11,63,0.785398
12,42,0.321751
12,57,-1.249046
12,58,-2.356194
13,36,2.356194
13,42,-0.785398
13,60,1.570796
13,65,-1.249046
13,66,-2.356194
13,67,0.785398
13,85,2.356194
14,36,-2.819842
14,68,-1.249046
14,69,-2.356194
14,72,-0.785398
14,73,-1.892547
15,27,1.249046
15,44,2.356194
15,62,-1.570796
15,77,0.321751
16,14,1.249046
16,15,3.141593
16,33,0.321751
16,41,0.785398
16,60,-2.356194
16,77,-0.785398
17,20,-0.785398
17,60,2.356194
17,67,0.785398
17,68,1.892547
18,12,0.321751
18,21,1.570796
18,30,-2.356194
18,32,-0.785398
18,33,-1.570796
18,34,-2.356194
18,43,0.785398
18,44,2.356194
18,58,0.785398
18,68,-1.249046
18,69,-2.356194
18,80,0.321751
19,12,-1.570796
19,28,-0.785398
19,62,1.570796
19,63,2.356194
19,64,3.141593
19,72,0.785398
19,73,1.892547
19,80,-0.785398
19,87,2.356194
20,42,0.000000
20,73,-1.249046
21,58,-0.785398
21,59,-1.570796
21,75,-1.249046
21,76,-2.356194
21,78,0.785398
22,23,-1.892547
22,45,0.000000
22,61,-1.249046
22,62,-2.356194
22,68,0.000000
22,79,-1.249046
22,80,-2.356194
22,84,-0.785398
22,85,-1.892547
23,26,1.570796
23,65,-2.356194
24,26,-0.321751
24,42,2.356194
24,48,1.249046
24,49,2.356194
24,54,0.785398
24,75,0.785398
24,76,1.892547
24,89,2.819842
25,11,3.141593
25,41,1.570796
25,47,-0.785398
25,48,-1.892547
25,55,-2.356194
25,60,0.000000
25,62,3.141593
25,67,2.356194
25,69,3.141593
25,76,-1.249046
25,78,1.892547
25,86,0.321751
25,89,-2.356194
26,37,1.249046
26,38,2.356194
26,39,0.785398
26,44,1.249046
26,45,3.141593
26,66,-0.785398
26,78,-1.249046
26,80,1.892547
26,89,2.356194
27,31,1.892547
27,36,-0.785398
27,50,1.249046
27,51,2.356194
27,54,-0.785398
27,55,-1.570796
27,56,-2.356194
27,73,0.000000
27,80,-1.249046
27,81,3.141593
27,89,3.141593
28,6,0.321751
28,25,-0.321751
28,40,-1.892547
28,47,1.249046
28,48,2.356194
28,49,-0.785398
28,50,-1.892547
28,63,3.141593
29,6,-0.785398
29,30,-0.785398
29,31,-1.892547
29,45,2.356194
29,46,-0.785398
29,47,-1.892547
29,65,0.000000
29,66,0.000000
29,87,-1.249046
29,89,3.141593
30,35,1.249046
30,37,-1.892547
30,43,-0.785398
30,44,-1.892547
30,67,-2.356194
30,73,0.785398
30,79,0.000000
30,80,1.892547
30,85,0.785398
31,16,2.819842
31,25,2.356194
31,33,1.249046
31,35,-1.892547
31,40,1.249046
31,41,3.141593
31,57,3.141593
31,80,-1.249046
31,82,1.892547
32,13,0.321751
32,23,1.249046
32,25,-2.356194
32,31,1.249046
32,33,-1.892547
32,38,1.249046
32,40,-1.892547
32,91,-2.356194
33,13,-0.785398
33,16,-2.819842
33,22,0.000000
33,23,-1.892547
33,26,0.785398
33,27,2.356194
33,36,1.249046
33,38,-1.892547
33,44,1.249046
33,45,3.141593
33,72,0.000000
33,79,0.000000
33,80,1.892547
33,82,-1.570796
33,88,-1.249046
33,90,2.356194
34,26,-0.785398
34,31,-1.570796
34,34,1.249046
34,36,-1.892547
34,43,-0.785398
34,44,-1.892547
34,48,0.000000
34,56,3.141593
34,80,-1.249046
34,90,-2.356194
35,6,2.356194
35,34,-1.892547
35,39,1.249046
35,40,2.356194
35,70,0.785398
35,76,0.000000
35,77,1.892547
35,86,0.000000
35,87,1.892547
35,90,-1.570796
36,5,0.321751
36,12,-0.785398
36,13,-1.892547
36,24,1.249046
36,25,3.141593
36,31,0.000000
36,32,-1.892547
36,37,1.249046
36,39,-1.892547
36,77,-1.249046
36,78,3.141593
36,87,-1.249046
36,88,3.141593
37,5,-0.785398
37,17,1.249046
37,18,3.141593
37,29,1.249046
37,30,3.141593
37,36,0.000000
37,37,-1.892547
37,47,3.141593
37,51,0.000000
37,53,3.141593
37,55,0.000000
37,56,3.141593
37,65,0.000000
37,74,0.785398
37,75,1.892547
38,16,0.000000
38,17,-1.892547
38,75,-1.249046
38,76,3.141593
38,91,3.141593
39,27,0.000000
39,28,-1.892547
39,38,1.249046
39,39,3.141593
39,84,3.141593
39,87,-2.356194
40,13,1.249046
40,14,3.141593
40,31,1.249046
40,32,3.141593
40,37,0.000000
40,38,-1.892547
40,44,1.249046
40,45,2.356194
40,56,3.141593
40,71,0.000000
40,72,1.892547
40,78,0.000000
40,79,1.892547
41,19,0.000000
41,20,-1.892547
41,24,1.249046
41,25,3.141593
41,35,1.249046
41,36,3.141593
41,41,1.249046
41,42,2.356194
41,43,-0.785398
41,44,-1.892547
41,72,-1.249046
41,73,-2.356194
41,79,-1.249046
41,81,1.892547
41,90,1.570796
42,40,0.000000
42,41,-1.892547
42,90,-1.570796
43,4,0.785398
43,6,1.249046
43,7,2.356194
43,10,0.000000
43,11,-1.892547
43,16,0.785398
43,17,2.356194
43,27,1.249046
43,29,-1.892547
43,55,0.785398
43,56,1.892547
43,63,0.000000
43,64,3.141593
43,82,-1.249046
43,83,3.141593
44,4,0.000000
44,9,3.141593
44,13,1.249046
44,14,3.141593
44,17,-2.356194
44,37,-0.785398
44,56,-1.249046
44,57,-2.356194
44,58,3.141593
45,4,-0.785398
45,6,-1.249046
45,8,-1.892547
45,60,0.000000
45,61,3.141593
45,67,0.000000
45,74,-2.356194
45,79,0.000000
45,80,1.892547
45,85,1.570796
46,19,0.321751
46,29,1.249046
46,31,-1.892547
46,37,1.249046
46,38,2.356194
46,49,0.000000
46,80,-1.249046
46,82,1.892547
47,19,-1.570796
47,35,1.249046
47,37,-1.892547
47,44,0.000000
47,46,3.141593
47,56,0.785398
47,82,-1.249046
47,83,-2.356194
47,84,-0.785398
47,85,-1.892547
48,33,1.249046
48,35,-1.892547
48,57,-1.570796
48,70,1.570796
48,78,0.785398
49,32,0.000000
49,33,-1.892547
49,40,3.141593
49,75,0.785398
49,79,-2.356194
49,90,3.141593
50,12,1.570796
50,25,0.000000
50,26,-1.892547
50,30,1.249046
50,31,3.141593
50,37,-0.785398
50,46,0.000000
50,48,0.785398
50,70,2.356194
50,86,0.785398
51,5,1.249046
51,7,-1.892547
51,11,0.000000
51,35,2.356194
51,43,3.141593
51,49,-1.570796
51,58,-1.570796
51,66,-0.785398
51,69,-0.785398
51,77,-2.356194
52,10,1.570796
52,14,1.570796
52,28,0.000000
52,29,-1.892547
52,39,0.000000
52,74,0.785398
53,9,0.000000
53,14,-2.819842
53,27,3.141593
53,33,1.570796
53,47,0.000000
53,48,3.141593
53,79,0.785398
53,83,0.785398
54,4,0.321751
54,8,3.141593
54,26,-1.570796
54,32,0.000000
54,42,0.000000
54,45,3.141593
54,51,0.000000
55,15,0.321751
55,31,-0.785398
55,39,0.000000
55,40,3.141593
55,50,-0.785398
55,55,3.141593
55,74,0.321751
55,76,-2.356194
55,81,-2.356194
56,3,0.321751
56,19,1.570796
56,28,0.000000
56,29,3.141593
56,35,1.570796
56,74,-1.570796
56,86,0.000000
56,91,-2.356194
57,3,-0.785398
57,8,0.000000
57,14,0.000000
57,18,0.321751
57,19,-2.819842
57,33,0.785398
57,72,0.785398
57,73,2.356194
57,79,0.000000
57,87,-1.570796
58,18,-1.570796
58,27,2.356194
58,28,3.141593
58,40,2.356194
58,59,1.570796
58,73,-2.356194
58,80,-2.356194
59,9,-2.819842
59,12,1.570796
59,26,-1.570796
59,38,0.000000
59,80,-1.570796
59,84,0.785398
60,12,-2.819842
60,20,-0.785398
60,30,2.356194
60,45,1.570796
60,89,-1.570796
61,2,0.785398
61,6,0.321751
61,10,0.321751
61,15,1.570796
61,24,1.570796
61,29,-0.785398
61,34,2.356194
61,51,2.356194
61,65,-1.570796
61,75,-2.356194
61,78,0.785398
62,2,0.000000
62,6,-1.570796
62,10,-1.570796
62,15,-2.819842
62,19,2.356194
62,24,-2.819842
62,50,-0.785398
62,58,1.570796
63,5,3.141593
63,9,1.570796
63,13,0.321751
63,22,0.321751
63,27,2.356194
63,45,0.785398
63,58,3.141593
63,80,-2.356194
63,88,-2.356194
64,2,0.000000
64,4,-1.892547
64,8,0.321751
64,9,-2.819842
64,13,-1.570796
64,22,-1.570796
64,26,-0.785398
64,31,-0.785398
64,45,-0.321751
64,58,-2.356194
64,77,1.570796
64,85,1.570796
65,2,-0.785398
65,8,-1.570796
65,12,1.570796
65,46,-1.249046
65,47,-2.356194
65,48,0.785398
65,49,2.356194
65,58,0.785398
65,68,2.356194
65,77,-1.570796
65,81,0.785398
65,85,0.785398
65,89,0.785398
66,2,0.785398
66,7,1.570796
66,12,-2.819842
66,36,0.000000
66,41,3.141593
66,49,-1.570796
66,58,0.000000
66,85,-0.321751
66,86,2.819842
67,2,0.000000
67,6,0.000000
67,15,1.570796
67,19,1.570796
67,27,0.000000
67,29,3.141593
67,50,-2.356194
67,58,-0.785398
67,62,-2.356194
67,86,-1.570796
67,90,-1.570796
68,5,3.141593
68,9,0.321751
68,14,0.000000
68,18,0.321751
68,19,-2.819842
68,24,2.356194
68,67,0.785398
68,83,1.570796
68,87,-2.356194
69,2,-0.321751
69,18,-1.570796
69,33,0.785398
69,58,2.356194
69,68,-2.356194
69,83,-0.321751
69,84,2.819842
70,9,-2.819842
70,17,3.141593
70,56,1.249046
70,84,-1.570796
70,88,0.785398
71,16,-1.570796
71,25,0.000000
71,26,3.141593
71,39,1.570796
71,56,-1.892547
71,59,2.819842
71,77,-2.356194
72,15,1.570796
72,20,-0.785398
72,54,-1.570796
72,59,-2.356194
73,3,0.785398
73,5,0.000000
73,6,-1.892547
73,15,-2.819842
73,35,-2.356194
73,86,1.570796
74,3,0.000000
74,10,2.356194
74,13,0.321751
74,59,-1.570796
74,75,1.570796
74,86,-0.321751
74,87,2.819842
75,3,-0.785398
75,10,-2.356194
75,13,-1.570796
75,83,0.785398
75,87,-1.570796
75,91,-1.570796
76,8,-1.570796
76,11,0.785398
76,12,3.141593
76,16,1.570796
76,38,-1.570796
76,61,0.785398
76,67,0.785398
76,75,-1.570796
76,80,0.785398
77,31,2.356194
77,54,-2.356194
77,63,3.141593
77,68,-2.356194
77,71,1.570796
78,3,0.785398
78,11,-2.819842
78,43,0.000000
78,44,3.141593
78,85,1.570796
78,90,-2.356194
79,3,0.000000
79,9,0.321751
79,19,1.570796
79,29,-0.785398
79,56,3.141593
79,82,-2.356194
79,85,-0.321751
80,3,-0.785398
80,71,2.356194
80,87,2.819842
81,9,-2.819842
81,22,1.570796
81,27,2.356194
81,32,0.785398
81,53,1.570796
81,70,0.321751
81,76,1.570796
81,83,0.785398
81,87,-2.356194
82,7,0.321751
82,12,1.570796
82,26,-0.785398
82,39,1.570796
82,52,-0.785398
82,70,-0.785398
82,72,0.000000
82,84,1.570796
83,7,-1.570796
83,12,-2.819842
83,21,1.570796
83,48,-0.785398
83,73,-2.356194
83,77,-2.356194
83,80,0.000000
83,81,3.141593
83,84,-0.321751
83,88,-2.356194
84,3,0.785398
84,10,0.321751
84,16,-0.785398
84,21,-2.819842
84,41,1.570796
84,65,2.356194
84,73,-1.570796
84,86,2.819842
85,3,0.000000
85,19,0.321751
85,30,-0.785398
85,36,0.000000
85,56,1.570796
85,60,1.570796
85,64,1.570796
85,86,-2.356194
86,3,-0.785398
86,10,-2.819842
86,14,1.570796
86,19,-1.570796
86,41,-1.570796
86,55,0.321751
86,56,-2.819842
86,60,0.000000
86,64,3.141593
86,67,1.570796
86,79,1.570796
87,18,1.570796
87,55,-0.785398
87,60,-0.785398
87,64,-2.356194
87,67,-1.570796
87,76,0.785398
87,79,0.785398
88,7,0.000000
88,8,-1.892547
88,12,1.249046
88,13,3.141593
88,18,-2.819842
88,22,1.570796
88,28,2.356194
88,73,0.785398
88,77,2.356194
88,79,-0.321751
88,80,2.819842
88,84,1.570796
89,5,1.249046
89,6,3.141593
89,11,0.321751
89,16,0.321751
89,27,-0.785398
89,55,-1.570796
89,64,-1.570796
89,74,1.570796
89,76,0.000000
89,77,-2.356194
89,80,-1.570796
90,11,-1.570796
90,16,-1.570796
90,21,3.141593
90,74,-0.321751
91,4,-0.785398
91,15,1.570796
91,26,2.356194
91,54,1.570796
91,71,0.785398
91,78,2.356194
91,89,-1.570796
92,8,1.249046
92,9,3.141593
92,15,-2.819842
92,20,-2.819842
92,64,1.570796
92,67,1.570796
92,72,2.819842
92,75,0.000000
92,77,-0.785398
92,78,-2.356194
93,18,0.000000
93,19,-1.892547
93,29,0.785398
93,64,2.356194
93,75,-0.785398
93,79,1.570796
93,83,-2.356194
93,87,1.570796
94,17,1.570796
94,30,-2.356194
94,40,2.356194
94,64,-2.819842
94,72,-0.321751
94,73,2.819842
94,79,-0.321751
94,80,2.819842
94,87,-0.321751
95,5,-0.785398
95,10,1.249046
95,12,-1.892547
95,17,-2.819842
95,22,1.570796
95,73,-2.356194
95,76,0.785398
95,84,0.785398
95,89,2.819842
96,15,0.000000
96,16,-1.892547
96,22,-2.819842
96,40,-2.356194
96,61,0.321751
96,76,-0.321751
96,77,2.819842
96,80,-0.321751
96,81,2.819842
96,89,-2.356194
97,10,-1.570796
97,14,1.570796
97,20,0.000000
97,21,-1.892547
97,26,-0.785398
97,32,-2.356194
97,61,-0.785398
97,66,-1.570796
97,77,-2.356194
97,81,-1.570796
97,89,-1.570796
98,13,-0.785398
98,19,-0.785398
98,37,0.000000
98,38,3.141593
98,51,-1.570796
98,56,-1.570796
98,61,-1.570796
98,70,-1.570796
98,73,-1.570796
98,77,-1.570796
98,82,-2.356194
98,87,3.141593
