11,37,0.785398
11,38,1.892547
11,42,1.249046
11,43,2.356194
11,59,0.785398
11,60,1.570796
11,61,2.356194
11,80,0.785398
12,27,1.249046
12,28,3.141593
12,41,-0.785398
12,81,-2.356194
13,38,-0.785398
14,60,2.356194
16,15,3.141593
16,25,-1.570796
17,14,-0.785398
17,82,3.141593
18,45,2.356194
19,32,1.249046
20,30,0.785398
21,44,-1.892547
22,48,-2.819842
22,61,2.356194
22,73,1.249046
22,85,0.785398
23,30,0.321751
23,32,2.819842
23,58,1.249046
23,63,1.249046
23,65,1.892547
23,72,0.321751
23,85,-0.785398
23,86,3.141593
24,34,1.249046
24,35,2.356194
24,68,1.892547
25,30,-0.321751
25,45,-2.356194
25,49,0.000000
25,50,1.570796
25,76,2.819842
26,38,2.356194
26,55,0.321751
26,83,0.321751
26,85,2.819842
27,36,1.570796
27,41,1.249046
27,42,2.356194
27,43,0.785398
27,46,2.819842
27,52,3.141593
28,27,-0.785398
28,46,-1.570796
28,70,0.785398
28,80,0.785398
28,81,1.570796
28,83,-1.570796
28,85,3.141593
29,41,-1.570796
29,44,2.356194
29,47,1.570796
29,75,-2.819842
29,85,-2.356194
30,14,0.785398
30,47,0.000000
30,50,-0.785398
30,59,-2.356194
30,80,1.570796
31,14,0.000000
31,28,-0.785398
31,29,-1.892547
31,33,1.570796
31,34,2.356194
31,79,-0.785398
31,86,1.570796
31,89,2.356194
32,14,-0.785398
32,31,-0.785398
32,48,2.819842
32,55,-0.785398
32,70,-0.785398
32,71,-1.892547
32,74,0.000000
32,89,-2.819842
33,41,-1.570796
33,44,0.000000
33,48,-1.570796
33,50,1.249046
33,52,-2.356194
33,66,-1.570796
33,74,-1.570796
33,83,1.249046
33,84,2.356194
34,25,1.570796
34,26,2.356194
34,34,-2.356194
34,35,0.785398
34,46,-1.570796
34,53,1.570796
34,57,-0.785398
34,68,-2.819842
34,81,1.249046
35,14,2.356194
35,30,1.249046
35,32,-1.892547
35,40,1.570796
35,55,2.356194
35,67,-1.892547
35,71,1.249046
35,72,3.141593
36,38,-1.892547
36,44,0.785398
36,45,2.356194
36,46,-0.785398
36,47,-1.892547
36,50,1.570796
36,55,-2.356194
36,69,1.249046
36,71,-1.892547
36,77,3.141593
36,85,2.356194
36,86,-0.785398
36,87,-1.892547
37,26,1.249046
37,40,0.785398
37,52,-1.892547
37,55,0.785398
37,64,-1.892547
37,68,0.000000
37,69,-1.892547
37,81,0.000000
37,89,0.000000
38,16,1.570796
38,32,2.356194
38,42,2.356194
38,44,3.141593
38,66,1.249046
38,67,3.141593
38,74,1.249046
38,76,3.141593
38,81,-1.570796
39,10,0.321751
39,16,0.000000
39,35,-1.570796
39,44,-1.570796
39,59,0.000000
39,64,2.356194
39,65,-0.785398
39,66,-1.892547
39,72,0.785398
39,79,1.249046
39,80,3.141593
39,84,0.000000
40,10,-1.570796
40,28,-0.785398
40,38,-1.892547
40,42,1.570796
40,57,0.000000
40,63,-1.892547
40,84,-1.570796
41,16,-0.321751
41,18,-2.819842
41,31,1.570796
41,45,-1.892547
41,49,1.570796
41,51,1.249046
41,53,-1.892547
41,60,0.000000
41,65,1.249046
41,67,1.570796
41,68,2.356194
41,81,2.356194
41,91,2.356194
42,31,0.000000
42,47,0.785398
42,58,2.356194
42,89,-0.785398
43,16,0.321751
43,18,2.819842
43,49,-1.892547
43,52,1.570796
43,56,-0.785398
43,57,-1.892547
43,61,0.321751
43,67,-2.819842
43,71,1.249046
43,73,-1.892547
44,20,0.000000
44,21,-1.892547
44,24,-0.321751
44,29,2.356194
44,31,3.141593
44,35,0.000000
44,38,0.785398
44,52,-0.321751
44,54,3.141593
44,61,-1.570796
44,66,-1.892547
44,76,1.249046
45,31,-1.570796
45,43,-1.892547
45,47,-2.356194
45,63,0.321751
45,68,1.249046
45,70,-1.892547
45,78,-1.570796
45,82,1.570796
46,35,-2.356194
46,58,1.249046
46,59,3.141593
46,67,0.000000
46,68,-1.892547
46,72,1.249046
46,73,2.356194
46,74,-0.785398
46,80,2.356194
46,82,3.141593
47,23,1.249046
47,24,2.356194
47,36,1.570796
47,45,2.356194
47,46,-0.785398
47,47,-1.570796
47,49,1.570796
47,50,2.356194
47,57,0.321751
47,63,-0.785398
47,64,-2.356194
47,72,-1.892547
47,76,0.785398
47,77,2.356194
47,78,-0.785398
47,79,-1.892547
47,82,-1.570796
47,89,3.141593
48,10,3.141593
48,13,1.249046
48,19,0.785398
48,34,1.570796
48,40,-1.570796
48,57,-1.570796
48,62,1.570796
48,76,-1.570796
48,84,3.141593
49,7,0.321751
49,19,0.000000
49,23,-1.570796
49,28,-0.785398
49,29,-1.892547
49,34,0.000000
49,36,-1.892547
49,41,0.785398
49,42,2.356194
49,43,-0.785398
49,44,-2.356194
49,49,2.356194
49,55,1.249046
49,56,3.141593
49,61,0.321751
49,62,-2.819842
49,67,0.785398
49,68,1.570796
49,70,-2.356194
49,73,1.249046
49,74,2.356194
49,82,-0.785398
49,83,-1.892547
50,7,-0.785398
50,15,-2.819842
50,24,0.785398
50,26,-1.892547
50,34,-1.570796
50,41,-1.570796
50,54,0.000000
50,55,-1.892547
50,64,0.000000
50,73,-1.892547
50,78,1.249046
50,79,3.141593
50,90,3.141593
51,17,1.249046
51,19,3.141593
51,31,1.249046
51,32,2.356194
51,39,1.249046
51,40,3.141593
51,47,3.141593
51,51,2.356194
51,60,-0.785398
51,71,-1.892547
51,77,0.000000
51,78,-1.892547
52,14,-0.321751
52,19,-1.570796
52,30,0.000000
52,31,-1.892547
52,38,-0.785398
52,44,1.249046
52,46,-1.892547
52,58,1.570796
52,74,1.249046
52,75,2.356194
52,81,1.249046
52,82,2.356194
53,7,2.356194
53,21,3.141593
53,28,0.785398
53,29,2.356194
53,50,2.356194
53,57,-0.785398
53,67,-0.785398
53,71,2.356194
53,73,-0.785398
53,74,-1.892547
54,6,0.321751
54,14,0.321751
54,29,-1.570796
54,34,1.570796
54,43,-1.892547
54,49,0.000000
54,62,0.000000
54,63,-1.892547
54,77,1.249046
54,78,2.356194
54,79,-0.785398
54,88,0.785398
54,89,1.570796
54,90,2.356194
54,91,3.141593
55,6,-1.570796
55,23,1.249046
55,25,-1.892547
55,30,0.000000
55,32,0.785398
55,34,-2.819842
55,40,0.000000
55,41,-1.892547
55,61,3.141593
55,74,1.249046
55,75,2.356194
55,76,-0.785398
55,77,-1.892547
55,82,2.356194
56,9,0.000000
56,10,1.570796
56,11,2.356194
56,28,1.249046
56,29,3.141593
56,38,1.249046
56,39,3.141593
56,46,1.249046
56,47,3.141593
56,52,1.249046
56,53,3.141593
56,60,-1.570796
56,67,-0.785398
56,68,-1.892547
56,73,0.000000
56,74,-1.892547
57,25,1.249046
57,26,2.356194
57,32,0.321751
57,34,-2.356194
57,36,0.785398
57,44,1.249046
57,46,-1.892547
57,51,0.000000
57,52,-1.892547
57,57,1.249046
57,58,2.356194
57,77,0.000000
57,79,-0.785398
57,80,-1.892547
57,88,0.000000
57,89,-1.570796
57,90,-2.356194
57,91,3.141593
58,12,-1.892547
58,15,-2.356194
58,25,-1.892547
58,32,-1.570796
58,43,-0.785398
58,44,-1.892547
58,70,1.570796
58,84,1.249046
58,85,2.356194
59,21,1.570796
59,23,-1.892547
59,28,0.000000
59,36,0.000000
59,48,1.249046
59,49,3.141593
59,55,0.000000
59,56,-1.892547
59,62,1.249046
59,63,3.141593
59,68,1.249046
59,83,-0.785398
59,84,-1.892547
60,34,1.249046
60,35,3.141593
60,47,0.321751
60,53,1.249046
60,54,3.141593
60,61,0.000000
60,62,-1.892547
60,67,0.000000
60,68,-1.892547
60,72,0.000000
60,73,0.785398
60,74,1.892547
60,89,3.141593
61,15,-0.785398
61,26,1.249046
61,28,3.141593
61,40,2.356194
61,52,0.000000
61,53,-1.892547
61,59,1.249046
61,60,3.141593
61,74,-1.249046
61,75,-2.356194
62,24,2.356194
62,25,-0.785398
62,32,0.321751
62,39,-0.785398
62,44,1.249046
62,45,2.356194
62,46,-0.785398
62,47,-1.570796
62,49,1.892547
62,51,1.570796
62,83,0.000000
63,16,0.321751
63,30,1.892547
63,42,1.249046
63,44,-1.892547
63,51,3.141593
63,58,-1.892547
63,64,1.249046
63,65,3.141593
63,84,-2.356194
64,4,0.785398
64,10,0.785398
64,13,2.819842
64,32,-1.570796
64,33,-2.356194
64,62,1.249046
64,64,-1.892547
64,69,2.356194
64,73,0.000000
64,74,0.785398
64,75,1.570796
64,76,2.356194
64,91,3.141593
65,4,0.000000
65,16,-0.785398
65,18,-1.892547
65,23,1.570796
65,27,-2.819842
65,30,-0.785398
65,39,1.249046
65,41,-1.892547
65,47,-0.785398
65,48,-1.892547
65,51,0.000000
65,56,3.141593
65,61,0.000000
65,62,-1.892547
65,84,0.000000
66,4,-0.785398
66,20,0.785398
66,25,-0.785398
66,26,-1.892547
66,30,2.356194
66,60,1.570796
66,72,2.356194
66,75,0.785398
66,89,0.000000
66,91,3.141593
67,30,-2.819842
67,42,1.249046
67,43,3.141593
67,50,-0.785398
67,57,-2.356194
67,64,1.249046
67,65,3.141593
67,70,1.249046
67,71,3.141593
67,76,-2.356194
67,77,0.785398
67,78,1.570796
67,79,2.356194
67,80,3.141593
68,28,0.000000
68,29,-1.892547
68,33,1.249046
68,34,3.141593
68,48,3.141593
68,61,-2.356194
69,4,0.785398
69,9,1.570796
69,12,-1.570796
69,17,-1.570796
69,22,0.321751
69,27,1.570796
69,32,-0.785398
69,40,-0.785398
69,41,-1.892547
69,47,-1.570796
69,52,1.249046
69,54,-1.892547
69,59,1.570796
69,78,-0.785398
69,79,3.141593
70,4,0.000000
70,13,1.570796
70,20,1.570796
70,29,1.249046
70,30,3.141593
70,34,1.570796
70,36,1.249046
70,38,-1.892547
70,44,1.249046
70,45,2.356194
70,51,0.000000
70,52,-1.892547
70,59,-2.819842
70,65,-2.356194
70,77,3.141593
70,81,0.785398
70,82,1.570796
70,83,2.356194
70,91,3.141593
71,4,-0.785398
71,9,-1.249046
71,10,3.141593
71,13,-0.785398
71,14,-2.356194
71,36,-1.892547
71,42,1.249046
71,44,-1.892547
71,57,-0.785398
71,58,-1.892547
71,68,-1.249046
71,69,-2.356194
71,76,-1.570796
72,12,3.141593
72,18,1.249046
72,20,-1.892547
72,25,-1.570796
72,27,-1.570796
72,33,-0.785398
72,34,-1.892547
72,39,1.249046
72,40,2.356194
72,53,1.249046
72,54,3.141593
72,71,0.000000
72,75,1.570796
73,9,1.249046
73,38,-0.785398
73,39,-1.892547
73,42,-2.356194
73,47,1.570796
73,51,0.000000
73,52,-0.785398
73,53,-1.892547
73,60,2.356194
73,70,1.570796
73,86,1.892547
74,4,0.785398
74,6,1.249046
74,7,2.356194
74,8,-0.785398
74,9,-1.892547
74,29,-2.819842
74,35,1.249046
74,36,3.141593
74,46,-0.785398
74,56,0.000000
74,69,-0.785398
74,75,-1.249046
74,77,1.892547
74,82,0.000000
74,87,-2.356194
74,91,3.141593
75,4,0.000000
75,28,-1.892547
75,34,-0.785398
75,35,-1.892547
75,40,1.249046
75,42,-1.570796
75,44,2.356194
75,80,0.785398
75,85,-0.785398
76,26,-1.892547
76,31,1.249046
76,32,3.141593
76,37,1.249046
76,38,2.356194
76,39,-0.785398
76,40,-1.892547
76,51,0.000000
76,52,3.141593
76,60,1.249046
76,61,2.356194
76,74,1.249046
76,75,2.356194
76,76,-0.785398
76,77,-1.892547
76,81,-1.249046
76,82,3.141593
77,3,0.321751
77,5,2.819842
77,8,0.785398
77,9,2.356194
77,10,-0.785398
77,11,-1.892547
77,17,-1.570796
77,18,-2.356194
77,22,-0.785398
77,30,-0.785398
77,31,-1.892547
77,35,1.249046
77,37,-1.892547
77,48,2.356194
77,57,1.249046
77,58,2.356194
77,59,-0.785398
77,60,-1.892547
77,73,-0.785398
77,74,-1.892547
77,83,0.000000
78,3,-0.785398
78,5,-1.570796
78,34,0.000000
78,45,0.785398
78,46,2.356194
78,56,-0.785398
78,57,-1.892547
78,90,3.141593
79,3,0.785398
79,22,0.000000
79,25,-2.356194
79,41,0.000000
79,42,-1.892547
79,45,-1.570796
79,77,0.785398
79,78,1.570796
79,79,2.356194
79,83,-0.785398
79,84,-1.570796
79,86,-1.570796
79,87,-2.356194
80,3,0.000000
80,5,-0.785398
80,6,-1.892547
80,13,1.249046
80,14,3.141593
80,30,1.249046
80,31,3.141593
80,39,1.249046
80,40,3.141593
80,50,0.000000
80,58,1.249046
80,59,2.356194
80,69,1.249046
80,70,2.356194
81,3,-0.785398
81,11,1.249046
81,13,-1.892547
81,29,-0.785398
81,30,-1.892547
81,34,1.249046
81,35,3.141593
81,46,2.356194
81,68,-0.785398
81,69,-1.892547
81,83,3.141593
82,10,0.000000
82,11,-1.892547
82,25,1.249046
82,26,2.356194
82,32,1.249046
82,37,0.000000
82,38,-1.892547
82,45,0.785398
82,55,1.249046
82,57,-1.892547
82,75,0.000000
82,76,3.141593
83,8,1.249046
83,9,3.141593
83,16,1.249046
83,17,3.141593
83,24,0.000000
83,25,-1.892547
83,31,0.000000
83,32,-1.892547
83,36,3.141593
83,40,1.249046
83,41,3.141593
83,47,3.141593
83,54,-0.785398
83,55,-1.892547
83,61,1.249046
83,62,2.356194
83,71,0.000000
83,73,3.141593
83,83,0.000000
83,91,-2.356194
84,3,0.785398
84,6,1.249046
84,8,-1.892547
84,15,0.000000
84,16,-1.892547
84,29,1.249046
84,30,3.141593
84,44,0.000000
84,45,-1.892547
84,51,0.000000
84,60,-0.785398
84,61,-1.892547
84,77,1.249046
84,78,2.356194
84,80,3.141593
85,3,0.000000
85,5,-0.785398
85,6,-1.892547
85,13,1.249046
85,14,3.141593
85,20,1.249046
85,21,3.141593
85,27,1.249046
85,29,-1.892547
85,33,0.000000
85,38,0.000000
85,39,-1.892547
85,42,1.249046
85,43,3.141593
85,48,2.356194
85,65,1.570796
85,76,-0.785398
85,77,-1.892547
86,3,-0.785398
86,11,2.356194
86,12,-0.785398
86,19,0.000000
86,20,-1.892547
86,25,1.249046
86,27,-1.892547
86,35,0.785398
86,36,2.356194
86,65,-1.570796
86,70,1.249046
86,71,2.356194
86,81,0.000000
86,88,0.785398
86,89,1.892547
87,3,2.356194
87,10,-1.570796
87,17,1.249046
87,18,3.141593
87,30,1.249046
87,31,3.141593
87,35,-1.570796
87,59,0.000000
87,60,3.141593
87,89,-1.249046
87,90,-2.356194
87,91,3.141593
88,2,0.321751
88,17,-1.892547
88,22,1.249046
88,24,-1.892547
88,33,1.249046
88,34,3.141593
88,39,0.000000
88,40,-1.892547
88,48,2.356194
88,52,1.570796
88,66,1.249046
88,67,2.356194
88,68,-0.785398
88,69,-1.892547
89,2,-0.785398
89,14,0.000000
89,15,-1.892547
89,21,0.000000
89,22,-1.892547
89,26,1.249046
89,27,2.356194
89,28,-0.785398
89,29,-1.892547
89,38,3.141593
89,51,0.000000
89,56,0.000000
89,57,3.141593
89,66,-1.892547
89,72,2.356194
90,5,0.785398
90,6,3.141593
90,12,1.249046
90,13,3.141593
90,37,-1.570796
90,50,-0.785398
90,64,-0.785398
90,71,1.570796
90,83,0.000000
90,85,3.141593
90,88,0.000000
91,2,0.785398
91,10,1.249046
91,12,-1.892547
91,18,1.570796
91,35,1.249046
91,36,3.141593
91,48,2.356194
91,53,0.000000
91,54,3.141593
91,59,2.356194
91,65,-2.356194
91,69,2.356194
91,70,-0.785398
91,78,0.000000
91,80,0.785398
91,90,-2.356194
92,2,0.000000
92,5,3.141593
92,9,0.000000
92,10,-1.892547
92,16,1.249046
92,34,0.000000
92,35,-1.892547
92,39,1.570796
92,42,-0.785398
92,68,-1.570796
93,2,-0.785398
93,15,0.000000
93,16,-1.892547
93,28,0.000000
93,29,-1.892547
93,39,-2.819842
93,44,1.249046
93,45,3.141593
93,62,3.141593
93,75,3.141593
94,7,3.141593
94,13,1.249046
94,14,3.141593
94,21,0.000000
94,22,-1.892547
94,32,1.570796
94,43,0.000000
94,44,-1.892547
94,48,2.356194
94,54,-0.785398
94,65,1.249046
94,66,3.141593
94,71,1.249046
94,72,2.356194
94,80,-0.785398
94,81,-1.892547
95,2,0.785398
95,19,1.249046
95,20,3.141593
95,32,-2.819842
95,47,-0.785398
95,64,-0.785398
95,65,-1.892547
95,69,1.249046
95,71,-1.892547
95,78,3.141593
96,11,0.000000
96,18,-0.785398
96,19,-1.892547
96,24,1.249046
96,25,3.141593
96,30,0.000000
96,31,-1.892547
96,35,0.000000
96,36,-1.892547
96,45,2.356194
96,51,3.141593
96,62,-0.785398
96,67,1.249046
96,69,-1.892547
97,8,2.356194
97,23,0.000000
97,24,-1.892547
97,38,0.000000
97,48,0.000000
97,60,2.356194
97,65,0.000000
97,66,-0.785398
97,67,-1.892547
97,76,-0.785398
97,77,-1.570796
97,78,-2.356194
97,81,3.141593
97,83,0.000000
97,91,2.356194
98,6,-0.785398
98,7,-1.892547
98,22,-0.785398
98,27,0.000000
98,32,0.000000
98,41,0.000000
98,53,-0.785398
98,58,0.000000
98,71,0.000000
98,90,-0.785398
