8,37,1.249046
8,38,2.356194
8,46,0.785398
8,47,1.892547
9,36,0.321751
9,59,0.785398
9,60,1.892547
11,45,0.321751
12,19,1.249046
12,20,2.356194
12,29,0.785398
12,30,1.892547
12,33,1.249046
13,35,-1.249046
13,45,3.141593
13,57,0.321751
14,29,0.321751
14,57,-1.570796
15,29,-0.785398
15,31,-1.249046
15,46,2.819842
16,43,-1.892547
16,46,-2.356194
17,29,0.785398
17,57,3.141593
18,29,0.000000
18,54,0.321751
19,50,1.249046
19,52,1.892547
19,76,0.785398
20,28,0.321751
20,30,2.819842
20,33,1.570796
20,39,0.000000
20,41,-1.570796
20,43,1.570796
20,54,3.141593
20,57,0.321751
20,76,-0.785398
20,77,3.141593
21,23,-0.321751
21,25,-2.819842
21,33,0.000000
21,35,1.892547
21,61,1.892547
22,9,0.321751
22,21,2.819842
22,37,1.570796
22,50,-0.785398
22,55,-2.356194
22,56,-0.785398
22,63,0.785398
22,64,1.892547
23,9,-1.570796
23,18,0.321751
23,35,-1.892547
23,41,1.570796
23,43,-1.892547
23,46,-2.356194
23,66,1.892547
24,27,-1.892547
24,50,2.356194
24,53,0.785398
24,69,1.892547
24,74,0.321751
24,76,2.819842
25,29,-0.321751
25,43,1.249046
25,44,2.356194
25,48,0.785398
25,55,2.356194
25,64,0.000000
25,71,1.892547
26,20,-2.356194
26,36,3.141593
26,51,-2.356194
26,52,-0.785398
26,57,-1.249046
26,78,1.892547
27,17,-2.356194
27,20,0.785398
27,40,-1.892547
27,46,-2.819842
27,49,-0.785398
27,54,-2.356194
27,61,-1.249046
28,16,-2.356194
28,36,-2.356194
28,49,0.785398
28,59,2.356194
29,31,-1.570796
29,41,-0.785398
29,45,-1.249046
29,49,0.000000
29,51,0.785398
29,52,1.570796
29,54,-1.570796
29,55,-2.356194
29,58,-0.785398
29,59,-2.356194
29,72,2.356194
29,78,-1.249046
30,7,0.321751
30,9,3.141593
30,35,0.000000
30,36,0.785398
30,37,1.570796
30,38,2.356194
30,49,-1.570796
30,69,-1.249046
31,7,-0.785398
31,13,1.249046
31,15,1.892547
31,32,0.785398
31,34,0.785398
31,46,-0.785398
31,47,-1.570796
31,48,-2.356194
31,52,0.785398
31,63,-1.249046
31,64,-2.356194
32,11,0.000000
32,17,-1.892547
32,35,0.000000
32,42,0.000000
32,43,-1.892547
32,68,2.356194
32,69,0.785398
32,79,1.249046
32,81,1.892547
33,15,-1.892547
33,19,1.249046
33,21,-1.892547
33,26,-2.819842
33,34,-2.356194
33,39,1.249046
33,40,2.356194
33,48,1.249046
33,49,2.356194
33,51,-0.785398
33,52,-1.892547
34,12,-0.785398
34,25,-1.892547
34,30,1.249046
34,31,3.141593
34,37,1.249046
34,39,-1.892547
34,47,-0.785398
34,48,-1.892547
34,63,3.141593
34,66,-0.785398
35,7,2.356194
35,23,-1.570796
35,29,0.000000
35,30,-1.892547
35,35,1.249046
35,37,-1.892547
35,50,1.249046
35,51,2.356194
35,52,0.785398
35,53,1.570796
35,54,2.356194
35,55,0.785398
35,56,1.570796
35,57,2.356194
35,69,-0.785398
35,75,1.570796
35,77,-2.356194
35,80,-1.249046
35,82,-1.892547
35,86,1.570796
35,87,2.356194
36,6,0.321751
36,17,-1.892547
36,21,1.249046
36,22,3.141593
36,27,1.249046
36,28,3.141593
36,34,-0.785398
36,35,-1.892547
36,41,0.785398
36,42,2.356194
36,48,1.249046
36,62,0.785398
36,63,1.892547
36,67,2.356194
37,6,-0.785398
37,26,0.000000
37,27,-1.892547
37,31,1.249046
37,32,3.141593
37,38,1.249046
37,39,2.356194
37,42,-1.570796
37,46,0.785398
37,50,-1.570796
37,78,0.785398
38,10,0.785398
38,11,1.570796
38,12,2.356194
38,13,-0.785398
38,14,-1.892547
38,18,1.249046
38,20,-1.892547
38,24,1.249046
38,25,3.141593
38,29,1.249046
38,31,-1.892547
38,37,-0.785398
38,38,-1.892547
38,43,0.000000
38,44,0.000000
38,66,-1.249046
38,70,2.356194
38,78,-0.785398
38,80,1.892547
39,23,0.000000
39,24,-1.892547
39,28,0.000000
39,29,-1.892547
39,34,1.249046
39,35,3.141593
39,40,1.249046
39,41,2.356194
39,45,0.000000
39,49,0.000000
39,50,0.000000
39,56,0.000000
39,61,0.785398
39,71,0.000000
39,77,2.356194
40,12,1.570796
40,21,1.249046
40,22,3.141593
40,26,1.249046
40,27,3.141593
40,32,1.249046
40,34,-1.892547
40,38,1.249046
40,40,-1.892547
40,48,-0.785398
40,52,-1.892547
40,55,-2.356194
40,65,1.892547
41,12,-0.321751
41,14,2.356194
41,15,-0.785398
41,16,-1.892547
41,25,0.000000
41,26,-1.892547
41,36,1.249046
41,38,-1.892547
41,42,1.249046
41,43,3.141593
41,46,2.356194
41,57,2.356194
41,65,-1.249046
41,67,1.570796
41,69,-1.892547
42,24,1.570796
42,29,1.249046
42,31,-1.892547
42,34,1.249046
42,36,-1.892547
42,41,0.000000
42,52,2.356194
42,55,0.000000
42,59,1.249046
42,60,3.141593
42,71,0.000000
42,73,-0.785398
42,74,-1.892547
42,77,-1.249046
42,78,-2.356194
42,79,-0.785398
43,6,2.356194
43,13,2.356194
43,22,1.249046
43,27,1.249046
43,29,-1.892547
43,33,0.000000
43,34,-1.892547
43,43,0.000000
43,44,0.000000
43,51,-0.785398
43,58,0.000000
43,59,-1.892547
43,62,2.356194
43,68,-2.356194
43,69,3.141593
43,82,-1.249046
43,83,-2.356194
43,84,-0.785398
43,85,-1.570796
43,86,-2.356194
43,87,0.785398
43,88,2.356194
44,5,0.321751
44,12,-0.785398
44,31,1.249046
44,32,3.141593
44,37,1.249046
44,38,3.141593
44,46,3.141593
44,49,2.356194
44,53,-0.785398
44,56,1.249046
44,57,3.141593
44,88,-2.356194
45,5,-0.785398
45,16,0.000000
45,17,-1.892547
45,30,0.000000
45,31,-1.892547
45,36,0.000000
45,37,-1.892547
45,44,0.000000
45,45,-1.892547
45,55,0.000000
45,56,-1.892547
45,70,2.356194
45,73,0.000000
45,74,0.785398
45,75,1.892547
46,15,1.570796
46,24,0.000000
46,25,-1.892547
46,34,1.249046
46,35,3.141593
46,51,3.141593
46,66,0.000000
46,75,-1.249046
46,76,-2.356194
46,80,3.141593
46,83,0.785398
46,88,2.356194
47,15,-2.819842
47,27,1.249046
47,28,3.141593
47,32,1.249046
47,34,-1.892547
47,56,1.249046
47,57,3.141593
47,85,2.356194
47,86,0.785398
48,13,0.000000
48,14,-1.892547
48,26,0.321751
48,37,1.570796
48,42,-0.785398
48,43,-1.570796
48,44,-2.356194
48,55,0.000000
48,56,-1.892547
48,59,2.356194
48,71,0.000000
48,76,2.356194
48,84,-1.892547
48,89,2.819842
49,12,1.570796
49,16,0.000000
49,17,-1.892547
49,30,0.321751
49,35,1.249046
49,50,0.000000
49,54,-0.785398
49,65,0.000000
50,12,-2.819842
50,19,1.249046
50,20,3.141593
50,24,1.249046
50,26,3.141593
50,30,-1.570796
50,34,0.000000
50,35,-1.892547
50,57,-0.785398
50,67,1.570796
50,83,-2.356194
50,84,0.785398
50,85,1.570796
50,87,-1.570796
50,89,3.141593
51,4,0.785398
51,9,1.249046
51,11,-1.892547
51,18,0.000000
51,19,-1.892547
51,23,0.000000
51,24,-1.892547
51,26,-1.570796
51,28,1.249046
51,29,3.141593
51,33,1.570796
51,38,3.141593
51,41,2.356194
51,45,-0.785398
51,48,2.356194
51,61,1.570796
51,68,-2.356194
51,75,1.249046
51,76,2.356194
51,79,0.785398
51,89,-2.356194
52,4,0.000000
52,8,-0.785398
52,9,-1.892547
52,22,1.570796
52,32,0.000000
52,37,-1.570796
52,40,-0.785398
52,43,2.356194
52,47,-0.785398
52,51,2.356194
52,55,2.356194
52,61,0.785398
52,74,-0.785398
52,89,2.356194
53,4,-0.785398
53,22,-2.819842
53,31,1.570796
53,36,-0.785398
53,50,-0.785398
53,62,3.141593
53,77,2.356194
53,79,-0.785398
53,80,-1.570796
53,81,-2.356194
53,83,-0.785398
53,84,-1.892547
53,86,0.000000
53,87,1.570796
53,89,3.141593
54,20,-0.785398
54,21,-1.892547
54,25,0.321751
54,31,-2.819842
54,41,-0.785398
54,45,2.356194
54,73,2.356194
54,75,-0.785398
54,76,-1.892547
55,18,3.141593
55,25,-1.570796
55,29,0.321751
55,34,2.356194
55,39,2.356194
55,52,-0.785398
55,58,1.570796
55,65,1.249046
55,66,2.356194
55,72,-0.785398
55,89,-2.356194
56,4,0.785398
56,9,1.570796
56,17,-1.570796
56,24,1.570796
56,29,-1.570796
56,33,1.570796
56,42,1.249046
56,43,3.141593
56,47,2.356194
56,74,2.356194
57,4,0.000000
57,8,-0.785398
57,12,1.570796
57,19,1.570796
57,23,0.000000
57,28,3.141593
57,33,-2.819842
57,41,0.000000
57,42,-1.892547
57,46,-0.785398
57,60,1.249046
57,66,-2.356194
57,69,-0.785398
57,70,-1.570796
57,71,-2.356194
57,72,-0.785398
57,73,-1.892547
57,90,2.356194
58,4,-0.785398
58,11,0.321751
58,12,-2.819842
58,27,-1.570796
58,40,1.570796
58,50,0.785398
58,53,1.249046
58,55,1.570796
58,56,2.356194
58,57,-0.785398
58,58,-1.570796
58,62,-1.249046
58,64,-1.892547
58,76,0.000000
58,90,3.141593
59,11,-1.570796
59,14,1.570796
59,22,-1.570796
59,35,1.570796
59,40,-2.819842
59,44,1.570796
59,66,1.249046
59,67,2.356194
59,73,3.141593
59,82,0.000000
59,87,0.785398
60,4,0.785398
60,13,0.321751
60,14,-2.819842
60,34,0.000000
60,38,0.321751
60,55,3.141593
60,65,-0.785398
60,66,-1.892547
60,83,-1.570796
60,88,-1.249046
60,90,3.141593
61,4,-0.321751
61,6,2.356194
61,13,-1.570796
61,20,2.356194
61,24,1.570796
61,28,0.321751
61,33,1.570796
61,38,-1.570796
61,42,1.249046
61,44,-1.570796
61,46,1.892547
61,48,1.249046
61,57,0.000000
61,59,-0.785398
61,79,0.785398
61,84,1.570796
61,90,-2.356194
62,12,1.570796
62,24,-2.819842
62,33,-2.819842
62,41,0.000000
62,52,-2.356194
62,80,-1.570796
62,85,3.141593
62,90,2.356194
63,12,-2.819842
63,22,0.321751
63,28,-2.819842
63,43,0.785398
63,44,2.356194
63,45,-0.785398
63,46,-1.892547
63,55,-1.249046
63,56,3.141593
63,81,0.000000
63,90,3.141593
64,5,0.785398
64,7,1.249046
64,8,2.356194
64,14,1.570796
64,22,-1.570796
64,26,0.321751
64,30,0.321751
64,34,1.249046
64,36,-1.570796
64,37,3.141593
64,40,2.356194
64,43,-0.785398
64,50,-1.570796
64,69,0.000000
64,77,0.785398
64,87,0.000000
65,5,0.000000
65,13,0.321751
65,14,-2.819842
65,21,1.570796
65,26,-1.570796
65,40,-2.356194
65,45,2.356194
65,46,3.141593
65,54,3.141593
65,59,0.000000
65,64,3.141593
65,78,-1.570796
65,81,0.000000
65,88,-1.249046
65,90,3.141593
66,5,-0.785398
66,7,-1.249046
66,9,-1.892547
66,13,-1.570796
66,20,0.321751
66,21,-2.819842
66,36,2.356194
66,41,0.000000
66,56,0.000000
66,79,0.000000
66,80,2.356194
66,90,-2.356194
67,12,1.570796
67,16,2.356194
67,44,-1.249046
67,45,-2.356194
67,51,0.000000
67,53,3.141593
67,62,1.249046
67,63,2.356194
67,75,0.785398
68,11,0.321751
68,12,-2.819842
68,15,0.321751
68,16,-2.819842
68,19,0.321751
68,20,-2.819842
68,49,3.141593
68,56,0.000000
68,61,-0.785398
68,62,-1.892547
68,76,-1.570796
68,80,-0.321751
69,11,-1.570796
69,19,-1.570796
69,24,-0.785398
69,27,2.356194
69,43,-2.356194
69,51,0.000000
69,53,3.141593
69,90,2.356194
70,15,-2.819842
70,18,1.570796
70,36,0.000000
70,47,0.000000
70,49,3.141593
70,60,0.000000
70,64,3.141593
70,67,0.000000
70,74,3.141593
70,78,1.570796
70,87,-1.249046
70,88,-2.356194
70,90,3.141593
71,10,2.356194
71,13,0.321751
71,17,0.321751
71,18,-2.819842
71,26,2.356194
71,36,-0.785398
71,45,3.141593
71,78,-0.321751
71,79,2.819842
71,90,-2.356194
72,5,0.785398
72,9,0.000000
72,13,-0.785398
72,17,-0.785398
72,25,0.321751
72,26,-2.819842
72,42,2.356194
72,43,0.000000
72,51,2.356194
72,62,3.141593
72,65,0.000000
72,67,3.141593
72,79,-1.570796
73,5,0.000000
73,13,2.356194
73,21,-1.570796
73,25,-1.570796
73,30,-1.570796
73,38,0.321751
73,44,0.000000
73,45,0.785398
73,46,1.892547
73,80,0.785398
73,81,2.356194
74,5,-0.785398
74,12,0.321751
74,13,-2.819842
74,33,1.570796
74,38,-1.570796
74,49,-0.785398
74,50,-2.356194
74,80,-0.785398
74,83,-2.356194
74,90,2.356194
75,32,0.321751
75,33,-2.819842
75,41,-0.785398
75,43,-1.249046
75,53,0.785398
75,54,1.570796
75,55,2.356194
75,57,0.785398
75,70,1.570796
75,77,1.570796
75,90,-2.819842
76,10,1.249046
76,12,-2.356194
76,19,1.570796
76,87,-1.570796
77,13,-2.356194
77,26,1.570796
77,32,-2.819842
77,41,-1.570796
77,46,-2.356194
77,58,-0.321751
77,59,2.819842
77,61,0.000000
77,63,3.141593
77,71,1.570796
77,74,0.785398
77,82,1.570796
78,59,-2.356194
78,68,1.570796
78,71,-0.321751
78,72,2.819842
78,79,1.570796
78,82,-0.321751
78,89,2.356194
79,21,-0.785398
79,29,0.785398
79,31,-2.356194
79,51,1.570796
79,72,-2.356194
79,79,-0.321751
79,80,2.819842
79,84,2.819842
79,89,3.141593
80,38,1.570796
80,51,-1.570796
80,59,-1.570796
80,65,1.570796
80,80,-1.570796
80,84,-1.570796
80,89,-2.356194
81,6,-0.785398
81,13,1.570796
81,28,0.321751
81,77,1.570796
81,81,1.570796
81,89,2.356194
82,13,-2.819842
82,25,3.141593
82,28,-1.570796
82,33,1.570796
82,50,1.570796
82,53,1.570796
82,74,1.570796
82,77,-0.321751
82,78,2.819842
82,81,-0.321751
82,82,2.819842
82,87,0.785398
82,89,-2.819842
83,22,0.000000
83,23,-1.892547
83,26,0.785398
83,27,3.141593
83,32,0.321751
83,33,-2.819842
83,46,-1.570796
83,53,-1.570796
83,70,0.000000
83,74,-0.321751
83,75,2.819842
83,78,-1.570796
83,82,-1.570796
84,21,1.570796
84,26,-0.785398
84,50,-1.570796
84,55,0.785398
84,59,1.570796
84,71,-1.570796
84,79,1.570796
85,9,0.321751
85,20,0.321751
85,21,-2.819842
85,26,-1.570796
85,32,-2.819842
85,41,2.356194
85,45,1.570796
85,55,-0.321751
85,56,2.819842
85,63,1.570796
85,69,1.570796
85,75,-0.321751
85,79,-0.321751
85,80,2.819842
86,15,1.570796
86,30,0.321751
86,40,0.321751
86,41,-2.819842
86,45,2.356194
86,52,1.570796
86,56,-2.356194
86,77,2.819842
87,7,0.000000
87,10,-2.356194
87,14,-0.785398
87,19,0.321751
87,20,-2.819842
87,30,-0.785398
87,36,-1.570796
87,40,-0.785398
87,44,0.321751
87,45,-2.819842
87,48,1.570796
87,73,0.785398
87,80,-0.321751
88,19,-1.570796
88,44,-0.785398
88,70,0.785398
88,73,-0.321751
88,77,-0.321751
88,78,2.819842
88,88,2.356194
89,25,-1.570796
89,35,2.356194
89,70,-0.321751
89,71,2.819842
89,75,2.819842
89,78,-1.570796
89,82,-1.249046
89,83,3.141593
89,88,-2.819842
90,48,-1.570796
90,56,2.356194
90,63,-1.570796
90,71,-2.356194
90,75,-2.356194
90,87,-0.785398
91,17,1.570796
91,22,2.356194
91,28,2.356194
91,52,-2.356194
91,55,0.321751
91,56,-2.819842
91,87,2.356194
92,17,-2.819842
92,21,0.321751
92,22,-2.819842
92,28,-2.819842
92,55,-0.785398
92,64,1.570796
92,80,1.570796
92,87,-2.819842
93,26,0.321751
93,47,1.570796
93,60,-1.570796
93,81,3.141593
94,20,0.321751
94,21,-2.819842
94,26,-1.570796
94,43,-1.570796
94,47,2.356194
94,51,1.570796
94,82,1.570796
94,85,0.000000
95,13,-0.785398
95,20,-1.570796
95,47,-2.819842
95,51,2.356194
95,68,-1.570796
96,19,1.570796
96,31,-1.570796
96,37,-1.570796
96,41,1.570796
96,45,0.321751
96,50,0.321751
96,51,-2.819842
96,60,1.570796
96,79,2.356194
96,81,-0.785398
96,82,-1.892547
97,18,-0.785398
97,19,-2.356194
97,23,1.249046
97,24,3.141593
97,41,-1.570796
97,45,-0.785398
97,50,-0.785398
97,54,0.000000
97,65,-2.356194
98,22,-0.785398
98,23,-1.892547
98,45,-1.570796
98,50,-1.570796
98,60,-1.570796
98,76,-0.785398
98,77,-1.892547
