9,65,1.570796
10,31,1.249046
10,32,3.141593
10,65,0.000000
10,75,0.785398
10,76,1.892547
11,25,1.249046
11,26,2.356194
11,30,-0.785398
11,65,-0.785398
11,81,0.785398
12,24,-0.785398
12,82,-2.356194
13,17,1.249046
13,18,3.141593
14,15,2.356194
14,16,-0.785398
14,61,1.570796
14,63,1.892547
14,83,3.141593
15,14,-0.785398
15,72,0.321751
16,50,2.356194
16,56,0.000000
16,58,-0.785398
16,59,-1.570796
16,61,-1.570796
17,14,2.356194
17,37,1.570796
17,48,0.000000
17,52,1.249046
17,53,2.356194
17,54,3.141593
17,65,-1.249046
17,72,3.141593
18,13,0.321751
18,37,0.000000
18,44,1.249046
18,45,2.356194
18,46,3.141593
18,51,0.000000
18,52,-1.892547
18,63,-2.819842
18,85,3.141593
19,13,-1.570796
19,37,-0.785398
19,39,-1.570796
19,42,1.249046
19,44,-1.892547
19,50,-0.785398
19,54,0.000000
19,72,3.141593
20,42,-1.892547
20,48,3.141593
20,62,-1.249046
20,63,-2.356194
20,64,0.785398
20,65,1.892547
20,72,-2.356194
21,40,-1.892547
21,44,0.000000
21,68,1.892547
21,71,1.570796
22,69,-2.356194
22,79,0.321751
23,12,0.785398
23,65,-0.785398
23,66,-1.570796
23,67,-2.356194
23,71,-1.249046
23,79,-0.785398
24,12,-0.785398
24,13,3.141593
24,45,0.000000
24,73,-1.249046
24,75,1.892547
24,79,2.356194
25,31,1.570796
25,38,1.249046
25,39,2.356194
25,40,3.141593
25,51,1.249046
25,52,2.356194
25,63,3.141593
25,76,-2.356194
25,77,0.785398
26,29,0.785398
26,31,-2.356194
26,48,1.249046
26,49,2.356194
26,50,-0.785398
26,51,-1.892547
26,73,0.785398
26,80,-2.356194
26,87,0.321751
26,89,3.141593
27,23,0.785398
27,42,3.141593
27,47,0.000000
27,48,-1.892547
27,67,0.000000
27,71,-0.785398
27,74,-1.249046
27,76,1.892547
27,82,-2.356194
27,87,-0.785398
28,23,-0.785398
28,28,0.321751
28,29,-2.819842
28,32,-1.570796
28,39,0.000000
28,46,-0.785398
28,57,3.141593
28,60,0.000000
28,63,3.141593
28,69,-2.356194
28,76,-1.249046
29,11,0.785398
29,25,-2.819842
29,28,-1.570796
29,31,1.570796
29,34,0.321751
29,44,2.356194
29,49,1.249046
29,50,2.356194
29,71,0.000000
29,86,0.785398
29,90,2.356194
30,11,-0.785398
30,12,3.141593
30,20,0.785398
30,21,1.570796
30,22,2.356194
30,30,0.000000
30,34,-1.570796
30,42,1.249046
30,43,3.141593
30,48,0.000000
30,49,-1.892547
30,74,0.000000
30,75,1.892547
30,82,0.785398
30,88,1.570796
31,24,-2.819842
31,42,-1.892547
31,59,3.141593
31,66,0.000000
31,67,3.141593
31,71,0.785398
31,80,0.785398
31,91,2.819842
32,23,-1.892547
32,40,-1.570796
32,52,0.000000
32,61,0.000000
32,76,-1.249046
32,77,3.141593
32,89,-0.785398
33,38,1.249046
33,39,3.141593
33,43,1.249046
33,44,3.141593
33,50,3.141593
33,64,-2.356194
33,73,-2.356194
33,78,-2.356194
33,82,-2.356194
33,85,0.000000
33,86,1.892547
33,90,-0.785398
34,42,0.321751
34,75,0.785398
34,87,2.819842
35,20,1.249046
35,21,2.356194
35,23,1.570796
35,29,-0.785398
35,33,2.356194
35,36,0.321751
35,42,-1.570796
35,53,0.000000
35,61,0.785398
35,71,0.785398
35,80,0.000000
35,81,3.141593
35,87,-1.570796
36,23,-2.819842
36,36,-1.570796
36,41,-0.785398
36,44,1.249046
36,45,3.141593
36,62,-2.356194
36,73,3.141593
36,78,3.141593
36,85,1.570796
36,88,1.570796
37,20,-1.249046
37,22,-1.892547
37,28,2.356194
37,38,1.570796
37,68,0.000000
37,75,0.785398
37,89,-2.356194
37,90,3.141593
38,34,1.570796
38,46,1.570796
38,53,1.570796
38,62,-1.570796
38,71,3.141593
38,86,-2.356194
39,33,0.000000
39,41,0.000000
39,42,-1.892547
39,53,0.785398
39,64,0.000000
39,88,1.570796
40,29,-0.785398
40,32,-0.785398
40,40,-0.785398
40,44,0.785398
40,48,2.356194
40,54,3.141593
40,66,1.570796
41,36,-1.570796
41,43,-0.785398
41,47,3.141593
41,66,-0.785398
41,67,-2.356194
41,68,3.141593
41,76,0.785398
41,80,-2.356194
41,90,3.141593
42,28,2.356194
42,31,2.356194
42,57,-2.356194
42,61,0.000000
42,77,-2.356194
42,82,0.785398
43,20,1.570796
43,30,-0.785398
43,79,0.785398
43,83,-2.356194
43,88,0.785398
44,9,0.321751
44,11,-2.356194
44,19,-0.785398
44,49,2.356194
44,85,0.785398
45,9,-0.785398
45,32,2.356194
45,35,1.570796
45,42,0.000000
45,44,0.785398
45,47,-2.356194
45,72,2.356194
45,90,-2.356194
46,25,-0.785398
46,59,2.356194
46,71,3.141593
47,34,0.785398
47,52,0.000000
47,57,0.785398
47,58,2.356194
47,70,-0.785398
47,79,0.785398
48,24,2.356194
48,27,2.356194
48,34,-0.321751
48,35,2.819842
48,46,1.570796
48,58,-2.356194
49,35,-2.356194
49,46,0.000000
49,77,0.785398
49,81,-2.356194
49,85,0.000000
49,86,1.892547
49,89,-1.570796
50,9,0.785398
50,22,1.570796
50,32,2.356194
50,35,2.356194
50,43,0.785398
50,78,-2.356194
50,86,-1.249046
50,87,3.141593
51,9,-0.321751
51,11,2.356194
51,21,0.321751
51,22,-2.819842
51,28,-0.785398
51,34,0.321751
51,35,-2.819842
51,41,0.785398
51,47,-0.785398
51,49,2.819842
51,58,-1.570796
51,66,-0.785398
52,21,-0.785398
52,34,-1.570796
52,42,-2.356194
52,89,1.570796
53,27,1.570796
53,77,0.785398
53,82,0.785398
53,89,-0.321751
53,90,2.819842
54,27,-1.570796
54,45,2.356194
54,48,0.785398
54,78,-2.356194
54,87,0.785398
54,90,-1.570796
55,10,0.785398
55,20,2.356194
55,44,-0.785398
55,50,-1.892547
55,54,-2.356194
55,74,0.000000
55,88,-2.356194
55,91,-2.356194
56,10,0.000000
56,19,-0.785398
56,23,2.356194
56,26,2.356194
56,29,-1.570796
56,34,1.570796
56,61,0.000000
57,10,-0.785398
57,23,-2.819842
57,63,-2.356194
57,67,1.249046
57,68,2.356194
57,69,3.141593
57,89,0.785398
58,21,0.321751
58,66,0.000000
58,67,-1.892547
58,83,0.785398
59,21,-1.570796
59,23,-2.356194
59,33,-1.570796
59,39,2.356194
59,40,3.141593
59,79,-2.356194
59,84,-2.356194
60,10,0.785398
60,19,1.249046
60,20,3.141593
60,30,-1.570796
60,35,1.570796
60,38,-0.785398
60,91,-1.570796
61,10,0.000000
61,32,1.570796
61,35,-1.570796
61,43,0.000000
61,44,0.785398
61,65,-1.570796
62,10,-0.785398
62,19,-1.249046
62,20,3.141593
62,24,-1.570796
62,26,1.570796
62,32,2.356194
62,45,-2.356194
62,50,1.570796
62,86,0.785398
63,21,-2.356194
63,31,0.321751
63,32,-2.819842
63,34,1.570796
64,26,-1.570796
64,31,-0.785398
64,34,-1.570796
64,39,1.570796
64,50,2.356194
64,63,0.000000
64,64,3.141593
65,46,0.000000
65,47,1.892547
65,49,0.000000
65,59,1.249046
65,60,2.356194
65,66,0.785398
65,91,-1.570796
66,25,1.570796
66,33,1.570796
66,41,1.570796
66,44,1.570796
66,52,1.570796
66,58,0.321751
66,71,0.785398
66,81,0.785398
66,89,-2.356194
67,19,1.249046
67,20,2.356194
67,22,3.141593
67,33,-1.570796
67,39,2.356194
67,47,-1.570796
67,52,-1.570796
67,60,-0.785398
67,61,-1.570796
67,62,-2.356194
67,63,3.141593
67,72,-2.356194
68,27,1.570796
68,30,-1.570796
68,38,0.321751
68,39,-2.819842
68,46,-0.785398
68,57,0.321751
68,58,-2.819842
68,76,0.785398
68,85,0.785398
69,24,-1.570796
69,32,1.570796
69,38,-0.785398
70,29,1.570796
70,41,2.356194
70,43,-1.570796
70,56,0.321751
70,57,-2.819842
70,61,0.000000
70,62,3.141593
70,77,-1.570796
70,86,-1.570796
71,15,0.321751
71,23,1.570796
71,32,-1.570796
71,35,2.356194
71,40,0.321751
71,41,-2.819842
71,45,1.570796
71,56,-0.785398
71,59,1.570796
71,68,0.785398
71,89,1.570796
72,34,0.321751
72,35,-2.819842
72,40,-0.785398
72,45,-1.570796
72,66,1.570796
72,69,-2.356194
72,75,1.570796
72,87,1.570796
73,16,-2.356194
73,31,1.570796
73,34,-0.785398
73,50,1.570796
73,59,-1.570796
73,78,0.785398
73,87,-1.570796
74,40,2.356194
74,50,-1.570796
74,55,-0.785398
74,62,1.570796
74,90,-1.570796
75,11,0.000000
75,37,-1.570796
75,39,0.321751
75,40,-2.819842
75,44,1.570796
75,47,1.570796
75,88,1.570796
76,25,2.356194
76,39,-0.785398
76,42,1.570796
76,59,1.570796
76,68,-1.570796
76,71,1.570796
76,79,0.785398
76,91,1.570796
77,25,-2.819842
77,31,2.356194
77,62,-1.570796
77,73,0.785398
77,79,-0.321751
77,80,2.819842
77,88,-1.570796
78,30,0.321751
78,31,-2.819842
78,36,1.570796
78,42,-1.570796
78,59,0.785398
78,73,-0.321751
78,74,2.819842
78,80,-2.356194
78,83,1.570796
79,30,-0.785398
79,44,-1.570796
79,52,0.785398
79,59,-0.321751
79,60,2.819842
79,63,1.570796
79,74,-2.356194
79,89,1.570796
79,91,-1.570796
80,42,1.570796
80,50,1.570796
80,60,-2.356194
80,63,-1.570796
81,27,2.356194
81,39,-1.570796
81,44,1.570796
81,57,1.570796
81,71,2.356194
81,83,0.785398
82,27,-2.819842
82,30,-1.570796
82,33,-1.570796
82,36,-1.570796
82,50,-1.570796
82,70,0.321751
82,71,-2.819842
82,81,-1.570796
82,83,-0.321751
82,84,2.819842
83,39,1.570796
83,44,-1.570796
83,57,0.785398
83,70,-0.785398
83,84,-2.356194
84,29,1.570796
84,39,-1.570796
84,42,-1.570796
84,47,-1.570796
84,51,1.570796
84,57,-0.321751
84,58,2.819842
84,63,3.141593
84,70,-1.570796
84,76,1.570796
84,78,-1.570796
84,81,1.570796
85,73,2.356194
86,48,1.570796
86,51,-1.570796
86,58,-0.321751
86,67,0.785398
86,73,-2.819842
86,78,1.570796
86,87,0.785398
86,90,2.356194
87,12,0.785398
87,29,-1.570796
87,71,0.000000
87,72,-1.892547
87,84,-1.570796
87,90,-2.819842
88,52,1.570796
88,56,-2.356194
88,60,-1.249046
88,61,3.141593
89,32,1.570796
89,44,1.570796
89,62,0.000000
89,63,1.892547
89,84,1.570796
90,38,1.570796
90,63,-1.249046
90,64,3.141593
90,74,3.141593
90,82,-1.570796
91,19,-1.570796
91,42,1.570796
91,52,-1.570796
91,58,1.570796
91,73,-1.570796
93,35,0.785398
93,53,1.570796
93,79,1.570796
93,82,1.570796
93,84,0.785398
94,49,-1.570796
94,85,3.141593
94,88,1.570796
95,32,2.356194
95,57,0.785398
95,65,0.000000
96,32,3.141593
96,61,-1.570796
96,67,-2.356194
96,81,0.785398
97,32,-1.570796
97,36,-1.570796
97,39,-1.570796
97,50,0.785398
97,71,0.000000
97,78,-1.570796
97,82,-2.356194
97,84,-0.785398
97,85,-1.892547
98,33,-2.356194
98,43,-1.570796
98,47,-1.570796
98,51,-2.356194
98,55,-2.356194
98,59,-2.356194
