5,42,1.249046
5,43,2.356194
6,33,1.249046
6,34,2.356194
6,49,1.570796
6,51,1.249046
6,52,2.356194
7,42,-2.356194
7,49,0.000000
8,19,1.249046
8,20,2.356194
8,27,0.785398
8,28,1.570796
8,29,2.356194
8,60,1.570796
8,65,1.249046
8,66,2.356194
9,32,-1.570796
9,48,0.321751
10,15,1.249046
10,16,3.141593
10,19,-1.570796
10,33,1.570796
10,42,2.356194
10,65,-2.356194
10,78,1.570796
11,33,0.000000
11,35,1.892547
11,42,3.141593
11,47,0.321751
11,49,2.819842
11,58,0.321751
12,38,1.892547
13,11,1.249046
13,12,3.141593
13,14,-1.570796
13,32,0.321751
13,44,2.356194
13,46,-0.785398
13,47,-1.570796
13,58,-2.819842
15,9,0.321751
15,28,2.356194
15,33,-2.356194
15,34,-0.785398
15,53,1.249046
15,58,2.819842
15,83,2.356194
16,9,-0.785398
16,26,0.785398
16,41,-1.249046
16,65,2.356194
16,73,0.321751
17,29,0.000000
17,30,1.570796
17,31,2.356194
17,45,2.356194
17,59,2.819842
17,65,3.141593
18,35,0.785398
18,42,0.000000
18,48,0.785398
18,70,1.249046
19,28,-2.356194
19,29,-0.785398
19,30,-2.356194
19,37,3.141593
19,40,1.249046
19,41,3.141593
19,61,2.356194
19,62,-0.785398
19,67,2.356194
20,21,0.000000
20,22,1.570796
20,34,0.785398
20,45,3.141593
20,49,-1.570796
20,56,-1.570796
20,73,-2.356194
21,47,0.785398
21,61,1.570796
21,64,-1.570796
21,77,0.321751
22,9,2.356194
22,24,-1.892547
22,38,-1.249046
22,49,3.141593
22,53,-1.570796
22,57,2.356194
22,67,3.141593
22,71,-0.785398
23,33,1.249046
23,34,2.356194
23,47,1.570796
23,51,0.785398
23,55,-1.570796
23,68,0.000000
23,69,1.892547
23,75,1.249046
23,77,3.141593
24,38,0.785398
24,44,-2.356194
24,46,-0.785398
24,47,-2.356194
24,52,-1.249046
24,73,2.356194
24,84,0.321751
24,86,3.141593
25,6,0.321751
25,12,0.785398
25,13,1.570796
25,14,2.356194
25,39,-1.249046
25,48,1.570796
25,67,2.356194
25,68,-0.785398
25,69,-1.892547
25,77,-2.819842
25,84,-0.785398
26,6,-0.785398
26,34,2.356194
26,42,-1.249046
26,43,3.141593
26,48,-0.785398
26,50,1.892547
26,63,0.785398
26,72,2.356194
26,84,2.356194
27,12,0.321751
27,26,0.321751
27,36,-1.249046
27,37,-2.356194
27,45,0.785398
27,52,1.570796
27,70,1.249046
27,72,3.141593
27,84,3.141593
28,19,0.785398
28,20,1.570796
28,22,1.570796
28,23,2.356194
29,12,-0.321751
29,24,0.785398
29,34,1.892547
29,44,0.785398
29,75,1.570796
29,76,2.356194
29,77,-0.785398
29,84,3.141593
30,35,-2.356194
30,53,0.000000
30,54,-1.570796
30,84,-2.356194
31,6,0.785398
31,21,-1.249046
31,26,-2.819842
31,29,-0.321751
31,43,0.785398
31,58,-1.249046
31,70,3.141593
31,73,-0.321751
32,11,0.785398
32,33,-1.249046
32,34,-2.356194
32,44,-1.249046
32,45,-2.356194
32,46,-0.785398
32,47,-1.892547
32,56,2.356194
32,60,-1.249046
32,61,-2.356194
32,64,-1.570796
32,67,-1.570796
32,89,2.356194
33,38,3.141593
33,49,-0.785398
33,50,-2.356194
33,65,0.000000
33,69,-0.785398
33,73,3.141593
33,87,2.356194
33,89,3.141593
34,4,-0.785398
34,14,-1.570796
34,15,-2.356194
34,16,0.785398
34,17,1.570796
34,18,2.356194
34,19,0.785398
34,20,1.570796
34,27,2.356194
34,28,-0.785398
34,29,-1.570796
34,30,-2.356194
34,32,0.785398
34,33,1.892547
34,43,1.249046
34,44,2.356194
34,45,0.785398
34,46,1.570796
34,47,2.356194
34,48,0.000000
34,62,0.785398
34,63,1.892547
34,89,-2.356194
35,11,-0.785398
35,12,-1.892547
35,39,0.000000
35,40,0.785398
35,51,2.356194
35,53,0.785398
35,54,1.892547
35,65,2.356194
35,74,0.785398
35,80,3.141593
35,86,-2.819842
36,19,-0.785398
36,24,-1.249046
36,26,-1.570796
36,27,3.141593
36,30,1.249046
36,31,2.356194
36,32,-0.785398
36,33,-1.892547
36,48,-0.785398
36,69,-1.249046
36,71,3.141593
36,90,2.819842
37,14,1.249046
37,15,2.356194
37,16,-0.785398
37,17,-1.892547
37,37,0.000000
37,38,1.570796
37,39,2.356194
37,40,-0.785398
37,51,-2.356194
37,53,-0.785398
37,54,-1.892547
37,66,3.141593
38,22,-2.356194
38,23,0.785398
38,24,1.570796
38,30,-1.249046
38,32,1.892547
38,48,1.570796
38,49,3.141593
38,57,-2.356194
38,62,-0.785398
38,68,2.356194
38,70,-0.785398
38,72,2.819842
38,77,-1.249046
38,79,2.356194
38,83,1.892547
38,90,-2.819842
39,3,0.321751
39,5,-2.356194
39,7,0.785398
39,8,2.356194
39,17,1.249046
39,18,2.356194
39,19,-0.785398
39,20,-1.892547
39,36,0.785398
39,39,-2.356194
39,41,-0.785398
39,42,-1.570796
39,43,-2.356194
39,44,-0.785398
39,45,-1.892547
39,64,-1.249046
39,65,-2.356194
39,66,-0.785398
40,3,-0.785398
40,14,-0.785398
40,15,-2.356194
40,29,2.356194
40,31,-0.785398
40,32,-1.892547
40,48,-0.785398
40,49,-2.356194
40,52,3.141593
40,59,1.249046
40,60,2.356194
40,62,3.141593
40,70,1.249046
40,79,-0.785398
40,83,-1.570796
40,86,0.785398
41,3,0.785398
41,23,-0.785398
41,46,0.000000
41,58,-0.785398
41,59,-1.892547
41,77,1.570796
41,78,3.141593
41,87,-1.249046
41,89,3.141593
42,3,0.000000
42,5,0.785398
42,6,1.570796
42,8,-1.892547
42,17,-0.785398
42,18,-2.356194
42,28,-2.356194
42,32,0.785398
42,33,1.892547
42,37,2.356194
42,53,0.000000
42,64,-0.785398
42,83,2.819842
42,89,-2.356194
43,13,1.249046
43,14,2.356194
43,29,0.000000
43,68,-1.570796
43,73,3.141593
43,80,0.785398
43,81,2.356194
43,83,-1.570796
44,3,0.000000
44,8,2.356194
44,11,0.785398
44,25,-0.785398
44,26,-1.570796
44,33,-1.570796
44,45,0.000000
44,46,3.141593
44,71,-1.570796
44,91,3.141593
45,7,-1.892547
45,28,-1.249046
45,29,-2.356194
45,31,0.785398
45,37,-0.785398
45,39,0.000000
45,40,1.892547
45,53,2.356194
45,57,3.141593
45,68,1.249046
45,69,2.356194
45,82,-2.356194
45,83,-0.785398
45,84,-1.570796
45,85,3.141593
46,3,0.000000
46,5,-1.892547
46,12,0.000000
46,33,-2.356194
46,34,0.785398
46,35,1.892547
46,42,0.785398
46,43,1.570796
46,44,2.356194
46,64,1.249046
46,65,2.356194
46,73,0.321751
47,3,-0.785398
47,30,0.785398
47,38,-2.356194
47,47,0.785398
47,48,1.892547
47,51,0.000000
47,52,-1.570796
47,54,1.570796
47,55,2.356194
47,73,-0.785398
48,3,0.785398
48,11,-0.785398
48,19,1.249046
48,20,2.356194
48,33,2.356194
48,34,-0.785398
48,41,-2.356194
48,42,-0.785398
48,43,-2.356194
48,50,0.000000
48,56,-2.356194
48,64,-1.249046
48,65,-2.356194
48,67,-0.785398
48,68,-1.570796
48,69,3.141593
48,77,2.819842
48,90,-2.356194
49,3,0.000000
49,45,2.356194
49,60,1.570796
49,73,-0.785398
50,3,-1.570796
50,24,0.000000
50,41,2.356194
50,56,2.356194
50,59,-0.785398
50,67,0.785398
50,75,0.000000
50,76,-0.785398
50,77,-1.570796
51,10,1.249046
51,11,2.356194
51,14,-0.785398
51,15,-1.570796
51,16,-2.356194
51,18,-0.785398
51,19,-1.570796
51,20,-2.356194
51,21,0.785398
51,37,-0.785398
51,38,-1.892547
51,44,-1.249046
51,46,1.892547
51,72,0.785398
51,81,2.819842
51,87,1.570796
52,30,1.249046
52,32,-1.892547
52,40,-0.785398
52,41,-2.356194
52,57,0.785398
52,58,1.570796
52,59,2.356194
52,75,-2.356194
52,81,-1.570796
52,89,1.892547
53,2,0.785398
53,8,-0.785398
53,21,-0.785398
53,22,-1.570796
53,23,-2.356194
53,24,0.785398
53,25,1.570796
53,27,1.570796
53,38,1.249046
53,44,2.356194
53,52,-2.356194
53,54,-0.785398
53,60,0.000000
53,70,0.000000
53,72,-0.785398
53,73,-1.892547
53,91,3.141593
54,2,-0.321751
54,4,2.356194
54,36,-2.356194
54,40,0.000000
54,42,-0.785398
54,48,-1.249046
54,49,-2.356194
54,57,-0.785398
54,58,-1.570796
54,67,3.141593
54,78,0.000000
54,79,3.141593
54,86,2.356194
54,89,-1.570796
55,9,0.000000
55,10,-1.570796
55,11,-2.356194
55,25,-0.785398
55,30,-2.356194
55,33,-0.785398
55,34,-1.892547
55,44,0.000000
55,54,3.141593
55,60,0.000000
55,70,1.570796
55,72,0.000000
55,75,3.141593
55,83,-0.785398
55,84,-1.570796
56,6,1.249046
56,7,2.356194
56,48,0.000000
56,50,0.785398
56,56,0.000000
56,58,0.785398
56,89,-2.356194
56,90,3.141593
57,6,-1.892547
57,13,1.249046
57,14,2.356194
57,15,3.141593
57,28,0.785398
57,44,-2.356194
57,46,3.141593
57,52,-2.356194
57,54,3.141593
57,62,3.141593
57,68,0.000000
57,69,-0.785398
57,70,-1.570796
57,71,3.141593
58,3,0.000000
58,4,-1.892547
58,10,1.249046
58,11,2.356194
58,12,-0.785398
58,13,-1.892547
58,48,0.000000
58,57,0.000000
58,58,-0.785398
58,66,0.785398
58,72,0.000000
58,75,0.785398
58,76,1.570796
58,77,2.356194
58,87,0.785398
59,7,1.249046
59,8,2.356194
59,9,-0.785398
59,10,-1.892547
59,17,0.785398
59,27,-0.785398
59,28,-1.892547
59,38,-1.570796
59,43,1.570796
59,45,1.892547
59,53,0.000000
59,60,0.000000
59,62,0.785398
59,67,-1.249046
59,69,1.570796
59,87,-0.785398
59,88,3.141593
60,2,0.785398
60,5,1.249046
60,7,-1.892547
60,13,1.249046
60,14,2.356194
60,15,3.141593
60,17,0.000000
60,41,-1.892547
60,47,2.356194
60,49,0.785398
60,50,1.892547
60,58,0.785398
60,64,-2.356194
60,71,-1.249046
60,73,1.570796
60,84,0.785398
60,85,1.570796
60,86,3.141593
60,90,3.141593
61,2,0.000000
61,4,-0.785398
61,5,-1.892547
61,12,-0.785398
61,17,-1.570796
61,38,-0.785398
61,43,-0.321751
61,51,-2.356194
61,52,0.785398
61,53,1.892547
61,60,-2.356194
61,66,0.000000
61,67,0.785398
61,75,-1.249046
61,76,-2.356194
61,77,0.785398
61,78,1.892547
62,2,-0.785398
62,7,1.249046
62,8,2.356194
62,15,2.356194
62,47,0.000000
62,55,2.356194
62,58,0.000000
62,64,0.000000
62,70,-2.356194
62,71,0.785398
62,78,-1.249046
62,79,-2.356194
62,85,2.356194
63,2,0.785398
63,5,1.249046
63,7,-1.892547
63,43,-0.785398
63,52,-0.785398
63,59,0.000000
63,62,3.141593
63,72,-1.249046
63,73,-2.356194
63,88,0.000000
64,10,1.249046
64,11,2.356194
64,12,-0.785398
64,17,1.249046
64,18,3.141593
64,29,1.249046
64,30,2.356194
64,31,3.141593
64,33,0.000000
64,37,0.785398
64,38,1.892547
64,47,-2.356194
64,49,0.785398
64,50,2.356194
64,55,0.785398
64,56,2.356194
64,69,-2.356194
64,70,3.141593
65,9,0.000000
65,10,-1.892547
65,15,2.356194
65,16,-0.785398
65,17,-1.892547
65,28,-0.785398
65,29,-1.892547
65,38,-1.249046
65,39,-2.356194
65,41,0.785398
65,42,1.892547
65,44,1.249046
65,45,3.141593
65,55,-0.785398
65,62,3.141593
65,72,0.000000
65,80,0.785398
66,5,1.570796
66,7,1.249046
66,8,3.141593
66,42,-1.249046
66,48,0.000000
66,49,-0.785398
66,56,0.000000
66,69,0.785398
66,70,1.892547
66,76,2.356194
66,87,-1.249046
66,89,2.356194
67,5,-0.785398
67,7,-1.892547
67,11,1.249046
67,13,-1.892547
67,18,1.249046
67,19,3.141593
67,46,3.141593
67,53,1.570796
67,54,2.356194
67,62,0.000000
67,63,0.785398
67,64,2.356194
67,72,1.570796
67,73,2.356194
67,77,0.000000
67,78,1.892547
67,81,-0.785398
67,82,-2.356194
67,83,0.785398
67,84,1.892547
67,89,-2.356194
68,4,1.570796
68,17,-0.785398
68,22,1.249046
68,23,2.356194
68,41,0.785398
68,42,1.892547
68,48,0.000000
68,69,0.000000
68,78,-1.249046
68,80,2.356194
69,3,0.321751
69,4,-2.819842
69,8,1.249046
69,20,2.356194
69,21,-0.785398
69,22,-1.892547
69,42,-1.249046
69,43,-2.356194
69,44,0.785398
69,45,1.892547
69,54,-2.356194
69,55,0.785398
69,63,-0.785398
69,64,-1.570796
69,75,-0.321751
69,80,-1.570796
69,85,-1.249046
69,86,3.141593
69,91,3.141593
70,7,0.000000
70,8,-1.892547
70,11,0.785398
70,13,2.356194
70,30,1.249046
70,31,2.356194
70,36,3.141593
70,45,-1.249046
70,46,-2.356194
70,47,0.785398
70,48,1.892547
70,56,-1.249046
70,57,-2.356194
70,59,3.141593
70,66,-1.249046
70,67,-2.356194
70,76,-1.249046
70,77,3.141593
70,81,0.000000
71,3,0.000000
71,13,-1.570796
71,16,1.249046
71,22,1.249046
71,23,2.356194
71,24,0.785398
71,25,1.570796
71,26,2.356194
71,29,-0.785398
71,30,-1.892547
71,38,0.000000
71,40,0.785398
71,41,1.892547
71,50,1.892547
71,54,2.356194
71,62,0.000000
71,63,0.785398
71,64,1.892547
71,69,0.000000
71,70,1.892547
71,74,2.819842
71,78,1.570796
71,82,-1.249046
71,83,3.141593
71,87,-1.570796
72,3,-0.785398
72,9,1.249046
72,20,2.356194
72,21,-0.785398
72,22,-1.892547
72,41,-1.249046
72,42,-2.356194
72,48,-1.570796
72,58,0.000000
72,60,3.141593
72,64,-1.249046
72,65,-2.356194
72,70,-1.249046
72,71,3.141593
72,78,-0.321751
72,84,1.570796
73,3,0.000000
73,17,0.785398
73,19,-1.892547
73,24,0.000000
73,29,1.249046
73,30,2.356194
73,36,3.141593
73,46,0.785398
73,53,-1.570796
73,54,-2.356194
73,55,0.785398
73,56,1.892547
73,67,1.570796
73,74,-0.785398
73,76,1.892547
73,79,-1.249046
73,80,3.141593
73,85,3.141593
74,2,0.785398
74,5,2.356194
74,12,0.000000
74,13,-1.892547
74,17,-1.570796
74,22,1.249046
74,23,3.141593
74,28,0.000000
74,29,-1.892547
74,39,0.000000
74,47,-1.249046
74,48,-2.356194
74,50,-0.785398
74,51,-1.892547
74,56,-1.249046
74,58,1.892547
74,68,3.141593
75,2,-0.321751
75,9,0.000000
75,19,1.249046
75,20,2.356194
75,21,-0.785398
75,22,-1.892547
75,26,0.000000
75,27,0.000000
75,34,3.141593
75,43,3.141593
75,73,-0.321751
76,18,0.000000
76,19,-1.892547
76,24,2.356194
76,28,0.785398
76,29,2.356194
76,45,0.000000
76,46,0.785398
76,47,1.892547
76,59,-1.249046
76,61,1.892547
76,70,0.000000
76,75,2.819842
76,79,2.819842
76,83,1.570796
77,7,1.249046
77,9,-2.356194
77,16,1.249046
77,17,3.141593
77,23,0.000000
77,47,-1.249046
77,48,-2.356194
77,49,0.785398
77,50,1.892547
77,55,0.000000
77,56,0.785398
77,57,1.892547
77,61,-1.249046
77,63,1.892547
77,67,1.570796
77,79,-1.570796
77,89,1.570796
78,4,0.000000
78,5,1.570796
78,7,-1.892547
78,10,0.785398
78,11,3.141593
78,21,1.570796
78,24,1.570796
78,29,-2.356194
78,50,-1.249046
78,52,1.892547
78,57,-1.249046
78,59,1.892547
78,72,3.141593
78,75,-0.321751
78,80,0.000000
78,81,1.892547
78,85,-1.570796
78,89,-0.785398
78,90,3.141593
79,10,-1.570796
79,14,0.000000
79,19,1.249046
79,21,-2.356194
79,24,-0.785398
79,25,-2.356194
79,26,-0.785398
79,27,-1.892547
79,52,-1.249046
79,54,1.892547
79,64,-1.249046
79,65,3.141593
79,77,2.819842
79,91,-2.356194
80,4,0.000000
80,5,-1.570796
80,6,3.141593
80,8,0.785398
80,9,2.356194
80,16,0.785398
80,17,2.356194
80,18,-0.785398
80,19,-1.892547
80,22,0.785398
80,23,3.141593
80,30,0.000000
80,31,3.141593
80,54,-1.249046
80,56,1.892547
80,70,0.000000
80,83,2.819842
80,87,-0.785398
81,3,3.141593
81,11,1.249046
81,12,3.141593
81,16,-1.570796
81,22,-1.570796
81,34,1.249046
81,35,2.356194
81,50,0.785398
81,51,1.892547
81,61,-1.249046
81,62,3.141593
81,67,0.000000
81,71,-1.570796
81,74,-2.356194
81,83,-1.570796
81,88,0.000000
82,2,-0.785398
82,7,-2.819842
82,9,0.000000
82,14,1.249046
82,15,3.141593
82,26,2.356194
82,32,1.249046
82,34,-1.892547
82,42,0.000000
82,43,1.892547
82,51,-1.249046
82,53,1.892547
82,57,-1.249046
82,59,1.892547
82,68,-1.570796
82,79,-2.356194
82,84,0.000000
82,85,1.892547
82,89,-1.570796
83,5,0.000000
83,6,-1.892547
83,9,-1.570796
83,19,1.570796
83,25,-0.785398
83,29,1.249046
83,30,2.356194
83,31,-0.785398
83,32,-1.892547
83,43,-1.249046
83,44,-2.356194
83,46,0.785398
83,47,1.892547
83,53,-1.249046
83,54,3.141593
83,74,3.141593
83,79,-1.570796
83,86,2.819842
84,8,1.570796
84,11,0.000000
84,13,-1.892547
84,18,0.321751
84,19,-2.819842
84,28,0.000000
84,29,-1.892547
84,47,-1.249046
84,49,1.892547
84,55,-2.356194
84,65,0.000000
84,66,1.892547
84,86,-1.570796
84,91,-2.356194
85,7,0.000000
85,11,-1.570796
85,32,1.249046
85,33,2.356194
85,43,3.141593
85,49,-1.249046
85,51,1.892547
85,61,-1.249046
85,62,3.141593
85,66,-1.249046
85,67,3.141593
85,71,0.000000
85,83,1.570796
85,87,0.000000
86,6,1.570796
86,10,1.570796
86,16,1.249046
86,31,-0.785398
86,32,-1.892547
86,46,0.785398
86,51,-1.249046
86,52,-2.356194
86,53,3.141593
86,64,3.141593
86,72,-1.570796
86,88,-1.570796
87,6,-2.819842
87,10,-2.819842
87,15,-0.785398
87,47,-2.356194
87,68,-1.570796
87,73,-2.356194
87,78,0.000000
87,84,1.570796
87,89,1.570796
88,17,0.000000
88,26,0.000000
88,36,3.141593
88,40,0.000000
88,42,3.141593
88,61,0.785398
88,75,0.785398
88,85,3.141593
88,89,-0.321751
88,90,2.819842
89,3,0.321751
89,32,0.000000
89,48,-0.785398
89,57,0.785398
89,62,-2.356194
89,66,0.000000
89,77,3.141593
89,81,-2.356194
89,86,1.570796
89,90,-1.570796
90,3,-0.785398
90,9,0.785398
90,10,2.356194
90,18,-2.356194
90,19,3.141593
90,29,0.000000
90,30,3.141593
90,36,0.000000
90,39,3.141593
90,87,3.141593
90,91,-2.356194
91,9,-0.785398
91,22,1.570796
91,42,0.000000
91,43,3.141593
91,68,-1.570796
91,71,0.785398
91,74,0.785398
91,83,1.570796
92,14,-0.785398
92,15,-1.892547
92,22,-1.570796
93,18,1.570796
93,25,1.570796
93,28,2.356194
93,37,0.000000
93,41,3.141593
93,51,0.000000
93,89,1.570796
94,3,0.321751
94,4,-2.819842
94,7,0.321751
94,24,0.000000
94,25,-2.356194
94,27,0.000000
94,66,0.000000
94,74,-2.356194
94,76,-1.570796
94,81,0.785398
94,90,3.141593
95,7,-1.570796
95,20,1.570796
95,23,1.570796
95,64,1.570796
95,71,0.785398
95,86,0.000000
96,2,0.321751
96,5,1.570796
96,6,3.141593
96,9,-0.785398
96,20,0.785398
96,22,0.000000
96,23,-2.356194
96,38,0.000000
96,40,3.141593
96,55,-1.570796
96,64,-0.321751
96,65,2.819842
96,72,-2.356194
96,77,0.000000
96,82,-1.570796
96,87,-1.570796
97,21,-2.356194
97,24,-2.356194
97,34,1.570796
97,42,0.000000
97,44,3.141593
97,49,0.785398
97,65,-1.570796
97,69,-2.356194
97,89,3.141593
97,91,-1.570796
98,3,-2.356194
98,4,-0.785398
98,9,-1.570796
98,15,-1.570796
98,34,-1.570796
98,51,3.141593
98,62,-1.570796
98,66,-2.356194
98,80,-2.356194
