4,47,-0.785398
4,48,-1.570796
4,50,-2.356194
5,42,1.249046
5,43,3.141593
6,39,1.249046
6,40,2.356194
6,41,-0.785398
6,71,1.570796
6,72,2.356194
6,75,0.785398
6,76,1.892547
7,50,1.249046
7,59,1.892547
7,84,0.785398
8,26,0.785398
8,27,1.892547
8,61,2.356194
8,62,-0.785398
8,63,-1.570796
8,65,-1.570796
8,66,-2.356194
8,76,-0.785398
8,85,-2.356194
9,17,1.249046
9,18,3.141593
9,40,3.141593
9,45,0.000000
9,46,1.570796
9,47,2.356194
9,48,-0.785398
9,49,-1.892547
10,33,1.249046
10,61,2.819842
11,10,1.249046
11,11,2.356194
11,15,-0.785398
11,29,3.141593
11,32,0.321751
11,46,0.785398
11,51,-0.785398
11,71,-2.819842
11,76,2.356194
12,43,0.000000
12,44,1.892547
12,57,-0.785398
12,61,-2.819842
12,74,0.785398
12,86,2.819842
13,8,0.321751
13,18,0.000000
13,19,1.570796
13,28,0.321751
13,48,0.000000
13,49,1.892547
13,64,1.249046
13,72,0.785398
13,86,-2.356194
14,8,-0.785398
14,28,-0.785398
14,63,0.321751
15,18,0.321751
15,32,3.141593
15,39,2.356194
15,41,0.785398
15,42,1.570796
15,44,-1.570796
15,48,-0.785398
15,78,0.785398
15,79,2.356194
15,81,-0.785398
15,82,-1.892547
16,32,-2.356194
16,50,-1.249046
16,59,-1.249046
16,60,-2.356194
16,63,3.141593
16,69,0.000000
16,71,1.892547
16,74,2.356194
16,78,-0.785398
17,18,0.000000
17,29,2.819842
17,38,-2.356194
17,72,-2.356194
17,78,2.356194
18,38,2.356194
18,42,0.785398
18,44,1.249046
18,46,-1.570796
18,47,-2.356194
18,57,2.819842
18,62,0.321751
18,76,1.570796
18,82,0.785398
18,83,1.892547
19,29,-1.570796
19,30,-2.356194
19,34,0.785398
19,35,1.570796
19,36,2.356194
19,49,0.000000
19,50,1.570796
19,51,2.356194
19,57,-2.356194
19,62,-0.785398
19,65,-1.249046
19,66,3.141593
19,81,0.785398
19,86,2.356194
20,41,-0.785398
20,57,2.356194
20,67,1.570796
20,77,2.819842
20,81,-0.321751
21,13,2.356194
21,22,-2.819842
21,27,2.819842
21,32,0.000000
21,38,-1.892547
21,44,0.785398
21,45,2.356194
21,50,2.356194
21,60,1.249046
21,62,-1.570796
21,64,1.892547
22,16,-1.892547
22,32,-0.785398
22,35,-0.785398
22,36,-1.892547
22,44,-0.785398
22,70,-1.249046
22,72,-1.892547
23,8,0.785398
23,29,2.356194
23,32,0.785398
23,63,1.570796
23,66,-1.249046
23,74,0.321751
24,8,-0.785398
24,9,-2.356194
24,18,0.321751
24,34,2.356194
24,35,0.785398
24,36,1.570796
24,37,2.356194
24,38,0.785398
24,39,1.892547
24,42,1.249046
24,55,-1.892547
24,57,-1.249046
24,63,-2.819842
24,89,2.819842
25,28,-0.785398
25,47,2.356194
25,49,-0.785398
25,50,-1.570796
26,23,-1.249046
26,24,-2.356194
26,25,0.785398
26,26,1.570796
26,27,3.141593
26,39,-1.570796
26,54,3.141593
26,69,1.249046
26,71,1.892547
26,87,-1.249046
26,89,3.141593
27,14,-1.892547
27,33,-2.356194
27,41,0.000000
27,45,-1.892547
27,52,-0.785398
27,63,0.785398
27,64,1.570796
27,65,2.356194
27,66,0.785398
27,67,1.570796
27,89,-2.356194
28,7,0.785398
28,28,1.249046
28,29,2.356194
28,30,-0.785398
28,31,-1.892547
28,40,3.141593
28,47,-1.570796
28,59,-0.785398
29,7,-0.321751
29,20,0.000000
29,22,1.892547
29,24,1.249046
29,26,-1.570796
29,89,2.356194
30,20,-0.785398
30,28,-2.356194
30,34,0.000000
30,36,-0.785398
30,56,0.785398
30,67,0.785398
30,74,-2.819842
30,77,-0.785398
30,79,-1.249046
30,89,3.141593
31,18,2.819842
31,24,-1.570796
31,30,1.249046
31,32,1.892547
31,56,-0.321751
31,57,2.819842
31,59,0.785398
31,62,2.356194
31,67,0.000000
31,89,-2.356194
32,6,-1.570796
32,12,0.785398
32,18,-1.570796
32,26,2.356194
32,27,-0.785398
32,38,-0.785398
32,39,3.141593
32,67,-0.785398
32,73,-2.356194
32,77,2.356194
32,85,0.785398
32,86,2.356194
32,89,2.356194
33,10,-1.892547
33,25,-1.892547
33,36,-2.356194
33,54,0.785398
33,67,0.785398
33,70,0.000000
33,77,3.141593
33,81,-0.321751
33,89,3.141593
34,13,0.000000
34,15,1.570796
34,16,2.356194
34,18,-0.785398
34,29,0.000000
34,31,-1.892547
34,45,0.785398
34,56,-0.785398
34,72,-2.356194
34,75,0.785398
35,23,-1.570796
35,29,-1.570796
35,45,-0.785398
35,46,-2.356194
35,52,0.785398
35,54,-1.892547
35,58,-1.570796
35,62,0.000000
35,65,0.785398
35,75,0.000000
35,89,-2.819842
36,11,1.249046
36,20,2.356194
36,24,1.570796
36,35,2.356194
36,44,-0.785398
36,52,-0.785398
36,62,-0.785398
36,75,-0.785398
36,77,-1.249046
36,78,-2.356194
37,7,1.249046
37,9,1.570796
37,26,1.892547
37,28,2.356194
37,34,-2.356194
37,37,3.141593
37,41,-1.570796
37,73,1.570796
37,75,2.356194
38,52,-1.570796
38,71,1.892547
38,89,2.819842
39,43,2.356194
39,61,2.356194
39,64,-0.785398
39,79,1.249046
39,80,3.141593
39,85,-1.570796
39,89,-2.356194
40,12,-2.819842
40,17,2.819842
40,40,2.356194
40,58,0.321751
40,61,-2.819842
40,66,-0.785398
40,89,2.356194
41,4,0.321751
41,27,-1.249046
41,32,0.000000
41,33,1.892547
41,39,-1.570796
41,46,0.000000
41,48,3.141593
41,58,-1.570796
41,63,1.570796
41,76,1.570796
41,87,0.785398
41,89,-2.819842
42,4,-1.570796
42,7,0.321751
42,17,0.000000
42,22,-1.892547
42,34,-2.356194
42,38,1.570796
42,43,0.000000
42,44,3.141593
42,52,1.570796
42,57,1.570796
42,63,2.356194
42,67,0.000000
42,68,1.892547
42,78,-1.249046
42,79,-2.356194
42,85,0.000000
43,7,-0.785398
43,24,0.321751
43,29,-0.785398
43,30,3.141593
43,37,-0.785398
43,38,-2.356194
43,57,-2.819842
43,60,2.356194
43,62,0.321751
43,63,-2.819842
43,65,1.570796
43,70,3.141593
44,14,-2.356194
44,15,0.785398
44,19,-2.356194
44,24,-0.785398
44,26,0.000000
44,31,-0.785398
44,40,0.785398
44,41,1.570796
44,42,2.356194
44,47,2.356194
44,60,-2.819842
44,62,-0.785398
44,67,0.321751
44,70,-2.356194
44,89,2.819842
45,8,-0.785398
45,12,-0.785398
45,33,-1.249046
45,34,3.141593
45,55,-1.892547
45,58,0.321751
45,62,0.000000
45,67,-0.785398
45,81,-0.321751
45,89,-2.356194
46,27,-1.570796
46,29,1.570796
46,36,0.785398
46,37,1.892547
46,58,-1.570796
46,63,0.000000
46,67,2.356194
46,70,2.356194
47,3,0.785398
47,7,1.570796
47,11,0.000000
47,16,2.356194
47,29,-0.785398
47,30,-2.356194
47,31,0.785398
47,32,1.892547
47,37,-1.249046
47,38,-2.356194
47,40,-0.785398
47,41,-1.570796
47,42,-2.356194
47,45,0.785398
47,46,1.892547
47,53,-1.570796
47,57,1.570796
47,63,2.356194
47,72,2.356194
47,88,0.000000
47,90,2.819842
48,3,0.000000
48,6,-0.785398
48,16,-2.356194
48,19,0.000000
48,20,-1.892547
48,27,0.000000
48,32,-1.249046
48,34,1.892547
48,60,-0.785398
48,84,-2.356194
48,90,-2.356194
49,3,-0.785398
49,10,2.356194
49,18,3.141593
49,28,-1.249046
49,29,3.141593
49,34,-1.249046
49,35,-2.356194
49,36,0.785398
49,37,1.892547
49,90,2.356194
50,15,0.785398
50,17,-1.892547
50,25,-2.356194
50,31,0.785398
50,32,1.892547
50,37,-1.249046
50,38,-2.356194
50,81,-2.356194
50,85,1.249046
50,87,-1.570796
50,90,-2.819842
51,15,-0.785398
51,21,0.785398
51,27,0.000000
51,28,1.892547
51,32,-1.249046
51,34,1.892547
51,43,0.785398
51,44,1.570796
51,46,-1.892547
51,50,0.000000
51,60,1.570796
51,64,-1.570796
51,65,-2.356194
51,83,1.249046
52,3,0.785398
52,15,2.356194
52,36,0.785398
52,37,1.892547
52,58,1.249046
52,60,-2.356194
52,69,-1.892547
52,88,0.000000
52,90,2.819842
53,3,0.000000
53,11,-1.570796
53,13,1.570796
53,15,-2.356194
53,18,1.570796
53,22,-0.321751
53,25,1.892547
53,30,-2.356194
53,38,-2.356194
53,44,2.356194
53,53,2.356194
53,55,-0.785398
53,56,-1.570796
53,62,-2.819842
53,71,0.321751
53,75,3.141593
53,90,-2.356194
54,3,-0.785398
54,16,0.785398
54,27,0.785398
54,32,0.785398
54,43,-0.785398
54,51,0.321751
54,60,-0.785398
54,61,-1.892547
54,66,0.000000
54,90,2.356194
55,9,0.000000
55,20,1.249046
55,49,1.570796
55,64,1.249046
55,65,3.141593
55,70,-0.785398
55,71,-2.356194
55,73,1.249046
55,75,-1.570796
55,76,-2.356194
55,82,0.000000
55,83,-1.570796
55,84,-2.356194
55,87,-1.249046
55,90,-2.819842
56,3,0.785398
56,30,-2.356194
56,31,-0.785398
56,39,1.570796
56,40,2.356194
56,49,0.785398
56,68,-1.570796
56,80,0.785398
57,3,0.000000
57,9,0.000000
57,19,-1.892547
57,22,-0.321751
57,33,-1.249046
57,34,-2.356194
57,35,0.785398
57,42,0.000000
57,43,1.570796
57,45,1.892547
57,49,-0.785398
57,51,-1.892547
57,61,2.356194
57,64,-2.356194
57,72,-1.570796
57,80,-1.570796
58,3,-0.785398
58,13,0.000000
58,17,-1.892547
58,29,-2.356194
58,36,-1.249046
58,37,-2.356194
58,38,-0.785398
58,39,-2.356194
58,66,1.570796
58,71,0.785398
58,83,0.000000
58,84,1.570796
58,86,1.892547
58,88,0.000000
58,90,2.819842
59,9,3.141593
59,31,0.785398
59,32,2.356194
59,42,-0.785398
59,43,-1.570796
59,52,0.000000
59,53,3.141593
59,57,1.249046
59,72,1.570796
59,90,-2.356194
60,3,0.785398
60,6,-0.785398
60,7,-1.892547
60,22,0.785398
60,31,-1.570796
60,33,0.000000
60,34,1.570796
60,35,2.356194
60,45,-2.356194
60,55,1.249046
60,57,-1.892547
60,61,0.785398
60,62,2.356194
60,67,-2.356194
60,84,0.785398
60,90,2.356194
61,3,0.000000
61,9,0.000000
61,15,2.356194
61,19,1.570796
61,28,2.356194
61,29,0.785398
61,37,0.785398
61,38,1.570796
61,39,2.356194
61,53,2.356194
61,54,-0.785398
61,79,2.356194
61,90,-2.819842
62,3,-0.785398
62,15,-2.819842
62,19,-2.819842
62,31,-2.356194
62,44,-0.785398
62,45,-1.570796
62,57,2.356194
62,58,0.785398
62,59,1.570796
62,65,-2.819842
62,79,-2.819842
62,83,1.570796
63,8,0.000000
63,9,-1.570796
63,23,3.141593
63,34,-1.249046
63,36,1.570796
63,51,-0.785398
63,63,-0.785398
63,64,-1.892547
63,81,1.249046
63,83,3.141593
64,3,0.785398
64,7,1.570796
64,38,-1.249046
64,39,-2.356194
64,41,0.785398
64,42,1.570796
64,43,2.356194
64,59,-0.785398
64,61,-1.892547
64,66,1.249046
64,67,2.356194
64,86,0.785398
65,3,0.000000
65,25,2.356194
65,34,0.785398
65,46,-0.785398
65,47,-1.892547
65,53,-0.785398
65,56,1.570796
65,64,1.249046
65,66,-1.892547
65,73,-2.356194
65,81,-1.249046
65,89,2.356194
66,3,-0.785398
66,20,0.321751
66,27,1.570796
66,37,2.356194
66,59,2.819842
66,69,0.321751
66,70,-2.819842
66,78,0.321751
66,89,-2.819842
67,16,0.785398
67,20,-1.570796
67,23,0.321751
67,41,-0.785398
67,42,-1.570796
67,43,-2.356194
67,52,-0.785398
67,61,1.249046
67,78,-1.570796
67,85,-1.249046
68,2,0.321751
68,12,1.570796
68,16,-0.785398
68,18,1.570796
68,19,3.141593
68,34,0.785398
68,47,0.785398
68,48,2.356194
68,65,1.570796
68,66,2.356194
68,67,0.785398
68,76,2.356194
68,77,0.000000
68,81,0.000000
68,88,-2.356194
69,2,-0.785398
69,10,-2.356194
69,12,3.141593
69,15,1.570796
69,23,-0.785398
69,35,-1.249046
69,37,1.570796
69,38,2.356194
69,56,2.356194
69,57,-0.785398
69,63,-1.892547
69,71,1.892547
69,74,0.000000
69,75,-1.892547
69,88,2.356194
70,5,-0.785398
70,15,-2.819842
70,46,-0.785398
70,47,-1.570796
70,48,-2.356194
70,53,-0.785398
70,65,-0.321751
70,73,3.141593
70,78,0.785398
70,82,0.000000
70,88,3.141593
71,11,0.321751
71,32,1.570796
71,33,2.356194
71,35,0.785398
71,58,2.356194
71,59,-0.785398
71,78,0.000000
71,80,1.892547
71,88,-2.356194
72,2,0.785398
72,11,-0.785398
72,25,0.321751
72,27,-2.356194
72,28,0.785398
72,29,2.356194
72,38,1.570796
72,39,2.356194
72,55,-0.785398
72,63,2.356194
72,66,3.141593
72,73,3.141593
72,83,2.819842
72,88,0.785398
73,2,0.000000
73,6,3.141593
73,8,2.356194
73,13,2.356194
73,18,2.356194
73,25,-1.570796
73,32,2.356194
73,48,0.785398
73,51,2.356194
73,74,0.000000
73,78,0.000000
73,88,0.000000
74,10,0.000000
74,13,-2.819842
74,17,0.000000
74,18,-2.356194
74,20,1.570796
74,28,0.321751
74,32,3.141593
74,59,-2.356194
74,68,1.570796
74,69,2.356194
74,72,1.570796
74,83,-1.570796
74,84,-2.356194
75,2,-0.321751
75,4,-2.819842
75,20,3.141593
75,28,-0.785398
75,39,-2.356194
75,40,0.785398
75,41,1.892547
75,48,0.000000
75,51,-2.356194
75,56,-0.785398
75,72,-0.321751
75,77,-0.785398
75,78,-2.356194
75,81,-0.785398
76,20,-2.356194
76,28,2.356194
76,68,-2.356194
76,79,1.570796
77,3,0.785398
77,9,2.819842
77,11,0.321751
77,13,2.819842
77,16,2.356194
77,27,0.321751
77,28,-2.819842
77,41,-0.785398
77,56,1.249046
77,82,3.141593
77,87,-0.785398
78,4,3.141593
78,13,-2.356194
78,15,0.321751
78,16,-2.819842
78,27,-0.785398
78,31,-0.785398
78,33,-2.356194
78,36,-1.570796
78,52,1.249046
78,53,2.356194
78,66,-2.356194
78,69,0.785398
78,77,0.785398
79,11,-2.819842
79,13,0.785398
79,33,0.785398
79,38,2.356194
79,39,0.785398
79,43,1.892547
79,58,-1.570796
79,69,0.000000
79,84,2.356194
80,13,0.000000
80,15,3.141593
80,33,0.000000
80,45,0.785398
80,46,1.570796
80,47,2.356194
80,60,-2.356194
80,69,-0.785398
80,78,0.000000
80,81,0.785398
80,84,-2.819842
80,87,2.356194
81,3,0.321751
81,13,-1.570796
81,15,-2.356194
81,31,2.356194
81,33,-0.785398
81,43,-0.785398
81,57,2.819842
81,72,0.785398
81,78,-0.785398
81,87,-2.819842
82,3,-0.785398
82,6,0.000000
82,8,-1.570796
82,12,3.141593
82,33,2.356194
82,36,-2.356194
82,50,0.321751
82,61,1.570796
82,63,2.356194
82,66,0.785398
82,69,2.356194
82,72,0.000000
82,83,-1.570796
83,6,-0.785398
83,29,-0.785398
83,33,3.141593
83,43,-1.570796
83,46,0.785398
83,50,-1.570796
83,52,-1.570796
83,59,1.892547
83,66,0.000000
83,69,3.141593
83,72,-0.785398
83,74,-1.249046
83,79,-2.356194
83,80,-0.785398
83,81,-1.892547
84,3,0.785398
84,6,2.356194
84,10,1.570796
84,22,0.785398
84,26,2.356194
84,31,-0.785398
84,33,-1.570796
84,36,-1.570796
84,41,-2.356194
84,46,0.000000
84,61,-1.892547
84,66,-0.785398
84,72,2.356194
85,3,0.000000
85,6,3.141593
85,9,0.321751
85,10,-2.819842
85,22,0.000000
85,25,-0.785398
85,34,-2.356194
85,46,-0.785398
85,69,0.000000
85,72,3.141593
85,85,2.356194
86,3,-1.570796
86,6,-2.356194
86,9,-0.785398
86,31,-1.570796
86,37,1.570796
86,41,0.785398
86,56,0.000000
86,59,-2.819842
86,69,-0.785398
86,72,-2.356194
86,77,0.000000
86,85,3.141593
87,9,2.356194
87,12,2.356194
87,14,2.356194
87,22,0.000000
87,37,-1.570796
87,42,1.570796
87,46,0.785398
87,54,3.141593
87,61,1.570796
87,72,0.785398
87,85,-2.356194
88,2,0.785398
88,4,1.249046
88,8,-0.785398
88,9,-2.356194
88,14,-2.819842
88,24,0.000000
88,25,0.785398
88,26,1.892547
88,46,-0.785398
88,48,1.892547
88,51,0.000000
88,52,-1.892547
88,58,-2.819842
88,61,-1.570796
88,72,-0.321751
88,77,3.141593
89,10,0.000000
89,41,-0.785398
89,45,3.141593
89,50,2.356194
89,55,-1.570796
89,69,2.356194
89,77,-1.570796
89,87,1.249046
90,21,0.321751
90,26,-0.785398
90,31,0.785398
90,32,1.892547
90,38,1.570796
90,48,-1.570796
90,50,-2.356194
90,54,0.785398
90,57,2.356194
90,60,1.570796
90,64,2.356194
91,4,-1.570796
91,12,0.321751
91,14,2.819842
91,18,2.356194
91,21,-0.785398
91,23,2.356194
91,30,0.785398
91,38,0.785398
91,45,-2.356194
91,46,0.785398
91,52,1.249046
91,53,3.141593
91,55,0.000000
91,57,-2.819842
91,60,2.356194
91,71,2.356194
91,75,3.141593
91,78,0.785398
91,89,-2.819842
92,2,0.000000
92,7,-0.785398
92,14,-1.570796
92,17,0.000000
92,18,-2.356194
92,23,-2.819842
92,30,0.000000
92,33,-1.249046
92,38,-0.785398
92,39,3.141593
92,50,-1.570796
92,52,-1.892547
92,68,-1.892547
92,78,-0.321751
92,81,1.892547
93,7,2.356194
93,12,3.141593
93,27,2.356194
93,30,-0.785398
93,35,-1.570796
93,37,1.570796
94,5,1.249046
94,7,3.141593
94,10,0.785398
94,24,1.892547
94,27,-2.819842
94,37,-2.819842
94,54,0.000000
94,55,-1.892547
94,77,2.356194
94,78,-0.785398
94,79,-1.570796
94,81,-1.892547
95,9,1.570796
95,30,-1.570796
95,36,-0.785398
95,45,0.785398
95,46,1.570796
95,47,3.141593
95,53,3.141593
95,58,2.356194
95,61,-0.785398
95,65,-2.819842
95,86,-0.321751
96,13,2.819842
96,38,0.785398
96,39,1.892547
96,52,-1.570796
96,57,0.000000
96,58,-2.356194
96,67,1.249046
96,90,-0.785398
97,4,-2.356194
97,5,-0.785398
97,6,-1.892547
97,11,3.141593
97,23,0.785398
97,32,1.570796
97,39,-1.249046
97,40,-2.356194
97,42,3.141593
97,46,0.785398
97,50,1.249046
97,51,3.141593
97,60,0.000000
97,65,-2.356194
97,66,-0.785398
97,88,3.141593
98,10,-1.892547
98,14,-2.356194
98,15,-0.785398
98,16,-1.570796
98,17,-2.356194
98,19,3.141593
98,32,-1.570796
98,47,-2.356194
98,49,-0.785398
98,50,-1.892547
98,55,-0.785398
98,62,-0.785398
98,63,-1.892547
98,68,-0.785398
98,69,-1.892547
98,71,-1.249046
98,73,-1.892547
98,90,3.141593
