14,27,1.249046
14,28,3.141593
14,54,1.570796
14,64,1.249046
14,65,2.356194
16,15,1.249046
16,16,2.356194
16,25,-0.785398
16,52,1.249046
16,64,-2.356194
17,14,0.321751
17,54,-2.356194
19,13,0.321751
19,14,-2.819842
19,29,1.570796
20,13,-0.785398
20,29,0.000000
21,29,-0.785398
23,45,0.321751
24,34,0.785398
24,35,2.356194
25,45,3.141593
26,13,3.141593
26,33,0.321751
26,35,2.819842
26,56,2.819842
26,65,2.819842
27,10,0.321751
27,42,-0.785398
27,43,-1.570796
27,62,0.321751
27,65,-2.356194
28,10,-0.785398
28,51,-2.356194
28,56,-2.819842
28,85,2.356194
29,28,0.321751
29,30,2.819842
29,64,-2.356194
30,28,-0.785398
30,30,-2.356194
30,55,-0.321751
30,65,-2.356194
31,29,-2.356194
31,38,0.000000
31,39,3.141593
31,56,-1.249046
31,58,1.892547
32,28,0.785398
32,62,2.356194
32,68,0.000000
33,8,0.321751
33,10,3.141593
33,27,-0.785398
33,29,-2.356194
33,58,-1.570796
33,70,-2.356194
34,8,-0.785398
34,39,-0.785398
34,41,-2.356194
34,79,-0.785398
35,57,-1.570796
35,60,-0.785398
35,64,1.570796
35,80,-0.785398
36,60,-1.570796
36,74,0.000000
37,22,-0.785398
37,63,-0.785398
37,77,3.141593
38,39,1.570796
39,16,1.570796
39,39,-1.570796
40,17,-2.356194
40,18,0.785398
41,19,-1.570796
41,26,0.000000
41,27,3.141593
41,34,1.570796
42,34,-1.570796
42,83,0.785398
43,19,1.570796
43,85,3.141593
44,16,0.000000
44,17,0.785398
44,19,-2.819842
44,91,-2.356194
45,81,0.785398
46,34,1.570796
46,67,1.570796
46,82,-2.356194
47,67,0.000000
47,69,3.141593
48,12,1.570796
48,14,0.000000
48,18,2.356194
48,25,1.570796
48,34,-1.570796
48,37,1.570796
48,67,-0.785398
48,80,1.570796
49,5,2.356194
49,12,-1.570796
49,18,3.141593
49,80,-1.570796
50,4,0.321751
50,18,-2.356194
50,25,-1.570796
50,29,1.570796
50,37,-1.570796
50,44,1.570796
51,4,-0.785398
51,29,-1.570796
51,44,-1.570796
51,47,1.570796
52,70,0.000000
52,71,3.141593
53,10,3.141593
54,67,0.785398
55,11,1.249046
55,12,2.356194
55,13,3.141593
55,25,1.570796
55,33,0.000000
55,34,3.141593
55,47,-1.570796
55,67,0.000000
55,70,3.141593
56,10,0.000000
56,11,-1.892547
56,67,-0.785398
57,8,2.356194
57,34,1.570796
58,7,-0.785398
59,32,0.000000
59,86,2.356194
60,51,1.570796
60,85,-0.785398
61,7,-1.570796
61,30,1.570796
61,38,1.570796
61,44,1.570796
61,58,1.570796
62,2,-1.570796
62,12,0.000000
62,13,3.141593
62,19,0.000000
62,20,-1.570796
62,21,3.141593
62,32,1.570796
62,48,1.570796
62,58,-1.570796
62,65,2.356194
63,10,3.141593
63,18,-0.785398
63,26,-1.570796
63,45,-2.356194
63,48,-1.570796
63,51,-1.570796
63,64,0.321751
63,65,-2.819842
64,7,-0.785398
64,22,0.785398
64,32,-1.570796
64,64,-0.785398
65,3,0.785398
65,22,-0.785398
65,23,3.141593
65,38,-1.570796
65,64,2.356194
65,85,1.570796
66,2,-0.785398
66,4,-2.356194
66,9,1.570796
66,18,0.000000
66,19,3.141593
66,21,-0.785398
66,24,1.570796
66,30,-1.570796
66,64,-2.356194
66,85,-1.570796
67,9,-1.570796
67,35,3.141593
67,62,-1.570796
67,65,-2.356194
68,4,-1.570796
68,13,2.356194
68,22,0.000000
68,23,-0.785398
68,24,-1.892547
68,26,-2.356194
68,31,0.000000
68,39,1.570796
68,61,0.785398
69,11,0.785398
69,12,2.356194
69,60,1.570796
69,62,-2.356194
70,9,1.570796
70,10,3.141593
70,12,-1.570796
70,22,0.000000
70,23,3.141593
70,27,0.000000
70,33,2.356194
70,39,-1.570796
70,58,1.249046
70,60,3.141593
71,7,-0.785398
71,14,2.356194
71,16,3.141593
71,28,-1.570796
71,34,2.356194
71,57,0.321751
71,60,-1.570796
72,8,-0.785398
72,11,1.249046
72,13,-1.892547
72,31,0.000000
72,40,1.570796
72,53,1.570796
72,57,-0.785398
72,61,-2.356194
72,83,0.785398
73,9,0.000000
73,19,0.000000
73,22,3.141593
73,24,0.000000
73,27,3.141593
73,32,-0.785398
73,43,0.000000
73,44,3.141593
73,53,2.356194
73,75,0.785398
73,84,-2.356194
74,36,3.141593
74,50,1.249046
74,51,2.356194
74,52,-0.785398
74,53,-2.356194
74,59,3.141593
75,40,-1.570796
75,49,0.000000
75,50,-1.892547
75,54,-2.356194
75,77,-2.356194
76,10,-1.570796
76,23,3.141593
76,25,0.000000
76,26,3.141593
76,34,0.000000
76,36,3.141593
76,46,0.000000
76,56,0.785398
77,19,-0.785398
77,57,-2.356194
78,6,0.000000
78,7,3.141593
78,12,1.570796
79,80,0.785398
80,9,0.000000
80,10,3.141593
80,12,0.785398
80,16,0.000000
80,18,3.141593
80,81,-2.356194
81,12,-0.321751
81,13,2.819842
82,13,-2.356194
82,19,2.356194
82,21,0.000000
82,22,3.141593
82,82,2.356194
83,3,0.785398
83,7,0.000000
83,10,1.249046
83,11,2.356194
83,17,0.000000
83,80,0.000000
84,3,0.000000
85,3,-0.785398
85,8,0.321751
85,14,3.141593
85,19,0.000000
85,21,3.141593
85,59,0.785398
86,8,-1.570796
86,60,-2.356194
87,3,0.000000
87,6,0.785398
87,7,2.356194
88,2,-0.785398
88,4,0.785398
88,5,3.141593
88,7,-2.356194
88,9,0.000000
88,14,2.356194
88,79,0.785398
89,4,-1.570796
89,7,-1.570796
89,13,-0.785398
89,66,1.570796
90,2,0.000000
90,66,-1.570796
90,80,-1.570796
91,15,1.570796
91,24,0.000000
91,25,3.141593
91,77,0.785398
92,20,0.000000
92,78,-2.356194
93,3,1.570796
93,7,1.570796
93,9,-2.356194
93,14,-0.785398
93,22,-2.356194
93,26,0.000000
93,27,3.141593
93,61,0.785398
93,89,1.570796
94,3,-1.570796
94,6,0.000000
94,17,0.000000
94,18,3.141593
94,58,0.785398
94,62,-2.356194
94,89,-1.570796
94,91,1.570796
95,5,1.570796
95,59,-2.356194
96,4,0.321751
96,5,-2.819842
97,4,-1.570796
98,3,-0.785398
98,90,-1.570796
