9,43,0.785398
9,44,1.892547
9,47,1.249046
9,48,3.141593
10,31,1.249046
10,32,3.141593
10,46,-0.785398
10,63,0.785398
10,64,2.356194
11,23,1.249046
11,24,2.356194
11,30,-0.785398
11,44,-0.785398
11,77,1.570796
12,61,1.249046
12,63,3.141593
12,80,0.785398
13,14,1.249046
13,15,2.356194
13,49,0.785398
13,63,-2.356194
13,81,-2.356194
14,13,0.321751
14,22,-1.570796
15,13,-0.785398
15,48,0.321751
16,48,-0.785398
16,50,-1.249046
16,55,1.249046
17,53,-2.356194
17,63,0.785398
18,51,1.570796
18,57,-2.819842
19,38,0.785398
19,65,-2.356194
20,12,0.321751
20,14,3.141593
20,28,1.570796
20,40,2.356194
20,42,-0.785398
20,43,-1.570796
20,45,1.892547
20,54,0.785398
20,60,-0.785398
21,12,-0.785398
21,28,0.000000
21,30,1.570796
21,45,-1.249046
21,51,-0.785398
21,55,-1.249046
21,56,-2.356194
21,57,3.141593
21,64,-1.249046
21,66,1.892547
22,36,0.000000
22,37,-1.892547
22,40,1.570796
22,51,-1.570796
22,61,-0.321751
22,66,-1.249046
23,12,2.356194
23,27,0.321751
23,30,-1.570796
23,32,-1.570796
23,33,-2.356194
23,40,0.000000
23,46,-0.785398
23,47,-2.356194
23,62,-1.249046
23,63,-2.356194
23,64,3.141593
23,84,2.819842
24,11,0.321751
24,27,-0.785398
24,50,3.141593
24,68,-0.321751
24,84,-1.570796
25,11,-0.785398
25,39,-0.785398
25,52,0.000000
25,53,0.785398
25,60,0.000000
25,61,1.892547
25,69,-1.249046
25,70,3.141593
26,28,1.570796
26,31,0.785398
26,32,1.570796
26,33,2.356194
26,43,2.356194
26,54,-1.249046
26,55,3.141593
26,61,-1.249046
26,62,-2.356194
26,71,-2.356194
27,28,-0.785398
27,29,-2.356194
27,51,3.141593
27,57,3.141593
27,64,-2.356194
27,73,0.785398
27,76,0.785398
27,77,1.570796
27,79,-1.892547
28,25,1.249046
28,26,2.356194
28,59,0.000000
28,74,0.000000
29,23,0.785398
29,30,1.249046
29,32,-1.570796
29,33,-2.356194
29,36,3.141593
29,44,1.249046
29,45,2.356194
29,49,3.141593
29,62,3.141593
29,75,-1.249046
30,10,0.785398
30,23,-0.785398
30,27,1.249046
30,28,2.356194
30,29,-0.785398
30,30,-1.892547
30,54,0.000000
30,64,0.000000
30,70,0.000000
31,10,-0.785398
31,11,3.141593
31,27,-1.892547
31,59,3.141593
31,66,-2.356194
31,73,0.000000
31,74,1.892547
32,23,0.000000
32,24,-1.892547
32,31,0.000000
32,37,3.141593
32,44,-0.321751
32,46,2.356194
32,53,3.141593
32,68,0.785398
33,55,0.000000
33,75,-1.249046
33,76,3.141593
34,44,-0.785398
34,45,-1.570796
34,47,1.570796
34,48,2.356194
34,65,0.000000
35,29,0.000000
35,53,3.141593
35,61,3.141593
35,67,0.000000
35,68,1.892547
35,73,3.141593
35,78,1.570796
36,26,3.141593
36,47,0.785398
36,55,0.000000
36,56,3.141593
36,63,0.000000
36,68,-1.249046
36,69,3.141593
36,78,-0.321751
36,87,2.819842
37,47,0.000000
37,50,3.141593
37,58,0.000000
37,59,3.141593
37,65,-2.356194
37,70,-2.356194
37,79,-1.249046
37,80,3.141593
37,87,-2.356194
38,52,0.000000
38,53,3.141593
38,83,-0.785398
38,84,-1.892547
39,25,1.249046
39,26,2.356194
39,46,-0.785398
39,56,0.000000
39,58,3.141593
39,69,0.785398
39,77,0.785398
40,9,0.785398
40,24,-0.785398
40,25,-1.892547
40,48,-1.249046
40,49,-2.356194
40,50,0.785398
40,51,1.892547
40,70,-2.356194
40,78,-2.356194
41,9,0.000000
41,36,0.000000
41,43,3.141593
41,51,-1.249046
41,52,-2.356194
41,53,3.141593
41,67,0.785398
41,72,0.000000
41,80,0.785398
42,9,-0.785398
42,33,3.141593
42,45,0.000000
42,68,-2.356194
43,50,3.141593
43,70,0.785398
43,77,-2.356194
43,86,-0.785398
43,88,2.819842
44,21,1.249046
44,22,2.356194
44,37,0.000000
44,38,3.141593
44,52,0.000000
44,88,-2.356194
45,9,0.785398
45,18,1.249046
45,19,2.356194
45,20,-0.785398
45,21,-1.892547
45,30,0.000000
45,32,3.141593
45,34,0.000000
45,35,3.141593
45,41,0.000000
45,44,3.141593
45,57,3.141593
45,80,0.785398
46,17,-0.785398
46,18,-1.892547
46,25,0.000000
46,27,3.141593
46,67,2.356194
47,8,0.321751
47,23,3.141593
47,38,0.000000
47,39,3.141593
47,70,-2.356194
47,76,0.000000
47,77,1.892547
47,88,2.356194
48,8,-1.570796
48,33,0.000000
48,36,3.141593
48,41,0.000000
48,44,3.141593
48,64,0.000000
48,77,-1.249046
48,78,3.141593
48,86,0.785398
48,88,-2.819842
49,11,0.785398
49,12,2.356194
49,18,0.785398
49,19,2.356194
49,23,0.000000
49,28,3.141593
49,46,0.000000
49,47,3.141593
50,11,-0.785398
50,19,-2.356194
50,61,0.000000
50,62,3.141593
50,67,-1.249046
50,68,-2.356194
50,69,3.141593
50,81,0.000000
50,82,1.892547
50,87,2.356194
51,34,0.000000
51,37,3.141593
51,42,0.000000
51,44,3.141593
51,55,0.000000
51,56,3.141593
51,64,0.785398
51,76,0.785398
51,82,-1.249046
51,83,-2.356194
51,87,3.141593
52,16,1.249046
52,17,2.356194
52,25,2.356194
52,27,0.000000
52,28,3.141593
52,65,0.000000
52,66,1.892547
52,87,-2.356194
53,21,1.249046
53,22,2.356194
53,33,0.000000
53,51,1.570796
53,66,-1.249046
53,67,3.141593
53,73,0.785398
54,16,-1.570796
54,35,-2.356194
54,68,0.000000
54,69,1.892547
54,74,0.000000
54,75,1.892547
54,80,0.000000
55,17,0.000000
55,25,0.000000
55,27,3.141593
55,46,0.000000
55,47,3.141593
55,51,-1.570796
55,64,0.785398
55,69,-1.249046
55,70,3.141593
56,16,-0.785398
56,23,0.785398
56,65,-2.356194
56,81,-0.321751
56,83,2.356194
56,86,-0.785398
56,88,2.819842
57,20,-2.819842
57,24,1.570796
57,33,1.570796
57,67,0.785398
57,72,-2.356194
57,77,-1.249046
57,79,1.892547
57,88,-2.356194
58,17,1.249046
58,19,-1.892547
58,25,-2.356194
58,26,3.141593
58,40,3.141593
58,64,0.785398
58,74,0.785398
58,79,-1.249046
58,80,-2.356194
59,16,0.000000
59,17,-1.892547
59,69,0.000000
60,15,-0.785398
60,38,-1.570796
61,18,1.249046
61,19,2.356194
61,20,3.141593
61,33,2.356194
61,45,1.570796
61,51,2.356194
61,56,0.000000
61,67,-2.356194
61,70,0.000000
61,77,0.000000
62,17,0.000000
62,18,-1.892547
62,24,3.141593
62,33,-2.819842
62,58,-2.356194
62,64,0.785398
62,70,-0.785398
62,73,-2.356194
62,78,-1.570796
62,88,2.356194
63,13,1.249046
63,14,2.356194
63,22,-0.785398
63,31,0.000000
63,32,-1.892547
63,45,0.785398
63,65,-2.356194
63,84,0.000000
63,87,-0.785398
63,88,-2.356194
64,30,1.570796
64,45,-0.321751
64,76,0.785398
65,30,-2.819842
65,46,-1.249046
65,47,-2.356194
65,58,1.570796
65,62,3.141593
65,77,1.570796
66,28,0.000000
66,29,-1.892547
66,41,3.141593
66,58,0.785398
66,60,1.570796
66,78,3.141593
67,7,0.785398
67,27,-0.785398
67,58,0.000000
67,60,-2.356194
67,83,0.000000
67,84,1.892547
67,89,2.356194
68,7,-0.321751
68,58,-1.570796
68,61,-2.356194
68,75,1.570796
68,84,-1.249046
68,85,-2.356194
68,87,0.785398
68,89,-2.819842
69,17,1.249046
69,18,2.356194
69,75,-0.321751
70,8,2.356194
70,13,1.249046
70,14,2.356194
70,16,-0.785398
70,17,-1.892547
70,21,3.141593
70,58,3.141593
70,67,0.785398
70,72,1.570796
70,78,2.356194
71,11,1.249046
71,24,0.000000
71,25,3.141593
71,39,1.570796
71,56,-1.892547
71,83,1.570796
71,88,2.356194
72,18,2.356194
72,54,-1.570796
72,77,-1.570796
72,80,-2.356194
72,84,-2.356194
72,88,3.141593
73,5,0.321751
73,14,-2.356194
73,35,-2.356194
73,39,2.356194
73,49,0.000000
73,50,3.141593
73,53,-0.785398
73,69,-1.570796
73,88,-2.356194
74,5,-0.785398
74,27,0.000000
74,28,3.141593
74,38,0.321751
74,39,-2.819842
74,78,0.785398
74,81,0.785398
75,38,-0.785398
75,66,0.785398
75,79,1.570796
75,88,2.356194
76,12,0.785398
76,31,1.570796
76,38,-1.570796
76,58,-1.570796
76,76,-2.356194
76,79,-0.321751
76,80,2.819842
76,85,0.785398
76,86,1.570796
76,88,3.141593
77,5,0.785398
77,31,-1.570796
77,54,0.785398
77,63,1.570796
77,67,-1.570796
77,80,-1.570796
78,5,-0.321751
78,7,2.356194
78,63,-1.570796
78,88,3.141593
79,8,2.356194
79,15,3.141593
79,26,1.570796
79,55,-1.570796
79,82,1.570796
79,88,-2.356194
80,6,-0.321751
80,8,-2.819842
80,20,2.356194
80,42,0.000000
80,52,0.785398
80,61,2.356194
80,69,0.785398
80,82,-0.321751
80,88,2.356194
81,16,2.819842
81,26,0.785398
81,44,-2.356194
81,49,1.570796
81,60,-0.785398
81,80,1.570796
81,83,-1.249046
81,84,-2.356194
81,85,0.785398
81,86,1.570796
82,7,0.000000
82,12,-1.249046
82,18,1.570796
82,27,-2.356194
83,7,-0.785398
83,14,-1.249046
83,41,0.785398
83,70,-1.570796
83,81,1.570796
84,30,-0.785398
84,38,0.000000
84,39,3.141593
84,42,-2.356194
84,51,-2.356194
84,65,1.570796
84,78,0.785398
84,82,3.141593
84,84,1.249046
86,17,3.141593
86,65,-1.570796
87,70,1.570796
87,82,0.785398
88,9,1.570796
88,11,1.892547
88,62,-1.570796
89,17,3.141593
90,75,1.570796
90,88,-1.892547
91,6,2.819842
91,22,0.785398
91,60,1.570796
91,68,1.570796
91,72,-2.356194
91,75,0.785398
92,21,0.785398
92,23,-2.356194
92,60,-1.570796
92,64,1.570796
92,75,-0.321751
92,76,2.819842
92,90,2.356194
93,5,0.321751
93,76,-2.356194
93,81,-0.321751
93,88,1.570796
94,8,2.819842
94,18,1.249046
94,76,0.785398
95,5,-0.321751
95,76,0.000000
95,81,-0.785398
96,6,-1.249046
96,8,-1.570796
96,9,-2.356194
96,24,2.356194
96,54,1.570796
96,61,1.570796
96,89,2.819842
97,11,-1.249046
97,13,-1.892547
97,17,-1.249046
97,19,-1.892547
97,29,1.570796
97,71,1.570796
97,75,0.000000
97,86,-0.785398
98,26,-2.356194
98,29,-1.570796
98,54,-1.570796
98,61,-1.570796
98,64,-1.570796
98,72,-2.356194
98,88,-0.785398
