12,42,1.249046
12,43,3.141593
13,32,1.249046
13,33,2.356194
13,41,-0.785398
14,67,2.356194
15,18,1.249046
15,19,2.356194
15,32,-1.570796
16,17,0.321751
17,17,-0.785398
17,78,2.356194
19,48,1.570796
20,48,0.000000
20,60,0.321751
21,60,-0.785398
22,60,2.356194
23,40,1.570796
23,51,2.819842
23,57,1.249046
24,40,0.000000
24,53,1.249046
24,55,1.570796
25,70,0.321751
26,17,2.356194
26,42,-2.356194
26,70,-0.785398
27,24,1.892547
27,26,1.249046
27,28,1.570796
27,29,2.356194
27,45,0.785398
27,46,1.892547
29,20,1.249046
29,28,3.141593
29,63,-2.356194
29,64,0.785398
29,65,1.570796
29,67,1.892547
29,71,2.819842
30,28,-2.356194
30,71,-2.356194
31,18,0.321751
31,25,-2.819842
31,31,-1.570796
31,37,2.356194
31,65,-0.321751
31,74,1.249046
31,76,1.892547
32,36,-0.785398
32,39,-2.356194
32,49,3.141593
32,51,-1.570796
32,61,-0.321751
32,77,2.819842
33,24,2.356194
33,36,-1.570796
33,50,0.000000
33,53,0.321751
33,81,0.000000
34,22,0.000000
34,23,-0.785398
34,30,1.570796
34,38,1.570796
34,50,-1.570796
34,53,-0.785398
34,56,-1.249046
34,67,-0.321751
34,79,2.356194
35,18,-2.819842
35,21,0.000000
35,27,-1.570796
35,38,-1.570796
35,65,2.819842
35,74,0.000000
36,7,0.321751
36,21,2.356194
36,46,1.570796
36,49,1.570796
36,52,0.785398
36,58,0.000000
37,7,-1.570796
37,19,1.570796
37,30,2.356194
37,49,-1.570796
37,58,-0.785398
37,63,2.819842
37,65,-0.321751
37,69,-0.321751
37,70,2.819842
37,73,-1.570796
38,24,2.356194
38,26,1.570796
38,29,0.321751
38,30,-2.819842
38,32,1.570796
38,40,2.356194
38,54,-2.356194
38,63,-1.570796
38,74,1.570796
38,80,2.819842
39,11,-0.321751
39,29,-0.785398
39,45,-1.570796
39,57,-0.785398
39,60,0.000000
39,64,1.570796
39,71,2.819842
39,85,2.356194
40,16,-1.892547
40,18,0.000000
40,21,1.570796
40,47,1.570796
40,64,-0.321751
40,65,2.819842
40,71,-1.570796
40,78,-1.249046
41,12,-0.785398
41,21,-1.570796
41,23,-1.570796
41,35,1.570796
41,50,2.356194
41,53,-0.785398
41,65,-1.570796
41,69,-2.356194
41,72,0.000000
41,73,2.356194
41,76,2.819842
42,18,-1.570796
42,26,-1.570796
42,49,-0.785398
42,73,-2.356194
42,76,-2.356194
43,10,2.356194
43,29,-1.570796
43,35,-1.570796
43,37,1.570796
43,45,1.570796
43,73,0.785398
44,12,3.141593
44,26,1.570796
44,33,-2.356194
44,44,0.321751
44,45,-2.819842
44,73,-0.321751
44,77,2.819842
45,7,0.000000
45,21,1.570796
45,60,0.785398
45,63,2.819842
46,11,-1.570796
46,16,-2.356194
46,21,0.785398
46,32,1.570796
46,37,-1.570796
46,43,0.321751
46,44,-2.819842
46,47,2.356194
46,59,-0.785398
46,66,0.785398
47,7,0.321751
47,12,1.570796
47,21,0.000000
47,23,3.141593
47,32,-1.570796
47,43,-1.570796
47,53,2.356194
47,61,0.000000
47,63,-0.785398
47,64,3.141593
47,75,0.785398
48,19,1.570796
48,21,-0.785398
48,29,1.570796
48,38,-0.785398
48,58,2.356194
48,60,-0.785398
48,65,1.570796
48,75,-0.785398
49,29,-1.570796
49,35,1.570796
49,48,2.356194
49,57,-0.785398
49,73,1.570796
50,14,-2.819842
50,21,-1.570796
50,35,-1.570796
50,39,0.000000
50,43,0.000000
50,50,-0.785398
50,66,-2.356194
50,68,0.785398
50,73,-0.321751
50,74,2.819842
50,76,-0.321751
50,77,2.819842
51,5,0.000000
51,16,0.785398
51,24,1.570796
51,26,-1.570796
51,29,1.570796
51,63,-0.785398
51,69,-0.785398
51,71,2.819842
51,74,-2.356194
51,82,-2.819842
51,85,1.570796
52,14,2.819842
52,16,-0.321751
52,17,2.819842
52,33,1.570796
52,66,0.785398
52,71,-1.570796
52,74,0.785398
52,85,-2.819842
53,8,0.000000
53,9,-1.892547
53,14,-2.356194
53,17,-2.356194
53,24,-1.570796
53,36,0.000000
53,40,3.141593
53,66,-0.321751
53,67,2.819842
53,74,-0.321751
53,75,2.819842
53,83,-0.785398
54,4,0.321751
54,14,2.356194
54,19,-1.570796
54,22,1.570796
54,27,1.570796
54,33,0.785398
54,43,-0.785398
54,67,-2.356194
54,70,1.570796
54,72,0.785398
54,75,-1.570796
55,10,-0.785398
55,13,0.321751
55,27,-1.570796
55,33,-0.321751
55,41,2.356194
55,49,2.356194
55,56,1.570796
55,63,2.356194
55,72,-0.321751
55,73,2.819842
55,82,2.819842
56,3,0.321751
56,13,-1.570796
56,20,1.570796
56,22,-1.570796
56,30,0.785398
56,48,-0.785398
56,59,2.356194
56,65,2.356194
56,73,-2.356194
56,78,0.785398
57,9,2.356194
57,15,-1.570796
57,28,1.570796
57,30,-0.321751
57,35,-1.249046
57,36,-2.356194
57,51,2.356194
57,61,0.000000
57,62,-2.356194
57,73,0.785398
57,77,0.000000
57,79,-0.785398
57,80,-1.570796
58,3,0.000000
58,8,0.321751
58,11,1.570796
58,32,2.819842
58,40,1.249046
58,46,3.141593
58,50,-0.785398
58,57,1.570796
58,64,-1.892547
58,66,1.570796
58,73,-0.321751
58,74,2.819842
58,77,0.785398
59,3,-1.570796
59,8,-1.570796
59,11,-2.819842
59,15,0.785398
59,18,-1.570796
59,23,0.785398
59,26,1.570796
59,32,-1.570796
59,37,0.000000
59,39,-0.785398
59,40,-1.892547
59,42,-2.356194
59,44,-0.785398
59,48,2.356194
59,56,0.000000
59,57,-2.356194
59,59,1.570796
59,66,-0.321751
59,71,2.356194
59,74,-2.356194
59,77,-0.321751
59,78,2.819842
60,7,0.785398
60,10,-0.785398
60,13,0.785398
60,14,2.356194
60,16,-1.570796
60,22,0.000000
60,24,-1.570796
60,26,2.356194
60,29,1.570796
60,34,3.141593
60,42,-1.570796
60,51,1.249046
60,59,-2.819842
60,67,-2.356194
60,69,0.000000
60,70,-0.785398
60,71,-2.356194
60,74,0.785398
60,78,-2.356194
61,6,1.570796
61,14,-2.356194
61,17,-2.356194
61,19,0.785398
61,26,3.141593
61,29,-0.321751
61,39,0.000000
61,40,3.141593
61,45,0.000000
61,46,0.000000
61,53,0.785398
61,55,-1.570796
61,56,3.141593
61,58,-1.570796
61,74,-0.321751
61,75,2.819842
62,6,-2.819842
62,20,1.570796
62,23,1.570796
62,32,1.892547
62,43,2.356194
62,49,0.000000
62,50,-1.892547
62,57,-2.356194
62,63,1.570796
62,69,0.785398
62,72,2.356194
62,75,-2.356194
63,8,0.321751
63,9,-2.819842
63,20,-0.321751
63,21,2.819842
63,23,-0.321751
63,26,-0.785398
63,27,3.141593
63,32,-1.249046
63,33,-2.356194
63,35,3.141593
63,40,1.249046
63,41,2.356194
63,42,0.000000
63,48,-2.356194
63,56,1.570796
63,70,0.785398
63,72,3.141593
64,8,-1.570796
64,13,0.321751
64,15,3.141593
64,18,0.785398
64,43,0.000000
64,44,3.141593
64,54,0.785398
64,56,-2.356194
64,58,1.570796
64,62,0.000000
64,64,2.819842
64,70,-0.785398
64,72,-1.570796
65,2,0.321751
65,7,-0.785398
65,10,-0.785398
65,13,-0.785398
65,21,-0.321751
65,25,-1.570796
65,30,1.892547
65,37,0.785398
65,46,-0.785398
65,50,0.000000
65,58,-2.819842
65,61,3.141593
65,64,-2.356194
65,67,-1.570796
66,2,-0.785398
66,16,0.000000
66,19,0.785398
66,30,-1.249046
66,31,-2.356194
66,33,0.785398
66,34,1.892547
66,39,-0.785398
66,40,-1.892547
66,44,2.356194
66,54,-2.819842
67,2,0.785398
67,15,-0.785398
67,17,1.570796
67,27,0.000000
67,28,1.892547
67,34,-1.249046
67,35,-2.356194
67,42,1.249046
67,43,3.141593
67,58,0.785398
67,59,3.141593
67,67,1.570796
67,76,-1.570796
68,3,3.141593
68,17,-0.321751
68,28,-1.249046
68,30,1.892547
68,40,0.785398
68,50,1.249046
68,51,3.141593
68,53,-1.570796
68,55,1.570796
68,58,-0.785398
69,4,0.785398
69,5,3.141593
69,11,-1.570796
69,31,-2.356194
69,38,0.000000
69,44,1.249046
69,49,0.000000
69,50,-1.892547
69,55,-2.819842
69,86,2.356194
70,4,-0.785398
70,13,1.570796
70,17,0.785398
70,29,1.570796
70,52,1.249046
70,62,2.819842
70,76,1.570796
70,78,0.785398
70,86,3.141593
71,4,0.000000
71,7,1.570796
71,21,2.356194
71,38,-0.785398
71,39,-1.570796
71,40,-2.356194
71,46,-0.785398
71,56,2.356194
71,57,-0.785398
71,73,0.785398
71,76,0.785398
71,86,-2.356194
72,21,-1.570796
72,30,0.000000
72,31,1.570796
72,32,2.356194
72,35,0.785398
72,36,2.356194
72,54,0.321751
72,62,3.141593
72,70,0.785398
72,74,2.819842
72,76,0.000000
73,6,0.000000
73,36,-2.356194
73,38,0.000000
73,39,0.785398
73,40,1.570796
73,47,1.249046
73,51,-1.570796
73,54,-0.785398
73,59,-0.785398
73,62,-2.356194
73,70,0.000000
73,74,-2.356194
73,76,-0.785398
74,2,0.321751
74,4,3.141593
74,15,1.570796
74,18,-0.785398
74,24,2.819842
74,44,0.785398
74,45,2.356194
74,49,-2.356194
74,70,-0.785398
75,2,-0.785398
75,5,0.000000
75,12,-1.570796
75,32,1.570796
75,33,2.356194
75,34,0.785398
75,37,-2.356194
75,39,-0.785398
75,40,-2.356194
75,56,1.570796
75,57,2.356194
75,59,2.356194
75,81,-1.570796
75,82,-2.356194
76,2,-1.570796
76,17,1.570796
76,20,0.785398
76,24,-0.785398
76,42,2.356194
76,45,1.570796
76,58,-0.785398
76,84,0.000000
76,85,2.356194
77,14,-1.570796
77,21,3.141593
77,23,1.570796
77,28,-1.249046
77,29,-2.356194
77,30,0.785398
77,35,0.785398
77,39,1.249046
77,53,3.141593
77,85,-2.356194
78,7,2.356194
78,10,1.570796
78,23,-2.819842
78,26,2.356194
78,31,-1.249046
78,32,3.141593
78,37,1.570796
79,3,0.785398
79,6,-0.785398
79,16,1.570796
79,25,0.321751
79,26,-2.819842
79,41,-1.570796
79,43,1.570796
79,45,-1.892547
79,47,-1.249046
79,49,3.141593
79,53,-2.819842
79,76,0.785398
79,78,0.785398
79,79,1.892547
79,85,2.356194
80,12,1.570796
80,15,0.321751
80,16,-2.819842
80,18,1.570796
80,21,0.321751
80,22,-2.819842
80,25,-0.785398
80,35,-1.249046
80,37,-1.570796
80,49,-2.356194
80,52,-0.785398
80,55,-0.785398
80,58,1.570796
80,76,0.000000
80,83,0.785398
80,85,-2.819842
81,2,-1.570796
81,5,-2.356194
81,15,-1.570796
81,21,-0.785398
81,39,-2.356194
81,76,-0.785398
81,78,-0.785398
81,79,-1.892547
82,21,2.356194
82,36,1.570796
82,45,1.570796
83,14,2.356194
83,18,-1.570796
83,20,0.321751
83,21,-2.819842
83,36,-1.570796
83,42,-0.785398
83,61,-1.570796
83,67,0.785398
83,76,0.785398
84,3,1.570796
84,10,1.570796
84,13,0.321751
84,14,-2.819842
84,20,-0.785398
84,23,1.570796
84,32,1.570796
84,58,2.356194
84,77,3.141593
85,2,0.321751
85,3,-2.819842
85,6,-2.356194
85,9,0.321751
85,10,-2.819842
85,13,-1.570796
85,22,0.321751
85,23,-2.819842
85,32,-1.570796
85,48,-1.570796
85,57,0.321751
85,58,-2.819842
85,60,1.570796
85,63,0.785398
85,66,0.000000
85,67,-1.892547
85,71,2.819842
86,5,1.570796
86,22,-0.785398
86,41,1.570796
86,44,-1.570796
86,51,-1.570796
86,57,-0.785398
86,63,0.000000
86,65,0.000000
86,69,-0.785398
86,71,-2.356194
87,2,-0.321751
87,9,-2.819842
87,25,2.356194
87,34,2.356194
87,60,-1.570796
87,71,-1.570796
87,74,1.570796
88,14,1.570796
88,43,1.570796
88,50,2.356194
88,53,0.000000
88,54,3.141593
88,62,0.321751
88,63,-2.819842
88,66,-1.570796
88,69,-1.570796
88,74,0.000000
88,79,-0.785398
88,80,-1.570796
88,81,3.141593
89,6,0.321751
89,14,2.356194
89,30,2.356194
89,43,-1.570796
89,62,-0.785398
89,71,1.570796
89,74,-0.785398
89,84,2.356194
90,6,-0.785398
90,13,0.321751
90,14,-2.819842
90,23,-0.785398
90,29,-0.785398
90,59,1.570796
90,71,2.356194
90,74,0.785398
90,84,-2.819842
91,13,-1.570796
91,26,2.356194
91,45,1.570796
91,52,1.570796
91,56,2.356194
91,65,1.570796
91,70,0.000000
91,75,3.141593
92,12,1.570796
92,16,2.356194
92,19,1.570796
92,25,-0.785398
92,35,-0.785398
92,45,-1.570796
92,52,2.356194
92,55,0.321751
92,56,-2.819842
93,8,1.570796
93,11,0.321751
93,12,-2.819842
93,16,-2.819842
93,18,0.321751
93,19,-2.819842
93,28,2.356194
93,41,1.570796
93,51,0.321751
93,52,-2.819842
93,55,-1.570796
93,77,1.570796
93,80,0.000000
93,81,-1.892547
94,7,-0.785398
94,11,-0.785398
94,14,0.321751
94,18,-1.570796
94,21,2.356194
94,27,-0.785398
94,51,-0.785398
94,54,-0.785398
94,58,0.000000
95,3,0.321751
95,14,-0.785398
95,33,1.570796
95,74,1.570796
95,75,2.356194
95,76,-0.785398
95,77,-1.892547
96,17,2.356194
96,26,2.356194
96,43,1.570796
96,47,-1.570796
96,53,1.570796
97,5,-1.570796
97,6,-2.356194
97,9,-0.785398
97,10,-1.570796
97,11,-2.356194
97,13,-0.785398
97,14,-1.570796
97,15,-2.356194
97,16,-0.785398
97,17,-2.356194
97,19,1.570796
97,33,-1.570796
97,50,-1.570796
97,53,-1.570796
98,18,-0.785398
98,25,-1.570796
98,28,-0.785398
98,35,-0.785398
98,39,-1.570796
98,42,-0.785398
98,56,-1.570796
98,59,-1.570796
98,62,-1.570796
98,65,-1.570796
98,68,-1.570796
