5,18,1.249046
5,19,2.356194
5,26,0.785398
5,27,1.570796
5,28,2.356194
5,33,0.785398
5,34,1.570796
5,35,2.356194
6,44,2.356194
6,57,1.249046
6,58,3.141593
6,76,0.785398
6,77,1.892547
7,18,-1.570796
7,51,0.785398
7,52,2.356194
7,56,-0.785398
7,84,0.785398
8,8,3.141593
8,25,0.321751
8,28,1.570796
8,41,0.321751
8,51,-0.785398
8,77,-0.785398
9,7,-0.785398
9,20,0.785398
9,21,2.356194
9,25,-1.570796
9,28,0.000000
9,34,2.356194
9,41,-0.785398
9,86,3.141593
10,24,1.570796
10,28,-0.785398
10,34,3.141593
10,52,3.141593
11,20,0.000000
11,22,-1.570796
11,24,3.141593
11,31,-2.356194
11,34,-1.570796
11,41,2.356194
11,65,0.000000
11,66,-1.892547
12,20,-0.785398
12,29,-1.570796
12,41,3.141593
12,53,0.785398
12,81,0.321751
13,6,0.785398
13,27,0.785398
13,28,2.356194
13,36,0.000000
13,41,-1.570796
13,47,0.321751
13,81,-0.785398
14,6,0.000000
14,34,1.249046
14,35,3.141593
14,42,1.570796
15,28,-2.819842
15,33,0.000000
15,34,-1.892547
15,42,-0.785398
15,43,-2.356194
15,47,3.141593
15,76,-0.785398
15,77,-1.570796
15,78,-2.356194
15,81,2.356194
16,6,-1.570796
16,21,0.321751
16,55,-1.249046
16,56,-2.356194
17,25,0.000000
17,26,-1.892547
17,50,-0.785398
17,58,1.570796
17,60,1.249046
17,65,1.249046
17,66,2.356194
17,69,0.785398
17,73,-1.570796
17,74,3.141593
17,82,-2.356194
18,3,0.321751
18,5,3.141593
18,22,-2.356194
18,24,0.000000
18,45,1.249046
18,47,-1.892547
18,52,-2.356194
18,58,0.000000
18,75,1.570796
18,80,-0.785398
19,3,-0.785398
19,11,1.249046
19,12,3.141593
19,19,-0.785398
19,25,0.785398
19,26,2.356194
19,44,-0.785398
19,45,-1.892547
19,60,-1.249046
19,62,-1.570796
19,76,-2.356194
19,80,2.356194
20,25,-1.570796
20,40,1.249046
20,41,2.356194
20,58,3.141593
20,85,-0.785398
20,86,-1.892547
21,8,0.785398
21,10,-1.892547
21,22,0.785398
21,23,2.356194
21,38,1.249046
21,40,-1.892547
21,51,-0.785398
21,52,-1.570796
21,53,-2.356194
21,58,-2.356194
21,68,-0.785398
22,22,-1.570796
22,61,0.785398
22,62,1.570796
22,70,-1.249046
22,71,-2.356194
22,72,0.785398
22,73,1.570796
22,75,1.892547
22,80,-0.785398
23,3,0.785398
23,7,-0.785398
23,36,0.000000
23,37,-1.892547
23,43,1.249046
23,44,2.356194
23,77,1.892547
23,80,2.356194
24,3,0.000000
24,42,0.000000
24,43,-1.892547
24,53,1.249046
24,54,2.356194
24,58,-0.785398
24,62,-1.570796
24,64,-1.892547
24,66,1.570796
24,73,-0.785398
24,75,-1.892547
25,3,-0.785398
25,11,1.249046
25,12,3.141593
25,52,-0.785398
25,53,-1.892547
25,66,0.000000
25,69,0.785398
25,70,1.892547
25,77,-0.785398
25,80,-1.249046
25,81,-2.356194
26,23,1.249046
26,24,3.141593
26,66,-1.570796
26,72,-1.570796
26,73,-2.356194
26,77,2.356194
26,83,1.570796
26,88,2.356194
27,9,0.000000
27,10,-1.892547
27,16,1.570796
27,22,0.000000
27,23,-1.892547
27,28,1.249046
27,29,3.141593
27,70,-1.570796
27,83,0.000000
27,86,0.785398
27,88,-2.819842
28,14,1.249046
28,16,-2.356194
28,20,1.249046
28,21,3.141593
28,27,0.000000
28,28,-1.892547
28,64,-0.785398
28,65,-1.570796
28,66,-2.356194
28,68,0.785398
28,77,-1.249046
28,83,-0.785398
29,17,0.785398
29,18,2.356194
29,19,-0.785398
29,20,-1.892547
29,25,1.249046
29,26,3.141593
29,48,1.249046
29,49,2.356194
29,69,-1.249046
29,71,1.892547
29,86,0.321751
30,12,0.000000
30,13,-1.892547
30,47,0.000000
30,48,-1.892547
30,79,0.000000
30,81,1.570796
30,90,2.356194
31,2,0.785398
31,4,1.249046
31,5,3.141593
31,10,1.249046
31,11,3.141593
31,17,-2.819842
31,23,0.000000
31,24,-1.892547
31,71,-1.570796
31,75,0.000000
31,76,1.892547
31,85,-0.785398
31,91,-2.356194
32,2,0.000000
32,4,-1.892547
32,9,0.000000
32,10,-1.892547
32,15,0.000000
32,16,-1.892547
32,21,1.249046
32,22,3.141593
32,27,1.249046
32,28,3.141593
32,54,1.249046
32,55,2.356194
32,78,-0.785398
32,81,-2.819842
33,2,-0.785398
33,14,1.570796
33,20,0.000000
33,21,-1.892547
33,27,-1.892547
33,53,-0.785398
33,54,-1.892547
33,69,-0.785398
33,70,-1.570796
33,71,3.141593
33,76,-1.570796
33,88,-1.570796
34,13,0.000000
34,25,-1.570796
34,48,1.249046
34,49,2.356194
34,74,0.785398
35,2,0.785398
35,12,1.570796
35,23,1.249046
35,24,3.141593
35,29,1.249046
35,30,3.141593
35,47,-0.785398
35,48,-1.892547
35,75,-1.249046
35,76,3.141593
36,2,0.000000
36,10,1.249046
36,28,0.000000
36,29,-1.892547
37,2,-0.785398
37,16,0.785398
37,21,0.000000
37,22,-1.892547
37,26,1.249046
37,27,3.141593
37,52,-0.785398
37,87,0.000000
38,8,0.000000
38,9,-1.892547
38,19,1.249046
38,20,3.141593
38,89,2.819842
39,13,1.249046
39,14,3.141593
39,24,0.000000
39,25,-1.892547
39,59,0.000000
39,60,1.570796
39,61,2.356194
40,17,0.321751
40,30,3.141593
40,64,0.000000
40,65,1.570796
40,66,2.356194
40,90,2.819842
41,17,-1.570796
41,29,-1.570796
41,44,1.249046
41,45,3.141593
41,87,0.785398
41,90,-2.356194
42,4,-2.356194
42,10,0.321751
42,27,1.249046
42,28,3.141593
42,42,1.249046
42,44,-1.892547
42,65,2.356194
43,10,-1.570796
43,26,0.321751
43,34,1.570796
43,90,3.141593
44,9,0.785398
44,26,-0.785398
44,33,0.000000
44,67,1.892547
44,88,-1.570796
44,91,-2.356194
45,3,-1.570796
45,8,3.141593
45,10,0.785398
45,11,2.356194
45,12,3.141593
45,47,1.570796
45,65,-0.785398
45,71,1.892547
45,86,0.000000
46,7,-0.785398
46,14,0.785398
46,19,2.356194
46,46,0.000000
46,59,-0.785398
46,72,-2.356194
46,87,-1.249046
46,88,3.141593
47,37,0.321751
47,65,0.000000
47,66,-1.570796
48,6,1.570796
48,9,-0.785398
48,11,-1.249046
48,37,-1.570796
49,6,-2.819842
49,23,0.785398
49,60,0.000000
49,78,0.000000
49,79,1.892547
49,91,-2.356194
50,3,1.249046
50,5,-1.892547
50,11,2.356194
50,12,0.000000
50,16,1.570796
50,17,2.356194
50,19,-0.785398
50,20,-1.892547
50,24,-1.249046
50,25,-2.356194
50,26,3.141593
50,36,-1.570796
50,43,-0.785398
50,68,-0.785398
50,69,-1.892547
51,2,0.321751
51,10,-1.570796
51,50,3.141593
51,74,1.892547
51,80,-1.249046
51,82,1.892547
51,87,0.000000
51,88,1.892547
52,2,-0.785398
52,9,3.141593
52,29,-0.785398
52,30,-1.570796
52,31,3.141593
52,57,3.141593
52,63,0.000000
52,72,-1.570796
53,2,-1.570796
53,8,-1.570796
53,15,-1.249046
53,35,3.141593
53,48,-1.570796
53,55,3.141593
53,74,-0.785398
53,77,0.000000
53,78,1.892547
53,90,2.819842
54,7,3.141593
54,54,-1.570796
54,75,1.570796
54,80,1.892547
54,84,-1.249046
54,85,3.141593
54,90,-2.356194
55,6,-1.570796
55,11,1.570796
55,21,0.000000
55,38,3.141593
55,53,1.570796
55,68,3.141593
55,73,1.570796
55,77,2.356194
56,11,-2.819842
56,41,0.000000
56,42,3.141593
56,52,0.321751
56,53,-2.819842
56,88,0.785398
56,89,2.356194
57,14,0.321751
57,19,0.785398
57,20,2.356194
57,46,0.785398
57,52,-1.570796
57,72,0.000000
57,73,-1.892547
57,89,-1.570796
58,8,0.321751
58,14,-1.570796
58,21,2.356194
58,26,0.000000
58,31,3.141593
58,33,0.000000
58,51,0.785398
58,58,2.356194
58,64,-0.785398
58,70,0.000000
58,83,-1.249046
58,85,1.892547
59,2,-0.785398
59,18,0.000000
59,48,-2.356194
59,57,1.570796
59,77,-1.249046
59,90,-1.570796
60,8,-2.819842
60,12,1.570796
60,17,-0.785398
60,43,-0.785398
60,44,-1.570796
60,54,0.785398
60,55,1.570796
60,57,-2.356194
60,63,2.356194
60,68,1.570796
61,12,-2.819842
61,46,-1.249046
61,47,-2.356194
61,48,3.141593
61,68,-1.570796
61,80,3.141593
61,82,2.356194
62,10,0.321751
62,16,2.356194
62,20,-0.785398
62,26,2.356194
62,51,0.000000
62,54,-0.785398
62,55,-2.356194
62,62,-1.570796
62,63,3.141593
63,4,0.000000
63,5,-1.892547
63,26,-2.356194
63,37,2.356194
63,46,0.000000
63,48,3.141593
63,60,0.000000
63,64,0.000000
63,65,0.785398
63,66,1.892547
63,73,1.570796
63,83,3.141593
63,90,2.819842
64,3,1.570796
64,10,-2.819842
64,14,1.570796
64,23,-1.570796
64,52,0.000000
64,53,3.141593
64,63,0.000000
64,73,2.356194
64,90,-1.570796
65,2,0.321751
65,3,-2.819842
65,8,0.321751
65,13,0.321751
65,14,-2.819842
65,28,-0.785398
65,44,0.000000
65,46,3.141593
65,55,0.000000
65,59,3.141593
65,65,-0.785398
65,66,-1.892547
65,69,0.785398
65,70,1.570796
65,73,-2.819842
65,79,0.321751
65,85,0.785398
65,87,1.892547
65,91,-2.356194
66,2,-0.785398
66,8,-1.570796
66,13,-1.570796
66,17,2.356194
66,51,0.000000
66,61,0.000000
66,79,-0.785398
66,88,2.819842
67,16,-0.785398
67,25,1.570796
67,30,1.249046
67,32,1.892547
67,45,3.141593
67,57,3.141593
67,65,3.141593
67,71,-0.785398
67,72,-1.570796
67,73,-2.356194
68,2,-1.570796
68,32,-1.249046
68,33,-2.356194
68,48,0.000000
68,50,3.141593
68,59,0.000000
68,67,0.000000
68,69,3.141593
68,78,0.000000
68,84,0.321751
69,5,1.570796
69,19,-1.570796
69,28,0.321751
69,53,0.000000
69,55,3.141593
69,90,-2.356194
70,5,-2.819842
70,17,1.570796
70,23,-0.785398
70,28,-1.570796
70,32,2.356194
70,57,0.000000
70,58,3.141593
70,67,0.785398
70,68,1.892547
70,75,0.785398
70,90,2.356194
71,17,-1.570796
71,31,1.570796
71,54,3.141593
71,62,0.000000
71,63,3.141593
71,68,-1.249046
71,69,-2.356194
71,76,0.000000
71,84,-1.249046
71,90,-2.819842
72,2,0.321751
72,14,0.000000
72,15,3.141593
72,26,1.570796
72,30,0.321751
72,31,-2.819842
72,40,0.000000
72,57,0.000000
72,65,0.000000
72,66,3.141593
72,79,-2.356194
72,86,-1.249046
72,87,-2.356194
73,2,-0.785398
73,25,0.321751
73,26,-2.819842
73,30,-1.570796
73,34,-0.785398
73,62,3.141593
73,68,0.000000
73,82,0.000000
73,83,3.141593
73,89,-2.356194
74,14,3.141593
74,25,-1.570796
74,38,0.000000
74,57,3.141593
74,65,0.000000
74,66,3.141593
74,72,3.141593
74,78,0.000000
74,79,3.141593
75,12,1.570796
75,18,2.356194
75,60,0.000000
75,74,0.000000
75,86,1.570796
76,12,-2.819842
76,56,0.785398
76,57,1.892547
76,64,3.141593
76,77,0.000000
76,86,0.785398
77,4,1.249046
77,5,3.141593
77,10,0.321751
77,16,1.570796
77,24,-1.570796
77,57,-1.249046
77,58,-2.356194
77,60,3.141593
77,66,0.000000
77,67,3.141593
77,78,-2.356194
77,83,1.570796
77,86,-0.321751
77,87,2.819842
78,10,-1.570796
78,16,-2.819842
78,43,0.000000
78,62,0.000000
78,83,0.785398
78,87,-1.570796
79,3,-0.785398
79,9,1.570796
79,19,2.356194
79,27,2.356194
79,33,2.356194
79,39,2.356194
79,41,3.141593
79,49,3.141593
79,51,0.000000
79,52,3.141593
79,56,0.000000
79,65,0.785398
79,66,1.892547
79,71,1.570796
79,83,-0.321751
79,84,2.819842
80,9,-2.819842
80,13,0.321751
80,18,-0.785398
80,22,1.570796
80,26,0.321751
80,27,-2.819842
80,32,1.570796
80,38,-1.570796
80,60,0.785398
80,67,2.819842
80,76,1.570796
80,84,-2.356194
80,88,0.785398
80,91,2.356194
81,7,0.321751
81,31,0.321751
81,32,-2.819842
81,61,-1.570796
81,67,-2.356194
81,71,-1.570796
81,76,0.785398
81,91,-2.819842
82,7,-1.570796
82,12,0.000000
82,17,2.356194
82,25,0.321751
82,26,-2.819842
82,31,-1.570796
82,43,3.141593
82,56,0.000000
82,62,0.000000
82,76,-0.321751
82,77,2.819842
83,3,0.785398
83,6,1.570796
83,11,1.570796
83,20,-0.785398
83,40,1.249046
83,41,3.141593
83,51,0.000000
83,53,3.141593
83,63,-2.356194
83,68,-2.356194
83,81,1.570796
83,85,0.785398
84,3,0.000000
84,5,-0.785398
84,11,-2.819842
84,25,-2.819842
84,39,0.321751
84,45,1.570796
84,59,-2.356194
84,77,-0.321751
84,78,2.819842
84,81,-0.321751
84,82,2.819842
84,85,-0.321751
84,86,2.819842
85,3,-0.785398
85,9,0.321751
85,15,1.570796
85,23,0.321751
85,39,-1.570796
85,45,-1.570796
85,70,1.570796
85,86,-1.570796
86,9,-1.570796
86,14,0.321751
86,15,-2.819842
86,18,1.570796
86,38,-0.785398
86,78,-0.321751
86,79,2.819842
86,82,-0.321751
86,83,2.819842
87,8,1.570796
87,14,-1.570796
87,22,0.321751
87,23,-2.819842
87,28,-1.570796
87,42,2.356194
87,60,1.570796
87,75,0.785398
87,79,-2.356194
87,83,-2.356194
87,88,0.000000
87,89,2.356194
88,7,0.000000
88,13,1.570796
88,41,-0.785398
88,60,-1.570796
88,79,0.785398
88,83,0.785398
88,89,-2.356194
89,3,0.785398
89,12,0.000000
89,18,-1.570796
89,21,0.321751
89,22,-2.819842
89,26,1.570796
89,36,2.356194
89,76,0.785398
89,79,-0.321751
89,80,2.819842
89,84,3.141593
90,5,3.141593
90,21,-1.570796
90,30,-0.785398
90,35,-0.785398
90,46,1.570796
90,61,1.570796
90,65,-1.570796
90,76,-0.321751
90,77,2.819842
90,80,-2.356194
90,85,0.000000
90,86,1.570796
90,90,2.819842
91,2,0.321751
91,15,1.570796
91,57,1.570796
91,69,1.570796
91,72,-1.570796
91,77,-2.356194
92,29,2.356194
92,34,2.356194
92,38,2.356194
92,45,-0.785398
92,86,-0.321751
92,90,-2.819842
93,4,3.141593
93,8,1.249046
93,9,3.141593
93,24,1.570796
93,28,-0.785398
93,49,0.000000
93,52,0.785398
94,23,0.321751
94,24,-2.819842
94,53,-1.570796
94,73,1.570796
94,80,0.785398
94,86,1.570796
95,4,0.000000
95,13,1.570796
95,23,-1.570796
95,36,-0.785398
95,48,2.356194
95,80,-0.321751
95,84,1.249046
95,86,-2.356194
96,12,0.321751
96,13,-2.819842
96,26,1.570796
96,81,-1.249046
96,82,-2.356194
96,83,-0.785398
96,84,-1.892547
96,87,-2.356194
97,6,-1.892547
97,12,-1.570796
97,22,-1.570796
97,34,1.570796
97,74,-1.570796
97,78,-2.356194
98,17,-1.570796
98,26,-1.570796
98,30,-1.570796
98,34,-1.570796
98,37,0.000000
98,38,3.141593
98,45,-0.785398
98,54,-1.570796
98,58,-1.570796
98,62,-1.570796
98,70,-1.570796
98,91,-1.570796
