7,32,1.249046
7,33,3.141593
8,46,0.785398
8,47,2.356194
8,67,0.785398
8,68,1.892547
8,77,1.249046
8,78,2.356194
9,24,0.785398
9,25,2.356194
9,32,-1.570796
9,46,-0.785398
9,56,1.249046
9,58,2.356194
10,12,3.141593
10,25,-1.570796
10,44,1.892547
10,46,2.356194
10,52,0.321751
10,68,-0.785398
10,77,-2.356194
11,11,-0.785398
11,34,1.570796
11,56,-1.249046
11,59,2.819842
12,34,0.000000
12,42,0.000000
12,47,2.819842
13,11,2.356194
13,34,-0.785398
13,42,-0.785398
13,58,0.321751
13,60,2.819842
13,77,2.356194
14,10,0.321751
14,26,2.356194
14,37,0.000000
14,38,1.570796
14,40,1.892547
14,42,2.356194
14,49,1.249046
14,50,2.356194
14,66,0.321751
14,68,2.819842
15,10,-0.785398
15,42,3.141593
15,75,0.321751
16,27,1.570796
16,42,-2.356194
16,46,0.321751
16,49,-2.356194
16,68,-2.356194
16,75,-0.785398
17,22,-0.785398
17,27,0.000000
17,29,1.892547
17,34,2.356194
17,46,-0.785398
17,75,2.356194
17,87,0.000000
17,89,2.819842
18,10,2.356194
18,23,-0.785398
18,33,-0.785398
18,34,-2.356194
18,39,-1.570796
18,46,2.356194
18,70,0.000000
18,71,1.570796
18,72,2.356194
18,75,3.141593
18,82,1.249046
18,83,2.356194
18,89,-2.356194
19,27,0.000000
19,29,-1.892547
19,40,1.570796
19,46,3.141593
19,56,-0.785398
19,57,-1.892547
19,66,-2.819842
19,75,-2.356194
20,53,3.141593
20,62,0.785398
20,89,2.356194
21,7,0.321751
21,26,0.321751
21,34,0.321751
21,37,2.356194
21,39,-0.785398
21,62,-0.785398
21,72,-2.356194
21,79,-0.785398
21,80,-1.892547
21,83,1.570796
21,88,0.000000
21,89,-2.356194
22,7,-0.785398
22,22,1.570796
22,43,0.785398
22,62,0.785398
22,83,0.000000
23,22,0.000000
23,24,0.785398
23,34,0.000000
23,59,0.785398
23,60,1.892547
23,83,-0.785398
23,91,-2.356194
24,29,-1.249046
24,48,-1.249046
24,71,-2.356194
24,72,0.785398
24,73,1.570796
24,75,-1.570796
24,77,1.892547
25,16,1.570796
25,22,3.141593
25,35,-2.356194
25,37,0.785398
25,38,1.570796
25,44,-0.785398
25,45,-1.892547
25,59,0.000000
25,60,-1.892547
25,65,-2.356194
25,66,0.785398
25,67,1.570796
25,69,-1.892547
25,79,0.785398
25,80,1.570796
26,16,0.000000
26,22,-2.356194
26,31,-1.570796
26,42,-1.892547
26,77,-0.785398
26,84,1.570796
26,85,2.356194
26,89,0.785398
27,7,2.356194
27,16,-1.570796
27,22,0.785398
27,29,1.570796
27,30,3.141593
27,34,1.570796
27,52,-1.892547
27,77,0.785398
27,90,-2.356194
28,6,0.321751
28,15,1.570796
28,22,0.000000
28,34,0.000000
28,36,1.570796
28,43,1.249046
28,44,2.356194
28,46,0.785398
28,47,1.570796
28,67,-2.356194
28,70,0.785398
28,71,1.570796
28,73,-1.570796
28,74,-2.356194
28,80,-1.570796
28,90,2.356194
29,6,-1.570796
29,15,-2.819842
29,22,-1.570796
29,34,-1.570796
29,40,0.000000
29,42,-0.785398
29,58,0.785398
29,59,1.570796
29,60,2.356194
29,90,3.141593
30,20,1.249046
30,21,3.141593
30,26,0.000000
30,33,1.570796
30,46,3.141593
30,50,0.785398
30,52,1.570796
30,53,3.141593
30,90,-2.356194
31,26,-1.570796
31,31,-1.570796
31,33,3.141593
31,37,0.000000
31,41,1.249046
31,75,-0.785398
31,76,-1.570796
31,78,-1.570796
31,79,-2.356194
31,81,-0.785398
31,82,-1.570796
31,83,-2.356194
31,85,3.141593
32,25,1.570796
32,29,-1.570796
32,40,-0.785398
32,47,2.356194
32,54,2.356194
32,58,-0.785398
32,59,-1.570796
32,60,-2.356194
32,62,-0.785398
32,63,-1.892547
33,13,-0.321751
33,15,2.356194
33,16,0.785398
33,22,2.356194
33,25,3.141593
33,52,-0.785398
33,53,-1.892547
33,85,-0.321751
33,88,1.892547
34,28,2.356194
34,47,-2.356194
34,49,-0.785398
34,91,2.819842
35,5,0.785398
35,13,0.000000
35,14,-1.570796
35,34,1.570796
35,43,-2.356194
35,53,2.356194
35,54,0.785398
35,62,2.356194
35,64,-0.785398
35,65,-1.570796
35,66,-2.356194
35,68,0.785398
35,69,1.570796
35,71,-1.570796
35,72,3.141593
35,76,1.249046
35,77,2.356194
35,78,0.785398
35,79,2.356194
35,82,0.000000
35,83,1.570796
35,91,-2.356194
36,5,0.000000
36,11,0.785398
36,12,2.356194
36,24,-1.892547
36,29,-2.356194
36,30,-0.785398
36,31,-1.892547
36,37,-1.892547
36,48,1.249046
36,49,2.356194
36,50,-0.785398
36,57,1.249046
36,59,1.892547
36,73,0.000000
36,74,1.570796
37,5,-0.785398
37,46,1.249046
37,48,-1.892547
37,52,-1.249046
37,79,-0.785398
37,80,-2.356194
38,12,0.000000
38,14,-0.785398
38,15,-1.892547
38,18,-0.785398
38,22,-1.570796
38,32,1.249046
38,33,3.141593
38,35,-2.356194
38,43,1.249046
38,44,2.356194
38,45,-0.785398
38,46,-1.892547
38,59,-1.892547
38,63,2.356194
38,68,-0.785398
38,69,-1.570796
38,70,-2.356194
38,72,0.785398
38,76,-1.570796
39,23,1.570796
39,35,0.785398
39,56,-1.892547
39,78,-1.249046
39,79,3.141593
39,86,1.249046
40,10,1.249046
40,12,-1.570796
40,13,3.141593
40,25,-1.892547
40,28,0.785398
40,47,0.785398
40,48,1.570796
40,49,2.356194
40,61,0.000000
41,8,1.249046
41,10,-1.892547
41,17,-0.785398
41,22,-0.785398
41,23,-1.892547
41,28,-0.785398
41,34,0.000000
41,35,-1.892547
41,45,2.356194
42,5,0.785398
42,31,-2.356194
42,40,-1.570796
42,48,0.785398
42,66,0.785398
42,67,2.356194
42,89,3.141593
43,5,-0.321751
43,14,0.000000
43,18,-2.356194
43,19,-0.785398
43,24,0.000000
43,50,1.570796
43,51,2.356194
43,52,3.141593
43,58,-2.356194
43,67,-2.356194
43,82,-0.785398
43,83,-1.570796
43,84,-2.356194
43,85,0.785398
43,91,3.141593
44,13,1.570796
44,29,2.356194
44,44,-1.570796
44,45,-2.356194
44,47,-0.785398
44,48,-1.892547
44,56,-1.892547
45,16,2.356194
45,32,1.249046
45,33,2.356194
45,41,0.000000
45,42,-1.892547
45,52,0.785398
45,66,-0.785398
45,67,-1.570796
45,68,-2.356194
45,72,-0.785398
45,75,2.356194
45,86,-0.785398
46,16,-2.819842
46,20,1.570796
46,25,0.000000
46,32,-1.892547
46,49,3.141593
46,57,0.785398
46,60,2.356194
46,80,0.785398
46,81,1.570796
46,82,2.356194
46,86,2.356194
46,90,-2.356194
47,6,0.785398
47,8,1.249046
47,30,-1.892547
47,46,1.249046
47,47,3.141593
47,53,-1.570796
47,56,0.000000
47,85,-0.785398
47,86,-2.356194
48,14,-1.892547
48,27,1.570796
48,34,0.000000
48,44,0.785398
48,60,-2.356194
48,64,0.785398
48,65,1.570796
48,66,2.356194
48,78,3.141593
48,88,0.785398
48,89,1.892547
49,5,0.321751
49,17,3.141593
49,21,-1.570796
49,27,-2.819842
49,39,0.000000
49,47,-2.356194
49,54,0.000000
49,90,2.819842
50,15,1.570796
50,25,0.000000
50,26,-1.892547
50,74,-1.570796
50,82,2.356194
50,85,0.785398
50,86,1.892547
50,90,-2.356194
51,4,0.000000
51,5,-1.570796
51,11,0.321751
51,15,3.141593
51,18,1.570796
51,43,-0.785398
51,57,-0.321751
51,59,2.356194
51,63,0.785398
51,66,-2.356194
51,78,2.356194
52,15,-1.570796
52,23,1.570796
52,28,3.141593
52,48,2.356194
52,49,0.785398
52,50,1.570796
52,51,2.356194
52,52,3.141593
52,81,-1.249046
52,82,-2.356194
53,13,-2.819842
53,16,0.000000
53,22,-0.785398
53,23,-2.356194
53,25,1.249046
53,26,3.141593
53,32,0.000000
53,47,-1.892547
53,58,0.785398
53,74,0.785398
53,75,1.570796
53,77,-1.570796
53,78,3.141593
53,86,3.141593
54,15,1.570796
54,20,3.141593
54,51,-2.356194
54,54,3.141593
54,59,-2.356194
54,63,-0.785398
54,64,-1.570796
54,65,-2.356194
54,81,1.892547
55,2,0.321751
55,5,1.892547
55,12,0.785398
55,14,0.000000
55,19,-0.785398
55,76,1.570796
55,83,1.892547
55,88,1.570796
55,90,1.892547
56,2,-0.785398
56,19,2.356194
56,27,3.141593
56,33,0.000000
56,72,1.570796
56,84,-2.356194
56,91,2.819842
57,2,0.785398
57,9,1.249046
57,17,1.249046
57,19,-2.356194
57,21,0.000000
57,56,0.000000
57,66,0.785398
57,67,1.892547
57,72,0.000000
57,86,-1.249046
57,91,-2.356194
58,2,0.000000
58,25,2.356194
58,28,1.570796
58,67,-1.249046
58,68,-2.356194
58,84,1.892547
58,88,-1.249046
59,2,-0.785398
59,11,2.356194
59,20,-2.819842
59,25,3.141593
59,28,2.356194
59,40,1.249046
59,41,2.356194
59,71,-0.785398
59,72,-1.570796
59,73,3.141593
59,79,-2.356194
59,91,2.819842
60,11,-2.819842
60,14,0.321751
60,17,0.785398
60,19,-1.892547
60,39,0.000000
60,40,-1.892547
60,64,0.000000
60,65,3.141593
60,75,0.785398
60,81,-1.249046
60,82,-2.356194
60,91,-2.356194
61,10,-1.892547
61,14,-1.570796
61,17,-0.785398
61,21,1.249046
61,23,1.570796
61,29,0.000000
61,30,1.892547
61,34,1.249046
61,35,2.356194
61,36,0.785398
61,37,1.570796
61,38,3.141593
61,49,0.000000
61,71,0.785398
61,76,-1.249046
61,77,3.141593
61,84,-1.570796
62,13,1.570796
62,20,0.321751
62,27,-2.356194
62,33,-0.785398
62,34,-1.892547
62,50,-2.356194
62,72,0.000000
62,73,1.892547
62,78,0.000000
62,85,-2.356194
62,89,0.785398
63,3,0.785398
63,13,-2.819842
63,16,0.785398
63,30,-1.570796
63,73,-1.249046
63,75,1.892547
63,79,-2.356194
63,89,-1.570796
63,91,-2.356194
64,3,-0.785398
64,8,-1.570796
64,10,1.570796
64,12,-1.892547
64,18,2.356194
64,19,-0.785398
64,20,-2.356194
64,37,-1.570796
64,76,-2.356194
64,77,0.785398
64,84,0.785398
65,21,-2.356194
65,47,0.000000
65,72,0.000000
65,74,0.000000
65,78,-1.249046
65,79,3.141593
65,85,1.570796
66,6,2.356194
66,10,2.356194
66,14,3.141593
66,75,-2.356194
66,80,0.000000
66,81,1.892547
66,86,3.141593
66,91,3.141593
67,3,0.785398
67,5,0.000000
67,6,-2.356194
67,10,-2.819842
67,16,1.570796
67,27,-1.570796
67,59,2.356194
67,60,0.785398
67,61,1.892547
67,83,1.892547
67,87,0.000000
67,88,1.892547
68,3,0.000000
68,7,0.000000
68,13,-2.819842
68,15,0.321751
68,16,-2.819842
68,19,0.785398
68,58,-0.785398
68,64,3.141593
68,83,-1.249046
68,85,1.892547
69,11,0.321751
69,15,-0.785398
69,19,-0.785398
69,61,-0.785398
69,89,-1.249046
69,90,-2.356194
69,91,3.141593
70,3,0.000000
70,15,2.356194
70,18,3.141593
70,24,2.356194
70,61,0.785398
70,79,1.570796
71,3,-0.785398
71,6,0.785398
71,11,3.141593
71,14,0.000000
71,15,-2.356194
71,20,0.321751
71,31,-0.785398
71,34,0.785398
71,61,0.000000
71,64,3.141593
71,78,-0.785398
71,79,-2.356194
71,83,0.785398
71,87,-1.249046
71,88,3.141593
72,3,0.785398
72,11,-1.570796
72,17,-2.819842
72,20,-1.570796
72,22,0.000000
72,26,0.000000
72,27,3.141593
72,34,-0.321751
72,80,-2.356194
72,84,-2.356194
72,89,1.570796
73,3,0.000000
73,12,0.000000
73,35,-1.249046
73,36,3.141593
73,50,2.356194
73,72,0.000000
73,89,-0.321751
73,90,2.819842
74,8,0.321751
74,10,3.141593
74,12,2.356194
74,15,0.321751
74,16,-2.819842
74,19,2.356194
74,22,2.356194
74,69,0.000000
74,82,0.785398
74,87,1.570796
74,90,-1.570796
75,3,0.000000
75,8,-0.785398
75,12,-2.819842
75,18,0.321751
75,19,-2.819842
75,21,0.321751
75,22,-2.819842
75,39,0.785398
75,40,2.356194
75,46,1.249046
75,47,2.356194
75,48,-0.785398
75,49,-1.570796
75,51,-1.570796
75,52,-2.356194
75,53,0.785398
75,54,1.570796
75,55,2.356194
75,66,0.785398
75,83,-2.356194
75,87,0.785398
75,91,-2.356194
76,3,-0.785398
76,14,0.321751
76,15,-2.819842
76,24,1.570796
76,39,-0.785398
76,44,0.785398
76,46,-1.892547
76,59,-1.249046
76,61,-1.570796
76,62,3.141593
76,67,0.000000
76,73,-0.785398
76,88,3.141593
77,7,0.321751
77,17,0.321751
77,18,-2.819842
77,20,0.321751
77,21,-2.819842
77,74,1.570796
78,13,0.321751
78,14,-2.819842
78,20,-0.785398
78,26,1.570796
78,44,3.141593
78,74,-0.321751
78,78,-2.356194
79,9,-2.819842
79,13,-0.785398
79,16,0.321751
79,17,-2.819842
79,20,2.356194
79,23,2.356194
79,26,-1.570796
79,44,-2.356194
79,90,-1.570796
80,2,0.321751
80,5,1.570796
80,16,-0.785398
80,19,0.321751
80,20,-2.819842
80,22,0.321751
80,23,-2.819842
80,29,1.570796
80,44,2.356194
80,55,2.356194
80,68,-1.570796
80,77,2.819842
80,87,0.785398
81,2,-0.785398
81,8,-2.356194
81,22,-0.785398
81,25,1.570796
81,29,2.356194
81,32,1.570796
81,36,1.570796
81,44,-2.819842
81,53,1.249046
81,63,0.000000
81,69,-2.356194
81,77,-1.570796
81,80,0.785398
82,19,-2.819842
82,28,0.321751
82,29,-2.819842
82,39,1.570796
82,42,0.321751
82,74,1.570796
82,89,-2.356194
83,8,2.356194
83,15,0.321751
83,22,-1.570796
83,28,-0.785398
83,31,0.321751
83,33,3.141593
83,35,1.570796
83,39,-1.570796
83,51,0.000000
83,52,-1.892547
83,66,0.000000
83,74,-0.321751
83,75,2.819842
84,8,-2.819842
84,15,-0.785398
84,31,-0.785398
84,35,-2.819842
84,41,0.321751
84,42,-2.819842
84,45,1.570796
84,50,1.570796
84,62,0.000000
84,67,-1.570796
84,71,0.000000
84,72,3.141593
84,75,-1.570796
84,78,-1.570796
84,82,-2.356194
85,11,0.785398
85,15,0.785398
85,17,2.356194
85,24,-1.570796
85,31,2.356194
85,34,-0.785398
85,41,-1.570796
85,49,0.000000
86,11,-0.785398
86,13,1.892547
86,17,-2.819842
86,20,1.570796
86,30,0.321751
86,31,-2.819842
86,34,0.785398
86,40,1.570796
86,48,1.570796
86,53,0.785398
86,59,0.000000
86,60,3.141593
86,76,-1.570796
87,23,1.570796
87,30,-0.785398
87,34,-0.785398
87,35,-2.356194
87,36,3.141593
87,39,0.321751
87,40,-2.819842
87,47,0.321751
87,48,-2.819842
87,51,-0.785398
87,54,-2.356194
87,63,1.570796
87,66,-2.356194
88,4,-1.570796
88,6,3.141593
88,16,-2.356194
88,43,2.356194
88,47,-1.570796
88,74,1.570796
89,2,-0.785398
89,13,0.000000
89,16,2.356194
89,38,0.000000
89,42,0.321751
89,43,-2.819842
90,6,0.000000
90,9,1.570796
90,13,-1.570796
90,16,3.141593
90,26,2.356194
90,33,2.356194
90,37,1.570796
90,42,-1.570796
90,57,2.356194
90,68,1.570796
91,2,0.785398
91,6,-1.570796
91,12,1.570796
91,16,-2.356194
91,19,0.785398
91,22,1.570796
91,25,0.321751
91,26,-2.819842
91,32,0.321751
91,36,0.321751
91,37,-2.819842
91,51,1.570796
91,55,1.249046
91,56,3.141593
92,2,-0.321751
92,10,-2.356194
92,12,3.141593
92,19,0.000000
92,22,3.141593
92,25,-0.785398
92,32,-0.785398
92,34,-2.356194
92,36,-0.785398
92,51,-2.819842
92,61,0.785398
92,65,0.785398
92,71,-1.570796
93,12,-2.356194
93,19,-0.785398
93,22,-2.356194
93,25,0.785398
93,40,-0.785398
93,53,0.321751
93,58,0.785398
93,62,1.570796
93,65,-0.321751
93,66,2.819842
93,83,1.570796
94,12,2.356194
94,25,0.000000
94,48,0.321751
94,53,-1.570796
94,62,-0.321751
94,63,2.819842
94,66,-2.356194
94,69,-1.570796
94,72,1.570796
95,2,0.321751
95,5,-2.356194
95,8,0.000000
95,12,3.141593
95,25,-0.785398
95,29,3.141593
95,31,2.356194
95,48,-0.785398
95,63,-2.356194
95,72,-1.570796
96,2,-0.785398
96,5,0.785398
96,8,-1.570796
96,12,-2.356194
96,25,-1.570796
96,27,-0.785398
96,30,-0.785398
96,48,0.785398
96,52,2.356194
96,55,2.356194
97,6,-2.356194
97,12,0.785398
97,15,2.356194
97,18,-1.570796
97,22,-1.570796
97,39,0.000000
97,49,3.141593
97,54,1.570796
97,72,1.570796
97,75,-1.570796
97,84,-2.356194
98,2,-1.570796
98,13,-2.356194
98,14,-0.785398
98,27,-1.570796
98,35,-1.570796
98,50,-0.785398
98,51,-1.892547
98,53,-0.785398
98,60,-1.570796
98,63,-1.570796
98,66,-1.570796
98,72,-1.570796
