12,30,2.356194
12,47,1.249046
12,48,3.141593
14,14,2.356194
14,27,0.785398
14,46,-0.785398
14,66,1.570796
15,13,-0.785398
15,46,0.785398
15,66,0.000000
16,13,2.356194
16,46,-0.321751
16,66,-0.785398
18,42,1.570796
18,44,1.892547
18,51,1.249046
20,9,0.321751
20,42,-1.570796
20,44,-1.892547
20,66,0.785398
21,9,-0.785398
21,58,0.000000
21,68,1.892547
22,51,-2.819842
22,63,1.249046
23,27,0.321751
23,29,2.819842
23,58,-0.321751
24,9,2.356194
24,44,-0.785398
24,45,-1.892547
24,52,2.356194
24,54,3.141593
25,8,0.321751
25,39,1.570796
25,40,2.356194
25,41,0.785398
25,65,-2.356194
25,67,-0.785398
25,68,-1.892547
25,79,2.356194
25,83,2.356194
26,8,-0.785398
26,22,1.570796
26,42,-1.249046
26,43,-2.356194
26,44,0.785398
26,45,1.892547
26,51,-1.570796
26,60,-0.785398
26,73,1.249046
26,75,1.892547
26,77,1.249046
26,79,3.141593
27,22,0.000000
27,32,-2.356194
27,33,-0.785398
27,34,-1.570796
27,45,-1.249046
27,46,-2.356194
27,52,0.000000
27,60,0.785398
27,63,-1.249046
27,64,3.141593
27,70,1.249046
27,83,2.819842
28,8,2.356194
28,24,2.356194
28,27,1.249046
28,28,2.356194
28,29,-0.785398
28,30,-1.892547
28,39,-1.249046
28,40,-2.356194
28,55,0.000000
28,61,3.141593
28,65,2.356194
28,68,1.249046
29,7,0.321751
29,22,0.000000
29,26,0.000000
29,27,-1.892547
29,43,0.785398
29,44,2.356194
29,62,0.000000
29,63,1.570796
29,68,-1.892547
30,7,-0.785398
30,22,-1.570796
30,24,-1.249046
30,34,2.356194
30,43,-0.785398
30,54,-1.570796
30,59,-2.356194
30,75,2.819842
30,78,0.000000
30,80,-1.892547
31,21,-0.785398
31,27,2.356194
31,30,3.141593
31,33,-0.785398
31,43,0.785398
31,49,0.785398
31,50,1.892547
31,61,0.785398
31,75,-1.570796
31,85,-2.356194
32,17,2.356194
32,25,-0.785398
32,26,-1.892547
32,35,0.000000
32,38,3.141593
32,44,3.141593
32,50,-1.249046
32,51,-2.356194
32,65,-1.249046
32,66,3.141593
32,78,3.141593
32,81,1.249046
33,17,-2.819842
33,23,-0.785398
33,45,-2.356194
33,53,-2.356194
33,59,0.785398
33,71,-0.785398
34,15,-0.785398
34,16,-1.892547
34,28,2.356194
34,33,1.570796
34,48,0.000000
34,49,3.141593
34,61,0.785398
34,62,2.356194
35,27,-0.785398
35,51,0.000000
35,56,0.000000
35,62,-1.570796
35,67,-0.785398
35,76,-2.356194
35,77,-0.785398
36,32,-0.785398
36,43,0.000000
36,47,3.141593
36,53,0.000000
36,54,1.892547
36,70,2.356194
36,73,0.785398
36,74,2.356194
36,88,2.356194
37,54,-1.249046
37,55,3.141593
37,60,0.785398
37,68,0.000000
37,79,0.000000
37,84,-0.785398
37,85,-1.570796
37,88,-2.819842
38,26,0.000000
38,27,3.141593
38,40,0.000000
38,51,1.570796
38,61,-1.570796
38,79,-0.785398
39,51,-1.570796
39,56,-1.570796
39,63,3.141593
39,66,0.000000
39,67,1.892547
39,70,1.570796
40,19,0.000000
40,22,3.141593
40,32,0.000000
40,34,3.141593
40,47,-2.356194
40,74,-0.321751
41,39,0.000000
41,41,3.141593
41,51,0.785398
41,61,0.785398
41,68,-1.249046
41,78,0.321751
41,80,-2.356194
41,87,2.356194
42,6,2.356194
42,20,2.356194
42,44,2.356194
42,52,0.000000
42,53,1.892547
42,75,-0.321751
42,78,-1.570796
42,82,0.000000
42,83,1.570796
42,87,-2.819842
43,5,0.321751
43,19,-0.785398
43,43,-0.785398
43,46,0.000000
43,53,-1.249046
43,54,3.141593
43,63,0.000000
43,68,1.570796
43,70,-1.570796
44,5,-0.785398
44,11,3.141593
44,28,0.000000
44,43,0.785398
44,45,1.570796
44,50,3.141593
44,60,0.785398
44,64,-2.356194
44,81,1.249046
44,88,1.249046
45,57,-2.356194
45,69,-2.356194
45,84,-1.249046
46,17,0.000000
46,19,3.141593
46,62,-0.785398
46,64,2.819842
46,66,0.785398
47,15,2.356194
47,55,0.785398
47,64,-1.570796
47,67,-2.356194
47,77,-0.785398
47,87,-0.785398
48,14,-0.785398
49,40,-0.785398
49,57,-2.356194
49,80,0.785398
50,49,2.356194
50,63,1.570796
50,80,-0.321751
50,81,2.819842
51,4,0.785398
51,42,1.249046
51,43,2.356194
51,60,0.785398
51,81,-2.356194
52,4,0.000000
52,8,0.785398
52,9,1.892547
52,71,0.785398
52,81,-1.570796
53,4,-0.785398
53,13,3.141593
53,41,-0.785398
53,70,0.000000
54,9,-0.785398
54,76,0.785398
54,77,1.892547
54,89,-2.356194
55,4,0.785398
55,85,-0.321751
56,4,0.000000
56,9,-1.570796
56,64,0.000000
56,66,0.785398
56,72,-2.356194
56,80,-2.356194
56,83,1.570796
56,86,-1.570796
56,89,2.356194
57,6,-2.356194
57,11,0.000000
57,12,3.141593
57,67,-2.356194
57,83,0.000000
57,89,3.141593
58,41,2.356194
58,70,2.356194
58,82,0.785398
58,85,2.356194
58,86,-0.785398
58,87,-1.892547
58,89,-2.356194
59,3,0.000000
59,9,1.570796
59,39,2.356194
59,40,-0.785398
59,41,-2.356194
59,63,1.570796
59,73,0.785398
59,74,1.892547
59,82,0.000000
60,9,-1.570796
60,12,0.785398
60,13,1.892547
60,38,-0.785398
60,60,1.570796
60,67,0.000000
60,80,3.141593
60,84,-1.570796
61,13,-1.249046
61,14,3.141593
61,69,-2.356194
61,82,-2.819842
62,2,0.785398
62,15,-2.356194
62,66,2.356194
62,89,2.356194
63,2,-0.321751
63,4,3.141593
63,9,1.249046
63,70,1.570796
63,75,-1.570796
63,79,0.785398
63,89,-2.819842
64,11,-2.356194
64,65,-0.785398
64,67,0.000000
64,68,1.892547
64,70,-0.785398
64,71,-2.356194
64,88,-0.785398
65,3,0.785398
65,9,-2.356194
65,13,2.356194
65,20,3.141593
65,39,0.785398
65,48,-2.356194
65,82,3.141593
66,3,0.000000
66,39,0.000000
66,60,1.570796
66,66,0.785398
66,68,-1.892547
66,78,0.785398
67,3,-0.785398
67,10,-2.356194
67,12,-1.570796
67,39,-0.785398
67,63,0.785398
67,66,-0.785398
67,74,2.356194
67,78,0.000000
68,16,0.000000
68,18,-0.785398
68,19,-1.570796
68,20,-2.356194
68,21,3.141593
68,59,0.785398
68,63,-0.321751
68,73,3.141593
68,78,-0.785398
68,85,1.570796
69,3,0.785398
69,59,0.000000
69,61,1.892547
69,64,-1.249046
69,85,-0.785398
69,89,2.819842
70,3,0.000000
70,40,1.570796
70,42,2.356194
70,62,2.819842
70,66,0.785398
70,67,2.356194
70,70,0.785398
70,71,2.356194
70,79,1.570796
70,84,1.570796
71,10,0.000000
71,11,0.785398
71,23,3.141593
71,40,-0.321751
71,42,-2.819842
71,74,-2.356194
71,79,-0.321751
71,82,0.785398
71,89,3.141593
72,3,0.000000
72,12,-2.356194
72,54,1.570796
72,57,-0.785398
72,66,3.141593
72,72,2.819842
72,77,1.570796
72,89,-2.356194
73,3,-0.785398
73,12,-1.570796
73,20,-1.570796
73,41,-0.785398
73,42,3.141593
73,54,0.000000
73,66,-2.356194
73,69,0.000000
73,72,-2.356194
74,38,2.356194
74,39,0.785398
74,40,2.356194
74,43,0.000000
74,58,0.785398
74,63,-1.892547
74,66,-1.570796
74,78,1.570796
74,81,-0.785398
74,85,2.819842
75,3,0.785398
75,7,2.356194
75,16,1.570796
75,37,-0.785398
75,40,-2.356194
75,53,0.785398
75,55,0.000000
75,58,-0.785398
75,71,3.141593
76,3,0.000000
76,16,-1.570796
76,44,0.000000
76,47,0.785398
76,48,1.570796
76,49,2.356194
76,53,-0.321751
76,56,1.570796
76,61,-0.321751
76,62,2.819842
76,70,-0.785398
76,77,0.785398
76,88,1.570796
77,3,-0.785398
77,44,-0.785398
77,54,-2.356194
77,56,0.000000
77,59,2.819842
77,62,-2.356194
77,71,0.785398
77,72,2.356194
77,77,0.000000
77,79,-1.892547
77,85,-1.249046
77,86,-2.356194
77,88,3.141593
78,3,0.785398
78,8,3.141593
78,16,3.141593
78,38,-2.356194
78,48,0.000000
78,51,2.819842
78,54,0.785398
78,66,1.570796
78,77,-0.785398
78,81,0.321751
78,82,-2.819842
78,88,-2.356194
79,3,0.000000
79,12,0.000000
79,51,-1.570796
79,54,0.000000
79,57,0.000000
79,58,2.356194
79,63,1.570796
79,70,0.000000
79,75,1.570796
79,77,2.356194
79,81,-0.785398
80,3,-0.785398
80,16,0.000000
80,18,3.141593
80,22,0.000000
80,23,3.141593
80,28,0.785398
80,48,-0.321751
80,49,2.819842
80,54,-0.785398
80,58,-2.356194
80,63,-0.321751
80,66,0.000000
80,68,1.249046
80,69,3.141593
80,75,-0.321751
81,29,-2.356194
81,33,1.570796
81,46,1.570796
81,49,-2.356194
81,78,2.819842
82,3,0.785398
82,10,0.000000
82,11,3.141593
82,13,0.785398
82,46,-1.570796
82,58,-1.570796
82,64,-0.785398
82,68,-2.356194
82,76,-0.785398
82,78,-2.356194
82,88,2.356194
83,3,-0.321751
83,4,2.819842
83,15,1.570796
83,16,2.356194
83,18,3.141593
83,33,-1.570796
83,52,0.785398
83,68,0.000000
83,73,1.570796
83,76,0.785398
83,81,2.356194
83,86,1.570796
84,4,-2.356194
84,13,0.785398
84,22,0.785398
84,30,1.570796
84,39,0.000000
84,40,-0.785398
84,42,2.819842
84,64,0.785398
84,66,0.785398
84,71,2.356194
84,76,-0.321751
84,79,-2.356194
84,81,3.141593
85,14,-2.356194
85,27,1.570796
85,30,-1.570796
85,44,2.356194
85,48,0.000000
85,49,-1.570796
85,50,-2.356194
85,56,2.819842
85,59,1.570796
85,64,-0.321751
85,87,2.819842
86,34,1.570796
86,37,1.570796
86,53,-0.785398
86,56,-2.356194
86,70,-2.356194
86,81,0.000000
87,4,0.785398
87,53,2.356194
87,62,0.785398
87,65,-0.321751
87,70,0.000000
87,87,3.141593
88,4,0.000000
88,10,3.141593
88,27,-1.570796
88,37,-1.570796
88,42,-0.785398
88,44,-2.356194
88,50,0.000000
88,53,3.141593
88,60,1.570796
88,69,-2.356194
88,81,0.000000
89,4,-1.570796
89,42,0.785398
89,44,2.356194
89,53,-2.356194
89,60,0.000000
89,63,-1.249046
89,64,-2.356194
89,66,3.141593
89,78,0.000000
89,79,1.892547
89,83,-1.249046
89,85,-1.570796
89,88,2.819842
90,7,0.321751
90,19,1.570796
90,31,1.570796
90,34,-1.570796
90,37,0.785398
90,44,3.141593
90,60,-0.785398
90,66,-2.356194
90,81,3.141593
90,88,-2.356194
91,19,0.000000
91,44,-2.356194
91,72,0.785398
91,75,2.819842
92,18,-0.785398
92,20,-2.356194
92,40,0.321751
92,48,1.570796
92,51,1.570796
92,60,2.356194
92,64,1.570796
92,72,-0.785398
92,75,-2.356194
92,79,0.000000
92,81,3.141593
93,34,1.570796
93,40,-0.785398
93,48,0.000000
93,51,3.141593
93,55,2.356194
93,60,-2.819842
93,64,0.785398
93,66,2.356194
93,75,0.785398
93,79,-1.570796
93,81,-2.356194
93,88,2.356194
94,10,-2.819842
94,23,-1.570796
94,30,0.321751
94,34,2.356194
94,48,-0.785398
94,51,-2.356194
94,64,-0.321751
94,66,-2.819842
94,77,2.356194
94,81,0.785398
94,85,0.785398
94,86,1.570796
95,6,-0.785398
95,7,-1.570796
95,9,-1.892547
95,12,0.000000
95,13,3.141593
95,19,1.570796
95,30,-0.785398
95,37,2.356194
95,55,-2.356194
95,73,0.000000
95,81,-0.321751
95,83,2.356194
95,84,0.000000
96,22,1.570796
96,30,0.785398
96,35,-2.356194
96,36,-0.785398
96,42,1.570796
96,45,-1.570796
96,48,0.785398
96,74,-1.249046
96,86,-2.819842
97,22,0.785398
97,31,-2.356194
97,32,-0.785398
97,33,-1.892547
97,42,-1.570796
97,49,-2.356194
97,50,-0.785398
97,51,-1.570796
97,52,3.141593
97,59,0.785398
97,68,-2.356194
98,18,-1.570796
98,23,-2.356194
98,26,3.141593
98,40,-1.570796
98,54,3.141593
98,60,-2.356194
98,61,3.141593
98,84,-0.785398
