5,42,0.785398
5,43,1.570796
5,44,2.356194
5,56,0.785398
5,57,1.570796
5,58,2.356194
6,34,0.785398
6,35,1.570796
6,36,3.141593
6,51,3.141593
6,66,1.570796
7,27,1.249046
7,28,3.141593
7,48,0.321751
8,35,0.000000
9,20,0.785398
9,21,2.356194
9,52,-2.356194
9,56,0.321751
9,58,3.141593
9,64,0.321751
9,76,0.000000
9,77,1.892547
10,12,1.249046
10,13,3.141593
10,21,-1.570796
10,27,0.000000
10,29,1.892547
10,43,0.785398
10,47,0.321751
10,56,-0.785398
11,45,1.892547
11,62,1.249046
11,64,3.141593
12,10,-1.570796
12,37,-1.570796
12,47,3.141593
12,52,-1.249046
12,53,-2.356194
12,54,0.785398
12,55,2.356194
12,64,-2.356194
13,29,-1.249046
13,31,-1.570796
13,32,-2.356194
13,47,-2.356194
14,25,1.570796
14,38,1.249046
14,39,2.356194
14,47,0.785398
14,55,0.000000
14,57,1.892547
14,61,0.321751
15,25,0.000000
15,38,-1.892547
15,49,2.356194
15,50,0.785398
15,51,1.892547
15,55,-1.570796
15,57,-1.249046
15,58,3.141593
15,61,-1.570796
15,63,-1.570796
16,25,-0.785398
16,53,0.785398
16,54,2.356194
17,8,0.321751
17,10,3.141593
17,51,-1.570796
17,82,2.356194
18,8,-1.570796
18,34,1.570796
18,38,2.356194
18,45,-0.785398
18,50,2.356194
18,54,0.000000
18,59,-1.570796
18,68,0.785398
19,24,-0.785398
19,42,1.570796
19,48,-1.570796
19,50,-1.570796
19,54,-1.570796
19,56,0.000000
20,28,2.356194
20,30,-0.785398
20,31,-1.892547
20,37,0.785398
20,47,1.570796
20,52,0.785398
20,53,2.356194
20,63,0.000000
20,69,0.785398
21,37,0.000000
21,39,0.785398
21,57,-1.570796
21,69,0.000000
21,74,0.785398
21,75,1.892547
21,78,0.000000
21,79,-1.892547
22,37,-1.570796
22,43,-1.892547
22,53,-0.785398
22,54,-2.356194
22,55,0.785398
22,56,2.356194
22,64,-0.785398
22,65,-2.356194
22,77,2.356194
22,84,2.819842
23,19,0.785398
23,20,1.570796
23,22,1.570796
23,24,1.892547
23,28,-2.356194
23,33,-0.785398
23,34,-1.570796
23,40,-1.570796
23,52,1.570796
23,56,-1.570796
23,62,0.000000
23,63,2.356194
23,69,3.141593
23,84,-1.570796
24,36,-1.249046
24,37,-2.356194
24,45,0.000000
24,47,-1.570796
24,49,1.570796
24,50,2.356194
24,51,-0.785398
24,52,-2.356194
24,63,-1.570796
25,7,0.785398
25,58,1.570796
25,70,3.141593
26,7,-0.321751
26,9,2.356194
26,17,0.785398
26,18,1.570796
26,20,-1.892547
26,43,0.000000
26,45,3.141593
26,48,0.321751
26,50,2.819842
26,54,0.000000
26,55,1.892547
26,58,-0.785398
26,59,-2.356194
26,65,0.000000
26,66,1.892547
27,48,-1.570796
27,50,-1.570796
27,55,-1.249046
27,57,2.356194
27,61,0.000000
27,62,1.892547
27,66,-1.249046
27,67,3.141593
28,38,0.785398
28,39,1.892547
28,42,1.249046
28,43,2.356194
28,44,0.000000
28,72,0.785398
28,74,1.249046
28,75,2.356194
28,76,-0.785398
28,77,-1.892547
29,13,1.249046
29,15,1.570796
29,16,2.356194
29,17,-0.785398
29,18,-1.892547
29,23,-1.249046
29,25,-1.570796
29,26,-2.356194
29,27,0.785398
29,28,1.892547
29,57,0.000000
30,11,1.249046
30,32,0.785398
30,33,1.570796
30,34,2.356194
30,36,0.785398
30,37,1.892547
30,57,-1.570796
30,65,2.819842
30,70,0.000000
31,43,0.785398
31,45,-2.356194
31,49,0.000000
31,50,1.892547
31,55,0.000000
31,65,-1.570796
32,6,0.321751
32,14,-2.356194
32,15,-0.785398
32,16,-1.570796
32,17,3.141593
32,24,1.249046
32,25,2.356194
32,28,3.141593
32,33,0.000000
32,36,-0.785398
32,37,-1.892547
32,50,-1.249046
32,51,3.141593
32,61,0.000000
32,62,1.892547
32,66,0.000000
32,71,0.785398
32,76,-2.356194
33,6,-0.785398
33,10,-0.321751
33,19,2.356194
33,40,0.000000
33,42,-0.785398
33,57,-1.249046
33,58,3.141593
33,67,-1.570796
33,71,-0.321751
33,72,2.819842
34,22,-0.785398
34,32,0.000000
34,33,-1.570796
34,34,-2.356194
34,37,3.141593
34,40,-0.785398
34,47,0.785398
34,59,1.570796
34,72,-1.570796
35,6,2.356194
35,14,2.356194
35,26,0.785398
35,30,0.000000
35,44,0.785398
35,45,1.892547
35,54,0.000000
35,59,-0.321751
35,60,2.819842
35,65,2.819842
36,5,0.321751
36,17,-2.356194
36,31,-1.249046
36,32,-2.356194
36,38,3.141593
36,45,-1.249046
36,47,-1.892547
36,51,-2.356194
36,60,-1.570796
36,65,-1.570796
36,84,-0.785398
36,86,2.819842
37,5,-0.785398
37,14,1.570796
37,16,0.785398
37,55,-0.785398
37,57,1.892547
37,66,1.570796
37,86,-2.356194
38,8,0.000000
38,25,1.570796
38,31,0.000000
38,45,0.000000
38,49,3.141593
38,53,0.000000
38,58,2.819842
38,66,-0.321751
38,67,2.819842
38,71,0.785398
39,9,-1.570796
39,13,0.321751
39,17,-1.570796
39,18,-2.356194
39,19,0.785398
39,20,1.892547
39,24,0.000000
39,56,-0.785398
39,67,-1.570796
39,71,-0.321751
39,72,2.819842
40,13,-1.570796
40,35,-2.356194
40,38,0.000000
40,41,3.141593
40,53,0.000000
40,54,3.141593
40,59,-2.356194
40,68,0.000000
40,72,-1.570796
41,4,0.321751
41,6,-2.356194
41,19,0.000000
41,20,-1.892547
41,45,2.356194
41,69,-1.570796
41,78,1.570796
42,32,0.000000
42,33,3.141593
42,44,1.570796
42,61,-1.570796
42,66,3.141593
42,70,1.570796
42,78,-0.321751
43,4,-0.785398
43,5,3.141593
43,12,2.356194
43,37,0.000000
43,43,-0.785398
43,70,-0.321751
43,71,2.819842
43,79,-1.249046
43,80,3.141593
44,18,0.000000
44,25,0.785398
44,26,1.892547
44,71,-1.570796
44,85,-0.785398
44,87,2.819842
45,7,0.785398
45,8,2.356194
45,11,-1.570796
45,16,3.141593
45,21,2.356194
45,23,0.000000
45,32,2.356194
45,34,0.000000
45,35,3.141593
45,41,0.000000
45,46,3.141593
45,87,-2.356194
46,3,0.785398
46,12,0.785398
46,13,2.356194
46,14,0.000000
46,19,0.000000
46,20,-1.892547
46,26,-1.892547
46,56,0.000000
46,58,3.141593
46,72,-1.570796
46,77,1.570796
47,3,-0.321751
47,5,2.356194
47,6,-0.785398
47,12,-1.570796
47,16,2.356194
47,22,0.000000
47,23,-0.785398
47,24,-1.892547
47,28,2.356194
47,77,-0.785398
47,78,3.141593
48,26,0.000000
49,4,0.000000
49,10,-0.785398
49,73,2.356194
49,79,0.785398
49,82,0.785398
49,83,1.892547
49,87,2.356194
50,7,2.356194
50,39,1.249046
50,40,2.356194
50,45,0.785398
50,46,1.892547
50,50,1.249046
50,51,2.356194
50,56,0.785398
50,57,1.570796
50,58,2.356194
50,61,0.785398
50,62,1.570796
50,63,2.356194
50,76,-2.356194
50,79,-0.785398
50,87,3.141593
51,3,0.321751
51,6,-1.892547
51,11,0.000000
51,14,-2.356194
51,19,0.785398
51,20,1.570796
51,21,2.356194
51,22,0.785398
51,23,1.570796
51,25,1.570796
51,26,2.356194
51,28,-0.785398
51,29,-1.570796
51,31,-1.570796
51,32,-2.356194
51,71,-0.785398
51,72,-1.570796
51,73,-2.356194
51,81,-1.249046
51,83,-1.892547
51,87,-2.356194
52,3,-0.785398
52,10,3.141593
52,50,-1.249046
52,51,-2.356194
52,56,-0.785398
52,76,0.785398
53,23,-0.321751
53,40,-2.356194
53,70,3.141593
53,78,2.819842
54,8,3.141593
54,12,1.249046
54,13,2.356194
54,14,0.785398
54,15,1.570796
54,16,2.356194
54,17,0.785398
54,18,1.892547
54,37,3.141593
54,46,-1.249046
54,47,-2.356194
54,59,0.000000
54,72,0.000000
54,73,0.785398
54,74,1.892547
54,78,-2.356194
55,12,-1.892547
55,20,-1.570796
55,21,-2.356194
55,39,0.000000
55,65,0.785398
55,66,1.892547
55,75,2.819842
55,78,-1.570796
56,6,0.321751
56,7,-2.819842
56,16,-2.356194
56,17,-0.785398
56,18,-1.892547
56,34,3.141593
56,47,3.141593
56,57,3.141593
56,66,-1.249046
56,67,-2.356194
57,6,-1.570796
57,24,-0.785398
57,49,0.000000
57,51,3.141593
57,59,0.000000
57,72,1.570796
57,75,-0.321751
57,76,2.819842
58,4,1.249046
58,5,3.141593
58,8,1.249046
58,29,0.000000
58,30,3.141593
58,68,0.785398
58,69,1.892547
58,72,-0.321751
58,73,2.819842
58,76,-1.570796
59,7,0.000000
59,8,-1.892547
59,12,3.141593
59,27,-2.356194
59,40,0.000000
59,42,3.141593
59,59,0.000000
59,60,3.141593
59,70,2.819842
59,73,-1.570796
59,81,1.570796
60,2,0.321751
60,6,3.141593
60,15,2.356194
60,33,0.000000
60,35,3.141593
60,87,2.356194
61,2,-0.785398
61,40,0.000000
61,41,3.141593
61,70,-0.321751
61,71,2.819842
61,74,0.785398
61,83,2.356194
61,87,3.141593
62,2,0.785398
62,34,0.000000
62,35,3.141593
62,43,0.000000
62,45,3.141593
62,51,0.000000
62,54,3.141593
62,74,-0.321751
62,75,2.819842
62,79,0.785398
62,80,2.356194
62,81,-0.785398
62,82,-1.892547
62,87,-1.570796
63,2,0.000000
63,31,0.785398
63,49,0.785398
63,64,1.570796
63,71,-0.321751
63,72,2.819842
63,79,-0.785398
64,2,-0.785398
64,50,-2.356194
64,64,-1.570796
64,69,1.570796
64,72,-2.356194
64,75,-0.321751
64,79,0.785398
65,10,1.570796
65,14,1.570796
65,20,3.141593
65,25,0.000000
65,27,3.141593
65,37,0.000000
65,39,3.141593
65,53,0.000000
65,55,3.141593
65,67,0.785398
65,69,2.356194
66,2,0.785398
66,9,0.321751
66,10,-2.819842
66,18,-0.785398
66,35,0.785398
66,65,0.785398
66,69,3.141593
66,81,2.819842
67,2,-0.321751
67,4,2.356194
67,9,-1.570796
67,20,2.356194
67,36,3.141593
67,44,0.000000
67,50,0.000000
67,51,3.141593
67,60,1.570796
67,69,-2.356194
67,77,-0.785398
68,6,-2.356194
68,8,-0.785398
68,19,-0.785398
68,38,3.141593
68,46,-2.356194
68,58,1.570796
68,63,0.785398
68,82,3.141593
68,88,2.356194
69,15,-2.356194
69,32,0.000000
69,58,-1.570796
69,66,0.785398
69,78,1.570796
69,88,3.141593
70,6,1.570796
70,17,2.356194
70,34,-2.356194
70,61,-1.570796
70,64,-1.570796
70,66,-0.321751
70,67,2.819842
70,78,-0.321751
70,79,2.819842
70,88,-2.356194
71,9,1.570796
71,16,-0.785398
71,27,2.356194
71,59,1.570796
71,71,1.570796
71,79,-1.570796
72,4,1.249046
72,5,3.141593
72,25,0.000000
72,48,0.785398
72,59,-1.570796
72,65,1.570796
72,67,-0.321751
72,68,2.819842
72,71,-0.321751
72,72,2.819842
73,8,1.570796
73,12,1.570796
73,68,-1.570796
73,72,-1.570796
73,76,0.785398
74,3,-1.570796
74,7,0.321751
74,8,-2.819842
74,12,2.356194
74,19,2.356194
74,28,0.000000
74,29,3.141593
74,51,1.570796
74,60,1.570796
74,76,-0.321751
75,7,-0.785398
75,12,-2.819842
75,15,1.570796
75,22,3.141593
75,34,0.785398
75,51,-1.570796
75,54,1.570796
75,60,-1.570796
75,63,1.570796
75,65,-1.570796
75,78,2.819842
75,88,2.356194
76,14,0.000000
76,15,-2.356194
76,20,-0.785398
76,24,2.356194
76,35,-2.356194
76,86,0.785398
76,88,-2.819842
77,7,-1.570796
77,8,-2.356194
77,9,-0.785398
77,10,-1.892547
77,16,-2.356194
77,23,-0.785398
77,29,3.141593
77,31,0.785398
77,48,-1.570796
77,53,-0.785398
77,61,1.570796
77,74,-2.356194
77,78,-0.321751
78,2,0.785398
78,25,0.000000
78,41,1.570796
78,59,0.785398
78,64,0.000000
78,80,2.819842
79,5,-2.819842
79,34,-2.356194
79,37,1.570796
79,41,0.785398
79,60,0.000000
79,65,-2.356194
79,72,3.141593
79,76,1.570796
80,8,2.356194
80,11,-0.785398
80,37,-1.570796
80,42,3.141593
80,60,-1.570796
80,65,-1.570796
80,81,3.141593
81,3,0.000000
81,4,-2.356194
81,7,1.570796
81,27,0.000000
81,29,3.141593
81,32,1.570796
81,77,0.000000
81,78,1.892547
81,82,1.570796
81,87,2.356194
82,5,0.785398
82,7,-2.356194
82,32,-1.570796
82,61,1.570796
82,67,1.570796
82,70,0.785398
82,79,2.819842
82,87,3.141593
83,5,-0.785398
83,9,3.141593
83,34,0.000000
83,35,3.141593
83,39,0.785398
83,44,-2.356194
83,61,-1.570796
83,87,-2.356194
84,2,0.785398
84,40,-2.356194
84,65,1.570796
84,79,-0.321751
85,2,-0.321751
85,4,3.141593
85,49,0.000000
85,50,0.785398
85,55,0.785398
85,87,2.356194
86,6,1.570796
86,10,2.356194
86,33,0.000000
86,35,3.141593
86,51,-1.570796
86,56,-2.356194
86,63,0.000000
86,64,-0.785398
86,66,2.819842
86,69,-1.570796
86,81,-2.356194
86,85,0.785398
86,87,-2.819842
87,9,-0.785398
87,42,1.570796
87,66,-1.570796
87,77,3.141593
88,3,0.785398
88,5,1.570796
88,14,0.785398
88,42,-1.570796
88,67,0.000000
88,86,0.785398
89,3,-0.321751
89,13,0.785398
89,29,0.000000
89,30,3.141593
89,62,0.000000
89,68,-1.570796
89,79,0.785398
89,86,-0.321751
90,6,0.000000
90,13,0.000000
90,15,-2.356194
90,45,0.000000
90,46,3.141593
90,59,0.785398
91,3,0.321751
91,5,-2.356194
91,8,2.356194
91,60,-2.356194
91,65,-2.356194
91,76,1.570796
91,86,0.321751
92,3,-0.785398
92,8,-2.819842
92,11,0.000000
92,12,-0.785398
92,18,3.141593
92,25,0.000000
92,27,3.141593
92,86,-0.785398
93,6,0.321751
93,63,0.785398
93,83,1.570796
94,15,3.141593
94,55,1.570796
94,73,1.570796
95,12,1.570796
95,25,3.141593
95,55,0.785398
95,65,-2.356194
95,73,-0.321751
95,82,0.000000
95,83,-1.892547
96,8,3.141593
96,12,-2.819842
96,18,3.141593
96,56,3.141593
96,62,3.141593
96,74,-1.249046
96,75,-2.356194
96,77,-0.785398
96,78,-1.570796
96,79,-2.356194
97,11,-1.892547
97,15,-0.785398
97,29,3.141593
97,33,0.000000
97,35,3.141593
98,4,-1.892547
98,6,-1.249046
98,7,-2.356194
98,8,-0.785398
98,9,-1.892547
98,19,0.000000
98,24,0.000000
98,47,0.000000
98,48,3.141593
98,58,-2.356194
98,69,0.000000
98,70,3.141593
