13,38,1.249046
13,39,2.356194
13,54,0.785398
13,55,1.570796
13,56,2.356194
13,60,0.785398
13,61,1.892547
14,36,0.785398
15,14,0.785398
15,61,-0.785398
15,78,2.356194
16,14,-0.785398
16,15,3.141593
23,45,1.249046
23,47,1.892547
24,36,0.321751
24,41,1.892547
24,43,1.249046
24,48,2.819842
24,56,2.819842
24,83,3.141593
25,14,3.141593
25,32,1.249046
25,34,1.892547
25,56,-2.356194
25,68,0.321751
26,43,-2.356194
26,53,-2.356194
27,68,3.141593
28,23,2.356194
28,42,1.570796
28,56,0.785398
28,58,0.785398
28,66,-0.785398
28,68,-2.356194
29,15,0.785398
29,26,-1.570796
29,27,3.141593
29,42,3.141593
29,45,-1.570796
29,50,0.000000
29,57,0.000000
29,59,-1.570796
30,7,0.321751
30,15,-0.321751
30,24,-1.892547
30,33,-0.785398
30,36,2.356194
30,38,-0.785398
30,39,-1.892547
30,44,1.570796
30,51,-1.570796
30,67,0.000000
30,75,0.321751
31,7,-1.570796
31,27,0.321751
31,42,-0.321751
31,52,1.570796
31,55,1.570796
31,57,-1.570796
31,67,-1.570796
31,75,-0.785398
32,12,1.892547
32,22,3.141593
32,27,-0.785398
32,30,-2.819842
32,45,-2.356194
32,52,-0.321751
32,53,2.819842
32,55,-1.570796
32,64,0.785398
32,72,1.570796
33,28,-0.785398
33,29,-1.892547
33,34,-0.785398
33,43,-0.785398
33,53,-2.356194
33,62,1.570796
34,7,2.819842
34,10,-0.321751
34,19,-1.892547
34,59,0.785398
34,62,-0.321751
34,66,2.819842
34,72,2.356194
34,76,-2.356194
35,4,0.321751
35,22,-0.785398
35,33,1.570796
35,47,-1.570796
35,50,-1.570796
35,72,-2.356194
36,10,0.321751
36,17,-2.819842
36,20,2.356194
36,43,0.785398
36,52,1.570796
36,57,0.785398
36,60,-1.570796
36,63,-0.321751
36,64,2.819842
36,66,-0.321751
36,67,2.819842
37,4,-0.321751
37,33,-1.570796
37,44,3.141593
37,51,0.321751
37,52,-2.819842
37,56,1.570796
37,58,-2.356194
37,64,-2.356194
37,67,-2.356194
37,70,-0.321751
37,71,2.819842
37,74,-2.356194
38,10,-2.356194
38,16,-2.819842
38,19,-1.570796
38,51,-0.785398
38,55,0.321751
38,58,0.000000
38,61,0.785398
38,67,-1.570796
38,71,-2.356194
39,47,-2.356194
39,51,-1.570796
39,55,-0.785398
39,62,1.570796
39,71,-1.570796
40,2,-0.785398
40,11,-0.785398
40,15,-1.570796
40,29,2.356194
40,63,2.819842
40,76,2.356194
41,7,-2.819842
41,11,-1.570796
41,16,2.356194
41,28,-0.785398
41,53,2.356194
41,56,-1.570796
41,63,-2.356194
41,70,1.570796
42,15,0.321751
42,16,-2.819842
42,34,2.356194
42,40,1.570796
42,52,0.785398
42,60,-0.785398
42,70,0.785398
43,2,0.321751
43,6,0.785398
43,15,-1.570796
43,20,1.570796
43,33,1.570796
43,40,-1.570796
43,43,0.785398
43,70,-0.321751
43,71,2.819842
43,76,-2.356194
44,2,-0.785398
44,6,0.000000
44,11,1.570796
44,31,0.785398
44,33,-2.819842
44,64,0.000000
44,71,-1.570796
45,8,2.356194
45,20,-1.570796
45,29,-0.785398
45,44,-1.570796
45,46,0.000000
45,47,3.141593
45,50,0.785398
45,59,0.000000
45,60,-1.570796
45,62,1.570796
45,63,3.141593
45,72,-2.356194
46,2,0.321751
46,5,1.570796
46,8,-2.819842
46,49,-0.785398
46,58,-0.785398
46,66,2.356194
46,69,-2.356194
46,76,1.570796
47,2,-0.785398
47,5,-2.819842
47,7,-0.785398
47,10,0.321751
47,12,3.141593
47,14,2.356194
47,31,-0.785398
47,38,2.356194
47,41,2.356194
47,53,2.356194
47,64,1.249046
47,66,-2.356194
47,73,0.785398
47,76,-1.570796
48,4,-0.785398
48,7,0.785398
48,47,2.356194
48,61,-0.785398
48,62,-1.570796
48,67,1.570796
48,70,0.785398
49,2,0.785398
49,4,2.356194
49,7,0.000000
49,33,0.000000
49,34,3.141593
49,37,-1.570796
49,40,-1.570796
49,43,1.570796
49,64,-2.356194
49,67,-0.321751
49,68,2.819842
50,2,-0.321751
50,4,-2.819842
50,14,-2.356194
50,46,2.356194
50,68,-1.570796
50,75,-1.570796
51,6,0.000000
51,7,-2.356194
51,36,2.356194
51,42,-0.785398
51,45,0.321751
51,46,-2.819842
51,72,-2.356194
52,3,0.000000
52,8,-0.785398
52,11,-2.819842
52,14,2.356194
52,45,-0.785398
52,52,0.000000
53,3,-0.785398
53,14,-2.819842
53,35,-1.570796
53,45,-1.570796
53,66,1.249046
53,67,2.356194
53,70,-1.570796
54,18,2.356194
54,41,2.356194
54,56,3.141593
54,63,0.000000
54,68,2.356194
55,2,0.321751
55,4,3.141593
55,9,0.321751
55,34,1.570796
56,2,-0.785398
56,5,1.570796
56,9,-1.570796
56,11,-2.356194
56,17,-1.570796
56,49,0.785398
56,57,-0.785398
56,65,-0.785398
57,6,3.141593
57,34,-1.570796
57,39,1.570796
58,13,1.570796
58,16,1.570796
58,38,0.321751
58,39,-2.819842
58,41,1.570796
58,44,1.570796
58,54,2.356194
58,60,1.249046
58,61,2.356194
58,62,0.785398
58,63,1.892547
58,65,2.356194
58,77,0.000000
59,2,-1.570796
59,7,-0.785398
59,13,-2.819842
59,19,1.570796
59,38,-0.785398
59,58,1.249046
59,60,-1.892547
59,65,-2.819842
59,74,0.785398
59,84,0.785398
59,85,2.356194
60,9,-0.785398
60,25,1.570796
60,41,-1.570796
60,57,-0.785398
60,58,-1.892547
60,71,0.785398
60,75,0.000000
60,85,-2.356194
61,3,1.570796
61,10,0.000000
61,12,-2.356194
61,22,2.356194
61,37,-0.785398
61,43,-0.785398
61,50,2.356194
61,54,2.356194
61,61,-0.785398
61,72,-2.356194
61,76,-2.356194
62,10,0.785398
62,12,2.356194
62,64,3.141593
62,85,2.356194
63,7,-1.570796
63,12,3.141593
63,15,-1.570796
63,18,2.356194
63,25,-1.570796
63,45,2.356194
63,51,0.000000
63,52,-1.892547
63,58,0.000000
63,83,0.785398
63,85,-2.819842
64,3,2.356194
64,12,-2.356194
64,17,0.321751
64,18,-2.819842
64,21,2.356194
64,47,-0.785398
64,54,1.249046
64,55,3.141593
64,64,0.000000
64,74,0.785398
65,2,0.321751
65,3,-2.819842
65,6,2.356194
65,12,0.785398
65,17,-0.785398
65,20,0.321751
65,21,-2.819842
65,23,1.570796
65,26,1.570796
65,49,-0.785398
65,53,0.321751
65,64,-1.570796
65,71,0.785398
65,75,0.000000
66,2,-0.785398
66,5,-0.785398
66,8,1.570796
66,12,-0.321751
66,14,2.356194
66,17,2.356194
66,23,2.356194
66,26,2.356194
66,32,2.356194
66,35,2.356194
66,43,-0.785398
66,53,-0.785398
66,56,2.356194
66,63,2.356194
66,72,-2.356194
66,76,-1.570796
66,84,2.356194
67,19,0.321751
67,20,-2.819842
67,22,0.321751
67,23,-2.819842
67,25,0.321751
67,26,-2.819842
67,55,-1.892547
67,84,3.141593
68,4,1.570796
68,28,2.356194
68,31,-1.570796
68,34,-1.570796
68,52,0.000000
68,61,-1.249046
68,70,-2.356194
68,84,-2.356194
69,4,2.356194
69,7,0.785398
69,10,1.249046
69,12,2.356194
69,16,-0.785398
69,19,-2.819842
69,21,0.321751
69,22,-2.819842
69,24,0.321751
69,25,-2.819842
69,59,-2.819842
70,4,-2.819842
70,7,0.000000
70,12,-2.356194
70,18,-0.785398
70,21,-0.785398
70,24,-0.785398
70,30,1.570796
70,71,0.785398
70,84,2.356194
71,3,-0.785398
71,7,-0.785398
71,12,2.356194
71,16,0.785398
71,18,2.356194
71,21,2.356194
71,39,1.570796
71,72,-2.356194
71,76,0.000000
71,84,3.141593
72,9,-0.785398
72,12,-2.819842
72,18,-2.819842
72,20,0.321751
72,21,-2.819842
72,33,2.356194
72,45,1.570796
72,84,-2.356194
73,11,-0.785398
73,15,0.321751
73,23,2.356194
73,36,1.570796
73,39,-1.570796
73,45,-1.570796
73,54,-0.785398
73,69,0.785398
73,74,1.570796
74,2,0.321751
74,9,2.356194
74,15,-1.570796
74,17,-2.356194
74,20,0.000000
74,22,-0.785398
74,49,0.000000
74,50,3.141593
74,66,0.785398
75,9,-2.819842
75,26,0.785398
75,29,2.356194
75,56,-0.321751
75,64,-2.356194
75,67,-2.356194
75,75,1.570796
76,20,-2.819842
76,26,0.000000
76,28,-0.785398
76,29,-2.356194
76,38,-2.356194
76,76,-2.356194
77,6,3.141593
77,12,3.141593
77,14,2.356194
77,33,-1.570796
77,56,0.000000
77,73,1.570796
78,4,-0.785398
78,16,1.249046
78,20,0.000000
78,21,1.892547
78,40,0.000000
78,41,3.141593
78,51,1.249046
78,53,1.892547
78,73,-0.321751
78,74,2.819842
79,23,0.785398
79,24,1.570796
79,25,3.141593
79,28,2.819842
79,47,0.000000
79,74,-1.570796
80,12,1.570796
80,18,-2.819842
80,21,-0.785398
80,33,3.141593
80,53,-1.892547
81,9,-0.785398
81,23,0.321751
81,26,1.570796
81,28,-2.356194
81,74,-0.785398
81,75,-1.570796
81,76,-2.356194
81,84,2.356194
82,6,1.570796
82,9,2.356194
82,15,-0.321751
82,29,0.000000
82,37,0.000000
82,39,0.785398
82,48,1.249046
82,50,-1.892547
82,52,1.570796
82,59,1.570796
82,81,-0.785398
82,84,-2.819842
83,8,0.321751
83,19,2.356194
83,20,-0.785398
83,23,-2.819842
83,42,1.249046
83,43,2.356194
83,46,0.785398
83,52,-0.321751
83,53,2.819842
84,5,-0.785398
84,8,-0.785398
84,10,0.000000
84,11,2.356194
84,15,0.321751
84,26,2.356194
84,30,-0.785398
84,32,1.570796
84,33,2.356194
84,34,0.785398
84,35,1.570796
84,36,2.356194
84,39,-0.785398
84,53,-1.570796
84,56,0.785398
85,18,2.356194
85,25,0.321751
85,26,-2.819842
85,43,2.819842
85,61,1.570796
85,69,1.570796
86,13,1.570796
86,32,2.356194
86,41,-0.785398
86,43,-1.570796
86,47,-0.321751
86,50,-1.249046
86,51,3.141593
86,61,-0.321751
86,62,2.819842
86,65,0.785398
87,10,0.321751
87,31,0.321751
87,32,-2.819842
87,38,1.570796
87,44,1.570796
87,55,1.570796
87,62,-1.570796
87,66,-2.356194
88,13,-2.819842
88,21,-1.892547
88,31,-0.785398
88,41,-1.570796
88,45,3.141593
88,48,-0.321751
88,49,2.819842
88,55,-0.321751
88,56,2.819842
88,63,1.570796
89,8,-2.356194
89,9,-0.785398
89,10,-1.570796
89,23,0.785398
89,56,-1.570796
89,60,1.570796
89,63,-0.321751
89,64,2.819842
90,19,-2.356194
90,49,-0.321751
90,60,-0.321751
90,61,2.819842
90,64,-1.570796
90,82,1.570796
91,5,-0.785398
91,12,0.000000
91,14,1.570796
91,22,0.000000
91,23,-1.892547
91,25,0.000000
91,30,0.785398
91,45,0.785398
91,51,2.819842
91,54,-2.356194
91,61,-2.356194
91,82,-2.819842
92,5,0.785398
92,21,3.141593
92,28,1.892547
92,46,-0.785398
92,48,2.819842
92,58,1.570796
92,61,0.785398
92,70,1.570796
92,80,0.000000
92,81,-1.892547
93,5,-0.321751
93,8,1.892547
93,10,1.249046
93,26,-1.570796
93,44,1.570796
93,48,-1.570796
93,51,-0.321751
93,52,2.819842
93,55,0.785398
93,58,-0.321751
93,62,2.819842
93,65,0.785398
93,77,2.356194
94,16,-0.785398
94,20,-2.819842
94,25,1.570796
94,30,-2.356194
94,34,1.570796
94,41,3.141593
94,52,-1.570796
94,59,-1.249046
94,60,-2.356194
94,62,-1.570796
94,65,-0.785398
94,66,3.141593
94,71,1.570796
94,75,0.000000
94,76,-1.892547
95,33,0.321751
95,34,-2.819842
95,38,1.249046
95,39,3.141593
95,50,-2.356194
95,57,1.570796
95,63,0.785398
95,64,3.141593
95,71,-0.785398
95,72,-2.356194
96,14,-2.819842
96,18,-0.785398
96,23,0.000000
96,24,-1.892547
96,33,-1.570796
96,46,-2.356194
96,53,0.785398
96,57,-0.321751
97,18,-1.570796
97,26,-0.785398
97,28,-0.785398
97,31,0.000000
97,36,0.000000
97,37,-1.892547
97,54,-2.356194
97,55,3.141593
98,12,-0.785398
98,21,-0.785398
98,26,-1.570796
98,34,0.000000
98,59,-1.249046
98,60,-2.356194
98,62,-0.785398
98,63,-1.892547
98,65,-1.249046
