17,57,0.785398
17,58,1.570796
17,59,2.356194
17,75,0.785398
18,38,0.785398
18,39,2.356194
18,76,-2.356194
19,24,1.249046
19,25,3.141593
19,39,-1.570796
20,19,1.249046
20,20,2.356194
20,23,-0.785398
21,18,0.321751
22,18,-0.785398
24,77,3.141593
26,16,0.321751
26,18,3.141593
27,16,-1.570796
31,15,2.356194
31,49,0.785398
31,79,2.819842
32,52,1.892547
33,58,0.785398
33,79,0.000000
34,12,0.321751
34,47,1.570796
34,54,1.570796
34,64,0.785398
34,79,-0.785398
35,12,-0.785398
35,38,0.785398
35,55,-2.356194
35,73,0.321751
36,40,1.892547
36,47,3.141593
36,65,-2.819842
36,73,-1.570796
37,42,2.356194
37,43,0.785398
37,47,-2.356194
37,50,0.000000
37,59,3.141593
37,61,1.249046
37,62,2.356194
37,63,-0.785398
37,64,-1.892547
37,69,1.249046
37,71,1.570796
37,72,3.141593
38,36,-0.785398
38,47,0.785398
38,53,0.785398
38,54,1.570796
39,41,-2.356194
39,69,-1.249046
40,32,1.570796
40,41,0.785398
40,58,0.785398
40,62,2.356194
40,63,0.785398
40,64,1.570796
40,67,-2.819842
40,79,2.356194
41,32,-0.321751
41,41,-0.321751
41,43,2.356194
41,49,2.819842
41,79,3.141593
42,37,2.356194
42,49,-1.570796
42,56,0.785398
42,61,-1.570796
42,62,-2.356194
42,66,-1.570796
42,67,3.141593
42,69,1.249046
42,70,2.356194
42,71,-0.785398
42,74,-2.819842
43,12,2.356194
43,25,0.785398
43,32,3.141593
43,37,-2.819842
43,43,0.000000
43,44,-0.785398
43,51,2.356194
43,57,-2.356194
43,77,-0.321751
43,79,-2.819842
44,27,2.356194
44,39,0.000000
44,47,-2.356194
44,49,-0.785398
44,50,-1.892547
44,64,0.785398
45,10,0.321751
45,24,0.321751
45,31,0.000000
45,33,0.785398
45,34,2.356194
45,52,0.785398
45,56,0.785398
45,57,1.570796
45,60,2.819842
45,64,0.000000
45,70,1.892547
46,10,-0.785398
46,24,-1.570796
46,31,-1.570796
46,53,-2.356194
46,60,-2.356194
46,75,1.570796
46,76,2.356194
46,77,0.000000
47,34,0.000000
47,57,0.785398
47,60,0.785398
47,87,2.819842
48,34,-0.785398
48,57,-0.321751
48,58,2.819842
48,61,-2.356194
48,63,-0.785398
48,64,-1.892547
48,67,-0.785398
48,73,-0.321751
48,80,1.570796
48,84,0.000000
48,85,-1.892547
48,87,-2.356194
49,34,0.785398
49,46,0.321751
49,48,2.819842
49,58,-2.356194
49,87,0.785398
50,18,0.000000
50,19,1.570796
50,26,2.356194
50,34,-0.321751
50,36,2.356194
50,37,3.141593
50,46,-0.785398
50,58,0.000000
50,61,1.249046
50,62,2.356194
50,65,0.785398
50,66,1.570796
50,67,2.356194
50,68,-0.785398
50,69,-1.570796
50,70,-2.356194
50,87,0.000000
51,26,3.141593
51,42,-0.785398
51,44,-2.356194
51,47,-0.785398
51,60,-0.785398
51,61,-1.892547
51,72,0.785398
51,77,0.000000
52,19,-0.321751
52,50,2.819842
52,66,2.356194
52,84,0.785398
52,85,1.892547
53,23,2.356194
53,25,0.321751
53,27,2.819842
53,30,0.000000
53,50,-1.570796
53,57,-1.570796
53,60,0.785398
53,63,0.000000
53,64,0.785398
53,70,0.785398
53,76,2.356194
53,80,0.785398
53,81,1.892547
54,20,0.000000
54,27,-2.356194
54,33,0.000000
54,34,2.356194
54,51,0.000000
54,61,1.570796
54,83,-1.570796
55,20,-0.785398
55,24,0.000000
55,25,-2.356194
55,27,2.356194
55,34,-2.356194
55,45,0.000000
55,61,-0.785398
55,62,-2.356194
55,63,0.785398
55,78,2.356194
55,81,-0.785398
56,20,2.356194
56,27,-2.819842
56,55,-2.356194
56,70,0.321751
56,74,-1.570796
56,75,-2.356194
56,76,0.785398
57,9,0.321751
57,11,-2.356194
57,20,3.141593
57,24,0.785398
57,26,-1.892547
57,34,-1.570796
57,60,0.785398
57,81,-1.570796
57,83,1.570796
58,9,-0.785398
58,20,-2.356194
58,24,-0.785398
58,40,3.141593
58,60,-0.785398
58,61,-2.356194
58,73,2.819842
58,86,-1.249046
58,90,-2.819842
59,59,3.141593
59,73,-2.356194
59,82,1.570796
60,23,0.785398
60,38,-1.570796
60,58,-0.785398
60,89,2.356194
61,12,1.249046
61,14,1.570796
61,15,2.356194
61,18,0.000000
61,21,1.249046
61,25,2.356194
61,26,3.141593
61,45,1.570796
61,50,0.000000
61,51,3.141593
61,59,0.000000
61,60,3.141593
62,8,0.321751
62,10,-2.356194
62,19,0.785398
62,21,-1.892547
62,23,-0.785398
62,24,-1.892547
62,33,3.141593
62,55,0.000000
62,56,3.141593
62,58,-0.785398
62,65,-0.785398
62,76,1.570796
62,77,2.356194
62,81,0.785398
62,91,3.141593
63,8,-1.570796
63,45,0.785398
63,66,-0.785398
63,67,-1.570796
63,68,-2.356194
63,70,-0.785398
63,71,-1.570796
63,72,-2.356194
63,84,-2.356194
63,89,-0.785398
64,18,0.321751
64,19,-2.819842
64,45,-0.321751
64,60,2.356194
64,61,0.785398
64,82,-1.570796
64,86,0.000000
64,87,1.892547
64,89,2.356194
65,18,-1.570796
65,46,-1.249046
65,47,-2.356194
65,77,-2.356194
65,78,-0.785398
65,79,-1.570796
65,89,-2.819842
66,27,0.000000
66,35,2.356194
66,50,3.141593
66,58,0.321751
66,62,-0.785398
66,63,-2.356194
66,65,0.785398
66,66,1.892547
66,83,2.356194
67,7,0.785398
67,16,-0.785398
67,34,-0.785398
67,41,-2.356194
67,72,0.785398
67,73,1.570796
67,85,-0.785398
67,86,-1.570796
68,7,-0.785398
68,8,3.141593
68,56,0.000000
68,58,3.141593
68,79,0.785398
69,68,1.892547
69,82,3.141593
70,12,0.785398
70,13,1.570796
70,15,1.570796
70,16,2.356194
70,17,3.141593
70,21,1.249046
70,22,2.356194
70,24,3.141593
70,57,0.000000
70,68,-1.249046
70,69,-2.356194
70,76,2.356194
70,80,-0.785398
70,83,0.785398
70,85,1.570796
70,86,2.356194
70,87,-0.785398
70,88,-1.570796
70,90,3.141593
71,39,1.570796
71,56,3.141593
71,74,-1.249046
71,80,0.785398
71,90,-2.356194
72,14,-2.356194
72,66,3.141593
72,81,-2.356194
72,82,-0.785398
72,83,-1.570796
73,35,-2.356194
73,55,-0.321751
73,59,0.785398
73,60,2.356194
73,73,0.000000
73,74,1.892547
73,85,-1.249046
73,86,3.141593
74,19,-1.249046
74,20,-2.356194
74,21,0.785398
74,74,-1.249046
74,76,1.570796
74,77,2.356194
74,78,3.141593
74,91,1.570796
75,22,-1.570796
75,60,-1.570796
75,71,0.000000
75,72,3.141593
75,80,0.000000
75,91,-1.570796
76,15,-0.785398
76,38,-1.570796
76,62,-2.356194
76,76,0.000000
77,23,0.785398
77,57,0.000000
77,70,2.356194
77,75,3.141593
77,83,2.356194
77,90,3.141593
78,6,0.785398
78,11,1.249046
78,42,0.000000
78,44,3.141593
78,53,0.000000
78,54,0.785398
78,55,1.570796
78,56,3.141593
78,69,1.570796
78,82,-0.785398
78,83,-2.356194
78,86,1.570796
79,6,0.000000
79,13,-2.356194
79,25,-2.356194
79,47,0.000000
79,48,3.141593
79,59,0.000000
79,61,-0.785398
79,62,-1.570796
79,63,-2.356194
79,68,-0.785398
79,71,0.000000
79,73,-0.785398
80,6,-0.785398
80,11,-1.249046
80,12,-2.356194
80,55,-1.570796
80,86,-1.249046
80,87,-2.356194
80,89,3.141593
81,34,2.356194
81,49,0.000000
81,52,3.141593
81,63,2.356194
81,80,-0.785398
82,23,0.000000
82,24,-0.785398
82,25,-1.570796
82,26,-2.356194
82,58,0.000000
82,59,3.141593
82,62,-0.785398
82,70,2.356194
82,74,0.000000
82,75,0.785398
82,76,1.892547
82,85,3.141593
83,41,0.785398
83,69,0.785398
83,78,2.356194
83,79,3.141593
83,87,0.000000
84,38,-0.785398
84,42,-2.356194
84,57,2.356194
84,59,0.000000
84,60,0.785398
84,61,1.570796
84,62,2.356194
84,63,3.141593
84,68,-0.785398
84,72,3.141593
84,83,0.785398
84,91,3.141593
85,42,-1.570796
85,56,-0.785398
85,74,0.000000
85,76,-0.785398
85,77,-2.356194
85,85,3.141593
86,19,2.356194
86,61,-1.570796
86,64,0.000000
86,66,3.141593
86,70,0.000000
86,72,3.141593
86,80,3.141593
87,48,0.000000
87,49,3.141593
87,89,0.000000
87,91,3.141593
88,17,1.570796
88,65,0.000000
88,66,3.141593
88,68,0.000000
88,70,3.141593
88,73,0.000000
88,74,3.141593
88,85,0.000000
88,86,3.141593
89,16,0.321751
89,17,-2.819842
89,48,0.000000
89,50,3.141593
89,56,0.000000
89,57,3.141593
90,16,-1.570796
90,84,0.000000
90,91,1.570796
91,91,-1.570796
92,7,0.785398
92,12,1.249046
92,13,2.356194
92,89,3.141593
93,7,-0.321751
93,9,2.356194
93,20,2.356194
93,61,0.785398
93,64,0.000000
93,67,3.141593
93,69,0.000000
93,72,3.141593
93,85,0.785398
94,12,-1.249046
94,13,3.141593
94,32,2.356194
94,42,2.356194
94,47,3.141593
94,58,0.000000
94,59,3.141593
94,62,-2.356194
95,18,-0.785398
95,31,-0.785398
95,34,2.356194
95,36,1.570796
95,54,2.356194
95,56,0.785398
95,69,1.570796
95,88,0.000000
96,14,2.356194
96,33,-0.785398
96,36,-1.570796
96,40,-0.785398
96,48,0.000000
96,49,3.141593
96,53,-0.785398
96,59,0.000000
96,63,3.141593
96,69,-1.570796
96,71,0.000000
96,72,3.141593
96,79,1.570796
96,83,0.000000
96,89,-2.356194
96,91,1.570796
97,13,-0.785398
97,17,2.356194
97,20,2.356194
97,43,-0.785398
97,57,-1.570796
97,91,-1.570796
98,16,-0.785398
98,19,-0.785398
98,45,0.000000
98,46,3.141593
98,65,0.000000
98,68,3.141593
98,82,3.141593
