6,41,0.785398
6,42,1.570796
6,43,2.356194
6,48,0.785398
6,49,1.570796
6,50,2.356194
6,55,0.785398
6,56,1.570796
6,57,2.356194
6,62,0.785398
6,63,1.570796
6,64,2.356194
6,66,0.785398
6,67,1.570796
6,68,2.356194
7,23,1.249046
7,24,2.356194
7,34,3.141593
7,75,0.785398
7,76,2.356194
8,13,1.249046
8,14,2.356194
8,56,2.356194
8,75,-0.785398
9,12,-0.785398
9,23,-2.356194
9,48,0.321751
9,50,2.819842
9,56,3.141593
9,66,0.321751
9,68,2.819842
10,30,1.249046
10,43,2.819842
10,68,-2.356194
10,75,0.785398
10,86,2.356194
11,32,-1.249046
11,56,-2.819842
11,71,1.249046
11,73,1.892547
12,22,0.321751
12,24,2.819842
12,34,-1.249046
12,39,-1.570796
12,50,-1.249046
12,51,-2.356194
12,52,0.785398
12,68,-2.356194
12,69,0.785398
13,7,0.321751
13,9,3.141593
13,28,0.000000
13,30,3.141593
13,58,1.892547
13,62,0.000000
13,63,-1.570796
13,65,2.356194
13,77,3.141593
14,7,-1.570796
14,22,0.000000
14,28,-1.570796
14,30,-2.356194
14,41,0.000000
14,49,1.570796
14,53,-0.321751
14,59,-2.356194
14,60,0.785398
15,19,1.570796
15,27,3.141593
15,51,1.892547
15,65,0.000000
15,80,2.356194
15,83,-2.356194
16,19,-0.321751
16,30,0.000000
16,33,1.570796
16,36,0.321751
16,37,-2.819842
16,39,-0.785398
16,43,-1.570796
16,51,-1.249046
16,59,1.892547
16,65,-1.570796
16,67,1.570796
17,24,2.356194
17,29,2.356194
17,31,-2.356194
17,33,-1.570796
17,36,-0.785398
17,39,-1.570796
17,67,-0.785398
17,73,2.356194
17,80,-0.321751
17,82,3.141593
18,6,0.785398
18,18,0.785398
18,42,2.356194
18,49,3.141593
18,54,-1.249046
18,61,3.141593
18,77,-2.356194
18,88,2.356194
19,6,-0.785398
19,7,3.141593
19,23,-2.819842
19,29,-2.819842
19,32,1.570796
19,38,1.570796
19,41,0.321751
19,42,-2.819842
19,44,1.570796
19,50,1.570796
19,62,0.000000
19,73,-0.321751
19,77,0.785398
19,81,-0.785398
19,83,1.892547
19,86,0.785398
20,25,0.321751
20,35,2.356194
20,44,-1.570796
20,50,-0.785398
20,52,1.892547
20,56,-0.321751
20,60,3.141593
21,13,1.249046
21,14,2.356194
21,15,0.785398
21,16,1.570796
21,17,2.356194
21,19,3.141593
21,25,-0.785398
21,28,3.141593
21,32,2.356194
21,34,0.321751
21,35,-2.819842
21,40,0.321751
21,41,-2.819842
21,46,-1.570796
21,54,1.892547
21,75,-1.249046
21,87,-1.892547
22,19,-2.356194
22,28,-2.356194
22,31,0.321751
22,32,-2.819842
22,34,-0.785398
22,37,-1.570796
22,40,-0.785398
22,43,2.356194
22,52,-0.785398
22,55,2.819842
22,62,2.356194
22,69,-1.570796
22,73,2.819842
22,81,-2.356194
22,82,0.785398
22,83,2.356194
23,13,-2.356194
23,16,2.356194
23,31,-0.785398
23,34,-1.570796
23,42,-0.785398
23,53,-0.785398
23,63,2.356194
23,70,-2.356194
23,73,-1.570796
23,83,-2.356194
24,4,0.321751
24,6,3.141593
24,16,-2.819842
24,25,2.356194
24,31,-1.570796
24,36,1.570796
24,45,1.570796
24,57,1.892547
24,59,-1.570796
24,74,1.570796
25,4,-1.570796
25,7,0.785398
25,8,2.356194
25,11,0.785398
25,24,0.321751
25,25,-2.819842
25,39,-1.570796
25,45,-1.570796
25,48,-1.570796
25,74,-0.321751
25,79,-0.321751
26,7,-0.785398
26,15,-2.356194
26,24,-0.785398
26,51,2.356194
26,55,3.141593
26,59,3.141593
26,63,-1.249046
26,64,3.141593
26,90,2.819842
27,7,0.785398
27,11,1.570796
27,30,1.570796
27,36,2.356194
27,38,1.570796
27,56,0.000000
27,60,1.570796
27,65,1.570796
27,70,-1.249046
27,71,3.141593
27,85,0.785398
27,90,-2.356194
28,3,0.785398
28,9,0.785398
28,11,-2.819842
28,35,0.321751
28,36,-2.819842
28,41,1.570796
28,53,1.570796
28,62,1.892547
28,65,-0.785398
28,67,1.892547
28,90,2.356194
29,3,0.000000
29,5,0.785398
29,18,2.356194
29,35,-0.785398
29,38,-1.570796
29,44,1.570796
29,47,1.570796
29,50,-1.570796
29,62,-1.249046
29,64,2.356194
29,83,-1.249046
29,84,-2.356194
29,88,-2.356194
29,89,-0.785398
29,90,-2.356194
30,12,2.356194
30,15,2.356194
30,17,0.321751
30,18,-2.819842
30,24,2.356194
30,27,2.356194
30,30,2.356194
30,32,1.570796
30,53,-1.570796
30,58,0.785398
30,64,-1.570796
30,74,0.000000
30,86,-0.785398
31,2,0.321751
31,8,2.356194
31,10,-0.785398
31,11,-1.892547
31,15,-2.819842
31,17,-0.785398
31,23,0.321751
31,24,-2.819842
31,26,0.321751
31,27,-2.819842
31,29,0.321751
31,30,-2.819842
31,47,-1.570796
31,65,1.570796
32,6,-0.785398
32,7,-1.892547
32,14,-0.785398
32,23,-0.785398
32,26,-0.785398
32,29,-0.785398
32,32,-1.570796
32,38,2.356194
32,40,-0.785398
32,49,1.570796
32,52,1.570796
32,55,1.570796
32,58,-0.321751
32,62,1.892547
32,65,-0.785398
32,66,3.141593
32,70,-1.249046
32,71,3.141593
32,77,2.819842
32,87,-1.570796
32,91,-1.570796
33,2,0.000000
33,37,-0.785398
33,43,-1.570796
33,46,1.570796
33,49,-1.570796
33,55,-1.570796
33,62,-1.249046
33,64,2.356194
33,67,0.000000
33,72,1.570796
33,77,-1.570796
33,82,-1.249046
33,83,-2.356194
34,2,-0.785398
34,4,-1.570796
34,32,1.570796
34,35,-1.570796
34,57,0.785398
34,68,-1.570796
34,73,3.141593
34,78,0.000000
34,79,1.892547
35,6,2.356194
35,8,0.785398
35,9,1.892547
35,15,3.141593
35,17,2.356194
35,37,1.570796
35,43,1.570796
35,49,1.570796
35,58,-0.785398
35,59,-1.570796
35,61,1.892547
35,69,1.570796
36,17,-2.819842
36,40,1.570796
36,46,-1.570796
36,52,-1.570796
36,61,-1.249046
36,69,-0.321751
36,75,0.000000
36,76,1.892547
36,82,2.356194
37,2,0.321751
37,13,-2.356194
37,16,-0.785398
37,43,-1.570796
37,49,-1.570796
37,55,1.570796
38,2,-0.785398
38,7,2.356194
38,9,3.141593
38,63,-0.785398
38,84,0.000000
38,85,1.892547
38,89,0.000000
39,4,-0.785398
39,13,0.785398
39,45,1.570796
39,49,1.570796
39,55,-1.570796
39,79,2.819842
39,82,1.570796
39,90,-1.570796
40,10,2.819842
40,13,0.000000
40,16,2.356194
40,65,1.570796
40,82,-0.321751
40,91,-2.356194
41,6,-0.785398
41,13,-0.785398
41,16,3.141593
41,55,1.570796
41,58,0.785398
41,65,-0.321751
41,66,2.819842
41,71,2.819842
41,79,-0.321751
41,84,2.819842
42,13,2.356194
42,16,-2.356194
42,40,-1.570796
42,43,1.570796
42,45,0.785398
42,52,1.570796
42,59,1.570796
42,66,-1.570796
42,81,2.819842
42,84,-1.570796
42,89,2.819842
43,3,-0.785398
43,6,2.356194
43,7,-0.785398
43,8,-1.892547
43,13,-2.819842
43,35,1.570796
43,37,-1.570796
43,45,-0.321751
43,46,2.819842
43,59,0.000000
43,71,-0.321751
43,81,-1.570796
43,85,1.570796
43,89,-1.570796
44,46,-2.356194
44,59,-0.785398
44,61,0.000000
44,64,0.785398
44,68,0.000000
44,73,2.819842
44,78,2.819842
44,82,1.570796
44,85,-0.321751
45,3,0.000000
45,4,-1.892547
45,8,1.249046
45,9,2.356194
45,12,3.141593
45,37,0.785398
45,49,-1.570796
45,73,-1.570796
45,82,-0.321751
45,87,2.819842
46,2,-0.785398
46,6,1.249046
46,8,-1.892547
46,19,1.570796
46,22,2.356194
46,56,0.785398
46,59,2.356194
46,63,2.819842
46,66,1.570796
46,69,-0.321751
46,70,2.819842
46,78,-0.321751
46,84,2.819842
46,87,-1.570796
47,5,0.000000
47,6,-1.892547
47,11,0.000000
47,12,-2.356194
47,19,0.000000
47,22,3.141593
47,56,-0.321751
47,59,-2.356194
47,66,-0.321751
47,67,2.819842
47,70,-1.570796
47,75,1.570796
47,88,1.570796
47,91,-1.570796
48,3,1.249046
48,4,3.141593
48,8,1.249046
48,10,2.356194
48,15,2.356194
48,19,-0.785398
48,22,-2.356194
48,46,0.785398
48,50,1.570796
48,53,0.785398
48,67,-1.570796
48,71,0.785398
48,72,2.356194
48,81,2.819842
48,84,-0.321751
48,85,2.819842
48,88,-0.321751
48,89,2.819842
49,2,0.321751
49,6,1.249046
49,8,-1.892547
49,10,-2.356194
49,41,1.570796
49,44,0.785398
49,47,2.819842
49,50,0.785398
49,53,-0.321751
49,54,2.819842
49,60,-0.785398
49,65,2.819842
49,71,-0.785398
49,85,-1.570796
50,2,-0.785398
50,5,0.000000
50,6,-1.892547
50,44,-0.321751
50,50,-0.321751
50,51,2.819842
50,54,-1.570796
50,61,1.570796
50,77,-0.321751
50,81,-0.321751
50,82,2.819842
50,86,1.570796
50,89,-0.321751
50,90,2.819842
51,45,-2.356194
51,47,-0.321751
51,48,2.819842
51,51,-2.356194
51,55,0.000000
51,61,-0.321751
51,65,-0.321751
51,66,2.819842
51,69,1.570796
51,79,2.819842
51,82,-1.570796
51,86,-0.321751
51,87,2.819842
51,90,-1.570796
52,6,1.249046
52,7,3.141593
52,11,0.000000
52,38,0.785398
52,48,-1.570796
52,56,-2.356194
52,63,2.819842
52,66,-1.570796
52,69,-0.321751
52,70,2.819842
52,79,-1.570796
52,83,1.570796
53,5,0.000000
53,6,-1.892547
53,9,2.356194
53,16,2.356194
53,20,0.785398
53,23,2.819842
53,36,0.785398
53,42,0.785398
53,56,0.785398
53,63,-1.570796
53,67,1.570796
53,70,-1.570796
53,80,1.570796
53,83,-0.321751
53,84,2.819842
53,87,-0.321751
53,88,2.819842
54,3,0.000000
54,12,1.249046
54,13,2.356194
54,15,-0.785398
54,20,-0.785398
54,23,-2.356194
54,27,0.785398
54,30,2.819842
54,36,-0.321751
54,43,2.819842
54,46,1.570796
54,56,-0.321751
54,57,2.819842
54,64,1.570796
54,67,-0.321751
54,68,2.819842
54,71,1.570796
54,77,1.570796
54,80,-0.321751
54,81,2.819842
54,84,-1.570796
54,91,-1.570796
55,11,0.000000
55,12,-1.892547
55,20,0.785398
55,27,-0.785398
55,30,-2.356194
55,37,-2.356194
55,46,-0.321751
55,47,2.819842
55,53,-2.356194
55,57,-1.570796
55,64,-0.321751
55,65,2.819842
55,68,-1.570796
55,71,-0.321751
55,75,-2.356194
55,77,-0.321751
55,78,2.819842
55,85,1.570796
55,88,-0.321751
55,89,2.819842
56,5,0.000000
56,9,0.000000
56,41,-2.356194
56,43,-0.321751
56,44,2.819842
56,47,-1.570796
56,49,0.000000
56,51,2.819842
56,58,1.570796
56,62,1.570796
56,78,-2.356194
56,81,-0.321751
56,85,-0.321751
56,86,2.819842
56,89,-1.570796
57,13,1.249046
57,14,2.356194
57,24,2.819842
57,41,0.785398
57,44,-1.570796
57,51,-1.570796
57,56,1.570796
57,58,-0.321751
57,59,2.819842
57,62,-0.321751
57,63,2.819842
57,65,-0.321751
57,66,2.819842
57,74,2.819842
57,83,2.819842
58,11,1.249046
58,13,-1.892547
58,21,-0.785398
58,27,2.356194
58,31,2.356194
58,38,1.570796
58,41,-0.321751
58,42,2.819842
58,45,1.570796
58,52,0.000000
58,59,-1.570796
58,66,-1.570796
58,70,1.570796
58,74,-1.570796
58,79,1.570796
58,86,-0.321751
58,87,2.819842
59,31,3.141593
59,34,0.785398
59,38,-0.321751
59,39,2.819842
59,49,-2.356194
59,53,-1.570796
59,63,-0.321751
59,64,2.819842
59,67,1.570796
59,70,-0.321751
59,71,2.819842
59,75,1.570796
59,79,-0.321751
59,83,-0.321751
59,87,-1.570796
60,13,1.249046
60,14,2.356194
60,16,3.141593
60,29,3.141593
60,31,-1.570796
60,35,2.819842
60,42,-0.785398
60,44,2.356194
60,46,-1.249046
60,51,1.570796
60,54,1.570796
60,67,-0.321751
60,68,2.819842
60,71,-1.570796
60,75,-0.321751
60,81,2.819842
60,85,2.819842
61,39,-0.321751
61,52,2.819842
61,54,-0.321751
61,55,2.819842
61,64,-0.321751
61,68,-1.570796
61,72,1.570796
61,77,2.819842
61,81,-1.570796
61,85,-2.356194
62,23,0.785398
62,28,0.000000
62,44,-0.785398
62,45,-2.356194
62,46,3.141593
62,52,-1.570796
62,55,-1.570796
62,66,2.819842
62,69,1.570796
62,72,-0.321751
62,77,-1.570796
62,82,1.570796
62,91,2.356194
63,6,0.321751
63,10,0.321751
63,15,2.356194
63,24,-1.249046
63,26,1.892547
63,28,-1.570796
63,32,-1.570796
63,37,-2.356194
63,38,0.785398
63,39,2.356194
63,41,-1.249046
63,43,2.356194
63,53,-2.356194
63,66,-2.356194
63,69,-0.321751
63,70,2.819842
63,74,2.819842
63,78,1.570796
63,82,-0.321751
63,83,2.819842
63,89,0.000000
63,91,-2.819842
64,6,-1.570796
64,10,-1.570796
64,14,-1.570796
64,26,-1.249046
64,31,-0.785398
64,39,-1.570796
64,43,-2.356194
64,50,3.141593
64,78,-0.321751
64,79,2.819842
64,83,-2.356194
65,13,1.570796
65,17,1.249046
65,18,2.356194
65,22,3.141593
65,28,0.000000
65,40,1.570796
65,67,1.570796
65,70,-0.321751
65,71,2.819842
65,74,-0.321751
65,79,-1.570796
65,87,1.570796
65,89,0.000000
65,90,-2.356194
66,4,1.570796
66,8,1.570796
66,13,-2.819842
66,24,0.785398
66,33,-2.356194
66,40,-0.321751
66,41,2.819842
66,47,-1.570796
66,51,0.785398
66,55,1.570796
66,67,-0.321751
66,68,2.819842
66,71,-1.570796
66,76,2.819842
66,87,-0.321751
67,3,0.321751
67,4,-2.819842
67,7,0.321751
67,8,-2.819842
67,30,3.141593
67,37,0.785398
67,52,-2.356194
67,64,-1.570796
67,72,1.570796
67,76,-2.356194
67,84,0.785398
67,88,-2.356194
67,91,2.356194
68,3,-0.785398
68,7,-0.785398
68,10,0.321751
68,14,0.321751
68,26,-2.356194
68,34,0.785398
68,41,-0.321751
68,42,2.819842
68,45,-2.356194
68,68,-0.321751
68,69,2.819842
68,72,-0.321751
68,73,2.819842
68,84,-0.321751
68,88,0.785398
68,91,-2.819842
69,14,-0.785398
69,18,1.249046
69,19,2.356194
69,20,3.141593
69,35,-2.356194
69,42,-2.356194
69,48,1.570796
69,69,-2.356194
69,88,-0.785398
70,9,0.321751
70,10,-2.819842
70,14,-1.570796
70,17,0.321751
70,46,1.570796
70,48,-1.570796
70,63,1.570796
70,66,1.570796
70,73,-0.321751
70,74,2.819842
70,78,1.570796
70,82,0.785398
71,9,-1.570796
71,21,0.000000
71,22,3.141593
71,46,-1.570796
71,63,-0.321751
71,64,2.819842
71,70,1.570796
71,74,-2.356194
71,79,3.141593
71,82,-0.321751
71,83,2.819842
71,90,3.141593
72,5,1.570796
72,16,0.321751
72,17,-2.819842
72,64,-2.356194
72,70,-0.321751
72,71,2.819842
72,80,1.570796
72,87,-0.321751
72,90,-2.356194
73,4,0.321751
73,5,-2.819842
73,8,2.356194
73,11,2.356194
73,16,-0.785398
73,30,1.570796
73,76,0.785398
73,77,1.892547
73,80,-0.321751
73,90,2.356194
74,2,-1.570796
74,4,-0.785398
74,7,0.321751
74,8,-2.819842
74,34,-2.356194
74,44,-1.570796
74,50,1.570796
74,58,0.785398
74,71,-0.321751
74,72,2.819842
74,75,0.000000
74,78,2.819842
74,85,2.819842
74,90,3.141593
75,7,-0.785398
75,13,1.570796
75,38,1.570796
75,48,1.570796
75,50,-1.570796
75,58,-0.321751
75,59,2.819842
75,62,0.785398
75,72,-2.356194
75,82,-2.356194
75,90,-2.356194
76,19,1.570796
76,45,1.570796
76,48,-1.570796
76,54,1.570796
76,59,-1.570796
76,62,-0.321751
76,63,2.819842
76,78,-0.321751
76,79,2.819842
76,85,-0.321751
77,51,0.785398
77,54,-1.570796
77,57,1.570796
77,60,1.570796
77,63,-1.570796
77,86,-1.249046
77,87,3.141593
78,16,-1.570796
78,23,0.000000
78,28,1.570796
78,39,-1.570796
78,49,1.570796
78,60,-0.321751
78,61,2.819842
78,70,1.570796
78,76,0.785398
78,79,-0.321751
78,80,2.819842
78,83,0.785398
78,88,0.000000
78,89,2.356194
79,32,-1.570796
79,36,1.570796
79,46,-1.570796
79,58,-2.356194
79,61,-2.356194
79,64,0.785398
79,67,0.785398
79,70,-0.321751
79,71,2.819842
79,76,-0.321751
79,77,2.819842
79,80,-1.570796
79,83,-0.321751
79,84,2.819842
79,89,-2.356194
80,13,-1.570796
80,43,-1.570796
80,64,-0.321751
80,65,2.819842
80,67,-0.321751
80,68,2.819842
80,71,-2.356194
80,77,-2.356194
80,84,-1.570796
81,16,0.785398
81,33,1.570796
81,40,1.570796
81,47,1.570796
81,56,1.570796
81,59,1.570796
81,65,-2.356194
81,74,-1.570796
81,81,0.785398
82,10,-1.570796
82,20,0.785398
82,44,1.570796
82,56,-1.570796
82,68,-0.321751
82,69,2.819842
82,71,0.785398
82,81,-0.321751
82,82,2.819842
83,17,0.785398
83,20,-0.321751
83,21,2.819842
83,29,0.785398
83,33,-1.570796
83,44,-1.570796
83,50,-1.570796
83,71,-0.785398
83,72,3.141593
83,82,-2.356194
83,89,2.356194
84,17,-0.321751
84,18,2.819842
84,25,-1.570796
84,29,-0.321751
84,30,2.819842
84,40,-1.570796
84,57,1.570796
84,69,-0.321751
84,78,0.785398
84,89,3.141593
85,11,1.570796
85,14,1.570796
85,18,-2.356194
85,21,-0.321751
85,30,-2.356194
85,51,1.570796
85,70,-2.356194
85,76,1.570796
85,78,-0.321751
85,79,2.819842
85,89,-2.356194
86,14,0.785398
86,23,2.819842
86,30,-1.570796
86,57,-1.570796
86,79,-2.356194
87,7,0.785398
87,14,-0.321751
87,15,2.819842
87,23,-1.570796
87,76,0.785398
88,7,-0.321751
88,8,2.819842
88,25,3.141593
88,33,1.570796
88,43,1.570796
88,58,1.570796
88,67,0.785398
88,76,-0.321751
88,77,2.819842
88,89,2.356194
89,8,-2.356194
89,15,-0.321751
89,16,2.819842
89,19,-1.570796
89,46,1.570796
89,64,0.785398
89,67,-0.321751
89,68,2.819842
89,77,-2.356194
89,86,1.249046
89,89,-2.819842
90,8,0.785398
90,16,-2.356194
90,37,-1.570796
90,64,-0.321751
90,65,2.819842
90,68,-2.356194
90,77,0.785398
91,2,1.570796
91,5,0.785398
91,8,-0.321751
91,9,2.819842
91,12,0.785398
91,16,-1.570796
91,43,-1.570796
91,65,-2.356194
91,71,-1.570796
91,77,-0.321751
91,78,2.819842
91,81,0.785398
91,88,-2.819842
92,5,-0.321751
92,6,2.819842
92,9,-2.356194
92,12,-0.321751
92,13,2.819842
92,22,0.000000
92,40,1.570796
92,58,-1.570796
92,78,-2.356194
92,81,-0.321751
93,6,-2.356194
93,13,-1.570796
93,25,3.141593
93,43,1.570796
93,65,0.785398
93,68,0.785398
93,78,0.785398
93,82,-1.249046
93,83,-2.356194
93,85,0.785398
93,87,-2.819842
94,6,0.785398
94,14,1.570796
94,29,-0.785398
94,55,0.785398
94,59,1.570796
94,65,-0.321751
94,66,2.819842
94,68,-0.321751
94,69,2.819842
94,78,-0.321751
94,79,2.819842
95,3,1.570796
95,6,-0.321751
95,7,2.819842
95,14,-0.321751
95,15,2.819842
95,55,-0.321751
95,56,2.819842
95,62,0.785398
95,66,-2.356194
95,69,-2.356194
95,72,1.570796
95,79,-2.356194
95,86,-2.819842
96,3,-0.321751
96,4,2.819842
96,7,-2.356194
96,10,-1.570796
96,15,-1.570796
96,24,0.000000
96,25,3.141593
96,31,0.000000
96,33,3.141593
96,56,-2.356194
96,62,-0.321751
96,63,2.819842
96,79,0.785398
97,4,-2.356194
97,7,-1.570796
97,63,-2.356194
97,72,-1.570796
97,76,-2.356194
97,80,-2.356194
97,83,-0.785398
97,84,-1.892547
98,4,-1.570796
98,16,-1.570796
98,27,0.000000
98,29,3.141593
98,39,-1.570796
98,42,-1.570796
98,46,-1.570796
98,49,-1.570796
98,52,-1.570796
98,56,-1.570796
98,59,-1.570796
98,63,-1.570796
98,66,-1.570796
98,70,-2.356194
