4,36,0.785398
4,37,1.892547
5,30,1.249046
5,31,3.141593
5,46,1.249046
5,47,2.356194
6,37,-0.785398
7,63,1.570796
7,64,2.356194
7,75,1.570796
8,13,1.249046
8,14,2.356194
8,56,0.321751
8,79,0.785398
8,80,1.892547
9,30,1.249046
9,32,1.892547
9,36,1.570796
9,41,1.892547
9,47,1.892547
9,52,0.785398
9,53,1.892547
9,83,0.785398
10,13,-1.570796
10,34,1.570796
10,49,1.892547
10,84,-2.356194
11,72,0.321751
12,32,-1.249046
12,53,-1.249046
12,63,1.892547
12,67,-2.819842
13,44,-1.249046
13,46,-1.892547
13,72,3.141593
14,30,2.819842
14,34,0.321751
14,38,-1.249046
14,39,-2.356194
14,41,3.141593
14,55,-0.321751
14,72,-2.356194
15,41,-1.570796
15,48,0.000000
15,64,-1.249046
15,66,3.141593
15,74,0.321751
16,9,2.356194
16,19,1.570796
16,21,1.249046
16,23,-1.570796
16,25,-1.570796
16,27,-1.570796
16,28,-2.356194
16,29,-0.785398
16,30,-1.570796
16,31,-2.356194
16,33,-0.785398
16,42,0.000000
16,43,1.892547
16,48,-1.570796
16,51,1.570796
16,56,-0.785398
16,66,-1.570796
16,69,0.321751
17,19,-0.321751
17,37,-2.356194
17,44,2.819842
17,51,0.000000
17,53,1.892547
17,59,0.000000
17,61,2.819842
17,74,-2.819842
18,7,0.321751
18,40,0.785398
18,58,3.141593
18,61,-2.356194
19,7,-0.785398
19,21,-2.356194
19,22,0.785398
19,23,1.570796
19,24,2.356194
19,27,0.785398
19,28,1.570796
19,29,2.356194
19,33,0.785398
19,46,-0.785398
19,75,1.892547
19,84,2.356194
20,12,0.000000
20,13,1.570796
20,14,2.356194
20,16,0.785398
20,17,1.570796
20,36,3.141593
20,41,-1.570796
20,59,0.785398
20,63,0.785398
20,64,1.892547
20,77,2.356194
20,81,0.785398
20,82,1.570796
20,84,-2.356194
21,20,2.819842
21,34,-1.570796
21,39,0.785398
21,44,2.356194
21,48,-0.321751
21,60,-1.249046
22,62,-1.249046
22,82,-2.819842
23,30,2.356194
23,32,-0.785398
23,33,-1.570796
23,34,-2.356194
23,77,1.249046
23,79,1.570796
23,81,-1.892547
24,44,-1.570796
24,49,3.141593
24,59,1.892547
24,68,0.321751
24,75,-2.356194
25,24,-1.570796
25,40,-1.249046
25,41,-2.356194
25,42,0.785398
25,60,-2.356194
25,61,0.785398
25,65,2.819842
25,79,-2.819842
26,7,0.785398
26,17,-0.785398
26,18,-1.570796
26,43,-1.249046
26,44,3.141593
26,49,0.000000
26,65,-2.356194
26,68,-0.321751
27,7,0.000000
27,21,-2.356194
27,29,-0.785398
27,45,-2.356194
27,49,-0.785398
27,61,0.000000
27,72,0.000000
27,80,2.356194
28,7,-0.785398
28,29,2.356194
28,50,1.570796
28,60,3.141593
28,72,-0.785398
28,87,2.356194
29,19,1.249046
29,21,-1.570796
29,22,-2.356194
29,50,-0.321751
29,56,-2.356194
29,57,-0.785398
29,63,-1.570796
29,65,1.570796
29,72,2.356194
29,82,1.570796
29,84,1.249046
29,87,-2.819842
30,6,0.321751
30,12,1.249046
30,13,2.356194
30,16,0.785398
30,17,1.570796
30,31,2.356194
30,45,0.785398
30,65,0.000000
30,67,1.892547
30,70,0.785398
31,10,2.356194
31,19,-2.356194
31,50,0.785398
31,54,-1.249046
31,55,3.141593
31,59,-1.570796
31,72,-1.249046
31,73,3.141593
31,77,-1.570796
31,81,0.000000
32,12,-1.570796
32,17,0.785398
32,46,-0.321751
32,56,1.570796
32,58,1.570796
32,61,-1.570796
32,63,0.000000
32,65,-2.819842
32,70,3.141593
32,75,0.785398
32,76,2.356194
33,20,-2.356194
33,29,-0.785398
33,30,-1.570796
33,31,-2.356194
33,41,0.000000
33,42,1.570796
33,43,2.356194
33,60,1.570796
33,68,-1.570796
33,70,-2.356194
33,82,-1.892547
33,86,-2.356194
34,6,-1.570796
34,12,-0.785398
34,13,-1.570796
34,14,-2.356194
34,15,0.785398
34,36,0.785398
34,44,0.785398
34,50,-1.892547
34,53,0.785398
34,66,0.785398
34,67,2.356194
34,76,0.000000
34,78,-1.570796
34,80,-1.892547
34,86,2.356194
35,10,-1.892547
35,37,-1.570796
35,40,0.785398
35,44,-1.570796
35,62,1.892547
35,67,-1.570796
35,76,-1.570796
36,5,0.785398
36,18,-1.570796
36,19,-2.356194
36,41,-1.249046
36,49,3.141593
36,54,-1.570796
36,59,-0.785398
36,64,1.892547
36,68,0.000000
36,71,-2.356194
37,5,-0.785398
37,6,3.141593
37,15,0.000000
37,16,-1.892547
37,37,-0.785398
37,38,-2.356194
37,43,-1.249046
37,44,-2.356194
37,45,0.785398
37,46,2.356194
37,50,0.000000
37,51,1.570796
37,59,0.785398
37,62,-1.570796
37,65,2.819842
37,79,1.249046
37,81,1.892547
38,8,0.785398
38,9,1.570796
38,10,2.356194
38,12,0.785398
38,13,1.570796
38,14,3.141593
38,39,1.570796
38,46,-1.570796
38,53,-1.249046
38,65,-1.570796
38,70,2.819842
38,83,-1.892547
39,40,-2.356194
39,49,0.785398
39,55,-1.249046
39,56,3.141593
39,76,0.785398
40,9,0.785398
40,35,3.141593
40,43,0.785398
40,44,1.892547
40,68,-1.249046
40,70,-1.570796
40,71,-2.356194
41,4,0.785398
41,12,-0.785398
41,13,-1.892547
41,44,-1.249046
41,46,1.892547
41,53,3.141593
42,4,0.000000
42,8,-0.785398
42,9,-1.892547
42,47,3.141593
42,50,0.000000
42,51,-1.892547
42,57,-0.785398
42,67,2.356194
42,74,0.785398
42,85,0.785398
42,86,1.570796
42,88,1.892547
42,90,2.356194
43,4,-0.785398
43,40,-2.356194
43,45,-0.785398
43,48,0.000000
43,49,2.356194
43,68,2.356194
43,73,3.141593
43,90,-2.819842
44,12,1.249046
44,13,2.356194
44,43,2.356194
44,49,-2.356194
44,54,3.141593
44,66,0.000000
44,72,-0.785398
45,11,-0.785398
45,12,-1.892547
45,25,3.141593
45,28,0.000000
45,42,-0.785398
45,46,0.785398
45,47,1.892547
45,53,-1.570796
45,57,0.785398
45,58,1.892547
45,62,-1.892547
45,66,-0.785398
45,73,0.000000
45,74,1.570796
46,3,0.321751
46,5,-2.356194
46,17,1.249046
46,18,2.356194
46,39,3.141593
46,45,0.000000
46,89,0.000000
47,3,-0.785398
47,16,-0.785398
47,17,-1.892547
47,54,0.785398
47,67,3.141593
47,74,-0.321751
47,76,-2.819842
47,89,-0.785398
47,91,-2.356194
48,3,0.785398
48,11,0.785398
48,12,2.356194
48,45,0.321751
48,50,-2.356194
48,64,-0.785398
48,65,-1.892547
48,71,1.892547
48,83,0.785398
48,84,2.356194
49,3,-0.321751
49,5,2.356194
49,17,1.249046
49,18,2.356194
49,45,-0.785398
49,53,0.000000
49,54,-0.785398
49,55,-1.892547
49,59,3.141593
49,73,0.785398
49,76,3.141593
49,83,-0.785398
49,88,0.785398
50,16,-0.785398
50,17,-1.892547
50,42,2.356194
50,46,0.000000
50,47,3.141593
50,52,-0.785398
50,66,0.321751
50,71,-1.892547
51,3,0.321751
51,5,-2.356194
51,7,3.141593
51,11,0.000000
51,12,-1.892547
51,26,0.000000
51,44,1.249046
51,45,3.141593
51,54,1.249046
51,55,2.356194
51,60,2.819842
51,63,0.785398
51,73,0.321751
51,75,2.819842
51,90,-1.570796
52,3,-0.785398
52,18,1.249046
52,19,2.356194
52,23,3.141593
52,30,3.141593
52,32,0.000000
52,43,0.000000
52,44,-1.892547
52,53,0.000000
52,60,-1.570796
52,64,0.785398
52,91,-2.356194
53,17,-0.785398
53,18,-1.892547
53,58,-1.570796
53,61,2.356194
53,70,1.249046
53,75,-2.819842
53,80,1.570796
53,85,0.785398
54,5,1.249046
54,6,3.141593
54,31,0.000000
54,51,0.785398
54,55,-0.785398
54,64,-2.819842
54,80,0.000000
54,82,1.892547
54,86,2.819842
55,8,1.249046
55,9,2.356194
55,23,3.141593
55,35,0.785398
55,36,1.892547
55,39,2.356194
55,42,0.000000
55,43,0.785398
55,53,1.892547
55,55,2.356194
55,71,-0.785398
55,72,-1.892547
55,88,0.785398
56,8,-1.892547
56,13,0.000000
56,14,0.785398
56,15,1.570796
56,16,2.356194
56,36,-1.249046
56,37,-2.356194
56,48,0.785398
56,89,-2.356194
57,3,0.321751
57,6,-1.892547
57,58,1.892547
57,68,2.356194
57,78,-2.356194
57,79,-0.785398
58,3,-0.785398
58,8,0.785398
58,14,-0.785398
58,26,3.141593
58,31,0.000000
58,35,0.785398
58,36,1.892547
58,38,2.356194
58,43,-1.892547
58,45,-2.356194
58,73,0.000000
58,74,-1.892547
58,82,-2.356194
59,3,0.785398
59,6,1.249046
59,7,3.141593
59,9,-2.356194
59,18,0.000000
59,19,0.785398
59,20,1.570796
59,21,3.141593
59,36,-1.249046
59,37,-2.356194
59,67,-1.249046
59,71,2.356194
59,82,0.785398
59,87,-1.570796
60,3,0.000000
60,5,-0.785398
60,6,-1.892547
60,9,-1.570796
60,45,2.356194
60,51,-1.249046
60,53,3.141593
60,57,-0.785398
60,61,0.321751
60,65,-2.356194
60,77,0.785398
60,82,-0.785398
60,84,1.892547
61,3,-0.785398
61,20,2.356194
61,23,0.000000
61,38,0.000000
61,47,-0.785398
61,49,-2.356194
61,61,-1.570796
61,63,-1.249046
61,64,-2.356194
61,77,-0.321751
61,79,2.356194
61,80,0.785398
61,85,2.819842
61,89,2.356194
62,3,0.785398
62,7,0.785398
62,11,1.570796
62,18,0.000000
62,19,-0.785398
62,39,-2.356194
62,42,0.000000
62,49,0.000000
62,54,3.141593
62,59,1.570796
62,60,3.141593
62,66,1.249046
62,82,2.819842
62,89,3.141593
63,3,0.000000
63,15,3.141593
63,41,-0.785398
63,48,0.000000
63,52,-1.892547
63,73,0.785398
63,79,2.819842
63,82,-1.570796
63,85,-0.785398
63,87,2.356194
63,89,-1.570796
64,3,-1.570796
64,27,3.141593
64,31,0.000000
64,33,0.785398
64,34,1.570796
64,35,2.356194
64,49,-0.785398
64,50,-1.892547
64,63,1.249046
64,68,-2.819842
64,83,0.000000
64,84,2.356194
64,87,-2.356194
65,6,0.000000
65,7,-0.785398
65,8,-1.892547
65,17,0.000000
65,41,2.356194
65,45,-0.785398
65,61,0.785398
65,77,-2.819842
65,79,-0.321751
66,12,-2.356194
66,15,3.141593
66,27,0.000000
66,29,3.141593
66,32,0.000000
66,40,-0.785398
66,54,0.321751
66,84,-0.321751
66,85,2.819842
66,88,0.000000
66,89,2.356194
67,2,-1.570796
67,9,0.000000
67,10,-1.892547
67,20,0.000000
67,25,3.141593
67,62,-0.785398
67,69,0.000000
67,70,1.570796
67,71,2.356194
67,73,-0.785398
67,74,-1.892547
67,77,0.000000
67,78,1.892547
67,82,2.819842
67,89,-2.356194
68,17,2.356194
68,38,0.785398
68,50,1.249046
68,52,1.570796
68,54,3.141593
68,60,-2.356194
68,65,-2.356194
68,78,-1.249046
68,80,2.356194
68,82,-2.356194
68,85,-0.321751
68,89,0.785398
69,5,1.249046
69,6,3.141593
69,15,1.249046
69,16,3.141593
69,26,0.000000
69,32,3.141593
69,37,0.785398
69,39,-2.356194
69,46,0.785398
69,89,-0.785398
69,90,-2.356194
69,91,3.141593
70,2,0.000000
70,4,-0.785398
70,13,1.249046
70,15,-1.892547
70,21,0.000000
70,22,3.141593
70,36,0.785398
70,38,-2.356194
70,41,2.356194
70,52,0.000000
70,56,1.249046
70,80,-0.321751
70,84,1.892547
71,6,0.000000
71,7,3.141593
71,12,0.000000
71,13,-1.892547
71,19,3.141593
71,35,0.785398
71,37,-2.356194
71,40,-0.785398
71,64,0.321751
71,70,0.000000
71,71,-1.570796
71,72,-2.356194
71,76,0.785398
71,77,1.892547
72,5,-0.785398
72,30,0.000000
72,31,3.141593
72,33,0.000000
72,34,0.000000
72,36,-2.356194
72,47,-1.570796
72,56,-1.249046
72,68,0.785398
72,69,2.356194
72,78,2.819842
72,86,2.819842
73,10,0.000000
73,13,0.000000
73,14,0.000000
73,23,3.141593
73,62,-2.356194
73,78,-1.570796
73,82,0.785398
73,86,-1.570796
73,91,2.819842
74,8,0.785398
74,15,-2.356194
74,19,3.141593
74,28,0.000000
74,29,3.141593
74,31,0.000000
74,33,3.141593
74,39,2.356194
74,53,-0.785398
74,54,-2.356194
74,71,0.785398
74,72,1.570796
74,73,2.356194
74,79,1.570796
74,82,-0.321751
74,83,2.819842
74,87,0.000000
74,88,1.570796
74,89,3.141593
74,91,-2.356194
75,5,2.356194
75,8,0.000000
75,18,-0.785398
75,24,0.000000
75,25,3.141593
75,38,-0.785398
75,44,0.000000
75,50,2.356194
75,55,0.000000
75,56,0.000000
75,58,0.000000
75,59,-0.785398
75,75,0.000000
75,76,1.892547
75,79,-0.321751
75,91,-1.570796
76,2,0.000000
76,8,-1.570796
76,13,3.141593
76,21,3.141593
76,43,0.785398
76,53,1.249046
76,54,3.141593
76,57,-2.356194
76,62,0.321751
76,83,-0.785398
76,89,1.570796
77,7,-0.785398
77,11,-0.785398
77,31,0.000000
77,33,3.141593
77,42,0.785398
77,74,2.819842
77,78,2.819842
77,89,-0.321751
78,13,2.356194
78,24,0.000000
78,26,3.141593
78,59,0.785398
78,60,1.570796
78,62,-1.570796
78,70,0.785398
78,78,-1.570796
78,86,3.141593
78,91,2.819842
79,36,2.356194
79,40,1.570796
79,64,-2.356194
79,70,-0.321751
79,79,1.570796
79,82,-0.321751
79,83,2.819842
79,87,1.570796
79,91,-2.356194
80,3,2.356194
80,5,3.141593
80,35,-0.785398
80,43,0.000000
80,47,0.785398
80,50,-2.356194
80,53,0.000000
80,57,-2.356194
80,64,0.785398
80,79,-0.321751
80,80,2.819842
80,87,-0.321751
80,88,2.819842
80,91,-1.570796
81,2,-0.785398
81,49,2.356194
81,60,0.000000
81,64,-0.321751
81,68,0.000000
81,76,-0.321751
81,77,2.819842
81,80,-1.570796
81,84,3.141593
81,88,-1.570796
82,8,-0.785398
82,12,2.356194
82,37,1.570796
82,49,-2.356194
82,51,0.785398
82,59,0.785398
82,61,0.000000
82,62,3.141593
82,66,2.819842
82,69,-1.570796
83,10,1.249046
83,11,3.141593
83,26,0.000000
83,31,3.141593
83,34,0.785398
83,37,-2.356194
83,39,-1.570796
83,45,-0.785398
83,52,0.785398
83,53,3.141593
83,56,2.819842
83,59,-0.321751
83,66,-1.570796
83,75,2.819842
83,77,-0.321751
83,82,1.570796
83,86,1.570796
84,9,0.000000
84,10,-1.892547
84,14,2.356194
84,33,0.785398
84,38,-2.356194
84,47,0.000000
84,49,2.819842
84,52,-0.785398
84,60,-1.570796
84,68,3.141593
84,75,-1.570796
84,79,2.819842
84,82,-0.321751
84,86,-0.321751
84,87,2.819842
84,91,-2.356194
85,2,0.785398
85,4,2.356194
85,12,1.249046
85,13,3.141593
85,18,2.356194
85,32,0.785398
85,36,0.000000
85,37,0.000000
85,40,1.249046
85,41,2.356194
85,42,3.141593
85,46,-2.356194
85,84,2.819842
86,3,-2.356194
86,11,0.000000
86,12,-1.892547
86,17,-0.785398
86,29,0.000000
86,31,0.000000
86,35,-2.356194
86,39,-0.785398
86,40,-1.892547
86,50,3.141593
86,54,0.000000
86,55,2.356194
86,57,-1.249046
86,58,3.141593
86,66,1.570796
86,79,-0.321751
86,84,-1.570796
86,87,-0.321751
87,25,0.000000
87,27,3.141593
87,46,-2.356194
87,70,1.570796
87,77,1.570796
87,81,2.819842
88,4,0.000000
88,14,2.356194
88,18,2.356194
88,32,-0.785398
88,48,1.570796
88,52,1.570796
88,55,-0.321751
88,56,2.819842
88,59,-1.570796
88,67,-2.356194
88,77,-0.321751
88,78,2.819842
88,90,2.819842
89,12,1.249046
89,13,3.141593
89,21,2.356194
89,32,-1.570796
89,36,0.000000
89,43,0.785398
89,52,-0.321751
89,56,-1.570796
89,74,-1.570796
89,78,-2.356194
89,81,-0.321751
89,90,-2.356194
90,11,0.000000
90,12,-1.892547
90,39,3.141593
90,44,0.000000
90,45,1.892547
90,54,2.819842
90,61,1.570796
90,68,1.570796
90,85,-1.570796
90,86,3.141593
91,10,1.570796
91,19,3.141593
91,23,0.000000
91,24,3.141593
91,46,2.819842
91,50,-2.356194
91,54,-1.570796
91,65,-2.356194
91,80,3.141593
91,91,-2.356194
92,10,-2.819842
92,13,1.249046
92,14,3.141593
92,18,-1.570796
92,27,0.000000
92,28,3.141593
92,30,0.000000
92,31,3.141593
92,46,-1.570796
92,61,0.785398
92,72,-1.570796
92,83,-0.321751
92,84,2.819842
93,4,1.570796
93,8,0.321751
93,12,0.321751
93,36,1.570796
93,52,0.785398
93,61,-0.785398
93,62,3.141593
93,66,1.570796
93,69,-2.356194
93,75,1.570796
93,84,-1.570796
93,88,1.570796
94,4,-2.819842
94,8,-1.570796
94,12,-1.570796
94,25,2.356194
94,43,0.000000
94,53,-2.356194
94,60,0.000000
94,63,-2.356194
94,78,0.785398
94,88,-0.321751
94,89,2.819842
95,2,0.321751
95,7,3.141593
95,24,-0.785398
95,30,1.570796
95,34,2.356194
95,36,2.356194
95,41,0.785398
95,57,-2.356194
95,70,1.570796
95,79,-2.356194
95,82,0.785398
95,89,-2.356194
96,2,-0.785398
96,6,-0.785398
96,18,2.356194
96,22,2.356194
96,28,3.141593
96,30,-1.570796
96,36,-2.819842
96,46,1.570796
96,60,-1.570796
96,64,1.570796
96,76,-1.570796
97,2,-1.570796
97,6,-1.570796
97,14,-1.570796
97,25,0.000000
97,35,-1.892547
97,46,-0.785398
97,47,-2.356194
97,58,0.785398
97,67,-1.570796
97,74,1.570796
97,83,-1.570796
98,8,0.000000
98,16,-0.785398
98,19,0.000000
98,38,0.000000
98,40,3.141593
98,50,0.000000
98,51,3.141593
98,59,-2.356194
98,65,-2.356194
98,71,-1.570796
98,74,-1.570796
