3,33,1.249046
3,34,2.356194
3,37,0.785398
3,38,1.570796
3,39,2.356194
3,45,0.785398
3,46,1.570796
3,48,1.892547
3,55,0.785398
3,56,1.570796
3,57,2.356194
3,59,0.785398
3,63,1.892547
3,66,1.249046
3,67,2.356194
3,70,0.785398
4,50,3.141593
5,46,-0.321751
5,56,0.785398
5,71,3.141593
6,56,0.000000
6,68,0.785398
7,12,0.785398
7,13,2.356194
7,31,0.321751
7,47,3.141593
7,56,-1.570796
7,64,-1.249046
7,69,-1.249046
7,73,2.356194
8,9,1.570796
8,13,-1.570796
8,31,-0.785398
8,35,0.785398
8,36,1.570796
8,38,-1.570796
8,39,-2.356194
8,40,0.785398
8,41,1.570796
8,42,2.356194
8,54,0.785398
8,59,-0.785398
8,61,1.892547
9,8,0.000000
9,9,-2.356194
9,46,0.321751
9,61,-1.249046
9,63,1.892547
9,67,-1.249046
9,68,-2.356194
9,69,0.785398
10,31,2.356194
10,35,0.321751
10,37,2.819842
10,46,-0.785398
10,50,2.356194
10,65,1.892547
10,70,-1.249046
10,72,3.141593
11,30,0.321751
11,53,0.785398
11,54,1.892547
11,56,2.356194
11,61,0.785398
11,72,-2.356194
11,83,2.356194
12,28,1.570796
12,39,2.356194
12,41,-0.785398
12,42,-1.570796
12,43,-2.356194
12,45,-0.785398
12,46,-1.570796
12,47,-2.356194
12,54,-1.249046
13,18,2.356194
13,28,0.000000
13,30,3.141593
13,56,-1.249046
13,57,-2.356194
13,63,-1.249046
13,64,-2.356194
13,68,2.356194
14,15,0.785398
14,49,-0.785398
14,51,0.000000
14,52,1.892547
14,59,-1.249046
14,60,3.141593
14,66,-1.249046
14,71,3.141593
15,27,-0.785398
15,28,-1.570796
15,30,-1.570796
15,31,-2.356194
15,34,-0.785398
15,35,-1.570796
15,36,-2.356194
15,37,-0.785398
15,38,-1.570796
15,40,1.570796
15,42,1.570796
15,43,2.356194
15,53,-2.356194
15,68,-0.785398
16,5,0.321751
16,7,3.141593
16,48,-0.785398
16,49,-1.570796
16,56,0.785398
16,57,2.356194
17,5,-0.785398
17,20,3.141593
17,39,-0.785398
17,40,-1.570796
17,42,-2.356194
17,59,0.785398
17,60,1.892547
17,65,1.249046
17,66,2.356194
17,72,1.570796
17,75,1.249046
18,12,0.785398
18,13,1.570796
18,14,2.356194
18,32,0.785398
18,33,1.892547
18,35,1.249046
18,36,3.141593
18,43,0.000000
18,44,1.570796
18,45,2.356194
18,53,0.000000
18,54,1.570796
18,60,-1.249046
19,20,-2.356194
19,47,0.785398
19,48,1.570796
19,49,2.356194
19,51,3.141593
19,56,-1.249046
19,57,3.141593
19,65,-2.356194
19,69,0.000000
19,70,1.570796
19,72,-1.892547
20,14,0.785398
20,15,2.356194
20,17,-0.785398
20,18,-1.892547
20,29,1.249046
20,30,2.356194
20,32,-0.785398
20,33,-1.892547
20,37,1.249046
20,38,2.356194
20,51,-1.570796
20,74,-0.785398
21,14,-1.570796
21,24,1.249046
21,25,2.356194
21,44,-1.249046
21,45,-2.356194
21,46,0.785398
21,55,1.892547
21,70,-0.321751
22,12,0.785398
22,13,2.356194
22,19,1.249046
22,20,2.356194
22,23,-0.785398
22,24,-1.892547
22,55,-1.249046
22,56,-2.356194
22,67,0.000000
22,68,1.892547
22,71,-1.249046
22,72,3.141593
23,4,0.321751
23,6,-2.356194
23,17,1.249046
23,19,-1.892547
23,26,0.000000
23,28,-0.785398
23,29,-1.570796
23,30,-2.356194
23,33,-0.785398
23,34,-1.892547
23,38,-2.356194
23,39,0.785398
23,40,1.892547
23,51,-0.785398
23,52,-1.570796
23,53,3.141593
23,73,0.000000
23,74,1.892547
23,77,2.356194
24,4,-0.785398
24,15,0.785398
24,21,1.249046
24,22,2.356194
24,24,3.141593
24,54,0.785398
24,55,2.356194
24,63,0.785398
24,64,1.892547
24,69,-1.249046
24,70,3.141593
24,78,0.000000
24,79,1.892547
24,85,2.356194
25,4,0.785398
25,18,-2.356194
25,20,-0.785398
25,21,-1.892547
25,39,-0.785398
25,40,-1.892547
25,47,-1.249046
25,54,-0.785398
25,64,-1.249046
25,65,-2.356194
25,71,0.000000
25,72,1.892547
25,85,3.141593
26,4,-0.785398
26,5,3.141593
26,9,1.249046
26,10,2.356194
26,16,-1.570796
26,49,-1.570796
26,55,1.570796
26,60,0.785398
26,61,1.892547
26,72,-1.249046
26,74,2.356194
26,78,-0.785398
26,79,-1.892547
26,85,-2.356194
27,8,-0.785398
27,9,-1.892547
27,14,0.785398
27,15,2.356194
27,22,1.249046
27,23,2.356194
27,55,-0.321751
27,61,-1.249046
27,62,3.141593
27,68,0.000000
27,69,1.892547
27,74,-1.570796
28,18,1.249046
28,19,2.356194
28,27,0.785398
28,28,1.570796
28,29,2.356194
28,42,0.785398
28,43,2.356194
28,46,3.141593
28,56,-1.249046
28,58,1.892547
28,63,0.000000
28,64,1.892547
28,75,0.000000
28,76,1.892547
29,17,-0.785398
29,18,-1.892547
29,24,1.570796
29,25,2.356194
29,58,-1.249046
29,60,1.892547
29,64,-1.249046
29,65,-2.356194
29,70,-1.249046
29,71,3.141593
29,76,-1.249046
29,77,3.141593
29,85,2.356194
30,8,1.249046
30,9,3.141593
30,15,-1.892547
30,20,1.249046
30,22,-1.892547
30,32,0.785398
30,33,1.570796
30,34,2.356194
30,38,0.785398
30,39,1.570796
30,40,2.356194
30,41,-0.785398
30,42,-1.570796
30,43,-2.356194
30,45,3.141593
30,60,-1.249046
30,67,0.000000
30,68,1.892547
30,72,0.000000
30,73,1.892547
30,85,3.141593
31,3,0.785398
31,6,1.249046
31,18,1.249046
31,20,-1.892547
31,26,0.785398
31,27,1.570796
31,31,3.141593
31,47,0.000000
31,49,0.785398
31,50,1.892547
31,62,-1.570796
31,85,-2.356194
32,3,0.000000
32,11,-1.892547
32,16,0.000000
32,39,-0.321751
32,42,1.892547
32,50,-1.249046
32,51,-2.356194
33,3,-0.785398
33,9,-1.892547
33,13,-0.785398
33,14,3.141593
33,27,0.785398
33,46,0.785398
33,47,1.892547
33,59,0.000000
33,60,1.892547
33,76,2.819842
34,11,0.785398
34,23,-1.570796
34,27,-0.785398
34,28,-2.356194
34,33,-0.785398
34,36,2.356194
34,39,-0.785398
34,40,-1.570796
34,47,-1.249046
34,48,-2.356194
34,60,-1.249046
34,61,-2.356194
34,66,0.000000
34,67,1.892547
34,76,-1.570796
34,80,0.785398
35,8,0.000000
35,9,1.570796
35,10,3.141593
35,14,-0.785398
35,15,-1.892547
35,26,3.141593
35,63,-2.356194
35,77,0.000000
35,85,0.000000
36,3,0.785398
36,12,-1.570796
36,19,1.892547
36,41,0.321751
36,43,3.141593
36,52,0.000000
36,53,1.892547
36,65,0.785398
36,68,-1.249046
36,74,2.819842
37,3,0.000000
37,7,0.785398
37,10,-2.356194
37,22,-0.785398
37,45,0.785398
37,46,1.892547
37,53,-1.249046
37,54,-2.356194
37,55,3.141593
37,59,-2.356194
37,70,-1.570796
37,74,-1.570796
38,3,-0.785398
38,14,1.249046
38,24,-0.785398
38,40,0.000000
38,48,1.570796
38,78,-0.321751
39,7,0.000000
39,8,-2.356194
39,34,-0.785398
39,39,3.141593
39,57,0.785398
39,79,-1.249046
40,5,1.249046
40,6,3.141593
40,10,2.356194
40,11,0.000000
40,14,-2.356194
40,38,-1.570796
40,49,-0.785398
40,50,-2.356194
40,52,1.249046
40,54,1.892547
40,58,-2.356194
41,2,0.321751
41,8,0.321751
41,16,0.000000
41,20,-1.570796
41,55,3.141593
41,63,0.785398
42,2,-0.785398
42,5,-1.570796
42,15,-2.356194
42,28,3.141593
42,32,0.000000
42,33,3.141593
42,45,-1.570796
42,50,0.321751
42,67,0.785398
42,71,-2.356194
42,74,1.570796
42,78,1.570796
43,2,0.785398
43,8,-1.570796
43,10,1.570796
43,27,-0.785398
43,58,0.000000
43,62,0.785398
43,68,-2.356194
43,74,-0.321751
43,78,-0.321751
43,79,2.819842
44,2,0.000000
44,23,1.570796
44,27,-1.570796
44,52,-1.570796
44,53,3.141593
44,59,-1.570796
44,66,-2.356194
44,72,0.785398
44,76,2.819842
45,2,-0.785398
45,12,-2.819842
45,23,-1.570796
45,36,3.141593
45,44,2.356194
45,54,1.570796
45,73,-2.356194
45,86,2.356194
46,5,0.000000
46,11,-0.785398
46,26,1.570796
46,35,-0.785398
46,39,1.570796
46,54,-0.321751
46,70,0.785398
46,84,0.785398
46,86,-2.819842
47,4,3.141593
47,8,0.785398
47,9,1.892547
47,11,2.356194
47,22,1.570796
47,26,-1.570796
47,29,1.570796
47,39,2.356194
47,65,-1.570796
47,75,-0.785398
47,77,-1.249046
47,79,-1.892547
48,2,0.321751
48,6,1.249046
48,7,3.141593
48,11,3.141593
48,29,-1.570796
48,38,0.321751
48,39,-2.819842
48,63,1.570796
48,67,0.785398
49,2,-0.785398
49,5,0.000000
49,22,-1.570796
49,35,-1.570796
49,38,-0.785398
49,58,3.141593
49,63,-0.321751
49,64,2.819842
50,3,0.785398
50,4,3.141593
50,64,-1.570796
50,77,1.570796
51,6,0.000000
51,7,-1.570796
51,58,0.000000
51,60,0.785398
51,61,1.892547
52,3,-0.785398
52,4,-2.356194
52,9,-2.356194
52,38,-1.570796
52,42,-1.570796
52,58,-0.785398
52,78,1.570796
52,85,2.356194
53,2,-0.785398
53,9,2.356194
53,63,2.819842
53,79,-2.356194
53,85,3.141593
54,6,1.249046
54,9,-2.819842
54,21,1.570796
54,48,0.000000
54,58,2.356194
54,63,-1.570796
54,76,-2.356194
54,85,-2.356194
55,14,1.570796
55,68,-1.570796
56,4,-0.785398
56,5,-1.892547
56,7,-0.785398
56,14,-1.570796
56,21,-1.570796
56,64,-1.570796
56,66,1.570796
57,18,1.570796
57,29,1.570796
57,58,-0.785398
58,11,3.141593
58,26,1.570796
58,29,-1.570796
58,62,-2.356194
58,67,-2.356194
59,7,0.785398
59,51,0.000000
59,53,3.141593
59,71,0.785398
60,3,0.785398
60,4,3.141593
60,12,2.819842
60,19,-1.570796
60,30,0.785398
60,65,1.570796
60,68,0.785398
60,72,1.570796
61,3,-1.570796
61,8,-0.785398
61,12,-2.356194
61,22,1.570796
61,27,-1.570796
61,44,0.785398
61,69,1.570796
61,72,-0.321751
61,73,2.819842
62,17,1.570796
62,20,1.570796
62,22,-1.570796
62,31,-1.570796
62,45,-2.356194
62,61,0.785398
62,65,0.785398
62,69,-0.321751
62,70,2.819842
62,79,2.356194
63,3,1.570796
63,7,-0.785398
63,9,2.819842
63,15,1.570796
63,17,-1.570796
63,65,-0.321751
63,74,-2.356194
63,77,0.785398
63,79,-2.819842
64,3,0.000000
64,24,1.570796
64,43,3.141593
64,57,0.785398
64,67,2.819842
64,70,-0.321751
64,71,2.819842
65,3,-0.785398
65,13,2.819842
65,24,0.000000
65,57,-0.785398
65,58,3.141593
65,63,1.570796
65,67,-2.356194
65,71,-2.356194
65,77,0.321751
65,84,2.356194
66,13,-2.356194
66,22,0.000000
66,23,2.356194
66,59,0.000000
66,63,-0.321751
66,64,2.819842
66,82,0.785398
66,84,-2.819842
67,3,-1.570796
67,23,-1.570796
67,25,2.356194
67,41,3.141593
67,48,0.000000
67,50,3.141593
67,60,-2.356194
67,64,-2.356194
67,79,-1.892547
68,6,-1.570796
68,24,-0.785398
68,35,0.000000
69,11,2.819842
69,14,0.785398
69,32,0.785398
69,44,0.785398
69,83,2.356194
70,8,0.321751
70,15,2.819842
70,33,0.000000
70,34,1.892547
70,38,0.000000
70,39,1.892547
70,55,0.321751
70,57,3.141593
70,65,-2.356194
70,83,-2.819842
71,8,-1.570796
71,11,-0.321751
71,13,3.141593
71,15,-1.570796
71,39,-1.249046
71,41,1.892547
71,50,-2.356194
71,55,-0.785398
72,2,1.570796
72,5,0.000000
72,7,1.570796
72,35,-1.249046
72,36,3.141593
72,41,-1.249046
72,42,-2.356194
72,58,-1.570796
72,62,-1.570796
72,88,1.249046
73,7,-2.819842
73,12,0.785398
73,31,0.000000
73,37,-2.356194
73,54,1.570796
74,3,0.000000
74,6,-0.785398
74,12,0.000000
74,20,2.356194
74,27,0.000000
74,33,-2.356194
74,47,0.000000
74,48,1.892547
74,53,0.000000
74,54,-2.356194
74,63,1.570796
74,83,-0.785398
74,88,-1.249046
75,6,2.356194
75,9,1.570796
75,12,-0.785398
75,29,0.000000
75,30,1.892547
75,40,0.000000
75,41,0.785398
75,42,1.892547
75,50,1.892547
75,52,1.570796
75,55,0.000000
75,67,1.570796
76,5,0.321751
76,12,2.356194
76,23,0.785398
76,30,-1.249046
76,31,3.141593
76,42,-1.249046
76,43,-2.356194
76,52,-2.819842
76,56,-2.356194
76,63,-1.570796
77,8,3.141593
77,11,0.321751
77,12,-2.819842
77,23,-0.785398
77,24,3.141593
77,27,-2.356194
77,37,0.000000
77,38,3.141593
77,47,-0.785398
77,48,-1.570796
77,61,1.570796
77,81,0.000000
77,82,2.356194
78,11,-1.570796
78,17,0.321751
78,19,3.141593
78,22,1.570796
78,25,1.570796
78,29,0.785398
78,42,0.785398
78,52,-2.356194
78,56,-1.570796
78,82,-2.356194
79,3,0.785398
79,4,3.141593
79,20,0.785398
79,26,2.819842
79,35,1.570796
79,43,0.000000
79,44,1.892547
80,3,-0.785398
80,10,-1.570796
80,13,1.570796
80,16,0.321751
80,17,-2.819842
80,20,-0.785398
80,36,3.141593
80,47,0.785398
80,48,1.570796
80,54,2.356194
80,62,-1.570796
81,13,-1.570796
81,16,-0.785398
81,27,2.819842
81,52,0.000000
81,54,-2.819842
81,68,2.356194
81,76,1.892547
81,78,2.356194
81,81,1.570796
82,9,1.570796
82,31,2.356194
82,37,0.785398
82,42,0.785398
82,49,0.000000
82,81,-2.819842
83,2,0.321751
83,9,2.356194
83,12,1.570796
83,22,0.321751
83,23,-2.819842
83,26,0.321751
83,28,-2.356194
83,29,0.785398
83,39,0.785398
83,40,1.570796
83,41,3.141593
83,45,2.819842
83,54,0.000000
83,55,1.892547
83,60,1.570796
83,69,3.141593
83,80,-1.892547
84,2,-0.785398
84,6,2.819842
84,8,0.321751
84,9,-2.819842
84,22,-0.785398
84,26,-0.785398
84,33,1.570796
84,34,2.356194
84,35,0.785398
84,43,-0.785398
84,45,-2.356194
84,55,-1.249046
84,56,3.141593
84,67,-1.892547
85,26,-1.570796
85,29,0.321751
85,44,0.000000
85,57,1.570796
85,60,2.356194
85,71,-0.785398
85,72,-1.570796
85,75,2.819842
86,4,0.000000
86,8,-2.819842
86,29,-0.785398
86,36,-1.570796
86,40,-1.570796
86,44,0.785398
87,2,0.785398
87,7,-0.785398
87,44,-0.321751
87,45,2.819842
87,75,-2.819842
88,2,-0.321751
88,4,-2.819842
88,25,1.570796
88,45,-2.356194
88,58,0.785398
88,71,1.570796
88,72,2.356194
88,73,-0.785398
88,74,-1.892547
88,77,0.321751
88,79,2.819842
89,33,-1.570796
89,41,1.570796
90,2,0.321751
90,4,2.819842
90,25,2.356194
90,50,-1.570796
90,62,-2.819842
90,69,-0.321751
90,71,-2.819842
91,24,0.321751
91,25,-2.819842
91,37,0.785398
91,65,1.249046
91,67,1.892547
92,2,-0.321751
92,4,-2.819842
92,24,-0.785398
92,33,1.570796
92,51,1.570796
92,62,-2.356194
93,65,-1.249046
93,67,-1.892547
94,33,0.785398
94,55,-0.321751
95,15,2.356194
95,33,-0.321751
95,34,2.819842
95,37,0.321751
95,39,2.819842
96,3,0.785398
96,11,0.785398
96,15,3.141593
96,34,-2.356194
96,50,0.785398
96,72,-1.249046
97,4,3.141593
97,12,-2.356194
97,15,-1.570796
97,25,0.785398
97,29,2.356194
97,39,-1.570796
97,40,-2.356194
98,22,-1.570796
98,26,-2.356194
98,28,-0.785398
98,33,-0.785398
98,48,-0.785398
98,49,-1.570796
98,51,-1.892547
98,53,-1.249046
