11,56,1.249046
11,57,2.356194
12,41,1.249046
12,42,2.356194
12,70,2.356194
13,35,1.249046
13,36,2.356194
13,40,-0.785398
13,56,-2.356194
13,78,2.356194
14,34,-0.785398
15,26,1.249046
15,27,3.141593
16,21,1.249046
16,22,2.356194
16,25,-0.785398
17,20,-0.785398
17,21,-1.892547
17,64,0.321751
18,64,-1.570796
19,18,2.356194
19,71,0.321751
19,82,2.356194
20,17,0.321751
20,71,-1.570796
21,17,-1.570796
21,64,2.819842
22,60,-1.570796
22,64,-2.356194
23,58,2.356194
23,71,2.819842
24,54,1.249046
24,55,2.356194
24,56,-0.785398
24,57,-1.892547
25,16,0.785398
25,52,2.356194
25,53,-0.785398
25,54,-1.892547
25,63,1.249046
25,64,2.356194
26,16,-0.785398
26,17,3.141593
26,50,-0.785398
26,51,-1.892547
26,61,1.249046
26,63,-1.892547
27,47,2.356194
27,53,1.249046
27,54,2.356194
27,59,0.000000
27,60,-0.785398
27,66,-0.785398
27,67,-1.892547
27,86,2.356194
28,44,1.249046
28,46,-1.892547
28,50,1.249046
28,51,2.356194
28,52,-0.785398
28,63,2.356194
29,39,0.000000
29,40,1.892547
29,42,1.249046
29,44,-1.892547
29,49,-0.785398
29,56,3.141593
29,61,-0.785398
29,73,-0.785398
29,74,-1.892547
30,40,-1.249046
30,42,-1.892547
30,52,2.356194
30,53,-0.785398
30,64,2.356194
31,15,0.785398
31,44,1.249046
31,45,3.141593
31,50,-0.785398
31,51,-1.892547
31,61,0.000000
31,62,-0.785398
31,63,-1.892547
31,70,0.000000
32,15,-0.785398
32,16,3.141593
32,43,-0.785398
32,54,2.356194
32,66,0.000000
32,68,3.141593
32,72,0.000000
32,83,-2.356194
33,46,2.356194
33,51,0.000000
33,72,0.785398
34,37,1.249046
34,38,3.141593
34,44,0.000000
34,45,-1.892547
34,55,0.000000
34,56,0.785398
34,57,1.892547
34,73,-2.356194
34,79,3.141593
34,82,0.785398
34,88,2.356194
35,33,1.570796
35,36,0.000000
35,37,-1.892547
35,42,1.249046
35,43,3.141593
35,57,-1.249046
35,58,-2.356194
35,59,3.141593
35,83,-2.356194
35,88,3.141593
36,33,0.000000
36,40,1.249046
36,42,-1.892547
36,47,1.249046
36,48,2.356194
36,51,3.141593
36,88,-2.356194
37,14,0.785398
37,33,-1.570796
37,39,0.000000
37,40,-1.892547
37,45,1.249046
37,47,-1.892547
37,60,3.141593
37,64,0.000000
37,66,3.141593
37,76,0.000000
37,88,2.356194
38,14,-0.785398
38,15,3.141593
38,37,1.249046
38,38,3.141593
38,43,1.249046
38,45,-1.892547
38,51,0.000000
38,52,3.141593
38,57,0.000000
38,86,0.785398
38,88,-2.819842
39,35,1.249046
39,37,-1.892547
39,42,-0.785398
39,43,-1.892547
39,47,0.000000
39,49,3.141593
39,68,0.000000
39,70,0.785398
39,71,1.570796
39,72,2.356194
40,34,0.000000
40,35,-1.892547
40,39,1.249046
40,40,3.141593
40,52,0.000000
40,53,3.141593
40,77,3.141593
41,32,1.249046
41,33,3.141593
41,38,0.000000
41,39,-1.892547
41,45,3.141593
41,71,2.356194
41,82,0.785398
42,49,3.141593
42,53,2.356194
42,54,3.141593
42,67,0.000000
42,70,-0.785398
42,86,-1.249046
42,88,-1.892547
43,13,2.356194
43,30,-0.785398
43,31,-1.892547
43,41,1.570796
43,46,2.356194
43,52,-0.785398
43,60,3.141593
43,77,0.000000
43,78,3.141593
44,12,0.321751
44,35,0.785398
44,45,-0.785398
44,49,2.356194
44,54,2.356194
44,81,0.000000
44,84,0.785398
44,85,1.892547
44,90,2.356194
45,12,-0.785398
45,45,2.356194
45,48,-0.785398
45,52,0.000000
45,53,-1.892547
45,61,0.000000
45,62,3.141593
45,72,0.000000
45,85,-1.249046
45,86,-2.356194
45,88,0.785398
45,90,-2.819842
46,34,0.000000
46,35,-1.892547
46,41,-1.570796
46,45,-2.819842
46,51,-0.785398
46,59,3.141593
46,77,3.141593
47,40,-0.785398
47,44,-0.785398
47,53,0.000000
47,66,0.000000
47,70,3.141593
47,83,0.000000
48,58,0.000000
48,59,3.141593
48,74,0.000000
48,75,3.141593
48,86,0.000000
48,87,1.892547
48,89,2.356194
49,12,2.356194
49,44,-1.570796
49,89,-2.819842
50,11,0.321751
50,70,0.000000
50,86,0.785398
51,11,-1.570796
51,30,3.141593
51,74,3.141593
51,88,-1.570796
51,89,3.141593
52,27,1.249046
52,28,3.141593
52,49,0.000000
52,50,3.141593
52,65,2.356194
53,26,0.000000
53,27,-1.892547
53,33,0.000000
53,34,3.141593
53,63,0.000000
53,84,0.785398
54,31,2.356194
54,51,2.356194
54,85,0.000000
54,86,1.892547
54,90,2.356194
55,29,1.249046
55,30,3.141593
55,35,2.356194
55,49,0.000000
55,61,0.000000
55,68,3.141593
55,86,-1.249046
55,87,-2.356194
55,90,3.141593
56,27,0.000000
56,33,1.249046
56,34,3.141593
56,55,0.000000
56,56,3.141593
56,71,0.000000
56,78,0.000000
56,90,-2.356194
57,29,-1.249046
57,30,-2.356194
57,32,-0.785398
57,33,-1.892547
57,74,3.141593
57,90,2.356194
58,9,0.321751
58,11,3.141593
58,24,3.141593
58,60,3.141593
58,66,0.000000
58,68,3.141593
58,90,3.141593
59,9,-0.785398
59,34,2.356194
59,58,-0.785398
59,77,0.000000
59,87,0.785398
60,26,1.249046
60,27,2.356194
60,28,3.141593
60,73,0.785398
60,88,-1.249046
60,90,3.141593
61,23,1.249046
61,24,2.356194
61,25,-0.785398
61,26,-1.892547
61,49,0.000000
61,82,0.785398
61,83,1.892547
61,90,-2.356194
62,21,1.249046
62,23,-1.892547
62,35,0.785398
62,50,-2.356194
62,77,0.000000
62,78,1.892547
62,83,-1.249046
62,84,3.141593
63,20,-0.785398
63,21,-1.892547
63,26,1.249046
63,27,2.356194
63,73,1.570796
63,78,-1.249046
63,79,3.141593
63,85,0.000000
63,86,1.892547
63,90,2.356194
64,25,0.000000
64,26,-1.892547
64,35,0.000000
64,49,-0.785398
64,73,-1.570796
64,80,0.000000
64,81,1.892547
64,86,-1.249046
64,87,-2.356194
64,90,3.141593
65,9,2.356194
65,34,-0.785398
65,37,-1.249046
65,76,0.785398
65,83,2.356194
65,90,-2.356194
66,8,0.321751
66,27,0.000000
66,71,0.785398
67,8,-0.785398
67,59,2.356194
67,73,0.785398
67,74,1.892547
67,86,0.000000
67,90,2.356194
68,19,1.249046
68,20,3.141593
68,58,-0.785398
68,74,-1.249046
68,90,-2.819842
69,18,0.000000
69,19,-1.892547
69,25,1.570796
69,76,-1.570796
69,86,-0.785398
69,87,-1.570796
70,72,0.785398
70,82,-2.356194
70,89,-2.356194
71,73,0.000000
71,74,1.892547
72,8,2.356194
72,21,3.141593
72,34,0.000000
72,59,1.570796
72,74,-1.249046
72,76,1.892547
72,80,0.000000
72,81,1.892547
72,85,0.785398
73,7,0.321751
73,37,0.785398
73,81,-1.249046
73,82,3.141593
73,87,0.785398
73,90,2.819842
74,7,-0.785398
74,17,1.249046
74,18,3.141593
74,23,1.249046
74,24,3.141593
74,29,2.356194
74,77,-1.249046
74,78,3.141593
75,22,0.000000
75,23,-1.892547
75,27,0.000000
75,39,-2.356194
75,54,1.570796
75,55,2.356194
75,57,-0.785398
75,58,-1.892547
75,73,0.000000
75,74,0.785398
75,75,1.892547
75,79,-2.356194
75,84,-2.356194
75,90,3.141593
76,15,-0.785398
76,16,-1.892547
76,43,0.785398
76,44,1.570796
76,45,2.356194
76,47,-0.785398
76,48,-1.570796
76,49,-2.356194
76,51,-0.785398
76,52,-1.892547
76,75,-1.249046
76,76,3.141593
76,81,0.785398
76,90,-2.356194
77,25,2.356194
77,69,1.249046
77,70,2.356194
77,71,3.141593
77,77,-2.356194
78,24,-0.785398
78,44,2.356194
78,64,0.000000
78,67,0.785398
78,79,0.785398
78,83,-2.356194
79,17,-0.785398
79,44,-2.819842
80,21,2.356194
80,26,1.570796
80,42,0.321751
80,68,0.785398
80,77,0.785398
80,81,-2.356194
80,85,0.785398
81,34,1.249046
81,35,2.356194
81,36,3.141593
81,42,-0.785398
81,69,3.141593
82,6,0.785398
82,26,0.785398
82,33,0.000000
82,34,-1.892547
83,6,-0.785398
83,7,3.141593
83,10,1.249046
83,11,2.356194
83,18,1.570796
83,26,0.000000
83,36,1.570796
83,42,-1.570796
83,48,0.000000
83,50,0.785398
83,51,1.892547
83,53,2.356194
83,80,-2.356194
84,12,2.356194
84,22,3.141593
84,26,-1.570796
84,53,3.141593
84,72,-2.356194
84,77,0.785398
84,82,0.785398
84,90,2.356194
85,10,-1.249046
85,25,-0.785398
85,36,-1.570796
85,51,-0.785398
85,55,2.356194
85,83,-2.356194
85,90,3.141593
86,18,-0.785398
86,54,-2.356194
86,79,-2.356194
86,90,-2.356194
87,18,2.356194
88,18,-2.819842
88,26,2.356194
88,33,2.356194
88,77,0.785398
89,16,0.321751
89,25,-0.785398
89,50,-0.785398
89,78,-2.356194
89,87,0.785398
89,90,2.356194
90,16,-1.570796
90,51,0.000000
90,52,3.141593
90,90,3.141593
91,5,0.785398
91,50,-0.785398
91,59,0.000000
91,60,3.141593
91,70,0.000000
91,90,-2.356194
92,5,0.000000
92,21,1.570796
92,29,-0.785398
92,33,2.356194
92,44,2.356194
93,5,-0.785398
93,73,-2.356194
94,24,2.356194
94,38,2.356194
94,61,0.000000
94,69,0.785398
95,26,1.570796
95,37,-0.785398
95,64,3.141593
96,14,2.356194
96,22,-0.785398
96,33,2.356194
96,43,2.356194
96,53,0.000000
96,57,3.141593
97,17,-0.785398
97,59,0.000000
97,76,0.785398
97,89,-1.570796
98,12,-0.785398
98,24,-0.785398
98,28,-1.570796
98,31,-0.785398
98,38,-0.785398
98,41,-0.785398
98,63,3.141593
98,73,-2.356194
98,77,-2.356194
