8,54,0.785398
8,55,1.892547
9,42,1.249046
9,43,3.141593
10,24,1.249046
10,25,2.356194
10,38,0.785398
10,39,1.570796
10,40,2.356194
10,41,-0.785398
10,55,-0.785398
10,67,1.570796
12,11,1.249046
12,12,3.141593
12,24,-1.570796
12,79,1.570796
13,10,0.321751
13,64,1.249046
14,10,-0.785398
14,45,0.785398
14,66,-2.356194
15,47,2.356194
16,27,0.785398
16,44,0.321751
17,27,-0.321751
17,49,0.785398
17,50,2.356194
17,59,0.785398
17,66,2.356194
18,9,1.570796
18,44,-0.321751
18,46,-2.819842
18,49,-0.785398
18,57,0.785398
18,64,1.249046
18,66,3.141593
19,8,0.321751
19,9,-2.819842
19,30,-2.819842
19,63,0.321751
19,66,-2.356194
20,8,-0.785398
20,25,-0.785398
20,41,3.141593
20,46,0.000000
20,48,-0.785398
20,49,-1.570796
20,51,1.892547
20,63,-0.785398
20,82,2.356194
21,26,-0.785398
21,27,-1.892547
21,29,-2.356194
21,33,1.570796
21,45,1.570796
21,54,-1.570796
21,55,-2.356194
21,57,-0.785398
21,58,-2.356194
21,63,2.356194
21,69,1.249046
22,29,-1.570796
22,44,0.000000
22,45,-2.356194
23,24,0.000000
23,25,3.141593
23,46,0.785398
23,47,2.356194
23,50,3.141593
23,52,0.785398
23,63,-1.249046
23,64,3.141593
23,69,-1.249046
23,79,0.321751
24,32,-1.570796
24,34,1.570796
24,41,1.570796
24,44,-2.356194
24,46,-0.785398
24,52,0.000000
24,54,1.570796
24,55,2.356194
24,66,0.785398
24,67,1.892547
24,79,-1.570796
25,6,0.321751
25,8,3.141593
25,60,3.141593
25,76,1.892547
25,78,1.570796
26,6,-0.785398
26,34,-1.570796
26,54,-1.570796
26,55,3.141593
26,65,1.570796
26,68,-1.249046
26,69,3.141593
26,74,-0.785398
27,40,-1.570796
27,56,1.570796
27,65,0.785398
27,70,0.000000
27,71,1.892547
27,79,2.819842
28,17,0.785398
28,32,1.570796
28,45,-1.570796
28,56,0.000000
28,58,1.570796
28,59,2.356194
28,60,3.141593
28,65,0.000000
28,73,1.892547
29,12,0.000000
29,18,-2.356194
29,38,1.570796
29,49,1.570796
29,56,-0.785398
29,65,-1.570796
29,70,0.000000
29,73,-1.249046
29,75,2.356194
29,79,-2.819842
30,13,-1.570796
30,16,3.141593
30,21,2.356194
30,31,-0.785398
30,44,2.356194
30,52,1.570796
30,58,0.000000
30,62,0.785398
30,71,-2.356194
30,75,-1.570796
31,14,-2.356194
31,20,-0.785398
31,24,2.356194
31,34,2.356194
31,37,1.570796
31,43,-0.785398
31,49,2.356194
31,55,0.785398
31,66,2.356194
31,67,0.785398
31,76,-0.785398
32,36,0.321751
32,40,3.141593
32,46,1.249046
32,49,-2.819842
32,68,-2.356194
32,78,0.000000
32,79,1.892547
33,6,0.785398
33,8,1.249046
33,10,1.570796
33,11,3.141593
33,17,3.141593
33,32,1.570796
33,36,-1.570796
33,45,0.000000
33,54,0.321751
33,68,2.356194
33,73,2.356194
33,74,0.785398
33,75,1.892547
33,79,-1.249046
33,81,1.892547
34,14,1.249046
34,15,3.141593
34,31,0.000000
34,43,0.000000
34,54,-0.785398
34,60,0.000000
34,65,-1.570796
34,66,-2.356194
34,67,-0.785398
34,68,-2.356194
34,75,-1.249046
34,76,3.141593
35,5,0.321751
35,30,-0.785398
35,46,0.321751
35,47,-2.819842
35,51,-1.570796
35,54,2.356194
35,83,2.819842
36,11,1.249046
36,13,-1.892547
36,24,3.141593
36,33,1.570796
36,37,0.785398
36,46,-1.570796
36,53,0.321751
36,72,-1.249046
36,74,1.892547
36,80,1.892547
36,83,-2.356194
37,4,0.321751
37,15,0.000000
37,21,1.249046
37,22,3.141593
37,31,0.000000
37,32,-0.785398
37,33,-2.356194
37,45,-0.785398
37,53,-0.785398
37,55,0.000000
37,56,2.356194
37,59,-0.785398
37,62,0.321751
37,65,2.356194
37,74,-1.249046
37,80,-1.249046
37,81,-2.356194
37,82,0.000000
38,4,-1.570796
38,6,1.570796
38,12,-2.356194
38,19,1.249046
38,21,-1.892547
38,25,1.249046
38,26,2.356194
38,27,3.141593
38,34,1.570796
38,53,-1.570796
38,56,-2.356194
38,62,-0.785398
38,71,0.785398
38,72,1.892547
38,76,-1.249046
38,83,0.000000
38,84,2.356194
38,88,-0.785398
38,90,2.819842
39,7,3.141593
39,18,-0.785398
39,19,-1.892547
39,24,0.000000
39,25,-1.892547
39,30,2.356194
39,35,3.141593
39,55,1.570796
39,72,-1.249046
39,73,-2.356194
39,79,-2.356194
39,84,-1.570796
39,90,-1.570796
40,16,1.570796
40,28,0.000000
40,54,0.321751
40,55,-2.819842
40,57,0.000000
40,64,0.785398
40,76,0.785398
40,85,0.000000
40,86,1.892547
41,38,1.570796
41,42,1.570796
41,50,0.785398
41,54,-0.785398
41,61,0.000000
41,64,0.000000
41,66,1.570796
41,67,2.356194
41,71,0.785398
41,72,1.892547
41,77,-1.249046
41,78,3.141593
41,86,-1.249046
41,87,3.141593
42,7,2.356194
42,10,0.785398
42,11,2.356194
42,17,-2.356194
42,24,1.249046
42,25,2.356194
42,26,3.141593
42,31,3.141593
42,34,2.356194
42,37,-0.785398
42,42,-1.570796
42,45,1.570796
42,49,1.570796
42,51,-2.356194
42,72,-1.249046
42,73,-2.356194
42,91,2.356194
43,6,1.570796
43,10,-0.785398
43,15,1.570796
43,23,0.000000
43,24,-1.892547
43,48,0.321751
43,49,-2.819842
43,60,0.321751
43,76,3.141593
43,85,0.000000
43,86,1.892547
43,90,-0.785398
44,3,0.785398
44,6,-2.819842
44,10,0.785398
44,14,0.000000
44,15,-2.356194
44,29,0.785398
44,32,1.570796
44,39,2.356194
44,56,1.570796
44,71,3.141593
44,82,0.000000
44,83,1.892547
45,11,-2.356194
45,16,1.570796
45,27,3.141593
45,29,0.000000
45,31,-0.785398
45,32,-2.356194
45,44,2.356194
45,50,1.570796
45,53,2.356194
45,56,2.356194
45,59,0.321751
45,74,0.000000
45,83,-1.249046
45,89,1.892547
46,5,-2.356194
46,24,1.249046
46,25,3.141593
46,40,1.570796
46,43,0.321751
46,53,-2.819842
46,55,0.321751
46,56,-2.819842
46,59,-0.785398
46,67,-2.356194
46,77,3.141593
46,85,-1.249046
46,89,-1.249046
46,90,-2.356194
46,91,3.141593
47,15,-0.785398
47,16,-1.892547
47,23,0.000000
47,24,-1.892547
47,29,-2.819842
47,37,2.356194
47,43,-0.785398
47,72,3.141593
47,79,0.000000
48,10,0.000000
48,20,0.000000
48,27,0.000000
48,28,-1.892547
48,32,-0.785398
48,35,1.249046
48,37,-2.356194
48,54,0.321751
48,55,-2.819842
48,58,1.570796
48,61,-0.785398
48,63,0.000000
48,66,2.819842
48,83,-2.356194
49,4,1.570796
49,18,3.141593
49,41,2.819842
49,45,-2.819842
49,51,-1.570796
49,52,3.141593
49,57,0.000000
49,61,2.356194
49,66,-2.356194
50,3,0.000000
50,15,0.000000
50,22,0.000000
50,41,-2.356194
50,44,-1.570796
50,47,-1.570796
50,56,2.356194
50,60,0.321751
50,64,2.356194
50,68,0.785398
50,70,0.000000
50,71,3.141593
50,79,0.000000
50,81,3.141593
50,91,-2.356194
51,2,-0.785398
51,28,3.141593
51,32,0.000000
51,33,-1.892547
51,40,-0.785398
51,46,1.570796
51,52,0.321751
51,62,0.785398
51,69,-2.356194
51,74,0.000000
52,18,0.000000
52,19,3.141593
52,31,-0.785398
52,35,0.000000
52,36,-1.892547
52,42,-0.785398
52,45,0.321751
52,46,-2.819842
52,55,0.321751
52,56,-2.819842
52,59,0.321751
52,60,-2.819842
52,62,-0.785398
52,76,-2.356194
53,4,1.249046
53,5,2.356194
53,6,3.141593
53,15,0.000000
53,16,3.141593
53,23,1.249046
53,24,3.141593
53,52,-2.819842
53,55,-0.785398
53,78,0.000000
53,91,1.570796
54,21,1.249046
54,23,-1.892547
54,37,1.570796
54,44,0.000000
54,45,-2.356194
54,47,1.249046
54,51,-1.892547
54,59,-2.819842
54,62,2.356194
54,72,0.000000
54,73,3.141593
54,91,-1.570796
55,2,0.321751
55,20,-0.785398
55,21,-1.892547
55,26,2.356194
55,35,1.249046
55,37,-2.356194
55,40,2.356194
55,43,1.570796
55,61,0.321751
55,67,2.819842
55,75,0.000000
55,83,3.141593
56,2,-0.785398
56,5,1.570796
56,17,-0.785398
56,23,1.249046
56,24,2.356194
56,29,1.249046
56,30,3.141593
56,38,0.785398
56,42,0.000000
56,43,-2.356194
56,46,-1.570796
56,70,0.000000
56,89,0.000000
56,90,3.141593
57,2,-1.570796
57,22,-0.785398
57,23,-1.892547
57,28,0.000000
57,29,-1.892547
57,38,-1.570796
57,49,-1.570796
57,53,-1.892547
57,56,0.321751
57,61,0.000000
57,73,3.141593
57,86,0.000000
58,4,1.570796
58,17,0.785398
58,18,1.570796
58,19,2.356194
58,26,1.249046
58,27,3.141593
58,31,1.249046
58,33,-1.892547
58,36,1.249046
58,37,3.141593
58,40,-0.785398
58,51,-0.785398
58,56,-0.785398
59,3,0.321751
59,4,-2.819842
59,7,1.570796
59,15,-0.785398
59,25,0.000000
59,26,-1.892547
59,30,0.000000
59,31,-1.892547
59,40,-1.570796
59,43,1.570796
59,46,1.570796
59,51,2.356194
59,59,0.785398
60,3,-1.570796
60,10,1.570796
60,19,0.000000
60,24,1.570796
60,28,1.249046
60,29,3.141593
60,34,0.321751
60,43,-2.819842
60,48,1.570796
60,49,2.356194
60,50,-0.785398
60,59,-1.570796
60,67,2.356194
60,74,3.141593
60,86,-2.356194
61,6,1.570796
61,16,1.570796
61,27,0.321751
61,54,0.321751
61,56,-2.356194
61,57,0.785398
61,58,2.356194
61,61,-0.321751
61,77,0.000000
61,78,3.141593
61,90,-1.570796
62,2,-1.570796
62,8,1.249046
62,9,3.141593
62,16,0.785398
62,30,2.356194
62,32,0.785398
62,35,-2.356194
62,37,0.785398
62,38,1.570796
62,39,2.356194
62,40,-0.785398
62,41,-1.892547
62,58,-2.356194
62,64,-2.356194
63,17,-2.356194
63,18,-0.785398
63,19,-1.892547
63,22,-2.356194
63,26,0.000000
63,49,-2.356194
63,50,0.785398
63,51,1.892547
63,54,-2.819842
63,66,-1.249046
63,67,-2.356194
63,68,3.141593
63,70,1.570796
63,74,0.000000
63,76,3.141593
63,86,1.570796
63,87,2.356194
64,3,0.321751
64,7,-1.570796
64,24,1.249046
64,25,3.141593
64,32,0.000000
64,33,-1.570796
64,34,3.141593
64,37,0.000000
64,46,0.321751
64,56,1.249046
64,60,2.356194
64,61,-0.785398
64,62,-2.356194
64,70,-1.570796
64,78,0.000000
64,79,3.141593
64,84,-0.785398
64,89,2.356194
65,3,-1.570796
65,21,-0.785398
65,28,0.785398
65,30,1.249046
65,31,3.141593
65,36,3.141593
65,40,1.249046
65,42,-1.892547
65,46,-1.570796
65,54,0.000000
65,67,3.141593
65,85,-0.785398
66,8,1.570796
66,11,0.785398
66,15,1.249046
66,16,2.356194
66,18,1.249046
66,19,3.141593
66,28,-0.785398
66,44,1.249046
66,45,3.141593
66,50,0.000000
66,51,-2.356194
66,76,0.000000
66,77,3.141593
67,2,-1.570796
67,4,0.321751
67,8,-2.819842
67,10,-0.785398
67,12,0.785398
67,13,2.356194
67,14,-0.785398
67,15,-1.892547
67,27,2.356194
67,30,-1.249046
67,31,-2.356194
67,35,-2.356194
67,43,0.321751
67,48,1.249046
67,49,3.141593
67,58,2.356194
67,72,0.000000
67,88,3.141593
68,22,-0.785398
68,63,1.249046
68,64,2.356194
68,65,0.785398
68,66,1.892547
68,74,-2.356194
69,11,0.000000
69,12,-2.356194
69,20,3.141593
69,34,0.000000
69,42,-0.785398
69,47,-1.892547
69,61,0.000000
69,62,-0.785398
69,63,-1.892547
69,66,-1.249046
69,67,-2.356194
69,70,3.141593
69,77,0.000000
69,78,3.141593
70,2,0.321751
70,8,0.000000
70,9,1.570796
70,10,3.141593
70,16,0.785398
70,39,2.356194
70,91,-2.356194
71,2,-0.785398
71,20,0.000000
71,21,1.570796
71,23,-1.892547
71,28,1.249046
71,30,2.356194
71,43,0.321751
71,46,1.570796
71,59,2.356194
71,62,0.000000
71,68,3.141593
72,2,-1.570796
72,4,0.321751
72,5,-2.819842
72,8,1.570796
72,12,0.785398
72,15,2.356194
72,27,0.000000
72,35,0.000000
72,36,-1.892547
72,43,-0.785398
72,46,-0.321751
72,49,1.570796
72,50,3.141593
72,84,0.785398
72,90,1.570796
73,7,0.000000
73,13,0.785398
73,14,3.141593
73,25,2.356194
73,33,1.249046
73,34,3.141593
73,55,-1.892547
73,60,0.000000
73,65,3.141593
73,90,-1.570796
74,4,-2.819842
74,19,0.785398
74,24,-0.785398
74,41,2.356194
74,42,-0.785398
74,87,-2.356194
75,2,0.321751
75,12,0.321751
75,13,-2.819842
75,19,-0.785398
75,20,3.141593
75,26,0.000000
75,28,-0.785398
75,29,-1.892547
75,36,1.249046
75,37,2.356194
75,39,-0.785398
75,40,-1.892547
75,54,0.000000
75,59,3.141593
76,2,-0.785398
76,5,1.570796
77,2,-1.570796
77,4,0.321751
77,5,-2.819842
77,7,1.570796
77,11,0.000000
77,14,-0.785398
77,36,-2.356194
77,43,0.000000
77,44,-1.570796
77,45,-2.356194
77,47,-2.356194
78,19,-2.356194
78,29,1.249046
78,30,3.141593
78,40,0.000000
78,67,0.000000
78,68,3.141593
78,88,0.785398
79,3,0.321751
79,4,-2.819842
79,10,-1.570796
79,13,1.570796
79,27,1.249046
79,29,-1.892547
80,3,-1.570796
80,18,2.356194
80,26,0.321751
80,43,3.141593
80,63,0.000000
80,65,3.141593
81,8,1.570796
81,12,3.141593
81,17,3.141593
81,21,1.570796
81,26,-1.570796
81,31,-1.570796
81,35,-2.819842
81,82,0.785398
81,87,0.785398
81,91,-2.356194
82,11,-0.785398
82,16,-0.785398
82,25,3.141593
82,28,0.000000
83,24,-1.570796
83,42,3.141593
83,47,2.356194
83,61,0.000000
83,62,3.141593
84,7,0.000000
84,15,3.141593
84,23,3.141593
84,31,0.000000
84,32,-1.892547
84,35,1.570796
84,40,-0.785398
84,46,-0.785398
85,6,-2.356194
85,8,0.785398
85,9,3.141593
85,14,-1.570796
85,18,-1.570796
85,22,-1.570796
85,26,2.356194
85,30,-0.785398
85,34,0.000000
85,60,0.000000
85,91,-2.356194
86,2,0.321751
86,8,-0.785398
86,25,3.141593
86,65,3.141593
86,78,0.785398
87,12,1.570796
87,19,0.000000
87,28,2.356194
87,32,-0.785398
87,88,0.000000
88,2,0.000000
88,8,-1.570796
88,11,0.321751
88,12,-2.819842
88,15,1.570796
88,23,0.000000
88,27,1.570796
88,35,3.141593
88,63,0.785398
88,81,3.141593
88,89,-1.570796
89,2,-0.785398
89,11,-1.570796
89,22,-0.785398
89,26,0.000000
89,33,-0.785398
89,65,3.141593
89,86,0.785398
89,90,-2.356194
90,10,1.570796
90,14,1.570796
90,25,1.570796
90,29,2.356194
90,68,0.000000
91,2,0.785398
91,6,1.249046
91,7,2.356194
91,9,0.000000
91,13,0.321751
91,14,-2.819842
91,21,2.356194
91,24,0.321751
91,25,-2.819842
91,52,0.000000
91,53,3.141593
91,70,-2.356194
91,79,0.785398
92,2,-0.321751
92,8,-0.785398
92,13,-1.570796
92,16,1.570796
92,24,-1.570796
92,27,-0.785398
92,40,1.570796
93,12,1.570796
93,16,-1.570796
93,33,2.356194
93,81,-2.356194
93,89,-1.570796
94,3,0.000000
94,9,-1.570796
94,11,0.321751
94,12,-2.819842
94,19,2.356194
95,3,-0.785398
95,11,-0.785398
95,18,0.321751
95,19,-2.819842
95,22,-1.570796
95,38,-0.785398
95,83,0.785398
95,87,0.785398
96,14,1.570796
96,18,-0.785398
96,58,0.000000
96,59,3.141593
97,7,3.141593
97,18,-1.570796
97,77,1.570796
97,88,-1.570796
98,9,0.000000
98,14,-1.570796
98,30,-1.570796
98,65,0.000000
98,66,3.141593
98,77,-1.570796
98,85,-1.570796
