9,47,1.249046
9,48,2.356194
9,64,0.785398
9,65,1.892547
10,32,1.249046
10,33,2.356194
10,46,-0.785398
10,69,0.785398
10,70,1.892547
13,81,3.141593
14,15,2.356194
14,28,-0.785398
15,14,-0.785398
15,48,2.356194
15,66,0.321751
16,46,1.249046
16,59,0.321751
17,36,1.249046
17,50,1.892547
17,53,1.249046
17,54,2.356194
17,66,3.141593
18,14,2.356194
18,34,1.249046
18,43,-0.785398
18,48,-1.892547
18,57,1.249046
18,59,3.141593
19,59,-1.570796
20,57,-2.356194
20,61,2.356194
21,11,0.321751
22,11,-0.785398
22,31,1.892547
22,42,1.249046
22,56,0.000000
22,57,-1.570796
22,65,-2.356194
22,66,0.785398
22,67,1.570796
22,68,2.356194
23,48,-1.570796
23,53,-0.785398
23,54,-1.570796
23,55,-2.356194
23,59,-1.570796
23,61,1.249046
23,63,-1.892547
23,71,-2.356194
24,49,0.785398
24,51,-1.892547
25,28,0.321751
25,49,-1.570796
25,60,-0.785398
26,47,0.785398
26,48,2.356194
27,24,1.249046
27,25,2.356194
27,58,2.356194
27,59,-0.785398
27,64,1.249046
27,68,-2.356194
27,71,2.356194
28,30,-0.785398
28,35,-1.892547
28,50,1.570796
28,52,1.892547
28,71,3.141593
29,9,0.785398
29,22,0.321751
29,46,2.356194
29,54,0.785398
29,55,1.570796
29,57,3.141593
29,61,-0.785398
29,82,1.570796
30,9,-0.785398
30,10,3.141593
30,22,-0.785398
30,32,-1.570796
30,40,-1.570796
30,45,-1.892547
30,48,-2.356194
30,64,-0.785398
30,74,1.570796
30,82,3.141593
31,26,0.000000
31,27,1.892547
31,31,0.000000
31,36,1.249046
31,37,3.141593
31,41,0.785398
31,43,-1.892547
31,57,-2.819842
31,68,-0.785398
31,78,-1.892547
32,23,-0.785398
32,29,3.141593
32,35,0.000000
32,36,-1.892547
32,41,-1.570796
32,52,-2.356194
32,56,-0.785398
32,72,-1.570796
32,80,-0.321751
32,88,1.892547
33,8,0.785398
33,34,3.141593
33,40,3.141593
33,47,1.249046
33,53,0.785398
33,54,2.356194
33,56,2.356194
33,63,-1.570796
33,69,-1.892547
34,8,-0.785398
34,9,3.141593
34,22,1.570796
34,28,2.356194
34,50,-2.356194
34,53,-0.785398
34,56,-2.819842
34,75,-2.356194
35,21,0.000000
35,22,-2.356194
35,25,0.785398
35,26,1.570796
35,37,1.249046
35,39,-2.356194
35,50,0.785398
35,55,-0.785398
35,66,-0.785398
35,68,-2.356194
35,74,-0.785398
35,80,0.000000
35,81,-1.570796
35,91,-2.819842
36,23,0.785398
36,24,3.141593
36,31,-1.892547
36,36,0.000000
36,37,-1.892547
36,44,0.000000
36,45,-1.570796
36,47,3.141593
36,50,0.000000
36,53,2.356194
36,71,1.570796
36,77,0.000000
37,18,0.785398
37,19,3.141593
37,23,-0.785398
37,26,2.356194
37,39,0.321751
37,42,2.356194
37,47,-2.356194
37,50,-0.785398
37,53,-2.819842
37,71,-1.570796
37,86,-1.249046
38,47,0.785398
38,56,0.000000
38,59,2.819842
38,65,1.570796
38,90,3.141593
39,18,-0.785398
39,19,3.141593
39,21,1.249046
39,25,-1.892547
39,27,0.785398
39,28,3.141593
39,33,0.785398
39,42,3.141593
39,47,0.000000
39,81,0.000000
39,82,-1.892547
39,84,1.570796
39,88,-1.570796
39,90,-2.356194
40,27,-0.785398
40,32,1.570796
40,37,1.249046
40,43,0.000000
40,47,-0.785398
40,57,-0.321751
40,59,-2.819842
40,61,0.000000
40,62,3.141593
40,73,0.785398
40,75,2.356194
40,85,-2.356194
40,86,0.785398
41,18,3.141593
41,24,3.141593
41,31,0.000000
41,35,0.785398
41,41,2.819842
41,44,-2.356194
41,53,-1.570796
41,74,0.000000
42,16,-1.570796
42,22,-1.570796
42,25,0.785398
42,26,3.141593
42,30,1.570796
42,35,-1.570796
42,41,-2.356194
42,62,1.570796
42,77,-1.570796
42,90,2.819842
43,21,-2.356194
43,25,-1.570796
43,29,0.321751
43,30,-2.819842
43,38,-0.785398
43,53,1.570796
43,72,0.000000
44,29,-1.570796
44,33,1.570796
44,48,-2.356194
44,55,0.785398
45,13,1.249046
45,14,3.141593
45,18,0.321751
45,19,-2.819842
45,33,-2.819842
45,41,0.785398
45,45,2.356194
45,54,0.000000
46,18,-1.570796
46,31,0.321751
46,38,0.785398
46,45,3.141593
46,56,-0.321751
46,57,2.819842
46,60,1.570796
46,63,0.785398
46,65,0.000000
47,38,0.000000
47,45,-2.356194
47,49,1.570796
47,51,0.785398
47,60,-0.321751
47,61,2.819842
47,63,-0.321751
47,69,0.785398
47,74,1.570796
47,87,0.321751
47,90,3.141593
48,16,1.570796
48,30,0.321751
48,31,-2.819842
48,42,-0.785398
48,49,0.785398
48,52,2.819842
48,57,-0.321751
48,58,2.819842
48,64,-2.356194
48,70,1.570796
48,87,-0.785398
49,7,0.785398
49,14,2.356194
49,16,3.141593
49,34,1.249046
49,35,2.356194
49,38,3.141593
49,49,-0.321751
49,55,0.785398
49,63,2.356194
49,70,-0.321751
49,87,0.785398
49,90,-0.321751
49,91,2.819842
50,7,-0.321751
50,16,-2.356194
50,29,0.321751
50,30,-2.819842
50,50,-2.356194
50,52,-0.321751
50,53,2.819842
50,55,-0.321751
50,67,-1.570796
50,71,-1.249046
50,72,3.141593
50,77,0.000000
50,78,1.892547
50,91,-2.356194
51,12,0.321751
51,14,3.141593
51,24,1.570796
51,29,-1.570796
51,32,0.321751
51,37,0.321751
51,39,2.819842
51,50,0.785398
51,53,-1.570796
51,60,2.819842
51,63,-0.321751
51,78,-1.249046
51,79,-2.356194
51,80,3.141593
51,84,0.000000
52,8,0.785398
52,18,1.570796
52,19,3.141593
52,23,0.321751
52,24,-2.819842
52,28,1.570796
52,47,0.785398
52,50,-0.321751
52,51,2.819842
52,57,-2.356194
52,74,-2.356194
53,10,1.570796
53,23,-1.570796
53,28,-2.819842
53,31,0.321751
53,32,-2.819842
53,37,-0.785398
53,47,-0.321751
53,48,2.819842
53,54,0.785398
54,7,0.321751
54,15,-2.819842
54,26,0.321751
54,31,-1.570796
54,41,2.819842
54,51,-0.321751
54,55,2.819842
54,58,0.000000
54,63,1.892547
54,66,-1.249046
54,67,3.141593
54,71,0.000000
54,72,0.785398
54,73,1.892547
54,87,0.000000
55,7,-0.785398
55,10,-0.321751
55,26,-1.570796
55,30,1.570796
55,34,1.249046
55,37,2.819842
55,41,-1.570796
55,45,1.570796
55,48,-0.321751
55,49,2.819842
55,73,-1.249046
55,74,3.141593
55,87,-0.785398
55,89,0.000000
55,90,2.356194
56,29,0.321751
56,30,-2.819842
56,37,-2.356194
56,42,1.570796
56,45,-0.321751
56,46,2.819842
56,49,-1.570796
56,60,-1.570796
56,82,3.141593
56,90,-1.570796
57,32,0.321751
57,37,0.785398
57,42,-0.321751
57,43,2.819842
57,53,-0.321751
57,57,3.141593
57,65,-1.249046
57,66,3.141593
57,71,-2.356194
57,87,2.356194
57,91,-2.356194
58,28,0.321751
58,29,-2.819842
58,37,0.000000
58,46,-0.321751
58,50,-1.570796
58,58,1.570796
58,62,1.570796
58,67,0.000000
58,68,1.892547
58,83,1.249046
58,84,2.356194
59,31,0.321751
59,32,-2.819842
59,48,2.819842
59,55,-2.356194
59,58,-0.321751
59,64,1.892547
59,68,-1.249046
59,69,-2.356194
59,70,0.785398
59,71,1.892547
59,77,0.000000
59,82,-0.785398
59,83,-1.892547
60,27,0.321751
60,28,-2.819842
60,37,-0.785398
60,41,1.249046
60,42,3.141593
60,45,2.819842
60,48,-1.570796
60,64,-1.249046
60,65,3.141593
60,71,-1.249046
60,72,3.141593
60,87,-1.570796
60,89,0.000000
61,22,2.356194
61,24,1.570796
61,30,0.321751
61,31,-2.819842
61,41,-1.892547
61,56,1.570796
61,60,-1.249046
61,74,0.785398
61,75,1.892547
61,85,0.785398
61,86,2.356194
62,21,0.321751
62,22,-2.819842
62,26,0.321751
62,27,-2.819842
62,39,-0.785398
62,45,-0.321751
62,50,1.570796
62,56,-0.321751
62,62,-1.570796
62,68,0.000000
62,69,1.892547
62,75,-1.249046
62,76,-2.356194
62,90,-0.321751
62,91,2.819842
63,24,2.356194
63,26,-0.785398
63,29,0.321751
63,30,-2.819842
63,50,-0.785398
63,52,1.892547
63,69,-1.249046
63,70,-2.356194
63,86,0.000000
63,91,-2.356194
64,17,0.785398
64,20,0.321751
64,21,-2.819842
64,23,0.321751
64,26,2.356194
64,41,1.249046
64,43,1.892547
64,47,-1.249046
64,49,2.356194
64,58,-1.249046
64,60,1.892547
64,86,-0.785398
64,88,0.000000
64,91,-1.570796
65,17,0.000000
65,23,-0.785398
65,29,-2.819842
65,37,2.356194
65,38,-0.785398
65,39,-1.570796
65,53,-1.249046
65,54,3.141593
66,17,-1.570796
66,20,-2.819842
66,23,0.785398
66,31,2.356194
66,36,-0.785398
66,49,-0.321751
66,55,0.000000
66,56,1.892547
66,61,-1.249046
66,63,1.892547
66,70,3.141593
66,89,-0.321751
66,90,2.819842
67,19,-0.785398
67,23,-0.785398
67,24,-2.356194
67,33,2.356194
67,36,-1.570796
67,45,0.000000
67,50,-1.249046
67,51,3.141593
67,56,-1.249046
67,57,3.141593
67,63,-1.249046
67,64,-2.356194
67,83,0.000000
68,6,0.785398
68,10,1.249046
68,11,3.141593
68,32,0.321751
68,33,-2.819842
68,45,-0.785398
68,47,0.000000
68,48,1.892547
68,52,0.000000
68,53,1.892547
68,66,0.000000
68,67,1.892547
68,74,0.000000
68,90,-0.321751
68,91,2.819842
69,6,0.000000
69,9,-0.785398
69,10,-1.892547
69,32,-0.785398
69,45,2.356194
69,53,-1.249046
69,54,3.141593
69,60,0.000000
69,61,1.892547
69,67,-1.249046
69,68,-2.356194
69,69,0.785398
69,70,1.892547
69,88,2.819842
69,91,-2.356194
70,6,-0.785398
70,32,-1.570796
70,45,3.141593
70,55,1.570796
70,61,-1.249046
70,70,-1.249046
70,71,-2.356194
70,82,0.785398
70,88,-2.356194
71,29,-1.570796
71,36,3.141593
71,40,0.000000
71,41,-1.570796
71,56,3.141593
71,63,-1.570796
71,91,-1.570796
72,14,2.356194
72,31,1.570796
72,47,1.892547
72,51,-1.249046
72,52,3.141593
72,86,2.819842
73,13,0.321751
73,14,-2.819842
73,28,1.570796
73,35,3.141593
73,60,0.785398
73,61,1.892547
73,79,0.000000
73,83,2.819842
73,86,-2.356194
74,13,-0.785398
74,35,-2.356194
74,49,2.819842
74,54,0.000000
74,55,1.892547
74,61,-1.249046
74,62,-2.356194
74,73,0.000000
74,79,2.356194
74,83,-2.356194
74,86,0.785398
75,13,2.356194
75,30,-1.570796
75,35,-1.570796
75,74,-1.570796
75,78,-0.785398
75,79,-2.356194
75,86,-0.321751
75,87,2.819842
75,89,0.785398
76,13,-2.819842
76,67,0.000000
76,87,-2.356194
76,89,-0.321751
76,90,2.819842
77,68,-1.570796
77,74,-0.785398
77,75,-2.356194
77,90,-2.356194
78,34,1.570796
78,47,0.321751
78,51,-1.570796
78,59,-2.819842
78,69,0.785398
78,70,2.356194
78,71,0.785398
78,72,2.356194
79,47,-0.785398
79,53,2.356194
79,55,0.785398
79,69,-1.570796
79,72,-1.570796
80,6,0.785398
80,24,2.819842
80,34,-1.570796
80,37,-1.570796
80,76,2.356194
81,6,-0.321751
81,21,0.321751
81,24,-2.356194
81,50,0.321751
81,74,0.000000
81,76,-2.819842
81,78,1.570796
82,14,2.356194
82,21,-0.785398
82,34,2.356194
82,50,-0.785398
83,14,-2.819842
84,36,1.570796
84,56,0.785398
84,71,2.356194
85,7,0.785398
85,9,1.249046
85,11,-1.570796
85,47,0.785398
85,56,-0.321751
85,57,2.819842
85,70,1.570796
85,74,2.356194
85,77,0.321751
85,80,2.356194
86,7,-0.321751
86,17,2.356194
86,47,-0.321751
86,48,2.819842
86,57,-1.570796
86,69,0.000000
86,73,0.321751
86,74,-2.819842
86,77,-0.785398
86,80,-2.356194
87,16,0.321751
87,17,-2.819842
87,24,2.356194
87,48,-1.570796
87,65,1.249046
87,66,2.356194
88,16,-0.785398
88,23,0.321751
88,24,-2.819842
88,53,1.570796
88,64,-0.785398
88,65,-1.892547
88,73,-2.819842
89,23,-0.785398
89,54,3.141593
89,68,2.356194
89,76,2.356194
89,79,0.785398
90,33,0.785398
90,66,1.249046
90,67,3.141593
90,75,0.000000
90,79,0.000000
90,81,0.785398
90,82,2.356194
91,33,-0.321751
91,34,2.819842
91,45,0.785398
91,50,0.000000
91,56,0.000000
91,57,1.892547
91,69,0.321751
91,79,-1.570796
91,82,-2.356194
92,34,-2.356194
92,45,0.000000
92,51,-1.570796
92,57,-1.249046
92,58,-2.356194
92,64,-0.785398
92,65,-1.892547
92,69,-1.570796
92,74,2.356194
92,82,2.356194
93,45,-0.785398
93,47,0.000000
93,68,1.570796
93,73,0.000000
93,81,0.321751
93,82,-2.819842
94,16,2.356194
94,66,1.249046
94,68,3.141593
94,77,1.570796
94,81,-0.785398
95,15,0.000000
95,38,2.356194
95,48,-0.321751
95,65,0.000000
95,66,-1.892547
95,76,0.321751
95,77,-2.819842
95,85,2.356194
96,35,0.785398
96,37,0.000000
96,38,-2.356194
96,46,-1.570796
96,50,2.819842
96,58,0.785398
96,59,1.892547
96,63,1.249046
96,64,3.141593
96,68,0.000000
96,84,0.321751
96,85,-2.819842
96,91,1.570796
97,23,-1.570796
97,31,2.356194
97,36,-2.356194
97,50,-1.570796
97,59,-1.249046
97,60,-2.356194
97,62,-0.785398
97,63,-1.892547
97,68,-1.570796
97,75,0.000000
97,84,-0.785398
97,88,-1.570796
98,20,-1.570796
98,30,-0.785398
98,39,-1.570796
98,43,-1.570796
98,46,0.000000
98,47,3.141593
98,51,-2.356194
98,67,-0.785398
98,74,-0.785398
98,80,-1.570796
98,84,-1.570796
98,91,-1.570796
