13,33,0.785398
13,34,1.570796
13,35,2.356194
13,41,0.785398
13,42,1.570796
13,43,2.356194
15,58,2.356194
16,67,2.356194
19,14,2.356194
19,74,2.356194
21,34,2.356194
22,34,3.141593
24,37,1.892547
24,47,1.249046
25,8,0.321751
25,19,1.570796
25,21,1.249046
25,23,1.892547
25,49,-2.356194
26,8,-0.785398
26,25,2.356194
26,42,2.356194
26,45,0.321751
27,31,-2.819842
28,8,2.356194
28,27,-2.356194
28,28,-0.785398
28,45,3.141593
29,17,-0.785398
29,19,-1.249046
29,30,-2.356194
29,41,-0.785398
29,53,0.321751
30,6,0.321751
30,25,-2.356194
30,53,-0.785398
31,6,-1.570796
31,25,2.356194
31,45,-1.249046
31,46,-2.356194
31,49,2.356194
32,17,0.785398
32,22,1.249046
32,32,2.356194
32,38,-0.785398
32,39,-1.570796
32,40,-2.356194
32,41,-0.785398
32,51,1.249046
33,12,1.570796
33,17,0.000000
33,19,1.570796
33,27,1.570796
33,36,3.141593
33,49,-1.249046
33,53,2.356194
33,58,1.249046
34,12,0.000000
34,33,0.321751
34,51,-1.249046
34,53,-2.356194
34,57,0.321751
35,12,-0.785398
35,15,2.356194
35,16,-0.785398
35,27,0.000000
35,33,-0.785398
35,60,-2.819842
36,24,0.785398
36,25,2.356194
36,35,3.141593
37,5,0.785398
37,12,0.000000
37,13,-1.892547
37,17,1.249046
37,19,-1.892547
37,24,-1.570796
37,27,3.141593
37,35,-2.356194
37,59,-2.356194
37,78,2.819842
38,5,-0.321751
38,8,1.570796
38,10,1.570796
38,11,3.141593
38,15,1.249046
38,21,1.249046
38,23,2.356194
38,78,-2.356194
39,14,0.000000
39,15,-1.892547
39,39,1.570796
39,42,1.570796
39,48,1.570796
39,53,-0.785398
39,55,-2.356194
39,58,0.321751
40,6,-0.321751
40,11,0.785398
40,12,2.356194
40,25,3.141593
40,28,2.819842
40,35,-1.570796
40,39,-1.570796
40,58,-0.785398
40,62,0.785398
40,63,1.892547
41,11,-1.570796
41,15,1.249046
41,28,-2.356194
41,32,0.785398
41,55,-1.570796
41,60,-0.785398
41,65,1.892547
42,6,0.321751
42,18,1.570796
42,25,-2.356194
42,28,0.785398
42,32,-0.321751
42,33,2.819842
42,36,0.785398
42,79,3.141593
43,12,1.249046
43,14,-1.892547
43,18,-0.785398
43,19,-2.356194
43,21,-2.356194
43,28,-0.321751
43,29,2.819842
43,33,-2.356194
43,37,-2.356194
43,41,1.570796
43,68,0.785398
43,69,1.570796
43,71,-1.892547
44,6,0.000000
44,29,-1.570796
44,41,-1.570796
44,60,0.785398
44,66,-1.892547
45,15,1.570796
45,16,3.141593
45,20,0.321751
45,22,2.819842
45,33,-1.570796
45,56,0.785398
45,61,0.000000
45,69,-2.819842
46,4,1.570796
46,8,-0.785398
46,22,-2.356194
46,30,-1.570796
46,39,1.570796
46,46,-2.356194
46,56,-0.321751
46,57,2.819842
47,2,-0.785398
47,15,0.000000
47,17,1.249046
47,27,0.785398
47,53,-1.570796
47,57,-2.356194
47,61,0.321751
47,62,-2.819842
48,9,0.000000
48,10,-1.892547
48,28,-2.356194
48,40,-2.356194
48,57,-1.570796
48,61,-1.570796
48,71,0.321751
49,60,1.570796
50,3,-0.785398
50,4,-1.892547
50,7,-1.570796
50,11,0.000000
50,12,-1.892547
50,18,-2.356194
50,25,0.785398
50,48,0.785398
50,51,-1.570796
50,60,-2.819842
50,63,0.321751
50,71,3.141593
51,6,-0.785398
51,9,1.249046
51,10,3.141593
51,22,-1.570796
52,8,0.000000
52,9,-1.892547
52,18,2.356194
52,26,0.785398
52,46,0.785398
52,50,-2.356194
52,53,0.000000
52,57,-0.785398
52,58,-1.892547
52,62,0.000000
52,63,-2.356194
52,66,1.249046
53,7,1.570796
53,18,3.141593
53,24,0.785398
53,26,-0.785398
53,27,3.141593
53,39,1.570796
53,43,0.785398
53,47,-2.356194
53,60,1.249046
53,61,3.141593
53,64,0.785398
53,66,-1.892547
54,3,2.356194
54,6,0.000000
54,11,3.141593
54,18,-1.570796
54,22,0.785398
54,39,0.785398
54,44,1.570796
54,51,0.000000
54,58,1.249046
54,60,-1.892547
55,10,-1.570796
55,14,1.249046
55,16,3.141593
55,29,1.570796
55,40,3.141593
55,44,-0.321751
55,57,-0.785398
55,58,-1.892547
55,63,0.000000
56,2,0.785398
56,8,1.249046
56,9,3.141593
56,16,-2.356194
56,20,1.570796
56,23,-1.570796
56,41,1.570796
56,45,-1.249046
56,46,3.141593
56,61,1.249046
56,62,3.141593
56,68,2.356194
57,3,-2.356194
57,7,0.000000
57,8,-1.892547
57,20,-0.321751
57,28,3.141593
57,30,-1.249046
57,31,3.141593
57,36,0.000000
57,37,3.141593
57,41,-0.321751
57,48,0.785398
57,49,1.892547
57,60,0.000000
57,61,-1.892547
57,66,1.249046
57,68,-2.356194
57,82,2.356194
58,15,0.321751
58,21,-1.249046
58,22,3.141593
58,27,-0.785398
58,42,-1.249046
58,43,3.141593
58,49,-1.249046
58,50,-2.356194
58,52,3.141593
58,58,1.249046
58,59,3.141593
58,65,-0.785398
58,66,-1.892547
58,69,0.000000
58,82,3.141593
59,5,1.570796
59,18,3.141593
59,28,1.570796
59,56,1.249046
59,58,-1.892547
59,82,-2.356194
60,4,0.321751
60,5,-2.819842
60,23,-1.570796
60,28,-0.321751
60,33,-1.570796
60,47,1.570796
60,54,1.249046
60,56,-1.892547
60,60,1.249046
60,61,3.141593
61,4,-0.785398
61,8,0.321751
61,13,-1.570796
61,16,-2.356194
61,48,-2.356194
61,53,-0.785398
61,54,-1.892547
61,58,1.249046
61,60,-1.892547
61,64,1.249046
61,65,2.356194
61,68,2.356194
61,82,2.356194
62,4,-1.570796
62,8,-1.570796
62,22,3.141593
62,41,0.000000
62,42,0.785398
62,43,1.892547
62,56,1.249046
62,58,-1.892547
62,63,0.000000
62,64,-1.892547
63,43,-1.249046
63,44,-2.356194
63,55,-0.785398
63,56,-1.892547
63,61,1.249046
63,62,3.141593
63,66,0.000000
63,71,1.892547
63,73,0.785398
63,74,1.892547
64,18,1.570796
64,19,2.356194
64,28,0.785398
64,32,-1.249046
64,34,1.892547
64,38,0.000000
64,40,0.785398
64,41,1.892547
64,59,1.249046
64,61,-1.892547
65,6,-1.570796
65,10,1.570796
65,14,0.321751
65,20,0.000000
65,21,1.892547
65,25,1.570796
65,29,1.570796
65,57,1.249046
65,59,-1.892547
66,9,0.321751
66,10,-2.819842
66,14,-1.570796
66,25,-1.570796
66,29,-0.321751
66,35,-1.249046
66,36,3.141593
66,42,-1.249046
66,43,-2.356194
66,44,0.785398
66,45,1.892547
66,56,0.000000
66,57,-1.892547
66,62,1.249046
66,63,3.141593
67,22,-1.249046
67,23,3.141593
67,30,-1.249046
67,31,3.141593
67,45,-1.249046
67,46,-2.356194
67,61,0.000000
67,62,-1.892547
67,67,0.785398
67,74,-1.249046
68,8,0.321751
68,9,-2.819842
68,18,2.356194
68,39,0.000000
68,40,1.892547
68,67,0.000000
68,69,-1.570796
68,71,1.892547
69,4,2.356194
69,8,-1.570796
69,16,1.249046
69,40,-1.249046
69,41,-2.356194
69,72,2.819842
70,3,1.570796
70,21,0.785398
70,22,1.892547
70,28,0.000000
70,29,1.892547
70,63,0.785398
70,64,1.570796
71,2,0.321751
71,3,-2.819842
71,14,0.321751
71,22,-1.249046
71,24,1.892547
71,29,-1.249046
71,31,1.892547
71,37,-2.356194
71,68,0.000000
71,69,1.892547
71,73,3.141593
72,2,-0.785398
72,18,-2.356194
72,24,-1.249046
72,26,1.892547
72,31,-1.249046
72,33,1.892547
72,58,1.249046
72,59,2.356194
72,66,3.141593
72,74,0.000000
73,13,0.321751
73,14,-2.819842
73,33,-1.249046
73,34,3.141593
73,43,0.000000
73,44,0.785398
73,45,1.892547
73,56,1.249046
73,58,-1.892547
73,71,2.819842
74,2,-1.570796
74,13,-0.785398
74,17,0.000000
74,20,2.356194
74,27,-1.249046
74,28,-2.356194
74,29,3.141593
74,45,-1.249046
74,46,-2.356194
74,63,0.785398
74,64,1.570796
74,66,-1.570796
74,67,3.141593
74,75,-0.321751
75,23,0.000000
75,24,1.892547
75,37,-2.356194
75,42,0.000000
75,43,3.141593
75,60,1.249046
75,61,2.356194
75,71,-0.321751
75,77,2.819842
76,24,-1.249046
76,26,1.892547
76,31,0.000000
76,32,3.141593
76,58,2.356194
76,59,-0.785398
76,60,-1.892547
76,73,2.819842
76,86,2.819842
77,19,0.785398
77,27,3.141593
77,41,0.000000
77,55,0.000000
77,73,-2.356194
77,77,-0.321751
77,78,2.819842
77,86,-2.356194
78,19,-0.785398
78,21,1.570796
78,22,2.356194
78,23,0.785398
78,24,1.570796
78,25,3.141593
78,36,0.000000
78,37,3.141593
78,43,0.785398
78,45,2.356194
78,53,0.785398
78,54,2.356194
78,64,2.356194
78,80,0.785398
78,81,1.570796
78,83,-1.892547
79,30,0.000000
79,31,1.892547
79,39,0.000000
79,69,-1.570796
79,78,-0.321751
80,31,-1.249046
80,32,-2.356194
80,33,0.785398
80,34,1.892547
80,42,-0.785398
80,43,-1.570796
80,55,-2.356194
80,56,-0.785398
80,57,-1.892547
80,75,1.570796
80,81,-2.819842
81,10,0.785398
81,14,2.356194
81,21,0.785398
81,27,1.249046
81,28,2.356194
81,34,-1.249046
81,35,-2.356194
81,36,0.785398
81,37,1.892547
81,48,1.249046
81,49,2.356194
81,52,-0.785398
81,53,-1.892547
81,60,0.321751
81,63,-2.356194
81,67,1.570796
81,75,-0.321751
81,76,2.819842
82,6,2.356194
82,10,-0.785398
82,11,-2.356194
82,12,0.785398
82,14,-2.819842
82,21,0.000000
82,30,2.356194
82,37,-1.249046
82,39,1.892547
82,44,0.785398
82,60,-0.785398
82,67,-0.321751
82,68,2.819842
82,72,1.570796
82,76,-1.570796
82,80,0.785398
83,2,-1.570796
83,5,0.321751
83,6,-2.819842
83,21,-0.785398
83,39,-1.249046
83,40,-2.356194
83,41,0.785398
83,42,1.892547
83,60,2.356194
83,68,-2.356194
83,82,1.570796
83,83,2.356194
83,85,-0.785398
83,87,2.819842
84,5,-0.785398
84,33,0.785398
84,34,1.892547
84,42,-1.249046
84,48,3.141593
84,57,1.249046
84,58,2.356194
84,60,3.141593
84,72,-1.570796
84,87,-2.356194
85,28,0.785398
85,37,1.892547
85,60,-1.570796
85,69,1.570796
85,81,0.321751
85,82,-2.819842
86,17,2.356194
86,28,-0.321751
86,30,2.356194
86,32,0.785398
86,39,2.356194
86,50,1.570796
86,53,1.249046
86,54,3.141593
86,57,-1.570796
86,69,-0.321751
86,70,2.819842
86,81,-0.785398
87,17,3.141593
87,33,-1.249046
87,50,-0.785398
87,51,-2.356194
87,58,-2.356194
87,70,-2.356194
87,81,0.785398
87,87,2.356194
88,17,-2.356194
88,38,-2.356194
88,48,1.570796
88,49,3.141593
88,53,-2.356194
88,61,-1.570796
88,66,0.785398
88,74,1.570796
88,82,-2.356194
88,85,0.785398
88,87,-2.819842
89,35,-0.785398
89,66,-0.321751
89,67,2.819842
89,74,0.785398
90,38,0.321751
90,45,-2.356194
90,59,0.785398
90,67,-2.356194
90,75,3.141593
90,79,1.570796
91,35,-1.570796
91,38,-0.785398
91,51,1.570796
91,54,-1.570796
91,57,1.570796
91,79,-0.321751
91,80,2.819842
92,38,-1.570796
92,51,-1.570796
92,57,-1.570796
92,60,-1.570796
92,64,1.570796
92,68,-2.356194
92,86,2.356194
93,35,1.570796
93,45,-1.570796
93,55,1.570796
93,81,-2.356194
93,83,0.785398
93,84,1.570796
94,2,-1.570796
94,6,2.356194
94,35,2.356194
94,38,1.570796
94,42,-1.570796
94,52,1.570796
94,69,1.570796
94,72,0.785398
95,6,-2.819842
95,34,0.321751
95,35,-2.819842
95,49,-1.570796
95,55,-1.570796
95,72,-0.321751
95,73,2.819842
95,84,-2.819842
96,4,0.321751
96,31,1.570796
96,34,-0.785398
96,73,-2.356194
97,6,2.356194
97,9,-1.570796
97,13,-1.570796
97,17,-1.570796
97,34,-1.570796
97,38,-1.570796
97,49,1.570796
97,58,0.785398
97,65,-1.570796
97,73,-1.570796
98,20,-1.570796
98,24,-1.570796
98,27,-0.785398
98,31,-1.570796
98,44,0.000000
98,45,3.141593
98,49,-1.570796
98,52,-1.570796
98,59,-2.356194
98,69,-1.570796
98,80,-0.785398
98,81,-1.892547
