4,44,2.356194
5,50,0.785398
5,51,2.356194
5,52,0.785398
5,53,1.892547
6,34,1.249046
6,35,2.356194
6,38,0.785398
6,39,1.570796
6,41,1.570796
6,43,3.141593
6,50,-0.785398
6,55,1.570796
6,56,2.356194
6,59,0.785398
6,60,1.892547
6,67,1.249046
6,68,2.356194
7,31,2.356194
7,50,2.356194
7,66,0.321751
8,25,1.570796
8,26,2.356194
8,27,0.785398
8,28,1.892547
8,34,-1.570796
8,39,-0.321751
8,50,3.141593
8,53,-0.321751
9,30,3.141593
9,40,-1.249046
9,45,1.892547
9,56,2.819842
9,62,-2.819842
10,14,2.356194
10,17,0.785398
10,18,1.892547
10,51,2.819842
10,54,-1.570796
10,56,-2.356194
10,59,0.321751
10,69,-2.356194
11,20,1.892547
11,28,-0.321751
11,31,2.819842
11,45,-1.570796
11,81,2.356194
12,12,0.321751
12,14,2.819842
12,41,1.249046
12,42,2.356194
12,43,0.785398
12,53,-1.570796
12,55,2.356194
13,20,-1.892547
13,27,2.356194
13,31,-2.819842
13,37,-2.356194
13,39,0.785398
14,14,-2.819842
14,56,3.141593
15,10,0.321751
15,32,1.570796
15,34,-1.892547
15,40,0.000000
15,42,0.785398
15,51,1.570796
15,58,0.785398
16,10,-0.785398
16,13,0.000000
16,20,0.785398
16,21,1.570796
16,51,-0.785398
16,53,1.892547
16,59,-1.249046
16,75,0.000000
16,76,-1.892547
17,13,-0.785398
17,37,1.249046
17,38,2.356194
17,39,-0.785398
17,40,-1.570796
17,41,-2.356194
17,42,-0.785398
17,47,2.356194
17,55,1.892547
17,66,-2.356194
18,33,-1.570796
18,34,-2.356194
18,48,0.000000
18,57,1.892547
18,66,0.785398
19,10,0.785398
19,16,0.785398
19,17,1.570796
19,19,1.892547
19,27,-1.570796
19,37,-1.249046
19,38,-2.356194
19,39,0.785398
19,40,1.892547
19,46,-2.356194
19,62,-0.321751
20,10,0.000000
20,48,0.000000
20,58,-1.249046
20,59,3.141593
20,63,-1.249046
21,16,0.321751
21,50,-1.249046
21,51,-2.356194
21,60,1.570796
21,69,-0.321751
22,12,-2.819842
22,16,-0.785398
22,28,-1.249046
22,29,-2.356194
22,30,-0.785398
22,33,2.356194
22,57,3.141593
22,60,-0.785398
22,62,1.892547
22,66,-2.356194
23,20,2.356194
23,44,-1.249046
23,45,-2.356194
23,58,0.000000
23,59,2.356194
23,63,2.819842
23,74,-1.249046
23,75,-2.356194
23,82,-0.785398
23,84,2.819842
24,6,-0.785398
24,13,1.249046
24,14,2.356194
24,18,0.785398
24,20,-2.356194
24,39,-0.785398
24,40,-1.570796
24,47,-1.570796
24,51,0.000000
24,63,-1.570796
24,71,-0.785398
24,84,-2.356194
25,21,0.785398
25,22,2.356194
25,23,-0.785398
25,27,2.356194
25,29,0.785398
25,30,1.570796
25,32,-1.570796
25,33,-2.356194
25,52,-1.249046
25,54,2.356194
25,72,1.570796
26,10,0.321751
26,16,0.785398
26,45,1.570796
26,46,2.356194
26,56,-1.570796
26,72,-0.321751
27,5,0.785398
27,10,-0.785398
27,13,-2.819842
27,30,-0.785398
27,31,3.141593
27,58,-0.321751
28,15,0.321751
28,16,-2.819842
28,18,-0.785398
28,24,-1.892547
28,28,1.249046
28,29,3.141593
28,40,0.785398
28,41,1.570796
28,59,-1.570796
28,62,-1.249046
28,67,0.000000
28,69,-1.570796
28,70,3.141593
28,74,-1.249046
28,75,3.141593
28,84,2.356194
29,4,0.321751
29,15,-1.570796
29,57,1.570796
29,77,0.785398
29,78,1.570796
29,79,2.356194
29,82,0.785398
30,10,0.785398
30,26,1.570796
30,28,-1.570796
30,41,2.356194
30,47,1.892547
30,54,0.000000
30,55,1.892547
30,61,1.570796
30,64,-0.321751
30,67,-1.570796
30,68,3.141593
30,85,2.819842
31,3,0.321751
31,11,0.000000
31,24,1.249046
31,26,-2.356194
31,29,2.356194
31,37,0.785398
31,38,1.570796
31,39,2.356194
31,44,1.570796
31,59,2.819842
31,61,-0.321751
31,62,2.819842
31,78,-2.819842
31,85,-2.356194
32,11,2.356194
32,14,-1.570796
32,21,0.785398
32,22,2.356194
32,23,-0.785398
32,32,1.249046
32,33,3.141593
32,41,-1.249046
32,42,-2.356194
32,46,1.570796
32,53,3.141593
32,56,-1.570796
32,59,-1.570796
32,62,-1.570796
32,66,2.819842
32,76,0.000000
32,77,-1.892547
33,2,0.321751
33,13,1.570796
33,17,0.321751
33,25,0.000000
33,31,-0.785398
33,44,-1.249046
33,54,1.570796
33,60,1.570796
33,63,0.785398
33,64,3.141593
33,66,-1.570796
34,13,-2.819842
34,46,-1.249046
35,2,-0.321751
35,16,0.000000
35,20,-1.892547
35,22,0.785398
35,24,1.570796
35,34,1.570796
35,68,2.819842
35,72,0.000000
35,77,2.356194
35,78,-0.785398
35,79,-1.892547
36,15,1.570796
36,22,-1.570796
36,34,0.000000
36,36,2.356194
36,56,0.000000
36,64,-2.356194
36,72,-0.785398
37,3,-1.570796
37,8,-0.785398
37,13,0.785398
37,15,3.141593
37,18,0.000000
37,21,0.785398
37,24,2.356194
37,34,-0.785398
37,40,1.570796
37,43,1.570796
37,46,1.249046
37,55,-2.356194
38,2,0.785398
38,13,-0.785398
38,15,-1.570796
38,17,0.785398
38,19,2.356194
38,28,2.356194
38,32,2.356194
38,36,-2.819842
38,40,-1.570796
38,43,-1.570796
38,45,0.321751
38,69,0.000000
38,73,0.785398
38,77,0.785398
39,3,3.141593
39,6,0.785398
39,10,2.356194
39,13,2.356194
39,16,0.000000
39,24,-1.249046
39,25,-2.356194
39,27,-0.785398
39,35,-1.570796
39,48,0.321751
39,51,-1.892547
39,53,-2.356194
39,56,0.785398
39,62,2.819842
39,67,2.356194
39,70,-1.570796
39,77,-0.785398
39,78,3.141593
40,44,0.321751
40,45,-2.819842
40,48,-1.570796
40,62,-1.570796
40,66,0.000000
40,67,-2.356194
40,71,0.000000
40,76,3.141593
41,3,0.321751
41,31,-1.570796
41,39,1.570796
41,44,-0.785398
41,47,1.570796
41,60,1.570796
41,64,0.785398
41,65,2.356194
42,39,-1.570796
42,46,0.321751
42,47,-2.819842
42,51,0.321751
42,61,2.819842
42,65,-2.356194
42,68,0.785398
42,75,0.785398
42,85,2.356194
43,3,-0.321751
43,8,-2.356194
43,11,-0.785398
43,13,0.000000
43,15,-1.249046
43,17,3.141593
43,20,0.785398
43,36,2.356194
43,41,1.570796
43,44,0.785398
43,46,-1.570796
43,51,-1.570796
43,57,0.000000
43,59,2.356194
43,61,-2.356194
43,65,2.356194
43,68,-0.321751
43,72,-0.321751
43,77,1.892547
43,80,0.000000
43,81,-1.570796
43,82,-2.356194
43,85,3.141593
44,13,-1.570796
44,38,1.570796
44,50,1.570796
44,70,2.819842
44,73,-1.249046
44,85,-2.356194
45,4,0.000000
45,7,1.570796
45,10,0.785398
45,17,0.000000
45,22,0.000000
45,23,1.892547
45,35,0.785398
45,46,2.819842
45,50,-2.819842
45,53,1.570796
45,61,-1.570796
45,62,-2.356194
45,66,0.000000
45,67,1.892547
45,70,-1.570796
45,77,-1.892547
46,4,-1.570796
46,7,-2.819842
46,20,-2.356194
46,28,1.570796
46,35,-0.321751
46,37,3.141593
46,44,-1.570796
46,46,-2.356194
46,48,0.321751
46,52,0.321751
46,64,-2.356194
46,68,2.819842
46,74,0.000000
47,6,-0.785398
47,9,0.321751
47,12,0.000000
47,13,1.570796
47,14,2.356194
47,16,-0.785398
47,17,-2.356194
47,23,-1.570796
47,25,-2.356194
47,40,2.356194
47,43,0.785398
47,46,0.000000
47,48,-1.570796
47,52,-1.570796
47,54,0.785398
47,60,2.819842
47,64,0.785398
47,72,0.785398
47,73,3.141593
47,85,2.356194
48,6,2.356194
48,9,-0.785398
48,18,0.000000
48,19,2.356194
48,36,2.356194
48,39,0.321751
48,47,0.000000
48,54,-0.785398
48,60,-2.356194
48,64,0.000000
48,68,0.000000
48,72,-0.785398
48,83,0.785398
48,85,-2.819842
49,5,0.321751
49,6,-2.819842
49,13,2.356194
49,19,-2.356194
49,24,-0.785398
49,36,-2.819842
49,47,2.356194
49,66,2.356194
49,68,-0.785398
50,5,-0.785398
50,8,0.321751
50,11,1.570796
50,19,2.356194
50,34,0.321751
50,39,-0.321751
50,46,0.321751
50,47,-2.819842
50,50,2.356194
50,54,2.356194
50,57,-1.570796
50,62,1.570796
50,64,-1.570796
50,66,3.141593
50,69,-0.785398
51,8,-0.785398
51,15,1.570796
51,16,2.356194
51,31,2.356194
51,34,-0.785398
51,46,-1.570796
51,50,-2.819842
51,53,0.000000
51,54,-2.356194
51,56,1.570796
51,59,-0.785398
51,66,-2.356194
51,73,-1.249046
51,74,3.141593
52,30,0.321751
52,31,-2.819842
52,34,2.356194
52,48,0.321751
52,56,-2.819842
52,59,0.785398
52,62,2.356194
52,71,0.785398
52,75,1.570796
53,2,0.785398
53,4,2.356194
53,19,-0.785398
53,24,1.570796
53,30,-0.785398
53,33,0.321751
53,34,-2.819842
53,40,-2.356194
53,45,2.356194
53,55,-0.785398
53,59,-0.785398
53,60,-2.356194
53,62,3.141593
53,66,0.785398
53,71,-0.321751
53,72,2.819842
53,76,3.141593
53,84,2.356194
54,2,0.000000
54,6,0.321751
54,33,-1.570796
54,44,0.000000
54,45,-2.356194
54,48,-2.819842
54,55,2.356194
54,67,2.819842
54,69,0.785398
54,72,-1.570796
54,84,3.141593
55,2,-0.785398
55,6,-0.785398
55,9,0.785398
55,12,2.356194
55,19,0.785398
55,24,0.000000
55,26,2.356194
55,54,0.321751
55,55,-2.819842
55,64,1.570796
55,65,3.141593
55,67,-2.356194
55,70,-2.356194
55,84,-2.356194
56,9,0.000000
56,12,3.141593
56,19,0.000000
56,26,-2.819842
56,43,2.356194
56,46,-0.785398
56,54,-0.785398
57,9,-0.785398
57,12,-2.356194
57,16,-1.570796
57,19,-0.785398
57,21,0.000000
57,22,2.356194
57,25,-0.785398
57,42,0.321751
57,43,-2.819842
57,46,-1.570796
57,58,2.356194
57,60,0.321751
57,64,0.785398
57,67,0.000000
58,12,2.356194
58,22,-2.356194
58,29,2.356194
58,32,-1.570796
58,42,-1.570796
58,57,0.000000
58,58,-2.356194
58,64,0.000000
58,71,3.141593
58,74,-1.570796
59,8,0.321751
59,12,-2.819842
59,16,1.570796
59,28,0.321751
59,29,-2.819842
59,41,-0.785398
59,46,1.570796
59,47,2.356194
59,56,0.785398
59,60,-2.819842
59,64,-0.785398
59,77,0.785398
59,78,1.892547
59,84,2.356194
60,8,-1.570796
60,28,-0.785398
60,44,-1.570796
60,52,-1.570796
60,56,-0.785398
60,57,3.141593
60,76,0.785398
60,82,0.785398
60,84,-2.819842
61,5,2.356194
61,7,0.785398
61,11,2.356194
61,31,1.570796
61,37,0.321751
61,39,3.141593
61,42,1.249046
61,43,3.141593
61,46,0.785398
61,60,-2.356194
61,61,0.785398
61,69,1.570796
61,78,-1.892547
62,2,-1.570796
62,4,0.321751
62,25,-1.570796
62,34,-1.570796
62,37,-0.785398
62,40,0.785398
62,42,-1.892547
62,55,2.356194
62,58,-0.785398
62,64,-2.356194
62,65,0.785398
63,4,-0.785398
63,28,2.356194
63,32,-2.356194
63,37,2.356194
63,40,-0.785398
63,54,0.000000
63,55,-2.356194
63,66,-2.356194
64,17,1.570796
64,19,2.356194
64,28,-2.819842
64,36,0.000000
64,56,0.785398
64,57,3.141593
64,63,2.819842
64,69,-1.570796
64,73,1.570796
65,3,0.321751
65,7,-2.819842
65,17,-0.785398
65,19,3.141593
65,25,-0.785398
65,32,1.570796
65,39,1.570796
65,43,0.000000
65,44,-1.892547
65,60,-1.570796
65,63,-2.356194
66,3,-0.785398
66,16,1.570796
66,19,-2.356194
66,35,0.785398
66,38,0.321751
66,39,-2.819842
66,46,0.000000
66,55,0.321751
66,56,-2.819842
67,6,0.000000
67,9,1.249046
67,19,2.356194
67,22,0.785398
67,35,-0.321751
67,42,-1.570796
67,50,1.249046
67,51,3.141593
67,55,-1.570796
67,63,2.356194
68,6,-0.785398
68,18,-0.785398
68,19,-2.356194
68,22,-0.321751
68,23,2.819842
68,38,-2.819842
68,59,-1.570796
68,61,1.570796
68,63,3.141593
68,70,1.570796
69,11,-1.892547
69,23,-1.570796
69,26,-0.321751
69,27,2.819842
69,48,0.321751
69,67,-1.570796
70,8,0.321751
70,13,0.000000
70,15,-1.892547
70,20,0.785398
70,27,-2.356194
70,30,-1.570796
70,33,0.785398
70,37,2.356194
70,48,-1.570796
70,52,1.570796
70,57,-2.819842
70,61,0.000000
70,71,2.356194
71,8,-0.785398
71,13,-0.785398
71,17,0.785398
71,20,-0.321751
71,21,2.819842
71,33,-0.785398
71,34,-2.356194
71,36,-0.785398
71,37,-2.356194
71,40,1.249046
71,41,2.356194
71,42,3.141593
71,47,-0.785398
71,51,0.000000
71,52,-2.356194
71,71,3.141593
72,17,-0.321751
72,18,2.819842
72,21,-2.356194
72,28,0.785398
72,29,2.356194
72,32,1.570796
72,39,-0.785398
72,40,-1.892547
72,50,1.570796
72,53,0.785398
72,55,-1.892547
72,58,1.249046
72,59,2.356194
72,61,3.141593
72,65,2.819842
73,18,-2.356194
73,24,0.785398
73,28,-1.570796
73,30,0.000000
73,32,-2.819842
73,45,3.141593
73,49,0.000000
73,57,0.321751
73,61,-2.356194
73,83,2.356194
74,24,-0.785398
74,40,1.249046
74,41,2.356194
74,47,1.249046
74,48,3.141593
74,53,-2.819842
74,65,0.000000
74,80,-0.785398
74,83,-2.819842
75,11,0.000000
75,28,2.819842
75,31,-0.785398
75,33,1.570796
75,34,2.356194
75,38,0.785398
75,51,0.000000
75,52,-1.892547
75,57,-1.570796
75,58,3.141593
75,65,-0.785398
75,68,-1.570796
76,11,-0.785398
76,45,-0.785398
76,46,-1.892547
76,59,0.785398
76,72,-2.356194
77,11,2.356194
77,13,-0.785398
77,17,1.892547
77,23,3.141593
77,30,-1.570796
77,40,-2.356194
77,48,0.000000
77,53,1.249046
77,55,-2.356194
77,61,0.000000
77,72,0.785398
77,82,2.356194
78,10,0.321751
78,11,-2.819842
78,15,-0.785398
78,19,-1.892547
78,32,-1.249046
78,33,-2.356194
78,56,1.570796
78,59,-2.819842
78,62,-2.356194
78,73,-2.356194
78,82,3.141593
79,2,-1.570796
79,10,-0.785398
79,15,0.785398
79,43,1.249046
79,44,2.356194
79,45,3.141593
79,58,-1.892547
79,82,-2.356194
80,13,0.785398
80,17,-2.819842
80,42,-0.785398
80,43,-1.892547
80,49,1.249046
80,50,3.141593
80,62,-1.570796
80,65,0.785398
81,4,2.356194
81,13,0.000000
81,36,0.785398
81,52,0.000000
81,65,-0.321751
81,66,2.819842
82,3,0.321751
82,4,-2.819842
82,13,-0.785398
82,16,-1.570796
82,21,2.356194
82,28,0.785398
82,44,2.356194
82,55,-2.356194
82,66,-2.356194
82,69,0.785398
83,3,-0.785398
83,17,0.785398
83,18,2.356194
83,19,0.785398
83,29,2.819842
83,41,1.249046
83,42,2.356194
83,43,0.000000
83,46,0.000000
83,47,-1.892547
83,63,1.570796
84,17,-0.785398
84,37,2.356194
84,44,0.000000
84,63,-1.570796
85,17,2.356194
85,20,-0.785398
85,29,-2.356194
85,48,0.785398
85,51,3.141593
85,60,1.570796
86,12,-0.785398
86,17,3.141593
86,32,0.785398
86,33,1.570796
86,34,3.141593
87,15,-1.570796
87,17,-2.356194
87,23,0.321751
87,49,3.141593
88,7,0.785398
88,10,2.356194
88,23,-0.785398
88,40,1.570796
88,44,2.356194
88,49,-2.356194
88,52,0.785398
88,55,2.356194
88,64,-0.785398
88,74,-0.785398
88,75,-1.570796
88,76,3.141593
88,87,1.249046
89,10,3.141593
89,20,2.356194
89,30,1.570796
89,34,-1.570796
89,35,-2.356194
89,46,-2.356194
89,52,0.000000
89,55,3.141593
89,64,0.785398
89,77,1.570796
89,81,0.000000
89,82,-1.570796
89,83,-2.356194
90,5,0.000000
90,10,-1.570796
90,15,3.141593
90,19,0.321751
90,24,-0.785398
90,37,-2.356194
90,52,-0.785398
90,55,-2.356194
90,65,-2.356194
90,67,3.141593
90,87,-1.249046
91,16,0.000000
91,22,2.356194
91,24,2.356194
91,26,-0.785398
91,29,-0.785398
91,32,-2.819842
91,37,2.356194
91,55,0.785398
91,61,0.785398
91,67,-1.570796
92,13,-2.356194
92,18,0.321751
92,26,2.356194
92,36,0.321751
92,37,-2.819842
92,55,-0.785398
92,57,2.356194
92,61,0.000000
93,16,0.785398
93,18,-1.570796
93,26,-2.819842
93,52,0.785398
93,54,1.570796
93,63,-1.570796
94,13,2.356194
94,16,0.000000
94,36,-2.819842
94,52,0.000000
94,57,0.000000
94,59,1.570796
95,13,-2.819842
95,16,-0.785398
95,52,-0.785398
96,38,2.356194
96,44,0.785398
96,56,0.321751
96,64,0.785398
96,68,0.000000
96,69,-1.892547
96,71,-1.249046
97,12,-1.249046
97,13,-2.356194
97,15,-0.785398
97,16,-1.570796
97,17,-2.356194
97,22,-0.785398
97,25,-1.249046
97,26,-2.356194
97,27,-0.785398
97,28,-1.570796
97,33,2.356194
97,34,-0.785398
97,35,-1.570796
97,36,-2.356194
97,37,-0.785398
97,45,-2.356194
97,47,-0.785398
97,48,-1.570796
97,49,3.141593
97,65,-2.356194
98,22,-1.570796
98,30,-1.249046
98,32,-1.892547
98,41,-1.570796
98,54,0.000000
98,55,-0.785398
