4,32,1.249046
4,34,1.570796
4,35,2.356194
4,43,0.785398
4,44,1.892547
4,46,1.249046
4,47,2.356194
4,53,0.785398
4,54,1.570796
4,55,2.356194
4,58,0.785398
4,59,1.892547
5,26,1.249046
5,27,2.356194
5,29,0.785398
5,30,1.570796
5,63,0.785398
5,64,1.570796
5,65,2.356194
5,69,0.785398
5,70,1.570796
5,71,2.356194
6,21,0.785398
6,22,1.570796
6,23,2.356194
6,24,0.785398
6,32,-1.249046
6,35,2.819842
6,43,0.321751
6,58,0.321751
6,82,2.356194
7,8,0.785398
7,9,2.356194
7,27,2.819842
7,43,-0.785398
7,54,0.785398
7,58,-0.785398
7,63,0.321751
7,65,2.819842
8,9,-1.570796
8,27,-2.356194
8,30,0.785398
8,34,0.000000
8,35,-1.570796
8,37,1.892547
8,43,2.356194
8,54,-0.321751
8,65,-2.356194
8,71,3.141593
9,25,-0.321751
9,31,-2.356194
9,32,0.785398
9,33,2.356194
9,37,-1.249046
9,38,-2.356194
9,55,-1.249046
9,63,-0.321751
10,33,-1.570796
10,45,1.892547
10,52,0.785398
10,53,1.892547
10,64,-1.249046
10,65,3.141593
10,77,0.321751
11,6,0.785398
11,27,-1.249046
11,42,0.785398
11,45,-1.249046
11,46,-2.356194
11,77,-0.785398
12,6,-0.785398
12,7,3.141593
12,13,1.570796
12,36,-2.356194
12,41,-0.785398
12,49,0.785398
12,50,1.892547
12,55,-2.356194
12,56,0.785398
12,60,-1.570796
12,67,-1.570796
12,74,0.000000
12,75,1.892547
12,86,2.819842
13,13,-0.321751
13,15,2.356194
13,26,0.000000
13,31,3.141593
13,34,2.356194
13,38,1.570796
13,45,3.141593
13,50,-1.249046
13,62,2.356194
13,77,-1.570796
13,78,3.141593
13,86,-2.356194
14,9,0.000000
14,10,1.892547
14,20,0.785398
14,48,1.570796
14,58,-1.249046
14,59,-2.356194
14,69,0.785398
14,70,2.356194
14,82,-0.785398
14,83,-1.892547
15,10,-1.249046
15,11,-2.356194
15,12,0.785398
15,23,1.892547
15,26,3.141593
15,37,-0.785398
15,45,0.785398
15,48,2.356194
15,55,3.141593
15,63,-1.570796
15,65,1.892547
15,69,-1.570796
15,73,0.785398
15,75,-2.819842
16,15,2.356194
16,21,-1.570796
16,23,-1.249046
16,24,-2.356194
16,46,0.000000
16,48,-2.819842
16,53,1.570796
16,56,0.000000
16,57,1.892547
16,60,1.570796
16,65,-1.249046
16,67,1.570796
16,68,3.141593
17,4,0.321751
17,7,2.356194
17,18,0.000000
17,19,1.570796
17,20,3.141593
17,34,0.000000
17,35,3.141593
17,40,2.356194
18,4,-1.570796
18,13,-0.785398
18,51,3.141593
18,57,-1.570796
18,60,-1.249046
18,61,3.141593
18,86,2.356194
19,7,1.570796
19,20,3.141593
19,23,1.249046
19,24,2.356194
19,44,-0.785398
19,50,-1.570796
19,83,0.785398
19,84,1.570796
19,86,-2.356194
20,9,1.570796
20,10,2.356194
20,22,-0.785398
20,23,-1.892547
20,35,0.000000
20,48,0.000000
20,56,0.785398
21,3,0.785398
21,14,3.141593
21,40,0.000000
21,41,3.141593
21,56,0.000000
21,58,1.892547
21,83,0.321751
21,85,2.819842
22,3,0.000000
22,53,3.141593
22,60,1.570796
22,61,2.356194
22,76,0.785398
22,77,1.892547
23,3,-0.785398
23,9,-1.249046
23,10,-2.356194
23,50,1.249046
23,51,3.141593
23,56,-0.785398
23,57,-2.356194
23,70,0.785398
23,71,1.892547
23,77,-1.249046
23,78,3.141593
24,3,0.785398
24,15,3.141593
24,55,1.570796
24,59,0.785398
24,71,-1.249046
24,72,3.141593
24,79,0.000000
24,80,1.570796
24,81,2.356194
25,3,-0.785398
25,4,-2.356194
25,9,0.785398
25,10,1.570796
25,11,2.356194
25,12,3.141593
25,30,0.000000
25,31,3.141593
25,54,0.000000
25,61,1.892547
25,66,0.000000
26,25,2.356194
26,47,0.000000
26,48,-1.892547
26,53,1.570796
26,81,-0.785398
26,82,-1.570796
26,83,3.141593
27,10,2.356194
27,17,0.000000
27,18,3.141593
27,20,0.000000
27,21,3.141593
27,23,0.000000
27,52,0.000000
27,57,0.000000
27,58,-1.892547
27,61,-0.785398
27,66,-0.785398
27,67,-1.570796
27,68,-2.356194
27,69,0.785398
27,70,1.892547
27,76,0.000000
27,77,1.892547
27,87,-0.785398
27,89,2.819842
28,2,0.785398
28,9,-0.785398
28,31,0.000000
28,32,3.141593
28,45,-0.785398
28,49,0.000000
28,70,-1.249046
28,71,3.141593
28,77,-1.249046
28,78,3.141593
28,89,-2.356194
29,2,0.000000
29,28,0.000000
29,29,3.141593
29,62,-2.356194
29,80,0.785398
29,81,1.892547
30,2,-0.785398
30,13,1.570796
30,38,3.141593
30,53,1.249046
30,54,3.141593
30,66,0.785398
30,67,1.892547
30,74,1.570796
30,81,-1.249046
30,82,-2.356194
30,83,0.785398
30,84,1.892547
30,89,2.356194
31,9,1.249046
31,10,2.356194
31,11,3.141593
31,13,-1.570796
31,34,-0.785398
31,51,1.249046
31,53,-1.892547
31,57,1.249046
31,67,-1.249046
31,68,-2.356194
31,75,-2.356194
31,84,-1.249046
31,85,-2.356194
31,89,3.141593
32,2,0.785398
32,8,0.000000
32,9,-1.892547
32,28,0.000000
32,30,3.141593
32,50,0.000000
32,51,-1.892547
32,55,0.000000
32,56,-0.785398
32,57,-1.892547
32,60,-0.785398
32,61,-1.570796
32,63,1.570796
32,64,2.356194
32,70,0.000000
32,71,1.892547
32,89,-2.356194
33,3,-2.356194
33,6,0.785398
33,7,2.356194
33,24,3.141593
33,39,3.141593
33,48,0.000000
33,65,0.000000
33,66,1.892547
33,71,-1.249046
33,73,1.892547
33,81,0.785398
33,82,1.892547
34,7,-2.356194
34,11,0.000000
34,12,3.141593
34,16,0.000000
34,17,3.141593
34,19,0.000000
34,46,3.141593
34,73,-1.249046
34,74,-2.356194
34,82,-1.249046
34,83,-2.356194
34,89,2.356194
35,31,1.249046
35,32,2.356194
35,41,0.000000
35,50,1.249046
35,51,2.356194
35,57,2.356194
35,62,0.785398
35,67,-1.249046
35,68,-2.356194
35,89,3.141593
36,30,-0.785398
36,31,-1.892547
36,39,3.141593
36,49,-0.785398
36,50,-1.892547
36,53,1.570796
36,63,0.000000
36,64,1.892547
37,6,0.000000
37,7,-1.570796
37,8,-2.356194
37,12,3.141593
37,14,0.000000
37,17,3.141593
37,19,0.000000
37,23,3.141593
37,25,0.000000
37,35,0.000000
37,46,0.000000
37,53,-0.785398
37,54,-2.356194
37,64,-1.249046
37,65,-2.356194
37,67,0.785398
37,68,1.892547
37,74,0.785398
37,75,1.892547
37,89,3.141593
38,3,0.000000
38,43,0.000000
38,44,3.141593
38,51,0.000000
38,58,1.570796
38,62,0.785398
38,68,-1.249046
38,69,3.141593
38,75,-1.249046
38,76,-2.356194
38,77,3.141593
38,86,0.785398
39,38,0.000000
39,39,3.141593
39,57,-0.785398
39,58,-2.356194
39,71,0.785398
39,72,1.892547
39,79,0.000000
39,87,-1.249046
39,89,3.141593
40,8,1.249046
40,9,2.356194
40,30,3.141593
40,44,1.249046
40,45,2.356194
40,59,0.785398
40,60,2.356194
40,62,-0.785398
40,63,-1.570796
40,64,-2.356194
40,72,-1.249046
40,73,-2.356194
40,74,0.785398
40,75,1.892547
40,89,-2.356194
41,5,1.249046
41,6,2.356194
41,7,-0.785398
41,38,1.249046
41,39,2.356194
41,43,-0.785398
41,44,-1.892547
41,49,-2.356194
41,53,-0.785398
41,59,-1.570796
41,75,-1.249046
41,76,-2.356194
41,85,0.785398
41,86,1.892547
41,89,2.356194
42,3,0.000000
42,4,-0.785398
42,5,-1.892547
42,37,-0.785398
42,38,-1.892547
42,58,-0.785398
42,86,-1.249046
42,87,-2.356194
43,32,3.141593
43,34,0.000000
43,48,3.141593
43,52,0.000000
43,53,3.141593
43,64,0.000000
43,89,-1.249046
43,90,3.141593
44,62,3.141593
44,76,0.785398
44,77,1.892547
45,3,0.000000
45,36,1.249046
45,37,2.356194
45,70,3.141593
45,77,-1.249046
45,78,-2.356194
46,28,3.141593
46,31,0.000000
46,35,-0.785398
46,36,-1.892547
46,47,1.249046
46,48,2.356194
46,63,0.785398
46,64,1.892547
46,72,0.000000
46,80,0.000000
46,81,1.892547
46,88,0.785398
46,89,1.892547
46,91,2.356194
47,7,3.141593
47,11,2.356194
47,40,0.000000
47,46,-0.785398
47,47,-1.892547
47,60,0.785398
47,61,1.570796
47,65,-2.356194
47,81,-1.249046
47,83,1.892547
47,89,-1.249046
48,10,1.570796
48,54,1.249046
48,55,2.356194
49,2,0.000000
49,36,0.785398
49,37,1.892547
49,61,-0.785398
49,66,2.356194
49,78,0.000000
49,79,1.892547
49,84,-1.249046
49,85,-2.356194
50,7,1.249046
50,8,3.141593
50,37,-1.249046
50,38,-2.356194
50,73,0.785398
50,74,1.892547
50,79,-1.249046
50,81,1.892547
50,87,0.000000
50,88,1.892547
51,6,0.000000
51,7,-1.892547
51,10,-0.785398
51,53,0.000000
51,54,-1.570796
51,55,3.141593
51,74,-1.249046
51,75,3.141593
51,81,-1.249046
51,82,3.141593
51,88,-1.249046
51,89,-2.356194
51,90,3.141593
52,4,0.000000
52,56,-2.356194
52,63,2.356194
52,76,0.000000
52,77,1.892547
53,9,0.785398
53,13,0.000000
53,20,3.141593
53,22,0.000000
53,63,-2.356194
53,77,-1.249046
53,78,3.141593
53,85,0.000000
53,86,1.892547
54,10,-2.356194
54,58,0.785398
54,86,-1.249046
54,88,1.892547
55,6,1.249046
55,7,3.141593
55,12,0.785398
55,13,1.892547
55,47,0.785398
55,48,1.570796
55,49,2.356194
55,67,0.785398
55,82,0.785398
55,83,1.892547
56,5,0.000000
56,6,-1.892547
56,11,-0.785398
56,13,-1.249046
56,14,-2.356194
56,59,-1.570796
56,61,-0.785398
56,62,-1.570796
56,89,-1.249046
56,90,-2.356194
56,91,3.141593
57,3,0.000000
57,9,2.356194
57,54,1.249046
57,55,2.356194
57,58,0.000000
57,64,-2.356194
57,77,0.000000
57,78,1.892547
58,47,0.000000
58,48,-0.785398
58,49,-1.570796
58,50,-2.356194
58,52,0.785398
58,59,0.000000
58,66,0.785398
58,78,-1.249046
58,79,3.141593
58,85,-1.249046
58,86,3.141593
59,14,3.141593
59,17,0.000000
59,28,3.141593
59,34,0.000000
59,58,-0.785398
59,61,-2.356194
59,87,0.785398
59,88,2.356194
59,90,3.141593
60,6,-0.785398
60,42,1.570796
60,53,-0.785398
60,54,-2.356194
60,76,3.141593
60,83,3.141593
60,87,-0.785398
61,4,2.356194
61,10,-0.785398
61,20,0.785398
61,21,1.892547
61,23,1.249046
61,24,2.356194
61,26,3.141593
61,43,-2.356194
61,44,3.141593
61,46,0.000000
61,71,-2.356194
61,78,0.785398
62,3,3.141593
62,8,2.356194
62,15,3.141593
62,19,0.785398
62,23,-1.892547
62,67,0.785398
62,73,0.785398
63,2,-0.785398
63,6,1.249046
63,7,3.141593
63,40,0.000000
63,41,0.785398
63,42,1.892547
63,48,0.000000
63,51,3.141593
63,54,0.000000
63,62,-2.356194
64,2,0.785398
64,5,0.000000
64,6,-1.892547
64,17,0.000000
64,20,-1.249046
64,21,3.141593
64,23,0.785398
64,24,1.570796
64,29,0.000000
64,36,3.141593
64,42,-1.249046
64,43,-2.356194
64,57,3.141593
64,65,0.785398
64,83,3.141593
65,2,0.000000
65,22,-2.356194
65,26,-2.356194
65,46,-2.356194
65,66,-2.356194
65,77,-2.356194
65,90,-1.570796
66,2,-0.785398
66,14,2.356194
66,20,1.249046
66,21,3.141593
66,25,0.000000
66,52,0.000000
66,53,3.141593
66,86,0.000000
66,87,0.785398
67,6,1.249046
67,7,3.141593
67,19,-0.785398
67,20,-1.892547
67,27,2.356194
67,32,0.000000
67,37,0.785398
67,38,1.570796
67,39,2.356194
67,55,0.000000
67,56,3.141593
67,75,1.570796
67,80,0.000000
67,88,-1.570796
68,2,0.785398
68,5,0.000000
68,6,-1.892547
68,47,3.141593
68,71,0.785398
68,75,-0.321751
68,82,-2.356194
68,84,0.785398
68,90,3.141593
69,2,0.000000
69,9,1.249046
69,10,3.141593
69,16,-0.785398
69,23,0.000000
69,24,3.141593
69,28,1.570796
69,31,0.000000
69,37,-0.785398
69,76,-1.249046
69,77,3.141593
69,85,0.000000
69,86,1.892547
70,2,-0.785398
70,14,2.356194
70,21,3.141593
70,28,-1.570796
70,33,-2.356194
70,39,0.000000
70,40,3.141593
70,54,0.000000
70,55,3.141593
70,78,0.000000
71,7,0.000000
71,8,-1.892547
71,26,2.356194
71,44,0.000000
71,46,3.141593
71,74,-2.356194
71,79,-1.570796
71,82,0.785398
72,2,0.785398
72,6,1.570796
72,25,-0.785398
72,32,3.141593
72,80,-2.356194
73,2,0.000000
73,5,-0.785398
73,16,-0.785398
73,21,2.356194
73,29,0.000000
73,39,0.000000
73,41,3.141593
73,89,-1.249046
73,90,3.141593
74,2,-0.785398
74,20,-0.785398
74,44,0.000000
74,45,3.141593
74,78,1.570796
74,82,0.785398
74,91,-2.356194
75,25,2.356194
75,32,0.000000
75,33,3.141593
75,87,0.000000
75,88,1.892547
76,13,2.356194
76,17,2.356194
76,30,2.356194
76,38,0.000000
76,39,3.141593
76,74,0.785398
76,88,-1.249046
76,89,3.141593
77,11,1.249046
77,12,3.141593
77,16,-0.785398
77,22,-0.785398
77,28,0.000000
78,3,0.000000
78,20,2.356194
78,26,2.356194
78,58,0.785398
78,90,-1.570796
79,13,1.570796
79,25,-0.785398
79,60,3.141593
80,18,-0.785398
80,23,2.356194
80,29,2.356194
80,78,-2.356194
80,83,0.000000
81,22,-0.785398
81,28,-0.785398
81,74,0.785398
81,84,-1.570796
81,90,3.141593
82,11,-0.785398
82,26,2.356194
82,75,1.570796
82,79,0.000000
83,5,0.000000
83,6,-1.892547
83,25,-0.785398
83,75,-0.321751
84,3,0.785398
84,4,3.141593
84,23,2.356194
84,29,0.000000
84,30,3.141593
84,76,-1.249046
84,77,3.141593
85,3,-0.785398
85,11,0.000000
85,12,3.141593
85,21,0.000000
85,88,-1.570796
86,10,-2.356194
86,15,2.356194
87,6,1.249046
87,8,-1.892547
87,85,0.000000
87,86,1.892547
88,4,0.785398
88,6,-1.892547
88,18,2.356194
88,81,0.000000
89,4,-0.785398
89,11,1.249046
89,12,3.141593
89,82,-1.570796
89,88,2.819842
90,4,2.356194
90,10,0.000000
90,11,-1.892547
90,77,0.785398
90,88,-1.570796
91,4,3.141593
91,9,1.570796
91,78,-2.356194
91,89,0.000000
92,9,-2.819842
92,14,-0.785398
92,39,0.000000
92,41,3.141593
92,80,0.785398
92,85,0.000000
92,86,1.892547
92,90,-1.570796
94,12,2.356194
94,21,2.356194
94,91,-1.570796
95,4,-0.785398
95,10,1.249046
95,11,3.141593
95,24,2.356194
95,77,0.785398
95,89,2.819842
96,15,2.356194
96,23,-0.785398
96,33,2.356194
96,78,0.000000
96,89,-2.356194
97,32,-0.785398
97,79,-1.570796
97,86,1.570796
97,89,2.356194
98,7,-0.785398
98,8,-1.892547
98,10,-2.356194
98,14,-1.570796
98,18,-1.570796
98,81,3.141593
98,87,-2.356194
98,88,-0.785398
