6,29,1.249046
6,30,2.356194
7,22,1.249046
7,23,2.356194
7,39,2.356194
7,56,1.249046
7,57,2.356194
8,29,-2.356194
8,43,2.356194
8,44,0.785398
8,45,1.570796
8,47,1.892547
9,19,0.785398
9,41,0.321751
9,49,2.356194
9,54,-0.785398
9,78,0.000000
9,79,1.892547
10,10,1.570796
10,82,0.785398
11,20,-0.785398
11,22,0.000000
11,23,1.570796
11,29,2.356194
11,41,3.141593
11,49,2.819842
11,57,0.785398
11,83,-1.570796
12,8,0.321751
12,25,-2.356194
12,33,0.321751
12,45,-0.785398
12,49,-2.356194
12,59,-2.356194
13,8,-0.785398
13,23,-0.321751
13,27,0.000000
13,28,-1.892547
13,57,0.000000
14,19,0.321751
14,21,2.819842
14,26,3.141593
15,8,2.356194
15,33,-1.249046
15,34,3.141593
15,56,0.321751
15,58,-2.356194
16,21,3.141593
16,25,-0.321751
16,35,0.000000
16,56,-0.785398
16,61,0.785398
16,73,0.321751
17,6,0.321751
17,46,1.570796
17,49,2.356194
17,62,-1.570796
17,73,-0.785398
18,6,-0.785398
18,17,1.570796
18,21,-0.321751
18,22,2.819842
18,26,-1.570796
18,36,0.000000
18,47,-2.356194
18,48,-0.785398
18,49,-2.356194
18,63,1.570796
19,18,3.141593
19,25,1.570796
19,50,0.000000
19,51,1.892547
19,58,0.000000
19,59,1.892547
19,65,1.892547
19,70,2.356194
19,71,0.785398
19,72,2.356194
20,21,-0.785398
20,22,-1.570796
20,23,-2.356194
20,36,3.141593
20,42,1.570796
20,51,-1.249046
20,52,3.141593
20,61,0.785398
20,66,3.141593
20,69,-1.570796
21,36,-1.570796
21,42,0.000000
21,53,0.000000
21,54,1.892547
21,59,-1.570796
21,64,-2.356194
21,67,0.000000
21,68,2.356194
21,71,0.321751
22,26,-1.249046
22,27,-2.356194
22,37,0.000000
22,38,1.892547
22,57,0.785398
22,58,2.356194
22,63,-0.785398
22,75,2.356194
22,77,0.785398
23,42,3.141593
23,48,0.000000
23,49,1.892547
23,54,-0.785398
23,64,2.356194
23,68,0.000000
23,80,1.249046
23,82,1.892547
24,6,0.785398
24,21,0.785398
24,22,1.892547
24,31,0.000000
24,38,-0.785398
24,42,-1.570796
24,49,-1.249046
24,50,-2.356194
24,58,-0.321751
24,60,2.356194
24,63,0.000000
24,64,-2.356194
24,68,-1.570796
24,86,2.356194
25,22,-1.249046
25,23,-2.356194
25,66,0.785398
25,67,2.356194
25,70,0.321751
25,73,-1.249046
25,74,3.141593
26,5,0.321751
26,25,0.000000
26,26,1.892547
26,35,1.892547
26,38,2.356194
26,55,3.141593
26,58,1.570796
26,79,-0.785398
26,81,-1.249046
27,5,-1.570796
27,16,0.785398
27,17,2.356194
27,30,0.785398
27,37,-0.785398
27,38,-2.356194
27,47,0.000000
27,48,1.570796
27,49,2.356194
27,50,-0.785398
27,51,-1.892547
27,67,0.000000
27,70,3.141593
27,83,-1.249046
28,20,0.785398
28,21,1.892547
28,26,-1.570796
28,35,-1.570796
28,39,0.000000
28,40,1.892547
28,58,-1.249046
28,59,3.141593
28,67,-0.785398
28,70,-1.570796
28,78,2.356194
29,10,0.785398
29,11,1.570796
29,12,2.356194
29,32,-1.249046
29,33,-2.356194
29,40,-1.249046
29,41,-2.356194
29,72,0.785398
29,73,1.892547
30,65,0.785398
30,66,2.356194
31,3,0.321751
31,5,3.141593
31,11,2.356194
31,17,-1.249046
31,18,-2.356194
31,20,-0.785398
31,29,1.570796
31,32,2.356194
31,46,0.785398
31,47,3.141593
31,54,0.000000
31,66,-1.570796
31,74,-1.249046
32,3,-0.785398
32,29,0.785398
32,40,0.785398
32,46,-0.785398
32,55,-2.356194
32,67,-2.356194
33,11,-1.249046
33,12,-2.356194
33,24,0.000000
33,26,3.141593
33,29,0.000000
33,37,1.570796
33,84,0.000000
33,85,1.892547
34,15,0.000000
34,16,1.570796
34,17,2.356194
34,29,-0.785398
34,53,0.785398
34,60,0.000000
34,61,0.785398
34,77,-0.321751
34,85,-1.249046
34,86,3.141593
34,89,2.356194
35,2,0.321751
35,4,2.819842
35,19,-2.356194
35,37,-1.570796
35,53,0.000000
35,62,-2.356194
35,89,3.141593
36,6,1.249046
36,8,1.892547
36,25,1.892547
36,30,2.356194
36,41,0.785398
36,53,-0.785398
36,56,3.141593
36,62,2.356194
36,69,0.785398
36,70,1.892547
36,78,-1.570796
36,89,-2.356194
37,11,0.785398
37,12,1.570796
37,13,2.356194
37,15,-0.785398
37,16,-1.570796
37,17,3.141593
37,29,-0.785398
37,42,-2.356194
37,46,2.356194
37,61,0.321751
37,62,-2.819842
37,68,0.785398
37,73,1.570796
37,74,2.356194
37,76,0.785398
37,77,2.356194
38,6,-1.249046
38,8,-1.892547
38,22,-0.785398
38,37,3.141593
38,44,0.000000
38,46,-2.819842
38,61,-0.785398
38,68,0.000000
39,35,3.141593
39,40,0.000000
39,41,3.141593
39,53,0.785398
39,68,-1.570796
39,77,-0.321751
39,89,2.819842
40,2,0.000000
40,15,1.570796
40,24,-0.785398
40,27,-2.819842
40,34,-0.785398
40,53,-0.321751
40,72,-1.570796
40,78,-1.249046
40,79,3.141593
40,84,0.321751
41,2,-0.785398
41,4,-1.249046
41,5,-2.356194
41,8,0.785398
41,9,1.892547
41,15,0.000000
41,34,-1.570796
41,54,-1.249046
41,55,-2.356194
41,56,0.785398
41,57,1.892547
41,73,0.000000
42,9,-1.249046
42,10,-2.356194
42,21,3.141593
42,26,-2.356194
42,57,-1.249046
42,58,-2.356194
42,60,-0.785398
42,61,-1.570796
42,62,-2.356194
42,84,3.141593
42,89,-1.249046
42,90,3.141593
43,13,0.000000
43,14,-0.785398
43,15,-2.356194
43,31,1.570796
43,52,2.356194
43,74,0.000000
43,91,-2.356194
44,2,0.785398
44,17,0.785398
44,18,1.892547
44,26,-1.570796
44,31,-1.570796
44,51,0.000000
44,84,-0.321751
45,3,-2.356194
45,12,2.356194
45,18,-1.249046
45,20,1.892547
45,45,0.321751
45,47,-2.356194
45,52,1.570796
45,68,0.000000
45,74,-2.819842
46,21,2.819842
46,34,1.570796
46,45,-0.785398
46,53,-2.356194
46,80,1.570796
46,86,-1.249046
46,87,3.141593
47,12,-1.249046
47,13,-2.356194
47,14,0.785398
47,15,1.892547
47,70,0.321751
47,73,-1.570796
47,80,-0.321751
47,89,0.785398
48,15,-1.249046
48,16,3.141593
48,21,-0.321751
48,70,-0.785398
48,74,1.570796
48,81,-1.249046
48,82,3.141593
48,90,-2.356194
49,2,0.000000
49,3,0.785398
49,4,1.892547
49,17,-2.356194
49,70,2.356194
49,76,1.892547
50,6,1.570796
50,7,2.356194
50,22,-0.785398
50,40,0.000000
50,70,3.141593
50,76,-1.249046
50,85,0.785398
50,86,1.570796
50,88,1.570796
50,89,3.141593
51,2,0.000000
51,3,-0.785398
51,4,-1.892547
51,22,0.785398
51,26,2.356194
51,46,-0.785398
51,47,-1.570796
51,70,-1.570796
51,78,-1.570796
52,26,3.141593
52,57,-0.785398
52,89,2.819842
53,18,0.000000
53,21,0.000000
53,22,-1.892547
53,26,-2.356194
53,30,0.000000
53,31,3.141593
53,72,0.000000
53,73,1.892547
53,89,-2.356194
54,2,0.000000
54,3,0.785398
54,4,1.892547
54,17,-0.785398
54,20,-2.356194
54,26,2.356194
54,73,-1.249046
54,74,-2.356194
55,6,-1.570796
55,7,-2.356194
55,26,3.141593
55,45,0.000000
55,47,-0.785398
55,48,-1.570796
55,50,-1.892547
55,54,-2.356194
55,76,0.000000
55,77,1.892547
55,84,1.570796
56,3,0.000000
56,4,-1.892547
56,19,2.356194
56,24,0.785398
56,34,2.356194
56,67,0.785398
56,77,-1.249046
56,78,3.141593
56,85,3.141593
57,33,0.321751
57,34,-2.819842
57,67,-0.785398
57,68,-2.356194
57,89,0.000000
58,33,-0.785398
58,64,1.570796
58,66,1.570796
58,70,0.000000
58,71,1.570796
58,73,1.570796
58,74,2.356194
58,80,0.000000
58,81,1.892547
58,87,0.000000
59,6,1.249046
59,7,2.356194
59,19,-1.570796
59,38,0.000000
59,39,3.141593
59,64,-0.321751
59,66,-2.819842
59,75,0.000000
59,76,1.892547
59,81,-1.249046
59,82,3.141593
60,24,3.141593
60,71,-0.321751
60,89,-1.570796
61,17,-0.785398
61,18,-1.570796
61,19,-2.356194
61,45,1.570796
61,54,0.000000
61,77,-1.249046
61,78,3.141593
61,84,1.570796
62,6,-0.321751
62,7,2.819842
62,21,-0.785398
62,22,-1.570796
62,50,1.570796
62,67,1.570796
62,72,-0.321751
63,24,-1.249046
63,25,3.141593
63,61,0.000000
63,69,1.892547
63,87,0.785398
63,88,1.892547
63,90,2.356194
64,7,0.000000
64,14,0.785398
64,15,1.892547
64,45,0.785398
64,64,0.785398
64,65,2.356194
64,75,-2.356194
64,84,-2.356194
64,88,-1.249046
65,28,0.000000
65,45,0.000000
65,48,0.785398
65,49,2.356194
65,64,-0.785398
65,66,2.356194
65,72,1.570796
65,73,3.141593
65,77,1.570796
66,36,1.249046
66,37,2.356194
66,41,3.141593
66,45,-0.785398
66,49,-1.570796
66,59,2.356194
66,77,-0.321751
67,7,-1.249046
67,8,-2.356194
67,15,-0.785398
67,22,0.000000
67,35,-0.785398
67,36,-1.892547
67,58,-0.785398
67,72,-1.570796
67,73,3.141593
68,45,-1.570796
68,50,-1.570796
68,55,0.785398
68,58,2.356194
68,74,0.000000
68,75,1.892547
68,78,-1.570796
68,80,0.000000
68,81,1.892547
68,87,0.000000
68,88,1.892547
69,56,0.000000
69,58,-2.819842
69,64,-0.785398
69,70,3.141593
69,77,3.141593
69,81,-1.249046
69,82,3.141593
69,88,-1.249046
70,13,1.249046
70,14,2.356194
70,20,0.785398
70,21,1.892547
70,33,0.785398
70,71,0.000000
70,72,1.892547
70,90,-1.570796
71,11,0.785398
71,17,-2.356194
71,21,-1.249046
71,22,-2.356194
71,34,3.141593
71,40,2.356194
71,43,3.141593
71,65,0.321751
71,77,0.000000
71,83,0.785398
72,3,0.785398
72,4,2.356194
72,35,-2.356194
72,39,-0.785398
72,61,1.570796
72,65,-1.570796
72,69,0.785398
72,78,-1.570796
72,83,0.000000
72,85,0.785398
72,86,1.892547
73,3,-0.785398
73,12,0.785398
73,48,0.785398
73,54,0.000000
73,62,-2.356194
73,63,0.785398
73,70,3.141593
73,74,-1.249046
73,75,-2.356194
73,76,3.141593
73,79,0.000000
73,80,1.892547
73,83,-1.570796
73,87,2.819842
74,13,3.141593
74,16,2.356194
74,32,0.785398
74,33,1.892547
74,40,0.785398
74,42,1.892547
74,49,-2.356194
74,64,-1.249046
74,65,3.141593
74,71,0.000000
74,72,1.892547
74,80,-1.249046
74,82,2.356194
74,90,1.570796
75,3,0.785398
75,16,-2.356194
75,33,-1.249046
75,34,-2.356194
75,40,-1.570796
75,43,2.819842
75,66,1.570796
75,87,0.000000
75,90,3.141593
76,3,0.000000
76,9,1.249046
76,10,2.356194
76,13,-0.785398
76,14,-1.892547
76,24,0.785398
76,25,1.570796
76,26,2.356194
76,38,0.785398
76,53,0.785398
76,60,0.785398
76,61,1.892547
76,67,3.141593
76,73,-1.249046
76,74,3.141593
76,82,-0.321751
76,87,-1.570796
76,90,-2.356194
77,3,-0.785398
77,28,0.785398
77,29,1.892547
77,39,-1.249046
77,40,3.141593
77,61,-1.249046
77,62,3.141593
77,83,-1.249046
77,85,1.570796
77,86,3.141593
78,9,-2.356194
78,29,-1.249046
78,30,-2.356194
78,31,0.785398
78,42,-0.785398
78,43,-1.892547
78,55,0.000000
78,56,1.892547
79,9,0.785398
79,32,-1.570796
79,49,-2.356194
79,56,-1.249046
79,58,1.892547
79,64,0.000000
79,71,1.570796
80,9,-0.785398
80,10,-2.356194
80,20,0.785398
80,21,1.570796
80,23,1.892547
80,33,0.000000
80,65,-1.570796
80,71,0.000000
80,76,0.000000
80,77,-1.570796
80,78,-2.356194
80,79,0.785398
80,80,1.892547
80,87,0.000000
80,88,1.570796
80,89,3.141593
81,2,0.785398
81,25,-1.570796
81,26,-2.356194
81,28,0.785398
81,29,1.892547
81,52,0.000000
81,59,-1.249046
81,60,3.141593
81,71,-1.570796
81,73,0.000000
81,74,1.570796
81,75,3.141593
82,2,-0.321751
82,4,2.356194
82,5,0.785398
82,31,2.356194
82,33,-0.785398
82,34,-1.570796
82,35,3.141593
82,61,0.000000
82,69,0.785398
82,70,2.356194
82,83,2.356194
82,89,3.141593
83,36,1.570796
83,41,0.000000
83,43,3.141593
83,49,0.000000
83,56,-2.356194
83,62,-1.570796
83,70,-1.570796
83,75,1.570796
83,84,2.356194
84,13,0.785398
84,14,1.570796
84,15,2.356194
84,17,0.785398
84,18,1.570796
84,19,2.356194
84,30,2.356194
84,38,1.892547
85,9,1.249046
85,10,2.356194
85,23,-2.356194
85,38,-1.249046
85,40,1.892547
85,46,0.000000
85,73,0.785398
86,7,-1.249046
86,23,2.356194
86,30,-1.249046
86,31,3.141593
86,40,-1.249046
86,41,3.141593
86,78,0.785398
86,85,-1.249046
86,86,3.141593
87,5,0.785398
87,20,0.000000
87,22,-0.785398
87,34,2.356194
87,43,3.141593
87,58,-0.785398
87,61,0.000000
87,68,1.570796
87,73,0.321751
87,80,1.892547
87,90,2.356194
88,5,0.000000
88,11,2.356194
88,13,-0.785398
88,14,-1.570796
88,15,-2.356194
88,45,0.000000
88,52,0.785398
88,56,2.819842
88,68,0.000000
88,73,-1.570796
88,75,-1.249046
88,82,1.892547
88,88,0.000000
88,90,-2.819842
89,19,1.570796
89,28,1.249046
89,29,2.356194
89,30,-0.785398
89,47,0.000000
89,48,1.892547
89,52,-0.785398
89,64,1.892547
89,68,-1.570796
89,71,0.000000
89,72,2.356194
89,80,-1.570796
90,3,1.249046
90,27,0.321751
90,37,0.321751
90,40,2.356194
90,48,-1.249046
90,49,3.141593
90,52,2.356194
90,55,-0.785398
90,61,0.321751
90,66,0.785398
90,67,2.356194
90,72,-1.570796
90,77,-0.321751
90,79,3.141593
91,2,0.321751
91,18,0.000000
91,19,-1.570796
91,20,-2.356194
91,22,0.785398
91,27,-0.785398
91,32,-0.785398
91,52,3.141593
91,64,-1.570796
91,67,-1.570796
91,73,1.570796
91,84,-1.249046
91,85,3.141593
92,2,-0.785398
92,5,0.321751
92,11,-2.356194
92,15,0.785398
92,16,1.570796
92,17,3.141593
92,23,-2.356194
92,45,0.000000
92,46,1.892547
92,52,-1.570796
92,63,2.356194
92,74,3.141593
92,79,0.000000
92,80,1.892547
93,38,-1.249046
93,39,3.141593
93,46,-1.249046
93,47,3.141593
93,54,0.785398
93,55,1.892547
93,81,2.819842
93,87,0.000000
93,88,2.356194
94,5,0.000000
94,16,2.356194
94,26,0.785398
94,30,0.000000
94,34,0.000000
94,40,0.000000
94,41,1.892547
94,63,-2.356194
95,9,-2.819842
95,21,0.000000
95,38,2.356194
95,50,-2.356194
95,55,-1.570796
95,77,1.570796
95,81,0.000000
96,4,-0.785398
96,5,-1.570796
96,13,1.249046
96,19,0.785398
96,20,2.356194
96,23,-1.249046
96,24,-2.356194
96,28,0.000000
96,32,2.356194
96,33,-0.785398
96,34,-1.570796
96,35,-2.356194
96,36,0.785398
96,40,0.000000
96,41,-1.892547
96,54,1.570796
96,58,-1.249046
96,59,3.141593
96,66,1.570796
96,77,-0.321751
96,81,-1.570796
97,8,-1.249046
97,9,-2.356194
97,12,-0.785398
97,20,-1.570796
97,31,-0.785398
97,37,-1.249046
97,48,3.141593
97,52,0.000000
97,67,3.141593
97,78,-1.249046
97,88,-0.785398
98,16,-2.356194
98,21,-2.356194
98,27,-2.356194
98,28,-0.785398
98,31,-1.570796
98,39,-1.249046
98,40,-2.356194
98,41,3.141593
98,54,-1.249046
98,55,-2.356194
98,56,3.141593
98,61,-2.356194
98,68,-2.356194
98,75,3.141593
98,80,-1.249046
98,81,-2.356194
98,82,3.141593
98,89,-0.785398
