10,66,0.785398
10,67,1.570796
10,68,2.356194
11,54,1.249046
11,55,3.141593
11,78,2.356194
12,76,0.321751
13,76,-0.785398
14,25,1.249046
14,26,2.356194
15,49,2.356194
16,17,2.356194
16,23,-0.785398
16,51,-2.356194
17,16,-0.785398
18,50,0.321751
18,58,-2.819842
18,71,-0.321751
20,43,0.321751
20,66,0.000000
20,71,0.321751
20,79,1.892547
21,43,-1.570796
21,49,0.321751
21,53,-1.892547
21,60,1.249046
21,62,1.892547
22,42,2.356194
22,55,-0.785398
22,81,2.819842
23,16,2.356194
23,49,-0.321751
23,51,-2.819842
23,58,-0.785398
23,67,-1.249046
24,64,3.141593
24,74,-1.249046
24,81,-1.570796
24,82,-2.356194
24,88,0.000000
25,14,0.321751
25,33,0.785398
25,34,2.356194
25,52,2.356194
25,54,-0.785398
25,55,-1.570796
25,61,-0.785398
25,76,-1.249046
25,84,1.570796
25,86,1.249046
25,87,3.141593
26,14,-0.785398
26,33,-0.785398
26,57,-1.249046
26,58,-2.356194
26,61,2.356194
26,64,0.000000
26,72,0.785398
26,78,-2.356194
26,84,0.000000
27,36,0.785398
27,37,2.356194
27,47,-0.321751
27,51,3.141593
27,68,-1.570796
27,78,0.785398
27,86,-2.356194
28,39,2.356194
28,41,-0.785398
28,42,-1.892547
28,51,-1.570796
28,62,-2.356194
28,64,3.141593
28,69,0.785398
28,70,2.356194
28,75,0.785398
28,76,1.892547
28,80,1.892547
28,83,0.321751
28,90,2.356194
29,36,0.000000
29,38,-1.892547
29,52,0.000000
29,53,1.570796
29,54,2.356194
29,69,-1.570796
29,83,-1.570796
29,90,3.141593
30,33,0.785398
30,36,-1.570796
30,66,0.785398
30,71,0.000000
31,45,-0.785398
31,53,0.785398
31,59,0.000000
31,90,3.141593
32,30,2.356194
32,38,0.000000
32,39,3.141593
32,54,-2.356194
32,90,-2.356194
33,33,-2.356194
33,64,0.000000
33,70,-1.570796
33,72,-1.249046
33,78,-2.356194
33,80,3.141593
33,83,0.321751
34,27,0.785398
34,30,2.819842
34,33,2.356194
34,59,-1.249046
34,60,-2.356194
34,64,-1.570796
34,67,-1.249046
34,69,2.356194
34,80,-1.570796
34,83,-0.785398
34,91,2.819842
35,33,-2.819842
35,81,1.570796
35,86,-1.570796
36,61,0.321751
36,65,1.892547
36,71,2.356194
36,73,0.785398
36,77,1.892547
36,83,-1.570796
36,85,2.356194
36,91,-2.819842
37,32,-2.356194
37,67,0.785398
38,14,2.356194
38,28,-0.785398
38,62,-2.356194
38,65,-0.785398
38,68,-1.249046
38,85,-0.321751
38,88,3.141593
38,91,-2.356194
39,32,-1.570796
39,33,3.141593
39,65,0.785398
39,81,-2.356194
40,12,0.321751
40,25,2.356194
40,27,-0.785398
40,34,0.000000
40,66,3.141593
40,76,-1.570796
40,84,0.785398
40,88,2.819842
41,12,-1.570796
41,35,-2.356194
41,67,0.000000
41,68,1.570796
41,69,2.356194
42,25,2.819842
42,61,0.000000
42,62,0.785398
42,63,1.892547
42,71,-1.570796
42,91,3.141593
43,29,0.000000
43,30,-1.570796
43,31,-2.356194
43,63,-1.249046
43,64,-2.356194
43,85,-1.570796
44,34,-0.785398
44,35,-1.570796
44,36,3.141593
44,66,0.000000
44,70,1.892547
44,83,0.785398
44,87,0.000000
45,76,1.892547
45,84,-1.249046
46,25,-1.570796
46,38,0.000000
46,67,0.785398
46,82,1.570796
47,10,0.321751
47,12,3.141593
47,21,0.321751
47,23,2.819842
47,28,3.141593
47,39,-1.570796
47,75,-2.356194
47,79,2.819842
47,82,-0.321751
48,10,-0.785398
48,65,0.785398
48,79,-1.570796
49,24,2.819842
49,63,0.785398
49,84,-1.249046
49,85,3.141593
49,89,-1.249046
49,90,3.141593
50,74,3.141593
50,81,0.000000
50,82,1.892547
50,91,-2.356194
51,25,-2.356194
51,26,3.141593
51,62,0.785398
51,69,-1.249046
51,77,0.785398
51,78,1.892547
51,83,2.819842
51,87,0.000000
51,88,1.892547
52,17,0.000000
52,18,1.570796
52,19,2.356194
52,22,-0.785398
52,62,-0.321751
52,78,-1.249046
52,79,3.141593
53,24,2.356194
53,73,-2.356194
53,74,0.785398
53,75,1.892547
53,80,1.570796
53,83,-0.785398
53,85,1.892547
53,90,2.819842
54,23,0.000000
54,70,0.785398
54,71,2.356194
54,75,-1.249046
54,77,1.892547
54,80,-0.785398
54,85,-1.249046
54,86,3.141593
54,90,-2.356194
55,21,0.785398
55,22,2.356194
55,61,-1.570796
55,63,-1.249046
55,77,-1.249046
55,79,2.356194
55,87,0.000000
55,88,1.892547
55,90,2.356194
56,22,-2.356194
56,60,0.785398
56,65,-1.249046
56,66,3.141593
56,71,-0.785398
56,72,-2.356194
56,88,-1.249046
56,90,3.141593
57,22,2.356194
57,60,-0.321751
57,69,0.785398
57,70,2.356194
57,74,0.000000
57,75,1.892547
57,81,1.892547
57,84,-1.249046
57,85,3.141593
57,90,-2.356194
58,61,-1.249046
58,62,-2.356194
58,70,-1.570796
58,75,-1.249046
58,76,3.141593
58,90,-1.570796
59,41,-0.785398
59,42,-1.570796
59,43,3.141593
59,64,0.000000
59,65,1.892547
59,71,0.000000
59,72,1.892547
59,77,0.000000
59,78,1.892547
59,87,0.000000
60,10,0.785398
60,23,0.785398
60,28,1.570796
60,39,1.570796
60,67,1.892547
60,78,-1.249046
60,79,3.141593
60,88,-1.570796
61,10,0.000000
61,22,3.141593
61,24,-2.356194
61,28,-1.570796
61,37,1.249046
61,39,3.141593
61,67,-1.249046
61,69,1.892547
61,73,-1.249046
61,75,1.892547
61,84,-1.249046
61,85,3.141593
62,10,-0.785398
62,19,-1.249046
62,21,-1.892547
62,39,-2.356194
62,46,1.570796
62,63,1.570796
62,75,-1.249046
62,76,3.141593
63,25,3.141593
63,32,2.356194
63,34,0.785398
63,46,0.000000
63,65,-1.249046
63,66,3.141593
63,70,-1.249046
63,72,1.892547
63,77,1.570796
63,87,-2.356194
64,23,-1.892547
64,26,2.356194
64,31,-0.785398
64,67,0.000000
64,68,1.892547
64,77,-0.785398
64,78,-2.356194
64,83,0.000000
64,84,1.892547
64,91,-1.570796
65,21,-1.570796
65,28,3.141593
65,31,0.785398
65,35,-2.819842
65,46,-0.321751
65,48,-2.819842
65,53,0.000000
65,56,0.785398
65,57,1.892547
65,63,3.141593
65,68,-1.249046
65,69,3.141593
65,76,0.000000
65,80,1.570796
65,85,2.819842
66,18,1.249046
66,19,2.356194
66,38,0.321751
66,40,2.819842
66,57,-1.249046
66,58,-2.356194
66,64,0.000000
66,65,1.892547
66,70,0.000000
66,71,1.892547
66,73,-1.570796
66,80,-0.785398
66,81,3.141593
66,85,-1.570796
67,9,0.321751
67,11,-2.356194
67,38,-1.570796
67,40,-1.570796
67,78,0.000000
67,79,2.356194
67,83,3.141593
67,86,0.000000
68,9,-0.785398
68,21,1.249046
68,22,3.141593
68,36,1.570796
68,41,2.356194
68,45,2.356194
68,62,0.785398
68,66,-1.249046
68,68,1.892547
68,72,-1.570796
68,75,0.000000
68,76,3.141593
68,87,-1.570796
69,25,1.249046
69,26,2.356194
69,28,2.356194
69,33,-0.785398
69,34,-1.892547
69,39,2.356194
69,40,-0.785398
69,44,-0.785398
69,57,0.785398
69,58,1.892547
69,63,1.570796
69,68,-1.249046
69,70,1.892547
69,79,-0.785398
69,81,1.892547
69,88,-2.356194
70,19,-1.570796
70,36,-0.321751
70,44,0.000000
70,58,-1.249046
70,59,-2.356194
70,63,-0.785398
70,65,1.892547
70,74,0.000000
70,75,1.892547
70,77,0.785398
71,18,1.570796
71,29,-2.356194
71,46,-0.785398
71,47,-1.570796
71,48,-2.356194
71,61,0.000000
71,65,-1.249046
71,67,1.892547
71,71,-1.249046
71,72,3.141593
71,79,2.819842
71,82,-1.249046
71,83,3.141593
71,89,1.570796
72,17,0.321751
72,21,1.570796
72,27,-1.892547
72,31,-0.321751
72,33,2.356194
72,35,0.785398
72,39,2.356194
72,62,-1.249046
72,63,3.141593
72,67,-1.249046
72,69,1.892547
72,79,-1.570796
72,84,1.570796
73,9,0.785398
73,58,0.785398
73,59,1.892547
73,65,3.141593
73,85,3.141593
74,9,-0.321751
74,11,2.356194
74,16,-0.785398
74,17,-1.570796
74,23,0.321751
74,29,1.249046
74,30,2.356194
74,59,-1.249046
74,61,1.892547
74,70,-1.249046
74,71,3.141593
74,75,-1.249046
74,76,3.141593
74,80,-1.570796
75,23,-1.570796
75,27,2.356194
75,28,-0.785398
75,29,-1.892547
75,35,-0.785398
75,39,-2.356194
75,61,-1.249046
75,62,3.141593
75,72,-2.356194
75,82,0.785398
75,87,1.570796
75,91,-1.570796
76,22,0.000000
76,57,0.785398
76,58,1.892547
76,63,0.000000
76,79,1.570796
76,87,-0.321751
77,20,-0.785398
77,23,0.000000
77,24,1.892547
77,31,-0.785398
77,32,-2.356194
77,37,2.356194
77,58,-1.249046
77,60,1.892547
77,64,-1.570796
77,74,0.785398
77,79,-0.321751
77,88,-1.249046
77,89,3.141593
78,20,2.356194
78,35,0.785398
78,40,1.249046
78,42,2.356194
78,60,-1.249046
78,61,3.141593
79,20,-2.819842
79,34,-2.356194
79,38,-2.356194
79,42,-2.356194
79,76,0.000000
79,77,1.892547
79,82,2.819842
79,90,-1.570796
80,26,3.141593
80,40,-2.356194
80,46,0.000000
80,50,3.141593
80,64,3.141593
80,77,-1.249046
80,78,3.141593
80,82,-2.356194
81,23,0.321751
81,26,-1.570796
81,36,-2.819842
81,42,2.356194
81,73,0.000000
81,79,-2.356194
81,82,-1.570796
82,27,0.785398
82,28,2.356194
82,55,0.785398
82,66,1.570796
82,70,-2.356194
82,75,1.570796
83,30,-1.570796
83,35,-1.570796
83,51,3.141593
83,56,0.000000
83,62,-2.356194
83,75,-0.321751
84,14,0.321751
84,27,3.141593
84,31,0.785398
84,32,3.141593
84,36,0.785398
84,38,-1.892547
84,44,3.141593
84,46,-0.785398
84,57,-2.356194
84,67,-2.356194
84,77,2.819842
84,81,1.570796
85,36,-1.570796
85,41,1.249046
85,42,3.141593
85,54,0.785398
85,56,1.570796
85,77,-1.570796
85,81,-1.570796
86,12,1.249046
86,14,-1.570796
86,15,-2.356194
86,27,-0.321751
86,29,2.356194
86,30,-0.785398
86,35,-0.785398
86,40,0.321751
86,50,0.000000
86,55,-0.785398
86,69,0.785398
86,74,1.570796
86,90,-1.570796
87,22,1.570796
87,40,-1.570796
87,53,-2.356194
87,70,-2.356194
87,87,0.785398
88,12,-2.356194
88,20,-2.356194
88,21,-0.785398
88,22,-2.356194
88,34,2.356194
88,44,0.000000
88,45,3.141593
88,80,-2.356194
88,88,1.570796
89,26,1.249046
89,27,3.141593
89,33,1.570796
89,52,0.000000
89,68,1.570796
89,71,0.000000
89,72,3.141593
89,75,-1.570796
89,88,-0.321751
90,24,0.785398
90,26,-1.892547
90,31,1.249046
90,55,-2.356194
90,90,2.819842
91,24,-1.570796
91,30,0.000000
91,31,-1.892547
91,38,-2.356194
91,63,0.785398
91,69,-2.356194
91,82,1.570796
91,86,1.570796
91,90,-2.356194
92,15,0.000000
92,16,1.570796
92,17,2.356194
92,29,1.570796
92,64,-2.356194
92,82,0.785398
93,27,1.249046
93,33,0.000000
93,36,-2.356194
93,40,-1.570796
93,43,0.000000
93,47,3.141593
93,51,0.000000
93,71,0.785398
93,82,-0.321751
93,83,2.819842
94,54,-2.356194
94,62,1.570796
94,83,-1.570796
95,19,0.785398
95,20,1.570796
95,21,2.356194
95,56,0.000000
95,58,3.141593
95,68,0.785398
95,80,0.785398
95,90,2.356194
96,24,1.570796
96,38,2.356194
96,42,2.356194
96,77,1.570796
97,22,-1.570796
97,33,-0.785398
97,47,3.141593
97,65,3.141593
97,73,-1.570796
97,81,-1.570796
97,87,-0.785398
97,88,-1.892547
98,24,-1.249046
98,25,-2.356194
98,26,-0.785398
98,27,-1.892547
98,31,3.141593
98,37,-1.570796
98,40,-0.785398
98,45,-0.785398
98,56,0.000000
98,57,3.141593
98,70,-1.570796
98,77,-1.570796
