4,52,0.785398
4,53,1.570796
4,54,2.356194
4,56,0.785398
4,57,1.570796
4,58,2.356194
5,34,1.249046
5,35,3.141593
5,44,0.000000
5,65,1.570796
5,66,2.356194
6,20,1.249046
6,21,2.356194
6,30,0.785398
6,31,1.892547
7,73,1.570796
7,75,1.249046
7,76,2.356194
8,36,1.249046
8,37,2.356194
8,44,2.819842
8,71,1.892547
8,82,1.570796
9,33,0.000000
9,41,-0.785398
9,42,-1.892547
9,44,-2.356194
9,56,-0.785398
9,57,-1.570796
9,58,-2.356194
10,13,3.141593
10,18,-1.570796
10,28,0.321751
10,38,-1.570796
10,39,-2.356194
10,52,0.000000
10,53,-1.570796
10,54,-2.356194
10,60,-1.570796
10,66,-2.356194
10,67,0.785398
10,71,-1.892547
10,73,-1.249046
11,12,-1.570796
11,28,-0.785398
11,35,-1.892547
11,44,0.785398
11,47,1.249046
11,48,2.356194
11,62,2.356194
11,63,-0.785398
11,64,-1.892547
12,44,-0.785398
12,45,-2.356194
12,46,-0.785398
12,47,-1.892547
12,59,1.249046
12,61,-1.892547
13,21,0.785398
13,22,2.356194
13,25,0.785398
13,26,1.570796
14,11,0.785398
14,21,-0.785398
14,31,-1.892547
14,38,0.785398
14,39,1.570796
14,40,3.141593
14,53,1.249046
14,54,2.356194
14,67,-0.785398
14,68,-1.570796
14,69,-2.356194
14,71,0.785398
14,72,1.892547
15,11,-0.785398
15,12,3.141593
15,75,-0.785398
16,29,-2.819842
16,39,0.785398
16,44,1.249046
16,45,2.356194
16,47,0.785398
16,48,2.356194
16,53,-2.356194
16,72,-0.785398
16,77,-1.249046
16,79,3.141593
17,32,1.249046
17,33,3.141593
17,43,-0.785398
17,44,-1.892547
17,48,-2.356194
17,53,0.785398
17,57,0.000000
17,58,-1.570796
17,59,-2.356194
17,67,1.249046
17,68,2.356194
17,69,0.785398
17,70,1.892547
17,72,2.356194
17,79,-2.356194
17,83,0.785398
17,84,1.892547
17,87,2.356194
18,11,3.141593
18,23,0.785398
18,31,-0.785398
18,32,-1.892547
18,38,0.000000
18,39,-1.892547
18,48,0.785398
18,72,-2.819842
18,86,-0.785398
18,87,-2.356194
19,8,0.321751
19,17,0.785398
19,18,1.570796
19,20,1.892547
19,23,-0.785398
19,24,-2.356194
19,35,1.249046
19,36,2.356194
19,52,-0.785398
19,53,-1.892547
19,69,-0.785398
19,80,0.785398
19,82,-1.570796
20,8,-1.570796
20,32,1.249046
20,33,2.356194
20,34,-0.785398
20,35,-1.892547
20,47,-0.785398
20,48,-1.892547
20,67,-1.570796
20,80,-1.570796
21,20,-1.892547
21,31,-0.785398
21,32,-1.892547
21,40,1.249046
21,41,2.356194
21,56,1.249046
21,57,2.356194
21,58,0.785398
21,59,1.892547
21,71,-0.785398
21,77,2.356194
21,78,0.785398
21,79,2.356194
21,84,-2.819842
22,38,1.249046
22,40,-1.892547
22,52,0.785398
22,53,1.892547
22,71,2.356194
22,79,-2.356194
22,82,0.321751
23,26,3.141593
23,37,0.000000
23,38,-1.892547
23,48,1.249046
23,49,2.356194
23,53,-1.249046
23,59,-1.570796
23,70,-0.785398
23,71,-2.356194
23,76,-2.356194
24,16,0.785398
24,18,1.249046
24,19,2.356194
24,47,-0.785398
24,48,-1.892547
24,66,2.356194
24,73,-0.785398
24,78,0.321751
24,82,3.141593
25,16,0.000000
25,21,2.356194
25,25,3.141593
25,32,1.249046
25,33,3.141593
25,43,3.141593
25,65,-0.785398
25,66,-2.356194
26,20,-1.892547
26,25,-2.356194
26,54,1.249046
26,55,2.356194
26,59,0.785398
26,60,1.570796
26,61,2.356194
26,62,0.785398
26,63,2.356194
26,82,0.000000
26,84,1.892547
26,87,0.321751
26,89,2.819842
27,16,0.000000
27,18,-1.892547
27,32,-1.570796
27,52,1.249046
27,54,-1.892547
27,76,-1.570796
27,79,-2.356194
28,6,0.321751
28,8,3.141593
28,11,1.249046
28,12,2.356194
28,33,1.570796
28,39,1.249046
28,50,1.249046
28,65,1.570796
28,66,2.356194
28,74,0.785398
28,75,2.356194
29,6,-0.785398
29,9,0.000000
29,14,2.356194
29,15,-0.785398
29,23,1.249046
29,24,2.356194
29,26,3.141593
29,35,1.570796
29,36,2.356194
29,41,-1.249046
29,46,0.785398
29,47,1.570796
29,48,2.356194
29,77,1.249046
30,6,2.356194
30,31,1.249046
30,33,-1.892547
30,39,-2.356194
30,50,-1.249046
30,59,-0.785398
30,60,-1.570796
30,61,-2.356194
30,65,2.356194
30,74,0.321751
30,88,2.819842
31,5,0.321751
31,12,-1.892547
31,19,1.249046
31,20,3.141593
31,23,-1.570796
31,26,0.000000
31,64,-0.785398
31,65,-2.356194
31,77,-1.249046
31,79,-1.570796
31,83,2.819842
32,5,-1.570796
32,17,1.249046
32,19,-1.892547
32,26,-1.570796
32,31,-2.356194
32,43,-1.570796
32,53,1.570796
32,66,0.000000
32,67,1.892547
32,74,3.141593
32,88,-2.356194
33,16,0.000000
33,17,-1.892547
33,35,2.356194
33,53,-0.785398
33,54,-2.356194
33,55,0.785398
33,56,1.570796
33,57,2.356194
33,67,-1.249046
33,69,1.892547
33,83,3.141593
34,22,1.249046
34,25,-2.819842
34,34,0.321751
34,35,-2.819842
34,52,-0.785398
34,61,0.785398
34,62,1.570796
34,63,2.356194
34,69,-1.249046
34,71,1.892547
34,73,0.000000
34,74,-1.570796
34,83,-2.356194
35,13,1.570796
35,34,-0.785398
35,78,1.249046
35,80,-1.892547
36,10,0.785398
36,11,2.356194
36,20,0.000000
36,21,-1.892547
36,30,-0.785398
36,46,-1.570796
36,76,-0.785398
37,4,0.785398
37,10,-1.570796
37,13,-1.249046
37,14,3.141593
37,60,0.321751
37,63,1.892547
37,71,-1.249046
37,72,-2.356194
37,73,0.785398
37,74,1.570796
37,75,3.141593
38,4,0.000000
38,16,2.356194
38,17,0.785398
38,18,2.356194
38,46,2.356194
38,60,-0.785398
39,4,-1.570796
39,14,0.000000
39,15,-1.892547
39,63,-0.785398
39,66,0.000000
39,67,1.892547
39,74,-0.321751
39,79,2.356194
39,89,2.356194
40,12,1.249046
40,13,3.141593
40,18,3.141593
40,49,1.570796
40,52,1.570796
40,67,-1.249046
40,68,-2.356194
40,69,0.785398
40,70,1.892547
40,78,-0.785398
40,79,-2.356194
40,83,2.356194
40,89,-2.819842
41,11,0.000000
41,12,-1.892547
41,16,0.785398
41,21,0.000000
41,41,1.570796
41,45,2.356194
41,70,-1.249046
41,71,3.141593
41,75,-1.570796
41,80,0.000000
41,81,1.570796
42,3,0.785398
42,16,0.000000
42,18,3.141593
42,44,0.321751
42,45,-2.819842
42,73,0.785398
42,74,2.356194
43,3,-0.321751
43,5,2.356194
43,16,-1.570796
43,18,-2.356194
43,44,-0.785398
43,64,0.000000
43,65,1.570796
43,67,1.892547
43,74,-2.356194
43,87,-1.570796
44,7,3.141593
44,52,2.356194
44,69,1.892547
44,74,0.785398
44,79,0.785398
45,3,0.321751
45,6,-1.892547
45,19,-2.356194
45,21,0.000000
45,23,3.141593
45,31,2.356194
45,48,2.356194
45,51,0.321751
45,52,-2.819842
45,63,1.249046
45,69,-1.249046
45,70,3.141593
45,76,1.570796
45,77,2.356194
46,3,-1.570796
46,11,1.249046
46,30,0.321751
46,31,-2.819842
46,35,-1.570796
46,47,0.321751
46,48,-2.819842
46,51,-0.785398
46,62,0.321751
46,66,-2.356194
46,80,-0.321751
47,10,-0.785398
47,15,-2.356194
47,18,3.141593
47,30,-1.570796
47,43,1.570796
47,47,-0.785398
47,55,2.356194
47,59,2.356194
47,62,-0.785398
47,66,0.785398
48,23,0.000000
48,25,3.141593
48,42,0.321751
48,43,-2.819842
48,47,2.356194
48,51,2.356194
48,54,0.321751
48,55,-2.819842
48,58,0.321751
48,59,-2.819842
48,66,-0.321751
48,76,2.819842
49,13,-2.356194
49,21,1.570796
49,28,1.570796
49,42,-0.785398
49,47,-2.819842
49,50,0.321751
49,51,-2.819842
49,54,-0.785398
49,58,-0.785398
50,21,-1.570796
50,27,0.321751
50,28,-2.819842
50,31,2.356194
50,45,0.321751
50,50,-0.785398
50,71,2.356194
51,3,-2.356194
51,17,3.141593
51,27,-1.570796
51,30,1.570796
51,34,1.570796
51,45,-1.570796
51,65,-0.785398
51,72,0.000000
51,73,1.892547
51,87,2.356194
52,29,0.321751
52,30,-2.819842
52,34,2.356194
52,61,2.356194
52,68,0.000000
52,82,0.785398
52,83,1.570796
52,85,-1.892547
52,87,-2.356194
53,13,0.785398
53,22,1.249046
53,23,3.141593
53,29,-1.570796
53,33,0.321751
53,34,-2.819842
53,44,2.356194
53,57,2.356194
53,60,0.321751
53,61,-2.819842
53,68,-0.785398
53,73,-1.570796
53,80,-1.570796
54,13,0.000000
54,16,0.785398
54,17,1.892547
54,21,-0.785398
54,22,-1.892547
54,43,0.321751
54,44,-2.819842
54,47,2.356194
54,50,-1.570796
54,56,0.321751
54,57,-2.819842
54,60,-0.785398
54,68,0.785398
54,71,1.249046
54,72,3.141593
54,78,0.785398
54,79,2.356194
54,82,0.321751
54,83,-2.819842
55,2,0.785398
55,19,3.141593
55,27,0.785398
55,33,-2.819842
55,39,1.570796
55,56,-0.785398
55,68,0.000000
55,70,-0.785398
55,76,-1.570796
55,79,-2.356194
55,82,-1.570796
56,2,0.000000
56,24,1.249046
56,25,2.356194
56,31,0.000000
56,32,-1.892547
56,35,-0.785398
56,38,0.321751
56,39,-2.819842
56,42,0.321751
56,43,-2.819842
56,68,-0.785398
56,72,1.570796
56,79,0.785398
56,81,1.570796
57,2,-0.785398
57,9,1.249046
57,10,3.141593
57,18,-0.785398
57,19,-2.356194
57,23,-0.785398
57,24,-1.892547
57,29,0.785398
57,30,3.141593
57,38,-0.785398
57,42,-0.785398
57,52,2.356194
57,59,2.356194
57,72,0.000000
57,77,1.892547
57,87,2.356194
58,13,-0.785398
58,29,-1.570796
58,34,2.356194
58,38,2.356194
58,48,1.570796
58,51,0.321751
58,52,-2.819842
58,55,2.356194
58,58,0.321751
58,59,-2.819842
58,72,-1.570796
58,83,2.356194
58,84,0.785398
58,85,1.570796
58,87,-2.356194
59,6,1.249046
59,8,-1.892547
59,28,1.570796
59,33,1.570796
59,37,0.321751
59,38,-2.819842
59,41,1.570796
59,51,-0.785398
59,54,0.321751
59,55,-2.819842
59,58,-0.785398
59,67,0.321751
59,71,1.570796
59,77,-1.570796
60,5,0.000000
60,6,-1.892547
60,27,-0.785398
60,28,-2.356194
60,32,0.321751
60,33,-2.819842
60,40,0.321751
60,41,-2.819842
60,44,-0.785398
60,54,-0.785398
60,58,2.356194
60,71,-2.356194
60,85,-2.819842
61,3,0.785398
61,4,3.141593
61,16,0.785398
61,17,1.570796
61,18,2.356194
61,19,3.141593
61,22,0.000000
61,29,1.570796
61,32,-1.570796
61,37,-2.819842
61,47,2.356194
61,57,0.321751
61,58,-2.819842
61,66,0.000000
61,73,0.785398
61,79,-1.570796
62,3,-1.570796
62,29,0.000000
62,35,0.321751
62,39,0.321751
62,40,-2.819842
62,43,1.570796
62,46,0.321751
62,47,-2.819842
62,50,2.356194
62,65,1.570796
62,77,0.785398
62,78,3.141593
63,2,-0.785398
63,8,1.570796
63,29,-1.570796
63,35,-1.570796
63,43,2.356194
63,46,-0.785398
63,49,0.321751
63,50,-2.819842
63,56,0.321751
63,57,-2.819842
63,64,0.321751
63,65,-2.819842
63,74,2.356194
64,7,0.000000
64,15,1.249046
64,17,-1.570796
64,18,-2.356194
64,39,-2.819842
64,42,0.321751
64,43,-2.819842
64,49,-0.785398
64,56,-0.785398
64,64,-0.785398
64,73,0.321751
64,77,-0.785398
64,83,-2.356194
64,88,2.356194
65,12,0.321751
65,37,0.321751
65,52,-1.570796
65,73,-1.570796
65,88,3.141593
66,12,-1.570796
66,15,-2.356194
66,32,1.570796
66,37,-1.570796
66,42,-2.819842
66,45,1.570796
66,68,0.321751
66,70,-2.356194
66,71,0.785398
66,79,-1.570796
66,81,-2.356194
66,88,-2.356194
67,15,0.785398
67,29,1.249046
67,30,2.356194
67,31,-0.785398
67,36,1.570796
67,40,0.321751
67,44,0.321751
67,45,-2.819842
67,68,-0.785398
67,77,0.785398
67,78,3.141593
68,17,2.356194
68,22,3.141593
68,28,0.000000
68,29,-1.892547
68,36,-2.819842
68,40,-1.570796
68,54,-1.570796
68,71,0.000000
68,82,1.570796
69,3,-1.570796
69,8,1.570796
69,14,0.321751
69,34,0.000000
69,35,-1.892547
69,43,0.321751
69,44,-2.819842
69,67,0.785398
69,70,1.570796
69,77,-0.785398
69,78,3.141593
69,83,3.141593
70,8,-2.819842
70,14,-1.570796
70,16,-1.570796
70,25,1.249046
70,26,3.141593
70,43,-1.570796
70,67,0.000000
70,69,-0.785398
70,70,-2.356194
70,73,-1.570796
70,75,0.785398
70,76,3.141593
70,84,2.356194
71,6,0.000000
71,7,-1.892547
71,19,1.249046
71,20,2.356194
71,24,-0.785398
71,25,-1.892547
71,37,1.570796
71,56,1.570796
71,71,0.000000
71,72,2.356194
71,80,1.570796
71,84,3.141593
71,88,0.785398
72,37,-2.819842
72,56,3.141593
72,66,0.321751
72,68,2.819842
72,80,-0.321751
72,88,0.000000
73,4,1.570796
73,10,1.570796
73,35,0.000000
73,36,-1.892547
73,49,1.570796
73,56,-2.356194
73,61,0.785398
73,72,-0.321751
73,74,3.141593
73,77,2.819842
74,3,0.000000
74,10,-2.819842
74,15,0.785398
74,19,-1.570796
74,23,1.249046
74,24,2.356194
74,25,0.785398
74,26,2.356194
74,40,3.141593
74,49,2.356194
74,53,1.570796
74,68,-1.570796
74,69,3.141593
74,77,-1.570796
74,81,-0.321751
75,8,0.000000
75,9,-1.892547
75,14,0.785398
75,20,1.570796
75,26,-1.570796
75,31,1.249046
75,32,3.141593
75,39,-1.570796
75,49,-2.819842
75,60,0.321751
75,78,0.785398
75,79,2.356194
76,7,1.570796
76,14,-0.785398
76,15,-2.356194
76,28,2.356194
76,30,-0.785398
76,31,-1.892547
76,51,0.321751
76,54,0.785398
76,55,3.141593
76,74,0.000000
76,80,2.356194
76,83,-1.249046
76,85,-1.892547
76,87,-2.356194
77,2,-1.570796
77,12,1.249046
77,13,3.141593
77,19,0.000000
77,20,-1.892547
77,46,0.321751
77,54,-0.785398
77,60,0.000000
77,71,0.785398
77,72,2.356194
77,76,0.785398
77,78,-1.570796
77,80,3.141593
78,5,-1.570796
78,33,1.249046
78,34,2.356194
78,46,-1.570796
78,51,-2.819842
78,67,2.819842
78,71,-0.785398
78,76,-0.785398
78,80,-2.356194
79,10,0.321751
79,32,-0.785398
79,33,-1.892547
79,45,1.570796
79,49,0.321751
79,59,0.321751
79,60,-2.819842
79,63,-2.356194
79,67,-2.356194
79,72,1.570796
80,10,-1.570796
80,15,0.785398
80,16,2.356194
80,30,1.570796
80,45,-2.819842
80,53,1.570796
80,77,1.570796
81,9,1.570796
81,14,0.785398
81,16,-2.356194
81,30,-2.819842
81,43,0.321751
81,51,1.249046
81,53,-2.356194
81,58,0.000000
81,59,-2.356194
81,71,0.321751
81,74,1.570796
81,77,-0.321751
81,82,1.249046
81,84,1.892547
81,87,0.000000
82,2,-1.570796
82,7,0.785398
82,9,-2.819842
82,14,0.000000
82,25,0.000000
82,35,1.570796
82,43,-1.570796
82,47,0.000000
82,54,0.000000
82,56,0.785398
82,57,2.356194
82,71,-0.785398
82,74,-0.321751
82,80,-1.570796
83,14,-0.785398
83,21,-2.356194
83,25,-1.570796
83,35,-2.819842
83,41,2.356194
83,57,-2.356194
83,84,-1.892547
84,7,-2.356194
84,17,0.000000
84,24,1.570796
84,29,0.000000
84,40,-0.785398
84,53,2.356194
84,64,1.570796
84,72,0.785398
85,3,0.785398
85,11,1.249046
85,12,2.356194
85,19,-2.356194
85,23,0.321751
85,24,-2.819842
85,29,-0.785398
85,34,-1.570796
85,46,0.785398
85,50,-0.785398
85,51,-2.356194
85,52,-0.785398
85,53,-2.356194
85,69,1.570796
85,73,2.819842
85,77,-2.356194
85,80,0.000000
85,82,-2.819842
86,2,0.785398
86,10,0.000000
86,11,-1.892547
86,16,0.000000
86,23,-1.570796
86,38,0.785398
86,49,0.000000
86,70,-2.356194
86,77,0.785398
87,2,0.000000
87,8,0.785398
87,9,2.356194
87,21,1.249046
87,22,3.141593
87,39,-1.249046
87,40,-2.356194
87,58,-1.570796
87,65,-1.570796
87,73,-0.321751
87,74,2.819842
87,78,-2.356194
87,81,3.141593
88,2,-0.785398
88,9,-2.356194
88,13,1.570796
88,20,0.321751
88,46,-1.570796
88,74,-1.570796
89,8,-2.356194
89,20,-0.785398
89,62,-1.570796
89,80,0.321751
89,85,1.249046
89,86,2.356194
89,88,0.000000
90,12,0.785398
90,25,-0.785398
90,77,1.892547
91,2,0.785398
91,20,-1.570796
91,44,1.570796
91,50,-1.570796
91,55,-2.356194
91,72,1.249046
92,2,-0.321751
92,10,0.000000
92,11,-1.570796
92,12,-2.356194
92,16,1.570796
92,40,1.570796
92,47,-0.785398
92,75,0.000000
92,85,-2.819842
93,25,0.785398
93,45,-2.356194
93,61,0.785398
93,70,-0.785398
93,79,-2.819842
94,3,-0.785398
94,5,0.000000
94,6,1.892547
94,15,3.141593
94,26,0.785398
94,27,2.356194
94,28,3.141593
94,54,2.356194
94,58,1.570796
94,66,1.570796
94,78,-1.892547
94,85,2.819842
95,14,-1.570796
95,20,1.570796
95,26,-1.570796
95,33,3.141593
95,42,-2.356194
95,82,0.321751
96,3,0.785398
96,6,-1.570796
96,13,1.570796
96,20,2.356194
96,71,-0.321751
96,76,-2.819842
96,88,2.356194
97,4,-2.356194
97,12,0.000000
97,18,0.000000
97,19,-0.785398
97,25,2.356194
97,42,0.785398
97,54,-1.570796
97,57,0.000000
97,63,-2.356194
97,68,3.141593
97,75,-1.570796
97,84,-1.892547
98,9,0.000000
98,23,0.000000
98,24,-0.785398
98,31,-1.570796
98,43,-2.356194
