11,31,0.785398
11,32,2.356194
11,54,2.356194
12,22,1.249046
12,23,3.141593
12,32,-1.570796
12,52,0.321751
13,52,-1.570796
14,18,1.249046
14,19,2.356194
14,20,-0.785398
15,14,1.249046
15,15,2.356194
15,17,-0.785398
17,12,0.321751
17,36,0.785398
18,12,-0.785398
18,36,0.000000
19,12,2.356194
19,36,-0.785398
19,47,1.892547
19,49,1.249046
19,53,1.892547
21,10,0.321751
21,44,-0.785398
21,45,-1.570796
21,76,3.141593
22,10,-1.570796
22,30,0.785398
22,31,1.570796
22,32,2.356194
22,36,2.356194
22,47,-2.356194
22,54,-1.249046
22,60,1.249046
22,62,1.892547
22,73,0.321751
23,34,2.356194
23,35,-0.785398
23,56,-1.249046
23,58,1.570796
23,73,-1.570796
24,26,0.785398
24,31,0.000000
24,33,-1.892547
24,46,-0.785398
24,47,-1.570796
24,48,-2.356194
24,49,-0.785398
24,50,-1.570796
24,51,-2.356194
24,66,1.892547
25,26,0.000000
25,35,1.249046
25,36,2.356194
25,56,0.785398
25,67,2.819842
26,9,0.785398
26,31,0.000000
26,34,-0.785398
26,35,-1.892547
26,57,-1.249046
27,9,-0.785398
27,10,3.141593
27,28,-2.819842
27,31,-1.570796
27,59,-1.249046
27,70,1.892547
27,72,2.356194
28,19,0.785398
28,24,-0.785398
28,34,1.249046
28,35,2.356194
28,54,0.785398
28,55,1.892547
28,61,-1.249046
29,19,0.000000
29,21,1.892547
29,29,0.000000
29,32,1.249046
29,34,-1.892547
29,55,-1.249046
29,56,-2.356194
29,67,0.000000
29,74,1.570796
29,76,1.892547
30,8,0.785398
30,19,-0.785398
30,37,1.249046
30,38,2.356194
30,59,0.785398
30,60,1.892547
30,77,2.819842
31,8,-0.785398
31,9,3.141593
31,29,0.000000
31,30,-1.892547
31,34,2.356194
31,36,-0.785398
31,37,-1.892547
32,28,3.141593
32,55,0.000000
32,56,1.892547
32,66,-1.570796
32,72,0.000000
32,73,2.356194
33,16,0.000000
33,17,1.570796
33,19,-1.892547
33,31,0.000000
33,32,-1.892547
33,39,1.249046
33,40,2.356194
33,41,0.785398
33,42,1.570796
33,44,1.892547
33,58,1.570796
33,70,3.141593
33,73,-1.570796
34,29,2.356194
34,38,-0.785398
34,39,-1.892547
34,65,-1.249046
34,74,0.000000
34,75,0.000000
34,80,2.819842
35,6,0.321751
35,8,3.141593
35,17,2.356194
35,21,-2.819842
35,23,0.321751
35,32,1.249046
35,33,2.356194
35,42,0.000000
35,72,0.000000
35,80,-2.356194
36,6,-0.785398
36,14,0.000000
36,15,1.570796
36,19,0.321751
36,23,-1.570796
36,31,0.000000
36,32,-1.892547
36,42,-1.570796
36,46,1.570796
36,56,-1.570796
36,61,-0.785398
36,62,-1.570796
36,64,1.570796
36,69,-2.356194
36,86,2.356194
37,19,-1.570796
37,29,1.249046
37,30,3.141593
37,36,0.785398
37,40,0.000000
37,47,3.141593
37,59,-0.785398
37,71,0.000000
37,72,2.356194
37,74,-1.249046
37,75,3.141593
37,77,-1.570796
37,81,0.785398
37,82,1.892547
38,15,2.356194
38,21,1.570796
38,34,0.785398
38,39,-2.356194
38,48,-2.356194
38,63,0.321751
38,72,-1.570796
38,76,-0.785398
39,12,0.000000
39,13,1.570796
39,15,-2.356194
39,17,1.570796
39,20,0.321751
39,56,0.000000
39,57,1.570796
39,58,3.141593
39,63,-1.570796
39,70,1.892547
39,73,0.000000
39,74,1.892547
39,77,0.000000
40,17,-2.819842
40,20,-1.570796
40,30,1.249046
40,31,3.141593
40,74,-1.249046
40,75,3.141593
40,85,2.819842
41,13,2.356194
41,29,0.000000
41,30,-1.892547
41,36,-1.249046
41,37,3.141593
41,55,1.249046
41,56,3.141593
41,70,-0.785398
41,85,-2.356194
42,13,-2.819842
42,15,0.321751
42,16,-2.819842
42,33,1.570796
42,38,-2.356194
42,54,0.000000
42,55,-1.892547
42,61,3.141593
42,77,0.000000
42,80,-2.356194
43,9,1.249046
43,15,-1.570796
43,20,0.321751
43,33,-2.819842
43,52,1.249046
43,53,3.141593
43,60,-0.785398
43,69,0.321751
43,71,-2.356194
43,88,2.356194
44,5,0.321751
44,7,-2.356194
44,20,-1.570796
44,23,-1.570796
44,26,1.570796
44,31,0.000000
44,32,-1.892547
44,50,0.000000
44,51,-0.785398
44,52,-1.892547
44,69,-1.570796
44,75,-1.570796
44,84,0.000000
44,88,3.141593
45,5,-0.785398
45,9,-1.249046
45,16,0.321751
45,19,3.141593
45,25,0.000000
45,54,0.000000
45,56,3.141593
45,80,-1.249046
45,82,1.892547
45,84,-1.570796
45,88,-2.356194
46,16,-1.570796
46,37,0.785398
46,48,0.000000
46,49,3.141593
46,60,-1.570796
46,63,1.570796
46,68,-1.570796
46,88,2.356194
47,12,1.570796
47,18,2.356194
47,21,-0.785398
47,58,1.570796
47,63,-1.570796
47,71,0.321751
47,79,1.570796
47,83,-1.249046
47,85,1.570796
47,88,-2.819842
48,9,2.356194
48,12,-2.819842
48,17,0.321751
48,18,-2.819842
48,31,2.356194
48,39,-2.356194
48,43,0.000000
48,54,0.000000
48,58,-1.570796
48,71,-0.785398
48,79,-0.321751
49,32,-2.356194
49,45,-2.356194
49,56,-2.356194
49,60,1.570796
49,71,-1.570796
49,74,0.000000
49,80,-1.249046
49,81,3.141593
50,16,0.321751
50,17,-2.819842
50,19,1.570796
50,22,-0.785398
50,30,-1.570796
50,74,-1.570796
51,5,0.321751
51,27,-0.785398
51,34,0.785398
51,38,1.570796
51,43,0.785398
51,49,0.000000
51,50,3.141593
51,69,1.570796
51,81,0.000000
51,86,0.321751
51,89,-2.356194
52,5,-0.785398
52,7,-1.249046
52,9,-1.570796
52,11,1.570796
52,12,3.141593
52,15,0.321751
52,16,-2.819842
52,27,0.785398
52,59,-0.785398
52,64,2.356194
52,69,-1.570796
52,86,-1.570796
53,15,-1.570796
53,23,-0.785398
53,27,0.000000
53,40,3.141593
53,45,-2.356194
53,54,0.000000
53,56,3.141593
53,63,-0.785398
53,76,0.785398
53,80,-0.321751
53,81,2.819842
53,89,2.356194
54,11,2.356194
54,17,1.570796
54,20,2.356194
54,47,0.000000
54,67,2.356194
54,76,-0.321751
54,78,2.356194
54,81,-1.570796
54,87,0.785398
54,89,-2.819842
55,10,0.321751
55,11,-2.819842
55,14,0.000000
55,17,-2.819842
55,22,2.356194
55,25,0.785398
55,27,-2.819842
55,31,-2.356194
55,34,-2.356194
55,44,0.785398
55,51,3.141593
55,60,1.570796
55,82,0.000000
55,85,-0.321751
56,54,0.000000
56,56,3.141593
56,66,-1.570796
56,77,0.000000
56,80,2.819842
56,86,-1.249046
56,89,2.819842
57,5,0.785398
57,8,1.249046
57,10,-2.356194
57,12,1.570796
57,15,-1.570796
57,18,1.570796
57,24,0.000000
57,26,2.356194
57,35,0.785398
57,39,-2.356194
57,59,-0.785398
57,80,-1.570796
57,83,-0.321751
57,89,-2.356194
58,5,-0.321751
58,12,-2.819842
58,17,0.321751
58,18,-2.819842
58,23,1.570796
58,26,3.141593
58,30,0.785398
58,44,0.785398
58,49,-2.356194
58,72,2.356194
58,81,2.356194
59,17,-1.570796
59,22,0.321751
59,23,-2.819842
59,46,3.141593
59,53,0.000000
59,55,3.141593
59,75,-1.570796
59,79,2.356194
59,80,0.000000
59,82,2.356194
59,86,2.819842
60,6,-1.570796
60,10,0.321751
60,13,1.570796
60,16,1.570796
60,19,1.570796
60,22,-0.785398
60,32,-2.356194
60,81,0.000000
60,83,1.570796
61,4,-0.785398
61,10,-0.785398
61,13,-2.819842
61,15,0.321751
61,16,-2.819842
61,18,0.321751
61,19,-2.819842
61,25,0.000000
61,29,-2.356194
61,50,0.000000
61,57,2.356194
61,65,-0.785398
61,70,-1.570796
61,78,0.000000
61,84,3.141593
61,86,-0.785398
61,90,2.819842
62,12,-1.570796
62,15,-0.785398
62,41,3.141593
62,73,-1.570796
62,85,0.000000
63,17,0.321751
63,18,-2.819842
63,27,-0.785398
63,34,0.785398
63,75,0.000000
63,83,0.785398
63,85,0.000000
63,90,3.141593
64,10,0.000000
64,14,1.570796
64,17,-0.785398
64,39,0.785398
64,59,0.000000
64,60,3.141593
64,66,2.356194
64,81,0.785398
64,84,-0.785398
64,90,-2.356194
65,13,0.321751
65,14,-2.819842
65,28,1.570796
65,47,0.785398
65,55,0.000000
65,56,3.141593
65,81,-0.321751
65,82,2.819842
65,90,2.356194
66,13,-1.570796
66,28,-0.321751
66,29,2.819842
66,41,-2.356194
66,50,3.141593
66,68,0.000000
66,69,3.141593
66,73,2.356194
66,79,2.819842
66,82,-1.570796
66,90,3.141593
67,16,2.356194
67,25,1.570796
67,43,0.000000
67,44,3.141593
67,53,0.000000
67,59,3.141593
67,61,-0.785398
67,79,-1.570796
67,83,-0.785398
67,88,2.356194
67,90,-2.356194
68,8,1.570796
68,15,0.321751
68,16,-2.819842
68,25,-1.570796
68,46,0.000000
68,47,3.141593
68,66,3.141593
68,72,-1.570796
68,75,0.000000
68,77,2.819842
68,90,2.356194
69,8,-2.819842
69,15,-0.785398
69,27,0.321751
69,30,0.000000
69,41,-2.356194
69,49,0.000000
69,50,3.141593
69,62,1.249046
69,63,2.356194
69,77,-1.570796
69,90,3.141593
70,4,0.785398
70,24,1.570796
70,27,-0.785398
70,31,-2.356194
70,37,0.000000
70,43,0.000000
70,52,0.000000
70,61,-0.785398
70,62,-1.892547
70,74,0.785398
70,90,-2.356194
71,21,2.356194
71,31,2.356194
71,40,3.141593
71,45,-2.356194
71,66,1.570796
71,79,1.570796
72,8,2.356194
72,10,1.570796
72,20,0.321751
72,21,-2.819842
72,35,2.356194
72,66,-1.570796
72,79,-0.321751
72,83,1.570796
72,86,0.785398
72,90,2.356194
73,10,-2.819842
73,20,-0.785398
73,29,-0.785398
73,31,-1.249046
73,32,3.141593
73,52,0.000000
73,64,3.141593
73,71,1.570796
73,74,-2.356194
73,81,2.819842
73,83,-0.321751
73,86,-0.785398
73,88,1.570796
73,90,3.141593
74,7,-1.570796
74,9,-1.892547
74,17,2.356194
74,44,0.000000
74,46,3.141593
74,68,1.249046
74,81,-1.570796
75,5,-0.785398
75,16,0.321751
75,17,-2.819842
75,19,0.321751
75,21,3.141593
75,23,2.356194
75,29,-1.570796
75,32,0.321751
75,41,3.141593
75,67,-0.785398
75,88,-0.321751
75,90,-2.819842
76,5,0.785398
76,12,0.321751
76,14,3.141593
76,19,-0.785398
76,23,-2.819842
76,35,0.785398
76,50,0.000000
76,79,1.570796
76,82,0.785398
76,85,-0.321751
76,86,2.819842
77,5,0.000000
77,16,-2.819842
77,22,-0.785398
77,28,1.570796
77,31,0.321751
77,32,-2.819842
77,43,0.000000
77,45,0.785398
77,46,1.892547
77,68,0.321751
77,79,-0.321751
77,80,2.819842
77,82,-0.321751
77,89,3.141593
78,5,-0.785398
78,12,-2.819842
78,15,-0.785398
78,19,2.356194
78,22,2.356194
78,31,-0.785398
78,34,0.785398
78,46,-1.249046
78,47,-2.356194
78,48,0.785398
78,49,1.892547
78,70,-1.570796
78,80,-2.356194
78,84,2.819842
78,86,-0.321751
79,11,-0.785398
79,18,0.321751
79,22,3.141593
79,35,-2.356194
79,42,1.892547
79,49,-1.249046
79,50,-2.356194
79,68,3.141593
79,71,1.570796
79,74,-2.356194
79,80,0.000000
79,90,2.819842
80,18,-0.785398
80,20,-0.785398
80,25,-1.570796
80,44,0.785398
80,54,0.000000
80,55,1.892547
80,68,-1.570796
80,71,-0.321751
80,72,2.819842
80,78,0.785398
80,79,3.141593
80,84,-0.321751
80,85,2.819842
81,11,2.356194
81,22,-2.819842
81,37,-0.321751
81,74,0.785398
81,75,1.892547
81,78,-0.785398
81,85,-1.570796
81,90,-2.819842
82,10,0.321751
82,11,-2.819842
82,21,-0.785398
82,24,1.570796
82,27,-0.785398
82,34,0.785398
82,38,-2.356194
82,42,-1.249046
82,43,-2.356194
82,44,-0.785398
82,45,-1.570796
82,46,-2.356194
82,48,0.785398
82,49,1.570796
82,50,2.356194
82,67,2.356194
82,69,-1.570796
82,72,-0.321751
82,76,2.819842
82,86,1.570796
83,55,3.141593
83,66,-0.785398
83,73,-2.356194
83,79,0.000000
83,86,-0.321751
84,10,-2.819842
84,14,0.785398
84,27,1.570796
84,55,-2.356194
84,68,2.356194
84,70,1.570796
84,76,-0.321751
84,80,2.356194
84,83,0.785398
84,87,-1.249046
84,89,3.141593
85,14,0.000000
85,17,2.356194
85,38,0.785398
85,55,-1.570796
85,63,1.570796
85,67,-0.785398
86,17,-2.819842
86,35,2.356194
86,39,3.141593
86,59,0.785398
86,69,0.000000
86,71,2.819842
86,79,-0.321751
86,85,2.819842
86,88,0.321751
86,90,2.819842
87,14,0.000000
87,40,0.000000
87,43,3.141593
87,60,-2.356194
87,71,-2.356194
88,6,-0.785398
88,16,-1.249046
88,17,-2.356194
88,18,0.785398
88,22,1.570796
88,25,2.819842
88,31,1.570796
88,32,2.356194
88,36,2.356194
88,39,-0.785398
88,57,1.570796
88,71,-1.570796
88,74,0.785398
88,83,-2.356194
88,85,-0.321751
88,90,-2.819842
89,13,0.321751
89,14,-2.819842
89,25,-2.356194
89,36,3.141593
89,74,-0.321751
89,75,2.819842
89,83,0.785398
90,19,2.356194
90,43,1.570796
90,53,-2.356194
90,64,-1.570796
90,72,1.570796
90,75,-2.356194
90,83,-0.321751
90,84,2.819842
90,89,3.141593
91,15,1.570796
91,16,2.356194
91,28,-0.785398
91,34,-0.785398
91,35,-2.356194
91,57,-1.570796
92,11,0.785398
92,22,2.356194
92,25,0.785398
92,29,1.570796
92,31,0.785398
92,32,1.570796
92,33,3.141593
92,37,-1.570796
92,66,1.570796
92,84,-0.321751
92,85,2.819842
92,90,2.819842
93,43,2.356194
93,51,1.570796
93,57,1.570796
93,61,2.356194
94,12,-0.785398
94,24,-0.785398
94,25,-1.892547
94,31,-0.785398
94,32,-2.356194
94,43,-2.819842
94,51,2.356194
94,54,1.570796
94,82,0.785398
94,85,0.000000
94,90,-2.819842
95,38,0.000000
95,50,0.321751
95,51,-2.819842
95,76,2.356194
95,82,-0.321751
95,83,2.819842
95,85,-0.785398
96,23,-2.356194
96,26,-0.785398
96,27,-1.570796
96,29,1.570796
96,30,2.356194
96,33,-1.570796
96,50,-0.785398
96,63,1.570796
96,66,0.785398
96,72,2.356194
96,75,0.321751
96,83,-2.356194
96,89,2.356194
97,19,-1.249046
97,21,-1.892547
97,43,3.141593
97,54,-1.570796
97,67,3.141593
97,71,0.000000
97,75,-0.785398
97,83,-1.570796
97,88,-0.785398
98,30,-2.356194
98,44,-2.356194
98,49,-0.785398
98,57,-1.570796
98,59,-0.785398
98,63,-1.570796
98,68,-0.785398
98,69,-1.570796
98,70,-2.356194
98,75,-1.570796
98,77,-1.570796
98,80,-1.570796
