9,75,0.785398
9,76,1.570796
9,77,2.356194
10,59,1.249046
10,61,1.892547
10,64,1.249046
10,65,3.141593
12,25,1.249046
12,26,3.141593
12,61,-1.892547
12,64,-2.356194
13,56,-0.321751
14,14,2.356194
14,23,-0.785398
14,66,1.249046
15,13,-0.785398
17,25,0.785398
17,28,1.249046
17,55,0.000000
17,70,2.356194
18,13,2.356194
18,38,1.570796
18,39,2.356194
18,40,0.785398
18,59,-2.819842
19,52,1.892547
19,58,-1.892547
19,69,-2.819842
19,72,0.000000
19,73,1.570796
19,74,2.356194
19,75,-0.785398
19,76,-1.570796
19,77,-2.356194
20,64,2.356194
20,65,0.785398
21,41,2.356194
21,50,-0.321751
21,56,2.819842
21,73,2.356194
21,81,1.892547
22,9,0.321751
22,39,1.249046
22,41,3.141593
22,62,0.321751
22,64,2.819842
22,69,-2.356194
22,71,0.785398
22,83,1.570796
22,85,-1.570796
22,86,3.141593
23,9,-0.785398
23,33,1.249046
23,35,1.570796
23,37,1.570796
23,39,-1.892547
23,41,-2.356194
23,51,3.141593
23,59,1.892547
24,18,1.570796
24,30,1.249046
24,31,2.356194
24,61,-0.785398
24,62,-1.570796
24,84,2.819842
25,33,-1.249046
25,37,-2.819842
25,68,1.249046
25,69,2.356194
25,84,-2.356194
26,17,0.321751
26,60,2.819842
26,64,0.321751
26,72,-1.249046
27,22,2.819842
27,32,2.356194
27,35,0.321751
27,37,2.819842
27,84,2.356194
28,17,-0.321751
28,22,-2.356194
28,52,1.570796
28,84,3.141593
29,22,0.785398
29,24,1.249046
29,54,-1.249046
29,68,-1.249046
29,69,-2.356194
29,80,-0.785398
29,89,2.356194
30,18,0.785398
30,29,-2.356194
30,30,0.785398
30,59,2.819842
30,73,-0.785398
30,74,-1.570796
30,80,2.356194
30,85,-2.356194
30,87,0.785398
30,89,-2.819842
31,20,2.356194
31,21,-0.785398
31,26,-0.785398
31,42,-0.785398
31,47,1.249046
31,76,-1.249046
31,77,-2.356194
32,8,0.321751
32,10,-2.356194
32,28,1.570796
32,40,3.141593
32,47,-1.892547
32,57,-0.785398
32,59,-1.570796
32,60,3.141593
32,80,-1.249046
32,81,3.141593
32,87,0.321751
33,8,-0.785398
33,21,2.356194
33,22,-0.785398
33,28,0.000000
33,30,-0.785398
33,31,-2.356194
33,53,0.785398
33,54,1.570796
33,55,2.356194
33,61,0.000000
33,62,1.570796
33,63,2.356194
33,65,-0.785398
33,66,-1.570796
33,67,-2.356194
33,68,0.785398
33,69,1.570796
33,70,2.356194
33,90,2.819842
34,32,1.570796
34,39,-1.570796
34,43,1.249046
34,47,2.356194
34,86,-0.785398
35,14,1.249046
35,15,2.356194
35,32,-0.785398
35,33,-2.356194
35,36,1.570796
35,41,2.356194
35,42,-0.785398
35,43,-1.892547
35,49,-1.570796
35,54,2.356194
35,77,0.785398
35,78,1.892547
35,88,-1.249046
35,90,3.141593
36,8,0.785398
36,12,1.249046
36,36,0.000000
36,39,-0.785398
36,40,-1.892547
36,51,2.356194
36,56,1.249046
36,57,2.356194
36,59,0.785398
36,60,1.570796
36,90,-2.356194
37,8,0.000000
37,16,-1.892547
37,18,-1.570796
37,48,2.356194
37,49,-0.785398
37,50,-1.892547
37,65,1.570796
37,66,2.356194
37,68,-0.785398
37,69,-1.570796
37,70,-2.356194
37,71,0.785398
37,72,1.892547
38,8,-0.785398
38,12,-1.249046
38,14,-1.892547
38,19,0.785398
38,20,2.356194
38,36,3.141593
38,43,1.249046
38,44,2.356194
38,46,-0.785398
38,47,-1.892547
38,60,2.356194
38,63,-0.785398
38,72,-1.249046
38,73,-2.356194
38,90,2.356194
39,24,0.000000
39,33,2.356194
39,36,-1.570796
39,42,-0.785398
39,43,-1.892547
39,52,0.000000
39,53,-1.892547
39,57,-2.356194
39,89,-0.785398
40,19,3.141593
40,26,-1.570796
40,37,0.000000
40,38,1.570796
40,39,3.141593
40,64,3.141593
40,79,-1.249046
40,80,3.141593
41,8,0.785398
41,10,1.249046
41,12,1.892547
41,15,1.249046
41,16,3.141593
41,21,1.249046
41,22,2.356194
41,24,3.141593
41,27,0.785398
41,28,2.356194
41,45,1.249046
41,46,2.356194
41,59,-0.785398
41,60,-1.892547
41,66,1.249046
41,67,2.356194
42,8,0.000000
42,14,-0.785398
42,19,0.000000
42,27,-1.570796
42,34,0.785398
42,35,1.570796
42,40,2.356194
42,44,-0.785398
42,45,-1.892547
42,53,0.785398
42,54,1.570796
42,55,2.356194
42,84,0.000000
42,85,1.892547
43,16,1.570796
43,21,-1.570796
43,61,1.249046
43,63,-1.892547
43,66,-2.356194
43,85,-1.249046
43,86,-2.356194
44,8,-2.819842
44,13,2.819842
44,24,-1.892547
44,31,-0.785398
44,32,-2.356194
44,39,-1.570796
44,55,-2.356194
44,60,-0.785398
44,90,3.141593
45,6,0.321751
45,10,0.321751
45,21,-0.785398
45,22,-1.892547
45,29,1.570796
45,36,-1.570796
45,40,0.785398
45,41,2.356194
45,51,1.249046
45,53,-1.892547
46,6,-0.785398
46,26,1.249046
46,27,2.356194
46,28,-0.785398
46,29,-2.356194
46,35,3.141593
46,48,1.249046
46,49,2.356194
46,50,-0.785398
46,51,-1.892547
46,61,-0.785398
46,62,-1.570796
46,63,-2.356194
46,64,0.785398
46,69,1.570796
46,70,2.356194
47,10,-0.321751
47,18,0.000000
47,19,-2.356194
47,25,0.000000
47,26,-1.892547
47,32,2.356194
47,33,-0.785398
47,34,-1.892547
47,38,1.249046
47,45,1.249046
47,46,2.356194
47,47,-0.785398
48,43,1.249046
48,45,-1.892547
48,64,0.000000
48,65,-1.892547
48,67,-1.249046
48,90,3.141593
49,11,-0.785398
49,29,1.570796
49,38,-1.249046
49,39,3.141593
49,42,0.000000
49,43,-1.892547
49,57,1.249046
49,58,2.356194
49,63,0.000000
50,15,-1.570796
50,22,1.570796
50,24,-1.570796
50,25,-2.356194
50,27,0.785398
50,29,-2.819842
50,34,1.570796
50,41,3.141593
50,45,0.000000
50,46,3.141593
50,53,1.249046
50,54,2.356194
50,56,-0.785398
50,57,-1.892547
50,64,2.356194
50,68,0.000000
50,71,0.785398
50,72,1.892547
51,6,0.785398
51,8,1.249046
51,10,1.892547
51,16,1.570796
51,18,1.570796
51,43,0.785398
51,48,1.249046
51,49,2.356194
51,52,-0.785398
51,53,-1.892547
51,61,1.249046
51,62,2.356194
51,63,-0.785398
51,78,1.249046
51,79,2.356194
51,87,0.785398
51,88,2.356194
52,12,3.141593
52,28,0.785398
52,34,-1.249046
52,35,-2.356194
52,44,2.356194
52,47,0.321751
52,60,-0.785398
52,71,-0.785398
52,72,-1.892547
52,76,0.000000
52,81,0.785398
52,82,1.892547
52,87,-0.785398
52,90,0.785398
53,14,1.249046
53,15,3.141593
53,21,-1.892547
53,25,1.892547
53,28,-0.785398
53,64,2.356194
53,68,0.000000
53,82,-1.249046
53,83,-2.356194
53,84,0.785398
53,85,1.892547
53,87,2.356194
53,91,-2.356194
54,12,-1.570796
54,17,-0.321751
54,27,3.141593
54,39,0.785398
54,48,-2.356194
54,61,-0.785398
54,71,1.249046
54,72,2.356194
54,75,0.785398
54,79,2.356194
55,44,-1.570796
55,55,2.356194
55,65,2.356194
55,68,-0.785398
55,89,1.892547
55,91,2.356194
56,14,0.000000
56,23,-1.892547
56,26,-2.356194
56,30,0.000000
56,63,-0.785398
56,64,-1.892547
56,75,-0.785398
56,76,-1.892547
56,89,-1.249046
57,14,-1.570796
57,26,2.356194
57,33,2.356194
57,38,-0.785398
57,39,-1.892547
57,42,-0.785398
57,43,-1.570796
57,44,-2.356194
57,45,-0.785398
57,46,-1.570796
57,47,-2.356194
57,53,-0.785398
57,54,-1.570796
57,55,-2.356194
57,59,0.785398
57,67,0.000000
57,69,-0.785398
58,6,-1.570796
58,12,1.249046
58,13,3.141593
58,24,1.570796
58,26,-2.356194
58,30,-0.785398
58,32,-1.892547
58,60,-1.249046
58,61,3.141593
58,64,0.000000
58,71,-1.249046
58,72,-2.356194
58,77,-0.785398
58,78,-1.892547
58,80,0.000000
58,81,1.892547
58,87,-1.249046
58,88,3.141593
59,10,-1.570796
59,17,0.000000
59,28,2.356194
59,68,1.892547
59,90,3.141593
60,15,1.249046
60,16,3.141593
60,18,1.570796
60,27,-1.892547
60,35,1.249046
60,36,2.356194
60,61,-0.785398
60,62,-1.570796
60,63,-2.356194
60,65,-0.785398
60,66,-1.892547
60,70,1.570796
60,71,2.356194
60,80,-0.785398
60,81,-1.892547
60,84,0.785398
60,86,1.892547
61,12,0.000000
61,20,-0.785398
61,25,-1.892547
61,34,-0.785398
61,88,1.892547
62,12,-1.570796
62,37,2.356194
62,67,-0.785398
62,80,0.785398
62,81,1.570796
62,82,2.356194
62,88,-1.249046
62,89,3.141593
63,11,1.570796
63,17,-1.892547
63,69,-1.249046
63,70,-2.356194
63,76,0.785398
63,77,1.570796
63,78,3.141593
63,91,3.141593
64,5,0.785398
64,19,1.249046
64,20,2.356194
64,21,-0.785398
64,34,-0.785398
64,35,-1.892547
64,55,0.000000
64,82,-2.356194
64,83,-0.785398
64,84,-1.892547
64,86,0.000000
64,87,1.892547
65,5,0.000000
65,8,0.785398
65,17,1.249046
65,19,-1.892547
65,38,1.249046
65,39,2.356194
65,51,-2.356194
65,64,0.000000
65,74,0.785398
65,75,1.892547
65,89,3.141593
66,5,-0.785398
66,21,1.249046
66,23,-1.892547
66,27,1.249046
66,28,2.356194
66,36,1.249046
66,54,0.000000
66,58,-0.785398
66,59,-1.570796
66,60,-2.356194
66,61,3.141593
66,79,2.356194
67,15,-1.892547
67,18,0.785398
67,26,0.000000
67,27,-1.892547
67,39,0.785398
67,43,2.356194
67,44,0.785398
67,45,1.570796
67,46,2.356194
67,65,0.000000
67,66,0.785398
67,69,2.356194
67,74,-0.785398
67,75,-1.892547
67,85,0.000000
68,18,-1.570796
68,36,-1.570796
68,59,3.141593
68,62,0.785398
68,77,0.000000
68,78,-1.570796
68,79,-2.356194
68,80,0.785398
68,81,1.892547
69,5,0.785398
69,15,2.356194
69,16,0.785398
69,17,2.356194
69,22,2.356194
69,39,-1.570796
69,41,-1.892547
69,44,0.000000
69,66,-0.785398
69,69,-2.356194
69,75,0.785398
69,81,-1.249046
69,82,-2.356194
70,5,0.000000
70,17,-1.570796
70,34,1.249046
70,35,2.356194
70,36,-0.785398
70,37,-1.892547
70,45,0.000000
70,50,0.785398
70,51,1.570796
70,52,2.356194
70,54,3.141593
70,57,0.000000
70,76,-1.249046
70,77,-2.356194
70,86,3.141593
70,90,0.000000
71,5,-0.785398
71,20,-1.892547
71,33,-0.785398
71,34,-1.892547
71,43,0.785398
71,73,0.000000
71,80,0.785398
71,81,1.892547
71,86,-1.570796
71,91,-2.356194
72,5,0.785398
72,17,0.000000
72,18,-1.892547
72,30,1.249046
72,31,3.141593
72,38,1.249046
72,39,3.141593
72,44,-1.249046
72,45,-2.356194
72,46,0.785398
72,70,0.000000
72,71,1.892547
73,5,0.000000
73,16,1.570796
73,21,1.249046
73,22,3.141593
73,29,0.000000
73,30,-1.892547
73,37,-0.785398
73,38,-1.892547
73,52,0.785398
73,53,2.356194
73,57,0.785398
73,58,1.570796
73,59,2.356194
73,71,-1.249046
73,73,1.892547
73,77,0.000000
73,78,1.892547
73,82,-1.249046
73,83,3.141593
74,5,-0.785398
74,11,-1.570796
74,15,-0.785398
74,20,0.000000
74,21,-1.892547
74,27,1.249046
74,28,3.141593
74,46,-0.785398
74,47,-1.570796
74,48,3.141593
74,73,-1.249046
74,74,3.141593
74,78,-1.249046
74,79,3.141593
74,84,0.000000
74,85,1.892547
75,12,0.785398
75,13,3.141593
75,26,-0.785398
75,27,-1.892547
75,31,1.249046
75,32,3.141593
75,51,-0.785398
75,52,-1.570796
75,53,-2.356194
75,57,-0.785398
75,58,-1.570796
75,59,-2.356194
75,69,0.000000
75,70,1.892547
75,75,0.000000
75,76,1.892547
75,80,0.000000
75,81,1.892547
75,85,-1.249046
75,86,3.141593
76,29,1.249046
76,31,-1.892547
76,77,2.819842
76,81,-1.249046
76,83,1.892547
76,87,0.000000
76,88,1.892547
77,10,1.249046
77,12,-2.356194
77,16,0.785398
77,17,2.356194
77,21,1.249046
77,22,3.141593
77,28,0.000000
77,29,-1.892547
77,50,0.785398
77,51,1.570796
77,52,2.356194
77,71,-1.249046
77,73,1.892547
78,5,0.785398
78,13,0.785398
78,14,2.356194
78,17,-1.570796
78,33,3.141593
78,59,0.000000
78,60,1.892547
78,73,-1.249046
78,74,3.141593
78,77,-0.785398
78,78,-2.356194
78,79,0.785398
78,80,1.892547
78,84,-1.249046
78,85,3.141593
78,89,-1.249046
78,90,3.141593
79,5,0.000000
79,18,0.785398
79,20,-1.892547
79,24,1.249046
79,25,3.141593
79,36,0.000000
79,53,0.785398
79,54,1.892547
79,61,-2.356194
79,75,0.000000
79,86,0.000000
79,87,1.892547
79,91,-2.356194
80,5,-0.785398
80,9,-1.570796
80,13,-2.819842
80,32,-1.570796
80,33,-2.356194
80,34,3.141593
80,41,1.249046
80,42,2.356194
80,55,-2.356194
80,56,0.785398
80,57,1.892547
80,59,1.570796
80,70,0.000000
80,71,1.892547
81,10,0.785398
81,12,-1.892547
81,17,-0.785398
81,18,-2.356194
81,22,0.000000
81,23,-1.892547
81,30,-1.570796
81,36,1.249046
81,37,2.356194
81,40,-0.785398
81,41,-1.892547
81,52,0.785398
81,53,2.356194
81,57,-1.249046
81,59,-2.356194
81,65,0.000000
81,66,1.892547
81,71,-1.249046
81,72,3.141593
81,82,-1.249046
81,84,1.892547
81,89,2.819842
82,5,0.785398
82,15,1.570796
82,19,0.785398
82,20,2.356194
82,27,3.141593
82,29,-0.785398
82,35,-0.785398
82,36,-1.892547
82,60,0.000000
82,61,1.892547
82,66,-1.249046
82,67,-2.356194
82,73,0.000000
82,74,1.892547
82,78,-1.249046
82,80,1.892547
83,5,-0.321751
83,8,1.570796
83,15,-2.819842
83,24,1.249046
83,25,3.141593
83,31,1.249046
83,32,2.356194
83,47,0.785398
83,48,1.892547
83,53,0.000000
83,61,-1.249046
83,62,-2.356194
83,69,0.000000
83,70,1.892547
83,74,-1.249046
83,75,3.141593
83,88,0.000000
83,89,-1.570796
83,90,3.141593
84,13,0.000000
84,14,-1.892547
84,17,1.249046
84,18,3.141593
84,20,1.570796
84,23,0.000000
84,24,-1.892547
84,29,1.249046
84,31,-1.892547
84,48,-1.249046
84,49,-2.356194
84,50,0.785398
84,51,1.892547
84,57,0.000000
84,58,1.892547
84,64,0.000000
84,65,1.892547
84,91,-2.356194
85,5,0.321751
85,34,1.249046
85,35,2.356194
85,51,-1.249046
85,53,-2.356194
85,60,1.892547
85,65,-1.249046
85,67,1.892547
85,71,-1.249046
85,73,1.892547
85,77,0.000000
85,78,1.892547
86,5,-0.785398
86,11,1.570796
86,15,0.321751
86,26,1.249046
86,28,-1.892547
86,32,1.249046
86,34,-1.892547
86,55,3.141593
86,58,-0.785398
86,60,-1.249046
86,62,1.892547
86,67,-1.249046
86,68,3.141593
86,89,2.819842
87,5,0.785398
87,11,-2.819842
87,15,-1.570796
87,18,0.000000
87,19,-1.892547
87,25,0.000000
87,26,-1.892547
87,58,0.785398
87,62,-1.249046
87,63,-2.356194
87,64,0.785398
87,65,1.892547
87,69,0.000000
87,70,1.892547
87,85,2.819842
87,89,-1.570796
88,5,-0.321751
88,8,1.570796
88,10,-1.892547
88,14,0.785398
88,22,0.785398
88,23,1.570796
88,24,3.141593
88,30,0.000000
88,31,-1.892547
88,35,-0.785398
88,58,-0.321751
88,59,2.819842
88,65,-1.249046
88,66,3.141593
88,70,-1.249046
88,71,3.141593
88,75,-1.249046
88,76,-2.356194
88,85,-1.570796
89,13,1.570796
89,19,1.249046
89,20,3.141593
89,29,1.570796
89,45,0.785398
89,46,1.892547
89,54,0.785398
89,55,1.892547
89,59,-1.570796
89,67,0.000000
89,68,1.892547
89,86,0.000000
89,87,1.892547
89,90,-1.570796
90,6,-1.570796
90,13,-2.819842
90,18,0.000000
90,19,-1.892547
90,23,2.356194
90,27,2.356194
90,28,-0.785398
90,29,-2.356194
90,35,1.249046
90,36,2.356194
90,46,-1.249046
90,47,-2.356194
90,60,0.000000
90,68,-1.249046
90,69,3.141593
90,72,-1.570796
90,78,0.785398
91,4,-0.785398
91,11,0.321751
91,21,1.249046
91,23,-2.356194
91,26,-1.570796
91,30,0.785398
91,31,2.356194
91,34,-0.785398
91,35,-1.892547
91,51,0.785398
91,52,1.892547
91,56,-1.249046
91,57,3.141593
91,61,-1.570796
91,66,0.785398
91,84,2.819842
91,87,-0.785398
91,89,2.356194
92,15,1.570796
92,20,0.000000
92,21,-1.892547
92,25,3.141593
92,39,2.356194
92,44,0.000000
92,63,3.141593
92,70,-1.570796
92,80,-1.570796
92,84,-1.570796
92,91,2.356194
93,10,0.000000
93,15,-2.819842
93,19,1.570796
93,28,1.249046
93,54,-2.356194
93,55,3.141593
93,59,0.000000
94,13,0.321751
94,19,-2.819842
94,22,0.000000
94,23,-1.892547
94,27,0.000000
94,28,-1.892547
94,42,0.000000
94,60,-1.570796
94,86,1.570796
94,90,-2.356194
95,4,0.785398
95,13,-1.570796
95,25,1.249046
95,26,3.141593
95,31,1.249046
95,32,2.356194
95,61,0.000000
95,62,1.892547
95,87,2.819842
96,4,-0.321751
96,7,1.570796
96,8,3.141593
96,16,0.321751
96,30,0.000000
96,31,-1.892547
96,42,0.785398
96,43,1.892547
96,48,0.000000
96,49,1.892547
96,63,2.819842
96,70,-1.570796
96,84,0.785398
97,12,-1.570796
97,16,-1.570796
97,19,0.000000
97,20,-0.785398
97,21,-1.570796
97,22,-2.356194
97,43,-1.249046
97,44,-2.356194
97,63,-1.570796
97,85,-1.249046
97,87,-1.570796
97,88,-2.356194
98,15,-0.785398
98,24,-1.249046
98,25,-2.356194
98,32,0.000000
98,47,3.141593
98,50,-1.249046
98,51,-2.356194
98,52,3.141593
98,65,3.141593
