5,37,1.249046
5,38,2.356194
5,54,0.785398
5,55,1.570796
5,56,2.356194
5,62,0.785398
5,63,1.570796
5,64,2.356194
5,67,0.785398
5,68,1.570796
5,69,2.356194
5,71,0.785398
5,72,1.570796
5,73,2.356194
6,26,1.249046
6,27,2.356194
6,79,0.785398
6,80,2.356194
7,79,-1.570796
8,53,0.321751
9,20,0.785398
9,21,2.356194
9,25,-1.570796
9,68,0.785398
9,72,2.356194
10,16,1.249046
10,17,3.141593
10,21,-1.570796
10,35,-0.785398
10,37,-1.249046
10,39,-1.570796
10,40,-2.356194
10,46,1.249046
10,47,2.356194
10,53,3.141593
10,59,0.785398
10,60,1.892547
10,69,-2.356194
10,75,1.249046
10,79,2.819842
10,86,2.356194
11,27,0.000000
11,28,1.570796
11,30,1.892547
11,35,2.356194
11,53,-2.356194
11,62,-1.570796
11,63,3.141593
11,72,-1.249046
11,73,-2.356194
11,79,-2.356194
12,35,3.141593
12,60,-1.570796
12,64,0.785398
12,66,1.892547
12,81,0.785398
12,82,1.570796
12,83,2.356194
12,84,-0.785398
12,85,-1.892547
13,12,3.141593
13,15,-1.570796
13,30,-1.892547
13,35,-1.570796
13,52,-0.785398
13,53,-1.570796
13,54,-2.356194
13,58,0.785398
13,64,-1.570796
13,75,-1.570796
13,78,-1.249046
13,87,2.356194
14,37,2.356194
14,44,-0.785398
14,45,-1.892547
14,59,-1.249046
14,60,-2.356194
14,62,0.785398
14,69,0.785398
14,70,2.356194
14,73,0.785398
14,74,2.356194
14,80,-1.249046
15,10,0.321751
15,11,-2.819842
15,35,-0.785398
15,36,-1.892547
15,63,-1.249046
15,64,-2.356194
15,74,-1.570796
16,10,-0.785398
16,70,2.819842
16,75,0.000000
16,84,0.321751
17,29,2.356194
17,46,0.785398
17,47,1.570796
17,48,3.141593
17,70,-1.570796
17,76,-1.570796
17,84,-0.785398
18,21,0.785398
18,22,1.570796
18,61,0.785398
18,62,1.570796
18,63,2.356194
18,65,0.785398
18,66,2.356194
18,78,2.356194
18,88,2.356194
19,48,-2.356194
19,66,-1.570796
19,82,0.785398
19,86,0.785398
19,88,-2.819842
20,21,0.321751
20,26,-2.356194
20,60,0.785398
20,67,0.785398
20,68,2.356194
20,77,-1.570796
20,83,-1.249046
21,10,2.356194
21,21,-0.785398
21,38,0.785398
21,39,1.892547
21,67,-1.570796
21,78,0.000000
21,79,1.892547
21,85,-1.249046
22,9,0.321751
22,28,-1.570796
22,48,1.570796
22,49,2.356194
22,61,-1.570796
22,65,0.785398
22,73,0.000000
22,74,1.892547
23,9,-1.570796
23,26,0.785398
23,27,2.356194
23,60,0.785398
23,66,-1.249046
23,67,-2.356194
23,68,0.785398
23,69,1.892547
23,74,-1.249046
23,75,-2.356194
23,82,1.892547
24,23,0.785398
24,25,2.356194
24,27,-1.570796
24,31,1.249046
24,32,3.141593
24,39,-2.819842
24,43,0.321751
24,55,-2.356194
24,61,3.141593
24,69,-1.249046
24,70,-2.356194
24,78,0.785398
24,79,2.356194
25,23,-1.570796
25,25,-1.570796
25,31,-1.892547
25,35,1.249046
25,36,2.356194
25,43,-1.570796
25,65,0.785398
25,66,1.892547
25,73,0.785398
25,74,1.892547
25,79,-1.570796
25,83,-1.249046
26,26,0.785398
26,33,1.249046
26,39,3.141593
26,52,1.570796
26,53,2.356194
26,66,-1.249046
26,67,-2.356194
26,68,0.785398
26,69,1.892547
26,75,-2.356194
26,76,3.141593
27,26,-1.570796
27,30,0.785398
27,31,2.356194
27,32,-0.785398
27,36,0.000000
27,40,-0.785398
27,44,0.000000
27,45,0.000000
27,49,-0.785398
27,50,-1.892547
27,69,-1.249046
27,70,-2.356194
27,72,0.785398
27,81,0.000000
27,82,1.892547
27,90,2.356194
28,24,1.249046
28,25,3.141593
28,30,-1.570796
28,34,0.000000
28,35,2.356194
28,41,0.000000
28,42,3.141593
28,46,2.356194
28,52,2.356194
28,65,0.785398
28,66,1.892547
28,73,-1.249046
28,74,3.141593
28,82,-1.249046
28,90,-2.819842
29,23,-0.785398
29,24,-1.892547
29,35,-2.356194
29,40,0.000000
29,45,-0.785398
29,49,0.000000
29,51,-0.785398
29,52,-2.356194
29,55,1.249046
29,56,2.356194
29,66,-1.249046
29,67,-2.356194
29,84,-1.249046
30,27,1.249046
30,28,3.141593
30,33,0.785398
30,42,2.356194
30,55,-1.892547
30,58,0.785398
30,59,2.356194
30,69,1.570796
31,20,1.570796
31,25,1.249046
31,27,-1.892547
31,36,0.000000
31,40,0.000000
31,41,-1.892547
31,58,-1.570796
31,62,1.570796
31,69,0.000000
31,71,1.570796
31,72,2.356194
31,80,0.000000
31,81,1.892547
31,87,-1.249046
31,89,-2.356194
32,8,0.785398
32,19,-0.785398
32,20,-2.356194
32,24,0.000000
32,25,-1.892547
32,34,-1.570796
32,47,0.000000
32,51,0.000000
32,52,-1.892547
32,57,3.141593
32,64,1.570796
32,66,1.892547
32,75,0.785398
32,76,1.892547
32,81,-1.249046
32,82,-2.356194
33,8,-0.785398
33,10,1.570796
33,11,2.356194
33,21,0.785398
33,22,2.356194
33,28,1.249046
33,29,3.141593
33,49,0.000000
33,56,-0.785398
33,59,1.249046
33,60,2.356194
33,61,-0.785398
33,62,-1.892547
33,76,-1.249046
33,77,3.141593
34,21,-1.570796
34,26,1.249046
34,41,0.000000
34,64,-0.785398
34,66,-1.892547
34,79,0.785398
34,80,1.892547
34,85,0.000000
34,86,1.892547
35,20,1.570796
35,29,0.000000
35,39,-0.785398
35,42,-2.356194
35,51,2.356194
35,55,1.249046
35,57,-1.892547
35,61,2.356194
35,69,-1.570796
35,71,0.000000
35,72,1.570796
35,73,2.356194
35,90,2.356194
36,19,-0.785398
36,20,-2.356194
36,24,-0.785398
36,27,0.000000
36,34,0.785398
36,44,0.785398
36,55,-1.892547
36,59,0.000000
36,60,-1.892547
36,75,0.785398
36,76,1.892547
36,82,2.819842
36,90,3.141593
37,50,-0.785398
37,51,-2.356194
37,52,-0.785398
37,53,-1.892547
37,70,0.000000
37,77,-2.356194
37,84,0.000000
37,85,-1.570796
38,24,1.249046
38,34,-0.785398
38,41,0.785398
38,43,0.000000
38,60,1.249046
38,61,2.356194
38,67,2.356194
38,79,0.000000
38,80,1.892547
38,87,-1.570796
38,91,2.819842
39,18,1.249046
39,24,-1.892547
39,32,2.356194
39,36,2.356194
39,46,2.356194
39,49,2.356194
39,54,1.249046
39,55,3.141593
39,64,1.249046
39,65,2.356194
39,70,1.249046
39,71,2.356194
39,88,0.000000
39,91,-2.356194
40,7,0.785398
40,26,1.249046
40,27,3.141593
40,35,0.000000
40,43,-2.356194
40,48,0.000000
40,53,0.000000
40,54,-1.892547
40,58,0.000000
40,59,-1.892547
41,7,-0.785398
41,8,3.141593
41,25,0.000000
41,26,-1.892547
41,33,3.141593
41,36,0.000000
41,52,3.141593
41,56,1.249046
41,57,3.141593
41,63,-1.892547
41,67,1.249046
41,69,-1.892547
41,76,1.570796
41,77,2.356194
41,79,0.785398
41,82,-2.356194
41,83,0.785398
41,84,1.892547
42,20,0.000000
42,21,-2.356194
42,28,0.000000
42,29,-1.892547
42,39,-0.785398
42,41,-2.356194
42,51,-1.570796
42,61,-1.570796
42,66,0.000000
42,67,-1.892547
42,90,0.000000
43,11,0.785398
43,12,1.570796
43,19,1.570796
43,22,0.785398
43,23,3.141593
43,26,1.249046
43,27,3.141593
43,34,0.785398
43,37,2.356194
43,45,0.785398
43,54,0.321751
43,80,2.356194
43,84,-0.785398
44,18,0.000000
44,33,0.785398
44,36,3.141593
44,44,0.785398
44,46,2.356194
44,50,2.356194
44,63,1.249046
44,65,-1.570796
44,66,-2.356194
44,73,-0.785398
44,78,0.785398
44,88,-0.785398
44,91,-2.819842
45,13,-2.356194
45,17,3.141593
45,21,0.000000
45,24,0.321751
45,28,1.249046
45,29,3.141593
45,43,3.141593
45,45,-0.785398
45,49,0.321751
45,54,-0.785398
45,55,-2.356194
45,59,-0.785398
45,81,-2.356194
45,83,-0.785398
45,84,-1.570796
45,85,-2.356194
45,86,0.785398
45,87,2.356194
46,16,-1.570796
46,20,1.570796
46,24,-1.570796
46,27,0.321751
46,32,0.785398
46,52,1.570796
46,53,3.141593
46,71,0.000000
46,74,-0.785398
46,75,-1.570796
46,76,-2.356194
46,77,0.785398
46,87,-1.570796
46,91,2.819842
47,19,0.000000
47,46,0.785398
47,47,1.570796
47,49,-1.570796
47,64,2.356194
47,68,0.785398
47,78,-1.249046
47,79,-2.356194
47,83,0.785398
47,84,1.892547
48,25,0.785398
48,28,-2.356194
48,31,-0.785398
48,32,-1.892547
48,37,-0.785398
48,55,1.249046
48,56,2.356194
48,61,-0.785398
48,62,-1.570796
48,69,-2.356194
48,73,0.000000
48,84,-1.249046
48,85,3.141593
48,91,-2.819842
49,13,1.570796
49,34,-0.785398
49,47,-0.785398
49,48,-2.356194
49,50,-0.785398
49,53,-2.356194
49,54,-0.785398
49,55,-1.892547
49,75,0.000000
49,76,1.892547
49,78,1.249046
49,79,2.356194
49,86,0.000000
49,87,2.356194
50,42,-2.356194
51,28,0.785398
51,29,1.892547
51,36,2.356194
51,39,-0.785398
51,40,-1.892547
51,49,1.249046
51,50,2.356194
51,75,-0.785398
51,76,-1.892547
51,78,-1.249046
51,79,3.141593
51,87,-0.321751
52,6,0.785398
52,11,0.000000
52,18,-0.785398
52,22,1.249046
52,24,-1.892547
52,30,-2.356194
52,34,-0.785398
52,35,-1.892547
52,43,0.000000
52,48,-0.785398
52,49,-1.892547
52,80,0.000000
52,81,1.570796
52,83,-1.570796
52,84,3.141593
53,6,0.000000
53,8,0.785398
53,9,1.892547
53,26,0.000000
53,28,0.000000
53,38,1.249046
53,39,2.356194
53,41,3.141593
53,62,3.141593
53,72,0.000000
53,76,3.141593
53,85,1.570796
53,89,-2.356194
54,6,-1.570796
54,13,-1.892547
54,20,-1.570796
54,22,-2.356194
54,29,0.000000
54,30,0.785398
54,31,1.892547
54,35,1.249046
54,36,2.356194
54,37,-0.785398
54,44,1.249046
54,45,2.356194
54,52,3.141593
54,55,0.000000
54,81,-0.321751
54,82,2.819842
54,85,-0.321751
54,89,0.785398
55,16,-2.819842
55,22,2.356194
55,39,0.000000
55,43,-0.785398
55,44,-1.892547
55,68,0.000000
55,75,0.785398
55,76,1.892547
55,89,-0.785398
55,90,3.141593
56,21,0.000000
56,29,-2.356194
56,30,-0.785398
56,31,-1.892547
56,46,0.000000
56,50,3.141593
56,52,0.785398
56,54,1.249046
56,55,2.356194
56,59,3.141593
56,76,-1.249046
56,82,-0.321751
57,20,-0.785398
57,24,0.785398
57,26,1.249046
57,27,3.141593
57,34,-0.785398
57,41,0.000000
57,53,-0.785398
57,54,-1.892547
57,64,0.000000
57,71,0.785398
57,72,1.892547
57,78,-1.570796
57,84,2.819842
57,88,-2.356194
58,16,1.570796
58,26,-1.892547
58,38,0.785398
58,39,1.892547
58,48,3.141593
58,72,-1.249046
58,74,1.892547
58,88,0.785398
59,11,0.321751
59,16,-2.819842
59,19,2.356194
59,29,1.570796
59,43,3.141593
59,53,0.000000
59,75,2.819842
59,84,-0.321751
59,90,3.141593
60,18,0.785398
60,33,3.141593
60,36,1.570796
60,45,0.000000
60,49,3.141593
60,68,0.785398
60,69,1.892547
60,85,-1.249046
61,17,1.570796
61,19,0.785398
61,20,3.141593
61,25,2.356194
61,27,0.321751
61,30,0.785398
61,31,3.141593
61,41,1.570796
61,42,2.356194
61,43,3.141593
61,69,-1.249046
61,70,-2.356194
61,71,0.785398
61,76,3.141593
61,81,1.570796
62,17,-2.819842
62,19,-0.785398
62,27,-1.570796
62,33,1.570796
62,37,2.356194
62,47,2.356194
62,62,3.141593
62,72,-2.356194
62,77,1.570796
62,81,-0.321751
62,82,2.819842
63,15,0.321751
63,19,0.000000
63,21,2.356194
63,29,0.321751
63,30,-2.819842
63,33,2.356194
63,36,0.321751
63,37,-2.819842
63,46,-1.570796
63,66,0.000000
63,68,0.785398
63,69,1.892547
63,77,-0.321751
63,78,2.819842
63,82,-1.570796
64,6,-2.356194
64,9,-1.249046
64,11,-1.892547
64,20,0.000000
64,29,-0.785398
64,32,0.321751
64,33,-2.819842
64,36,-0.785398
64,45,3.141593
64,70,2.819842
64,78,-2.356194
64,83,1.570796
65,15,-2.819842
65,29,-1.570796
65,44,-1.570796
65,48,2.356194
65,73,0.785398
65,83,-0.321751
65,84,2.819842
66,13,0.321751
66,22,-0.785398
66,31,0.321751
66,32,-2.819842
66,39,2.356194
66,47,-0.785398
66,66,0.000000
66,70,-0.321751
66,71,2.819842
66,74,3.141593
66,79,1.570796
66,84,-2.356194
66,91,2.356194
67,16,1.570796
67,19,-1.570796
67,31,-0.785398
67,38,0.321751
67,39,-2.819842
67,49,1.570796
67,53,2.356194
67,55,3.141593
67,71,-2.356194
67,79,-0.321751
67,80,2.819842
67,89,0.000000
67,91,-2.819842
68,12,0.321751
68,13,-2.819842
68,15,0.321751
68,16,-2.819842
68,21,1.570796
68,24,0.785398
68,26,2.356194
68,38,-0.785398
68,52,-0.785398
68,58,2.356194
68,62,0.785398
68,63,1.892547
68,67,-0.321751
68,71,0.000000
68,80,-2.356194
69,28,1.570796
69,40,1.570796
69,52,0.785398
69,68,-1.249046
69,72,2.356194
69,75,0.785398
69,90,2.356194
70,5,0.785398
70,8,1.249046
70,9,2.356194
70,12,-2.819842
70,14,0.321751
70,15,-2.819842
70,17,1.570796
70,23,-0.785398
70,25,-2.356194
70,34,2.356194
70,49,-1.570796
70,52,-0.321751
70,53,2.819842
70,57,0.000000
70,73,-2.356194
70,75,-0.321751
70,76,2.819842
70,90,3.141593
71,5,0.000000
71,27,1.570796
71,33,0.321751
71,34,-2.819842
71,53,-2.356194
71,57,-0.785398
71,66,2.819842
71,71,-1.570796
71,76,-2.356194
71,87,0.785398
71,88,3.141593
71,90,-2.356194
72,5,-0.785398
72,8,-1.249046
72,10,-1.892547
72,13,0.321751
72,16,1.570796
72,27,-2.819842
72,33,-0.785398
72,50,1.570796
72,57,0.785398
72,61,1.570796
73,13,-1.570796
73,16,-2.819842
73,19,-1.570796
73,26,-0.785398
73,57,-0.321751
73,58,2.819842
73,61,-0.321751
73,62,2.819842
73,66,-0.321751
73,77,0.000000
73,87,-0.785398
73,88,3.141593
73,90,2.356194
74,12,1.570796
74,15,-0.785398
74,58,-2.356194
74,62,-1.570796
74,68,2.819842
74,78,-1.570796
74,90,3.141593
75,5,0.785398
75,8,1.249046
75,9,2.356194
75,12,-2.819842
75,23,1.570796
75,58,0.785398
75,63,1.570796
75,68,-1.570796
75,84,0.000000
75,85,2.356194
75,90,-2.356194
76,5,0.000000
76,17,1.570796
76,20,1.570796
76,23,2.356194
76,47,0.785398
76,58,-0.321751
76,59,2.819842
76,63,-0.321751
76,64,2.819842
76,69,1.570796
76,74,0.000000
76,85,-2.356194
77,5,-0.785398
77,8,-1.249046
77,10,-1.892547
77,17,2.356194
77,20,2.356194
77,22,0.321751
77,23,-2.819842
77,47,-0.321751
77,48,2.819842
77,51,0.785398
77,69,-0.321751
77,70,2.819842
77,75,-1.570796
78,16,0.321751
78,17,-2.819842
78,19,0.321751
78,20,-2.819842
78,22,-0.785398
78,51,-0.321751
78,52,2.819842
78,59,-0.321751
78,60,2.819842
78,64,-0.321751
78,70,-2.356194
78,81,1.570796
78,86,1.570796
79,13,2.356194
79,19,-0.785398
79,48,-0.321751
79,49,2.819842
79,52,-1.570796
79,56,1.570796
79,66,2.819842
79,76,0.785398
79,81,-0.321751
79,82,2.819842
79,87,3.141593
80,12,0.321751
80,13,-2.819842
80,15,0.321751
80,16,-2.819842
80,19,2.356194
80,49,-2.356194
80,56,-0.321751
80,57,2.819842
80,60,-0.321751
80,61,2.819842
80,76,-0.321751
80,77,2.819842
80,88,0.000000
80,89,2.356194
81,12,-1.570796
81,15,-0.785398
81,18,0.321751
81,19,-2.819842
81,22,-1.570796
81,49,0.785398
81,66,-0.321751
81,67,2.819842
81,77,-1.570796
81,83,3.141593
81,89,-2.356194
82,15,2.356194
82,18,-0.785398
82,37,0.785398
82,46,1.570796
82,49,-0.321751
82,50,2.819842
82,54,1.570796
82,57,-0.321751
82,58,2.819842
82,62,3.141593
82,67,-1.570796
82,72,0.785398
82,78,1.570796
83,14,0.321751
83,15,-2.819842
83,18,2.356194
83,21,1.570796
83,37,-0.321751
83,38,2.819842
83,42,0.785398
83,46,-0.321751
83,47,2.819842
83,50,-1.570796
83,54,-0.321751
83,55,2.819842
83,58,-1.570796
83,72,-0.321751
83,78,-0.321751
84,5,0.785398
84,14,-1.570796
84,17,0.321751
84,18,-2.819842
84,38,-1.570796
84,42,-0.321751
84,55,-1.570796
84,68,0.785398
84,74,2.819842
84,88,0.321751
84,90,2.819842
85,5,0.000000
85,13,1.570796
85,39,1.570796
85,44,2.819842
85,47,-0.321751
85,48,2.819842
85,52,1.570796
85,56,1.570796
85,59,-1.570796
85,64,1.570796
85,74,-1.570796
85,81,2.819842
86,5,-0.785398
86,12,0.321751
86,13,-2.819842
86,16,0.321751
86,17,-2.819842
86,39,-0.321751
86,40,2.819842
86,44,-1.570796
86,52,-0.321751
86,53,2.819842
86,57,3.141593
86,64,0.000000
86,69,-1.249046
86,81,-1.570796
87,45,1.570796
87,48,-0.321751
87,58,1.570796
87,64,-0.785398
87,76,1.570796
88,5,0.785398
88,12,-2.819842
88,15,0.321751
88,16,-2.819842
88,18,1.570796
88,35,0.785398
88,40,-0.321751
88,45,-0.321751
88,46,2.819842
88,50,2.819842
88,53,-0.321751
88,58,-0.321751
88,60,2.356194
88,71,-0.321751
88,72,2.819842
88,76,-0.321751
88,86,0.785398
88,88,-2.819842
89,5,-0.321751
89,7,2.356194
89,10,-0.785398
89,11,-1.892547
89,22,1.570796
89,26,0.785398
89,42,2.819842
89,50,-1.570796
89,55,2.819842
89,61,2.356194
89,72,-2.356194
89,78,2.819842
90,22,-0.321751
90,23,2.819842
90,26,-0.321751
90,27,2.819842
90,32,1.570796
90,34,0.000000
90,35,-1.892547
90,37,1.570796
90,42,-1.570796
90,46,-0.321751
90,47,2.819842
90,51,1.570796
90,55,-1.570796
90,66,0.000000
90,72,0.785398
90,78,-1.570796
91,19,1.570796
91,23,-1.570796
91,27,-2.356194
91,32,-0.321751
91,37,-0.321751
91,38,2.819842
91,43,1.570796
91,47,-1.570796
91,52,2.819842
91,56,1.570796
91,61,-1.249046
91,62,3.141593
91,67,-1.570796
91,72,0.000000
91,79,0.000000
92,6,0.785398
92,12,0.000000
92,13,-1.892547
92,19,-0.321751
92,33,-2.356194
92,38,-1.570796
92,43,-0.321751
92,44,2.819842
92,48,1.570796
92,52,-1.570796
92,56,-0.321751
92,68,1.570796
92,72,-0.785398
92,74,-1.570796
92,80,-1.570796
93,6,-0.321751
93,8,2.356194
93,44,-1.570796
93,48,-0.321751
93,53,1.570796
93,60,2.356194
93,69,3.141593
93,72,-1.570796
93,75,0.000000
94,16,0.000000
94,25,2.356194
94,40,1.570796
94,49,-1.570796
94,53,-0.321751
94,64,1.570796
94,70,1.570796
94,76,-2.356194
94,82,1.570796
94,87,2.356194
95,22,-1.249046
95,23,-2.356194
95,25,3.141593
95,41,3.141593
95,55,2.819842
95,65,3.141593
95,70,-0.321751
95,71,2.819842
95,84,1.570796
95,85,2.356194
95,86,-0.785398
96,13,-0.785398
96,25,-1.570796
96,42,1.570796
96,46,-1.570796
96,50,-1.570796
96,55,-1.570796
96,60,3.141593
96,78,2.356194
97,20,0.000000
97,21,1.892547
97,43,3.141593
97,61,-2.356194
97,72,-2.356194
97,76,-0.785398
97,77,-1.892547
97,82,-1.249046
98,13,3.141593
98,21,-1.249046
98,22,-2.356194
98,23,3.141593
98,26,-1.570796
98,32,-2.356194
98,40,3.141593
98,44,-2.356194
98,56,-1.570796
98,69,3.141593
