7,23,1.249046
7,24,2.356194
7,33,0.785398
7,34,2.356194
7,46,2.356194
8,34,-2.356194
8,41,0.321751
8,55,1.570796
9,14,1.249046
9,15,3.141593
9,23,-1.570796
9,34,0.785398
9,46,2.819842
10,11,2.356194
10,13,-0.785398
10,71,1.570796
11,10,-0.785398
11,25,1.570796
11,47,2.819842
11,75,0.785398
11,76,1.892547
12,25,0.000000
12,32,-0.785398
12,54,3.141593
13,38,1.892547
14,10,2.356194
14,27,-2.356194
14,32,2.356194
14,35,-0.785398
14,40,2.356194
14,43,1.249046
14,47,-1.249046
14,48,3.141593
15,35,2.356194
15,57,-2.356194
16,35,-2.356194
16,43,-1.249046
16,45,-2.356194
16,57,2.356194
17,21,1.570796
17,37,0.785398
18,6,0.321751
18,14,1.249046
18,21,0.000000
18,33,2.356194
18,38,-1.249046
18,39,-2.356194
18,52,0.785398
18,64,0.321751
19,6,-0.785398
19,11,0.321751
19,21,-1.570796
19,42,0.785398
19,43,1.892547
19,64,-0.785398
20,35,0.785398
20,36,1.892547
20,43,-1.249046
20,44,-2.356194
20,54,-2.356194
20,64,2.356194
21,13,-1.892547
21,17,-2.356194
21,19,-0.785398
21,20,-1.570796
21,21,-2.356194
21,23,0.785398
21,33,-0.785398
21,36,-1.249046
21,37,-2.356194
21,46,0.000000
21,47,1.892547
21,62,2.356194
21,67,0.000000
21,68,-1.892547
21,81,2.356194
22,15,-0.785398
22,26,1.249046
22,27,2.356194
22,33,2.356194
22,40,0.785398
22,41,1.892547
22,64,-1.249046
22,66,2.356194
23,24,0.000000
23,32,-0.785398
23,33,-2.356194
23,41,-1.249046
23,42,-2.356194
23,52,0.785398
23,53,1.570796
23,55,1.570796
24,9,1.892547
24,66,-0.321751
25,4,0.321751
25,11,0.785398
25,12,1.570796
25,13,2.356194
25,14,-0.785398
25,15,-1.570796
25,16,-2.356194
25,23,-0.785398
25,24,-1.570796
25,26,-2.356194
25,53,-0.321751
25,57,0.000000
25,67,-1.249046
25,69,1.892547
25,71,0.785398
26,4,-1.570796
26,9,-1.892547
26,39,0.000000
26,40,1.892547
26,48,-1.249046
26,50,1.892547
26,54,-1.249046
26,55,3.141593
26,63,-1.249046
26,64,3.141593
26,76,0.000000
26,77,-1.892547
27,42,0.785398
27,43,1.570796
27,44,2.356194
27,50,-1.249046
27,52,1.892547
27,56,-0.785398
27,57,-2.356194
27,60,-1.570796
27,65,0.000000
27,66,1.892547
27,70,-1.249046
27,75,1.570796
28,11,0.000000
28,12,-1.570796
28,14,1.570796
28,15,2.356194
28,36,0.785398
28,37,1.892547
28,45,0.000000
28,46,1.892547
28,52,-1.249046
28,54,1.892547
28,58,0.000000
28,62,0.785398
28,66,-1.249046
28,67,3.141593
28,75,3.141593
29,37,-1.249046
29,38,-2.356194
29,39,-0.785398
29,40,-1.570796
29,46,-1.249046
29,48,1.892547
29,55,3.141593
29,60,2.819842
29,63,0.000000
29,64,1.892547
30,7,1.249046
30,8,2.356194
30,17,3.141593
30,32,0.785398
30,33,1.570796
30,34,2.356194
30,48,-1.249046
30,49,3.141593
30,53,0.785398
30,60,-1.570796
30,69,1.570796
31,3,0.785398
31,13,-0.785398
31,14,-1.892547
31,36,2.356194
31,43,-1.249046
31,45,1.892547
31,50,1.570796
31,53,-0.321751
31,61,1.570796
31,65,-1.249046
31,66,3.141593
31,69,-0.785398
31,71,1.892547
32,3,0.000000
32,5,-0.785398
32,11,0.000000
32,39,0.785398
32,40,1.892547
32,45,-1.249046
32,46,3.141593
32,50,-0.785398
32,51,3.141593
32,54,-1.249046
32,55,3.141593
32,61,-0.785398
32,67,0.000000
32,68,2.356194
32,72,2.819842
33,3,-1.570796
33,14,1.249046
33,15,2.356194
33,29,0.785398
33,30,1.892547
33,40,-1.249046
33,41,-2.356194
33,48,0.785398
33,49,2.356194
33,60,-0.785398
33,63,-1.570796
33,68,-1.570796
33,75,0.785398
33,76,1.892547
33,83,2.356194
34,11,0.000000
34,12,-1.570796
34,34,-0.785398
34,49,-2.356194
34,54,3.141593
34,64,0.000000
34,65,1.892547
34,69,1.570796
34,72,-0.785398
34,77,2.819842
35,44,2.356194
35,49,2.356194
35,59,0.000000
35,81,0.000000
35,82,-1.892547
36,15,-2.356194
36,29,-0.785398
36,43,-0.785398
36,47,0.000000
36,48,-0.785398
36,78,-2.356194
37,5,1.570796
37,12,0.000000
37,13,-1.892547
37,40,-0.785398
37,55,2.356194
37,57,0.785398
37,62,-1.570796
38,3,0.785398
38,9,1.249046
38,10,2.356194
38,54,-0.785398
38,63,1.570796
38,77,2.819842
39,3,-0.785398
39,7,0.785398
39,26,0.785398
39,27,1.892547
39,29,2.356194
39,63,-0.785398
39,64,3.141593
40,11,2.356194
40,27,-1.249046
40,28,-2.356194
40,44,0.000000
40,46,3.141593
40,65,1.570796
40,75,-1.249046
41,16,1.249046
41,17,2.356194
41,24,3.141593
41,65,-0.785398
41,67,1.892547
42,3,0.000000
42,8,0.000000
42,15,-0.785398
42,16,-1.892547
42,55,0.000000
42,56,3.141593
42,63,0.000000
43,2,-0.785398
43,6,0.785398
43,7,3.141593
43,11,2.356194
43,64,-1.249046
43,65,3.141593
44,16,1.249046
44,17,2.356194
44,47,0.000000
44,48,3.141593
44,60,0.785398
44,66,-2.356194
44,70,2.819842
45,8,-0.785398
45,13,1.249046
45,14,2.356194
45,15,-0.785398
45,16,-1.892547
45,22,-1.570796
45,43,0.000000
45,44,3.141593
46,11,2.356194
46,12,-0.785398
46,13,-1.892547
46,67,1.570796
46,72,1.892547
46,85,2.356194
47,63,-2.356194
47,73,2.819842
47,80,1.892547
48,2,-0.785398
48,8,0.000000
48,9,-1.892547
48,82,2.356194
48,83,-0.785398
48,84,-1.892547
49,23,-2.356194
50,11,3.141593
50,31,0.785398
50,72,-0.785398
51,10,-1.570796
51,16,3.141593
51,81,-2.819842
52,4,1.570796
52,9,3.141593
52,13,1.249046
52,14,3.141593
52,21,0.000000
52,27,0.785398
52,37,0.000000
52,38,3.141593
53,3,0.321751
53,4,-2.819842
53,12,0.321751
53,69,-1.570796
54,3,-0.785398
54,8,-2.356194
54,12,-1.570796
54,24,0.000000
54,25,1.892547
54,30,0.000000
54,31,1.892547
54,35,-2.356194
54,72,-0.785398
54,74,1.570796
54,86,2.356194
55,3,-1.570796
55,9,0.785398
55,10,2.356194
55,25,-1.249046
55,26,3.141593
55,31,-1.249046
55,32,3.141593
55,76,1.570796
55,77,3.141593
55,79,-1.249046
55,80,-2.356194
55,86,3.141593
56,5,0.321751
56,6,-2.819842
56,9,-0.785398
56,15,1.570796
56,27,0.000000
56,28,1.892547
56,86,-2.356194
57,5,-1.570796
57,22,0.000000
57,23,3.141593
57,51,0.000000
57,76,-0.321751
57,77,2.819842
58,29,-1.249046
58,30,3.141593
58,43,0.000000
58,55,3.141593
58,77,-1.570796
59,2,0.785398
59,4,2.356194
59,14,-1.570796
59,20,0.000000
59,26,0.785398
59,31,0.000000
59,32,1.892547
59,37,-2.356194
59,61,0.000000
59,62,3.141593
59,71,1.570796
59,78,0.000000
59,79,1.892547
60,4,-2.819842
60,11,1.570796
60,16,0.000000
60,27,-2.356194
60,32,-1.249046
60,33,3.141593
60,86,2.356194
61,7,2.356194
61,11,2.356194
61,23,-2.356194
61,29,0.785398
61,34,-2.356194
61,42,1.570796
61,80,-1.249046
61,81,-2.356194
61,86,3.141593
62,2,0.321751
62,3,-2.819842
62,6,0.321751
62,7,-2.819842
62,10,0.321751
62,11,-2.819842
62,25,0.785398
62,42,-1.570796
62,44,0.785398
62,68,0.000000
62,76,0.000000
62,86,-2.356194
63,2,-0.785398
63,6,-0.785398
63,10,-0.785398
63,14,1.570796
63,45,-2.356194
63,53,-2.356194
63,56,0.000000
63,57,3.141593
63,86,2.356194
64,22,-2.356194
64,39,0.000000
64,40,3.141593
64,47,0.000000
64,59,0.000000
64,60,3.141593
64,75,0.785398
64,77,-0.785398
64,79,1.570796
64,80,2.356194
64,86,3.141593
65,14,2.356194
65,24,0.785398
65,29,-2.356194
65,52,3.141593
65,71,1.249046
65,72,3.141593
65,76,0.000000
65,86,-2.356194
66,13,0.321751
66,20,0.785398
66,38,3.141593
66,70,-0.785398
66,71,-1.892547
66,76,2.356194
66,80,1.570796
67,2,-1.570796
67,21,0.000000
67,22,1.892547
67,27,-2.356194
67,63,0.000000
67,74,1.249046
67,81,-2.356194
67,85,-0.785398
67,87,2.819842
68,13,0.000000
68,15,-1.570796
68,16,3.141593
68,22,-1.249046
68,23,3.141593
68,47,0.000000
68,50,3.141593
68,58,0.000000
68,60,3.141593
68,87,-2.356194
69,13,-0.785398
69,18,0.785398
69,19,1.892547
69,25,3.141593
69,70,1.249046
69,71,2.356194
69,72,-0.785398
69,73,-1.892547
69,78,2.819842
70,3,1.570796
70,19,-1.249046
70,20,3.141593
70,44,0.000000
70,69,-0.785398
70,70,-1.892547
70,78,-1.570796
71,22,0.785398
71,23,1.892547
71,28,0.000000
71,36,1.570796
71,59,0.000000
71,79,0.000000
72,16,1.570796
72,36,-1.570796
73,19,0.000000
73,20,3.141593
73,24,-1.249046
73,25,-2.356194
73,27,3.141593
73,39,0.000000
73,40,3.141593
73,42,0.000000
73,58,3.141593
73,76,1.570796
73,80,-0.321751
74,13,0.785398
74,35,0.785398
74,36,1.892547
74,48,3.141593
74,61,0.000000
74,76,-0.321751
74,81,-1.249046
74,83,1.892547
74,87,2.356194
75,13,-0.321751
75,23,0.000000
75,24,3.141593
75,30,0.000000
75,36,-1.249046
75,37,-2.356194
75,38,3.141593
75,50,0.000000
75,54,3.141593
75,71,1.249046
75,72,2.356194
75,73,3.141593
75,85,1.570796
76,14,-2.356194
76,32,0.000000
76,33,1.892547
76,57,0.000000
76,58,3.141593
76,70,0.000000
77,23,2.356194
77,28,0.000000
77,33,-1.249046
77,34,3.141593
77,46,0.000000
77,48,3.141593
77,61,2.356194
77,62,3.141593
77,80,2.819842
77,83,-0.321751
78,16,2.356194
78,18,0.000000
78,22,-1.570796
78,25,3.141593
78,30,-2.356194
78,36,0.785398
78,37,1.892547
78,74,1.570796
78,86,2.819842
79,15,0.000000
79,21,0.000000
79,27,0.785398
79,37,-1.249046
79,38,3.141593
79,55,0.000000
79,59,-0.785398
79,60,-1.570796
79,61,-2.356194
79,62,3.141593
79,64,0.000000
79,65,3.141593
79,67,-0.785398
79,74,-0.321751
79,81,-2.356194
79,83,-0.785398
79,84,-1.892547
79,86,-2.356194
80,23,0.785398
80,24,1.892547
80,28,0.000000
80,30,3.141593
80,40,3.141593
80,48,0.000000
81,24,-1.249046
81,25,-2.356194
81,26,0.785398
81,32,0.000000
81,42,0.000000
81,68,0.785398
81,69,1.570796
81,70,3.141593
81,75,-0.785398
82,36,0.785398
82,37,1.892547
82,73,1.570796
82,75,0.000000
83,28,-1.249046
83,29,-2.356194
83,30,0.785398
83,31,1.892547
83,37,-1.249046
83,39,1.892547
83,47,-2.356194
83,69,0.000000
83,74,-2.356194
83,76,-2.356194
83,80,1.570796
83,86,2.356194
84,14,1.570796
84,22,0.000000
84,31,-1.249046
84,32,-2.356194
84,39,-1.249046
84,40,-2.356194
84,41,0.785398
84,42,1.892547
84,67,1.249046
84,68,3.141593
84,70,-2.356194
84,81,-2.356194
84,86,3.141593
85,11,0.785398
85,14,-1.570796
85,17,-1.570796
85,35,0.785398
85,36,1.892547
85,42,-1.249046
85,43,-2.356194
85,54,0.000000
85,56,0.785398
85,57,1.570796
85,58,2.356194
85,63,0.785398
85,64,1.570796
85,86,-2.356194
86,11,-0.321751
86,12,2.819842
86,20,0.000000
86,21,3.141593
86,29,3.141593
86,36,-1.249046
86,37,-2.356194
86,47,-2.356194
87,9,1.570796
87,12,-2.356194
87,15,0.785398
87,18,0.785398
87,40,0.785398
87,41,1.892547
87,57,2.356194
87,68,0.000000
87,78,1.570796
88,6,0.785398
88,9,-1.570796
88,16,-2.356194
88,19,-2.356194
88,23,-0.785398
88,26,0.785398
88,27,1.892547
88,33,0.000000
88,41,-1.249046
88,42,-2.356194
88,43,3.141593
88,56,-0.785398
88,61,0.785398
88,62,1.570796
88,63,2.356194
88,69,-2.356194
88,78,0.785398
89,6,-0.321751
89,7,2.819842
89,27,-1.249046
89,28,-2.356194
89,45,0.000000
89,46,0.785398
89,47,1.892547
89,50,1.570796
89,65,-1.570796
89,78,-0.321751
89,86,2.356194
90,7,-2.356194
90,10,1.570796
90,13,0.785398
90,17,1.570796
90,39,0.785398
90,40,1.892547
90,49,-0.785398
90,66,0.000000
90,75,0.785398
90,79,-1.249046
90,80,-2.356194
91,7,0.785398
91,13,-0.321751
91,14,2.819842
91,32,0.000000
91,33,0.785398
91,34,1.892547
91,40,-1.249046
91,41,-2.356194
91,53,0.000000
91,59,0.785398
91,67,-1.570796
91,76,1.570796
92,7,-0.321751
92,8,2.819842
92,14,-1.570796
92,18,-2.356194
92,23,0.785398
92,31,0.785398
92,37,1.892547
92,47,-1.249046
92,48,3.141593
92,64,1.570796
92,68,-2.356194
92,71,-1.570796
92,76,-0.321751
92,77,2.819842
93,8,-2.356194
93,28,0.000000
93,29,0.785398
93,33,2.356194
93,40,1.892547
93,56,3.141593
93,60,-0.321751
93,61,2.819842
93,65,3.141593
93,77,-1.570796
93,85,1.249046
93,87,-1.570796
94,4,0.785398
94,16,1.570796
94,20,0.785398
94,25,1.570796
94,30,-1.249046
94,36,-2.356194
94,43,1.570796
94,44,2.356194
94,61,-1.570796
95,4,0.000000
95,16,-0.321751
95,25,-0.321751
95,33,3.141593
95,45,0.785398
95,46,2.356194
95,49,0.785398
95,50,1.570796
95,62,0.000000
95,63,1.892547
95,71,0.785398
95,83,-0.785398
95,84,-1.892547
96,6,2.356194
96,26,-1.249046
96,33,-1.570796
97,28,-1.570796
97,39,1.570796
97,43,-1.249046
97,45,-2.356194
97,58,1.570796
97,60,-2.356194
97,64,-1.249046
97,65,3.141593
97,77,1.570796
98,10,-1.570796
98,14,-1.570796
98,19,-1.249046
98,20,-2.356194
98,21,3.141593
98,24,-2.356194
98,31,3.141593
98,38,-0.785398
98,49,3.141593
98,57,-0.785398
98,66,-2.356194
98,70,-2.356194
98,74,-2.356194
98,77,-1.570796
