6,34,1.249046
6,35,2.356194
6,46,0.785398
6,47,1.892547
6,49,1.249046
6,50,2.356194
6,52,0.785398
6,53,1.570796
6,54,2.356194
6,59,0.785398
6,60,1.570796
6,61,2.356194
8,69,0.000000
8,70,1.570796
8,71,2.356194
9,47,-0.321751
9,49,-2.819842
9,59,0.321751
9,61,2.819842
9,79,1.570796
10,22,1.249046
10,23,3.141593
10,32,-1.570796
10,61,-2.356194
10,66,1.892547
10,68,1.249046
10,70,3.141593
10,82,0.785398
11,48,2.356194
11,59,-0.321751
11,64,-1.570796
11,83,-2.356194
12,43,1.249046
12,44,2.356194
12,46,0.785398
12,60,-1.249046
12,61,-2.356194
12,62,0.785398
12,66,-1.570796
12,68,-1.249046
12,70,3.141593
13,41,1.570796
13,43,-1.892547
13,50,2.356194
14,18,-0.785398
14,57,0.000000
14,58,1.570796
14,59,2.356194
14,70,-2.819842
14,83,2.356194
15,39,-1.249046
16,32,-0.785398
16,37,-2.819842
16,43,1.892547
16,45,1.249046
16,52,-0.785398
16,54,2.819842
17,14,3.141593
17,41,-0.785398
17,64,-0.785398
17,66,1.892547
17,79,1.570796
17,81,-1.892547
18,11,0.321751
18,47,-1.570796
18,48,-2.356194
18,49,-0.785398
18,50,-2.356194
18,56,2.356194
18,57,-0.785398
18,59,2.819842
18,66,-1.249046
18,67,3.141593
19,11,-1.570796
19,24,0.000000
19,25,1.570796
19,26,2.356194
19,28,0.785398
19,29,1.570796
19,40,0.785398
19,51,0.785398
19,59,-2.356194
19,62,0.000000
19,69,0.785398
19,80,2.819842
20,34,3.141593
20,51,-0.785398
20,53,-1.249046
20,55,-2.356194
20,59,0.785398
20,61,1.570796
20,66,1.892547
21,24,0.321751
21,26,2.819842
21,29,-0.321751
21,34,-1.570796
21,45,-1.249046
21,46,-2.356194
21,51,2.356194
21,56,1.570796
21,63,1.570796
21,75,2.819842
21,80,-2.819842
22,32,2.819842
22,35,0.000000
22,36,1.570796
22,37,2.356194
22,38,0.785398
22,39,1.892547
22,50,-0.785398
22,51,-2.356194
22,56,-0.785398
22,57,-2.356194
22,67,-1.249046
22,68,3.141593
22,72,-1.570796
22,78,0.000000
22,79,-1.892547
23,32,-2.356194
23,43,-1.249046
23,45,1.892547
23,54,0.785398
23,59,-1.249046
23,65,1.892547
23,69,0.000000
23,70,1.892547
23,73,-2.356194
23,75,-0.321751
23,77,3.141593
24,28,0.321751
25,9,0.321751
25,11,3.141593
25,21,0.785398
25,45,-1.892547
26,9,-0.785398
26,21,0.000000
26,23,1.570796
26,24,2.356194
26,27,-0.785398
26,28,-2.356194
26,34,1.570796
26,52,0.000000
26,53,1.892547
26,57,-1.249046
26,59,1.892547
26,72,-1.249046
26,73,3.141593
26,78,1.570796
27,31,-1.892547
27,44,-2.356194
27,54,2.819842
27,68,-1.249046
27,70,1.892547
27,74,1.570796
27,78,-0.321751
28,27,1.249046
28,29,-1.892547
28,38,1.570796
28,39,2.356194
28,40,-0.785398
28,41,-1.892547
29,16,0.785398
29,17,1.570796
29,18,2.356194
29,26,-0.785398
29,27,-1.892547
29,51,0.785398
29,52,1.570796
29,54,-1.570796
29,56,1.570796
29,57,2.356194
29,73,3.141593
29,81,2.819842
30,29,1.249046
30,30,2.356194
30,58,0.000000
30,59,1.892547
30,63,3.141593
30,81,-1.570796
31,19,-1.892547
31,37,-0.785398
31,38,-1.892547
31,52,3.141593
31,64,0.000000
31,65,0.785398
31,66,2.356194
31,73,3.141593
31,78,2.819842
32,26,1.249046
32,28,-1.892547
32,32,1.249046
32,33,2.356194
32,34,-0.785398
32,35,-1.892547
32,48,0.000000
32,49,1.570796
32,50,3.141593
32,58,2.356194
32,61,-1.249046
32,63,2.356194
32,74,1.570796
32,78,-1.570796
32,82,0.785398
33,8,0.785398
33,30,1.249046
33,32,-1.892547
33,53,-2.356194
33,66,-0.321751
33,71,2.819842
33,74,-0.321751
33,79,1.570796
33,82,-0.321751
34,8,-0.785398
34,9,3.141593
34,23,0.321751
34,29,0.000000
34,30,-1.892547
34,36,0.000000
34,40,0.785398
34,41,1.570796
34,42,2.356194
34,43,0.785398
34,44,1.570796
34,45,2.356194
34,46,0.785398
34,47,1.892547
34,55,-1.570796
34,63,-0.321751
34,68,2.819842
34,76,2.819842
34,79,-0.321751
34,80,2.819842
34,86,1.892547
34,88,2.356194
35,28,3.141593
35,33,0.785398
35,49,-1.570796
35,50,-2.356194
35,56,0.000000
35,61,1.892547
35,68,-1.570796
35,71,-0.321751
35,80,-1.570796
35,88,3.141593
36,21,1.249046
36,23,-2.356194
36,38,1.249046
36,39,2.356194
36,41,-0.785398
36,42,-2.356194
36,43,-0.785398
36,44,-1.570796
36,45,-2.356194
36,46,-0.785398
36,47,-1.892547
36,52,0.000000
36,53,1.892547
36,66,2.819842
36,69,1.570796
36,76,-0.321751
36,77,2.819842
36,86,-1.892547
36,88,-2.356194
37,16,-0.785398
37,17,-1.892547
37,20,0.321751
37,32,2.356194
37,37,-0.785398
37,38,-1.892547
37,69,-0.321751
37,70,2.819842
37,74,2.819842
37,77,-1.570796
38,27,-0.785398
38,28,3.141593
38,56,-0.785398
38,60,-1.570796
38,64,2.819842
38,66,-0.321751
38,67,2.819842
38,70,-1.570796
39,18,1.249046
39,20,-2.356194
39,41,1.249046
39,42,2.356194
39,53,-0.785398
39,54,-1.892547
39,58,-1.570796
39,64,-1.570796
39,67,-1.570796
39,74,-0.321751
39,75,2.819842
39,82,0.785398
40,27,-2.356194
40,28,-0.785398
40,29,-1.892547
40,34,0.000000
40,40,-0.785398
40,41,-1.892547
40,62,1.570796
40,65,-2.356194
40,68,1.570796
40,79,1.570796
40,82,-0.321751
40,83,2.819842
41,20,0.321751
41,36,3.141593
41,62,-0.321751
41,68,-0.321751
41,69,2.819842
41,72,1.570796
41,75,-0.321751
41,76,2.819842
41,79,-0.321751
41,80,2.819842
41,88,2.356194
42,15,0.321751
42,25,2.356194
42,31,1.249046
42,33,-1.570796
42,43,1.249046
42,44,2.356194
42,57,3.141593
42,60,0.785398
42,65,1.892547
42,69,-1.570796
42,72,-0.321751
42,73,2.819842
42,80,-2.356194
42,83,-0.321751
42,86,0.785398
42,88,-2.819842
43,7,0.785398
43,19,3.141593
43,23,1.249046
43,25,-2.356194
43,30,-0.785398
43,31,-1.892547
43,35,-2.356194
43,39,2.356194
43,42,-0.785398
43,43,-1.892547
43,61,-2.356194
43,62,0.000000
43,66,2.819842
43,73,-1.570796
43,76,-0.321751
43,77,2.819842
44,7,0.000000
44,14,-0.785398
44,15,-2.356194
44,18,-1.570796
44,49,0.000000
44,51,0.785398
44,52,1.892547
44,63,0.000000
44,64,2.356194
44,66,-2.356194
44,74,1.570796
44,81,1.570796
44,85,-1.249046
44,88,2.819842
45,7,-0.785398
45,16,0.785398
45,17,3.141593
45,20,1.249046
45,22,-1.892547
45,32,0.000000
45,37,-0.785398
45,38,-2.356194
45,53,-2.356194
45,64,-2.356194
45,74,-0.321751
45,78,2.819842
45,81,-0.321751
45,82,2.819842
45,88,-2.356194
46,7,0.785398
46,19,0.321751
46,60,0.785398
46,61,1.570796
46,66,2.356194
46,75,-1.249046
46,76,-2.356194
47,7,-0.785398
47,8,3.141593
47,16,-2.819842
47,23,2.356194
47,35,2.356194
47,50,-0.785398
47,51,-1.570796
47,52,-2.356194
47,72,-1.570796
47,78,-0.321751
47,79,2.819842
47,82,-0.321751
47,83,2.819842
48,10,0.785398
48,11,1.570796
48,13,1.570796
48,19,0.000000
48,27,3.141593
48,34,-0.785398
48,57,3.141593
48,76,1.570796
48,83,-2.356194
49,16,1.570796
49,21,-2.356194
49,24,1.249046
49,25,3.141593
49,47,0.785398
49,48,1.892547
49,61,0.785398
49,79,-0.321751
49,80,2.819842
50,16,0.000000
50,20,-2.356194
50,30,0.785398
50,36,0.000000
50,37,3.141593
50,39,0.000000
50,51,0.785398
50,62,-2.356194
50,74,1.570796
50,80,-1.570796
51,22,0.000000
51,30,-0.785398
51,31,-2.356194
51,34,3.141593
51,52,-1.570796
51,74,0.785398
52,16,0.000000
52,21,-0.785398
52,24,0.785398
52,25,2.356194
52,26,0.785398
52,27,1.570796
52,28,2.356194
52,47,-0.785398
52,48,-2.356194
52,54,0.785398
52,55,1.892547
52,59,0.000000
52,60,3.141593
52,69,1.570796
52,74,-0.321751
52,75,2.819842
52,81,0.785398
53,16,-0.785398
53,24,-1.570796
53,45,0.000000
53,49,0.000000
53,50,1.892547
53,56,2.819842
53,66,0.785398
53,69,-1.570796
53,75,-2.356194
53,81,-0.321751
53,82,2.819842
53,89,2.356194
54,16,2.356194
54,23,1.570796
54,45,2.356194
54,50,-1.249046
54,52,1.892547
54,54,1.570796
54,56,-1.570796
54,82,-2.356194
54,87,0.785398
54,89,-2.819842
55,14,0.785398
55,16,-2.819842
55,23,-2.819842
55,26,2.356194
55,52,-1.249046
55,57,2.356194
55,68,-2.356194
56,13,3.141593
56,26,-2.819842
56,29,1.249046
56,30,3.141593
56,38,0.000000
56,45,-1.249046
56,46,-2.356194
56,54,-1.249046
56,55,-2.356194
56,56,-0.785398
56,57,-2.356194
56,70,1.570796
57,6,0.785398
57,20,0.321751
57,24,0.000000
57,25,-1.892547
57,36,3.141593
57,49,1.570796
57,67,2.356194
58,6,0.000000
58,11,-0.785398
58,12,-2.356194
58,20,-1.570796
58,22,0.000000
58,23,2.356194
58,27,0.321751
58,33,1.249046
58,34,3.141593
58,40,0.000000
58,42,0.785398
58,51,1.892547
58,66,-0.785398
58,76,0.785398
58,83,0.785398
59,6,-0.785398
59,15,2.356194
59,23,-2.356194
59,27,-1.570796
59,32,-0.785398
59,33,-1.892547
59,43,-2.356194
59,51,-1.249046
59,52,3.141593
59,59,0.785398
59,60,2.356194
59,62,0.785398
59,70,0.000000
59,76,-0.321751
59,77,2.819842
59,84,3.141593
60,15,-2.819842
60,19,-1.570796
60,36,0.000000
60,37,3.141593
60,39,1.570796
60,43,-1.570796
60,59,-0.785398
60,63,-1.570796
60,71,2.356194
60,77,-2.356194
60,80,0.785398
60,88,0.785398
61,14,-0.785398
61,47,0.000000
61,48,0.785398
61,49,1.892547
61,71,-2.819842
61,80,-0.321751
61,81,2.819842
62,6,0.785398
62,22,-1.570796
62,26,-1.570796
62,55,3.141593
62,65,-2.356194
62,81,-2.356194
63,6,0.000000
63,12,0.785398
63,34,2.356194
63,40,2.356194
63,60,-1.570796
63,70,0.000000
63,72,1.570796
63,75,2.819842
63,87,-0.785398
63,89,-1.249046
64,6,-0.785398
64,18,1.570796
64,22,0.000000
64,33,-1.570796
64,40,-2.819842
64,44,0.000000
64,47,3.141593
64,62,1.570796
64,70,-0.785398
64,75,-2.356194
65,13,-1.570796
65,25,-2.356194
65,62,0.785398
65,66,0.785398
65,70,-1.570796
65,72,-1.570796
66,15,0.785398
66,18,0.000000
66,36,1.249046
66,40,2.819842
66,58,0.785398
66,62,-0.321751
66,63,2.819842
66,82,0.785398
67,19,1.570796
67,22,3.141593
67,29,-2.356194
67,35,0.321751
67,40,-1.570796
67,55,2.819842
67,70,1.570796
67,75,0.785398
67,83,3.141593
67,87,2.356194
68,5,0.321751
68,7,-2.356194
68,10,0.785398
68,19,0.000000
68,32,-2.356194
68,38,2.356194
68,41,-2.356194
68,55,-1.570796
68,59,-1.570796
68,63,-0.321751
68,64,2.819842
68,73,1.570796
68,75,-0.321751
68,76,2.819842
68,87,3.141593
69,5,-0.785398
69,19,-0.785398
69,28,1.570796
69,35,0.000000
69,37,-0.785398
69,47,0.785398
69,56,-2.356194
69,68,-2.356194
69,76,-2.356194
69,79,0.785398
69,87,-2.356194
70,11,0.000000
70,35,-0.785398
70,49,3.141593
70,53,1.570796
70,64,-0.321751
70,65,2.819842
70,79,-0.321751
70,80,2.819842
71,53,0.785398
71,57,0.785398
71,80,-2.356194
72,5,0.785398
72,10,0.000000
72,15,0.000000
72,17,2.819842
72,21,1.570796
72,26,1.570796
72,29,-2.356194
72,31,1.570796
72,39,1.570796
72,49,0.785398
72,53,-0.321751
72,62,1.570796
72,65,-0.321751
72,66,2.819842
73,5,-0.321751
73,7,2.356194
73,17,-1.570796
73,21,-0.321751
73,22,2.819842
73,39,0.785398
73,41,1.249046
73,42,2.356194
73,46,0.785398
73,55,2.819842
74,22,-1.570796
74,39,-0.321751
74,44,-2.356194
74,51,1.570796
74,55,-1.570796
74,63,1.570796
74,66,-0.321751
74,67,2.819842
75,6,0.785398
75,19,3.141593
75,23,1.570796
75,48,-2.356194
75,51,-0.321751
75,52,2.819842
75,56,1.570796
75,63,-0.321751
75,64,2.819842
75,67,-1.570796
76,6,0.000000
76,23,-0.321751
76,24,2.819842
76,27,0.000000
76,42,0.785398
76,46,0.785398
76,52,-1.570796
76,56,-0.321751
76,57,2.819842
76,64,-2.356194
76,68,2.356194
76,86,1.570796
77,6,-0.785398
77,15,0.321751
77,28,-2.356194
77,43,-1.570796
77,64,-1.570796
77,67,0.321751
77,68,-2.819842
77,86,-2.819842
78,15,-1.570796
78,24,-0.321751
78,25,2.819842
78,28,-1.570796
78,36,-1.892547
78,40,-2.356194
78,57,-0.321751
78,58,2.819842
78,67,-0.785398
78,85,-0.785398
79,11,2.356194
79,13,1.249046
79,14,3.141593
79,19,2.356194
79,25,-1.570796
79,33,-0.321751
79,40,0.785398
79,58,-1.570796
80,6,0.785398
80,17,1.249046
80,19,-2.356194
80,26,0.000000
80,27,1.892547
80,34,-1.570796
80,37,0.785398
80,40,-0.785398
80,41,3.141593
80,78,0.785398
81,6,-0.321751
81,8,2.356194
81,9,-0.785398
81,10,-1.570796
81,16,0.000000
81,28,2.819842
81,32,1.570796
81,35,1.570796
81,42,0.000000
81,59,0.785398
81,61,0.000000
81,79,3.141593
82,15,3.141593
82,18,0.000000
82,22,1.570796
82,23,2.356194
82,32,0.785398
82,35,-0.321751
82,43,-2.356194
82,59,-0.321751
82,64,2.819842
82,70,0.785398
83,12,-0.321751
83,24,0.000000
83,25,1.892547
83,28,-0.785398
83,29,3.141593
83,33,3.141593
83,36,-1.249046
83,37,3.141593
83,51,0.785398
83,55,2.356194
83,62,3.141593
83,64,-2.356194
83,70,-0.321751
83,71,2.819842
84,18,0.000000
84,19,-1.570796
84,20,-2.356194
84,21,-0.785398
84,27,2.356194
84,30,1.570796
84,34,1.570796
84,43,2.356194
84,53,0.785398
84,71,-2.356194
85,17,1.570796
85,27,-1.570796
85,30,-0.785398
85,31,3.141593
85,35,2.819842
85,41,0.785398
85,49,0.000000
85,57,0.785398
85,68,1.570796
85,71,2.356194
85,74,0.785398
85,85,2.356194
86,17,-2.356194
86,25,-2.819842
86,28,0.000000
86,32,0.000000
86,33,2.356194
86,35,-2.356194
86,44,-2.356194
86,58,-1.570796
86,68,0.000000
86,70,-0.785398
86,71,-2.356194
86,74,-0.785398
86,75,3.141593
86,85,-2.819842
87,7,0.785398
87,20,1.249046
87,22,1.570796
87,35,2.356194
87,42,-0.785398
87,46,0.000000
87,59,-2.356194
87,65,-2.356194
87,68,-0.785398
87,72,0.785398
87,73,3.141593
87,84,-0.785398
88,7,0.000000
88,13,-0.785398
88,14,-1.892547
88,25,1.570796
88,33,-0.785398
88,47,-2.356194
88,72,-0.785398
89,7,-0.785398
89,22,-2.819842
89,25,0.000000
89,38,0.785398
89,39,1.570796
89,40,2.356194
89,41,-0.785398
89,42,-1.570796
89,43,3.141593
89,47,0.785398
89,50,2.356194
89,62,0.785398
89,73,0.785398
89,74,2.356194
89,76,-0.785398
89,77,-1.570796
89,78,-2.356194
90,7,0.785398
90,17,0.000000
90,29,1.249046
90,31,-1.892547
90,49,-0.785398
90,54,1.570796
90,62,-0.321751
90,63,2.819842
90,70,0.785398
90,73,-0.785398
91,7,0.000000
91,19,-0.785398
91,20,-1.892547
91,23,1.249046
91,25,-2.356194
91,35,-2.819842
91,39,2.356194
91,46,-0.785398
91,47,-1.892547
91,52,1.249046
91,63,-2.356194
91,67,1.570796
91,70,-0.321751
91,71,2.819842
91,81,1.570796
92,7,-0.785398
92,32,1.249046
92,38,0.000000
92,51,0.000000
92,52,-1.892547
92,57,0.000000
92,61,3.141593
92,63,0.785398
92,67,0.785398
92,71,-2.356194
93,18,1.249046
93,19,2.356194
93,21,-0.785398
93,22,-1.892547
93,30,2.356194
93,31,-0.785398
93,32,-1.892547
93,35,0.785398
93,36,2.356194
93,54,2.356194
93,64,3.141593
93,67,-0.321751
93,68,2.819842
93,71,0.785398
94,16,1.249046
94,18,-1.892547
94,28,0.321751
94,35,-1.570796
94,43,3.141593
94,47,1.249046
94,48,3.141593
94,53,-0.785398
94,68,-1.570796
94,77,2.356194
94,79,-0.785398
94,80,-1.892547
95,28,-1.570796
95,33,1.249046
95,34,3.141593
95,39,1.249046
95,40,3.141593
95,46,0.000000
95,47,-1.892547
95,50,1.570796
95,60,0.785398
95,61,1.892547
95,65,0.785398
95,69,0.000000
95,75,-0.785398
95,76,-1.892547
96,22,0.000000
96,23,-1.892547
96,25,1.570796
96,27,1.570796
96,31,1.249046
96,33,-1.892547
96,37,1.249046
96,39,-1.892547
96,55,1.249046
96,56,2.356194
96,63,1.892547
96,72,-1.892547
97,25,-0.785398
97,27,-2.356194
97,35,0.000000
97,36,-0.785398
97,37,-1.892547
97,41,1.249046
97,42,3.141593
97,49,1.570796
97,52,0.000000
97,54,-0.785398
97,61,-1.570796
97,63,-1.249046
97,64,-2.356194
97,66,-1.249046
97,67,3.141593
97,70,-1.570796
98,16,-2.356194
98,24,-0.785398
98,29,-0.785398
98,30,-1.892547
98,39,0.000000
98,40,-0.785398
98,41,-1.892547
98,47,0.000000
98,48,-0.785398
98,56,-2.356194
98,60,-0.785398
