6,50,1.249046
6,51,2.356194
7,26,0.785398
7,27,1.570796
7,28,3.141593
7,39,0.785398
7,40,2.356194
7,42,0.785398
7,43,1.570796
7,44,2.356194
7,60,2.356194
8,9,1.249046
8,10,2.356194
8,15,0.785398
8,16,1.570796
8,17,3.141593
8,50,-2.356194
9,8,0.321751
9,39,3.141593
9,65,1.249046
9,66,2.356194
10,8,-0.785398
10,42,0.321751
10,44,2.819842
10,75,1.570796
11,15,0.321751
12,19,-2.356194
12,24,1.249046
12,29,1.570796
12,31,1.892547
12,42,0.000000
12,44,-2.356194
12,50,2.356194
13,15,-0.321751
13,34,0.785398
13,35,1.570796
13,42,-0.785398
13,59,0.000000
14,16,-1.249046
14,22,-1.570796
14,31,-0.785398
14,37,-1.249046
15,18,-1.249046
15,24,-0.785398
15,35,2.356194
15,39,-1.249046
15,57,0.785398
15,59,-2.819842
16,7,0.321751
16,9,3.141593
16,28,0.000000
16,32,-2.356194
16,41,-1.249046
16,49,-1.249046
16,51,3.141593
17,7,-1.570796
17,10,0.000000
17,11,1.570796
17,12,2.356194
17,16,0.785398
17,17,1.570796
17,18,2.356194
17,35,-1.249046
17,36,3.141593
17,47,-2.819842
17,58,0.000000
18,19,-0.785398
18,38,0.785398
18,39,1.892547
18,53,0.785398
18,54,1.892547
18,58,-0.785398
18,84,2.356194
19,39,-1.249046
19,40,-2.356194
19,41,0.785398
19,43,-2.819842
19,47,1.570796
19,56,1.892547
19,58,2.356194
19,62,-1.249046
19,72,2.819842
20,6,0.785398
20,13,0.785398
20,17,-2.356194
20,18,0.785398
20,19,1.570796
20,54,-1.570796
20,58,-2.356194
21,6,-0.785398
21,7,3.141593
21,30,-2.356194
21,36,0.785398
21,37,1.892547
21,44,1.570796
21,56,-1.570796
21,59,1.570796
21,68,3.141593
21,73,2.819842
22,37,-1.249046
22,38,-2.356194
22,55,2.356194
22,59,0.000000
22,65,-1.570796
22,79,1.249046
23,9,0.000000
23,10,1.892547
23,18,-0.785398
23,19,-1.570796
23,20,-2.356194
23,28,-1.570796
23,29,-2.356194
23,30,-0.785398
23,31,-1.570796
23,32,3.141593
23,42,-1.249046
23,44,3.141593
23,55,-1.570796
23,63,0.785398
23,68,0.000000
23,70,-0.785398
23,71,-1.570796
23,75,1.570796
23,76,2.356194
23,77,0.785398
23,81,-2.356194
24,6,3.141593
24,23,-2.356194
24,33,0.000000
24,34,1.570796
24,35,2.356194
24,64,-1.249046
24,65,3.141593
25,3,0.321751
25,11,-1.249046
25,12,-2.356194
25,14,-0.785398
25,15,-1.570796
25,16,3.141593
25,21,1.570796
25,26,-1.249046
25,27,3.141593
25,44,-0.785398
25,45,-2.356194
25,46,-0.785398
25,47,-1.892547
25,51,-1.249046
25,52,3.141593
25,68,3.141593
26,3,-0.785398
26,8,1.570796
26,20,-0.785398
26,21,-2.356194
26,28,0.000000
26,29,1.570796
26,30,2.356194
26,34,2.356194
26,42,0.785398
26,53,0.000000
26,54,1.892547
26,60,-1.249046
26,62,1.892547
26,68,-1.570796
26,75,-1.249046
26,76,3.141593
27,8,-0.321751
27,33,-0.785398
27,43,-1.249046
27,44,-2.356194
27,56,1.892547
27,78,-1.570796
27,87,2.356194
28,9,-1.249046
28,10,-2.356194
28,13,0.785398
28,14,1.892547
28,25,0.785398
28,26,1.892547
28,56,-1.249046
28,57,-2.356194
28,63,-1.249046
28,64,-2.356194
29,3,0.785398
29,14,-1.249046
29,15,-2.356194
29,28,-1.570796
29,30,1.570796
29,31,2.356194
29,54,3.141593
29,60,0.785398
29,61,1.892547
29,66,1.570796
29,76,2.356194
29,83,0.785398
29,84,1.570796
29,86,-1.892547
30,3,0.000000
30,17,0.785398
30,18,2.356194
30,40,2.356194
30,42,0.000000
30,43,0.785398
30,44,1.570796
30,45,2.356194
30,46,3.141593
30,54,-1.570796
30,61,-1.249046
30,62,3.141593
30,76,-2.356194
30,81,-0.785398
31,3,-0.785398
31,24,0.000000
31,25,-0.785398
31,26,-1.570796
31,27,-2.356194
31,30,3.141593
31,39,0.000000
31,55,0.000000
31,56,1.892547
31,64,0.785398
31,69,0.000000
31,70,1.892547
31,81,2.356194
31,83,0.321751
31,84,-2.819842
32,16,-0.785398
32,17,-1.570796
32,18,3.141593
32,22,2.356194
32,30,-1.570796
32,51,3.141593
32,56,-1.249046
32,57,-2.356194
32,58,0.785398
32,59,1.892547
32,72,1.892547
32,74,2.356194
32,79,0.000000
32,83,-1.570796
33,3,0.785398
33,21,-0.785398
33,33,0.785398
33,34,1.892547
33,46,1.570796
33,47,2.356194
33,48,0.000000
33,59,-1.249046
33,61,1.892547
33,65,-1.570796
34,3,0.000000
34,34,-1.249046
34,35,-2.356194
34,51,3.141593
34,64,0.000000
34,68,-1.249046
34,76,0.785398
34,77,1.892547
34,79,1.570796
34,82,-1.570796
34,88,2.356194
35,3,-0.785398
35,10,3.141593
35,13,0.000000
35,15,3.141593
35,19,0.000000
35,20,0.785398
35,21,1.892547
35,27,0.000000
35,39,0.785398
35,40,1.892547
35,44,-0.321751
35,61,-0.785398
35,65,1.570796
35,74,-1.892547
35,79,-2.819842
35,88,3.141593
36,21,-1.249046
36,22,-2.356194
36,25,3.141593
36,40,-1.249046
36,41,-2.356194
36,47,-2.356194
36,48,3.141593
36,61,0.785398
37,34,0.000000
37,35,1.570796
37,36,2.356194
37,43,-2.356194
37,45,-0.785398
37,62,-2.356194
37,64,-0.785398
37,65,-1.892547
37,70,-0.785398
37,71,-1.892547
37,73,1.570796
38,2,0.321751
38,4,-2.356194
38,26,1.249046
38,27,2.356194
38,53,0.000000
38,54,3.141593
38,74,-2.356194
38,78,2.356194
39,2,-0.785398
39,25,-0.785398
39,31,3.141593
39,41,0.785398
39,42,1.892547
39,48,3.141593
40,28,3.141593
40,80,2.356194
40,84,-0.785398
40,87,-2.819842
41,46,3.141593
42,20,2.356194
42,87,1.570796
42,91,2.819842
43,31,0.785398
43,32,1.892547
43,87,0.000000
44,4,2.356194
44,15,1.249046
44,16,2.356194
44,19,-2.356194
44,32,-1.249046
44,33,-2.356194
44,36,0.785398
44,37,1.892547
44,43,-1.249046
44,45,1.892547
44,74,0.000000
44,82,0.785398
44,83,1.892547
44,91,-2.819842
45,2,0.321751
45,11,1.249046
45,13,1.570796
45,19,0.785398
45,37,-1.249046
45,38,-2.356194
45,47,2.356194
45,48,3.141593
45,83,-1.249046
45,84,-2.356194
45,85,0.785398
45,87,-2.819842
46,8,1.249046
46,9,2.356194
46,10,-0.785398
46,19,-0.785398
46,20,-2.356194
46,29,3.141593
46,43,0.785398
47,2,0.000000
47,15,-1.570796
47,17,1.570796
47,18,3.141593
47,32,0.000000
47,35,0.785398
47,36,1.892547
47,46,-2.819842
47,86,0.785398
47,91,2.356194
48,2,-0.785398
48,36,-1.249046
48,37,-2.356194
48,81,0.000000
48,82,1.892547
48,89,0.785398
48,91,-2.819842
49,13,-2.356194
49,17,0.785398
49,24,1.249046
49,25,2.356194
49,27,0.785398
49,39,0.785398
49,40,2.356194
49,82,-1.249046
49,83,3.141593
50,2,0.785398
50,7,0.000000
50,8,-1.892547
50,13,0.785398
50,17,-0.785398
50,19,1.570796
50,20,2.356194
50,28,-2.356194
50,39,-0.785398
50,76,2.356194
50,91,-2.356194
51,3,-2.356194
51,13,-0.785398
51,14,-2.356194
51,28,-1.570796
51,43,2.356194
51,74,1.249046
51,75,3.141593
51,80,0.785398
52,34,2.356194
52,36,0.785398
52,37,1.570796
52,39,-1.570796
52,40,-2.356194
52,42,-0.785398
52,43,-2.356194
52,45,1.570796
52,81,0.000000
52,82,1.892547
52,87,3.141593
53,9,1.249046
53,10,3.141593
53,16,1.249046
53,17,2.356194
53,18,-0.785398
53,19,-1.570796
53,20,-2.356194
53,25,2.819842
53,33,-0.785398
53,45,-2.819842
53,65,0.000000
53,66,0.785398
53,85,-2.356194
54,6,1.249046
54,7,2.356194
54,8,-0.785398
54,15,-0.785398
54,16,-1.892547
54,37,2.356194
54,44,-0.785398
54,81,0.785398
55,5,-0.785398
55,6,-1.892547
55,10,0.785398
55,11,2.356194
55,21,1.249046
55,23,1.570796
55,25,-1.570796
55,26,-2.356194
55,28,3.141593
55,32,0.321751
55,34,3.141593
55,46,1.249046
55,48,-1.570796
55,67,0.000000
55,70,-0.785398
55,81,0.000000
56,2,-0.785398
56,10,-1.570796
56,17,1.249046
56,18,2.356194
56,20,-0.785398
56,21,-1.892547
56,32,-1.570796
56,35,0.000000
56,37,-1.249046
56,38,-2.356194
56,43,-0.785398
56,67,-1.570796
56,81,-1.570796
56,91,-2.356194
57,16,0.000000
57,17,-1.892547
57,74,0.000000
57,75,1.570796
57,77,1.570796
57,78,2.356194
57,79,0.785398
57,80,2.356194
57,83,-0.785398
58,6,1.249046
58,7,3.141593
58,21,0.000000
58,22,-0.785398
58,23,-1.570796
58,27,0.000000
58,29,0.785398
58,32,-2.356194
58,34,-0.785398
58,35,-1.570796
58,37,1.570796
58,38,2.356194
58,45,2.356194
59,5,-0.785398
59,6,-1.892547
59,11,1.249046
59,12,3.141593
59,39,0.000000
59,45,-2.819842
59,75,0.000000
59,81,-2.356194
59,82,0.000000
59,88,1.570796
59,91,2.356194
60,3,3.141593
60,10,-0.785398
60,11,-1.892547
60,18,3.141593
60,23,1.249046
60,37,0.785398
60,83,1.570796
60,88,0.000000
61,2,-0.785398
61,15,0.000000
61,22,0.000000
61,23,-1.892547
61,28,0.000000
61,29,-0.785398
61,30,-1.570796
61,31,-2.356194
61,32,3.141593
61,38,-2.356194
61,39,-0.785398
61,43,-1.892547
61,74,0.321751
61,76,-2.356194
61,84,-2.356194
61,88,-1.570796
62,2,-1.570796
62,6,1.249046
62,7,3.141593
62,13,2.356194
62,20,0.000000
62,21,0.000000
62,74,-0.785398
62,79,0.000000
62,80,1.892547
62,86,0.000000
63,17,3.141593
63,22,2.356194
63,36,2.356194
63,40,-0.785398
64,3,0.000000
64,4,-0.785398
64,5,-1.892547
64,15,-0.785398
64,21,0.000000
64,30,0.000000
64,31,3.141593
64,35,-0.785398
64,88,-1.249046
64,89,3.141593
65,20,-0.785398
65,27,0.000000
65,28,3.141593
65,35,2.356194
65,72,0.000000
65,82,-1.249046
65,83,-2.356194
65,91,3.141593
66,6,1.249046
66,7,3.141593
66,18,2.356194
66,33,0.000000
66,34,-0.785398
66,85,0.000000
66,86,1.892547
67,5,0.000000
67,6,-1.892547
67,17,-0.785398
67,21,1.249046
67,22,2.356194
67,23,3.141593
67,29,1.249046
67,30,2.356194
67,31,3.141593
67,86,-1.249046
67,87,-2.356194
67,88,3.141593
68,9,2.356194
68,15,3.141593
68,27,0.000000
69,3,3.141593
69,8,0.785398
69,12,1.249046
69,13,3.141593
69,18,1.249046
69,20,-1.892547
69,25,2.356194
69,34,0.785398
69,35,1.570796
69,36,2.356194
69,38,0.785398
69,39,1.570796
69,40,2.356194
69,44,3.141593
69,72,-1.570796
69,83,0.000000
70,2,-0.785398
70,8,-0.321751
70,10,2.356194
70,11,-0.785398
70,12,-1.892547
70,17,0.000000
70,18,-1.892547
70,23,0.000000
70,29,-0.785398
70,30,-2.356194
70,31,3.141593
70,33,-0.785398
71,15,1.249046
71,16,3.141593
71,21,2.356194
71,38,-0.785398
71,39,-1.570796
71,40,3.141593
71,86,0.000000
71,87,1.892547
72,14,0.000000
72,19,0.785398
72,20,2.356194
72,87,-1.249046
72,88,3.141593
73,3,1.570796
73,9,0.785398
73,16,1.570796
73,20,-2.356194
73,24,-0.785398
73,32,-0.785398
73,35,-1.570796
73,48,3.141593
74,3,-0.785398
74,4,-2.356194
74,11,3.141593
74,26,2.356194
74,36,1.570796
74,91,3.141593
75,7,0.785398
75,19,0.785398
75,33,2.356194
75,36,0.000000
75,38,2.356194
75,42,0.785398
75,43,1.892547
75,86,0.785398
76,13,0.785398
76,17,0.785398
76,18,3.141593
76,20,1.570796
76,32,0.785398
76,38,-2.356194
76,48,3.141593
76,54,1.570796
77,6,0.000000
77,7,-2.356194
77,10,-0.785398
77,20,-0.321751
77,35,-0.785398
77,38,-1.570796
78,3,0.785398
78,4,2.356194
78,8,1.570796
78,10,2.356194
78,14,0.000000
78,16,-0.785398
78,23,2.356194
78,31,0.000000
78,32,-1.892547
78,40,0.000000
78,42,-0.785398
78,43,-1.570796
78,44,3.141593
78,64,0.000000
78,80,0.785398
78,85,0.785398
79,3,-1.570796
79,8,0.000000
79,21,0.000000
79,27,2.356194
79,29,0.000000
79,48,3.141593
79,81,0.000000
79,86,1.570796
79,89,2.356194
80,8,-1.570796
80,14,-2.819842
80,21,-1.570796
80,55,-2.356194
80,77,0.785398
80,82,-1.570796
80,89,-2.819842
81,19,0.785398
81,20,2.356194
81,29,1.249046
81,30,2.356194
81,31,3.141593
81,41,1.570796
81,79,1.892547
82,2,0.785398
82,5,1.249046
82,6,3.141593
82,11,0.000000
82,24,0.000000
82,28,0.000000
82,29,-1.892547
82,41,2.356194
82,45,0.000000
82,52,0.000000
82,65,0.000000
82,67,-0.785398
82,70,2.356194
82,75,0.000000
82,76,0.785398
82,77,2.356194
82,84,1.570796
82,88,-1.570796
83,2,0.000000
83,4,-0.785398
83,5,-1.892547
83,13,1.570796
83,17,-1.570796
83,20,0.000000
83,27,-0.785398
83,37,0.000000
83,41,3.141593
83,49,3.141593
83,55,-2.356194
83,72,0.785398
83,81,3.141593
83,84,-0.321751
84,2,-0.785398
84,14,3.141593
84,20,-1.570796
84,41,-2.356194
84,51,0.000000
84,57,0.785398
84,69,0.785398
84,73,-1.570796
84,77,0.000000
84,79,2.356194
84,82,1.570796
85,7,0.000000
85,8,0.000000
85,19,0.000000
85,59,0.785398
85,60,1.892547
85,69,0.000000
85,74,-2.356194
85,77,-1.570796
85,82,-0.321751
85,85,-1.570796
85,87,-1.570796
86,2,0.785398
86,9,2.356194
86,17,0.000000
86,22,3.141593
86,38,-2.356194
86,41,-1.570796
86,60,-1.249046
86,61,3.141593
86,66,1.570796
86,71,2.356194
86,76,1.570796
86,79,-0.321751
86,80,2.819842
86,83,-1.249046
86,88,1.570796
86,90,0.785398
87,2,-0.321751
87,3,2.819842
87,18,1.570796
87,29,0.000000
87,49,0.000000
87,56,-2.356194
87,71,3.141593
87,80,-1.570796
87,85,1.570796
87,88,-0.321751
87,91,-2.356194
88,3,-2.356194
88,7,1.570796
88,18,-0.785398
88,26,2.356194
88,40,0.000000
88,43,3.141593
88,53,3.141593
88,67,0.785398
88,69,-1.892547
88,74,0.321751
88,81,0.000000
88,85,0.000000
89,3,0.785398
89,5,1.249046
89,7,-2.356194
89,9,-1.570796
89,11,0.785398
89,12,3.141593
89,25,1.570796
89,46,2.356194
89,47,3.141593
89,71,-0.321751
89,82,-1.570796
90,3,-0.785398
90,5,-1.892547
90,8,0.000000
90,11,-0.785398
90,15,0.000000
90,20,-1.570796
90,25,-2.819842
90,30,0.000000
90,31,3.141593
90,45,-1.570796
90,74,3.141593
90,83,0.785398
90,85,3.141593
90,88,-0.785398
90,90,2.819842
91,11,-1.570796
91,14,1.570796
91,22,0.321751
91,41,0.000000
91,43,0.785398
91,51,0.000000
91,61,0.785398
91,83,-0.785398
91,85,-1.570796
91,90,-2.356194
92,14,-2.819842
92,35,1.570796
92,44,-1.249046
92,45,-2.356194
92,47,3.141593
92,55,3.141593
92,71,0.000000
92,72,-1.570796
92,76,0.785398
92,77,1.892547
92,79,2.356194
92,83,0.785398
93,22,0.000000
93,24,-2.356194
93,58,1.570796
93,83,-0.321751
94,5,1.249046
94,6,3.141593
94,11,0.000000
94,12,-1.892547
94,16,1.570796
94,25,1.570796
94,28,1.249046
94,41,0.785398
94,69,-0.785398
94,81,2.356194
94,85,2.819842
94,91,-1.570796
95,16,0.785398
95,19,0.785398
95,25,0.000000
95,27,-0.785398
95,28,-1.892547
95,30,-2.356194
95,42,-2.356194
95,44,0.785398
95,54,0.785398
95,65,-1.570796
95,70,0.000000
95,78,-0.785398
95,82,1.570796
95,85,-2.356194
95,89,1.570796
96,16,-0.321751
96,23,1.570796
96,30,0.785398
96,47,-2.356194
96,62,3.141593
96,71,-2.356194
96,80,-2.819842
96,82,-0.321751
96,89,-0.321751
96,90,2.819842
97,4,-1.570796
97,17,-1.249046
97,19,-1.892547
97,25,-2.356194
97,31,3.141593
97,43,1.570796
97,50,1.570796
97,71,-1.570796
97,83,-1.249046
97,84,-2.356194
97,90,-2.356194
98,23,-1.892547
98,26,-2.356194
98,32,-2.356194
98,35,-1.570796
98,43,-1.570796
98,50,-1.570796
98,59,3.141593
98,78,-0.785398
98,90,-1.570796
