6,56,1.249046
6,57,2.356194
6,62,0.785398
6,63,1.570796
6,64,2.356194
6,65,0.785398
6,66,1.892547
6,68,1.249046
6,69,2.356194
6,70,0.785398
6,71,1.570796
6,72,2.356194
6,73,0.785398
6,74,1.892547
7,45,1.249046
7,46,2.356194
7,49,0.785398
7,50,1.892547
7,79,0.785398
7,80,1.892547
8,53,0.785398
8,74,-0.785398
8,82,2.356194
9,30,0.785398
9,31,2.356194
9,50,-0.785398
9,66,-0.321751
9,68,-2.819842
9,79,0.321751
10,22,0.785398
10,23,1.892547
10,26,1.249046
10,27,3.141593
10,31,-1.570796
10,40,0.321751
10,53,0.321751
10,57,1.570796
11,14,1.249046
11,15,3.141593
11,85,2.356194
12,40,0.000000
12,49,2.356194
12,55,-1.570796
13,11,1.249046
13,40,-0.785398
13,65,0.785398
13,68,-2.356194
14,29,1.892547
14,75,-2.356194
14,81,1.249046
15,13,-0.785398
15,25,0.321751
15,49,-1.892547
15,66,2.356194
15,70,-0.785398
15,78,0.785398
15,79,2.356194
16,29,-1.892547
16,31,-2.356194
16,34,0.321751
16,37,2.356194
16,45,1.249046
16,47,-1.892547
16,78,-0.785398
16,83,-2.819842
17,39,2.356194
17,40,-0.785398
17,41,-1.570796
17,42,-2.356194
17,43,0.785398
17,69,-0.785398
17,70,-1.570796
17,71,3.141593
17,78,2.356194
17,87,0.321751
17,89,2.819842
18,6,0.321751
18,27,-2.356194
18,34,-0.321751
18,38,-1.892547
18,63,2.356194
18,66,-0.785398
18,78,3.141593
19,6,-0.785398
19,16,0.321751
19,18,2.819842
19,59,-1.570796
19,60,-2.356194
19,71,0.321751
19,80,1.249046
19,81,3.141593
19,89,3.141593
20,6,2.356194
20,31,0.785398
20,33,1.249046
20,37,2.819842
20,46,-1.570796
20,47,-2.356194
20,48,0.785398
20,49,2.356194
20,77,0.321751
20,89,-2.356194
21,31,0.000000
21,41,1.249046
21,42,2.356194
21,49,-2.356194
21,77,-1.570796
21,81,0.000000
21,82,1.892547
21,89,2.356194
22,4,0.321751
22,12,0.321751
22,14,2.819842
22,39,0.785398
22,44,-1.570796
22,49,0.785398
22,53,1.249046
22,55,-1.570796
22,57,1.892547
22,67,-1.570796
22,73,-1.249046
22,74,-2.356194
22,75,0.785398
22,76,2.356194
22,87,1.249046
22,89,3.141593
23,4,-0.785398
23,23,-2.356194
23,31,-1.570796
23,33,-1.570796
23,35,-1.892547
23,52,-0.785398
23,53,-1.892547
23,60,0.785398
23,61,1.570796
23,62,2.356194
23,63,-0.785398
23,64,-1.570796
23,71,2.356194
24,12,0.000000
24,14,-2.356194
24,40,0.000000
24,44,-0.785398
24,45,-1.570796
24,46,-2.356194
24,57,-0.785398
24,66,-1.249046
24,67,-2.356194
24,78,1.570796
24,79,2.356194
24,82,3.141593
24,87,-1.249046
24,90,2.819842
25,49,-1.570796
25,57,2.356194
25,74,0.785398
25,82,-2.356194
25,90,-2.356194
26,10,0.000000
26,12,-2.819842
26,21,-1.570796
26,26,1.249046
26,30,0.000000
26,31,1.570796
26,32,2.356194
26,36,-0.785398
26,37,-1.570796
26,38,-2.356194
26,40,3.141593
26,53,1.249046
26,54,2.356194
26,56,-0.785398
26,57,-2.356194
26,71,-0.785398
27,16,-2.356194
27,19,-1.570796
27,22,0.785398
27,23,2.356194
27,40,-1.570796
27,45,1.249046
27,46,2.356194
27,49,-0.785398
27,53,-1.892547
27,59,2.356194
27,60,-0.785398
27,61,-1.570796
27,62,3.141593
27,71,2.356194
27,74,0.321751
27,77,-1.249046
27,78,-2.356194
28,42,2.356194
28,71,3.141593
28,74,-0.785398
28,80,0.785398
28,82,-1.570796
29,4,0.785398
29,6,1.249046
29,7,2.356194
29,13,0.785398
29,14,2.356194
29,37,1.249046
29,38,2.356194
29,40,-0.785398
29,41,-1.892547
29,45,-1.570796
29,56,0.000000
29,74,2.356194
29,80,-0.785398
29,84,-1.570796
29,87,1.249046
29,89,-1.570796
29,90,3.141593
30,4,0.000000
30,11,-0.785398
30,14,-1.570796
30,23,-2.356194
30,26,3.141593
30,32,1.570796
30,34,1.249046
30,35,2.356194
30,55,1.570796
30,71,0.000000
30,91,-2.356194
31,4,-0.785398
31,19,1.249046
31,48,1.570796
31,49,2.356194
31,50,-0.785398
31,53,2.356194
31,54,-0.785398
31,71,-0.785398
31,76,1.892547
31,80,2.356194
31,84,0.321751
31,87,-2.356194
32,4,0.785398
32,16,1.570796
32,21,-1.570796
32,28,2.356194
32,29,0.785398
32,30,1.570796
32,34,-1.570796
32,78,0.785398
32,84,-1.570796
32,87,0.785398
33,4,0.000000
33,12,2.819842
33,16,-0.785398
33,22,1.570796
33,24,1.249046
33,37,-1.892547
33,49,2.819842
33,71,0.785398
33,74,-0.321751
33,81,-2.356194
33,83,0.000000
33,87,0.000000
34,19,1.570796
34,27,-1.570796
34,49,-2.356194
34,56,1.570796
34,71,-0.321751
34,72,2.819842
34,79,-0.785398
34,87,-1.570796
34,90,-2.356194
35,4,-0.321751
35,19,0.000000
35,24,-1.570796
35,41,1.249046
35,42,2.356194
35,53,0.785398
35,56,0.785398
35,68,0.785398
35,85,0.000000
35,86,2.356194
36,19,-0.785398
36,22,-1.570796
36,28,-1.570796
36,53,-0.321751
36,57,2.819842
36,73,3.141593
36,77,0.000000
36,80,3.141593
36,86,-1.570796
37,5,0.000000
37,10,2.356194
37,11,-0.785398
37,13,2.819842
37,19,2.356194
37,23,0.785398
37,35,-2.356194
37,41,-2.356194
37,50,0.785398
37,57,-1.570796
37,74,-2.356194
38,9,-1.892547
38,13,-1.570796
38,16,1.249046
38,17,2.356194
38,23,-1.570796
38,26,-2.356194
38,41,2.356194
38,50,-0.321751
38,51,2.819842
38,58,-2.356194
38,79,1.570796
38,88,1.570796
39,16,-1.892547
39,21,2.356194
39,26,0.785398
39,29,0.000000
39,30,-1.892547
39,33,-1.570796
39,39,0.785398
39,48,1.570796
39,51,-1.570796
39,62,-1.570796
39,67,1.570796
39,71,1.570796
39,81,-1.570796
39,82,-2.356194
39,88,0.000000
40,28,2.356194
40,52,0.000000
40,53,2.356194
40,56,2.819842
40,59,0.785398
40,72,3.141593
40,84,1.570796
40,88,-1.570796
40,91,-2.356194
41,11,1.249046
41,21,1.570796
41,25,0.000000
41,26,-1.892547
41,28,-1.570796
41,33,-0.785398
41,34,-1.570796
41,35,-2.356194
41,41,-1.570796
41,45,0.785398
41,49,1.570796
41,53,-2.356194
41,68,1.570796
41,73,1.570796
41,78,0.785398
41,86,0.785398
41,87,2.356194
42,13,-1.570796
42,17,0.000000
42,18,-1.892547
42,21,0.000000
42,23,0.785398
42,24,2.356194
42,29,0.785398
42,30,2.356194
42,45,-0.321751
42,46,2.819842
42,49,-0.321751
42,57,3.141593
42,65,1.570796
42,74,3.141593
42,83,0.321751
42,87,-1.570796
43,3,-0.785398
43,14,0.785398
43,15,2.356194
43,16,0.000000
43,21,-1.570796
43,24,-1.570796
43,51,2.819842
43,61,-1.570796
43,76,3.141593
43,80,-2.356194
43,83,-0.785398
44,3,2.356194
44,14,-1.570796
44,17,1.570796
44,20,1.570796
44,26,2.356194
44,28,-0.785398
44,29,-2.356194
44,46,-0.321751
44,47,2.819842
44,58,-1.570796
44,66,1.570796
44,72,1.892547
44,83,0.785398
44,91,3.141593
45,2,0.321751
45,10,-1.570796
45,13,0.785398
45,17,0.000000
45,19,-0.785398
45,20,-2.356194
45,24,0.000000
45,25,-1.892547
45,32,2.356194
45,34,0.785398
45,47,-1.570796
45,51,-0.321751
45,52,2.819842
45,66,-0.785398
45,67,3.141593
45,78,0.000000
45,79,3.141593
45,83,-0.321751
45,84,2.819842
46,12,3.141593
46,23,2.356194
46,35,-2.356194
46,48,1.570796
46,52,-1.570796
46,68,0.000000
46,69,1.892547
46,73,-1.249046
46,74,-2.356194
47,2,-0.321751
47,9,0.785398
47,11,-1.892547
47,23,-1.570796
47,31,-1.570796
47,48,-0.321751
47,49,2.819842
47,53,0.000000
47,54,2.356194
47,69,-1.249046
47,70,3.141593
47,84,0.000000
47,86,1.570796
47,87,2.356194
48,9,-1.570796
48,26,1.570796
48,33,2.356194
48,34,-0.785398
48,36,2.819842
48,40,1.570796
48,49,-1.570796
48,54,-1.570796
48,60,2.356194
48,61,0.785398
48,62,1.892547
48,71,0.785398
48,72,2.356194
49,2,-0.785398
49,5,-0.785398
49,8,3.141593
49,14,0.785398
49,17,0.785398
49,23,0.000000
49,31,0.000000
49,32,-1.892547
49,40,-0.321751
49,41,2.819842
49,55,1.570796
49,59,-0.785398
49,67,0.000000
49,68,1.892547
49,71,-1.570796
49,73,0.000000
49,74,1.892547
49,88,-1.570796
50,21,2.356194
50,28,2.356194
50,37,2.819842
50,41,-1.570796
50,46,1.570796
50,51,1.570796
50,55,-0.321751
50,60,1.570796
50,63,-1.249046
50,64,3.141593
50,68,-1.249046
50,70,2.356194
50,74,-1.249046
50,75,-2.356194
51,37,-1.570796
51,42,1.570796
51,46,-0.321751
51,47,2.819842
51,51,-0.321751
51,60,-0.321751
51,61,2.819842
51,65,-2.356194
52,27,-1.570796
52,33,0.785398
52,34,2.356194
52,42,-0.321751
52,47,-1.570796
52,53,2.819842
52,70,0.000000
53,12,2.819842
53,20,1.570796
53,22,1.249046
53,29,2.356194
53,34,-2.356194
53,44,2.819842
53,48,0.000000
53,53,-1.570796
53,58,-1.249046
53,63,1.892547
53,70,-0.785398
53,84,-0.785398
54,14,1.570796
54,16,-1.570796
54,44,-1.570796
54,49,-2.356194
54,70,0.785398
54,84,2.356194
54,90,3.141593
55,3,0.785398
55,14,-2.356194
55,18,2.356194
55,25,-1.570796
55,35,2.356194
55,45,1.570796
55,49,2.356194
55,55,1.570796
55,64,-1.249046
55,65,3.141593
55,71,3.141593
55,83,-0.785398
55,84,-2.356194
56,3,-0.321751
56,5,2.356194
56,6,0.785398
56,7,1.570796
56,15,0.785398
56,17,-1.892547
56,31,1.249046
56,32,2.356194
56,35,3.141593
56,45,-0.321751
56,49,-2.819842
56,55,-0.785398
56,56,3.141593
56,60,2.356194
56,66,-2.356194
56,85,0.785398
56,86,2.356194
57,15,-1.570796
57,46,-1.249046
57,53,0.000000
57,58,0.785398
57,60,-2.819842
57,68,0.785398
57,87,0.000000
57,88,1.892547
58,20,0.321751
58,25,1.249046
58,27,-1.892547
58,31,-2.356194
58,35,0.000000
58,37,0.785398
58,69,0.000000
58,77,0.785398
58,78,2.356194
58,83,0.785398
58,88,-1.249046
58,89,3.141593
59,4,2.356194
59,12,0.785398
59,14,3.141593
59,43,1.570796
59,48,-0.321751
59,55,2.356194
59,56,3.141593
59,60,1.570796
59,65,0.785398
59,70,-1.570796
59,77,-0.785398
60,2,0.000000
60,3,-0.785398
60,4,-2.356194
60,8,3.141593
60,12,-1.570796
60,14,-2.356194
60,18,0.785398
60,30,-0.785398
60,31,-1.570796
60,32,-2.356194
60,35,3.141593
60,54,-0.785398
60,72,2.356194
60,84,-0.785398
60,86,0.000000
60,91,-2.356194
61,5,0.785398
61,6,3.141593
61,8,-1.570796
61,11,1.570796
61,35,-1.570796
61,40,-2.356194
61,41,0.785398
61,54,-1.570796
61,76,-0.785398
61,77,-1.570796
61,78,3.141593
61,84,2.356194
61,87,-1.570796
62,5,-0.785398
62,9,0.785398
62,42,-1.249046
62,51,-1.249046
62,52,3.141593
62,64,0.785398
62,65,1.892547
62,82,0.785398
62,89,3.141593
63,5,0.000000
63,9,-1.570796
63,20,-1.570796
63,35,-0.785398
63,44,-2.356194
63,49,3.141593
63,58,0.000000
63,67,1.892547
64,8,1.570796
64,17,0.785398
64,18,2.356194
64,38,0.000000
64,53,0.785398
64,62,-1.249046
64,64,2.356194
64,67,-1.249046
64,68,-2.356194
64,69,-0.785398
64,70,-1.892547
64,74,0.785398
64,75,1.892547
64,83,-1.570796
65,3,1.570796
65,8,-2.819842
65,17,-0.785398
65,23,1.570796
65,39,-1.570796
65,45,0.000000
65,46,1.892547
65,54,3.141593
65,75,-1.249046
65,76,-2.356194
66,2,0.321751
66,22,0.000000
66,28,-0.785398
66,40,0.785398
66,41,2.356194
66,46,-1.249046
66,47,-2.356194
66,65,-2.356194
66,81,-0.785398
67,2,-0.785398
67,4,0.785398
67,5,2.356194
67,6,-0.785398
67,10,0.785398
67,12,-2.356194
67,21,1.570796
67,36,0.785398
67,37,1.892547
67,42,0.000000
67,43,1.892547
67,49,0.000000
67,50,1.892547
67,84,2.819842
67,87,-1.570796
68,2,0.785398
68,10,-0.785398
68,11,-2.356194
68,19,0.785398
68,21,-2.819842
68,40,3.141593
68,43,-1.249046
68,44,3.141593
68,50,-1.249046
68,51,3.141593
68,60,0.785398
68,61,2.356194
69,2,-0.321751
69,4,-2.819842
69,18,0.785398
69,45,0.000000
69,46,1.892547
69,60,-0.785398
69,75,0.000000
69,76,1.570796
69,77,2.356194
69,78,0.785398
69,79,1.892547
69,84,-0.321751
70,22,1.249046
70,24,2.356194
70,32,1.570796
70,34,0.000000
70,37,-0.785398
70,41,3.141593
70,57,1.892547
70,60,2.356194
70,82,3.141593
70,85,-1.249046
70,86,3.141593
71,8,1.570796
71,21,0.000000
71,22,-1.892547
71,24,-1.570796
71,30,3.141593
71,32,-1.570796
71,42,0.000000
71,43,1.892547
71,49,1.892547
71,57,-1.249046
71,58,-2.356194
71,75,1.570796
71,87,1.570796
72,8,-2.819842
72,11,1.570796
72,16,0.000000
72,26,2.356194
72,38,0.000000
72,46,1.570796
72,51,0.785398
72,60,-1.249046
72,61,-2.356194
72,62,0.785398
72,63,1.570796
72,64,2.356194
72,77,1.249046
72,87,-0.321751
73,11,-2.819842
73,14,1.249046
73,15,3.141593
73,33,0.000000
73,40,-1.249046
73,57,1.892547
73,65,0.000000
73,66,1.892547
74,2,-0.785398
74,5,0.321751
74,18,-1.570796
74,23,-0.785398
74,24,-1.892547
74,57,-1.249046
74,59,1.892547
74,68,1.892547
74,74,-0.785398
74,78,1.570796
74,85,1.570796
74,90,2.819842
75,5,-1.570796
75,8,0.321751
75,62,-0.785398
75,63,-1.570796
75,64,-2.356194
75,69,-2.356194
75,74,2.356194
75,78,-0.321751
75,90,-1.570796
76,4,1.570796
76,8,-1.570796
76,10,0.785398
76,12,-1.892547
76,19,1.249046
76,20,3.141593
76,33,0.000000
76,34,3.141593
76,39,0.000000
76,42,-0.785398
76,43,-1.892547
76,45,-1.249046
76,47,3.141593
76,66,-1.249046
76,67,-2.356194
76,82,1.892547
76,86,1.570796
76,91,-2.356194
77,3,0.321751
77,4,-2.819842
77,7,1.570796
77,10,-0.785398
77,15,-0.785398
77,18,0.000000
77,19,-1.892547
77,30,3.141593
77,56,0.000000
77,57,1.570796
77,59,3.141593
77,75,-2.356194
77,83,2.819842
77,86,-0.321751
77,87,2.819842
78,3,-1.570796
78,6,0.321751
78,7,-2.819842
78,10,2.356194
78,27,1.249046
78,28,3.141593
78,46,0.321751
78,48,-2.356194
78,49,0.785398
78,50,1.892547
78,59,-1.570796
78,71,1.249046
78,73,-2.356194
78,80,0.785398
78,83,-1.570796
78,87,-1.570796
79,2,-0.785398
79,6,-0.785398
79,9,0.321751
79,10,-2.819842
79,13,2.356194
79,26,0.321751
79,33,3.141593
79,43,0.785398
79,46,-1.570796
79,60,1.570796
79,66,1.249046
79,67,2.356194
79,80,-0.321751
79,81,2.819842
80,9,-1.570796
80,20,2.356194
80,26,-1.570796
80,31,1.570796
80,49,0.321751
80,52,1.570796
80,62,2.356194
80,64,0.785398
80,71,-2.356194
80,74,-1.570796
80,85,-2.356194
81,8,1.570796
81,15,0.000000
81,18,2.356194
81,23,0.000000
81,28,1.249046
81,29,2.356194
81,30,-0.785398
81,31,-2.356194
81,35,0.000000
81,36,3.141593
81,47,0.785398
81,52,0.000000
81,54,1.570796
81,58,1.570796
81,59,3.141593
81,71,0.785398
81,81,-0.785398
81,82,3.141593
82,7,0.321751
82,8,-2.819842
82,14,3.141593
82,32,-2.356194
82,52,-1.570796
82,71,-0.321751
82,72,2.819842
82,83,1.570796
82,86,0.785398
82,90,-1.570796
83,13,-1.570796
83,17,-1.570796
83,49,-1.249046
83,51,2.356194
83,55,-2.356194
83,72,-1.570796
83,76,0.785398
83,83,-0.321751
83,84,2.819842
83,87,1.570796
84,6,0.321751
84,7,-2.819842
84,21,3.141593
84,24,0.000000
84,25,-0.785398
84,26,-1.892547
84,39,3.141593
84,51,-1.570796
84,62,-2.356194
84,65,-1.570796
84,73,-2.356194
84,84,-1.570796
84,87,-0.321751
84,88,2.819842
85,6,-0.785398
85,32,1.249046
85,33,3.141593
85,52,-2.356194
85,59,-2.356194
85,70,-2.356194
85,85,1.570796
85,88,-1.570796
86,19,-1.570796
86,29,1.249046
86,30,2.356194
86,31,-0.785398
86,32,-1.892547
86,85,-0.321751
86,86,2.819842
87,22,2.356194
87,28,0.000000
87,29,-1.892547
87,71,0.785398
87,79,-2.356194
87,86,-1.570796
87,90,1.570796
88,5,2.356194
88,17,2.356194
88,26,1.249046
88,27,3.141593
88,51,1.570796
88,68,0.785398
88,72,-2.356194
88,90,-0.321751
88,91,2.819842
89,4,0.321751
89,5,-2.819842
89,7,-0.785398
89,20,1.570796
89,25,0.000000
89,26,-1.892547
89,37,1.570796
89,91,-2.356194
90,2,0.785398
90,10,-1.570796
90,16,2.356194
90,19,0.000000
90,24,1.570796
90,37,-1.570796
90,52,-2.356194
90,73,0.785398
90,84,-1.570796
90,91,-1.570796
91,2,0.000000
91,12,1.570796
91,15,0.321751
91,16,-2.819842
91,23,0.321751
91,24,-2.819842
91,40,1.570796
91,66,0.785398
91,77,0.785398
92,2,-0.785398
92,12,2.356194
92,15,-0.785398
92,23,-1.570796
92,40,-1.570796
92,53,1.570796
92,67,-2.356194
92,78,-2.356194
93,6,1.570796
93,9,1.570796
93,11,0.321751
93,12,-2.819842
93,15,-1.570796
93,22,1.570796
93,53,-1.570796
93,75,-2.356194
93,82,0.785398
94,9,-1.570796
94,11,-0.785398
94,21,0.321751
94,22,-2.819842
94,31,2.356194
94,72,-2.356194
94,80,1.570796
94,83,1.570796
94,86,-0.785398
94,90,2.819842
95,2,0.785398
95,21,-1.570796
95,54,1.570796
95,76,1.570796
95,83,-0.321751
95,84,2.819842
95,86,-1.570796
95,90,-2.356194
96,2,0.000000
96,8,1.570796
96,13,1.570796
96,30,-1.570796
96,54,-1.570796
96,69,1.570796
96,73,1.570796
96,84,-2.356194
97,2,-0.785398
97,10,-0.785398
97,13,0.785398
97,16,1.570796
97,77,-2.356194
97,90,2.356194
98,2,-1.570796
98,8,-1.570796
98,14,-2.356194
98,15,-0.785398
98,20,-1.570796
98,70,-2.356194
98,73,-1.570796
98,81,-1.570796
98,84,-1.570796
98,88,0.000000
98,89,-0.785398
