9,27,0.785398
9,28,1.570796
9,29,2.356194
9,31,0.785398
9,32,1.570796
9,33,2.356194
9,34,0.785398
9,35,1.570796
9,36,2.356194
10,11,1.249046
10,12,2.356194
10,17,0.785398
10,18,2.356194
10,48,1.570796
11,10,0.321751
11,18,-1.570796
12,10,-0.785398
15,9,0.321751
15,11,3.141593
15,69,1.570796
16,9,-1.570796
16,42,1.249046
16,71,0.785398
16,72,1.892547
17,23,0.785398
17,41,0.321751
17,44,-2.356194
17,75,0.785398
18,23,0.000000
18,25,1.892547
18,41,-0.785398
18,76,-2.356194
19,27,-0.785398
19,28,-1.570796
19,29,-2.356194
19,31,-0.785398
19,32,-1.570796
19,33,-2.356194
19,34,-0.785398
19,35,-1.570796
19,36,3.141593
19,41,2.356194
20,9,3.141593
20,21,1.249046
21,6,0.321751
21,77,3.141593
22,6,-1.570796
22,21,-2.356194
22,44,2.819842
23,21,0.785398
23,23,0.000000
23,24,-1.570796
23,25,-2.356194
23,26,0.785398
23,27,1.570796
23,28,3.141593
23,34,0.785398
23,35,1.570796
23,36,2.356194
24,41,-0.785398
24,42,-1.570796
24,44,-1.570796
24,45,-2.356194
25,20,-0.785398
25,21,-1.892547
25,28,-2.356194
25,30,0.785398
25,31,1.570796
25,32,2.356194
25,47,0.000000
25,48,1.892547
26,14,0.785398
26,17,1.249046
26,18,3.141593
26,35,-1.249046
26,36,-2.356194
26,37,0.785398
26,38,1.570796
26,39,2.356194
27,16,-0.785398
27,17,-1.892547
27,23,1.249046
27,24,2.356194
27,48,-1.570796
27,58,-0.785398
27,59,-1.892547
27,78,2.356194
28,22,-0.785398
28,23,-1.892547
28,30,-0.785398
28,31,-1.570796
28,32,-2.356194
28,44,0.785398
28,45,2.356194
28,46,0.785398
29,5,0.785398
29,11,1.249046
29,19,1.249046
29,20,3.141593
29,36,0.000000
29,39,3.141593
29,47,-1.249046
29,48,3.141593
30,7,1.570796
30,8,2.356194
30,18,-0.785398
30,41,0.785398
30,42,1.570796
31,20,0.785398
31,21,2.356194
31,26,0.785398
31,27,1.570796
31,28,2.356194
31,44,-1.249046
31,45,3.141593
32,3,0.321751
32,7,0.000000
32,20,-1.570796
32,37,-1.249046
32,38,3.141593
32,41,1.570796
32,56,0.785398
32,59,-2.356194
33,3,-0.785398
33,13,-1.570796
33,40,-0.785398
33,41,-2.356194
33,48,-2.356194
34,7,-0.321751
34,14,0.785398
34,15,2.356194
34,27,-0.785398
34,28,-1.570796
34,29,-2.356194
34,43,0.785398
34,44,1.892547
35,2,0.321751
35,4,3.141593
35,20,1.249046
35,21,2.356194
35,37,0.785398
35,38,1.892547
35,44,-1.249046
35,45,3.141593
35,59,-1.249046
35,63,-2.356194
36,2,-0.785398
36,5,1.570796
36,8,-2.819842
36,18,1.249046
36,40,0.785398
36,46,-2.356194
37,11,0.000000
37,22,2.356194
37,41,-2.356194
37,62,-1.249046
37,63,-2.356194
37,64,0.785398
37,65,1.570796
37,66,2.356194
37,68,-0.785398
37,69,-1.892547
38,4,0.000000
38,5,-1.892547
38,8,0.785398
38,9,2.356194
38,21,-1.892547
38,37,-0.785398
38,38,-1.570796
39,3,-2.356194
39,8,-0.785398
39,40,-1.249046
39,46,2.356194
39,64,0.000000
40,13,-1.570796
40,19,-1.570796
40,24,0.785398
40,25,1.570796
40,26,2.356194
40,45,-0.785398
40,62,1.249046
40,63,3.141593
41,17,-1.570796
41,21,2.356194
41,48,0.785398
41,49,1.892547
41,61,0.321751
42,6,1.570796
42,10,1.249046
42,11,3.141593
42,20,-1.892547
42,42,-1.249046
42,44,1.892547
42,52,0.785398
42,53,1.892547
43,2,-1.570796
43,5,0.321751
43,6,-2.819842
43,9,0.321751
43,17,-0.785398
43,34,0.785398
43,35,1.570796
43,36,2.356194
43,47,-1.570796
43,49,-1.892547
43,53,-1.249046
43,54,3.141593
43,58,1.249046
43,61,-2.819842
43,80,2.356194
44,21,2.356194
44,22,0.000000
44,28,2.356194
45,4,0.000000
45,5,-1.570796
45,7,1.570796
45,9,-2.356194
45,25,-1.570796
45,27,-1.892547
45,43,0.000000
45,45,-2.819842
45,58,-2.356194
45,61,1.570796
46,10,0.785398
46,11,2.356194
46,23,-1.892547
46,34,-0.785398
46,35,-1.570796
46,36,3.141593
46,58,0.785398
46,63,1.892547
47,3,2.356194
47,6,0.321751
47,7,-2.819842
47,10,-0.785398
47,18,-0.785398
47,19,-1.570796
47,21,-1.892547
47,29,0.000000
47,43,-0.785398
47,45,2.819842
47,58,0.000000
47,64,2.819842
48,2,0.321751
48,27,3.141593
48,45,-2.356194
48,61,1.892547
48,64,-2.356194
49,2,-0.785398
49,6,-2.356194
49,14,1.570796
49,34,2.356194
49,45,0.785398
49,58,-0.321751
49,69,0.785398
50,7,0.785398
50,8,3.141593
50,13,0.000000
50,14,-2.356194
50,37,0.000000
50,41,3.141593
50,46,3.141593
50,67,0.785398
50,72,1.249046
50,74,-1.892547
51,3,-0.785398
51,15,0.785398
51,16,2.356194
51,47,0.000000
51,66,3.141593
51,68,-1.249046
52,7,-0.785398
52,8,3.141593
52,10,1.249046
52,11,3.141593
52,15,-0.785398
52,31,2.356194
52,48,-1.570796
53,6,1.570796
53,19,1.249046
53,20,3.141593
53,63,0.000000
53,67,1.892547
54,5,0.321751
54,6,-2.819842
54,9,-0.785398
54,18,0.000000
54,19,-1.892547
54,49,2.356194
54,61,1.570796
55,2,-1.570796
55,5,-1.570796
55,17,1.570796
55,22,1.249046
55,23,3.141593
55,44,0.000000
55,48,-0.785398
55,61,0.000000
55,63,-0.785398
55,64,-1.570796
55,65,3.141593
55,68,-1.249046
55,69,3.141593
56,8,1.570796
56,17,-2.819842
56,20,1.249046
56,22,-1.892547
56,29,0.000000
56,30,3.141593
56,36,0.000000
56,39,0.785398
56,40,1.892547
56,61,-1.570796
57,7,0.321751
57,8,-2.819842
57,19,0.000000
57,20,-1.892547
57,26,3.141593
57,41,-2.356194
57,42,0.785398
57,66,-1.570796
58,22,1.249046
58,23,3.141593
58,43,-2.356194
58,72,1.570796
59,6,0.321751
59,7,-2.819842
59,10,1.570796
59,13,0.321751
59,17,3.141593
59,29,1.249046
59,30,2.356194
59,38,-0.785398
59,39,-1.570796
59,40,-2.356194
59,41,0.785398
59,45,0.785398
59,46,1.892547
59,73,-2.356194
59,81,-0.785398
59,83,2.819842
60,6,-1.570796
60,9,0.321751
60,10,-2.819842
60,20,0.000000
60,21,-1.892547
60,24,1.249046
60,25,2.356194
60,28,-0.785398
60,29,-1.892547
60,42,-1.249046
60,48,0.785398
60,49,1.892547
60,59,-1.570796
60,65,1.570796
60,83,-2.356194
61,5,1.570796
61,9,-1.570796
61,12,0.321751
61,15,-1.570796
61,44,-1.249046
61,46,-1.892547
61,50,2.819842
62,2,-1.570796
62,4,0.321751
62,5,-2.819842
62,14,0.000000
62,22,0.321751
62,27,1.249046
62,28,2.356194
62,34,3.141593
62,38,0.000000
62,40,3.141593
62,50,-2.356194
63,4,-0.785398
63,11,0.321751
63,22,-0.785398
63,25,2.356194
63,26,-0.785398
63,27,-1.892547
63,64,-1.570796
63,72,0.785398
64,11,-1.570796
64,13,0.000000
64,16,-0.785398
64,19,0.785398
64,36,3.141593
64,78,0.785398
64,79,1.892547
64,83,2.356194
65,13,0.000000
65,20,0.785398
65,21,2.356194
65,27,0.000000
65,51,-2.356194
65,81,2.356194
65,82,-0.785398
65,83,-2.356194
66,10,-1.570796
66,12,-0.785398
66,16,1.570796
66,25,2.356194
66,36,3.141593
66,78,0.321751
67,18,1.249046
67,19,3.141593
67,25,-2.819842
67,30,0.000000
67,41,0.000000
67,60,1.570796
68,21,-1.570796
68,27,1.570796
68,72,0.785398
69,6,2.356194
69,9,1.570796
69,23,-0.785398
69,38,0.000000
69,42,1.570796
69,59,0.321751
69,61,2.819842
69,73,1.570796
70,5,0.321751
70,6,-2.819842
70,9,2.356194
70,26,3.141593
70,41,-0.785398
70,42,-2.356194
70,73,-0.321751
70,84,2.356194
71,5,-0.785398
71,8,0.321751
71,9,-2.819842
71,15,-0.785398
71,22,1.570796
71,28,0.000000
71,35,3.141593
71,44,3.141593
71,48,0.785398
71,59,-0.321751
71,61,-2.819842
71,82,0.785398
72,2,-1.570796
72,5,2.356194
72,8,-0.785398
72,24,0.321751
72,25,-2.819842
72,38,0.000000
72,40,3.141593
72,54,1.570796
72,85,2.819842
73,4,0.321751
73,5,-2.819842
73,8,-1.570796
73,24,-0.785398
73,32,0.785398
73,33,1.892547
73,47,0.785398
73,59,0.000000
73,72,0.785398
73,85,-2.356194
74,4,-0.785398
74,15,-1.570796
74,28,3.141593
74,34,-2.356194
74,35,3.141593
74,43,0.785398
74,58,1.570796
74,73,1.570796
74,76,-0.321751
74,79,1.570796
74,80,2.356194
74,81,-0.785398
74,82,-1.892547
75,12,1.570796
75,27,-1.570796
75,45,3.141593
75,49,-2.356194
75,53,1.570796
75,57,-0.785398
75,74,3.141593
76,53,-0.321751
76,54,2.819842
76,66,0.785398
76,75,-2.356194
76,78,-0.785398
77,12,-1.570796
77,33,0.000000
77,35,3.141593
77,51,0.785398
77,63,0.785398
78,4,-1.570796
78,17,-1.570796
78,26,-1.570796
78,52,0.000000
78,53,2.356194
78,55,-2.356194
78,68,-2.356194
79,14,1.570796
79,23,-1.570796
79,29,-1.570796
79,49,0.000000
79,50,3.141593
79,53,-1.570796
80,17,1.570796
80,20,-1.570796
80,31,1.570796
80,54,-2.356194
80,70,0.785398
81,25,1.570796
81,47,0.785398
81,63,0.785398
81,67,-2.356194
82,2,1.570796
82,15,-1.570796
82,19,1.570796
82,25,-1.570796
82,48,-2.356194
82,64,-2.356194
83,31,-1.570796
83,41,0.785398
83,69,1.570796
83,76,0.785398
84,12,1.570796
84,18,0.000000
84,21,1.570796
84,42,-2.356194
84,50,0.785398
84,85,2.356194
85,12,-1.570796
85,32,1.570796
85,51,-2.356194
85,59,0.000000
85,60,3.141593
85,73,-1.570796
85,82,0.785398
85,83,1.570796
85,85,-2.356194
86,18,-1.570796
86,22,-2.356194
86,32,-1.570796
86,67,1.570796
87,71,0.000000
87,83,-2.819842
88,7,1.570796
88,19,1.570796
88,72,-1.570796
89,3,0.785398
89,79,0.785398
90,3,0.000000
90,19,-1.570796
90,78,0.785398
91,3,-0.785398
91,66,0.000000
91,67,3.141593
91,74,0.785398
91,78,-0.321751
91,80,-2.819842
92,16,0.785398
92,44,1.570796
92,74,-0.321751
92,83,0.785398
93,44,-1.570796
93,72,-2.356194
93,75,-1.249046
93,76,3.141593
93,80,1.570796
93,86,1.570796
94,3,0.785398
94,17,-1.570796
94,58,0.785398
94,77,-2.356194
94,80,0.000000
94,82,-1.570796
95,4,-2.356194
95,6,0.785398
95,69,0.785398
95,80,-0.785398
96,7,-1.570796
96,56,0.785398
96,60,-2.356194
97,8,-2.356194
97,25,1.570796
97,57,-2.356194
97,71,-2.356194
98,25,-1.570796
98,82,-0.785398
98,83,-1.892547
