9,27,0.785398
9,28,1.570796
9,29,2.356194
9,31,0.785398
9,32,1.570796
9,33,2.356194
9,34,0.785398
9,35,1.570796
9,36,2.356194
10,11,1.249046
10,12,2.356194
10,17,0.785398
10,18,2.356194
10,48,1.570796
11,10,0.321751
11,18,-1.570796
12,10,-0.785398
15,9,0.321751
15,11,3.141593
15,69,1.570796
16,9,-1.570796
16,42,1.249046
16,71,0.785398
16,72,1.892547
17,23,0.785398
17,41,0.321751
17,44,-2.356194
17,75,0.785398
18,23,0.000000
18,25,1.892547
18,41,-0.785398
18,76,-1.570796
19,27,-0.785398
19,28,-1.570796
19,29,-2.356194
19,31,-0.785398
19,32,-1.570796
19,33,-2.356194
19,34,-0.785398
19,35,-1.570796
19,36,3.141593
19,41,2.356194
20,9,3.141593
20,21,1.249046
20,77,2.356194
21,6,0.321751
22,6,-1.570796
22,21,-2.356194
22,44,2.819842
23,21,0.785398
23,23,0.000000
23,24,-1.570796
23,25,-2.356194
23,26,0.785398
23,27,1.570796
23,28,3.141593
23,34,0.785398
23,35,1.570796
23,36,2.356194
24,41,-0.785398
24,42,-1.570796
24,44,-1.570796
24,45,-2.356194
25,20,-0.785398
25,21,-1.892547
25,28,-2.356194
25,30,0.785398
25,31,1.570796
25,32,2.356194
25,47,0.000000
25,48,1.892547
26,14,0.785398
26,17,1.249046
26,18,3.141593
26,35,-1.249046
26,36,-2.356194
26,37,0.785398
26,38,1.570796
26,39,2.356194
26,56,0.785398
26,57,1.570796
26,58,2.356194
26,59,-0.785398
26,60,-1.892547
27,16,-0.785398
27,17,-1.892547
27,23,1.249046
27,24,2.356194
27,48,-1.570796
27,54,0.785398
27,78,2.356194
28,22,-0.785398
28,23,-1.892547
28,30,-0.785398
28,31,-1.570796
28,32,-2.356194
28,44,0.785398
28,45,2.356194
28,46,0.785398
28,55,-1.249046
29,5,0.785398
29,11,1.249046
29,19,1.249046
29,20,3.141593
29,36,0.785398
29,39,3.141593
29,47,-1.249046
29,48,3.141593
30,7,1.570796
30,8,2.356194
30,18,-0.785398
30,41,0.785398
30,42,1.570796
30,44,3.141593
31,20,0.785398
31,21,2.356194
31,26,0.785398
31,27,1.570796
31,28,2.356194
31,44,-1.570796
31,79,2.356194
32,3,0.321751
32,7,0.000000
32,20,-1.570796
32,37,-1.249046
32,38,3.141593
32,41,1.570796
32,56,0.785398
32,59,-2.356194
33,3,-0.785398
33,13,-1.570796
33,40,-0.785398
33,41,-2.356194
33,48,0.000000
33,49,1.892547
34,7,-0.321751
34,14,0.785398
34,15,2.356194
34,27,-0.785398
34,28,-1.570796
34,29,-2.356194
34,43,0.785398
34,44,1.892547
34,49,-1.249046
34,50,-2.356194
34,63,0.321751
35,2,0.321751
35,4,3.141593
35,20,1.249046
35,21,2.356194
35,33,1.570796
35,37,1.249046
35,38,2.356194
35,44,-1.249046
35,45,3.141593
35,53,0.785398
35,54,1.892547
35,59,-1.249046
35,60,3.141593
35,63,-1.570796
36,2,-0.785398
36,5,1.570796
36,8,-2.819842
36,18,1.249046
36,39,0.000000
36,40,1.892547
36,46,0.000000
36,47,1.892547
36,54,-1.249046
36,55,3.141593
36,61,0.000000
37,11,0.000000
37,23,1.249046
37,25,1.892547
37,43,1.892547
37,48,-2.356194
37,56,0.000000
37,57,1.892547
37,62,-1.249046
37,63,-2.356194
37,64,0.785398
37,65,1.570796
37,66,2.356194
37,68,-0.785398
37,69,-1.892547
38,4,0.000000
38,5,-1.892547
38,8,0.785398
38,9,2.356194
38,20,-0.785398
38,33,-2.356194
38,37,-0.321751
38,39,3.141593
39,3,-2.356194
39,8,-0.785398
39,25,-1.892547
39,60,1.892547
39,64,0.000000
40,13,-1.570796
40,16,-0.785398
40,17,-1.892547
40,19,1.570796
40,33,-1.570796
40,43,-1.249046
40,48,2.356194
40,56,0.000000
40,61,-2.356194
40,62,0.785398
40,63,2.356194
41,49,0.785398
41,50,2.356194
41,59,3.141593
41,63,-2.356194
42,6,1.570796
42,10,1.249046
42,11,3.141593
42,37,0.785398
42,49,-0.785398
42,63,0.785398
43,2,-1.570796
43,5,0.321751
43,6,-2.819842
43,9,0.321751
43,15,0.785398
43,16,1.570796
43,18,-1.892547
43,42,1.570796
43,49,2.356194
43,56,0.000000
43,63,-0.321751
43,65,2.356194
43,67,-0.785398
43,68,-1.892547
43,80,2.356194
44,14,3.141593
44,22,-2.356194
44,27,0.000000
44,38,0.000000
44,42,-0.321751
45,4,0.000000
45,5,-1.570796
45,7,1.570796
45,9,-2.356194
45,29,0.000000
45,30,1.892547
45,36,0.000000
45,39,0.000000
45,40,1.892547
45,55,-2.356194
46,31,2.819842
46,41,2.819842
46,45,2.819842
46,52,2.819842
46,58,-0.785398
46,62,0.785398
46,63,1.892547
46,68,0.785398
47,3,2.356194
47,6,0.321751
47,7,-2.819842
47,21,0.000000
47,27,0.785398
47,31,-1.570796
47,34,3.141593
47,41,-1.570796
47,45,-2.356194
47,49,0.000000
48,2,0.321751
48,24,3.141593
48,28,-2.356194
48,32,0.000000
48,39,0.785398
48,42,1.570796
48,49,-0.785398
48,52,-0.785398
48,54,1.570796
48,55,2.356194
48,56,3.141593
48,60,0.000000
48,61,1.892547
49,2,-0.785398
49,6,-2.356194
49,10,0.000000
49,11,-1.892547
49,42,-0.321751
49,43,2.819842
49,50,0.785398
49,51,3.141593
49,58,0.785398
49,61,-1.249046
49,72,1.249046
49,73,2.356194
49,74,-0.785398
49,75,-1.892547
50,9,1.570796
50,14,-2.356194
50,30,0.785398
50,32,0.000000
50,37,0.785398
50,50,-0.785398
50,59,-2.356194
51,3,-0.785398
51,9,-2.819842
51,23,0.785398
51,31,0.000000
51,43,-0.321751
51,44,2.819842
51,61,0.785398
51,65,2.819842
51,68,-1.249046
52,8,-0.785398
52,20,1.570796
52,31,0.785398
52,41,-1.570796
52,44,-1.570796
52,58,0.785398
53,8,2.356194
53,20,-1.570796
53,26,3.141593
53,29,0.785398
53,38,0.785398
53,67,1.892547
54,6,2.356194
54,8,3.141593
54,30,-0.785398
54,31,-1.892547
54,33,1.570796
54,35,0.785398
54,38,-0.321751
54,39,2.819842
54,42,1.570796
54,62,-0.785398
54,63,-1.570796
55,2,-1.570796
55,33,-0.321751
55,36,-2.356194
55,39,-2.356194
55,56,1.570796
55,68,-1.249046
55,69,3.141593
56,4,0.321751
56,11,3.141593
56,13,0.000000
56,14,3.141593
56,34,-2.356194
56,39,-1.570796
56,48,-1.570796
56,51,0.785398
56,59,0.785398
56,60,1.892547
56,65,-0.321751
57,4,-1.570796
57,6,0.000000
57,23,1.570796
57,28,1.570796
57,42,-1.570796
57,51,0.000000
57,53,1.570796
57,54,2.356194
57,55,-0.785398
57,60,-1.249046
57,61,3.141593
57,71,1.570796
58,28,-1.570796
58,31,1.570796
58,48,1.570796
58,51,-0.785398
58,62,0.000000
58,63,1.892547
58,71,-0.321751
59,20,1.570796
59,31,-1.570796
59,57,0.785398
59,63,-1.249046
59,64,3.141593
59,68,-1.249046
59,69,3.141593
59,74,2.356194
59,81,-0.785398
59,83,2.819842
60,22,1.570796
60,34,-1.570796
60,42,1.570796
60,57,0.000000
60,70,1.570796
60,83,-2.356194
61,21,-0.785398
61,30,1.570796
61,42,-1.570796
61,57,-0.785398
61,61,0.000000
61,66,0.000000
61,73,-2.819842
62,2,-1.570796
62,7,2.356194
62,27,0.000000
62,28,3.141593
62,33,1.570796
62,45,-1.570796
62,48,-1.570796
62,51,0.785398
62,53,2.356194
62,62,-1.570796
62,67,-1.570796
63,7,3.141593
63,20,0.000000
63,21,3.141593
63,33,-1.570796
63,36,-1.570796
63,42,1.570796
63,51,0.000000
63,63,0.000000
63,64,1.892547
64,5,3.141593
64,45,1.570796
64,51,-0.785398
64,53,-1.249046
64,54,-2.356194
64,55,0.785398
64,58,-2.356194
64,59,0.785398
64,60,1.892547
64,69,1.570796
64,78,0.785398
64,79,1.892547
64,83,2.356194
65,4,-1.570796
65,7,-0.321751
65,9,2.356194
65,12,3.141593
65,30,-1.570796
65,42,-1.570796
65,45,-1.570796
65,48,1.570796
65,69,-0.321751
65,81,2.356194
65,82,-0.785398
65,83,-2.356194
66,35,1.570796
66,57,2.819842
66,61,-1.249046
66,62,3.141593
66,67,2.819842
66,78,0.321751
67,21,2.356194
67,24,0.000000
67,25,3.141593
67,44,1.570796
67,54,0.321751
67,67,-1.570796
68,20,-0.785398
68,44,-1.570796
68,48,2.356194
68,54,-1.570796
68,57,0.000000
68,68,0.000000
68,73,2.819842
69,32,2.356194
69,34,2.356194
69,37,1.570796
69,47,0.321751
69,48,-2.819842
69,53,0.785398
69,57,-0.785398
69,60,-2.356194
69,69,-1.570796
69,73,-1.570796
70,7,0.000000
70,31,-1.570796
70,34,-2.819842
70,44,2.356194
70,47,-1.570796
70,53,0.000000
70,74,1.570796
70,84,2.356194
71,6,3.141593
71,24,2.356194
71,25,3.141593
71,29,0.000000
71,43,1.570796
71,46,0.785398
71,53,-1.570796
71,66,0.785398
71,74,-0.321751
71,82,0.785398
72,2,-1.570796
72,5,-0.785398
72,23,-0.785398
72,32,0.321751
72,33,-2.819842
72,36,2.356194
72,39,1.570796
72,42,0.321751
72,43,-2.819842
72,48,1.570796
72,49,3.141593
72,67,1.570796
72,85,2.819842
73,9,1.570796
73,36,-2.819842
73,39,-1.570796
73,42,-0.785398
73,45,0.321751
73,59,-1.570796
73,60,3.141593
73,67,-0.321751
73,72,1.570796
73,85,-2.356194
74,9,-0.321751
74,10,2.819842
74,21,0.000000
74,31,0.000000
74,32,-2.356194
74,72,-0.321751
74,76,-0.321751
74,79,1.570796
74,80,2.356194
74,81,-0.785398
74,82,-1.892547
75,10,-2.356194
75,26,3.141593
75,37,1.570796
75,44,0.321751
75,45,-2.819842
75,51,2.356194
75,62,-2.356194
75,69,-1.249046
75,70,3.141593
75,74,2.819842
76,33,-1.570796
76,41,-1.570796
76,44,-0.785398
76,50,0.321751
76,54,-0.785398
76,66,-2.356194
76,71,-2.356194
76,74,-1.570796
76,78,-0.785398
77,10,0.785398
77,32,3.141593
77,47,2.356194
77,50,-0.785398
78,4,-1.570796
78,11,3.141593
78,27,1.570796
78,31,-1.570796
78,35,1.570796
78,39,2.356194
78,47,-2.819842
78,50,0.785398
78,55,3.141593
79,20,-0.785398
79,26,0.000000
79,30,1.570796
79,35,-2.819842
79,38,1.570796
79,45,0.321751
79,50,0.000000
79,52,-0.785398
79,53,-1.892547
79,56,-2.356194
79,59,-1.570796
79,77,-2.356194
80,13,1.570796
80,25,-0.785398
80,29,0.000000
80,33,0.000000
80,34,-1.892547
80,38,-2.819842
80,42,-1.570796
80,50,-1.570796
80,70,0.785398
81,13,-0.321751
81,14,2.819842
81,44,0.321751
81,49,1.570796
81,63,0.785398
82,2,1.570796
82,35,0.000000
82,36,-1.892547
82,49,3.141593
83,15,-2.356194
83,17,0.785398
83,25,0.000000
83,26,3.141593
83,30,3.141593
83,44,0.000000
83,64,-1.570796
83,68,0.785398
83,76,0.785398
84,12,1.570796
84,18,-1.570796
84,28,0.000000
84,29,-1.892547
84,33,-0.785398
84,44,-1.570796
84,47,-1.249046
84,48,-2.356194
84,85,2.356194
85,12,-1.570796
85,23,3.141593
85,27,1.570796
85,43,0.785398
85,51,-2.356194
85,59,0.000000
85,60,3.141593
85,73,-1.570796
85,85,3.141593
86,21,0.000000
86,26,0.321751
86,27,-2.819842
86,40,0.785398
86,41,1.570796
86,42,3.141593
86,67,1.570796
86,85,-2.356194
87,21,0.785398
87,37,1.570796
87,45,-2.356194
87,71,0.000000
88,7,1.570796
88,19,1.570796
88,21,-0.321751
88,23,2.356194
88,25,-0.785398
88,26,-1.570796
88,27,-2.356194
88,37,3.141593
88,72,-1.570796
89,3,0.785398
89,37,-1.570796
89,41,-1.570796
89,79,0.785398
89,80,1.570796
90,3,0.000000
90,19,-1.570796
90,22,-1.570796
90,38,-2.356194
90,78,0.785398
90,84,1.570796
91,3,-0.785398
91,66,0.000000
91,67,3.141593
91,78,-0.321751
92,16,0.785398
92,44,1.570796
92,75,1.570796
93,44,-1.570796
93,72,-2.356194
93,76,3.141593
93,80,1.570796
94,3,0.785398
94,17,-1.570796
94,58,0.785398
94,77,-2.356194
94,80,0.000000
94,82,-1.570796
95,4,-2.356194
95,6,0.785398
95,69,0.785398
95,80,-0.785398
95,87,1.892547
96,7,-1.570796
96,56,0.785398
96,60,-2.356194
97,8,-2.356194
97,25,1.570796
97,57,-2.356194
97,71,-2.356194
98,25,-1.570796
98,82,-0.785398
98,83,-1.892547
