16,50,0.785398
16,51,1.570796
16,52,2.356194
17,31,1.249046
17,32,3.141593
17,72,2.356194
21,20,1.249046
21,21,2.356194
21,27,-0.785398
24,77,2.356194
26,62,0.321751
27,62,-1.570796
28,13,0.321751
28,39,1.249046
28,41,1.892547
29,13,-0.785398
29,80,2.356194
30,49,1.570796
30,53,1.892547
30,62,2.819842
30,69,1.892547
30,71,0.000000
30,72,-1.892547
31,35,1.249046
31,43,-2.819842
31,78,0.321751
32,49,-2.356194
32,53,-1.892547
32,60,-1.570796
32,67,-0.321751
33,29,1.892547
33,44,2.356194
33,46,0.000000
33,51,3.141593
33,57,-0.785398
33,58,-1.892547
33,68,-1.249046
33,71,2.819842
33,76,1.249046
33,78,3.141593
34,13,2.356194
34,45,-2.356194
34,50,-1.892547
34,64,1.570796
34,75,0.321751
35,47,0.000000
35,48,-1.892547
35,53,-0.785398
35,60,0.000000
35,61,-1.892547
35,64,0.000000
35,66,0.785398
35,67,1.892547
35,71,-2.819842
35,78,-2.819842
36,25,1.249046
36,37,-1.570796
36,77,-1.892547
37,24,0.321751
37,31,-1.892547
37,36,2.356194
37,65,-2.356194
37,66,-0.785398
38,9,0.321751
38,16,1.570796
38,24,-0.785398
38,36,-2.356194
38,38,0.321751
38,48,-0.785398
38,53,3.141593
38,68,-0.785398
38,79,1.249046
38,85,1.892547
39,9,-1.570796
39,16,0.000000
39,18,1.892547
39,29,2.356194
39,38,-1.570796
39,51,-0.785398
39,64,0.000000
39,86,2.819842
40,23,1.892547
40,28,0.321751
40,40,2.356194
40,42,-0.785398
40,45,2.356194
40,49,2.356194
40,67,3.141593
41,36,1.570796
41,53,0.000000
41,54,3.141593
41,84,-1.249046
41,87,2.819842
42,18,-1.249046
42,33,-1.570796
42,36,3.141593
42,46,1.249046
42,47,3.141593
42,61,0.000000
42,64,3.141593
42,87,-2.356194
43,23,-1.570796
43,32,1.570796
43,36,-1.570796
43,43,0.785398
43,87,2.356194
44,19,0.321751
44,21,2.819842
44,24,0.785398
44,39,2.356194
44,43,0.000000
44,45,-1.892547
44,74,0.785398
44,82,-2.356194
44,87,3.141593
45,24,-0.785398
45,33,0.785398
45,34,2.356194
45,35,0.785398
45,74,-0.321751
45,87,-2.356194
46,24,0.785398
46,27,1.570796
46,30,0.321751
46,43,-2.819842
46,75,-1.570796
46,78,-0.321751
46,80,-2.819842
47,27,-2.356194
47,30,-1.570796
47,35,0.000000
47,37,2.819842
48,16,0.785398
48,23,3.141593
48,28,0.000000
48,29,2.356194
48,32,-1.570796
48,34,0.000000
49,18,-2.819842
49,31,1.570796
49,36,0.321751
49,40,-1.892547
49,74,0.785398
49,81,-2.356194
50,24,1.570796
50,36,-0.785398
50,78,-2.356194
50,86,0.321751
50,88,2.819842
51,18,0.000000
51,19,1.570796
51,21,-1.892547
51,28,2.356194
51,33,2.356194
52,39,2.819842
52,86,-0.321751
52,88,-2.819842
53,8,0.785398
53,13,-0.785398
53,23,-0.785398
53,27,-0.785398
53,29,-0.785398
53,30,-2.356194
53,32,-1.570796
53,34,0.785398
53,75,2.356194
53,82,0.785398
54,8,-0.321751
54,10,3.141593
54,19,2.356194
54,22,3.141593
54,31,0.000000
54,34,-0.785398
54,65,0.000000
54,66,0.785398
54,67,1.892547
54,75,-2.819842
54,81,0.785398
55,19,-2.356194
55,21,-1.570796
55,26,1.570796
55,40,-2.356194
55,85,2.356194
55,86,0.000000
56,25,0.321751
56,26,-2.819842
56,28,1.570796
56,31,2.356194
56,33,0.321751
56,35,3.141593
56,67,-1.570796
56,74,-1.570796
57,17,-1.570796
57,20,-0.785398
57,21,-2.356194
57,23,3.141593
57,25,-0.785398
57,30,0.321751
57,36,0.000000
57,38,-2.819842
57,75,1.570796
58,27,-0.785398
58,30,-0.785398
58,33,-2.819842
58,75,0.000000
58,81,0.785398
58,82,1.892547
58,84,2.356194
59,32,-0.785398
59,39,2.356194
59,75,-0.785398
59,90,0.000000
60,15,2.356194
60,30,0.785398
60,32,2.356194
60,81,0.321751
60,86,1.570796
60,87,2.356194
60,91,-2.356194
61,20,2.356194
61,32,-2.819842
61,34,0.321751
61,39,2.819842
61,81,-0.785398
61,88,1.570796
61,91,2.356194
62,8,0.321751
62,10,-2.356194
62,22,1.570796
62,25,2.356194
62,27,0.785398
62,29,1.570796
62,43,1.570796
62,66,0.785398
62,88,0.000000
62,91,-2.819842
63,8,-0.785398
63,17,-2.819842
63,19,-0.785398
63,29,3.141593
63,33,0.321751
63,34,-2.819842
63,36,-0.785398
63,43,0.000000
63,67,3.141593
63,74,2.356194
63,81,0.785398
64,26,1.570796
64,29,-2.356194
64,31,-1.570796
64,33,-0.785398
64,40,2.819842
64,43,-0.785398
64,48,1.570796
64,74,-2.819842
64,81,0.000000
65,17,0.785398
65,18,3.141593
65,23,0.000000
65,40,-2.356194
65,47,-0.785398
65,81,-0.785398
65,91,2.819842
66,21,-2.819842
66,26,-1.570796
66,35,1.570796
66,37,-0.785398
66,73,-2.356194
66,81,-1.570796
67,30,1.570796
67,35,-1.570796
67,84,-0.321751
67,91,-2.819842
68,8,0.785398
68,16,1.570796
68,20,-2.356194
68,85,-2.356194
68,87,-0.321751
69,8,0.000000
69,15,-0.785398
69,16,-2.356194
69,27,-1.570796
69,30,-1.570796
69,32,-1.570796
69,34,1.570796
69,40,-1.570796
69,45,1.570796
69,88,-2.356194
70,8,-0.785398
70,17,0.000000
70,20,0.000000
70,22,2.356194
70,24,1.570796
70,37,-1.570796
70,73,-1.570796
71,17,0.000000
71,19,1.570796
71,22,-2.819842
71,26,1.570796
71,31,1.570796
71,39,1.570796
71,49,1.570796
72,8,0.785398
72,19,-2.819842
72,21,-0.785398
72,36,1.570796
72,49,2.356194
72,88,0.785398
72,91,2.356194
73,8,-0.321751
73,10,2.356194
73,15,-0.785398
73,16,-1.570796
73,21,-1.570796
73,36,-1.570796
73,45,1.570796
73,49,-2.819842
73,52,2.356194
73,54,1.570796
73,59,1.570796
73,88,-0.321751
74,18,-2.356194
74,45,-2.819842
74,47,0.321751
74,51,1.570796
75,18,2.356194
75,20,1.570796
75,25,1.570796
75,36,1.570796
75,39,-1.570796
75,41,0.321751
75,47,-1.570796
75,50,0.321751
75,51,-2.819842
75,59,2.356194
76,18,-2.819842
76,22,0.785398
76,25,2.356194
76,27,0.785398
76,31,2.356194
76,41,-0.785398
76,50,-1.570796
76,53,0.785398
76,56,1.570796
76,58,0.321751
76,59,-2.819842
77,22,0.000000
77,29,1.570796
77,31,3.141593
77,39,1.570796
77,41,-1.570796
77,44,0.000000
77,53,-0.785398
77,54,3.141593
77,56,2.356194
77,58,-0.785398
77,61,1.570796
77,63,1.570796
78,20,0.785398
78,31,-2.356194
78,44,-1.570796
78,48,1.570796
78,56,-2.819842
78,89,2.356194
79,14,0.321751
79,29,-2.819842
79,42,0.000000
79,48,-2.819842
79,55,-0.785398
79,61,2.356194
79,70,1.570796
79,78,2.356194
79,79,0.785398
79,80,1.892547
79,83,1.249046
79,89,-2.356194
80,19,-0.785398
80,28,-0.785398
80,60,0.321751
80,61,-2.819842
80,74,1.570796
80,77,-0.785398
81,12,1.249046
81,14,-1.570796
81,15,-2.356194
81,24,2.819842
81,31,0.785398
81,45,0.000000
81,46,-1.892547
81,60,-0.785398
81,66,-0.785398
81,70,2.356194
81,80,-0.785398
82,9,0.785398
82,24,-2.356194
82,31,0.000000
82,34,2.819842
82,36,-1.570796
82,43,2.356194
82,58,0.785398
82,60,2.356194
82,70,3.141593
82,84,-2.356194
83,9,-0.321751
83,24,2.356194
83,31,-0.785398
83,34,-2.356194
83,42,-0.785398
83,54,0.785398
83,58,-0.321751
83,60,-2.819842
84,21,0.785398
84,24,-2.819842
84,56,1.892547
84,71,2.819842
85,21,0.000000
85,23,-1.892547
85,38,-0.785398
85,47,3.141593
85,53,0.321751
85,71,-2.356194
86,10,0.785398
86,34,-1.570796
86,42,1.570796
86,46,-1.570796
86,53,-0.785398
87,10,0.000000
87,28,0.785398
87,32,0.000000
87,41,0.000000
87,45,1.570796
87,49,1.570796
87,55,-0.785398
87,59,3.141593
87,62,0.321751
87,67,3.141593
87,88,0.785398
87,91,2.819842
88,10,-0.785398
88,28,0.000000
88,30,0.785398
88,31,2.356194
88,40,-0.785398
88,44,0.000000
88,59,-2.356194
88,62,-0.785398
89,21,-0.785398
89,23,-2.356194
89,28,-0.785398
89,34,1.570796
89,43,1.570796
89,55,0.785398
89,64,0.321751
89,67,3.141593
89,91,3.141593
90,21,0.785398
90,25,2.356194
90,31,-0.321751
90,32,2.819842
90,34,-0.321751
90,42,-0.785398
90,51,1.570796
90,55,0.000000
90,57,0.785398
90,64,-0.785398
90,67,-2.356194
90,85,0.000000
90,87,-0.785398
91,21,-0.321751
91,46,1.570796
91,50,0.321751
91,51,-2.819842
91,61,2.356194
92,26,2.819842
92,32,-0.321751
92,33,2.819842
92,36,-1.249046
92,37,-2.356194
92,44,1.249046
92,50,-1.570796
92,54,0.321751
92,56,3.141593
92,89,-0.785398
93,23,2.819842
93,33,-1.570796
93,54,-1.570796
93,58,-2.819842
93,63,2.356194
94,26,-0.321751
94,27,2.819842
94,39,0.785398
94,40,1.570796
94,41,2.356194
94,42,-0.785398
94,43,-1.892547
94,53,0.785398
94,57,-0.785398
94,60,-0.785398
94,63,-2.356194
95,21,-1.249046
95,27,-2.356194
95,30,0.785398
95,47,1.570796
95,77,2.356194
95,89,-1.570796
96,41,1.570796
96,45,1.249046
96,52,-1.570796
96,74,0.785398
96,76,0.000000
97,28,0.000000
97,32,-2.356194
97,44,-0.785398
97,45,-1.892547
97,60,-1.570796
97,63,-1.570796
97,67,-1.570796
97,70,-1.570796
97,75,-2.356194
97,81,-1.570796
97,84,-1.570796
98,29,-1.249046
98,30,-2.356194
98,40,-0.785398
98,41,-1.892547
