14,43,0.785398
14,44,1.570796
14,45,2.356194
14,49,0.785398
14,50,1.892547
14,55,1.249046
14,56,2.356194
14,61,0.785398
14,62,1.892547
15,16,1.249046
15,17,2.356194
15,28,0.785398
15,29,2.356194
15,64,0.785398
15,65,1.570796
15,66,2.356194
16,15,0.321751
16,29,-1.570796
16,50,-0.785398
16,55,-2.356194
16,62,-0.785398
18,16,3.141593
18,31,1.570796
18,79,2.356194
19,13,0.321751
19,31,0.000000
20,13,-0.785398
20,31,-0.785398
22,13,2.356194
22,81,2.356194
24,11,0.321751
24,36,0.785398
25,54,0.321751
26,10,0.321751
26,11,-2.819842
26,43,0.321751
26,45,2.819842
26,50,2.356194
27,10,-0.785398
27,34,-0.785398
27,36,-1.249046
27,38,3.141593
27,50,3.141593
28,50,-2.356194
28,56,-1.249046
28,62,2.356194
28,69,0.321751
28,84,2.356194
29,40,2.356194
29,41,-0.785398
29,42,-1.892547
29,48,-0.321751
29,69,-0.785398
29,74,0.321751
30,10,2.356194
30,28,1.570796
30,31,2.356194
30,49,-1.249046
30,50,-2.356194
30,58,-1.570796
31,9,0.321751
31,29,-2.356194
31,30,-0.785398
31,31,-2.356194
31,34,0.000000
31,41,2.356194
31,47,3.141593
31,56,0.785398
31,62,-1.570796
31,74,3.141593
32,9,-0.785398
32,32,0.000000
32,37,0.000000
32,39,-0.785398
32,40,-1.892547
32,57,-1.249046
32,58,-2.356194
32,60,0.785398
32,65,-1.249046
32,66,-2.356194
32,67,0.785398
32,68,2.356194
33,9,2.356194
33,26,3.141593
33,33,-1.249046
33,34,-2.356194
33,61,-1.249046
33,63,1.892547
33,68,-1.570796
33,72,-0.321751
34,8,0.321751
34,30,3.141593
34,41,0.785398
34,42,1.570796
34,43,2.356194
34,56,3.141593
34,69,0.000000
34,70,1.892547
34,77,0.785398
35,8,-1.570796
35,27,0.785398
35,28,2.356194
35,33,1.249046
35,34,2.356194
35,58,0.000000
35,60,0.785398
35,61,1.892547
35,65,-2.356194
35,70,-1.249046
35,72,2.356194
35,75,0.000000
36,23,0.000000
36,28,-2.356194
36,31,1.249046
36,33,-1.892547
36,43,-2.356194
36,51,3.141593
36,61,-1.249046
36,67,0.000000
36,68,1.892547
36,72,-1.570796
36,78,-2.819842
37,16,0.785398
37,17,2.356194
37,30,0.000000
37,31,-1.892547
37,37,1.249046
37,38,2.356194
37,40,3.141593
37,54,0.000000
37,57,3.141593
37,63,-1.249046
37,64,3.141593
37,68,-1.249046
37,69,3.141593
37,87,2.819842
38,13,1.570796
38,16,-0.785398
38,19,2.356194
38,24,0.000000
38,25,3.141593
38,29,-0.785398
38,36,-0.785398
38,37,-1.892547
38,60,0.000000
38,65,-2.356194
38,74,0.000000
38,87,-1.570796
39,13,0.000000
39,21,0.000000
39,22,3.141593
39,32,1.249046
39,48,0.000000
39,49,0.785398
39,50,1.570796
39,51,2.356194
39,75,-1.570796
39,79,1.570796
40,6,0.321751
40,8,3.141593
40,13,-0.785398
40,25,0.000000
40,31,-0.785398
40,32,-1.892547
40,64,-2.356194
40,69,0.785398
40,76,-2.356194
40,79,-0.321751
40,82,0.000000
40,83,-1.892547
41,6,-0.785398
41,9,0.000000
41,10,1.570796
41,11,2.356194
41,18,0.000000
41,19,0.000000
41,23,2.356194
41,28,0.000000
41,35,-2.356194
41,50,-1.570796
41,60,0.000000
41,62,3.141593
41,66,0.785398
41,74,-2.356194
41,80,-1.249046
41,81,-2.356194
42,14,-1.892547
42,17,-0.785398
42,21,2.356194
42,26,2.356194
42,32,1.570796
42,78,0.785398
43,12,-1.892547
43,19,0.000000
43,20,-1.892547
43,76,0.785398
43,88,2.356194
44,22,1.249046
44,23,3.141593
44,63,1.249046
44,64,2.356194
44,73,-2.356194
44,83,0.785398
44,85,0.785398
44,88,-2.819842
45,14,1.249046
45,15,2.356194
45,21,0.000000
45,22,-1.892547
45,26,-0.785398
45,34,1.570796
45,66,1.892547
45,70,0.000000
45,71,1.892547
45,75,0.785398
45,84,-0.785398
46,8,1.249046
46,10,1.892547
46,12,1.249046
46,14,-1.892547
46,24,2.356194
46,34,-1.570796
46,66,-1.249046
46,67,3.141593
46,71,-1.249046
46,72,3.141593
46,76,-2.356194
46,79,-2.356194
46,85,-0.785398
47,12,-1.892547
47,16,1.249046
47,17,2.356194
47,27,0.785398
47,68,0.000000
47,69,1.892547
47,83,-2.356194
48,4,0.321751
48,15,-0.785398
48,16,-1.892547
48,28,-2.356194
48,63,-0.785398
48,65,2.356194
48,69,-1.249046
48,70,3.141593
48,74,-2.356194
48,81,0.785398
49,4,-0.785398
49,12,1.249046
49,13,3.141593
49,64,-0.785398
49,67,2.356194
49,71,-2.356194
49,85,0.785398
50,12,-1.892547
50,17,3.141593
50,21,-1.570796
50,65,-0.785398
50,66,-1.892547
50,73,0.785398
50,80,1.570796
50,88,2.819842
51,4,2.356194
51,8,0.000000
51,10,-1.892547
51,14,0.000000
51,24,2.356194
51,74,0.000000
51,77,0.785398
51,83,-2.356194
52,3,0.321751
52,8,-1.570796
52,12,2.356194
52,21,0.785398
52,23,-1.570796
52,63,0.785398
52,70,-2.356194
52,75,-1.570796
52,78,-2.356194
52,81,-2.356194
52,89,2.819842
53,3,-0.785398
53,5,0.000000
53,6,1.570796
53,7,3.141593
53,11,0.000000
53,14,2.356194
53,22,0.000000
53,26,-2.356194
53,64,-2.356194
53,86,0.000000
53,87,-1.892547
53,89,-2.356194
54,13,3.141593
54,22,-1.570796
54,71,0.000000
54,74,-2.356194
54,85,-0.785398
55,3,0.785398
55,7,0.000000
55,11,0.000000
55,12,-1.892547
55,69,1.570796
55,77,-1.570796
55,89,2.356194
56,3,0.000000
56,86,0.785398
56,89,3.141593
57,12,2.356194
57,19,2.356194
57,21,0.000000
57,22,3.141593
57,70,1.570796
58,3,0.000000
58,18,-0.785398
58,70,0.000000
58,72,3.141593
58,89,3.141593
59,13,2.356194
59,70,-0.785398
59,89,-2.356194
60,3,0.000000
60,5,-1.892547
60,12,-0.785398
60,34,0.000000
60,35,3.141593
60,73,2.356194
60,86,1.570796
61,10,2.356194
61,72,0.785398
61,88,0.000000
61,90,2.819842
62,2,0.321751
62,21,2.356194
62,72,-0.321751
62,73,2.819842
62,87,0.000000
62,90,-2.356194
63,2,-0.785398
63,4,0.785398
63,11,2.356194
63,14,2.356194
63,66,0.785398
63,73,-2.356194
63,75,0.785398
63,87,0.785398
63,90,2.356194
64,2,0.785398
64,4,-1.570796
64,6,0.785398
64,20,-1.570796
64,67,-2.356194
64,73,0.785398
64,76,-2.356194
64,90,-2.819842
65,2,0.000000
65,6,-0.785398
65,11,-2.356194
65,65,2.356194
65,74,3.141593
66,7,-2.356194
66,13,0.785398
66,64,-0.785398
66,75,-2.356194
66,86,1.570796
67,4,2.356194
67,9,1.249046
67,10,2.356194
67,12,0.785398
67,17,0.785398
67,80,0.785398
68,8,0.000000
68,13,-2.356194
68,18,0.000000
68,19,3.141593
68,70,0.785398
68,81,-2.356194
68,86,-1.570796
69,2,-0.785398
69,5,-2.819842
69,12,-0.785398
69,53,3.141593
69,70,-0.785398
69,71,3.141593
69,79,1.570796
70,4,-1.570796
70,14,2.356194
70,30,0.000000
70,31,3.141593
70,51,-0.785398
70,57,0.000000
70,58,3.141593
70,72,-2.356194
71,3,-2.356194
71,6,0.000000
71,8,2.819842
71,12,0.000000
71,15,-2.356194
71,20,3.141593
71,35,0.000000
71,37,3.141593
71,77,0.785398
71,80,-2.356194
72,14,-2.356194
72,51,2.356194
72,56,0.785398
72,78,-2.356194
73,2,-1.570796
73,4,0.785398
73,7,0.000000
73,8,-2.356194
73,50,-0.785398
73,76,1.570796
73,85,1.570796
74,4,-0.321751
74,6,3.141593
74,9,-2.356194
74,28,1.570796
74,57,-1.570796
74,67,0.321751
74,79,1.570796
74,89,2.356194
75,2,1.570796
75,14,-0.785398
75,17,0.785398
75,19,2.356194
75,28,-1.570796
75,62,2.356194
75,67,-0.785398
75,70,-2.356194
75,82,1.570796
75,87,0.785398
75,89,-2.819842
76,2,-1.570796
76,16,1.570796
76,19,-2.819842
76,32,0.000000
76,33,3.141593
76,55,0.785398
76,61,-0.785398
76,70,2.356194
76,77,-1.570796
77,4,0.000000
77,5,-1.892547
77,9,-0.785398
77,12,2.356194
77,15,0.000000
77,16,-2.356194
77,18,-1.570796
77,56,0.000000
77,57,3.141593
77,68,-2.356194
77,69,-0.785398
78,3,0.785398
78,11,-0.785398
78,14,1.570796
78,17,-2.356194
78,26,-0.785398
78,28,-2.356194
78,30,0.000000
78,31,3.141593
78,55,-0.785398
78,65,0.000000
78,66,-1.892547
78,83,0.785398
79,13,0.000000
79,14,-2.356194
79,61,0.000000
79,64,1.570796
79,84,3.141593
80,15,0.000000
80,81,-1.570796
81,3,-2.356194
81,6,2.356194
81,11,-0.785398
81,15,-1.570796
81,18,2.356194
81,30,2.356194
81,34,2.356194
81,60,0.785398
81,61,1.892547
81,66,0.785398
81,88,2.356194
82,17,-0.785398
82,20,2.356194
82,27,0.785398
82,29,-1.570796
82,58,0.785398
82,65,-2.356194
82,67,-1.570796
82,75,1.570796
82,79,1.570796
82,88,-2.819842
83,2,-1.570796
83,22,1.570796
83,57,0.785398
83,63,-1.249046
83,68,-2.356194
83,73,1.570796
83,75,-1.570796
83,79,-1.570796
83,82,1.570796
83,87,-0.785398
84,25,1.249046
84,26,2.356194
84,31,2.356194
84,57,0.000000
84,59,-1.570796
84,61,3.141593
84,65,-2.356194
84,73,-1.570796
85,3,-0.785398
85,24,0.000000
85,25,-1.892547
85,30,-0.785398
85,34,2.356194
85,61,-2.356194
85,82,0.785398
85,87,2.356194
86,5,0.785398
86,8,0.000000
86,10,2.356194
86,28,3.141593
86,31,-2.356194
86,33,-0.785398
86,56,-0.785398
86,64,0.785398
86,80,1.570796
86,83,-2.356194
86,87,3.141593
87,2,1.570796
87,6,0.785398
87,7,3.141593
87,9,0.000000
87,52,1.249046
87,53,3.141593
87,60,-0.785398
87,65,-2.356194
87,87,-2.356194
88,6,-0.785398
88,16,1.570796
88,31,1.570796
88,33,0.785398
88,50,0.785398
89,3,0.000000
89,8,-0.785398
89,15,0.321751
89,24,1.570796
89,31,-1.570796
89,36,0.000000
89,37,3.141593
89,43,1.570796
89,47,3.141593
89,70,1.570796
89,87,2.356194
90,3,-1.570796
90,15,-1.570796
90,17,0.785398
90,23,0.321751
90,24,-2.819842
90,35,-2.356194
90,46,-0.785398
90,50,-0.785398
90,85,0.785398
90,87,-2.819842
91,5,-1.570796
91,12,2.356194
91,23,-1.570796
91,26,2.356194
91,44,-2.356194
91,70,-1.570796
91,79,1.570796
92,14,-1.570796
92,46,-1.570796
92,54,-1.570796
92,63,1.570796
92,72,1.570796
92,79,-1.570796
93,2,0.785398
93,4,2.356194
93,6,1.570796
93,11,-1.570796
93,16,0.321751
93,36,1.570796
93,63,-1.570796
93,72,-1.570796
93,86,2.356194
94,3,0.000000
94,8,1.570796
94,13,1.570796
94,36,-1.570796
94,86,-2.819842
95,3,-1.570796
95,8,0.000000
95,10,1.249046
95,11,2.356194
95,15,0.321751
95,18,3.141593
95,21,-1.570796
95,33,2.356194
95,77,1.570796
95,84,0.000000
95,85,-1.892547
96,5,0.785398
96,7,1.570796
96,9,-0.785398
96,10,-1.892547
96,12,0.000000
96,15,-0.785398
96,18,-2.356194
96,73,1.570796
96,77,-1.570796
97,2,1.570796
97,12,2.356194
97,20,1.570796
97,25,1.570796
97,32,-1.570796
97,44,1.570796
97,80,1.249046
97,81,3.141593
98,2,-1.570796
98,9,0.000000
98,11,-0.785398
98,14,-0.785398
98,17,-1.570796
98,20,-1.570796
98,22,-0.785398
98,25,-1.570796
98,44,-1.570796
98,73,-1.570796
98,77,0.000000
98,79,-0.785398
98,80,-1.892547
