11,42,0.785398
11,43,1.892547
12,25,1.249046
12,26,2.356194
12,51,0.785398
12,52,1.570796
12,53,2.356194
12,56,0.785398
12,57,1.570796
12,58,2.356194
13,43,-0.785398
14,13,1.249046
14,14,2.356194
14,22,0.785398
15,75,1.570796
16,11,0.321751
17,11,-1.570796
17,43,2.356194
17,73,1.249046
18,43,3.141593
18,75,-2.356194
19,52,2.356194
20,10,2.356194
20,52,3.141593
20,56,0.321751
20,58,2.819842
21,9,0.321751
22,9,-1.570796
22,42,0.321751
22,50,-0.321751
22,52,-2.819842
22,58,3.141593
23,55,0.321751
23,67,0.321751
24,34,1.249046
24,35,2.356194
24,40,1.249046
24,42,3.141593
24,55,-0.785398
24,58,0.000000
24,67,-0.785398
25,31,0.785398
25,48,0.785398
25,52,2.819842
25,60,2.356194
25,64,0.785398
25,65,1.892547
25,67,2.356194
26,37,-2.356194
26,42,-2.819842
26,48,-0.785398
26,54,1.570796
26,62,1.570796
26,67,3.141593
27,28,1.249046
27,41,-1.892547
27,48,2.356194
27,62,3.141593
28,7,2.356194
28,27,0.321751
28,39,-0.785398
28,45,1.249046
28,46,2.356194
28,48,3.141593
28,56,1.249046
29,6,0.321751
29,7,-2.819842
29,23,2.356194
29,27,-0.785398
29,30,-0.785398
29,39,0.000000
29,44,0.000000
29,48,-1.570796
29,51,-0.785398
29,52,-1.892547
29,64,-0.785398
29,65,-1.892547
30,6,-0.785398
30,18,1.570796
30,22,-0.785398
30,23,-2.356194
30,27,0.000000
30,32,-2.819842
30,37,0.785398
30,38,3.141593
30,46,1.570796
30,60,-1.892547
31,18,0.000000
31,24,0.785398
31,25,2.356194
31,30,0.000000
31,31,-1.892547
31,37,-1.570796
31,41,0.785398
31,42,3.141593
31,46,0.000000
31,49,3.141593
31,54,0.000000
31,56,-1.570796
31,58,-1.892547
31,85,2.356194
32,18,-1.570796
32,24,-1.570796
32,29,0.000000
32,46,-0.785398
32,49,-1.570796
32,54,-1.570796
32,73,0.785398
32,76,-2.356194
33,5,0.321751
33,23,1.570796
33,29,2.356194
33,34,1.249046
33,50,0.785398
33,51,2.356194
33,52,0.785398
33,53,2.356194
33,62,0.000000
33,63,-1.570796
33,64,-2.356194
34,16,1.570796
34,22,0.000000
34,23,-2.356194
34,28,0.000000
34,29,-2.356194
34,33,0.000000
34,34,-1.892547
34,39,1.249046
34,44,2.356194
34,50,-1.570796
34,53,-1.570796
34,57,0.785398
34,58,1.570796
34,60,1.570796
34,61,3.141593
34,79,1.570796
34,82,0.000000
34,83,-1.892547
35,5,-1.570796
35,7,-1.892547
35,15,0.000000
35,16,-2.356194
35,30,0.000000
35,31,1.570796
35,32,3.141593
35,37,0.785398
35,39,-1.892547
35,55,2.356194
36,3,-0.785398
36,25,0.785398
36,26,3.141593
36,37,-1.570796
36,73,-0.785398
36,76,2.356194
37,11,0.785398
37,12,3.141593
37,18,0.785398
37,19,3.141593
37,25,-1.570796
37,31,2.356194
37,46,3.141593
37,79,-2.356194
38,2,-0.785398
38,11,-1.570796
38,18,-1.570796
38,30,0.000000
38,31,-2.356194
38,62,2.356194
39,10,0.000000
39,22,1.249046
39,23,3.141593
39,32,0.785398
39,33,2.356194
39,49,1.249046
39,50,3.141593
39,54,0.785398
39,55,1.570796
39,56,3.141593
39,74,-0.785398
39,75,-1.570796
39,77,1.892547
39,86,2.356194
40,21,0.321751
40,32,-0.785398
40,44,-2.819842
40,48,0.321751
40,79,-1.570796
40,80,-2.356194
41,21,-1.570796
41,42,0.000000
41,43,-1.892547
41,56,1.570796
41,58,1.249046
41,60,-1.570796
41,61,-2.356194
41,77,-0.785398
42,6,0.785398
42,9,3.141593
42,13,3.141593
42,36,3.141593
42,46,1.249046
42,48,-1.570796
42,50,-1.892547
42,56,-0.785398
42,77,0.785398
43,10,0.785398
43,12,-1.892547
43,29,1.249046
43,30,3.141593
43,35,-1.570796
43,40,0.785398
43,45,0.321751
43,54,1.249046
43,55,3.141593
43,74,0.785398
43,75,1.892547
43,84,0.000000
43,85,-1.892547
44,10,-1.570796
44,28,0.321751
44,45,-1.570796
44,53,-0.785398
44,54,-1.892547
44,58,0.000000
44,81,0.000000
44,82,1.570796
44,83,3.141593
45,28,-1.570796
45,33,1.570796
45,42,0.000000
45,43,1.570796
45,44,3.141593
45,58,-1.570796
45,75,-0.785398
45,77,-2.356194
46,32,0.000000
46,55,1.249046
46,56,2.356194
46,88,2.356194
47,2,-1.570796
47,53,0.785398
47,67,1.249046
47,69,1.570796
47,70,2.356194
47,74,-0.785398
47,75,-1.570796
47,77,-1.570796
47,78,-2.356194
47,80,0.785398
47,83,-2.356194
47,88,3.141593
48,25,1.570796
48,30,1.570796
48,48,1.570796
48,52,-0.785398
48,88,-2.356194
49,18,1.249046
49,19,3.141593
49,24,0.321751
49,25,-2.819842
49,29,0.321751
49,30,-2.819842
49,47,0.321751
49,48,-2.819842
49,54,0.785398
49,67,-1.249046
49,82,3.141593
50,11,1.570796
50,17,0.321751
50,24,-1.570796
50,29,-1.570796
50,47,-1.570796
50,84,0.785398
50,85,1.570796
50,86,2.356194
50,87,-0.785398
50,89,2.819842
51,10,0.000000
51,17,-1.570796
51,40,1.570796
51,53,-0.785398
51,54,-1.892547
51,75,1.570796
51,89,-2.356194
52,15,1.249046
52,16,3.141593
52,28,2.356194
52,39,0.321751
52,40,-2.819842
52,62,2.356194
52,82,0.785398
53,7,1.249046
53,8,3.141593
53,13,1.249046
53,15,-1.892547
53,27,0.321751
53,28,-2.819842
53,50,1.570796
53,61,-0.785398
53,86,1.892547
54,6,0.000000
54,7,-1.892547
54,27,-0.785398
54,38,0.321751
54,39,-2.819842
54,49,0.321751
54,50,-2.819842
54,61,0.785398
54,77,-2.356194
54,78,0.785398
54,79,1.570796
54,80,2.356194
54,81,0.785398
55,11,0.321751
55,17,1.570796
55,38,-1.570796
55,49,-0.785398
55,54,1.570796
55,61,-0.321751
55,63,2.356194
55,69,0.785398
55,70,1.570796
55,71,2.356194
55,74,0.785398
55,82,-1.249046
55,89,2.819842
56,11,-1.570796
56,75,-1.249046
56,76,-2.356194
56,78,-0.785398
56,89,-2.356194
57,3,0.000000
57,49,-1.570796
57,89,2.356194
58,8,1.249046
58,12,2.356194
58,13,3.141593
58,37,-1.570796
58,63,3.141593
58,69,-0.785398
58,70,-1.570796
58,71,-2.356194
58,89,3.141593
59,7,0.321751
59,15,0.785398
59,21,2.356194
59,31,-1.570796
59,47,2.356194
59,53,1.570796
59,60,-0.785398
59,61,-1.892547
59,64,0.785398
59,66,2.356194
59,82,-0.785398
60,7,-1.570796
60,16,-2.356194
60,19,0.785398
60,41,2.356194
60,52,0.000000
60,58,1.570796
60,78,0.000000
60,79,1.892547
60,83,0.000000
60,84,-0.785398
60,85,-1.892547
60,87,-1.249046
60,90,2.819842
61,11,2.356194
61,22,-2.356194
61,23,0.785398
61,24,1.892547
61,26,2.356194
61,40,0.321751
61,41,-2.819842
61,63,0.000000
61,67,-2.356194
61,79,-1.249046
61,80,-2.356194
61,81,0.785398
61,90,-2.356194
62,11,-2.819842
62,20,-1.570796
62,40,-1.570796
62,51,2.356194
62,62,3.141593
63,27,-2.356194
63,30,0.785398
63,39,1.570796
63,51,-2.819842
63,56,-2.819842
63,61,-1.570796
63,85,0.000000
63,86,1.892547
63,90,2.356194
64,8,0.321751
64,24,0.000000
64,25,-1.892547
64,31,-2.356194
64,36,0.000000
64,44,1.570796
64,49,0.321751
64,54,0.321751
64,87,-2.356194
64,90,3.141593
65,8,-1.570796
65,15,0.000000
65,16,2.356194
65,49,-0.785398
65,54,-0.785398
65,90,-1.570796
66,7,1.570796
66,11,1.249046
66,12,3.141593
66,16,-2.356194
66,21,1.249046
66,22,3.141593
66,29,1.249046
66,30,3.141593
66,36,1.249046
66,37,2.356194
66,38,-0.785398
66,39,-1.892547
66,49,2.356194
66,59,-1.570796
66,77,0.785398
66,78,1.892547
67,27,1.249046
67,29,-1.892547
67,47,0.785398
67,69,1.249046
67,70,2.356194
67,80,1.570796
67,86,-1.249046
67,87,3.141593
67,91,2.356194
68,2,-0.785398
68,5,0.321751
68,8,0.000000
68,19,0.321751
68,26,0.000000
68,27,-1.892547
68,34,0.000000
68,35,-1.892547
68,40,0.000000
68,43,-0.785398
68,44,-2.356194
68,53,1.570796
68,58,2.356194
68,76,0.785398
68,89,0.785398
68,91,-2.819842
69,5,-0.785398
69,14,1.570796
69,19,-0.785398
69,25,3.141593
69,32,1.249046
69,33,3.141593
69,45,0.000000
69,57,1.570796
69,62,-0.785398
69,67,0.321751
69,83,-1.249046
69,85,1.892547
70,5,2.356194
70,8,0.321751
70,9,-2.819842
70,14,-2.819842
70,30,1.249046
70,32,-1.892547
70,44,0.000000
70,55,1.570796
70,67,-1.570796
70,77,-0.785398
70,79,-1.249046
70,80,-2.356194
70,91,2.819842
71,4,0.321751
71,5,-2.819842
71,12,0.321751
71,24,-2.819842
71,29,0.000000
71,30,-1.892547
71,46,2.356194
71,50,-0.785398
71,51,-1.892547
71,66,1.570796
71,71,1.570796
71,87,-2.356194
71,88,0.785398
72,7,0.321751
72,8,-2.819842
72,12,-1.570796
72,17,1.570796
72,22,0.321751
72,34,1.249046
72,35,3.141593
72,42,1.249046
72,43,2.356194
72,44,-0.785398
72,45,-1.892547
72,55,-0.785398
72,57,-1.892547
72,64,0.785398
72,71,2.356194
72,81,-0.785398
72,82,-1.570796
72,83,-2.356194
72,84,0.785398
72,85,2.356194
72,89,-1.249046
72,91,3.141593
73,4,-2.356194
73,7,-1.570796
73,17,-2.819842
73,32,1.249046
73,34,-1.892547
73,41,-0.785398
73,42,-1.892547
73,49,1.249046
73,50,2.356194
73,67,-2.356194
73,76,2.356194
73,85,-1.570796
73,91,-2.356194
74,2,-0.785398
74,5,0.785398
74,6,3.141593
74,15,0.321751
74,22,-2.819842
74,32,-1.892547
74,36,1.249046
74,37,2.356194
74,46,1.249046
74,47,2.356194
74,48,-0.785398
74,49,-1.892547
74,64,-0.785398
74,65,-1.892547
74,71,-1.249046
74,73,1.892547
74,79,0.785398
75,5,-0.785398
75,20,0.321751
75,30,-1.570796
75,34,1.249046
75,36,-1.892547
75,45,-0.785398
75,52,1.249046
75,53,2.356194
75,75,-1.570796
75,76,3.141593
75,81,2.356194
76,14,0.321751
76,15,-2.819842
76,33,0.000000
76,34,-1.892547
76,48,2.356194
76,49,0.785398
76,50,1.570796
76,52,-1.892547
76,65,1.249046
76,66,2.356194
76,72,-0.785398
76,73,-1.892547
76,79,-0.785398
76,84,1.892547
77,2,-1.570796
77,14,-1.570796
77,19,0.321751
77,20,-2.819842
77,24,2.356194
77,29,-1.570796
77,37,0.000000
77,45,0.785398
77,55,1.249046
77,56,2.356194
77,61,0.785398
77,62,1.570796
77,86,2.356194
78,13,1.570796
78,19,-1.570796
78,23,0.321751
78,24,-2.819842
78,42,1.249046
78,43,2.356194
78,66,-2.356194
78,88,0.785398
78,89,1.892547
79,12,0.321751
79,13,-2.819842
79,23,-1.570796
79,40,0.000000
79,41,-0.785398
79,42,-1.892547
79,48,2.356194
79,49,-0.785398
79,50,-1.892547
79,61,-0.785398
79,62,-1.570796
79,63,-2.356194
79,81,-1.249046
79,90,2.819842
80,12,-1.570796
80,17,1.570796
80,22,1.570796
80,34,0.000000
80,46,0.000000
80,47,-1.892547
80,55,-0.785398
80,56,-2.356194
80,86,0.785398
80,90,-2.356194
81,7,1.570796
81,16,0.000000
81,22,-2.819842
81,60,0.000000
81,83,-0.321751
81,87,0.000000
81,88,1.570796
81,89,3.141593
82,6,0.321751
82,7,-2.819842
82,29,1.570796
82,50,1.249046
82,51,2.356194
82,53,-0.785398
82,54,-1.570796
82,55,-2.356194
82,56,0.785398
83,6,-1.570796
83,19,0.321751
83,28,0.321751
83,29,-2.819842
83,35,-0.785398
83,47,1.249046
83,48,2.356194
83,49,-0.785398
83,50,-1.892547
83,62,0.000000
83,70,0.785398
83,71,1.570796
83,72,2.356194
83,73,0.785398
83,74,1.892547
83,82,0.785398
83,83,2.356194
84,2,-1.570796
84,14,1.570796
84,28,-1.570796
84,38,2.356194
84,45,1.249046
84,47,-1.892547
84,58,-2.356194
84,60,3.141593
84,75,-2.356194
84,76,0.785398
84,77,1.892547
85,13,0.321751
85,14,-2.819842
85,18,0.321751
85,19,-2.819842
85,27,1.570796
85,31,1.570796
85,37,-1.570796
85,44,0.000000
85,45,-1.892547
85,55,-0.785398
85,56,-1.892547
85,72,0.000000
85,78,-2.356194
85,83,-0.321751
86,26,0.321751
86,27,-2.819842
86,42,0.000000
86,50,0.000000
86,73,-1.249046
86,74,-2.356194
86,75,0.785398
86,80,0.000000
86,81,1.892547
86,89,-1.249046
86,90,3.141593
87,12,0.321751
87,13,-2.819842
87,17,0.000000
87,26,-0.785398
87,35,1.570796
87,39,1.570796
87,81,-1.249046
87,83,2.356194
87,91,-2.356194
88,12,-0.785398
88,34,0.321751
88,35,-2.819842
88,39,2.356194
88,55,0.000000
88,72,0.000000
88,73,1.892547
88,77,-1.249046
88,78,3.141593
88,83,-1.570796
89,7,1.570796
89,16,2.356194
89,34,-0.785398
89,38,0.321751
89,39,-2.819842
89,89,2.819842
90,6,0.321751
90,15,0.321751
90,16,-2.819842
90,19,1.570796
90,38,-0.785398
90,80,0.000000
91,6,-0.785398
91,8,-2.356194
91,15,-1.570796
91,38,-1.570796
91,41,1.570796
91,58,0.000000
91,75,-1.249046
91,76,3.141593
91,81,-1.570796
91,89,-0.785398
91,90,3.141593
92,2,-1.570796
92,28,2.356194
92,33,2.356194
92,70,0.785398
92,71,1.892547
92,87,0.000000
92,88,2.356194
92,91,-2.356194
93,27,0.321751
93,28,-2.819842
93,32,0.321751
93,33,-2.819842
93,73,0.785398
93,74,1.892547
94,27,-0.785398
94,32,-0.785398
94,36,1.570796
94,63,0.000000
94,71,-0.785398
94,74,-1.249046
94,76,2.356194
94,84,0.000000
94,88,-0.321751
94,89,2.819842
95,39,-0.785398
95,50,2.356194
95,59,0.785398
95,81,1.570796
95,85,-1.570796
95,89,-2.356194
96,61,0.785398
96,62,1.892547
96,76,-0.321751
96,86,1.570796
97,3,-1.570796
97,8,-1.570796
97,12,-0.785398
97,30,-0.785398
97,41,0.000000
97,42,3.141593
97,62,-1.249046
97,63,3.141593
97,70,3.141593
97,77,-1.249046
97,78,-2.356194
97,80,-0.785398
97,81,-1.570796
97,82,-2.356194
97,83,3.141593
97,86,-0.321751
97,89,2.356194
98,17,-1.570796
98,22,-1.570796
98,26,-1.570796
98,36,-1.570796
98,46,-0.785398
98,56,0.000000
98,57,3.141593
98,64,-2.356194
98,74,-1.570796
98,87,-1.249046
