10,45,1.249046
10,46,3.141593
11,60,0.785398
11,61,2.356194
11,70,0.785398
11,71,1.570796
11,72,2.356194
12,60,-0.785398
13,25,1.249046
13,26,3.141593
13,44,-1.570796
15,61,2.819842
16,49,1.249046
17,17,2.356194
17,21,-0.785398
17,45,0.785398
18,16,-1.570796
18,52,2.819842
18,57,0.321751
18,84,3.141593
19,50,-1.892547
19,52,-1.570796
19,57,-1.570796
19,60,-0.785398
20,42,1.892547
20,53,0.785398
20,54,2.356194
20,70,0.785398
21,53,-1.570796
21,60,0.000000
21,61,-1.892547
21,79,0.321751
22,40,0.000000
22,65,1.249046
22,66,2.356194
22,67,0.785398
22,68,1.570796
22,72,-2.356194
22,79,-1.570796
23,40,-1.570796
23,64,0.000000
23,65,-1.892547
23,78,1.570796
24,36,2.356194
24,39,1.570796
24,48,2.356194
24,62,1.249046
24,63,3.141593
24,76,0.785398
25,60,1.249046
25,79,2.819842
26,37,-1.892547
26,45,-1.892547
26,47,-1.570796
26,53,0.785398
26,54,2.356194
26,59,0.321751
26,64,2.356194
26,87,2.356194
27,42,0.000000
27,43,-1.892547
27,49,2.356194
27,75,1.249046
27,77,-1.570796
27,79,-1.570796
27,80,-2.356194
27,85,0.785398
28,31,0.321751
28,47,0.000000
28,48,-1.892547
28,54,-0.785398
28,55,-2.356194
28,58,-0.785398
28,62,-1.892547
28,73,-2.356194
29,15,0.785398
29,34,-2.819842
29,53,1.570796
30,15,-0.785398
30,16,3.141593
30,33,-1.892547
30,50,1.249046
30,51,2.356194
30,52,-0.785398
30,63,1.249046
30,64,2.356194
30,65,3.141593
30,79,0.785398
30,80,1.892547
30,84,0.000000
30,85,-1.892547
31,36,1.249046
31,37,3.141593
31,42,1.249046
31,43,3.141593
31,61,0.000000
31,68,2.356194
31,74,0.785398
32,35,0.000000
32,36,-1.892547
32,46,1.249046
32,47,2.356194
32,48,-0.785398
32,49,-1.892547
32,67,-0.785398
32,71,-0.785398
32,80,-0.785398
33,34,1.570796
33,39,2.356194
33,40,-0.785398
33,44,1.249046
33,46,-1.892547
33,76,-2.356194
33,80,2.356194
33,89,2.356194
34,32,1.249046
34,34,-2.356194
34,38,-1.570796
34,44,-1.892547
34,78,0.785398
34,87,1.249046
34,89,3.141593
35,21,0.000000
35,22,1.570796
35,23,2.356194
35,31,-0.785398
35,36,2.356194
35,41,0.000000
35,42,-1.892547
35,62,2.356194
35,78,-0.785398
35,84,0.000000
36,33,0.785398
36,35,-1.892547
36,61,0.321751
36,87,-1.249046
36,90,2.819842
37,39,1.570796
37,61,-0.785398
37,63,-2.356194
37,77,1.570796
38,33,-2.819842
38,38,0.000000
38,76,0.321751
38,77,-2.819842
38,89,0.321751
38,90,-2.819842
39,30,1.249046
39,32,-1.892547
39,37,1.570796
39,76,-0.785398
39,85,2.356194
40,14,0.785398
40,29,-0.785398
40,35,1.249046
40,37,-2.356194
40,43,3.141593
41,14,-0.785398
41,15,3.141593
41,34,0.000000
41,35,-1.892547
41,38,0.785398
41,39,2.356194
41,47,1.249046
41,49,1.892547
41,61,2.356194
41,77,0.785398
41,79,1.249046
41,81,1.570796
41,82,2.356194
41,89,-1.249046
41,90,-2.356194
41,91,3.141593
42,7,1.892547
42,13,1.570796
42,32,0.000000
42,33,2.356194
42,44,1.249046
42,52,0.785398
42,53,1.892547
42,60,0.000000
43,13,3.141593
43,36,1.249046
43,38,-2.356194
43,43,-0.785398
43,49,-1.892547
43,53,-1.249046
43,54,3.141593
43,57,1.249046
43,58,2.356194
43,84,-1.570796
44,7,-1.892547
44,13,-2.356194
44,31,1.249046
44,40,2.356194
44,56,-0.785398
44,75,0.000000
44,76,-1.892547
44,80,-1.249046
44,81,-2.356194
44,82,0.785398
44,83,2.356194
44,88,0.785398
44,89,1.892547
45,26,2.356194
45,74,-0.785398
45,83,-1.570796
45,91,3.141593
46,28,2.356194
46,29,-0.785398
46,38,-1.892547
46,43,1.249046
46,46,-2.819842
46,89,-1.570796
47,24,-0.785398
47,36,-1.892547
47,78,2.356194
47,86,0.000000
47,87,1.570796
48,30,0.321751
48,34,-1.570796
48,41,-0.785398
48,78,-2.819842
48,89,0.000000
49,26,0.000000
49,37,1.249046
49,38,2.356194
49,46,2.819842
49,84,0.000000
49,85,0.785398
49,90,-2.356194
50,30,-1.570796
50,35,1.249046
50,37,-1.892547
50,60,3.141593
50,64,0.785398
50,86,-1.249046
50,87,3.141593
50,90,2.356194
51,26,-0.321751
51,41,-0.785398
51,88,0.785398
52,31,1.570796
52,38,1.249046
52,39,3.141593
52,43,0.000000
52,44,-0.785398
52,66,0.785398
52,67,2.356194
52,75,-2.356194
52,83,0.000000
52,84,0.785398
52,85,1.892547
53,27,-0.321751
53,31,-2.819842
53,42,3.141593
53,46,-0.785398
53,47,-1.892547
53,85,-1.249046
54,30,-1.892547
54,41,-0.785398
54,64,1.249046
54,66,-2.356194
54,80,0.000000
54,81,0.785398
54,82,1.892547
54,89,-2.356194
55,38,2.356194
55,42,2.356194
55,48,1.249046
55,50,2.356194
55,63,-0.785398
55,64,-1.892547
55,82,-1.249046
55,83,-2.356194
55,85,0.785398
55,86,2.356194
56,31,1.249046
56,32,3.141593
56,34,-1.570796
56,38,-2.819842
56,42,-2.819842
56,46,1.249046
56,48,-1.892547
56,50,-2.356194
56,54,0.000000
56,55,3.141593
56,60,0.000000
56,67,0.785398
56,86,-1.570796
56,91,-1.570796
57,26,-0.785398
57,27,-1.892547
57,29,0.785398
57,45,0.000000
57,46,-1.892547
57,68,-2.356194
57,69,3.141593
58,12,0.321751
58,14,-2.356194
58,32,1.570796
58,43,1.249046
58,44,3.141593
58,48,1.249046
58,49,3.141593
58,90,3.141593
59,12,-0.785398
59,28,0.321751
59,29,-2.819842
59,32,0.000000
59,34,-1.892547
59,84,1.570796
60,36,1.249046
60,78,0.000000
60,79,0.785398
60,80,1.892547
60,84,-0.785398
60,85,-2.356194
60,86,0.785398
60,87,1.892547
61,26,1.249046
61,28,-2.356194
61,30,1.249046
61,45,-0.785398
61,51,-1.570796
61,56,3.141593
61,82,0.785398
61,83,2.356194
61,87,-1.249046
62,12,0.785398
62,34,-0.785398
62,53,2.356194
62,64,0.000000
62,65,3.141593
62,74,0.000000
62,78,0.785398
62,89,-2.356194
63,12,0.000000
63,24,-0.785398
63,25,-1.892547
63,27,0.785398
63,29,-1.892547
63,42,-2.819842
63,52,-1.892547
63,59,3.141593
63,81,-2.356194
63,82,-0.785398
64,12,-0.785398
64,44,1.249046
64,46,-1.892547
64,49,0.000000
64,50,-1.892547
64,57,-0.785398
64,66,0.000000
64,67,3.141593
64,72,0.000000
64,90,2.356194
65,26,0.321751
65,28,3.141593
65,40,-1.892547
65,42,0.000000
65,54,3.141593
65,61,0.785398
65,62,1.570796
65,63,2.356194
65,64,3.141593
65,79,-1.570796
65,87,1.570796
65,89,1.570796
65,91,-2.356194
66,26,-1.570796
66,29,0.785398
66,31,-1.892547
66,46,1.249046
66,47,3.141593
66,58,1.249046
66,59,2.356194
67,25,1.570796
67,29,-1.570796
67,41,1.249046
67,49,1.249046
67,50,3.141593
67,57,0.000000
67,62,2.356194
67,66,0.000000
67,68,3.141593
67,70,0.000000
67,71,0.785398
67,72,1.570796
67,73,2.356194
67,75,0.785398
67,76,1.892547
67,84,-1.249046
68,24,0.321751
68,25,-2.819842
68,28,0.785398
68,48,0.000000
68,49,-1.892547
68,53,1.249046
68,54,2.356194
68,56,0.000000
68,76,-1.249046
68,77,-2.356194
69,39,-1.892547
69,43,-2.819842
69,47,3.141593
69,51,1.249046
69,53,-1.892547
70,23,0.321751
70,55,1.249046
70,57,-1.892547
70,71,-0.785398
70,72,-1.570796
70,73,-2.356194
71,48,1.249046
71,50,-1.892547
71,54,0.000000
71,55,-1.892547
71,76,0.785398
71,77,1.892547
71,84,1.570796
72,12,0.785398
72,32,3.141593
72,40,-1.892547
72,59,-1.892547
72,84,-0.785398
72,86,1.892547
73,12,-0.321751
73,14,2.356194
73,22,-0.785398
73,42,0.000000
73,43,-1.892547
73,82,0.785398
74,29,2.819842
74,31,0.000000
74,33,0.785398
74,34,2.356194
74,41,1.570796
74,45,-1.570796
74,48,0.785398
74,49,2.356194
74,89,2.356194
75,39,2.356194
75,48,-1.570796
75,54,0.785398
75,59,3.141593
75,77,-1.249046
75,79,1.892547
76,43,3.141593
76,52,1.249046
76,53,3.141593
76,58,-1.892547
76,63,1.249046
76,65,1.570796
76,67,1.570796
76,68,2.356194
76,70,0.785398
76,71,1.570796
76,72,2.356194
76,80,-2.356194
76,81,0.785398
76,89,-0.321751
76,90,2.819842
77,38,-2.819842
77,48,2.356194
77,51,0.321751
77,55,-0.785398
77,75,1.570796
77,85,-0.785398
77,87,2.819842
77,90,-1.570796
78,28,-0.785398
78,51,-1.570796
78,55,2.356194
78,59,1.249046
78,60,2.356194
78,75,0.000000
78,78,2.356194
78,87,-2.356194
78,91,-2.356194
79,28,2.356194
79,32,0.321751
79,41,0.785398
79,44,1.570796
79,47,-0.785398
79,49,0.785398
79,50,3.141593
79,54,0.000000
79,70,-0.785398
79,71,-1.570796
79,72,3.141593
79,78,-2.356194
79,84,3.141593
79,87,-1.570796
80,27,0.000000
80,28,-2.356194
80,36,-0.785398
80,37,3.141593
80,39,1.249046
80,40,3.141593
80,42,0.000000
80,44,-2.819842
80,47,0.000000
80,53,1.570796
80,57,0.321751
80,63,-0.785398
80,64,-2.356194
80,65,3.141593
80,79,-2.356194
81,13,0.785398
81,25,1.249046
81,26,3.141593
81,29,0.000000
81,30,1.570796
81,35,1.570796
81,49,-2.819842
81,53,-2.819842
81,61,2.356194
82,13,-0.321751
82,15,2.356194
82,24,-0.785398
82,25,-1.892547
82,38,-0.785398
82,48,-0.785398
82,51,0.321751
82,55,1.249046
82,60,-1.570796
82,70,3.141593
82,75,0.000000
82,82,0.785398
82,86,0.785398
83,38,2.356194
83,41,1.249046
83,43,-1.892547
83,48,2.356194
83,51,-1.570796
83,54,0.321751
83,75,-0.785398
83,78,0.000000
83,79,1.570796
83,80,3.141593
83,83,-2.356194
83,87,1.570796
84,37,0.321751
84,47,0.321751
84,50,1.570796
84,54,-0.785398
84,57,-0.785398
84,62,2.356194
84,64,-0.785398
84,75,0.000000
84,87,-0.321751
85,25,2.356194
85,47,-0.785398
85,50,-2.819842
85,57,-1.570796
85,61,1.570796
85,74,-0.785398
85,76,1.570796
85,79,0.785398
85,84,0.000000
85,89,2.819842
86,28,2.356194
86,32,0.000000
86,33,-1.570796
86,34,3.141593
86,39,-1.892547
86,47,-1.570796
86,49,-0.785398
86,53,3.141593
86,59,0.000000
86,60,-0.785398
86,61,-2.356194
86,65,1.249046
86,66,2.356194
86,76,-0.321751
86,77,2.819842
86,79,-0.321751
86,80,2.819842
86,85,-1.570796
86,89,-2.356194
87,8,1.892547
87,14,2.356194
87,24,0.000000
87,52,-0.785398
87,64,-0.785398
87,77,-2.356194
87,86,1.570796
88,10,0.785398
88,11,1.570796
88,12,2.356194
88,31,2.356194
88,42,1.570796
88,45,1.570796
88,52,2.356194
88,66,1.570796
88,72,0.785398
88,73,1.892547
88,86,-0.321751
88,89,-1.570796
88,90,3.141593
89,8,-1.892547
89,22,1.249046
89,24,3.141593
89,29,-1.570796
89,34,1.570796
89,48,-0.785398
89,51,0.321751
89,52,-2.819842
89,59,3.141593
89,66,0.000000
89,73,-1.249046
89,78,0.785398
89,82,0.000000
90,11,-2.819842
90,18,0.785398
90,19,1.570796
90,33,-0.785398
90,42,-1.570796
90,51,-0.785398
90,66,-0.785398
90,69,0.000000
90,70,1.892547
90,75,-2.356194
90,78,-0.785398
90,80,-2.356194
90,83,-1.570796
90,91,2.356194
91,13,0.321751
91,15,2.819842
91,24,-2.819842
91,31,-0.785398
91,36,0.321751
91,38,2.819842
91,44,-1.570796
91,47,1.570796
91,51,2.356194
91,63,1.570796
91,66,-1.570796
91,72,1.892547
91,89,1.249046
92,21,-1.892547
92,47,-1.570796
92,50,0.321751
92,51,-2.819842
92,63,-1.570796
92,70,-0.785398
92,73,2.819842
92,80,3.141593
92,87,-1.570796
93,30,1.570796
93,33,0.785398
93,41,2.356194
93,50,-0.785398
93,53,0.321751
93,56,-2.356194
93,70,-1.570796
93,73,-2.356194
93,81,0.000000
93,82,1.570796
93,83,2.356194
93,89,-2.356194
94,26,0.785398
94,27,1.570796
94,30,-2.819842
94,33,0.000000
94,35,-1.892547
94,50,-1.570796
94,53,-0.785398
94,89,2.356194
95,8,2.819842
95,46,1.570796
95,70,0.785398
95,81,0.321751
95,87,2.356194
95,89,3.141593
96,29,-1.570796
96,30,-2.356194
96,32,-0.785398
96,40,0.321751
96,43,-2.356194
96,50,2.356194
96,60,1.570796
96,67,1.570796
96,81,-0.785398
97,37,1.570796
97,40,-0.785398
97,46,-1.570796
97,53,-1.570796
97,62,0.785398
97,74,-1.570796
97,78,-2.356194
97,84,2.356194
97,87,-2.356194
97,88,-0.785398
98,37,-1.570796
98,40,-1.570796
98,43,-1.570796
98,49,-1.570796
98,57,-1.570796
98,60,-1.570796
98,63,-2.356194
98,68,-2.356194
98,71,-1.570796
