14,59,1.249046
14,60,2.356194
15,25,1.249046
15,26,2.356194
15,49,0.785398
15,50,1.570796
15,51,2.356194
16,59,-2.356194
16,75,1.570796
18,19,1.249046
18,20,2.356194
19,17,1.249046
20,19,-2.356194
20,23,-0.785398
24,29,0.785398
24,30,2.356194
25,29,-0.785398
26,66,0.321751
26,82,3.141593
27,9,0.321751
27,45,1.570796
27,47,1.892547
28,9,-1.570796
28,43,-0.785398
28,64,1.249046
28,66,3.141593
29,43,2.356194
29,59,0.785398
29,61,1.249046
29,66,-2.356194
29,77,0.321751
30,33,0.321751
30,37,1.249046
30,38,2.356194
30,42,0.000000
30,43,-2.356194
30,53,-2.356194
30,77,-0.785398
31,28,0.321751
31,30,2.819842
31,40,0.785398
31,41,3.141593
31,44,0.785398
31,49,0.000000
31,50,-1.892547
31,53,2.356194
32,7,0.321751
32,9,3.141593
32,33,-0.321751
32,44,-0.785398
32,53,-2.819842
32,57,0.000000
32,58,-1.892547
32,67,2.819842
33,7,-1.570796
33,28,0.000000
33,44,2.356194
33,56,1.570796
33,61,-2.819842
33,64,0.321751
33,72,0.785398
33,73,1.892547
33,78,2.819842
33,87,2.819842
34,19,0.785398
34,28,-0.785398
34,34,0.785398
34,37,0.000000
34,42,0.000000
34,47,-2.819842
34,55,0.000000
34,64,-1.570796
34,67,0.000000
34,87,-2.356194
35,24,3.141593
35,49,0.000000
35,50,-1.892547
35,53,1.249046
35,54,3.141593
35,62,1.249046
35,63,3.141593
35,69,0.000000
35,73,-1.570796
35,78,-2.819842
36,13,0.785398
36,14,2.356194
36,29,3.141593
36,32,1.249046
36,37,-2.819842
36,48,3.141593
36,57,0.000000
36,58,-1.892547
36,66,0.000000
36,67,-1.570796
36,68,-2.356194
37,30,0.785398
37,32,-1.892547
37,44,-2.819842
37,55,1.249046
37,56,3.141593
37,60,0.000000
37,61,-1.892547
37,64,0.000000
37,75,0.000000
37,76,-1.892547
38,19,-1.892547
38,21,-1.570796
38,30,-0.785398
38,34,-0.785398
38,36,-1.570796
38,46,1.570796
38,54,0.321751
38,79,0.785398
39,41,0.321751
39,46,-2.819842
39,54,-1.570796
39,58,-0.785398
39,62,2.356194
39,71,1.249046
39,72,3.141593
39,76,1.249046
39,77,2.356194
39,83,2.356194
39,86,-0.785398
39,88,2.819842
40,23,0.000000
40,29,3.141593
40,36,0.321751
40,41,-1.570796
40,53,1.570796
40,75,0.000000
40,76,-1.892547
41,16,0.785398
41,23,2.356194
41,36,-1.570796
41,39,0.000000
41,73,1.249046
41,74,3.141593
41,80,-0.785398
41,81,-1.892547
42,6,0.785398
42,16,-0.785398
42,17,3.141593
42,22,0.000000
42,23,-2.356194
42,46,0.321751
42,51,-1.570796
42,58,-0.785398
42,67,1.249046
42,73,-1.892547
43,8,1.570796
43,9,2.356194
43,10,0.785398
43,11,1.892547
43,13,1.249046
43,18,0.000000
43,19,1.892547
43,21,1.570796
43,24,0.000000
43,25,1.892547
43,30,1.249046
43,31,3.141593
43,46,-1.570796
43,60,1.249046
43,61,3.141593
43,66,0.000000
43,67,-1.892547
43,75,1.249046
43,76,2.356194
43,85,-0.785398
43,86,-1.892547
43,89,2.356194
44,21,-2.819842
44,33,-0.785398
44,45,1.570796
44,55,3.141593
44,59,0.000000
44,60,-1.892547
44,74,-0.785398
44,75,-1.892547
45,4,0.321751
45,8,-2.819842
45,15,-1.892547
45,39,0.000000
45,43,1.249046
45,48,1.570796
45,53,3.141593
45,58,1.570796
45,68,-0.785398
46,11,0.000000
46,13,-1.892547
46,18,0.785398
46,20,-2.356194
46,24,0.000000
46,25,-2.356194
46,42,-0.785398
46,43,-1.892547
46,47,0.000000
46,52,-1.570796
46,56,1.249046
46,58,-2.356194
46,62,-0.785398
46,66,2.356194
46,70,-0.785398
46,71,-2.356194
46,76,1.249046
46,77,3.141593
46,85,1.249046
46,87,-1.892547
47,3,0.321751
47,18,-1.570796
47,21,0.785398
47,23,2.356194
47,26,0.785398
47,31,1.570796
47,46,-0.785398
47,59,2.356194
47,65,-0.785398
47,82,0.785398
47,83,1.570796
47,90,2.356194
48,3,-0.785398
48,17,1.570796
48,21,-0.785398
48,23,-1.570796
48,26,-1.570796
48,31,2.356194
48,63,2.356194
48,71,1.249046
48,72,3.141593
48,90,3.141593
49,16,-0.785398
49,17,-2.356194
49,25,3.141593
49,34,1.249046
49,35,3.141593
49,38,0.000000
49,39,3.141593
49,44,3.141593
49,53,0.000000
49,54,-1.892547
49,59,-1.249046
49,60,-2.356194
49,61,0.785398
49,62,2.356194
49,69,0.000000
49,70,-0.785398
49,85,-1.570796
49,86,-2.356194
49,90,-2.356194
50,14,1.570796
50,18,0.785398
50,19,2.356194
50,23,0.321751
50,29,-1.570796
50,46,0.000000
50,51,1.249046
50,52,3.141593
50,62,-1.570796
50,74,3.141593
50,82,-0.785398
50,83,-1.892547
51,3,0.785398
51,7,0.000000
51,11,0.785398
51,12,2.356194
51,13,-0.785398
51,28,0.785398
51,41,0.785398
51,55,2.356194
51,71,-0.785398
51,90,2.356194
52,3,-0.321751
52,5,2.356194
52,11,-0.785398
52,18,-2.819842
52,22,0.321751
52,23,-2.819842
52,27,3.141593
52,29,0.000000
52,30,1.570796
52,32,-1.892547
52,41,0.000000
52,45,3.141593
52,49,-0.785398
52,50,-1.892547
52,54,-0.785398
52,59,3.141593
52,65,0.785398
52,74,-2.356194
52,75,-0.785398
52,76,-1.892547
52,84,0.000000
52,87,0.785398
52,88,1.570796
52,90,3.141593
53,11,2.356194
53,16,0.321751
53,22,-1.570796
53,26,-1.570796
53,41,-1.570796
53,90,-2.356194
54,11,-2.819842
54,16,-1.570796
54,20,1.249046
54,21,3.141593
54,29,0.000000
54,39,1.249046
54,40,3.141593
54,55,0.000000
54,69,-1.570796
54,90,2.356194
55,9,0.321751
55,15,1.570796
55,38,0.000000
55,39,-1.892547
55,44,-0.785398
55,49,2.356194
55,64,0.000000
55,65,-1.892547
55,67,0.000000
55,68,2.356194
55,74,1.249046
55,75,2.356194
55,86,-0.785398
55,87,-1.570796
55,88,-2.356194
55,90,3.141593
56,9,-1.570796
56,14,0.000000
56,19,-1.570796
56,32,1.570796
56,37,1.570796
56,48,-0.785398
56,58,2.356194
56,71,0.000000
56,73,-0.785398
56,74,-1.892547
56,90,-2.356194
57,13,1.570796
57,37,-2.819842
57,46,2.356194
57,67,-0.785398
57,68,-2.356194
57,90,2.356194
58,7,1.570796
58,12,0.000000
58,17,1.570796
58,22,3.141593
58,36,-1.892547
58,45,-0.785398
58,50,0.000000
58,51,3.141593
58,55,1.249046
58,56,3.141593
58,65,-0.785398
58,69,0.000000
58,70,0.785398
58,71,1.892547
58,89,-0.785398
58,90,-2.356194
59,6,0.321751
59,7,-2.819842
59,16,0.321751
59,17,-2.819842
59,21,-1.570796
59,26,0.785398
59,29,1.249046
59,30,3.141593
59,34,-1.570796
59,39,2.356194
59,40,3.141593
59,58,1.249046
59,59,3.141593
59,91,-2.356194
60,3,1.570796
60,6,-1.570796
60,16,-1.570796
60,20,0.785398
60,29,-1.892547
60,38,-1.570796
60,53,0.000000
60,54,-1.892547
60,71,-1.570796
61,3,0.000000
61,5,0.000000
61,15,1.570796
61,19,1.570796
61,51,1.249046
61,52,3.141593
61,63,0.000000
61,69,0.000000
61,76,1.570796
61,81,0.000000
61,83,0.785398
61,84,1.570796
61,85,2.356194
62,3,-0.785398
62,9,1.570796
62,14,0.000000
62,19,-2.819842
62,28,0.000000
62,29,1.570796
62,30,2.356194
62,31,-0.785398
62,32,-1.570796
62,33,-2.356194
62,34,0.785398
62,35,2.356194
62,55,0.000000
62,56,-1.892547
63,9,-2.819842
63,13,3.141593
63,17,0.321751
63,25,1.570796
63,35,-2.356194
63,39,0.000000
63,40,3.141593
63,45,3.141593
63,49,-0.785398
63,51,-1.249046
63,59,2.356194
63,65,3.141593
63,78,3.141593
63,84,2.356194
63,90,-2.356194
64,12,-1.570796
64,17,-1.570796
64,21,1.249046
64,22,2.356194
64,25,3.141593
64,29,-1.570796
64,43,-0.785398
64,55,3.141593
64,63,1.570796
64,69,2.356194
64,70,0.785398
64,83,-0.785398
64,84,-2.356194
65,9,0.785398
65,10,2.356194
65,16,0.785398
65,25,-2.356194
65,52,-0.785398
65,57,-0.785398
65,58,-1.570796
65,59,-2.356194
65,62,-0.785398
65,63,-2.356194
66,9,-0.785398
66,32,-1.570796
66,67,-0.785398
66,68,-1.570796
66,69,-2.356194
66,76,0.785398
66,88,0.000000
66,89,1.892547
67,29,2.356194
67,39,0.000000
67,42,0.000000
67,43,3.141593
67,71,-1.249046
67,72,-2.356194
67,77,-1.249046
67,78,-2.356194
67,82,3.141593
67,89,-1.249046
67,90,-2.356194
67,91,3.141593
68,3,0.321751
68,18,-1.570796
68,27,2.356194
68,36,0.000000
68,40,0.000000
68,46,2.356194
68,60,0.000000
68,63,3.141593
69,3,-1.570796
69,8,3.141593
69,12,0.321751
69,17,3.141593
69,22,0.000000
69,23,-1.570796
69,24,3.141593
69,26,-1.570796
69,39,-0.785398
69,50,1.249046
69,51,2.356194
69,53,3.141593
69,68,0.000000
69,74,3.141593
69,77,0.000000
69,78,3.141593
69,80,0.000000
70,12,-1.570796
70,29,2.356194
70,42,1.249046
70,43,3.141593
70,48,1.249046
70,50,-1.892547
70,64,3.141593
71,41,-0.785398
71,42,-1.892547
71,47,-0.785398
71,48,-1.892547
71,52,1.249046
71,53,2.356194
71,59,0.000000
71,72,0.000000
71,74,3.141593
71,78,0.000000
71,79,3.141593
71,81,0.000000
71,82,0.785398
71,83,1.892547
71,91,3.141593
72,2,0.785398
72,20,1.570796
72,31,2.356194
72,36,3.141593
72,39,1.570796
72,44,0.000000
72,51,-0.785398
72,52,-1.892547
72,56,3.141593
72,66,0.000000
72,69,3.141593
72,83,-1.249046
72,85,1.892547
73,2,-0.321751
73,4,2.356194
73,19,0.000000
73,30,1.570796
73,38,0.000000
73,39,-2.356194
73,48,1.249046
73,49,3.141593
73,60,0.000000
73,64,3.141593
73,85,-1.249046
73,86,-2.356194
73,87,0.785398
73,88,1.892547
74,13,0.321751
74,15,3.141593
74,24,1.570796
74,29,0.000000
74,37,1.570796
74,46,0.000000
74,47,-0.785398
74,54,0.000000
74,57,3.141593
74,71,0.000000
74,88,-1.249046
74,89,-2.356194
74,90,3.141593
75,3,2.356194
75,16,1.570796
75,24,-2.819842
75,28,1.570796
75,36,0.000000
75,50,2.356194
75,52,3.141593
75,64,3.141593
75,67,0.000000
75,68,3.141593
76,2,0.321751
76,7,1.570796
76,13,-2.356194
76,26,1.249046
76,35,3.141593
76,48,-0.785398
76,49,-1.892547
76,60,0.000000
77,2,-0.785398
77,4,0.000000
77,5,1.570796
77,7,-2.356194
77,11,-1.570796
77,14,0.785398
77,15,3.141593
77,21,-0.785398
77,22,-1.892547
77,25,0.321751
77,34,-1.570796
77,45,0.000000
77,46,0.000000
77,55,3.141593
77,66,0.000000
77,75,0.785398
77,76,1.892547
77,85,0.785398
77,86,2.356194
77,88,0.785398
77,89,1.892547
78,2,-1.570796
78,14,-1.570796
78,25,-1.570796
78,33,-0.785398
78,47,1.570796
78,61,0.000000
78,62,3.141593
78,76,-1.249046
78,77,-2.356194
78,85,-0.785398
78,89,-1.249046
78,90,-2.356194
78,91,3.141593
79,13,3.141593
79,18,-1.570796
79,24,1.570796
79,35,1.570796
79,49,2.356194
79,56,0.000000
79,58,3.141593
79,68,0.000000
79,70,3.141593
80,8,0.321751
80,24,-2.819842
80,27,1.249046
80,28,3.141593
80,33,1.249046
80,35,-2.356194
80,43,-0.785398
80,53,0.000000
80,54,3.141593
80,62,0.000000
80,64,3.141593
80,73,0.000000
80,82,0.785398
80,83,1.892547
81,21,1.249046
81,23,-1.892547
81,31,1.249046
81,33,-1.892547
81,37,3.141593
81,41,2.356194
81,49,-0.785398
81,50,3.141593
81,83,-1.249046
81,84,3.141593
81,90,3.141593
82,4,0.785398
82,14,0.785398
82,15,3.141593
82,20,0.321751
82,45,-0.785398
82,51,0.000000
82,52,3.141593
82,63,0.000000
82,64,0.785398
82,65,1.570796
82,66,2.356194
82,71,3.141593
82,77,1.570796
82,85,0.000000
82,86,1.892547
83,4,-0.321751
83,14,-1.570796
83,20,-0.785398
83,49,0.000000
83,59,0.000000
83,60,3.141593
83,73,0.000000
83,77,-0.785398
83,78,-2.356194
83,80,0.785398
83,81,1.892547
83,86,-1.249046
83,87,3.141593
84,7,-1.570796
84,12,0.785398
84,13,3.141593
84,23,-0.785398
84,24,-1.892547
84,28,0.321751
84,38,-0.785398
84,53,2.356194
84,65,-1.570796
84,68,0.000000
84,69,0.785398
84,70,1.892547
84,76,0.000000
84,88,0.000000
84,89,1.892547
85,5,2.356194
85,18,0.785398
85,21,-2.356194
85,28,-1.570796
85,32,0.321751
85,51,1.249046
85,52,3.141593
85,70,-1.249046
85,71,-2.356194
85,82,-1.249046
85,84,1.892547
85,89,-1.249046
85,90,-2.356194
85,91,3.141593
86,4,0.321751
86,5,-2.819842
86,12,-2.819842
86,27,3.141593
86,32,-1.570796
86,44,-0.785398
86,49,1.249046
86,51,-1.892547
86,56,3.141593
86,75,-0.785398
86,76,-1.570796
86,77,-2.356194
87,26,-1.570796
87,31,1.570796
87,42,2.356194
87,46,1.249046
87,47,2.356194
87,48,-0.785398
87,49,-1.892547
87,66,0.000000
87,79,1.570796
88,3,0.321751
88,4,-2.819842
88,9,0.000000
88,14,3.141593
88,30,0.000000
88,36,3.141593
88,40,1.249046
88,41,3.141593
88,79,0.000000
89,25,-1.570796
89,29,1.570796
89,39,0.000000
89,43,1.249046
89,45,-1.892547
89,75,0.785398
89,76,1.892547
89,79,-1.570796
89,89,1.892547
90,2,0.321751
90,11,-0.785398
90,29,-2.819842
90,38,-0.785398
90,41,0.785398
90,43,-1.892547
90,48,1.249046
90,49,3.141593
90,56,3.141593
90,64,0.000000
90,76,-1.249046
90,84,-1.249046
90,85,-2.356194
90,90,-2.356194
90,91,3.141593
91,2,-0.785398
91,15,0.785398
91,16,3.141593
91,36,2.356194
91,41,-1.570796
91,47,-0.785398
91,48,-1.892547
91,53,-0.785398
91,78,-1.249046
91,79,3.141593
92,9,2.356194
92,15,-1.570796
92,23,2.356194
92,26,0.321751
92,62,1.892547
92,71,2.356194
92,80,0.000000
92,81,1.892547
92,88,-2.356194
93,14,1.570796
93,22,1.570796
93,26,-1.570796
93,34,1.570796
93,48,1.249046
93,49,2.356194
93,50,3.141593
93,57,2.356194
93,60,-0.785398
93,63,-2.356194
93,74,1.249046
93,76,1.892547
93,81,-1.249046
93,82,3.141593
93,88,0.785398
94,3,-1.570796
94,5,-2.356194
94,17,1.570796
94,21,0.321751
94,22,-2.819842
94,25,1.570796
94,30,-1.570796
94,33,0.321751
94,34,-2.819842
94,47,0.000000
94,48,-1.892547
94,54,1.249046
94,56,2.356194
94,71,-1.249046
94,72,-2.356194
94,73,-0.785398
94,74,-1.892547
94,76,-1.249046
94,77,3.141593
94,83,0.000000
94,84,1.892547
94,88,0.000000
95,8,2.356194
95,21,-1.570796
95,24,0.321751
95,25,-2.819842
95,33,-1.570796
95,38,-1.570796
95,45,0.000000
95,51,1.249046
95,52,2.356194
95,53,-0.785398
95,54,-1.892547
95,56,-1.570796
95,84,-1.249046
95,85,3.141593
96,24,-0.785398
96,32,3.141593
96,41,2.356194
96,50,0.000000
96,51,-1.892547
96,58,2.356194
96,88,3.141593
97,5,-0.785398
97,10,-0.785398
97,24,-1.570796
97,31,-1.570796
97,39,0.000000
97,40,-0.785398
97,41,-2.356194
97,55,1.249046
97,57,-1.892547
97,82,3.141593
97,88,-1.570796
97,91,2.356194
98,7,-0.785398
98,8,-1.892547
98,12,-0.785398
98,13,-1.892547
98,18,-0.785398
98,30,-0.785398
98,43,3.141593
98,47,-0.785398
98,52,0.000000
98,54,-0.785398
98,55,-1.892547
98,77,3.141593
98,90,-0.785398
