8,36,1.249046
8,37,2.356194
8,49,0.785398
8,50,1.570796
8,51,2.356194
8,61,0.785398
8,62,1.570796
8,63,2.356194
11,62,2.356194
11,75,1.570796
12,24,1.249046
12,25,2.356194
12,32,-0.785398
12,62,3.141593
12,75,0.000000
13,75,-0.785398
14,51,-1.892547
14,53,-2.356194
15,46,-0.321751
16,52,0.000000
16,53,-1.570796
16,54,-2.356194
16,66,1.249046
16,68,1.892547
16,74,0.321751
17,38,0.785398
17,40,-1.570796
17,47,0.785398
17,49,1.249046
17,50,2.356194
17,60,0.785398
17,61,1.570796
17,63,1.570796
17,64,2.356194
17,77,2.819842
18,20,-1.570796
18,38,-0.785398
18,47,0.000000
18,71,1.892547
19,38,2.356194
19,54,1.249046
19,55,2.356194
19,60,0.000000
19,77,3.141593
20,17,2.356194
20,38,-2.819842
20,44,1.249046
20,45,2.356194
20,46,-0.785398
20,47,-1.570796
20,49,-1.570796
20,50,-2.356194
20,51,0.785398
20,52,1.570796
20,61,-0.785398
20,62,-1.570796
20,63,-2.356194
20,64,0.785398
20,69,-1.249046
20,83,0.321751
20,85,3.141593
21,16,0.321751
21,35,-0.785398
21,56,2.356194
21,65,-1.249046
21,66,-2.356194
22,16,-1.570796
22,31,1.249046
22,41,3.141593
22,44,-1.570796
22,52,0.785398
22,60,0.785398
22,61,1.570796
22,62,2.356194
22,72,-0.321751
22,79,1.249046
22,81,1.570796
22,83,3.141593
23,52,-0.321751
23,64,3.141593
23,78,0.321751
24,33,-2.819842
24,55,-2.356194
24,66,0.000000
24,72,0.000000
24,81,0.000000
25,14,0.321751
25,16,3.141593
25,36,0.000000
25,38,-1.892547
25,53,-1.570796
25,61,-1.249046
25,62,-2.356194
25,81,-1.570796
26,14,-0.785398
26,41,-0.785398
26,52,1.570796
26,64,0.000000
26,65,1.892547
26,70,-2.356194
26,78,-1.249046
26,80,2.356194
27,14,2.356194
27,33,2.356194
27,34,0.785398
27,37,2.819842
27,51,-0.785398
27,52,-2.356194
27,59,0.000000
27,65,-1.249046
27,67,1.892547
27,72,0.785398
27,87,2.356194
28,13,0.321751
28,62,0.785398
28,63,1.892547
28,69,1.892547
28,72,0.000000
28,80,-0.785398
28,81,-2.356194
28,83,0.785398
28,84,1.570796
28,87,-2.819842
29,13,-0.785398
29,35,0.000000
29,63,-1.249046
29,64,-2.356194
29,65,0.785398
29,78,0.000000
30,13,2.356194
30,35,-0.785398
30,59,0.785398
30,60,1.892547
30,72,-2.356194
30,76,0.000000
30,88,2.356194
31,12,0.321751
31,66,-0.785398
31,68,-1.249046
31,73,0.000000
31,74,1.892547
32,12,-0.785398
32,36,2.356194
32,66,2.356194
32,78,-1.249046
32,79,3.141593
32,87,3.141593
33,36,-2.819842
33,65,-0.785398
33,66,-2.356194
33,70,-0.321751
33,75,-1.249046
33,76,3.141593
33,80,0.000000
33,81,2.356194
33,84,0.000000
33,87,-2.356194
34,30,0.000000
34,31,1.570796
34,32,2.356194
34,34,-0.785398
34,77,1.570796
34,81,-1.570796
34,90,2.356194
35,36,0.000000
35,37,3.141593
35,62,-1.570796
35,69,0.000000
35,77,-0.785398
35,78,3.141593
35,86,-1.249046
35,87,-2.356194
35,90,3.141593
36,34,1.249046
36,35,3.141593
36,63,0.785398
36,64,2.356194
36,66,0.785398
36,67,1.892547
36,75,0.000000
36,84,1.570796
36,90,-2.356194
37,34,-1.892547
37,63,-0.785398
37,72,-1.570796
38,29,1.570796
38,64,-2.356194
38,70,3.141593
38,73,2.356194
38,77,-1.249046
38,78,3.141593
38,82,0.000000
38,83,2.356194
38,90,2.356194
39,31,-1.892547
39,66,0.000000
39,67,0.000000
39,71,0.000000
39,74,1.570796
39,79,1.570796
39,83,-1.570796
39,87,-2.356194
39,90,3.141593
40,69,0.785398
40,76,1.892547
40,79,-0.785398
40,81,1.892547
40,85,0.000000
40,90,-2.356194
41,33,1.249046
41,34,2.356194
41,70,-1.249046
41,71,3.141593
41,76,-1.249046
41,81,-1.249046
41,82,3.141593
42,35,2.356194
42,72,0.000000
42,73,1.892547
42,86,2.356194
43,35,-2.819842
43,68,0.000000
43,73,-1.249046
43,75,1.892547
43,84,0.000000
43,91,2.819842
44,25,-1.570796
44,29,0.000000
44,70,0.000000
44,71,1.892547
44,80,-1.249046
44,82,1.892547
45,8,0.321751
45,10,3.141593
45,24,3.141593
45,71,-1.249046
45,72,3.141593
45,91,-2.819842
46,8,-1.570796
46,23,-1.570796
46,32,0.000000
46,73,0.000000
46,74,1.892547
46,79,1.892547
47,22,1.570796
47,31,-0.785398
47,62,0.000000
47,63,0.785398
47,64,1.892547
47,68,0.000000
47,69,0.785398
47,70,1.892547
47,74,-1.249046
47,76,2.356194
47,83,-1.570796
47,85,0.000000
47,86,1.892547
47,91,-2.356194
48,13,0.785398
48,22,-2.819842
48,64,-1.249046
48,65,3.141593
48,70,-1.249046
48,72,1.892547
48,80,-1.249046
48,86,-1.249046
48,87,3.141593
49,20,0.000000
49,21,-1.892547
49,66,0.000000
49,67,1.892547
49,78,1.892547
50,15,3.141593
50,60,0.000000
50,67,-1.249046
50,68,-2.356194
50,83,-1.249046
50,84,3.141593
50,90,3.141593
51,15,-1.570796
51,19,-1.570796
51,70,0.000000
51,71,1.892547
51,75,3.141593
51,79,-1.249046
51,80,3.141593
52,67,0.785398
52,68,1.892547
52,73,2.356194
52,76,0.000000
52,77,1.892547
52,81,1.570796
53,68,-1.249046
53,73,-1.570796
54,7,0.785398
54,40,0.785398
54,62,0.000000
54,74,0.000000
54,75,1.892547
55,7,-0.785398
55,8,3.141593
55,13,1.249046
55,14,3.141593
55,40,0.000000
55,66,0.000000
55,67,1.892547
55,71,-1.249046
55,72,3.141593
55,89,1.570796
56,40,-0.785398
56,59,0.000000
56,61,3.141593
56,67,-1.249046
56,73,1.570796
56,76,-1.249046
56,85,0.000000
56,86,1.892547
57,13,-1.249046
57,14,3.141593
57,40,2.356194
57,63,0.000000
57,64,0.785398
57,65,1.892547
57,73,-0.785398
57,74,3.141593
57,83,-2.356194
57,86,-1.249046
57,91,2.819842
58,15,0.785398
58,16,2.356194
58,37,1.249046
58,38,2.356194
58,40,3.141593
58,57,0.000000
58,60,0.785398
58,61,1.892547
58,66,3.141593
58,69,-0.785398
58,70,-2.356194
58,71,0.785398
58,72,2.356194
58,75,1.570796
58,78,-1.570796
58,80,-2.356194
58,83,0.785398
59,15,-0.785398
59,22,1.570796
59,25,1.570796
59,40,-2.356194
59,61,-1.249046
59,62,-2.356194
59,67,0.000000
59,68,2.356194
59,75,-0.785398
59,80,0.785398
59,91,-2.819842
60,25,2.356194
60,48,0.785398
60,74,0.000000
61,14,1.570796
61,18,2.356194
61,21,0.785398
61,33,1.570796
61,35,-1.892547
61,49,-1.570796
61,70,1.570796
61,72,-1.892547
61,75,1.570796
62,14,-2.819842
62,18,-2.819842
62,21,0.000000
62,23,-0.785398
62,24,-1.892547
62,51,2.356194
62,64,3.141593
62,75,-0.785398
62,76,3.141593
62,87,2.819842
63,6,0.785398
63,12,0.000000
63,13,-1.892547
63,16,0.321751
63,26,2.356194
63,30,0.321751
63,31,-2.819842
63,70,-0.321751
63,83,-2.356194
64,6,-0.321751
64,8,2.356194
64,16,-0.785398
64,20,0.321751
64,21,-2.819842
64,25,0.321751
64,26,-2.819842
64,30,-1.570796
64,37,1.249046
64,47,1.249046
64,49,-1.892547
64,54,1.249046
64,55,2.356194
64,59,0.785398
64,60,1.892547
64,66,0.000000
64,67,0.785398
64,68,1.892547
64,72,2.819842
64,75,-2.356194
64,83,0.785398
65,20,-1.570796
65,29,1.570796
65,43,-2.819842
65,51,1.249046
65,52,2.356194
65,53,-0.785398
65,54,-1.892547
65,60,-1.249046
65,62,1.892547
65,69,2.819842
65,72,-1.570796
65,85,0.785398
65,90,2.356194
66,24,0.000000
66,29,-2.819842
66,32,1.570796
66,35,0.321751
66,42,-1.570796
66,62,-1.249046
66,63,-2.356194
66,73,1.570796
66,76,0.785398
66,90,-1.570796
67,14,1.570796
67,23,1.570796
67,27,0.321751
67,31,0.321751
67,32,-2.819842
67,35,-1.570796
67,50,-1.892547
67,65,0.000000
67,66,1.892547
67,70,3.141593
67,73,-0.321751
67,77,1.570796
68,13,0.321751
68,14,-2.819842
68,22,0.321751
68,23,-2.819842
68,31,-1.570796
68,37,0.321751
68,40,0.000000
68,43,0.321751
68,48,-1.570796
68,60,0.785398
68,61,1.892547
68,71,1.570796
68,77,-0.785398
68,83,1.570796
68,87,-0.321751
68,88,2.819842
69,22,-1.570796
69,26,0.321751
69,27,-2.819842
69,34,2.356194
69,37,-0.785398
69,43,-1.570796
69,51,1.249046
69,52,3.141593
69,61,-1.249046
69,62,-2.356194
69,71,-0.321751
69,83,-0.321751
69,88,-1.570796
69,91,2.356194
70,26,-1.570796
70,33,0.321751
70,34,-2.819842
70,37,0.000000
70,46,1.570796
70,73,2.819842
70,80,-1.570796
70,89,0.000000
70,91,-2.819842
71,7,0.785398
71,16,3.141593
71,33,-1.570796
71,38,0.000000
71,45,0.321751
71,46,-2.819842
71,61,3.141593
71,65,0.000000
71,73,-1.570796
71,81,1.570796
71,86,2.819842
72,7,0.000000
72,13,-1.249046
72,15,-1.892547
72,45,-1.570796
72,48,0.321751
72,52,1.249046
72,53,2.356194
72,66,-1.570796
72,71,2.819842
72,74,0.000000
72,75,2.356194
72,78,2.819842
72,81,-0.321751
72,86,-1.570796
73,7,-0.785398
73,48,-1.570796
73,51,0.321751
73,78,-1.570796
73,83,2.819842
73,88,0.785398
73,91,2.819842
74,44,2.356194
74,47,1.570796
74,51,-1.570796
74,71,-0.321751
74,75,-0.321751
74,76,2.819842
74,79,0.000000
74,83,-1.570796
75,19,2.356194
75,22,1.570796
75,31,2.356194
75,43,0.321751
75,44,-2.819842
75,46,0.321751
75,47,-2.819842
75,54,1.249046
75,55,3.141593
75,60,0.785398
75,61,2.356194
75,68,0.000000
75,69,1.892547
75,84,1.570796
75,89,-0.321751
75,91,-2.819842
76,17,1.249046
76,19,-2.356194
76,22,-2.819842
76,31,-2.819842
76,37,-1.570796
76,41,-1.570796
76,43,-0.785398
76,46,-0.785398
76,60,-1.570796
76,62,0.785398
76,64,1.892547
76,80,-0.321751
76,84,-0.321751
77,16,0.321751
77,29,0.321751
77,33,2.356194
77,49,2.356194
77,52,0.000000
77,53,-1.892547
77,59,1.570796
77,62,-1.570796
77,64,-1.249046
77,66,1.892547
77,78,2.819842
77,82,2.819842
78,20,-0.785398
78,29,-0.785398
78,32,0.321751
78,33,-2.819842
78,38,1.570796
78,48,0.321751
78,49,-2.819842
78,59,3.141593
78,72,2.819842
78,78,-1.570796
78,82,-1.570796
79,16,-2.819842
79,20,2.356194
79,24,2.356194
79,35,1.570796
79,45,-0.785398
79,48,-0.785398
79,54,1.249046
79,55,3.141593
79,62,2.356194
79,75,-0.321751
79,76,2.819842
79,79,1.570796
79,83,1.570796
79,90,2.356194
80,13,1.249046
80,15,-1.892547
80,20,-2.819842
80,25,0.000000
80,31,0.321751
80,32,-2.819842
80,35,2.356194
80,48,-1.570796
80,51,0.785398
80,53,0.000000
80,54,-1.892547
80,60,-2.356194
80,61,-0.785398
80,62,-2.356194
80,72,-0.321751
80,73,2.819842
80,79,-0.321751
80,80,2.819842
80,83,-0.321751
80,84,2.819842
80,90,-2.819842
81,18,0.321751
81,22,0.321751
81,25,2.356194
81,31,-0.785398
81,34,0.321751
81,35,-2.819842
81,37,-0.785398
81,44,1.570796
81,51,-0.785398
81,52,-2.356194
81,57,2.356194
81,64,0.785398
81,70,2.819842
81,73,-1.570796
81,76,-0.321751
81,77,2.819842
81,80,-1.570796
81,84,-1.570796
82,18,-0.785398
82,22,-1.570796
82,25,-2.819842
82,28,2.356194
82,47,1.570796
82,55,1.249046
82,56,3.141593
82,65,-1.570796
82,74,1.570796
82,77,-1.570796
82,81,1.570796
82,85,1.570796
83,24,-0.785398
83,27,0.321751
83,30,1.570796
83,33,0.321751
83,34,-2.819842
83,50,2.356194
83,60,2.356194
83,66,0.000000
83,70,-0.321751
83,71,2.819842
83,74,-0.321751
83,75,2.819842
83,78,1.570796
83,81,-0.321751
83,85,-0.321751
83,89,2.356194
84,27,-0.785398
84,30,-2.819842
84,36,1.570796
84,40,-1.570796
84,43,-1.570796
84,49,0.321751
84,50,-2.819842
84,59,-1.570796
84,62,1.570796
84,71,-1.570796
84,78,-0.321751
84,79,2.819842
84,83,2.819842
84,86,-1.249046
84,87,-2.356194
84,89,3.141593
85,15,1.249046
85,16,3.141593
85,27,-1.570796
85,29,-0.785398
85,32,0.321751
85,33,-2.819842
85,46,-1.570796
85,52,0.321751
85,57,1.249046
85,58,3.141593
85,64,1.892547
85,67,-0.321751
85,68,2.819842
85,75,-0.321751
85,76,2.819842
85,89,-2.356194
86,8,-0.785398
86,32,-0.785398
86,39,2.356194
86,48,0.321751
86,49,-2.819842
86,52,-0.785398
86,65,2.819842
86,68,-1.570796
86,79,-0.321751
86,80,2.819842
86,83,-0.321751
86,84,2.819842
87,26,1.570796
87,42,1.570796
87,45,1.570796
87,48,-0.785398
87,52,-1.570796
87,55,0.000000
87,56,-1.892547
87,61,0.785398
87,65,-2.356194
87,73,1.570796
87,76,-0.321751
87,77,2.819842
87,80,-1.570796
87,84,-1.570796
88,45,-1.570796
88,59,1.570796
88,62,1.570796
88,73,-0.321751
88,74,2.819842
88,81,1.570796
89,32,2.356194
89,35,2.356194
89,38,-1.570796
89,56,1.570796
89,62,-0.321751
89,63,2.819842
89,77,-0.321751
89,78,2.819842
89,81,-0.321751
89,82,2.819842
90,18,3.141593
90,23,2.356194
90,31,0.321751
90,32,-2.819842
90,34,0.321751
90,35,-2.819842
90,59,-1.570796
90,63,-1.570796
90,74,-0.321751
90,75,2.819842
90,78,-1.570796
90,82,-1.570796
90,87,0.785398
90,88,3.141593
91,9,-0.785398
91,22,0.321751
91,23,-2.819842
91,31,-0.785398
91,34,-0.785398
91,37,1.570796
91,53,-1.570796
91,75,-2.356194
91,79,1.570796
91,83,0.785398
91,85,1.892547
92,15,1.249046
92,17,3.141593
92,22,-0.785398
92,43,1.570796
92,79,-0.321751
92,80,2.819842
93,25,2.356194
93,52,1.570796
93,72,1.570796
93,76,1.570796
93,80,-2.356194
94,17,-2.819842
94,22,0.785398
94,25,-2.819842
94,28,-1.570796
94,47,-1.570796
94,49,1.570796
94,59,1.570796
94,62,1.570796
94,72,-0.321751
94,73,2.819842
94,76,-0.321751
94,77,2.819842
94,85,-2.356194
95,73,-2.356194
95,77,-2.356194
95,85,2.356194
96,27,1.570796
96,46,1.570796
96,52,-1.570796
96,84,-0.785398
97,22,-1.249046
97,39,-0.785398
97,59,-1.570796
97,62,-1.570796
98,27,-1.570796
98,30,-1.570796
98,33,-1.570796
98,36,-1.570796
98,43,-1.570796
98,46,-1.570796
98,49,-1.570796
98,56,-1.570796
98,66,-1.570796
98,70,-2.356194
98,74,-1.570796
98,78,-1.570796
