5,37,1.249046
5,38,2.356194
5,45,0.785398
5,46,1.570796
5,47,2.356194
5,58,0.785398
5,59,1.570796
5,60,2.356194
6,35,0.785398
8,21,1.249046
8,22,2.356194
8,69,1.570796
8,72,1.249046
8,73,2.356194
9,35,0.321751
9,39,-1.570796
9,46,0.785398
9,67,1.892547
9,81,1.570796
10,35,-0.785398
10,37,-1.570796
10,65,-0.785398
11,38,1.570796
11,48,-2.356194
11,59,-1.570796
11,66,-0.785398
11,67,-1.892547
11,72,-2.819842
12,12,1.249046
12,13,3.141593
12,19,-1.570796
13,11,0.321751
13,46,-0.785398
13,78,0.321751
14,11,-0.785398
14,47,-2.356194
14,67,1.570796
14,73,-2.356194
14,78,-1.570796
15,32,0.785398
15,60,0.785398
15,71,0.000000
15,77,1.570796
15,86,2.819842
16,30,1.249046
16,31,3.141593
16,40,-2.356194
16,43,-2.356194
16,71,-0.785398
16,86,-2.356194
17,24,0.785398
17,26,1.570796
17,27,2.356194
17,29,-0.785398
17,30,-1.892547
17,39,-2.356194
17,68,0.785398
17,78,2.819842
18,68,-0.321751
18,69,2.819842
18,75,0.000000
18,78,-2.356194
19,24,-0.321751
19,27,3.141593
19,33,0.321751
19,34,-2.819842
19,69,-2.356194
20,29,2.356194
20,33,-0.785398
20,59,1.570796
20,66,1.570796
20,75,-0.321751
20,76,2.819842
21,26,0.785398
21,28,-1.892547
21,30,1.570796
21,33,2.356194
21,66,-1.570796
21,76,-2.356194
21,79,-0.785398
22,30,-0.321751
22,87,2.819842
23,25,0.321751
23,26,-2.819842
23,70,-1.570796
23,73,0.785398
23,84,-0.785398
23,85,-1.892547
23,87,-1.570796
24,25,-1.570796
24,59,-1.570796
24,63,-2.356194
24,73,-0.321751
24,74,2.819842
24,81,0.000000
25,23,1.249046
25,24,3.141593
25,31,2.356194
25,76,2.356194
26,29,0.785398
26,31,-2.819842
26,50,1.570796
26,74,-0.321751
26,76,-2.819842
27,21,0.000000
27,22,-1.892547
27,50,-1.570796
28,7,0.321751
28,9,3.141593
28,25,1.570796
28,30,-0.321751
28,81,2.356194
29,7,-0.785398
29,18,1.249046
29,19,3.141593
29,24,0.000000
29,33,-2.356194
29,81,-2.819842
30,14,1.249046
30,15,2.356194
30,78,-0.785398
30,87,0.000000
30,88,-1.570796
30,89,3.141593
31,12,0.000000
31,21,1.249046
31,22,3.141593
31,29,0.785398
31,64,1.570796
31,71,1.570796
32,26,1.570796
32,69,1.570796
32,78,-1.570796
32,91,-2.356194
33,15,-1.892547
33,19,0.000000
33,20,-1.892547
33,86,2.819842
34,17,1.249046
34,18,3.141593
34,26,-1.249046
34,27,-2.356194
34,42,1.570796
34,45,1.570796
34,48,1.570796
34,69,-1.570796
34,86,-2.356194
35,21,1.249046
35,22,3.141593
35,29,-2.356194
35,42,-1.570796
35,45,-1.570796
35,79,-0.785398
35,82,0.321751
35,92,2.356194
36,20,0.000000
36,21,-1.892547
36,48,-1.570796
36,65,-1.570796
36,73,0.785398
36,75,2.356194
36,82,-0.785398
37,14,0.000000
37,15,-1.892547
37,18,1.249046
37,19,3.141593
37,28,2.356194
37,68,1.570796
37,74,-0.785398
37,83,0.785398
37,84,2.356194
38,9,1.249046
38,10,2.356194
38,28,3.141593
38,83,-1.570796
39,5,0.321751
39,7,-2.356194
39,12,3.141593
39,28,-2.356194
39,68,-1.570796
39,82,1.570796
40,5,-0.785398
40,9,-1.249046
40,11,-1.892547
40,70,-1.570796
41,22,1.249046
41,23,3.141593
41,28,2.356194
41,80,0.321751
42,13,0.000000
42,14,-1.892547
42,18,2.356194
42,21,0.000000
42,22,-1.892547
42,27,-0.785398
42,28,-2.356194
42,30,1.249046
42,31,2.356194
42,67,2.356194
42,72,1.570796
42,80,-1.570796
42,87,2.356194
43,5,0.785398
43,8,1.249046
43,9,2.356194
43,20,-0.785398
43,25,-0.785398
43,32,2.356194
43,63,1.570796
43,66,-0.785398
43,76,2.356194
43,85,0.785398
43,87,-2.356194
44,5,0.000000
44,11,3.141593
44,63,-1.570796
44,71,0.785398
44,75,1.570796
44,85,-0.785398
45,5,-0.785398
45,8,-1.249046
45,10,-1.892547
45,14,1.249046
45,15,3.141593
45,21,2.356194
45,55,1.570796
45,72,3.141593
45,75,3.141593
45,78,-0.785398
46,31,0.000000
46,51,1.570796
46,57,1.570796
47,12,0.000000
47,13,-1.892547
47,31,-0.785398
47,39,2.356194
47,54,-0.785398
47,73,0.000000
47,91,-1.570796
48,5,0.785398
48,38,-0.785398
48,59,1.570796
48,70,1.570796
48,73,-0.785398
49,5,0.000000
49,15,3.141593
49,24,2.356194
49,53,1.570796
49,59,-1.570796
49,81,0.785398
49,82,1.892547
49,86,-2.356194
49,89,3.141593
50,5,-0.785398
50,14,-1.570796
50,18,2.356194
50,32,2.356194
50,49,2.356194
50,56,-1.570796
50,68,1.249046
50,69,3.141593
51,12,1.249046
51,13,3.141593
51,22,-0.785398
51,32,3.141593
51,49,-2.819842
51,63,1.570796
51,67,0.321751
51,73,-1.570796
52,25,2.356194
52,30,-0.785398
52,32,-2.356194
52,47,0.321751
52,52,-1.570796
52,63,-1.570796
52,67,-0.785398
52,84,-1.892547
53,10,0.000000
53,11,-1.892547
53,24,-0.785398
53,32,0.785398
53,35,2.356194
53,47,-1.570796
53,67,-1.570796
53,78,0.785398
53,87,1.570796
54,4,0.321751
54,6,-2.356194
54,18,2.356194
54,34,2.356194
54,46,1.570796
54,79,0.785398
54,81,-1.892547
54,87,-0.321751
55,4,-0.785398
55,34,-2.356194
55,46,-2.819842
55,49,1.570796
55,79,-0.785398
55,88,-1.249046
56,16,-0.785398
56,24,2.356194
56,54,3.141593
56,60,1.570796
56,73,1.570796
56,79,0.000000
56,90,-2.356194
57,23,-0.785398
57,43,0.000000
57,44,-1.892547
57,48,-0.785398
57,63,1.570796
57,72,0.321751
57,73,-2.819842
57,77,0.000000
57,80,1.570796
58,26,2.356194
58,31,-0.785398
58,42,-0.785398
58,52,-1.570796
58,59,1.570796
58,81,3.141593
58,91,-2.356194
59,4,0.785398
59,35,3.141593
59,46,2.356194
59,55,2.356194
59,58,0.321751
59,59,-2.819842
59,62,-0.785398
59,82,0.000000
59,83,1.892547
60,4,0.000000
60,13,2.356194
60,21,2.356194
60,24,-0.785398
60,49,0.000000
60,50,3.141593
60,54,-0.785398
60,58,-1.570796
60,77,3.141593
60,84,2.819842
60,88,0.785398
61,4,-0.785398
61,11,1.249046
61,12,3.141593
61,16,2.356194
61,27,2.356194
61,43,0.785398
61,80,-2.356194
61,84,-1.570796
62,4,0.785398
62,44,-1.249046
62,45,3.141593
62,53,2.356194
62,85,1.570796
63,4,0.000000
63,25,-0.785398
63,34,2.356194
63,42,0.785398
63,46,2.356194
63,52,1.570796
63,56,-1.570796
63,62,1.570796
63,66,0.785398
63,67,2.356194
63,73,-2.356194
63,85,-0.321751
63,86,2.819842
63,90,-1.570796
64,4,-0.785398
64,13,-0.785398
64,17,-0.785398
64,29,-0.785398
64,43,-2.356194
64,44,0.785398
64,46,-2.819842
64,52,-2.819842
64,65,1.570796
64,67,-1.570796
64,69,0.000000
64,73,0.785398
64,77,-1.249046
64,78,3.141593
64,86,-1.570796
65,4,0.785398
65,27,2.356194
65,54,1.570796
65,60,1.249046
65,64,-0.785398
65,74,3.141593
65,87,1.570796
66,4,0.000000
66,7,-0.785398
66,26,-0.785398
66,47,0.785398
66,48,2.356194
66,51,-1.570796
66,54,2.356194
66,87,-0.321751
66,88,2.819842
67,4,-0.785398
67,15,2.356194
67,19,2.356194
67,48,-2.356194
67,53,-0.785398
67,54,-2.356194
67,60,-1.249046
67,88,-1.570796
68,14,-0.785398
68,33,2.356194
68,47,-0.785398
68,55,0.000000
68,78,-2.356194
68,82,-2.356194
68,85,1.570796
69,10,2.356194
69,17,-0.785398
69,28,-0.785398
69,54,-0.785398
70,32,-1.570796
70,50,3.141593
70,80,0.785398
70,85,-1.570796
70,91,-2.356194
71,4,0.785398
71,8,1.570796
71,81,-2.356194
72,4,0.000000
72,7,-0.785398
72,26,2.356194
72,58,1.570796
73,4,-0.785398
73,10,1.570796
73,47,-1.570796
73,58,-1.570796
73,72,0.000000
73,73,3.141593
73,83,0.785398
74,17,2.356194
74,21,2.356194
74,25,-1.570796
74,50,2.356194
75,9,1.570796
75,13,2.356194
75,16,-0.785398
75,20,-0.785398
76,9,-2.819842
76,12,-0.785398
76,84,-1.570796
77,4,0.785398
77,7,0.000000
77,8,-1.892547
77,47,-0.785398
77,51,2.356194
78,4,0.000000
78,18,2.356194
78,50,-0.785398
78,82,1.570796
78,91,1.570796
79,4,-0.785398
79,17,-0.785398
79,68,0.785398
79,91,-1.570796
81,16,2.356194
81,70,-2.356194
82,15,-0.785398
82,60,0.785398
83,56,2.356194
83,61,-2.356194
83,84,-1.570796
84,18,2.356194
84,30,2.356194
84,43,2.356194
84,55,-0.785398
85,9,2.356194
85,25,1.570796
85,51,2.356194
85,90,1.570796
86,4,0.785398
86,8,1.570796
86,17,-1.570796
86,29,-1.570796
86,42,-1.570796
86,50,-0.785398
86,86,1.570796
87,4,0.000000
87,7,-0.785398
87,25,-1.570796
87,60,0.000000
87,86,-1.570796
88,4,-0.785398
88,11,2.356194
88,62,-2.356194
88,77,1.570796
88,91,-2.356194
89,10,-0.785398
89,77,-1.570796
89,83,1.570796
90,87,0.000000
90,88,3.141593
91,4,0.785398
91,70,1.570796
92,4,-0.321751
92,6,2.356194
92,9,3.141593
92,70,-1.570796
93,11,1.570796
93,80,0.785398
94,76,0.000000
94,77,3.141593
94,81,-2.356194
95,9,1.249046
95,10,3.141593
95,29,1.570796
95,85,-1.570796
95,90,1.570796
96,8,-0.785398
96,9,-1.892547
96,29,-1.570796
97,90,-1.570796
