6,57,0.785398
6,58,1.570796
6,59,2.356194
7,30,1.249046
7,31,2.356194
7,42,0.785398
7,43,1.892547
7,50,1.249046
7,51,3.141593
7,67,1.570796
8,25,1.249046
8,26,2.356194
8,29,-0.785398
8,45,2.356194
9,50,-1.570796
10,44,-2.356194
10,51,0.785398
10,52,2.356194
11,51,-0.785398
11,82,2.356194
12,18,1.249046
12,19,2.356194
12,21,-0.785398
12,39,0.321751
12,44,2.356194
12,58,0.785398
13,12,1.249046
13,13,2.356194
13,17,-0.785398
13,35,1.570796
13,44,3.141593
13,55,1.570796
13,62,-0.785398
13,63,-1.892547
14,35,-0.785398
14,36,-2.356194
14,39,3.141593
14,42,-0.785398
14,55,0.000000
15,10,0.321751
15,44,-2.819842
15,50,0.321751
16,10,-0.785398
16,34,2.356194
16,39,0.000000
16,42,-0.785398
16,43,-1.892547
17,33,0.321751
17,49,-0.785398
17,63,0.785398
17,64,1.570796
17,65,2.356194
18,22,0.785398
18,37,1.570796
18,39,-2.356194
18,71,0.785398
18,72,1.570796
18,73,2.356194
19,22,0.000000
19,29,0.000000
19,30,1.570796
19,35,-1.892547
19,42,1.570796
19,43,3.141593
19,52,-2.356194
19,54,-0.785398
19,55,-1.570796
19,76,-2.356194
20,57,-1.249046
20,58,-2.356194
20,63,-0.785398
20,64,-1.570796
20,65,3.141593
20,72,2.356194
21,22,0.000000
21,32,-2.819842
21,68,1.249046
21,70,1.570796
21,72,-2.356194
22,22,-0.785398
22,34,1.249046
22,45,1.892547
22,74,0.785398
22,84,2.356194
23,22,0.785398
23,34,-1.892547
23,42,-2.356194
23,45,-1.249046
23,46,3.141593
23,52,0.000000
23,62,0.000000
23,64,-0.785398
23,65,-1.892547
23,75,-1.249046
23,76,-2.356194
23,82,0.785398
24,22,0.000000
24,24,1.570796
24,25,2.356194
24,26,0.785398
24,28,-2.819842
24,47,-2.356194
24,60,3.141593
24,70,-2.356194
25,31,-1.570796
25,34,1.249046
25,36,-1.892547
25,39,-0.785398
25,40,-2.356194
25,49,0.000000
25,51,3.141593
25,67,3.141593
25,73,0.785398
26,24,-2.819842
26,28,1.570796
26,41,1.570796
26,54,0.000000
26,57,3.141593
26,61,0.000000
26,63,3.141593
26,66,-0.785398
26,79,1.249046
27,20,0.000000
27,21,-1.892547
27,28,-0.785398
27,36,2.356194
27,42,-2.356194
27,43,3.141593
27,68,3.141593
27,75,3.141593
28,10,0.785398
28,17,1.249046
28,18,2.356194
28,27,1.570796
28,38,0.000000
28,39,1.892547
28,49,0.000000
28,51,3.141593
28,72,0.000000
28,73,-1.892547
28,76,0.000000
28,79,-1.249046
28,81,-1.892547
29,10,0.000000
29,12,1.892547
29,27,-2.356194
29,39,-1.249046
29,40,-2.356194
29,41,3.141593
29,54,0.000000
29,62,3.141593
29,70,0.000000
29,76,2.356194
30,29,3.141593
30,47,0.000000
30,48,3.141593
30,74,1.249046
31,8,1.249046
31,10,-1.570796
31,31,1.249046
31,51,0.000000
31,63,3.141593
31,73,-0.785398
31,74,-1.892547
31,76,-1.249046
31,86,0.321751
32,70,0.000000
32,78,-1.570796
32,89,2.819842
33,18,-2.819842
33,47,0.000000
33,49,3.141593
33,66,0.000000
33,68,3.141593
33,80,2.356194
34,5,0.321751
34,13,-2.356194
34,20,0.321751
34,34,3.141593
34,55,0.000000
34,63,3.141593
34,73,3.141593
34,77,1.249046
34,84,0.785398
34,85,2.356194
34,89,-2.819842
35,5,-1.570796
35,34,-2.356194
35,75,1.249046
35,85,-1.570796
36,8,0.321751
36,20,-2.356194
36,22,0.000000
36,48,0.000000
36,49,3.141593
36,65,0.000000
36,74,0.000000
36,75,-1.892547
36,81,0.785398
36,82,2.356194
36,90,1.892547
37,8,-0.785398
37,18,-1.892547
37,21,0.000000
37,52,0.000000
37,62,3.141593
37,73,-0.785398
37,77,0.000000
37,78,-1.892547
37,81,-0.785398
37,91,2.819842
38,46,0.000000
38,47,3.141593
38,75,1.249046
38,76,3.141593
38,81,2.356194
38,84,1.570796
38,91,-2.356194
39,4,0.785398
39,16,-2.819842
39,22,-2.356194
39,30,2.356194
39,36,-2.356194
39,67,3.141593
39,73,1.249046
39,75,-1.892547
39,81,3.141593
39,86,1.892547
40,6,2.356194
40,8,-0.785398
40,9,-2.356194
40,12,-2.819842
40,58,3.141593
40,60,0.000000
40,71,1.249046
40,73,-1.892547
40,78,1.249046
40,79,3.141593
40,81,-2.356194
40,91,2.819842
41,32,0.000000
41,47,0.000000
41,48,3.141593
41,50,0.000000
41,70,-0.785398
41,71,-1.892547
41,76,1.249046
41,78,-1.892547
41,91,-2.356194
42,10,-1.570796
42,22,0.000000
42,23,-1.892547
42,35,-2.356194
42,41,0.000000
42,66,0.000000
42,75,0.000000
42,76,-1.892547
42,83,2.356194
42,88,-1.249046
42,90,2.356194
43,9,1.570796
43,17,-1.892547
43,20,1.249046
43,21,3.141593
43,30,0.785398
43,37,0.000000
43,44,3.141593
43,64,3.141593
43,79,1.249046
43,85,0.000000
43,86,1.892547
43,90,-2.356194
44,9,-2.819842
44,19,0.321751
44,27,0.785398
44,28,3.141593
44,33,-2.356194
44,40,3.141593
44,47,0.000000
44,77,1.249046
44,90,-1.570796
45,8,-1.570796
45,11,0.321751
45,23,0.000000
45,27,-1.570796
45,66,1.249046
45,67,2.356194
45,76,0.000000
45,77,-1.892547
46,3,0.785398
46,7,1.570796
46,11,-1.570796
46,17,0.785398
46,25,0.785398
46,26,3.141593
46,29,1.249046
46,37,0.000000
46,38,3.141593
46,65,-0.785398
46,66,-1.892547
46,74,1.249046
46,75,3.141593
46,89,2.819842
47,3,0.000000
47,7,-2.819842
47,13,0.321751
47,25,-1.570796
47,33,2.356194
47,46,0.000000
47,73,-0.785398
47,74,-1.892547
47,81,-1.570796
47,89,-1.570796
48,9,1.570796
48,16,0.321751
48,17,-2.819842
48,77,1.249046
49,3,-0.321751
49,9,-2.819842
49,12,0.321751
49,13,-2.819842
49,16,-1.570796
49,19,1.570796
49,29,0.785398
49,30,2.356194
49,43,0.000000
49,44,3.141593
49,61,1.249046
49,62,2.356194
49,81,-2.356194
49,87,0.000000
49,88,1.892547
49,91,-2.356194
50,12,-1.570796
50,15,1.570796
50,18,0.321751
50,19,-2.819842
50,25,0.321751
50,34,3.141593
50,47,0.000000
50,52,3.141593
50,55,0.000000
50,60,-0.785398
50,61,-1.892547
50,71,1.249046
50,72,2.356194
51,3,0.321751
51,5,-2.356194
51,8,0.785398
51,11,1.570796
51,14,0.321751
51,15,-2.819842
51,18,-1.570796
51,25,-1.570796
51,28,0.321751
51,29,-2.819842
51,32,-0.785398
51,70,-0.785398
51,71,-1.892547
51,85,1.570796
51,89,-1.249046
51,90,3.141593
52,3,-0.785398
52,14,-1.570796
52,20,1.570796
52,24,3.141593
52,28,-1.570796
52,32,0.000000
52,43,0.000000
52,46,3.141593
52,74,1.249046
52,75,2.356194
52,76,-0.785398
52,85,-0.321751
52,91,-2.356194
53,13,1.570796
53,16,1.570796
53,19,0.321751
53,20,-2.819842
53,23,-1.570796
53,30,1.249046
53,31,3.141593
53,33,1.570796
53,48,0.000000
53,71,1.249046
53,72,2.356194
53,80,3.141593
53,86,-1.249046
53,87,3.141593
54,6,0.321751
54,12,0.321751
54,13,-2.819842
54,15,0.321751
54,16,-2.819842
54,19,-1.570796
54,29,0.000000
54,30,-1.892547
54,35,1.570796
54,36,2.356194
54,42,0.000000
54,68,1.249046
54,69,2.356194
54,70,-0.785398
54,71,-1.892547
54,74,-1.570796
54,82,0.785398
54,83,1.892547
54,88,0.000000
55,6,-1.570796
55,9,-2.819842
55,12,-1.570796
55,15,-1.570796
55,21,0.785398
55,25,3.141593
55,28,-0.785398
55,32,0.000000
55,37,-2.356194
55,45,3.141593
55,67,-0.785398
55,68,-1.892547
55,77,0.000000
55,78,-2.356194
55,89,-1.570796
56,5,1.570796
56,8,-0.785398
56,11,1.570796
56,17,1.570796
56,24,-1.570796
56,48,0.000000
56,73,0.785398
56,76,-2.356194
56,79,0.000000
56,80,1.892547
56,84,-1.249046
56,85,3.141593
57,11,-2.819842
57,14,0.000000
57,23,-2.356194
57,26,2.356194
57,33,0.000000
57,67,1.249046
57,68,2.356194
57,80,-1.249046
57,82,1.892547
58,13,1.570796
58,18,0.785398
58,19,3.141593
58,25,-0.785398
58,35,-1.570796
58,44,0.000000
58,46,0.785398
58,47,1.892547
58,62,1.249046
58,63,2.356194
58,66,-0.785398
58,67,-1.892547
58,75,2.819842
58,88,3.141593
58,91,-1.570796
59,18,-1.570796
59,39,1.892547
59,47,-1.249046
59,48,-2.356194
59,52,0.785398
59,53,1.570796
59,54,2.356194
59,61,-0.785398
59,62,-1.892547
59,70,1.249046
59,71,2.356194
60,3,-0.785398
60,7,0.785398
60,9,-1.892547
60,15,-2.819842
60,20,1.570796
60,29,1.249046
60,30,3.141593
60,75,-2.819842
61,7,-0.785398
61,11,-1.570796
61,19,0.321751
61,20,-2.819842
61,22,1.570796
61,32,1.249046
61,33,3.141593
61,44,0.785398
61,45,1.892547
61,54,-2.356194
61,85,-1.249046
61,86,3.141593
62,10,1.570796
62,16,-0.785398
62,22,0.000000
62,35,0.321751
62,47,0.785398
62,48,1.892547
62,70,0.000000
62,72,1.570796
62,80,0.000000
62,87,1.570796
63,3,0.785398
63,6,1.570796
63,9,0.321751
63,35,-1.570796
63,39,-1.570796
63,43,0.785398
63,48,-1.249046
63,49,-2.356194
63,67,0.785398
63,68,1.892547
63,83,1.570796
63,88,3.141593
64,3,0.000000
64,5,-0.785398
64,9,-1.570796
64,17,0.321751
64,20,0.000000
64,25,0.321751
64,38,1.570796
64,62,0.785398
64,63,1.570796
64,64,2.356194
64,70,-1.570796
64,84,-2.356194
65,3,-0.785398
65,8,1.570796
65,11,-0.785398
65,17,-1.570796
65,20,0.785398
65,25,-1.570796
65,38,-2.819842
65,45,3.141593
65,91,-2.356194
66,7,0.321751
66,8,-2.819842
66,36,0.000000
66,37,-1.892547
66,42,0.000000
66,43,-1.892547
66,46,0.000000
66,63,0.785398
66,65,1.249046
66,66,2.356194
66,67,-0.785398
66,82,1.570796
66,88,0.785398
67,2,0.321751
67,4,-2.356194
67,7,-1.570796
67,13,2.356194
67,16,2.356194
67,22,0.785398
67,23,3.141593
67,26,0.321751
67,30,1.570796
67,35,3.141593
67,40,1.249046
67,41,3.141593
67,45,1.570796
67,54,1.892547
67,65,-1.892547
67,82,-1.570796
67,89,-1.570796
68,2,-0.785398
68,12,0.321751
68,13,-2.819842
68,15,0.321751
68,16,-2.819842
68,18,0.321751
68,26,-1.570796
68,29,0.321751
68,30,-2.819842
68,34,-1.570796
68,38,0.000000
68,39,-0.785398
68,40,-1.892547
68,45,-2.819842
68,50,0.321751
68,62,-0.785398
68,63,-1.892547
68,71,1.570796
68,85,0.785398
69,2,0.785398
69,6,-2.819842
69,12,-1.570796
69,15,-1.570796
69,18,-0.785398
69,21,0.321751
69,22,-2.819842
69,29,-1.570796
69,33,3.141593
69,43,0.000000
69,44,-1.892547
69,52,-1.249046
69,54,-1.892547
69,71,-1.570796
69,86,0.000000
69,87,1.892547
69,91,-2.356194
70,2,0.000000
70,8,1.570796
70,14,1.570796
70,24,1.570796
70,32,-1.570796
70,41,1.249046
70,42,3.141593
70,49,-0.785398
70,75,1.570796
71,8,-2.819842
71,11,-1.570796
71,13,0.321751
71,14,-2.819842
71,17,1.570796
71,22,0.000000
71,24,-2.819842
71,27,1.570796
71,46,0.000000
71,54,1.249046
71,55,2.356194
71,57,3.141593
71,62,2.356194
72,2,-0.321751
72,13,-0.785398
72,16,0.321751
72,17,-2.819842
72,27,-2.819842
72,30,1.570796
72,39,0.000000
72,40,-1.892547
72,53,-0.785398
72,54,-1.892547
72,61,-0.785398
72,65,2.356194
72,75,0.785398
72,78,0.785398
72,82,0.785398
73,7,-2.819842
73,10,2.356194
73,13,2.356194
73,16,-0.785398
73,19,1.570796
73,25,0.321751
73,30,-2.819842
73,43,2.356194
73,64,-0.785398
73,75,-0.321751
73,76,2.819842
73,82,-0.321751
73,83,2.819842
73,91,2.819842
74,2,0.321751
74,12,0.321751
74,13,-2.819842
74,19,-2.819842
74,25,-1.570796
74,28,0.321751
74,42,0.000000
74,49,3.141593
74,54,0.000000
74,59,3.141593
74,66,0.000000
74,67,3.141593
74,72,0.785398
74,76,-1.570796
74,83,-1.570796
74,91,-2.356194
75,12,-0.785398
75,28,-1.570796
75,32,1.570796
75,36,-0.785398
75,46,2.356194
75,48,-0.785398
75,88,1.570796
75,91,-1.570796
76,2,0.000000
76,7,1.570796
76,17,-0.785398
76,32,-1.570796
76,49,0.785398
76,50,2.356194
76,51,3.141593
76,63,0.000000
76,69,1.570796
76,88,-0.321751
77,5,-2.819842
77,7,0.000000
77,11,3.141593
77,14,1.570796
77,23,1.570796
77,30,1.570796
77,34,1.570796
77,43,0.000000
77,49,-1.570796
77,57,3.141593
77,74,1.570796
77,78,-2.356194
77,82,0.000000
77,83,1.892547
77,90,2.819842
78,2,-0.321751
78,7,-0.785398
78,14,2.356194
78,22,0.321751
78,23,-2.819842
78,26,-0.785398
78,52,0.000000
78,67,-2.356194
78,74,-0.321751
78,75,2.819842
78,80,0.785398
78,86,0.000000
78,90,-1.570796
79,13,0.321751
79,22,-1.570796
79,33,1.570796
79,46,2.356194
79,62,0.000000
79,63,3.141593
79,78,0.785398
80,7,2.356194
80,10,2.356194
80,13,-1.570796
80,32,0.321751
80,33,-2.819842
80,37,-1.570796
80,75,-0.321751
80,76,2.819842
80,79,-2.356194
80,82,1.570796
80,85,-1.570796
80,88,1.570796
81,2,0.321751
81,4,3.141593
81,7,-2.819842
81,9,0.321751
81,10,-2.819842
81,21,2.356194
81,24,1.570796
81,28,1.570796
81,32,-1.570796
81,52,0.000000
81,54,3.141593
81,76,-1.570796
81,82,-0.321751
81,83,2.819842
81,88,-0.321751
82,2,-0.785398
82,9,-0.785398
82,20,0.321751
82,21,-2.819842
82,24,2.356194
82,27,0.321751
82,28,-2.819842
82,44,-1.570796
82,83,-1.570796
83,7,3.141593
83,9,2.356194
83,20,-0.785398
83,23,0.321751
83,24,-2.819842
83,31,-1.570796
83,34,1.570796
83,38,1.570796
83,73,-1.570796
83,77,0.785398
83,81,1.570796
83,90,-1.570796
84,5,-0.785398
84,9,-2.819842
84,23,-0.785398
84,26,0.321751
84,27,-2.819842
84,64,0.785398
84,77,-0.321751
84,78,2.819842
84,81,0.785398
84,87,0.785398
85,2,0.785398
85,8,-0.785398
85,16,-1.570796
85,26,-0.785398
85,30,2.356194
85,37,-0.785398
85,45,-0.785398
85,59,0.785398
85,70,0.785398
85,75,1.570796
85,81,-0.321751
85,82,2.819842
86,2,0.000000
86,4,2.356194
86,26,-1.570796
86,60,-2.356194
86,66,-2.356194
86,78,-0.321751
86,79,2.819842
86,82,-2.356194
86,86,0.000000
87,11,2.356194
87,14,2.356194
87,29,-1.570796
87,43,1.570796
87,79,-2.356194
87,82,-1.570796
88,2,-0.321751
88,4,-2.819842
88,10,0.321751
88,11,-2.819842
88,19,2.356194
88,25,1.570796
88,67,0.785398
88,72,-2.356194
88,76,1.570796
88,90,-2.356194
89,10,-0.785398
89,13,0.785398
89,18,0.321751
89,19,-2.819842
89,22,2.356194
89,32,-1.570796
89,43,-1.570796
89,46,1.570796
89,76,-0.321751
89,77,2.819842
90,10,2.356194
90,13,-0.785398
90,18,-0.785398
90,21,0.321751
90,22,-2.819842
90,46,-1.570796
90,68,-1.570796
90,77,-2.356194
90,80,0.785398
90,90,0.785398
91,3,0.785398
91,10,-2.819842
91,15,-2.356194
91,21,-0.785398
91,80,-0.321751
91,81,2.819842
91,84,1.570796
91,88,1.570796
91,91,2.819842
92,3,-0.321751
92,6,-1.570796
92,12,0.785398
92,15,2.356194
92,18,-1.570796
92,34,1.570796
92,65,0.785398
92,74,1.570796
92,77,0.785398
92,81,-2.356194
92,88,0.000000
92,91,-2.356194
93,12,-0.785398
93,13,-2.356194
93,14,-0.785398
93,34,-1.570796
93,56,0.785398
93,70,0.000000
93,71,3.141593
93,77,-0.321751
93,78,2.819842
93,81,0.785398
93,88,-0.785398
93,91,2.356194
94,17,1.570796
94,57,-2.356194
94,66,-1.570796
94,78,-2.356194
94,81,-0.321751
94,82,2.819842
94,90,0.000000
95,8,2.356194
95,14,1.570796
95,82,-2.356194
95,85,0.785398
96,7,0.000000
96,72,1.570796
96,85,0.000000
96,89,3.141593
97,20,-1.570796
97,25,2.356194
97,27,1.570796
97,46,1.570796
97,49,1.570796
97,72,0.785398
97,85,-1.570796
97,89,-1.570796
98,11,-1.570796
98,14,-1.570796
98,17,-1.570796
98,22,0.000000
98,24,-0.785398
98,27,-1.570796
98,46,-1.570796
98,49,-1.570796
98,63,0.000000
98,64,3.141593
98,73,-2.356194
98,79,-1.570796
98,90,-2.356194
