6,37,0.785398
7,29,1.249046
7,30,3.141593
7,50,3.141593
8,38,-0.785398
8,47,1.249046
9,21,1.249046
9,22,3.141593
9,29,-1.570796
9,68,1.570796
10,42,1.570796
10,76,0.785398
10,77,1.892547
11,14,1.249046
11,15,2.356194
11,19,-0.785398
11,42,-0.321751
11,47,-1.570796
11,81,0.785398
12,13,0.000000
12,14,-1.892547
12,32,0.000000
12,33,1.570796
12,34,2.356194
12,39,2.819842
12,66,0.321751
12,82,-1.570796
13,45,-2.356194
13,59,0.785398
13,60,1.892547
14,32,0.321751
14,35,-1.892547
14,42,-1.570796
14,43,-2.356194
14,48,0.785398
14,62,1.892547
14,64,1.249046
14,66,3.141593
15,32,-1.570796
15,38,0.000000
15,40,-1.892547
15,48,-0.785398
15,49,-2.356194
15,60,-0.785398
16,38,-1.570796
16,66,-2.819842
17,29,1.892547
17,31,2.356194
17,36,1.249046
17,37,3.141593
17,43,1.249046
17,44,3.141593
17,60,-0.785398
17,61,-1.892547
18,11,0.785398
18,34,1.249046
18,41,1.249046
18,63,1.249046
18,65,3.141593
18,70,0.321751
19,11,-0.785398
19,12,3.141593
19,34,-1.892547
19,36,-1.570796
19,39,1.249046
19,41,-1.892547
19,43,-1.570796
19,46,1.249046
19,47,2.356194
19,70,-0.785398
20,26,-0.321751
20,39,-1.892547
20,46,-1.892547
20,57,1.249046
20,58,2.356194
20,60,0.785398
20,70,2.356194
21,35,1.249046
21,37,-1.892547
21,42,1.249046
21,44,-1.892547
21,56,-0.785398
21,64,-1.892547
21,70,3.141593
21,84,2.356194
22,26,0.321751
22,27,-2.819842
22,41,-0.785398
22,42,-1.892547
22,70,-1.570796
23,33,0.000000
23,34,-1.892547
23,44,1.249046
23,45,2.356194
24,9,0.321751
24,11,3.141593
24,32,3.141593
24,36,1.249046
24,37,3.141593
24,42,1.249046
24,44,-1.892547
24,73,0.000000
24,74,1.892547
25,9,-1.570796
25,34,1.249046
25,36,-1.892547
25,40,1.249046
25,42,-1.892547
25,48,1.249046
25,49,2.356194
25,74,-1.249046
25,75,-2.356194
25,77,0.785398
25,78,1.570796
26,34,-1.892547
26,38,1.249046
26,40,-1.892547
26,45,1.249046
26,46,2.356194
26,47,-0.785398
26,48,-1.892547
26,70,0.785398
26,71,1.892547
27,21,0.785398
27,36,1.249046
27,38,-1.892547
27,44,-0.785398
27,45,-1.892547
27,71,-1.249046
27,73,1.892547
27,78,-0.321751
27,80,-2.819842
28,34,1.249046
28,36,-1.892547
28,58,0.785398
28,59,1.570796
28,60,2.356194
28,65,0.785398
28,66,1.892547
28,73,-1.249046
28,75,1.892547
29,25,0.321751
29,46,1.249046
29,47,2.356194
29,48,3.141593
29,50,0.000000
29,66,-1.249046
29,67,-2.356194
29,68,0.785398
29,69,1.892547
29,75,-1.249046
29,76,-2.356194
29,77,0.785398
29,78,2.356194
29,86,2.356194
30,17,0.000000
30,18,1.570796
30,19,2.356194
30,21,1.570796
30,25,-0.785398
30,27,0.000000
30,31,0.785398
30,44,1.249046
30,46,-1.892547
30,59,-1.570796
30,69,-1.249046
30,70,-2.356194
30,81,0.785398
30,82,1.892547
30,85,0.000000
30,86,-2.356194
31,31,-1.570796
31,35,2.356194
31,41,1.249046
31,42,2.356194
31,43,-0.785398
31,44,-1.892547
31,62,0.000000
31,72,0.000000
31,73,1.892547
31,84,3.141593
32,18,-0.785398
32,24,1.570796
32,39,1.249046
32,41,-1.892547
32,49,1.249046
32,50,2.356194
32,73,-1.249046
32,75,1.892547
33,13,1.249046
33,14,2.356194
33,17,1.570796
33,27,2.356194
33,32,0.321751
33,36,1.249046
33,37,2.356194
33,38,-0.785398
33,39,-1.892547
33,45,1.249046
33,46,2.356194
33,48,-0.785398
33,49,-1.892547
33,69,0.785398
33,70,1.892547
33,75,-1.249046
33,77,1.892547
33,81,-1.249046
34,8,0.785398
34,17,-2.819842
34,42,1.249046
34,43,2.356194
34,44,-0.785398
34,45,-1.892547
34,64,3.141593
34,70,-1.249046
34,71,3.141593
35,8,0.000000
35,14,-2.356194
35,21,-2.819842
35,32,-2.356194
35,41,-0.785398
35,42,-1.892547
35,73,0.785398
35,74,1.892547
35,78,-1.249046
35,79,3.141593
36,12,-1.249046
36,13,-2.356194
36,16,2.356194
36,24,-2.819842
36,27,-1.570796
36,45,2.356194
36,48,0.000000
36,50,3.141593
36,53,0.000000
36,55,3.141593
36,58,0.785398
36,67,0.000000
36,74,-1.249046
36,75,3.141593
36,80,0.000000
36,81,1.892547
37,15,0.321751
37,30,-2.819842
37,39,0.785398
37,44,1.570796
37,59,-2.356194
37,76,0.000000
37,82,2.819842
38,9,1.570796
38,25,1.570796
38,33,0.000000
38,34,-1.892547
38,41,1.570796
38,42,2.356194
38,43,-0.785398
38,63,0.000000
38,77,-1.570796
38,82,-1.570796
39,5,0.321751
39,9,0.000000
39,14,-0.785398
39,25,-2.819842
39,27,0.321751
39,73,0.000000
39,74,1.892547
39,78,0.000000
39,79,1.892547
39,88,2.356194
40,5,-1.570796
40,27,-1.570796
40,41,-1.570796
40,47,1.570796
40,74,-1.249046
40,75,3.141593
40,79,-1.249046
40,80,3.141593
40,84,0.000000
40,88,3.141593
41,8,0.321751
41,16,-0.785398
41,39,2.356194
41,59,-2.356194
41,62,0.000000
41,63,0.785398
41,64,1.892547
41,82,0.785398
41,83,2.356194
41,88,-2.356194
42,8,-0.785398
42,25,1.570796
42,29,1.570796
42,34,3.141593
42,37,1.249046
42,38,3.141593
42,45,-0.785398
42,64,-1.249046
42,65,-2.356194
42,66,0.785398
42,67,1.892547
42,72,-2.356194
42,83,-1.570796
42,88,2.356194
43,25,-2.819842
43,29,-2.819842
43,36,0.321751
43,67,-1.249046
43,69,1.892547
43,88,3.141593
44,4,0.785398
44,9,-1.570796
44,39,2.356194
44,42,1.249046
44,43,2.356194
44,44,-0.785398
44,47,2.356194
44,49,0.785398
44,50,1.570796
44,51,2.356194
44,53,0.785398
44,54,1.892547
44,76,0.785398
44,80,0.000000
44,81,1.892547
44,88,-2.356194
45,4,-0.321751
45,6,2.356194
45,11,0.321751
45,38,-1.892547
45,56,0.785398
45,57,1.570796
45,58,2.356194
45,70,-1.249046
45,71,-2.356194
45,81,-1.249046
45,82,3.141593
46,11,-1.570796
46,17,0.785398
46,29,1.570796
46,33,0.785398
46,42,-2.356194
46,46,0.785398
46,54,-0.785398
46,78,-2.356194
46,87,-0.785398
46,89,2.819842
47,10,0.785398
47,29,-2.819842
47,34,0.000000
47,36,-2.819842
47,46,-0.321751
47,47,2.819842
47,50,-1.570796
47,80,0.785398
47,89,-2.356194
48,12,-0.785398
48,13,-1.892547
48,17,-2.819842
48,24,-1.570796
48,27,0.321751
48,47,-1.570796
48,76,0.000000
48,77,1.892547
49,19,0.321751
49,20,-2.819842
49,23,1.570796
49,31,1.570796
49,58,0.785398
49,62,1.570796
49,77,-1.249046
49,78,3.141593
50,15,0.000000
50,23,-2.819842
50,26,0.785398
50,31,-2.356194
50,38,1.570796
50,58,-0.321751
50,59,2.819842
50,68,0.000000
51,10,-1.892547
51,12,0.000000
51,13,1.570796
51,14,3.141593
51,19,-2.356194
51,48,-1.570796
51,52,1.570796
51,55,-1.570796
51,59,-2.356194
51,63,0.000000
51,64,1.892547
51,75,0.000000
51,76,1.892547
51,80,-2.356194
51,85,0.000000
51,86,1.892547
52,35,-1.570796
52,66,2.356194
52,82,0.785398
53,9,3.141593
53,13,-2.819842
53,16,0.321751
53,17,-2.819842
53,28,-0.321751
53,29,2.819842
53,32,0.785398
53,39,-2.356194
53,49,1.570796
53,56,1.570796
53,78,2.819842
54,10,0.000000
54,20,-2.819842
54,29,-2.356194
54,32,-0.321751
54,33,2.819842
54,36,1.570796
54,64,0.321751
54,66,2.819842
54,78,-1.570796
54,82,0.785398
55,8,3.141593
55,15,0.000000
55,16,-2.356194
55,24,2.356194
55,36,-1.570796
55,42,1.570796
55,49,-1.570796
55,75,0.000000
55,82,-0.321751
55,86,-1.249046
55,89,2.819842
56,4,0.321751
56,9,0.785398
56,11,-2.356194
56,14,1.570796
56,33,-0.321751
56,34,2.819842
56,46,-2.356194
56,59,1.570796
56,62,-2.356194
56,64,0.000000
56,68,2.356194
56,72,0.000000
56,76,-1.570796
56,84,2.819842
56,89,-2.356194
57,4,-1.570796
57,12,0.785398
57,14,-2.356194
57,25,0.000000
57,34,-1.570796
57,39,1.570796
57,49,1.570796
57,69,2.356194
57,73,-1.570796
57,84,-1.570796
57,89,2.356194
58,6,-0.785398
58,9,-2.819842
58,12,-0.785398
58,15,0.785398
58,17,-1.570796
58,23,-2.819842
58,26,-2.356194
58,31,1.570796
58,60,-2.356194
58,62,1.570796
58,82,1.570796
58,89,3.141593
59,12,2.356194
59,15,-0.785398
59,26,-1.570796
59,31,-0.321751
59,32,2.819842
59,39,-1.570796
59,42,-1.570796
59,49,2.356194
59,62,0.785398
59,69,-2.356194
59,71,-1.570796
59,75,0.000000
59,79,1.570796
59,82,-0.321751
59,86,0.000000
60,10,2.356194
60,11,-0.785398
60,18,0.321751
60,22,-2.819842
60,32,-2.356194
60,36,-1.570796
60,48,0.321751
60,49,-2.819842
60,62,-0.321751
60,63,2.819842
60,67,-0.785398
60,76,-1.570796
60,79,-0.321751
60,84,2.819842
60,87,-1.249046
60,89,-2.356194
61,3,0.785398
61,7,-0.785398
61,15,2.356194
61,18,-1.570796
61,32,-1.570796
61,48,-0.785398
61,57,-1.570796
61,63,-2.356194
61,81,2.819842
61,84,-1.570796
62,3,0.000000
62,5,2.356194
62,9,-2.356194
62,15,-2.819842
62,21,-2.356194
62,48,-1.570796
62,60,1.570796
62,66,0.321751
62,78,1.570796
62,81,-1.570796
62,85,1.570796
63,9,0.785398
63,21,2.356194
63,35,0.785398
63,52,2.356194
63,55,1.570796
63,66,-0.785398
63,69,-2.356194
63,75,1.570796
63,78,-0.321751
63,79,2.819842
63,82,1.570796
63,85,-0.321751
64,3,-0.321751
64,5,-2.819842
64,17,0.785398
64,21,3.141593
64,31,1.570796
64,51,0.321751
64,52,-2.819842
64,60,-1.570796
64,69,0.785398
64,75,-0.321751
64,79,-1.570796
64,82,-0.321751
64,90,2.356194
65,17,0.000000
65,21,-2.356194
65,38,3.141593
65,51,-0.785398
65,69,0.000000
65,72,0.785398
65,73,1.892547
65,77,2.819842
65,84,2.819842
65,90,-2.819842
66,4,0.000000
66,14,2.356194
66,32,-2.356194
66,43,0.000000
66,44,3.141593
66,51,-1.570796
66,59,1.570796
66,69,-0.785398
66,74,2.819842
66,80,0.785398
66,84,-1.570796
67,4,-0.785398
67,13,0.321751
67,14,-2.819842
67,16,0.321751
67,20,2.356194
67,34,0.785398
67,59,-1.570796
67,66,-1.570796
67,74,-2.356194
67,77,-0.321751
67,78,2.819842
67,80,-0.321751
68,4,0.785398
68,16,-1.570796
68,20,3.141593
68,37,3.141593
68,46,2.356194
68,55,-1.570796
68,69,0.785398
68,74,-1.570796
68,78,-1.570796
68,87,1.570796
68,90,2.819842
69,4,0.000000
69,12,0.321751
69,13,-2.819842
69,20,-2.356194
69,58,1.570796
69,62,-1.570796
69,69,-0.785398
69,70,-2.356194
69,71,0.785398
69,79,1.570796
69,83,2.819842
69,90,-2.356194
70,7,0.000000
70,8,2.356194
70,12,-1.570796
70,54,1.570796
70,72,-1.570796
70,76,0.785398
70,79,-0.321751
70,80,2.819842
70,87,0.785398
71,4,0.000000
71,11,1.570796
71,17,1.570796
71,58,-1.570796
71,73,-2.356194
71,77,-2.356194
71,80,-1.570796
71,83,-0.321751
71,88,3.141593
71,90,2.356194
72,14,2.356194
72,54,0.785398
72,61,1.570796
72,85,2.819842
72,90,3.141593
73,3,0.321751
73,13,0.321751
73,14,-2.819842
73,41,-0.785398
73,46,2.356194
73,49,2.356194
73,58,1.570796
73,74,1.570796
73,85,-2.356194
73,90,-2.356194
74,13,-0.785398
74,21,2.819842
74,45,3.141593
74,56,-2.356194
74,58,-1.570796
74,63,1.570796
74,67,0.321751
74,69,3.141593
74,74,-1.570796
74,78,1.570796
75,3,-0.321751
75,5,-2.819842
75,16,2.356194
75,18,0.321751
75,21,-2.356194
75,70,-2.356194
75,78,-1.570796
76,13,-1.570796
76,15,0.321751
76,16,-2.819842
76,18,-0.785398
76,32,0.000000
76,33,3.141593
76,41,0.000000
76,43,-0.785398
76,44,-2.356194
76,67,3.141593
76,75,1.570796
77,15,-0.785398
77,54,-0.785398
77,79,1.570796
78,3,0.321751
78,10,2.356194
78,13,2.356194
78,15,2.356194
78,83,0.785398
78,87,0.785398
79,3,-1.570796
79,6,-2.356194
79,9,0.321751
79,10,-2.819842
79,12,-0.785398
79,15,-2.819842
79,32,0.000000
79,34,3.141593
79,53,2.356194
79,56,2.356194
79,83,0.000000
79,87,0.000000
79,91,-1.570796
80,2,0.785398
80,12,2.356194
80,14,-0.785398
80,42,3.141593
80,52,3.141593
80,55,1.570796
80,61,1.570796
80,83,-0.785398
80,85,-1.570796
80,87,-1.570796
80,89,1.570796
81,2,0.000000
81,4,1.570796
81,11,0.321751
81,12,-2.819842
81,20,0.321751
81,22,-2.356194
81,27,0.000000
81,29,3.141593
81,47,3.141593
81,51,-1.570796
81,54,0.321751
81,55,-2.819842
81,76,-1.570796
81,80,-1.570796
81,86,0.000000
81,90,2.819842
82,11,-0.785398
82,20,-0.785398
82,39,-0.785398
82,50,1.570796
82,54,-0.785398
82,58,2.356194
82,61,0.785398
82,64,1.570796
82,69,1.570796
82,73,1.570796
82,88,-0.785398
82,90,-2.356194
83,2,-0.321751
83,4,-2.819842
83,18,0.785398
83,20,0.000000
83,44,-0.785398
83,49,0.000000
83,54,-1.570796
83,57,0.321751
83,61,0.000000
83,63,-0.785398
83,69,-1.570796
83,73,-1.570796
83,84,-1.570796
84,18,0.000000
84,30,1.570796
84,41,2.356194
84,48,-0.785398
84,57,-1.570796
84,59,1.570796
84,79,1.570796
85,7,0.785398
85,10,2.356194
85,15,1.570796
85,18,-0.785398
85,38,0.000000
85,56,0.785398
85,70,1.570796
85,79,-1.570796
85,87,0.785398
85,91,2.356194
86,7,-0.785398
86,10,-2.819842
86,13,2.356194
86,29,1.570796
86,45,2.356194
86,56,0.000000
86,58,-0.785398
86,59,-1.892547
86,65,1.570796
86,83,0.785398
86,88,3.141593
86,91,-2.819842
87,2,0.321751
87,4,-2.356194
87,5,0.785398
87,6,2.356194
87,12,0.321751
87,13,-2.819842
87,24,0.321751
87,27,1.570796
87,29,-2.356194
87,43,1.249046
87,44,3.141593
87,65,-1.570796
87,80,1.570796
87,84,1.570796
88,2,-0.785398
88,6,-2.356194
88,12,-0.785398
88,24,-0.785398
88,32,0.785398
88,49,0.785398
88,50,1.892547
88,55,-0.785398
88,56,-2.356194
88,61,1.570796
88,70,-1.570796
88,77,1.570796
88,84,-0.321751
88,85,2.819842
88,89,-0.785398
89,52,2.356194
89,61,2.356194
89,85,-2.356194
89,89,0.785398
90,33,0.000000
90,39,-0.785398
90,43,-2.356194
90,46,0.785398
90,60,0.321751
90,61,-2.819842
90,66,1.570796
90,73,1.570796
90,77,0.785398
90,81,0.785398
90,89,0.000000
91,2,0.785398
91,5,2.356194
91,11,1.570796
91,33,-0.785398
91,51,-2.356194
91,60,-0.785398
91,63,1.570796
91,77,-0.321751
91,78,2.819842
91,81,-0.321751
91,82,2.819842
92,2,0.000000
92,5,3.141593
92,8,0.321751
92,11,3.141593
92,30,1.570796
92,47,2.356194
92,60,-1.570796
92,69,1.570796
92,78,-1.570796
92,82,-2.356194
92,89,-0.321751
92,91,-2.819842
93,2,-0.785398
93,5,-2.356194
93,8,-0.785398
93,11,-2.356194
93,34,1.570796
93,40,1.570796
93,47,-2.819842
93,86,2.356194
94,2,0.785398
94,5,2.356194
94,28,0.785398
94,31,-2.356194
94,36,1.892547
94,38,1.249046
94,51,-1.570796
94,73,-1.570796
94,76,1.570796
94,86,3.141593
95,5,-2.819842
95,28,-0.321751
95,29,2.819842
95,36,-1.249046
95,38,-1.892547
95,44,0.000000
95,45,-1.892547
95,59,1.570796
95,83,0.000000
95,86,-2.356194
96,8,2.356194
96,15,2.356194
96,29,-2.356194
96,32,0.785398
96,43,1.570796
97,7,-0.785398
97,8,-2.356194
97,11,0.000000
97,12,-1.570796
97,13,-2.356194
97,14,-0.785398
97,18,-1.570796
97,25,-1.570796
97,33,0.000000
97,34,1.892547
97,41,0.000000
97,42,-0.785398
97,55,-1.570796
97,63,-1.570796
97,79,-1.570796
97,83,0.785398
98,22,-1.570796
98,29,-1.570796
98,34,-1.249046
98,35,-2.356194
98,38,3.141593
98,58,-0.785398
98,66,-1.570796
98,69,-1.570796
98,76,-1.570796
98,84,-2.356194
98,85,-0.785398
98,86,-1.570796
98,87,-2.356194
