4,57,1.249046
4,58,2.356194
4,61,0.785398
4,62,1.892547
5,48,1.249046
5,49,2.356194
6,43,0.785398
6,44,1.570796
6,45,2.356194
6,57,-2.356194
6,62,-0.785398
6,70,2.356194
7,37,1.249046
7,38,3.141593
7,48,-1.570796
8,36,0.321751
8,49,1.570796
8,62,2.356194
9,43,0.321751
9,45,2.819842
9,49,0.000000
9,59,1.249046
9,60,2.356194
9,79,2.356194
10,26,1.249046
10,27,3.141593
10,38,1.892547
10,43,-0.785398
10,49,-0.785398
10,53,1.249046
10,54,2.356194
10,62,-1.249046
10,63,-2.356194
10,64,0.785398
10,68,-2.819842
11,25,-0.785398
11,41,1.892547
11,47,1.892547
11,75,0.321751
11,78,-2.356194
12,15,2.356194
12,33,0.321751
12,49,-0.785398
12,54,0.785398
12,55,2.356194
12,56,-0.785398
12,57,-1.570796
12,62,1.570796
12,71,1.249046
12,73,1.892547
13,14,-1.570796
13,51,-2.356194
13,69,2.356194
13,75,3.141593
14,29,1.570796
14,35,-1.892547
14,62,-1.570796
15,29,0.000000
15,52,-2.356194
15,53,-0.785398
15,54,-1.892547
15,64,-1.249046
15,65,-2.356194
15,75,-2.819842
16,42,-0.785398
16,43,-1.892547
16,68,-1.249046
17,12,0.321751
17,14,3.141593
17,28,0.321751
17,31,3.141593
17,36,0.000000
17,37,-1.892547
17,40,-0.785398
17,51,0.785398
17,52,2.356194
17,54,0.785398
17,55,1.570796
17,56,2.356194
17,59,-0.785398
17,60,-1.570796
17,61,-2.356194
17,62,0.785398
17,63,1.892547
17,74,3.141593
17,78,2.356194
17,81,0.785398
17,82,1.892547
18,12,-0.785398
18,28,-0.785398
18,35,1.570796
18,40,2.356194
18,44,1.249046
18,65,1.570796
18,66,2.356194
18,67,0.785398
18,68,1.570796
18,70,-1.892547
18,74,-1.570796
18,83,2.819842
19,31,0.000000
19,33,0.785398
19,38,1.249046
19,40,-2.356194
19,61,1.249046
19,85,1.570796
20,53,1.570796
20,55,-1.892547
20,63,-1.249046
20,73,-2.356194
21,31,-2.819842
22,30,-1.570796
22,62,1.249046
22,65,-2.819842
22,71,-1.249046
22,72,-2.356194
22,73,0.785398
23,53,0.321751
24,21,0.000000
24,57,-1.570796
24,59,-1.892547
24,62,-1.249046
24,81,-1.570796
25,29,3.141593
25,31,1.249046
25,33,-2.356194
25,36,-1.570796
25,67,2.356194
26,12,2.356194
26,22,-0.785398
26,34,0.785398
26,35,3.141593
26,43,-1.570796
26,64,0.321751
27,11,0.321751
27,27,-2.356194
27,34,-0.785398
27,42,3.141593
27,47,0.321751
27,54,-2.356194
27,64,-0.785398
27,71,-1.570796
28,11,-0.785398
28,21,2.356194
28,27,0.000000
28,30,-2.819842
28,34,2.356194
28,65,-0.785398
28,88,1.892547
29,11,2.356194
29,26,1.570796
29,33,0.000000
29,34,-2.356194
29,48,3.141593
29,50,2.356194
29,89,2.819842
30,10,0.321751
30,44,1.249046
30,50,-2.819842
31,10,-0.785398
31,17,0.785398
31,18,1.570796
31,28,-2.819842
31,41,2.356194
31,46,-2.356194
31,49,-0.785398
31,87,-1.249046
31,89,3.141593
32,27,-0.785398
32,82,-1.249046
33,20,3.141593
33,24,-2.819842
33,30,1.570796
33,35,-2.356194
33,49,-1.570796
33,78,0.321751
33,88,0.000000
33,89,-2.356194
34,20,-1.570796
34,29,0.321751
34,30,-2.819842
34,33,-1.570796
34,42,3.141593
34,45,1.570796
34,51,1.570796
34,54,2.356194
34,84,-0.785398
34,85,3.141593
34,87,1.570796
34,90,1.570796
35,32,1.570796
35,35,0.321751
35,39,-1.570796
35,42,-2.356194
35,51,-1.570796
35,90,-0.321751
35,91,2.819842
36,17,0.000000
36,18,1.570796
36,19,2.356194
36,28,0.321751
36,29,-2.819842
36,31,0.321751
36,32,-2.819842
36,38,3.141593
36,47,1.570796
36,53,-1.570796
36,56,1.570796
36,88,2.356194
36,91,-2.356194
37,10,2.356194
37,21,-2.819842
37,50,1.570796
37,79,0.321751
37,84,1.570796
37,89,1.570796
38,9,0.321751
38,27,0.321751
38,28,-2.819842
38,30,0.321751
38,31,-2.819842
38,33,0.321751
38,50,-1.570796
38,56,-1.570796
38,59,1.570796
38,64,2.356194
38,79,-0.785398
38,87,-2.356194
38,89,-0.321751
39,9,-0.785398
39,16,1.249046
39,17,2.356194
39,30,-0.785398
39,33,-0.785398
39,36,0.321751
39,38,2.819842
39,44,-1.570796
39,59,-1.570796
39,63,-1.570796
39,69,2.356194
39,80,-0.785398
39,87,0.000000
40,19,-2.819842
40,26,0.321751
40,27,-2.819842
40,30,2.356194
40,33,0.000000
40,49,1.570796
40,62,-0.785398
40,65,-1.570796
40,68,-0.785398
40,91,2.819842
41,16,-1.249046
41,18,-1.892547
41,26,-1.570796
41,29,0.321751
41,30,-2.819842
41,38,-2.819842
41,44,2.356194
41,52,1.570796
41,55,1.570796
41,58,1.570796
42,25,0.785398
42,29,-1.570796
42,58,-1.570796
42,82,-0.321751
42,83,2.819842
42,86,-0.321751
42,91,-2.819842
43,28,1.570796
43,35,-0.785398
43,38,2.819842
43,46,-1.570796
43,55,-1.570796
43,61,0.000000
43,62,3.141593
44,24,0.321751
44,28,-2.819842
44,32,2.356194
44,40,1.570796
44,83,0.000000
45,24,-0.785398
45,27,-0.785398
45,35,2.356194
45,38,0.000000
45,40,3.141593
45,83,-0.785398
45,88,-0.321751
46,30,0.321751
46,33,0.000000
46,35,-2.819842
46,38,-0.785398
46,40,-2.356194
46,46,1.570796
46,83,0.785398
46,86,2.819842
46,89,-1.570796
47,23,1.570796
47,38,2.356194
47,49,-1.570796
47,53,-1.570796
47,83,0.000000
48,19,2.356194
48,22,0.321751
48,23,-2.819842
48,29,0.321751
48,30,-2.819842
48,34,0.000000
48,38,3.141593
48,46,0.785398
48,87,2.819842
48,90,0.785398
49,18,0.321751
49,19,-2.819842
49,22,-0.785398
49,26,2.356194
49,34,-0.785398
49,38,-2.356194
49,46,-0.321751
49,47,2.819842
49,55,0.000000
49,64,2.356194
49,83,-0.321751
49,85,3.141593
49,90,-0.321751
49,91,2.819842
50,18,-0.785398
50,22,2.356194
50,25,0.321751
50,26,-2.819842
50,28,0.321751
50,29,-2.819842
50,38,0.785398
50,40,0.000000
50,43,0.785398
50,47,-2.356194
50,58,3.141593
50,63,-0.785398
50,76,2.356194
50,87,-0.321751
50,88,2.819842
50,91,-2.356194
51,21,0.321751
51,22,-2.819842
51,28,-0.785398
51,43,-0.321751
51,44,2.819842
51,69,0.000000
51,70,3.141593
51,83,0.321751
51,85,2.819842
51,88,-2.356194
52,8,0.785398
52,24,0.321751
52,25,-2.819842
52,31,1.249046
52,32,2.356194
52,33,-0.785398
52,36,2.356194
52,37,-0.785398
52,44,-2.356194
52,47,-1.570796
52,74,-0.785398
52,78,2.356194
52,83,-1.570796
52,85,-1.570796
52,91,-1.570796
53,8,0.000000
53,17,2.356194
53,20,0.321751
53,21,-2.819842
53,24,-0.785398
53,30,0.321751
53,39,-2.356194
53,41,0.785398
53,56,0.000000
53,57,3.141593
53,61,0.000000
53,63,3.141593
53,77,-0.785398
54,8,-0.785398
54,17,-2.819842
54,20,-0.785398
54,27,2.356194
54,30,-0.785398
54,39,-1.570796
54,41,-0.321751
54,42,2.819842
54,45,1.570796
54,51,0.785398
54,89,0.785398
55,16,-0.785398
55,20,2.356194
55,26,0.321751
55,27,-2.819842
55,30,-1.570796
55,35,2.356194
55,42,-1.570796
55,45,-0.321751
55,64,0.000000
55,66,3.141593
55,81,0.321751
55,83,3.141593
55,89,-0.321751
55,90,2.819842
56,19,0.321751
56,20,-2.819842
56,26,-0.785398
56,33,2.356194
56,35,3.141593
56,40,1.570796
56,50,1.570796
56,53,0.000000
56,62,3.141593
56,69,0.000000
56,70,3.141593
56,84,-2.356194
56,90,-2.356194
57,16,2.356194
57,19,-0.785398
57,23,2.356194
57,29,1.570796
57,32,-0.785398
57,35,-2.356194
57,67,3.141593
57,81,-0.785398
57,82,3.141593
57,90,-1.570796
58,8,0.785398
58,13,1.249046
58,16,-2.819842
58,22,0.321751
58,23,-2.819842
58,26,2.356194
58,29,2.356194
58,32,-1.570796
58,41,1.570796
58,44,0.000000
58,47,-2.356194
58,52,-1.249046
58,53,-2.356194
58,54,0.785398
58,55,1.892547
58,71,2.356194
58,76,2.356194
58,79,0.785398
58,80,2.356194
59,8,-0.785398
59,9,-2.356194
59,25,0.321751
59,26,-2.819842
59,28,0.321751
59,29,-2.819842
59,41,-0.321751
59,45,-1.249046
59,55,-1.249046
59,56,-2.356194
59,75,1.570796
59,91,1.570796
60,13,-1.249046
60,21,0.321751
60,22,-2.819842
60,25,-0.785398
60,28,-0.785398
60,31,1.570796
60,73,1.249046
60,80,3.141593
60,83,-1.570796
60,86,1.570796
60,88,-1.570796
61,21,-0.785398
61,25,2.356194
61,34,0.321751
61,37,1.892547
61,61,0.000000
61,71,0.000000
61,72,-0.785398
61,73,-1.892547
61,86,-1.570796
61,91,-1.570796
62,18,-1.570796
62,24,0.321751
62,25,-2.819842
62,28,2.356194
62,34,-0.785398
62,45,-2.356194
62,59,3.141593
62,76,1.249046
62,77,2.356194
62,78,0.785398
62,80,-2.819842
62,84,1.570796
62,89,1.570796
63,24,-0.785398
63,27,0.321751
63,28,-2.819842
63,31,2.356194
63,36,0.321751
63,39,0.000000
63,40,1.570796
63,65,1.249046
63,66,2.356194
63,68,3.141593
63,74,2.356194
63,75,-0.785398
63,87,1.570796
63,89,-1.570796
64,17,1.570796
64,27,-0.785398
64,30,0.321751
64,31,-2.819842
64,36,-0.785398
64,64,-0.785398
64,65,-1.892547
64,73,-1.570796
64,77,1.570796
64,79,2.356194
64,84,-1.570796
65,24,2.356194
65,30,-0.785398
65,36,-1.570796
65,40,-0.321751
65,44,-2.356194
65,45,0.785398
65,46,1.892547
65,69,0.000000
65,77,-0.321751
65,79,-2.819842
65,87,-1.570796
65,90,1.570796
66,23,0.321751
66,24,-2.819842
66,27,-1.570796
66,47,-2.356194
66,66,2.356194
66,82,1.570796
67,23,-0.785398
67,45,0.785398
67,82,-1.570796
67,85,1.570796
67,88,1.570796
68,7,0.785398
68,18,1.570796
68,36,1.570796
68,39,0.321751
68,69,1.249046
68,71,1.892547
68,79,2.819842
68,85,-1.570796
69,7,0.000000
69,18,2.356194
69,39,-0.785398
69,49,0.785398
69,50,1.892547
69,52,1.249046
69,53,2.356194
69,60,3.141593
69,66,1.249046
69,74,0.785398
69,75,1.570796
69,79,-2.356194
69,83,1.570796
69,88,-1.570796
69,91,-1.570796
70,7,-0.785398
70,17,0.321751
70,18,-2.819842
70,26,1.570796
70,30,2.356194
70,36,-1.570796
70,39,-1.570796
70,43,0.321751
70,71,-1.892547
70,77,-2.356194
70,79,-1.570796
71,17,-0.785398
71,29,0.321751
71,30,-2.819842
71,43,-0.785398
71,46,1.570796
71,61,1.249046
71,62,2.356194
71,81,1.570796
71,89,1.570796
72,46,0.000000
72,49,-0.785398
72,52,-2.819842
72,60,0.321751
72,75,-1.570796
72,77,-1.570796
72,79,1.570796
72,81,-1.570796
72,83,-1.570796
73,20,-1.570796
73,30,2.819842
73,35,1.570796
73,46,-0.785398
73,62,2.356194
73,89,0.785398
74,30,-2.356194
74,38,1.570796
74,50,0.321751
74,52,-2.356194
74,57,0.785398
74,58,1.570796
74,60,-1.570796
74,89,-0.321751
74,90,2.819842
75,38,-1.570796
75,50,-0.785398
75,62,-1.249046
75,64,1.892547
75,66,2.356194
75,90,-2.356194
76,43,-1.570796
76,46,-1.570796
76,66,3.141593
76,79,-1.570796
76,84,1.570796
77,19,2.356194
77,64,-0.785398
77,66,-2.356194
78,15,2.356194
78,41,1.570796
78,47,1.570796
78,72,-1.570796
78,84,-1.570796
78,87,1.570796
78,90,-1.570796
79,15,-2.819842
79,28,-1.570796
79,44,1.570796
80,7,0.785398
80,41,-1.570796
80,44,-1.570796
80,51,-1.570796
81,7,-0.321751
81,9,2.356194
81,12,-0.785398
81,13,-1.892547
81,35,-1.570796
81,39,1.570796
81,48,-1.570796
81,55,0.000000
81,64,1.570796
81,84,1.570796
82,25,-1.570796
82,30,-1.570796
82,42,1.570796
82,71,1.570796
82,84,-1.570796
82,87,-1.570796
83,39,-1.570796
83,42,-1.570796
83,50,1.570796
83,64,-1.570796
83,71,-1.570796
83,76,1.570796
83,90,1.570796
84,25,1.570796
84,37,1.570796
84,73,1.570796
84,76,-1.570796
85,37,-1.570796
85,52,3.141593
85,73,-1.570796
86,35,1.570796
86,65,1.570796
86,81,1.570796
87,17,0.785398
87,28,1.570796
87,38,1.570796
87,65,-1.570796
87,90,-1.570796
88,17,-0.321751
88,18,2.819842
88,81,-1.570796
89,18,-2.356194
89,32,-1.570796
89,38,-1.570796
90,28,-1.570796
91,30,1.570796
91,76,1.570796
91,81,1.570796
91,88,1.570796
92,30,-1.570796
92,33,1.570796
92,88,-1.570796
93,23,1.570796
93,36,-1.570796
93,76,-1.570796
93,81,-1.570796
94,33,-1.570796
94,73,1.570796
94,83,1.570796
94,91,1.570796
95,17,2.356194
95,44,0.785398
95,64,2.356194
95,75,1.570796
95,85,1.570796
96,16,0.000000
96,26,-1.570796
96,29,0.785398
96,37,0.000000
96,38,3.141593
96,45,-2.356194
96,63,-0.785398
96,85,-1.570796
97,41,0.000000
97,42,3.141593
97,72,-1.570796
97,75,-1.570796
97,80,1.570796
97,88,1.570796
98,20,-1.570796
98,23,-1.570796
98,30,-1.570796
98,80,-1.570796
98,83,-1.570796
98,88,-1.570796
98,91,-1.570796
