5,34,0.785398
5,35,1.570796
5,36,2.356194
5,43,0.785398
5,44,1.570796
5,45,2.356194
5,51,0.785398
5,52,1.892547
6,30,3.141593
6,54,1.570796
6,55,2.356194
6,57,0.785398
6,58,1.570796
6,59,2.356194
6,62,0.785398
6,63,1.892547
8,17,1.249046
8,18,2.356194
8,25,0.785398
8,26,1.892547
8,52,-0.321751
8,54,-2.819842
8,63,-0.785398
9,31,-2.356194
9,44,0.785398
9,75,2.356194
10,44,0.000000
10,46,1.892547
10,53,3.141593
10,80,1.570796
11,15,-0.321751
11,17,-2.819842
11,34,0.000000
11,48,1.892547
11,59,3.141593
12,32,-2.356194
12,41,0.785398
12,42,1.570796
12,56,0.000000
12,57,-1.892547
12,60,1.570796
13,16,0.000000
13,18,1.892547
13,46,-1.249046
13,48,-1.892547
13,55,3.141593
13,61,3.141593
13,63,2.356194
14,19,2.819842
14,24,-0.785398
14,34,0.785398
14,42,-0.321751
14,44,-2.819842
14,69,0.321751
14,77,0.321751
15,24,2.356194
15,30,0.000000
15,31,1.892547
15,69,-1.570796
16,15,0.321751
16,40,1.570796
16,41,2.356194
16,43,3.141593
16,52,1.570796
16,62,-1.570796
16,67,0.785398
16,68,2.356194
16,75,1.249046
16,77,3.141593
16,84,2.356194
17,21,0.785398
17,30,-0.785398
17,43,-2.356194
17,53,3.141593
17,55,2.356194
17,61,1.570796
17,64,-1.570796
17,68,-2.356194
17,73,1.249046
17,83,0.321751
18,19,-0.785398
18,43,0.785398
18,63,1.570796
18,68,2.356194
18,72,0.321751
18,75,-1.249046
19,13,1.570796
19,19,2.356194
19,26,-2.356194
19,31,0.321751
19,38,-0.785398
19,43,-0.785398
19,44,-2.356194
19,58,3.141593
19,83,3.141593
20,42,1.570796
20,46,1.570796
20,49,2.356194
20,72,3.141593
21,9,1.249046
21,21,2.356194
21,23,-0.785398
21,25,2.819842
21,31,-2.819842
21,38,0.785398
21,42,-2.819842
21,46,-0.785398
21,47,-2.356194
21,54,-0.321751
21,62,-1.570796
22,16,-1.249046
22,38,0.000000
22,45,1.570796
22,61,1.570796
22,64,-1.570796
22,73,-2.356194
23,18,-1.249046
23,38,-1.570796
23,45,3.141593
23,55,-1.570796
23,57,-1.249046
23,59,-1.570796
23,63,1.570796
23,66,-1.570796
23,68,1.570796
23,77,-1.570796
23,81,2.819842
23,88,3.141593
24,20,-1.249046
24,21,-2.356194
24,23,-0.785398
24,24,-1.892547
24,30,3.141593
24,37,0.785398
24,45,-1.570796
24,65,1.570796
24,69,3.141593
25,5,0.321751
25,30,-1.570796
25,39,3.141593
25,46,0.000000
25,54,0.785398
25,65,3.141593
25,70,1.570796
25,79,-0.321751
25,84,0.000000
25,85,-1.892547
26,5,-0.785398
26,19,0.785398
26,20,1.892547
26,36,-0.785398
26,47,-2.356194
26,54,0.000000
26,60,0.000000
26,70,0.000000
26,83,3.141593
27,22,2.356194
27,32,0.785398
27,33,2.356194
27,40,2.356194
27,41,0.785398
27,42,1.892547
27,54,-0.785398
27,58,0.785398
27,59,2.356194
27,70,-1.570796
27,79,0.321751
28,28,0.785398
28,29,1.892547
28,32,-1.570796
28,59,-1.570796
28,61,1.570796
28,79,-0.785398
28,82,0.000000
28,84,1.892547
29,15,-2.356194
29,17,0.785398
29,18,1.892547
29,25,-1.570796
29,61,3.141593
29,65,0.000000
29,76,1.892547
29,82,-1.570796
29,89,2.356194
30,20,-0.785398
30,21,-1.570796
30,22,-2.356194
30,23,0.785398
30,46,0.785398
30,48,-1.570796
30,49,3.141593
30,54,2.356194
30,61,-1.570796
30,71,-1.249046
30,78,-0.785398
30,79,-1.570796
30,81,2.356194
30,87,0.785398
30,89,-2.819842
31,5,0.785398
31,18,-0.785398
31,29,3.141593
31,41,2.356194
31,46,-0.785398
31,54,3.141593
31,65,-1.570796
31,66,-2.356194
31,67,-0.785398
31,85,-1.570796
32,5,0.000000
32,41,3.141593
32,61,0.321751
32,82,-2.356194
32,83,0.785398
32,84,2.356194
32,88,3.141593
33,5,-0.785398
33,12,-0.785398
33,13,-1.570796
33,14,-2.356194
33,15,0.785398
33,16,1.570796
33,18,-1.570796
33,19,-2.356194
33,23,-0.785398
33,24,-2.356194
33,29,-0.321751
33,41,-1.570796
33,54,0.000000
33,84,-1.570796
34,56,2.356194
34,61,-0.321751
34,63,-2.819842
34,85,-0.785398
35,5,0.785398
35,16,0.785398
35,29,-0.785398
35,32,-2.819842
35,54,-0.785398
35,73,2.356194
35,77,0.785398
35,89,2.819842
36,5,-0.321751
36,11,1.570796
36,12,2.356194
36,18,2.356194
36,19,0.785398
36,20,1.892547
36,46,2.356194
36,63,3.141593
36,79,1.570796
36,80,2.356194
36,86,0.000000
36,87,-1.892547
36,89,-2.356194
37,22,1.570796
37,23,2.356194
37,46,3.141593
37,74,-1.570796
37,75,-2.356194
37,84,1.249046
37,85,3.141593
38,5,0.321751
38,41,-1.249046
38,43,-1.892547
39,10,-1.249046
39,11,-2.356194
39,17,-1.570796
39,18,-2.356194
39,32,-1.249046
39,33,3.141593
39,46,0.000000
39,66,0.000000
39,67,1.570796
39,68,3.141593
39,72,-1.249046
39,73,3.141593
39,89,2.356194
40,5,-0.785398
40,6,3.141593
40,23,-1.249046
40,24,-2.356194
40,25,0.785398
40,48,2.356194
40,74,1.570796
40,77,0.321751
40,79,3.141593
40,84,-1.570796
40,88,-0.785398
40,89,-2.356194
41,14,-0.785398
41,15,-1.570796
41,16,-2.356194
41,26,-2.356194
41,45,0.321751
41,53,0.321751
41,55,3.141593
41,75,3.141593
41,80,0.000000
41,81,1.892547
41,83,1.570796
42,22,1.892547
42,45,-0.785398
42,53,-1.570796
42,81,-1.249046
42,83,3.141593
43,4,0.785398
43,29,0.785398
43,30,1.892547
43,83,-1.570796
44,4,0.000000
44,13,1.249046
44,14,2.356194
44,18,-0.785398
44,19,-1.570796
44,30,-1.249046
44,31,-2.356194
44,32,3.141593
44,51,0.000000
44,78,1.570796
44,84,0.000000
44,85,1.892547
45,12,-0.785398
45,13,-1.892547
45,25,-0.785398
45,41,0.000000
45,52,1.570796
45,73,-0.785398
45,74,-1.570796
45,75,-2.356194
45,79,3.141593
45,85,-1.249046
45,86,3.141593
45,91,2.356194
46,4,0.000000
46,23,3.141593
46,30,0.000000
46,35,2.356194
46,53,3.141593
46,71,3.141593
46,80,0.785398
46,81,2.356194
46,91,-2.819842
47,4,-1.570796
47,35,3.141593
47,70,-0.785398
47,80,-1.570796
48,22,-1.249046
48,23,-2.356194
48,25,0.785398
48,26,1.892547
48,35,-2.356194
48,77,0.785398
48,78,1.570796
48,79,3.141593
48,90,-2.356194
49,7,0.785398
49,28,2.356194
49,31,3.141593
49,46,0.785398
50,3,0.785398
50,9,2.356194
50,35,0.785398
50,46,-0.785398
50,70,2.356194
50,87,-2.356194
51,3,0.000000
51,6,-0.785398
51,7,-1.892547
51,9,-1.570796
51,35,-0.321751
51,36,2.819842
51,41,0.000000
51,66,0.000000
51,69,-0.785398
51,70,-2.356194
52,3,-0.785398
52,12,1.249046
52,13,2.356194
52,14,0.785398
52,15,1.570796
52,16,2.356194
52,20,0.000000
52,21,2.356194
52,27,-1.249046
52,28,-2.356194
52,36,-2.356194
52,47,0.321751
52,49,2.819842
52,71,1.570796
52,76,1.570796
52,82,1.570796
52,91,2.356194
53,9,0.000000
53,10,-1.570796
53,12,-1.892547
53,21,-2.356194
53,33,0.785398
53,34,1.570796
53,35,3.141593
53,47,-0.785398
53,72,3.141593
53,78,2.356194
53,84,2.356194
53,89,0.000000
53,91,-2.819842
54,2,0.321751
54,7,1.249046
54,8,3.141593
54,50,3.141593
54,80,0.785398
54,85,1.570796
55,12,1.249046
55,13,2.356194
55,20,-0.785398
55,21,-1.570796
55,22,-2.356194
55,28,3.141593
55,45,0.000000
55,47,-0.785398
55,48,-1.892547
55,67,1.570796
55,81,-1.249046
55,82,-2.356194
55,86,3.141593
56,2,-0.321751
56,7,-1.570796
56,10,1.249046
56,12,-1.892547
56,34,-1.570796
56,41,2.356194
56,61,1.249046
56,62,2.356194
56,63,0.785398
56,87,1.570796
57,10,-1.892547
57,64,-1.570796
57,72,0.785398
57,74,-2.819842
57,87,-0.321751
57,88,2.819842
58,3,0.785398
58,13,1.249046
58,14,3.141593
58,28,3.141593
58,39,1.570796
58,59,0.321751
58,66,-0.785398
58,67,-1.570796
58,68,-2.356194
58,80,2.819842
58,84,2.356194
58,90,1.570796
59,3,0.000000
59,6,-0.785398
59,7,-1.892547
59,11,1.249046
59,13,-1.892547
59,33,0.785398
59,39,-2.819842
59,59,-1.570796
59,74,1.570796
59,80,-1.570796
59,83,-1.570796
59,85,1.570796
59,90,3.141593
60,3,-1.570796
60,10,0.000000
60,11,-1.892547
60,34,0.785398
60,35,2.356194
60,74,0.000000
60,81,0.000000
60,82,2.356194
60,90,-2.356194
61,34,-1.570796
61,38,-2.356194
61,46,3.141593
61,48,0.000000
61,74,-0.785398
61,77,0.000000
61,78,1.892547
62,8,0.785398
62,25,0.785398
62,30,0.000000
62,32,0.785398
62,33,2.356194
62,45,-0.785398
62,49,-2.356194
62,74,0.785398
62,88,0.000000
62,89,2.356194
63,7,3.141593
63,19,1.249046
63,20,2.356194
63,26,-2.356194
63,33,-1.570796
63,75,3.141593
63,79,-1.249046
63,89,-1.570796
64,10,0.785398
64,12,2.356194
64,18,-0.785398
64,19,-1.892547
64,61,1.249046
64,62,2.356194
64,63,3.141593
64,68,1.570796
64,76,0.000000
64,77,1.892547
65,12,-1.570796
65,25,-0.785398
65,26,-1.570796
65,28,1.570796
65,29,2.356194
65,39,2.356194
65,58,0.785398
65,59,2.356194
65,68,-1.570796
65,77,-1.249046
65,78,3.141593
65,81,-0.321751
65,90,-1.570796
66,4,-0.785398
66,9,-0.785398
66,10,-2.356194
66,13,0.785398
66,14,2.356194
66,21,0.785398
66,22,2.356194
66,33,-0.785398
66,34,-1.570796
66,35,-2.356194
66,36,-0.785398
66,40,0.000000
66,41,1.892547
66,52,3.141593
66,58,-0.785398
66,61,-2.356194
66,71,1.570796
66,79,-2.356194
66,83,2.819842
67,2,0.785398
67,11,1.570796
67,19,1.570796
67,22,-1.570796
67,42,2.819842
67,58,2.356194
67,61,-1.570796
67,66,0.785398
67,71,-1.570796
67,75,0.785398
67,88,1.570796
68,2,0.000000
68,6,-1.570796
68,13,3.141593
68,17,1.249046
68,24,2.356194
68,39,-2.356194
68,42,-2.356194
68,45,1.570796
68,58,3.141593
68,76,1.570796
68,80,0.785398
68,83,0.000000
68,88,0.000000
69,5,3.141593
69,13,-1.570796
69,16,0.000000
69,17,-1.892547
69,21,1.249046
69,23,-1.892547
69,28,1.249046
69,29,2.356194
69,35,0.785398
69,42,-1.570796
69,49,-1.570796
69,58,-2.356194
69,67,0.785398
69,76,-0.321751
69,77,2.819842
69,81,1.570796
69,83,-1.570796
69,85,1.570796
69,88,-1.570796
70,15,3.141593
70,36,-2.356194
70,45,-1.570796
70,55,0.321751
70,60,0.785398
70,67,-0.321751
70,77,-2.356194
70,85,0.000000
70,87,2.356194
71,14,-1.892547
71,19,-0.785398
71,26,-0.785398
71,55,-1.570796
71,65,1.570796
71,75,0.000000
71,85,-1.570796
71,87,-2.356194
72,12,-1.570796
72,17,1.570796
72,21,0.785398
72,22,2.356194
72,28,2.356194
72,30,1.249046
72,31,2.356194
72,34,3.141593
72,36,-1.570796
72,48,0.000000
72,54,0.785398
72,59,2.819842
72,62,1.570796
72,65,-1.570796
72,76,-1.249046
72,77,3.141593
72,80,0.785398
73,2,0.321751
73,7,-1.892547
73,16,0.000000
73,21,-1.570796
73,27,1.570796
73,29,-0.785398
73,30,-1.892547
73,43,0.000000
73,44,3.141593
73,51,3.141593
73,55,3.141593
73,59,-2.356194
73,62,-0.321751
73,63,2.819842
73,70,-1.570796
73,84,-1.570796
74,2,-0.785398
74,10,3.141593
74,14,1.249046
74,15,3.141593
74,19,1.249046
74,20,3.141593
74,26,-0.785398
74,56,-2.356194
74,59,-1.570796
74,63,-1.570796
74,68,1.570796
74,71,-2.356194
74,77,0.000000
74,82,2.819842
74,85,1.570796
74,89,0.000000
74,90,2.356194
75,2,0.785398
75,9,-1.570796
75,18,0.000000
75,19,-1.892547
75,31,2.356194
75,53,0.785398
75,75,0.000000
75,82,-1.570796
75,85,-0.321751
75,86,2.819842
75,90,-1.570796
76,2,-0.321751
76,16,1.249046
76,17,3.141593
76,22,1.249046
76,23,3.141593
76,28,1.249046
76,29,2.356194
76,43,0.785398
76,54,1.570796
76,58,0.785398
76,66,-2.356194
76,69,1.570796
76,73,1.570796
76,79,-0.321751
76,83,-2.356194
76,86,-2.356194
77,11,0.000000
77,12,-1.892547
77,15,0.321751
77,21,0.000000
77,22,-1.892547
77,27,0.000000
77,28,-1.892547
77,38,2.356194
77,44,1.570796
77,55,3.141593
77,63,1.570796
77,70,3.141593
77,73,-1.570796
78,3,-0.785398
78,6,3.141593
78,10,1.570796
78,15,-1.570796
78,25,0.000000
78,37,-0.785398
78,45,-2.356194
78,56,-2.356194
78,60,-2.356194
78,81,-1.249046
78,82,3.141593
78,91,-1.570796
79,8,1.249046
79,32,3.141593
79,40,0.000000
79,41,0.785398
79,42,1.892547
79,48,3.141593
79,53,1.570796
79,64,-2.356194
79,71,-1.570796
80,8,-1.892547
80,13,1.570796
80,17,0.000000
80,22,1.570796
80,28,0.000000
80,42,-1.249046
80,43,3.141593
80,53,-1.570796
81,10,2.356194
81,12,0.321751
81,13,-2.819842
81,36,3.141593
81,50,0.785398
81,59,0.785398
81,70,0.785398
81,81,1.570796
81,84,0.785398
82,9,1.570796
82,12,-0.785398
82,24,1.570796
82,33,-0.785398
82,52,3.141593
82,60,-2.356194
82,67,0.000000
82,68,3.141593
82,71,1.570796
82,84,-0.785398
82,85,3.141593
83,9,-2.819842
83,12,-1.570796
83,18,0.000000
83,24,-1.570796
83,36,0.785398
83,37,1.892547
83,71,-0.321751
83,72,2.819842
83,75,1.570796
83,79,-2.356194
83,82,0.000000
83,83,2.356194
83,86,1.570796
84,4,-0.785398
84,7,0.321751
84,14,1.570796
84,37,-1.249046
84,38,-2.356194
84,42,-2.356194
84,72,-1.570796
84,75,-0.321751
84,86,-0.321751
85,7,-1.570796
85,14,-1.570796
85,33,-0.785398
85,50,-2.356194
85,73,2.356194
85,77,2.819842
85,83,-0.321751
85,88,2.819842
86,3,2.356194
86,6,1.570796
86,71,0.000000
86,72,-0.785398
86,77,-1.570796
86,85,2.819842
86,88,-2.356194
86,91,-1.570796
87,2,-0.785398
87,5,0.321751
87,6,-2.819842
87,8,1.570796
87,75,1.570796
87,78,-2.356194
87,85,-2.356194
88,11,2.356194
88,85,0.785398
89,4,0.321751
89,5,-2.819842
89,51,1.570796
89,68,1.570796
89,83,1.570796
89,85,-0.321751
89,86,2.819842
90,4,-1.570796
90,7,-0.785398
90,10,-1.570796
90,47,0.785398
90,51,-1.570796
90,68,-1.570796
90,76,0.000000
90,77,1.892547
90,91,-2.356194
91,3,1.570796
91,21,2.356194
91,48,-2.356194
91,74,0.785398
91,78,2.819842
91,80,0.785398
91,86,-0.321751
91,87,2.819842
91,89,0.785398
92,2,0.321751
92,3,-2.819842
92,5,1.570796
92,9,2.356194
92,20,-0.785398
92,75,-2.356194
92,84,1.570796
93,2,-0.785398
93,5,-1.570796
93,36,0.000000
93,37,3.141593
93,78,-0.321751
93,79,2.819842
93,81,-1.570796
93,84,-0.321751
93,85,2.819842
93,87,-0.321751
93,88,2.819842
94,8,-1.570796
94,14,2.356194
94,20,2.356194
94,88,-1.570796
94,90,2.356194
95,13,-0.785398
95,71,1.570796
95,76,0.785398
95,79,-0.321751
95,85,-0.321751
95,86,2.819842
95,90,3.141593
96,7,2.356194
96,19,-1.570796
96,27,1.570796
96,64,1.570796
96,82,0.785398
96,86,-2.356194
96,90,-2.356194
97,2,-1.570796
97,21,1.570796
97,27,-1.570796
97,71,-1.570796
97,74,0.785398
97,80,-0.785398
97,83,-1.570796
98,6,-1.570796
98,21,-1.570796
98,65,-2.356194
98,75,-2.356194
98,78,-2.356194
98,81,-2.356194
98,90,-1.570796
