10,45,1.249046
10,46,2.356194
10,63,0.785398
10,64,1.892547
11,68,0.785398
11,69,1.892547
14,41,0.321751
14,76,1.570796
16,41,-0.321751
17,15,1.249046
17,16,3.141593
19,13,0.321751
19,52,1.892547
20,13,-1.570796
20,44,0.321751
20,71,0.321751
21,41,3.141593
21,57,1.570796
21,71,-1.570796
23,27,1.249046
23,42,-2.356194
23,43,-0.785398
23,44,-1.892547
23,55,-2.356194
23,56,0.000000
23,61,1.570796
23,64,1.249046
23,66,1.570796
23,68,1.892547
23,70,2.356194
24,25,1.249046
24,51,-1.249046
25,24,0.321751
25,41,-2.356194
25,55,1.892547
26,51,2.356194
26,52,0.000000
26,84,3.141593
27,13,3.141593
27,47,-2.356194
27,48,-0.785398
27,53,0.000000
27,54,0.000000
27,59,0.000000
28,28,0.321751
28,50,-1.249046
28,55,0.000000
28,60,0.000000
28,61,0.000000
29,9,0.321751
29,23,0.321751
29,35,-0.785398
29,36,-1.892547
29,44,0.000000
29,45,1.570796
29,47,1.892547
29,62,0.000000
29,63,0.000000
29,73,3.141593
29,76,0.785398
29,80,-1.892547
30,9,-0.785398
30,23,-0.785398
30,32,-0.785398
30,50,0.785398
30,61,0.000000
30,74,0.000000
30,86,3.141593
31,20,1.249046
31,21,2.356194
31,35,2.356194
31,44,-0.785398
31,45,-1.570796
31,51,-1.249046
31,52,-2.356194
31,72,3.141593
32,18,0.785398
32,24,-1.892547
32,29,3.141593
32,33,-0.785398
32,34,-1.892547
32,49,1.892547
32,73,0.000000
32,78,-2.819842
33,18,-0.785398
33,31,2.356194
33,39,0.000000
33,46,0.000000
33,71,2.819842
34,80,0.321751
35,18,0.785398
35,21,-0.785398
35,32,-2.356194
35,41,0.785398
35,42,1.570796
35,43,2.356194
35,73,0.785398
35,87,2.356194
36,18,0.000000
36,47,-1.249046
36,48,-2.356194
36,49,-0.785398
36,55,-1.249046
36,66,-1.249046
36,67,-2.356194
36,68,-0.785398
37,18,-0.785398
37,35,1.249046
37,36,2.356194
37,38,-0.785398
37,39,-1.570796
37,40,-2.356194
37,44,1.892547
37,72,0.000000
37,83,0.785398
37,84,1.570796
37,86,-1.892547
38,27,0.000000
38,30,-1.249046
38,31,-2.356194
38,33,0.785398
38,47,3.141593
38,52,-0.321751
38,54,2.356194
38,55,3.141593
38,70,2.356194
38,77,-1.249046
39,9,0.785398
39,15,1.249046
39,16,2.356194
39,37,0.785398
39,38,1.570796
39,39,2.356194
39,41,-0.785398
39,42,-1.570796
39,64,0.000000
39,65,1.570796
39,67,1.570796
39,68,2.356194
39,70,3.141593
40,26,-2.819842
40,32,1.249046
40,44,-1.249046
40,45,-2.356194
40,49,0.785398
40,50,1.892547
40,73,0.000000
40,88,2.356194
41,8,0.321751
41,48,-0.785398
41,56,-0.785398
41,57,-1.570796
41,62,3.141593
41,68,0.000000
41,85,0.785398
41,88,-2.819842
42,8,-0.785398
42,19,0.000000
42,29,1.249046
42,35,-0.785398
42,36,-2.356194
42,37,-0.785398
42,38,-1.570796
42,45,1.892547
42,50,-1.892547
42,54,-2.356194
42,60,0.000000
42,65,-1.570796
42,66,3.141593
42,73,3.141593
43,17,0.785398
43,18,3.141593
43,27,2.356194
43,33,2.356194
43,45,-1.249046
43,47,1.570796
43,56,0.000000
43,67,0.785398
43,78,3.141593
44,13,0.785398
44,14,1.570796
44,15,2.356194
44,37,1.249046
44,38,2.356194
44,39,-0.785398
44,40,-1.570796
44,41,-2.356194
44,42,-0.785398
44,43,-2.356194
44,54,2.356194
44,58,2.356194
44,69,0.000000
44,79,0.000000
45,19,1.249046
45,34,2.356194
45,45,2.356194
45,46,0.000000
45,51,0.000000
45,52,-0.785398
45,56,2.356194
45,57,-0.785398
45,58,-2.356194
45,67,-2.356194
46,19,-1.892547
46,23,-1.892547
46,31,-0.785398
46,33,-1.892547
46,37,-1.249046
46,38,-2.356194
46,60,3.141593
46,63,-0.785398
46,82,-2.356194
46,86,0.321751
46,90,2.819842
47,21,-1.570796
47,25,0.000000
47,30,0.000000
47,54,-0.785398
47,62,-0.785398
47,65,-1.249046
47,66,3.141593
47,71,3.141593
47,84,1.570796
47,90,-2.356194
48,23,1.249046
48,24,3.141593
48,31,-2.356194
48,35,1.249046
48,36,2.356194
48,39,0.785398
48,40,1.570796
48,41,2.356194
48,43,-0.785398
48,44,-1.570796
48,45,-2.356194
48,48,3.141593
48,67,0.000000
48,69,0.000000
48,72,0.000000
48,73,0.000000
48,81,3.141593
48,84,0.000000
48,90,2.356194
49,17,0.000000
49,19,1.570796
49,33,0.000000
49,34,-0.785398
49,35,-1.892547
49,55,0.785398
49,56,2.356194
49,57,3.141593
49,70,0.000000
49,74,0.000000
49,90,3.141593
50,8,0.785398
50,16,0.785398
50,28,-2.819842
50,41,2.356194
50,55,-0.785398
50,61,0.000000
50,64,3.141593
50,75,-1.249046
50,80,3.141593
51,8,0.000000
51,24,0.785398
51,36,0.000000
51,38,0.785398
51,39,1.570796
51,48,-0.785398
51,68,0.000000
51,73,3.141593
51,81,1.570796
51,85,3.141593
51,90,3.141593
52,8,-0.785398
52,17,-1.570796
52,20,-0.785398
52,25,-0.785398
52,26,-1.892547
52,53,-1.570796
52,57,0.000000
52,58,1.570796
52,59,2.356194
52,71,3.141593
52,74,0.000000
52,75,1.892547
52,78,-1.249046
52,79,3.141593
52,90,-2.356194
53,20,-1.570796
53,35,3.141593
53,46,0.785398
53,47,1.570796
53,48,2.356194
53,49,3.141593
53,60,0.000000
53,68,0.000000
53,69,-0.785398
53,75,-1.249046
53,76,3.141593
53,90,2.356194
54,12,1.249046
54,13,2.356194
54,16,2.356194
54,42,1.570796
54,43,2.356194
54,44,0.785398
54,65,0.000000
54,66,0.785398
54,71,-2.356194
54,84,-1.249046
54,90,3.141593
55,7,0.321751
55,9,-2.356194
55,16,-2.819842
55,33,2.356194
55,47,-1.570796
55,48,-2.356194
55,49,0.785398
55,50,1.570796
55,51,2.356194
55,52,3.141593
55,55,1.570796
55,58,-0.785398
55,61,0.000000
55,67,-1.249046
55,68,3.141593
55,73,0.000000
55,82,-1.570796
56,7,-0.785398
56,24,2.356194
56,27,1.570796
56,37,0.785398
56,43,0.000000
56,55,0.785398
56,62,0.000000
56,63,3.141593
56,84,1.892547
56,91,2.819842
57,16,0.785398
57,18,1.570796
57,19,2.356194
57,21,0.785398
57,22,1.570796
57,23,3.141593
57,27,2.356194
57,31,0.000000
57,32,-1.892547
57,34,1.570796
57,41,2.356194
57,49,-0.785398
57,50,-1.570796
57,51,-2.356194
57,52,3.141593
57,56,-2.356194
57,57,3.141593
57,60,0.000000
57,65,0.000000
57,81,0.000000
57,85,3.141593
58,14,3.141593
58,16,-1.570796
58,26,0.321751
58,27,-2.819842
58,34,0.000000
58,68,3.141593
58,74,3.141593
58,91,-2.819842
59,15,0.000000
59,18,0.785398
59,23,0.000000
59,26,-0.785398
59,34,-0.785398
59,40,-2.356194
59,45,3.141593
59,60,0.000000
59,63,0.785398
59,64,1.892547
59,80,0.785398
59,83,-1.570796
60,19,2.819842
60,24,-2.356194
60,27,-2.356194
60,44,-0.785398
60,64,-1.249046
60,65,-2.356194
60,84,2.356194
60,88,0.000000
60,90,3.141593
61,14,1.570796
61,32,0.785398
61,33,2.356194
61,52,1.249046
61,53,2.356194
61,54,0.785398
61,55,1.570796
61,56,2.356194
61,57,0.785398
61,67,-2.356194
61,71,0.000000
61,72,0.785398
61,78,-2.356194
61,82,0.000000
61,83,2.356194
61,86,0.785398
61,87,2.356194
61,90,-2.356194
62,7,0.785398
62,12,1.249046
62,14,-2.356194
62,19,-0.785398
62,20,3.141593
62,22,1.249046
62,23,3.141593
62,33,-2.356194
62,38,2.356194
62,51,0.321751
62,58,-2.356194
62,69,0.785398
62,73,-1.570796
62,83,-1.570796
62,90,0.785398
63,7,0.000000
63,15,0.000000
63,18,1.570796
63,29,3.141593
63,43,0.785398
63,44,2.356194
63,51,-1.570796
63,66,0.785398
63,71,3.141593
63,74,-2.356194
63,87,-0.321751
63,91,2.819842
64,7,-0.785398
64,12,-1.249046
64,13,3.141593
64,17,0.321751
64,20,0.000000
64,25,1.249046
64,26,2.356194
64,33,-1.570796
64,37,-0.785398
64,44,-2.356194
64,48,0.000000
64,55,3.141593
65,17,-0.785398
65,19,0.000000
65,39,-1.249046
65,40,3.141593
65,54,-0.785398
65,59,2.356194
65,64,0.000000
65,65,3.141593
65,69,3.141593
65,80,0.785398
65,91,-2.819842
66,22,0.321751
66,25,-1.249046
66,26,-2.356194
66,27,3.141593
66,42,0.785398
66,59,-2.819842
66,84,0.785398
66,87,-2.356194
67,7,0.785398
67,22,-0.785398
67,36,-2.356194
67,43,-1.249046
67,44,-2.356194
67,57,0.321751
68,7,0.000000
68,16,0.000000
68,18,1.570796
68,33,3.141593
68,46,0.000000
68,47,1.892547
68,57,-0.785398
68,63,2.356194
68,67,3.141593
68,82,0.000000
69,7,-0.785398
69,22,-1.570796
69,29,1.570796
69,47,-1.249046
69,48,-2.356194
69,49,3.141593
69,62,-1.570796
69,71,0.000000
69,72,3.141593
69,81,-0.785398
69,84,1.570796
69,89,-0.785398
70,17,-1.570796
70,29,3.141593
70,32,0.000000
70,33,3.141593
70,37,0.000000
70,38,3.141593
70,53,0.000000
70,56,0.000000
70,65,0.785398
70,84,-0.321751
71,19,-1.570796
71,21,1.570796
71,29,-1.570796
71,54,0.000000
71,74,0.785398
71,85,-1.249046
71,86,3.141593
72,16,-1.570796
72,21,-1.570796
72,37,0.000000
72,50,0.000000
72,54,-1.570796
72,57,0.000000
72,75,-2.356194
72,83,0.785398
72,91,-1.570796
73,31,1.570796
73,44,3.141593
73,47,0.785398
73,72,3.141593
73,88,0.000000
73,89,1.892547
74,26,-1.570796
74,32,2.819842
74,48,0.000000
74,49,3.141593
74,56,-1.570796
74,58,-1.570796
74,62,-1.570796
74,82,0.785398
75,23,2.356194
75,32,-1.570796
75,47,-0.785398
75,70,-0.321751
75,86,0.000000
75,87,1.892547
75,91,2.819842
76,22,-0.785398
76,24,-2.356194
76,28,1.570796
76,78,0.785398
76,88,2.819842
76,91,-2.356194
77,22,-1.570796
77,32,0.321751
77,34,2.819842
77,41,0.000000
77,43,3.141593
77,79,-2.356194
77,86,1.570796
77,88,-1.570796
77,91,2.356194
78,18,1.570796
78,27,1.570796
78,34,-2.356194
78,91,3.141593
79,25,0.000000
79,26,-0.785398
79,31,-0.785398
79,34,0.785398
79,36,1.249046
79,37,2.356194
79,40,3.141593
79,71,0.785398
79,87,2.819842
79,91,-2.356194
80,18,0.785398
80,34,0.000000
80,72,-2.356194
80,75,-1.249046
80,87,-1.570796
81,18,-0.785398
81,36,-2.356194
81,77,-2.356194
81,81,0.000000
81,82,0.785398
81,83,1.892547
81,88,0.000000
81,89,1.892547
82,17,2.356194
82,20,-1.570796
82,33,0.321751
82,34,-2.819842
82,36,0.785398
83,22,3.141593
83,33,-0.785398
83,36,0.000000
83,76,-0.785398
83,85,2.819842
83,89,-0.785398
83,91,-2.356194
84,13,1.249046
84,15,-1.570796
84,36,-0.785398
84,38,-1.570796
84,82,0.785398
84,85,-1.570796
84,89,0.785398
85,36,-1.570796
85,39,1.570796
85,77,1.570796
85,83,-2.356194
85,86,1.570796
85,90,3.141593
86,19,1.570796
86,26,1.570796
86,33,-1.570796
86,39,-0.321751
86,40,2.819842
86,77,-1.570796
86,87,3.141593
87,30,1.570796
87,35,1.570796
87,40,-1.570796
87,84,0.785398
87,91,2.356194
88,19,2.356194
88,26,-1.570796
88,35,-1.570796
88,85,1.570796
88,91,-2.819842
89,9,-0.785398
89,19,3.141593
89,32,1.570796
89,42,-2.356194
89,64,1.570796
89,85,-0.321751
90,37,1.570796
90,44,0.785398
90,73,0.785398
90,86,-1.249046
90,87,-2.356194
90,88,-0.785398
91,17,-0.321751
91,32,-1.570796
91,45,-2.356194
91,65,-2.356194
91,74,-2.356194
91,81,0.785398
92,25,1.570796
92,27,1.570796
92,37,-1.570796
92,42,2.356194
92,56,1.570796
93,25,-1.570796
93,27,-1.570796
93,32,2.356194
93,41,-0.785398
93,49,1.570796
93,56,0.785398
93,75,0.785398
93,82,-1.570796
93,85,0.785398
94,49,-1.570796
94,53,0.785398
94,56,-0.321751
94,57,2.819842
94,60,0.000000
94,61,3.141593
94,76,-2.356194
94,86,1.570796
95,18,-0.785398
95,31,-1.570796
95,46,1.570796
95,54,-2.356194
95,57,-1.570796
95,90,2.356194
96,29,-1.570796
96,50,0.785398
96,58,-2.356194
96,72,1.570796
96,85,0.785398
96,89,-0.785398
97,24,3.141593
97,78,1.570796
97,82,0.785398
97,87,-1.892547
98,45,-1.570796
98,51,-1.570796
98,73,-2.356194
98,78,-1.570796
98,83,-2.356194
