10,45,1.249046
10,46,2.356194
10,63,0.785398
10,64,1.892547
11,69,0.785398
11,70,1.892547
14,41,0.321751
14,76,1.570796
16,41,-0.321751
17,15,1.249046
17,16,3.141593
19,13,0.321751
19,52,1.892547
20,13,-1.570796
20,44,0.321751
20,71,0.321751
21,57,1.570796
21,71,-1.570796
22,12,0.785398
22,59,2.356194
23,12,-0.785398
23,13,3.141593
23,27,1.249046
23,40,2.356194
23,43,-0.785398
23,44,-1.892547
23,55,-2.356194
23,56,0.000000
23,64,1.249046
23,66,1.570796
23,68,1.892547
23,70,2.356194
24,25,1.249046
24,51,-1.249046
25,24,0.321751
26,38,-0.785398
26,39,-1.892547
26,51,2.356194
26,57,0.000000
26,84,3.141593
27,47,-2.356194
27,48,-0.785398
27,53,0.000000
27,58,0.000000
27,59,0.000000
28,12,3.141593
28,28,0.321751
28,38,0.785398
28,39,1.570796
28,40,2.356194
28,50,-1.249046
28,55,0.000000
28,56,0.785398
28,60,0.000000
28,61,0.000000
29,9,0.321751
29,23,0.321751
29,35,-0.785398
29,36,-1.892547
29,44,0.000000
29,45,1.570796
29,47,1.892547
29,62,0.000000
29,63,0.000000
29,73,3.141593
29,76,0.785398
29,80,-1.892547
30,9,-0.785398
30,23,-0.785398
30,32,-0.785398
30,50,0.785398
30,61,0.000000
30,74,0.000000
30,86,3.141593
31,35,2.356194
31,44,-0.785398
31,45,-1.570796
31,51,-1.249046
31,52,-2.356194
31,72,3.141593
32,22,0.785398
32,24,-1.892547
32,29,3.141593
32,33,-0.785398
32,34,-1.892547
32,49,1.892547
32,73,0.000000
32,78,-2.819842
33,17,0.000000
33,18,1.570796
33,20,1.892547
33,31,2.356194
33,39,0.000000
33,46,0.000000
33,71,2.819842
34,52,0.000000
34,53,0.785398
34,80,0.321751
35,32,-2.356194
35,41,0.785398
35,42,1.570796
35,43,2.356194
35,51,3.141593
35,73,0.785398
36,47,-1.249046
36,48,-2.356194
36,49,-0.785398
36,55,-1.249046
36,66,-1.249046
36,67,-2.356194
37,18,-0.785398
37,29,0.000000
37,30,-2.356194
37,34,0.785398
37,35,1.570796
37,36,2.356194
37,38,-0.785398
37,39,-1.570796
37,40,-2.356194
37,44,1.892547
37,51,0.000000
37,52,1.892547
37,69,-1.570796
37,72,0.000000
37,81,3.141593
38,27,0.000000
38,31,0.000000
38,33,0.000000
38,47,3.141593
38,55,3.141593
38,70,2.356194
38,82,1.570796
38,87,2.356194
39,9,0.785398
39,15,1.249046
39,16,2.356194
39,30,-0.785398
39,37,0.785398
39,38,1.570796
39,39,2.356194
39,41,-0.785398
39,42,-1.570796
39,50,1.249046
39,64,0.000000
39,65,1.570796
39,67,1.570796
39,68,2.356194
39,70,3.141593
39,85,0.785398
39,87,-2.819842
40,9,0.000000
40,26,-2.819842
40,32,1.249046
40,44,-1.249046
40,45,-2.356194
40,77,0.000000
41,9,-0.785398
41,48,-0.785398
41,56,-0.785398
41,57,-1.570796
41,72,-0.785398
41,73,-1.892547
41,78,-0.785398
42,9,2.356194
42,19,0.000000
42,29,1.249046
42,35,-0.785398
42,36,-2.356194
42,37,-0.785398
42,38,-1.570796
42,45,1.892547
42,50,-1.892547
42,60,0.000000
42,76,1.570796
42,87,2.819842
43,8,0.321751
43,17,0.785398
43,18,3.141593
43,27,2.356194
43,33,2.356194
43,45,-1.249046
43,46,-2.356194
43,48,0.000000
43,57,0.785398
43,61,-0.785398
43,71,2.356194
43,76,-0.785398
43,77,-2.356194
44,8,-0.785398
44,14,1.249046
44,15,2.356194
44,37,1.249046
44,38,2.356194
44,39,-0.785398
44,40,-1.570796
44,41,-2.356194
44,42,-0.785398
44,43,-2.356194
44,50,3.141593
44,53,0.785398
44,54,2.356194
44,59,3.141593
44,63,-1.249046
44,69,0.000000
44,73,2.356194
44,75,0.000000
44,79,0.000000
45,12,0.785398
45,19,1.249046
45,34,2.356194
45,45,2.356194
45,53,-0.785398
45,55,2.356194
45,67,0.785398
45,76,0.000000
45,77,1.892547
46,23,-1.892547
46,31,-0.785398
46,33,-1.892547
46,37,-1.249046
46,38,-2.356194
46,55,-2.819842
46,72,-2.356194
46,77,-1.249046
46,83,0.785398
46,84,1.892547
46,90,2.819842
47,15,-1.892547
47,21,-1.570796
47,25,0.000000
47,30,0.000000
47,35,0.785398
47,52,3.141593
47,84,-1.249046
47,90,-2.356194
48,23,1.249046
48,24,3.141593
48,27,2.356194
48,31,-2.356194
48,37,2.356194
48,38,0.785398
48,39,1.570796
48,40,2.356194
48,41,3.141593
48,45,-2.356194
48,46,0.785398
48,47,1.892547
48,55,3.141593
48,79,2.356194
48,90,2.356194
49,17,0.000000
49,19,1.570796
49,28,2.356194
49,33,1.249046
49,34,2.356194
49,35,-0.785398
49,36,-1.892547
49,47,-1.249046
49,48,-2.356194
49,50,3.141593
49,57,0.785398
49,70,3.141593
49,78,0.000000
49,86,-0.321751
49,90,3.141593
50,8,0.785398
50,16,0.785398
50,28,-2.819842
50,32,0.000000
50,33,-1.892547
50,42,0.000000
50,44,3.141593
50,64,0.785398
50,67,1.249046
50,75,0.000000
51,8,0.000000
51,24,0.785398
51,26,0.000000
51,27,-1.892547
51,31,3.141593
51,39,-0.785398
51,56,0.000000
51,57,-0.785398
51,66,-0.785398
51,67,-1.892547
51,69,-0.785398
51,70,-2.356194
51,85,0.785398
51,90,3.141593
52,8,-0.785398
52,17,-1.570796
52,20,-0.785398
52,25,-2.356194
52,30,-1.570796
52,35,0.785398
52,46,-0.785398
52,50,1.570796
52,71,-2.356194
52,75,0.785398
52,79,0.785398
52,90,-2.356194
53,20,-1.570796
53,23,1.249046
53,24,3.141593
53,36,-2.356194
53,47,-0.785398
53,50,0.785398
53,90,2.356194
54,12,1.249046
54,13,2.356194
54,22,0.321751
54,27,2.356194
54,30,0.000000
54,35,0.785398
54,42,2.356194
54,43,3.141593
54,51,-2.356194
54,77,-2.356194
54,81,-2.356194
54,84,0.000000
54,85,0.000000
54,90,3.141593
55,7,0.321751
55,9,-2.356194
55,22,-1.570796
55,26,1.570796
55,37,2.356194
55,38,0.785398
55,41,-0.785398
55,55,3.141593
55,74,2.356194
56,7,-0.785398
56,24,1.249046
56,26,-2.356194
56,30,3.141593
56,33,1.249046
56,61,1.249046
56,62,2.356194
56,63,3.141593
56,73,1.570796
56,91,2.819842
57,16,0.000000
57,19,2.356194
57,31,0.785398
57,33,-1.892547
57,38,0.000000
57,39,-1.570796
57,42,2.819842
57,60,0.000000
57,61,-1.892547
57,73,3.141593
57,88,0.000000
58,14,3.141593
58,18,0.321751
58,19,-2.819842
58,25,0.785398
58,66,1.249046
58,67,2.356194
58,73,-2.356194
58,91,-2.819842
59,15,0.000000
59,25,-1.570796
59,29,2.356194
59,39,2.356194
59,42,3.141593
59,59,-1.570796
59,65,0.321751
59,80,0.785398
60,17,0.321751
60,18,-2.819842
60,20,0.321751
60,33,3.141593
60,37,0.000000
60,38,-1.892547
60,65,-0.785398
60,84,2.356194
60,88,0.000000
60,90,3.141593
61,14,1.570796
61,17,-1.570796
61,20,-1.570796
61,25,0.785398
61,27,-1.892547
61,31,-1.570796
61,43,-2.356194
61,44,0.785398
61,65,-1.570796
61,75,-2.356194
61,86,0.785398
61,87,2.356194
61,90,-2.356194
62,7,0.785398
62,12,1.249046
62,14,-2.356194
62,19,0.785398
62,30,0.785398
62,45,-2.356194
62,58,1.570796
62,90,0.785398
63,7,0.000000
63,15,0.000000
63,18,1.570796
63,21,-0.785398
63,26,3.141593
63,30,0.000000
63,36,2.356194
63,45,0.785398
63,87,-0.321751
63,91,2.819842
64,7,-0.785398
64,12,-1.249046
64,13,3.141593
64,17,0.321751
64,30,-1.570796
64,34,1.249046
64,35,3.141593
64,45,-0.321751
64,58,0.785398
64,85,0.785398
65,17,-0.785398
65,22,0.321751
65,25,0.785398
65,32,1.249046
65,34,-1.892547
65,40,0.785398
65,46,-1.249046
65,47,-2.356194
65,58,0.000000
65,61,3.141593
65,91,-2.819842
66,22,-0.785398
66,25,-0.785398
66,30,0.000000
66,36,1.249046
66,37,3.141593
66,50,3.141593
66,58,-0.785398
66,84,0.785398
66,87,-2.356194
67,7,0.785398
67,22,-1.570796
67,25,-1.570796
67,35,0.000000
67,36,-1.892547
67,40,0.000000
67,67,1.570796
68,7,0.000000
68,16,0.000000
68,18,1.570796
68,27,-1.570796
68,30,-0.785398
68,34,-0.785398
68,39,-0.785398
68,58,2.356194
68,67,0.785398
68,83,3.141593
69,7,-0.785398
69,58,-2.819842
69,68,-2.356194
69,75,2.356194
69,81,-0.785398
69,89,-0.785398
70,17,-1.570796
70,28,2.356194
71,16,-0.785398
71,19,-1.570796
71,35,1.570796
71,39,1.570796
71,56,-1.892547
71,85,0.000000
72,35,2.356194
72,54,-1.570796
72,83,0.785398
72,91,-1.570796
73,49,0.000000
73,50,3.141593
73,53,-0.785398
73,84,-2.356194
73,88,0.000000
73,89,1.892547
74,26,-1.570796
74,31,2.356194
74,33,0.321751
74,37,3.141593
74,41,2.356194
74,58,1.570796
74,76,2.356194
74,82,0.785398
75,22,0.000000
75,33,-0.785398
75,35,-0.785398
75,36,-1.892547
75,40,3.141593
75,75,-0.785398
75,83,1.570796
75,91,2.819842
76,24,-2.356194
76,28,1.570796
76,39,-1.570796
76,58,-1.570796
76,83,-0.321751
76,87,0.785398
76,91,-2.356194
77,28,-1.570796
77,38,-0.785398
77,63,1.570796
77,84,-1.249046
77,86,2.356194
77,88,-1.570796
77,91,2.356194
78,18,1.570796
78,32,2.356194
78,42,0.000000
78,47,2.356194
78,63,-1.570796
78,91,3.141593
79,25,0.000000
79,27,3.141593
79,31,-0.785398
79,86,-0.321751
79,87,2.819842
79,91,-2.356194
80,18,0.785398
80,34,1.570796
80,55,3.141593
80,71,2.356194
80,87,-1.570796
81,20,3.141593
81,68,0.000000
81,88,0.000000
81,89,1.892547
82,22,1.570796
82,34,-1.570796
82,39,0.000000
82,49,0.000000
82,73,1.570796
83,73,-1.570796
83,85,1.570796
83,89,-0.785398
83,91,-2.356194
84,15,-0.321751
84,17,-2.819842
84,22,-1.570796
84,82,0.785398
84,89,0.785398
85,55,1.570796
85,61,1.570796
85,83,-2.356194
85,86,1.570796
85,90,3.141593
86,15,0.321751
86,17,2.819842
86,19,1.570796
86,61,-1.570796
86,87,3.141593
87,19,2.356194
87,41,-1.570796
87,91,2.356194
88,19,-2.819842
88,43,1.570796
88,55,-1.570796
88,88,0.785398
88,91,-2.819842
89,14,-0.785398
89,15,-1.892547
89,30,1.570796
89,32,1.570796
89,49,1.570796
90,19,2.356194
90,30,-1.570796
90,32,-1.570796
90,72,0.000000
90,83,0.785398
90,87,0.785398
91,43,-1.570796
91,49,-1.570796
91,74,-2.356194
91,81,0.785398
91,84,-2.356194
91,90,2.819842
92,25,1.570796
92,27,1.570796
92,29,1.570796
92,82,-2.356194
92,90,-2.356194
93,25,-1.570796
93,27,-1.570796
93,29,-1.570796
93,32,2.356194
93,56,0.785398
93,75,0.785398
94,18,0.321751
94,53,0.785398
94,76,-2.356194
95,18,-0.785398
95,31,-1.570796
95,54,-2.356194
95,90,2.356194
96,58,-2.356194
96,90,-2.819842
97,24,3.141593
97,78,1.570796
97,85,0.000000
97,88,-0.785398
97,89,-1.892547
98,42,0.000000
98,43,3.141593
98,78,-1.570796
