11,37,1.249046
11,38,2.356194
11,39,0.785398
11,40,1.570796
11,41,2.356194
12,28,1.249046
12,29,2.356194
12,33,0.785398
12,34,1.570796
12,35,2.356194
12,61,1.570796
13,14,2.356194
13,37,-2.356194
13,76,0.785398
13,77,1.892547
14,13,-0.785398
14,28,-2.356194
14,40,0.785398
14,59,1.249046
15,40,0.000000
15,61,-2.356194
16,13,2.356194
16,40,-0.785398
17,12,0.321751
18,12,-1.570796
19,53,1.249046
20,55,-2.356194
21,51,0.321751
22,27,0.321751
22,29,2.819842
22,47,1.570796
22,49,1.892547
22,82,3.141593
23,10,0.321751
23,12,3.141593
23,51,-2.356194
23,68,0.321751
24,10,-1.570796
24,26,0.321751
24,30,2.819842
24,38,0.000000
24,43,-0.785398
24,45,-1.570796
24,53,0.785398
24,54,2.356194
24,68,-1.570796
25,26,-1.570796
25,35,-2.356194
25,42,-0.785398
25,47,0.000000
25,49,-2.819842
25,57,-1.570796
25,59,-1.249046
25,61,-1.892547
25,67,1.570796
26,22,0.000000
26,23,1.570796
26,24,2.356194
26,32,-0.785398
26,33,-1.892547
26,51,0.785398
26,65,1.249046
27,29,-0.785398
27,30,-1.892547
27,40,0.000000
27,45,3.141593
27,48,0.785398
27,52,0.000000
28,27,3.141593
28,35,1.249046
28,36,2.356194
28,37,3.141593
28,48,-0.321751
28,69,2.819842
29,24,-2.356194
29,26,-0.785398
29,34,-0.785398
29,35,-1.892547
29,49,-1.249046
29,51,1.892547
29,54,-1.249046
29,73,0.000000
29,74,-1.892547
29,84,2.819842
30,19,0.000000
30,20,1.570796
30,21,2.356194
30,27,0.000000
30,42,0.000000
30,44,0.785398
30,45,1.892547
30,51,-1.249046
30,52,3.141593
30,61,1.570796
30,63,1.249046
30,71,0.785398
30,72,2.356194
30,84,-1.570796
31,24,1.249046
31,25,2.356194
31,45,-1.249046
31,47,1.892547
31,53,2.356194
31,57,0.000000
31,72,-2.356194
32,24,-1.892547
32,34,3.141593
32,37,0.000000
32,39,3.141593
32,47,-1.249046
32,52,-0.785398
32,69,-2.356194
32,72,0.785398
32,76,0.785398
32,77,1.570796
32,78,2.356194
32,79,-0.785398
32,80,-1.892547
33,21,0.000000
33,22,0.000000
33,42,0.000000
33,43,0.785398
33,44,1.892547
33,49,-2.356194
33,54,0.785398
33,72,-0.321751
34,77,-2.819842
35,18,1.249046
35,19,3.141593
35,29,1.249046
35,30,2.356194
35,34,3.141593
35,37,0.000000
35,47,2.356194
35,51,1.570796
35,52,2.356194
35,53,-0.785398
35,54,-1.892547
35,58,-1.249046
35,68,-1.570796
35,69,-2.356194
35,85,2.356194
36,27,1.249046
36,29,-1.892547
36,43,0.785398
36,63,1.892547
36,66,-1.570796
36,73,-1.249046
36,76,-2.819842
37,24,0.000000
37,26,-0.785398
37,27,-1.892547
37,43,-0.785398
37,49,0.000000
37,65,0.000000
38,14,1.249046
38,16,-1.892547
38,22,3.141593
38,30,1.249046
38,31,2.356194
38,43,2.356194
38,46,-0.321751
38,63,-1.892547
38,75,-0.785398
38,76,3.141593
39,6,0.321751
39,8,-2.356194
39,13,-0.785398
39,14,-1.892547
39,29,-0.785398
39,30,-1.892547
39,37,-2.356194
39,41,1.249046
39,43,-2.356194
39,47,-1.249046
39,52,1.570796
39,72,1.249046
39,77,0.000000
39,78,1.892547
39,81,0.000000
39,82,-1.892547
40,6,-0.785398
40,44,-2.356194
40,52,-1.570796
40,80,3.141593
41,15,1.249046
41,16,2.356194
41,33,0.785398
41,34,1.570796
41,41,-2.356194
42,6,0.785398
42,39,-1.570796
42,41,-1.570796
42,55,1.570796
42,71,-0.321751
43,6,-0.785398
43,7,3.141593
43,13,0.000000
43,14,-1.892547
43,36,-2.819842
43,58,1.570796
43,60,0.000000
43,61,3.141593
43,78,1.570796
44,18,1.570796
44,24,-0.785398
44,55,-1.570796
44,67,0.000000
44,68,3.141593
44,78,3.141593
45,17,0.000000
45,28,1.249046
45,29,2.356194
45,32,0.785398
45,33,1.570796
45,45,1.570796
45,47,0.785398
45,58,-1.570796
46,27,-0.785398
46,28,-1.892547
46,51,1.570796
46,55,2.356194
47,13,1.249046
47,14,3.141593
47,20,1.249046
47,21,2.356194
47,33,2.356194
47,41,1.570796
47,45,-1.570796
47,51,0.785398
47,54,1.570796
47,72,-1.570796
47,81,1.892547
47,87,2.356194
48,19,-0.785398
48,20,-1.892547
48,28,0.000000
48,31,0.785398
48,33,-2.819842
48,52,-2.356194
48,54,3.141593
48,57,1.570796
48,82,-2.356194
48,87,3.141593
49,5,0.785398
49,16,1.249046
49,17,3.141593
49,23,1.249046
49,24,2.356194
49,26,3.141593
49,37,1.570796
49,41,-1.570796
49,44,1.570796
49,54,-2.356194
49,60,1.570796
49,66,3.141593
49,79,-0.321751
49,87,-2.356194
50,5,0.000000
50,10,-0.785398
50,11,-1.892547
50,32,2.356194
50,37,-1.570796
50,50,1.570796
50,54,-1.570796
50,60,-1.570796
50,63,-0.785398
50,74,1.570796
50,80,-2.356194
51,5,-0.785398
51,14,0.000000
51,15,-1.892547
51,21,-0.785398
51,32,-2.819842
51,44,-1.570796
51,47,-1.570796
51,74,-1.570796
51,77,1.570796
51,80,0.785398
52,12,1.249046
52,13,3.141593
52,18,0.785398
52,19,2.356194
52,30,0.321751
52,53,1.570796
52,59,1.570796
52,62,1.570796
52,77,-1.570796
52,80,-0.785398
52,81,-2.356194
53,11,0.321751
53,17,-0.785398
53,22,0.000000
53,23,-1.892547
53,25,-1.570796
53,30,-0.785398
53,53,-1.570796
53,56,-1.570796
53,65,1.570796
54,5,0.785398
54,11,-1.570796
54,26,1.570796
54,50,-1.570796
55,5,-0.321751
55,7,2.356194
55,9,0.785398
55,10,2.356194
55,18,-0.785398
55,19,-1.892547
55,26,-0.785398
55,27,-2.356194
55,30,2.356194
55,52,1.570796
55,61,3.141593
55,78,-0.785398
55,87,2.356194
56,25,0.785398
56,30,-2.819842
56,46,2.356194
56,49,1.570796
56,52,2.356194
56,60,-0.785398
56,87,-2.819842
57,6,0.000000
57,10,-2.819842
57,13,1.570796
57,21,3.141593
57,25,-0.785398
57,26,3.141593
57,45,-0.785398
57,51,0.321751
57,52,-2.819842
57,57,-1.570796
57,67,1.570796
57,86,-0.785398
58,13,-2.819842
58,27,0.785398
58,29,3.141593
58,48,-0.785398
58,51,-0.785398
58,63,-0.785398
58,67,-1.570796
58,70,1.570796
59,6,-1.570796
59,8,-1.892547
59,22,1.249046
59,23,3.141593
59,51,-1.570796
59,70,-1.570796
59,79,2.356194
60,4,-0.785398
60,15,1.249046
60,16,3.141593
60,21,0.000000
60,22,-1.892547
60,29,3.141593
60,55,3.141593
60,66,2.356194
60,78,-0.785398
60,82,2.356194
60,85,-0.785398
60,87,2.819842
61,4,0.785398
61,19,1.249046
61,20,3.141593
61,25,1.249046
61,50,2.356194
61,58,-1.570796
61,65,-0.785398
61,68,1.570796
61,71,1.570796
61,87,-2.356194
62,4,-0.321751
62,7,1.570796
62,9,-1.892547
62,18,0.000000
62,19,-1.892547
62,33,2.356194
62,49,-0.785398
62,52,-0.785398
62,74,1.570796
62,77,1.570796
62,80,0.321751
63,16,1.249046
63,17,3.141593
63,22,1.249046
63,32,-0.785398
63,39,2.356194
63,69,0.785398
63,70,3.141593
63,80,-0.785398
64,4,0.000000
64,5,-1.570796
64,10,1.249046
64,12,-1.892547
64,21,0.000000
64,22,-1.892547
64,24,-1.570796
64,45,2.356194
64,55,2.356194
64,69,-0.785398
64,77,2.356194
64,81,-0.785398
64,82,-1.570796
64,83,3.141593
65,10,-1.892547
65,14,0.321751
65,41,2.356194
65,44,1.570796
65,47,2.356194
65,77,-2.819842
66,14,-1.570796
66,18,1.570796
66,24,0.000000
66,44,-2.819842
66,46,-0.785398
66,50,2.356194
66,53,-0.785398
66,56,0.000000
66,57,3.141593
66,68,-0.785398
67,12,1.249046
67,13,3.141593
67,16,1.249046
67,49,-0.785398
67,74,0.321751
68,20,1.249046
68,21,3.141593
68,26,-1.570796
68,29,3.141593
68,41,0.000000
68,42,-1.892547
68,51,1.570796
68,74,-1.570796
68,83,-0.785398
68,84,-1.892547
69,7,3.141593
69,10,0.321751
69,14,0.000000
69,15,-1.892547
69,29,-2.356194
69,51,-1.570796
69,57,-0.785398
69,69,-0.785398
69,80,0.785398
69,81,2.356194
70,10,-0.785398
70,17,1.249046
70,19,-1.892547
70,23,1.249046
70,24,3.141593
70,40,-1.570796
70,81,-2.356194
71,4,0.785398
71,6,3.141593
71,22,0.000000
71,23,-1.892547
71,47,3.141593
71,56,2.356194
71,58,-0.785398
71,62,2.356194
72,9,0.321751
72,11,-2.356194
72,21,-0.785398
72,26,0.000000
72,28,-0.785398
72,34,0.785398
72,35,1.570796
72,36,2.356194
72,38,3.141593
72,45,-0.785398
72,55,-0.785398
72,65,2.356194
72,70,-0.785398
72,82,3.141593
72,88,2.356194
73,3,0.321751
73,14,0.000000
73,19,2.356194
73,30,-1.249046
73,32,1.570796
73,33,3.141593
73,48,2.356194
73,61,-1.570796
73,64,-0.785398
73,75,0.000000
73,84,0.785398
73,85,1.570796
73,88,-2.819842
74,3,-0.785398
74,9,3.141593
74,13,3.141593
74,16,0.785398
74,18,2.356194
74,24,3.141593
74,28,2.356194
74,47,-0.785398
74,71,-0.785398
74,80,-2.356194
75,3,0.785398
75,9,-2.356194
75,12,-1.570796
75,16,-1.570796
75,18,-1.570796
75,21,1.570796
75,27,-0.785398
75,39,2.356194
75,67,2.356194
76,3,-0.321751
76,5,2.356194
76,6,-0.785398
76,11,1.570796
76,15,1.570796
76,19,0.785398
76,24,1.570796
76,83,0.785398
77,15,-2.819842
77,24,-1.570796
77,32,2.356194
77,37,1.570796
77,41,2.356194
77,54,2.356194
77,86,2.819842
78,13,0.321751
78,19,3.141593
78,32,-2.819842
78,37,-2.819842
78,44,2.356194
78,53,-0.785398
78,56,-0.785398
78,64,-0.785398
78,78,1.570796
78,80,-1.570796
78,81,-2.356194
78,82,-0.785398
78,83,-1.892547
79,17,1.570796
79,19,-1.570796
79,26,3.141593
79,30,0.000000
79,31,-1.892547
79,42,0.000000
79,43,0.000000
79,49,1.570796
80,3,0.321751
80,5,-2.356194
80,6,0.785398
80,7,1.570796
80,8,3.141593
80,13,-2.819842
80,17,-2.819842
80,20,2.356194
80,25,-1.570796
80,38,3.141593
80,49,-1.570796
80,53,0.000000
80,54,3.141593
80,67,3.141593
80,78,-2.819842
81,3,-0.785398
81,19,0.000000
81,24,-0.785398
81,28,-0.785398
81,33,0.000000
81,65,-0.785398
81,75,3.141593
82,7,0.785398
82,14,0.321751
82,18,1.570796
82,26,2.356194
82,30,0.000000
82,34,0.000000
82,37,-1.249046
82,38,3.141593
82,42,1.249046
82,68,0.785398
82,77,0.785398
82,81,0.785398
83,4,0.785398
83,9,-0.785398
83,10,-1.892547
83,14,-0.785398
83,17,0.321751
83,18,-2.819842
83,22,2.356194
83,25,-0.785398
83,34,-1.570796
83,44,2.356194
83,50,2.356194
83,60,2.356194
83,67,0.785398
83,71,1.249046
83,72,2.356194
83,73,-0.785398
83,74,-2.356194
83,79,0.785398
84,6,-0.785398
84,7,-1.892547
84,14,-1.570796
84,21,-0.785398
84,54,3.141593
84,58,1.249046
84,59,3.141593
84,63,2.356194
84,67,-0.321751
84,75,0.000000
85,16,0.321751
85,17,-2.819842
85,47,1.249046
85,48,3.141593
85,62,1.570796
86,41,1.249046
86,52,0.000000
86,53,-2.356194
86,56,0.000000
86,57,-1.892547
86,62,-2.819842
86,77,0.000000
86,78,1.570796
86,80,-1.570796
86,81,3.141593
86,88,2.356194
87,2,-0.321751
87,4,-2.819842
87,8,1.249046
87,9,2.356194
87,13,2.356194
87,15,0.321751
87,16,-2.819842
87,19,2.356194
87,26,2.356194
87,39,0.000000
87,40,-0.785398
87,41,-1.892547
87,43,-1.249046
87,50,1.249046
87,51,3.141593
87,54,0.785398
87,55,3.141593
87,60,0.321751
87,84,1.249046
87,86,1.570796
88,7,0.321751
88,10,1.570796
88,15,-0.785398
88,21,1.570796
88,46,-1.249046
88,48,1.570796
88,54,-0.785398
88,60,-0.785398
88,64,1.249046
88,65,2.356194
89,24,-0.785398
89,62,1.249046
89,67,-1.249046
89,68,-2.356194
89,71,2.819842
89,75,1.570796
89,82,0.321751
89,87,2.819842
90,8,-2.356194
90,21,-1.570796
90,43,0.000000
90,44,3.141593
90,49,-0.785398
90,52,2.356194
90,53,-0.785398
90,56,2.356194
90,58,0.785398
90,75,-0.321751
90,79,0.000000
90,87,-2.356194
91,12,2.819842
91,23,1.570796
91,27,2.356194
91,46,0.785398
91,65,0.785398
91,71,-0.321751
91,72,2.819842
91,78,3.141593
91,80,0.000000
91,82,-2.819842
92,14,2.356194
92,69,0.785398
92,72,-1.570796
93,5,-0.321751
93,7,2.356194
93,9,-0.785398
93,10,-1.570796
93,11,-2.356194
93,14,-2.819842
93,20,2.356194
93,26,-1.570796
93,48,0.000000
93,53,0.000000
93,54,2.356194
93,70,-2.356194
93,73,0.000000
93,74,1.892547
93,76,-1.570796
93,78,1.570796
93,87,2.356194
94,13,-0.785398
94,17,2.356194
94,19,-0.785398
94,28,1.570796
94,49,-1.570796
94,54,-1.570796
94,57,-1.249046
94,58,3.141593
94,78,-0.321751
94,80,3.141593
94,82,-1.249046
94,83,-2.356194
94,85,0.785398
95,16,0.321751
95,17,-2.819842
95,25,1.570796
95,55,1.570796
95,68,1.570796
95,74,-0.785398
95,88,2.819842
96,12,0.321751
96,50,-1.570796
96,55,-0.321751
96,56,2.819842
96,59,-1.570796
96,68,-0.321751
96,69,2.819842
96,72,1.570796
97,14,-1.249046
97,19,1.570796
97,22,-1.570796
97,28,-1.570796
97,48,1.570796
97,56,-1.570796
97,69,-2.356194
97,85,-0.785398
97,86,-1.570796
98,11,-0.785398
98,19,-1.570796
98,24,-0.785398
98,48,-1.570796
98,58,3.141593
98,65,-1.570796
98,69,-1.570796
98,73,-2.356194
98,78,3.141593
