10,54,1.249046
10,55,2.356194
10,59,0.785398
10,60,1.892547
11,43,1.249046
11,44,2.356194
11,48,0.785398
11,49,1.570796
11,50,2.356194
12,28,1.249046
12,29,2.356194
12,54,-2.356194
12,60,-0.785398
13,43,-2.356194
14,22,1.249046
14,23,2.356194
14,26,-0.785398
15,21,-0.785398
15,79,3.141593
19,53,0.321751
19,55,2.819842
19,60,2.356194
20,72,0.321751
21,42,0.321751
21,44,2.819842
21,58,-0.785398
21,59,-1.892547
21,72,-1.570796
22,42,-0.785398
22,61,0.785398
23,45,-2.356194
23,48,-0.785398
23,49,-1.570796
23,50,-2.356194
23,55,3.141593
23,61,0.000000
23,65,0.785398
23,66,1.892547
24,37,0.000000
24,38,1.570796
24,40,1.570796
24,61,-0.785398
24,68,1.892547
24,71,2.356194
25,57,1.570796
25,59,1.892547
25,84,2.356194
26,15,2.356194
26,33,1.570796
26,38,0.785398
26,53,-0.785398
26,54,-1.892547
26,63,1.570796
27,33,0.000000
27,40,-0.785398
27,45,0.000000
27,46,1.570796
27,47,3.141593
27,85,1.570796
28,13,0.321751
28,33,-0.785398
28,36,2.356194
28,37,-0.785398
28,38,-1.892547
28,42,-2.356194
28,74,-2.819842
28,81,0.321751
28,85,0.000000
29,13,-0.785398
29,42,0.785398
29,45,1.570796
29,47,0.785398
29,48,2.356194
29,49,0.785398
29,50,1.570796
29,51,2.356194
29,53,0.785398
29,54,1.570796
29,67,2.356194
29,81,-0.785398
29,85,-0.785398
30,47,-1.570796
30,79,1.892547
30,81,2.356194
31,28,1.892547
31,30,1.249046
31,31,2.356194
31,32,-0.785398
31,33,-1.892547
31,49,0.000000
31,50,-2.356194
31,60,0.785398
31,61,2.356194
31,64,-0.785398
31,73,-1.570796
31,75,1.892547
31,81,3.141593
32,37,-2.356194
32,51,0.000000
32,60,-0.785398
32,63,0.000000
32,66,0.000000
32,68,0.785398
32,79,-1.892547
32,81,-2.356194
33,30,-1.570796
33,33,1.249046
33,35,-1.892547
33,41,0.785398
33,49,0.000000
33,50,0.000000
33,57,0.785398
33,60,-1.570796
33,64,0.000000
33,65,0.000000
33,74,0.321751
34,24,0.785398
34,31,0.000000
34,32,-0.785398
34,33,-1.892547
34,38,1.249046
34,51,0.000000
34,52,0.000000
34,55,0.785398
34,62,0.000000
34,63,0.000000
34,66,0.000000
34,71,-2.356194
34,74,-1.570796
34,76,-1.570796
35,28,-2.356194
35,49,0.000000
35,56,0.000000
35,57,0.000000
35,64,0.000000
35,65,0.000000
35,69,0.000000
35,72,0.000000
35,80,0.000000
35,81,-1.570796
35,82,3.141593
36,13,2.356194
36,24,0.321751
36,34,0.000000
36,38,-1.249046
36,39,-2.356194
36,41,-1.249046
36,55,-0.785398
36,62,0.000000
36,79,0.000000
36,89,2.356194
37,12,0.321751
37,32,2.356194
37,57,-0.785398
37,72,0.000000
37,75,-2.356194
37,80,0.000000
37,81,1.892547
37,86,0.785398
37,89,-2.819842
38,12,-0.785398
38,31,3.141593
38,38,3.141593
38,44,-1.249046
38,45,-2.356194
38,55,2.356194
38,63,3.141593
38,66,0.000000
38,67,0.785398
38,73,0.000000
38,74,0.000000
38,78,0.785398
38,83,-1.570796
38,84,3.141593
38,88,-1.892547
39,30,-1.570796
39,35,1.249046
39,36,3.141593
39,47,-0.785398
39,53,-2.356194
39,54,0.000000
39,60,0.000000
39,68,-1.570796
39,71,0.000000
39,72,0.000000
39,76,2.356194
40,27,1.249046
40,28,2.356194
40,34,0.000000
40,35,-1.892547
40,38,2.356194
40,66,-2.356194
40,69,-2.356194
40,73,0.000000
40,77,0.785398
40,79,-1.570796
41,26,0.000000
41,27,-1.892547
41,31,1.249046
41,32,2.356194
41,47,2.356194
41,50,-2.356194
41,71,1.570796
41,84,0.321751
41,85,-2.819842
42,18,0.000000
42,19,1.570796
42,20,2.356194
42,30,0.000000
42,31,-1.892547
42,38,0.000000
42,39,3.141593
42,42,2.356194
42,46,-0.785398
42,49,-0.785398
42,55,2.356194
42,69,0.785398
42,77,-2.356194
43,44,2.356194
43,54,0.000000
43,55,-2.356194
43,72,-2.356194
43,73,-0.785398
43,78,0.000000
43,81,0.785398
43,82,1.570796
43,84,3.141593
44,26,1.249046
44,27,3.141593
44,31,1.249046
44,32,2.356194
44,36,0.785398
44,39,2.356194
44,42,0.000000
44,43,0.000000
44,53,-0.785398
44,60,2.356194
44,66,1.249046
44,67,2.356194
44,75,-1.249046
44,76,-2.356194
44,77,0.000000
45,21,0.000000
45,22,1.570796
45,23,2.356194
45,25,-0.785398
45,26,-1.892547
45,34,0.000000
45,35,0.000000
45,37,0.000000
45,38,0.000000
45,41,-0.785398
45,51,2.356194
45,59,-0.785398
45,65,-0.785398
45,66,-1.892547
45,72,3.141593
45,78,-2.356194
45,82,-0.785398
45,88,2.356194
46,29,-0.785398
46,33,3.141593
46,36,-2.356194
46,43,-0.785398
46,46,2.356194
46,49,1.249046
46,50,3.141593
46,63,0.000000
46,68,1.249046
46,74,0.000000
46,76,3.141593
46,80,0.000000
46,84,-1.249046
46,85,-2.356194
46,86,0.785398
46,88,-2.819842
47,48,0.000000
47,49,-1.892547
47,58,0.000000
47,60,0.785398
47,64,0.000000
47,65,0.785398
47,66,1.570796
47,70,-1.249046
47,71,-2.356194
48,24,0.785398
48,25,3.141593
48,30,0.000000
48,36,0.000000
48,37,0.000000
48,43,2.356194
48,47,3.141593
48,51,-0.785398
48,55,0.321751
48,61,-1.249046
48,62,-2.356194
48,63,0.000000
48,68,-1.570796
48,73,0.000000
48,74,0.785398
48,75,1.892547
48,80,0.000000
48,81,0.785398
48,82,1.892547
49,24,-1.570796
49,33,3.141593
49,38,0.000000
49,42,-0.785398
49,58,-2.356194
49,71,0.785398
49,76,-2.356194
49,77,3.141593
49,82,-1.249046
49,83,-2.356194
49,84,0.785398
50,22,1.249046
50,23,3.141593
50,31,-0.785398
50,37,-0.785398
50,40,-2.356194
50,48,0.785398
50,50,0.000000
50,53,0.785398
50,56,3.141593
50,73,-2.356194
50,74,0.000000
50,79,0.785398
50,85,-1.249046
50,87,-1.892547
50,89,-1.570796
51,25,1.249046
51,26,3.141593
51,48,0.000000
51,63,-2.356194
51,69,0.000000
51,75,-2.356194
51,81,0.785398
51,82,1.892547
52,11,0.321751
52,13,-2.356194
52,23,0.000000
52,24,-0.785398
52,25,-1.892547
52,42,0.785398
52,53,0.321751
52,55,-2.356194
52,56,-0.785398
52,57,-1.892547
52,59,-1.249046
52,60,-2.356194
52,65,0.000000
52,66,0.785398
52,67,1.892547
52,77,0.000000
52,82,-1.249046
52,84,1.892547
53,11,-0.785398
53,21,-1.249046
53,22,-2.356194
53,37,2.356194
53,42,-0.785398
53,53,-0.785398
53,62,2.356194
53,67,-1.249046
53,68,-2.356194
54,41,0.785398
54,49,-2.356194
54,54,0.000000
54,55,1.892547
54,59,0.000000
54,61,-0.785398
54,70,-2.356194
54,76,0.000000
54,85,-1.249046
54,87,1.892547
54,90,2.356194
55,25,3.141593
55,28,2.356194
55,31,2.356194
55,39,1.249046
55,40,3.141593
55,42,-2.356194
55,47,-2.356194
55,51,0.785398
55,52,2.356194
55,78,0.000000
55,79,1.892547
55,82,0.000000
55,83,1.892547
55,90,3.141593
56,11,0.785398
56,23,1.570796
56,30,0.785398
56,33,1.249046
56,35,1.570796
56,37,-1.570796
56,44,-0.785398
56,62,0.000000
56,63,3.141593
56,69,0.000000
56,70,0.785398
56,71,2.356194
56,75,0.785398
56,76,1.892547
56,80,3.141593
56,85,1.892547
56,90,-2.356194
57,11,0.000000
57,22,-0.785398
57,23,-2.356194
57,25,1.249046
57,29,0.785398
57,41,2.356194
57,46,0.000000
57,50,0.000000
57,56,1.570796
57,60,-2.356194
57,71,-1.570796
57,76,-1.249046
57,81,0.000000
58,11,-0.785398
58,43,0.000000
58,48,0.000000
58,56,-0.785398
58,62,0.785398
58,72,-2.356194
58,74,0.785398
58,78,-1.249046
58,79,3.141593
58,90,2.356194
59,11,0.785398
59,31,-2.356194
59,36,1.249046
59,42,0.000000
59,58,-2.356194
59,63,0.000000
59,68,-2.356194
59,81,0.000000
59,90,3.141593
60,11,0.000000
60,22,0.000000
60,47,0.000000
60,52,3.141593
60,55,-1.249046
60,61,0.000000
60,70,0.785398
60,90,-2.356194
61,11,-0.785398
61,23,-0.785398
61,32,2.356194
61,41,3.141593
61,44,0.000000
61,53,2.356194
61,58,-2.356194
61,59,3.141593
61,75,0.785398
61,82,-0.321751
61,86,-1.249046
61,87,3.141593
61,90,2.356194
62,25,0.000000
62,31,-1.892547
62,42,0.000000
62,43,0.000000
62,47,0.000000
62,55,1.249046
62,76,0.000000
62,90,3.141593
63,34,0.785398
63,41,0.785398
63,44,-2.356194
63,49,0.000000
63,57,0.000000
63,70,0.785398
63,73,0.000000
63,77,-2.356194
63,85,2.819842
63,90,-2.356194
64,11,0.785398
64,27,-0.785398
64,31,2.356194
64,38,-1.570796
64,46,0.785398
64,50,0.000000
64,51,0.000000
64,71,0.000000
64,76,0.000000
64,85,-1.570796
65,11,0.000000
65,42,-1.570796
65,43,3.141593
65,47,0.000000
65,49,0.000000
65,52,0.000000
65,58,3.141593
65,64,3.141593
65,77,1.570796
66,11,-0.785398
66,25,2.356194
66,29,0.321751
66,30,-2.819842
66,40,-1.570796
66,44,0.000000
66,45,1.570796
66,46,3.141593
66,69,0.000000
66,70,0.785398
66,77,-0.321751
66,87,0.000000
66,88,1.892547
66,90,2.356194
67,29,-1.570796
67,38,1.249046
67,39,3.141593
67,54,0.785398
67,75,3.141593
67,79,3.141593
67,82,0.000000
67,83,0.785398
67,84,1.892547
67,88,-1.249046
67,90,3.141593
68,32,0.000000
68,33,-1.892547
68,37,0.000000
68,38,-1.892547
68,42,1.249046
68,43,2.356194
68,44,-0.785398
68,45,-2.356194
68,49,1.249046
68,50,2.356194
68,52,3.141593
68,60,0.785398
68,61,1.892547
68,65,0.785398
68,69,0.000000
68,70,0.000000
68,76,0.000000
68,85,2.819842
68,90,-2.356194
69,11,0.785398
69,31,3.141593
69,41,-0.785398
69,42,-1.892547
69,47,2.356194
69,48,-0.785398
69,49,-1.892547
69,61,-1.249046
69,62,3.141593
69,74,3.141593
69,81,0.000000
69,85,-1.570796
70,11,0.000000
70,30,-0.785398
70,45,0.000000
70,46,-1.892547
70,54,1.249046
70,56,-1.570796
70,57,-2.356194
70,58,0.785398
70,59,1.892547
70,71,-0.785398
70,79,2.819842
70,82,-1.570796
71,11,-0.785398
71,25,1.570796
71,53,-0.785398
71,54,-1.892547
71,59,-1.249046
71,61,1.892547
71,65,1.892547
71,70,0.000000
71,74,-0.785398
71,75,-1.570796
71,76,3.141593
71,79,-1.570796
72,25,-2.819842
72,29,-0.785398
72,32,1.570796
72,37,3.141593
72,47,1.249046
72,48,2.356194
72,63,2.356194
72,65,-1.249046
72,66,3.141593
72,77,1.570796
72,88,1.570796
72,91,2.356194
73,23,0.000000
73,24,-1.892547
73,31,0.321751
73,32,-2.819842
73,36,-1.570796
73,40,1.249046
73,41,3.141593
73,46,0.000000
73,47,-1.892547
73,53,1.249046
73,54,2.356194
73,63,-1.570796
73,77,-0.321751
73,78,2.819842
73,91,-2.819842
74,11,0.785398
74,26,1.570796
74,31,-1.570796
74,52,-0.785398
74,53,-1.892547
74,64,0.000000
74,65,1.892547
74,72,-1.570796
74,78,-1.570796
74,86,-2.356194
75,11,0.000000
75,30,-0.785398
75,34,-0.785398
75,38,0.000000
75,39,-1.892547
75,83,-2.356194
76,11,-0.785398
76,25,-0.785398
76,42,1.249046
76,43,3.141593
76,53,0.000000
76,77,1.570796
76,87,1.570796
77,28,1.570796
77,32,2.356194
77,46,1.249046
77,47,3.141593
77,60,0.000000
77,61,1.892547
77,72,0.000000
77,73,1.892547
77,84,0.785398
77,87,-1.570796
78,11,0.785398
78,18,1.249046
78,20,1.892547
78,35,1.570796
78,40,0.000000
78,41,-1.892547
78,61,-1.249046
78,62,-2.356194
78,63,0.785398
78,74,2.819842
78,85,-2.356194
79,11,0.000000
79,23,3.141593
79,34,0.321751
79,35,-2.819842
79,50,1.249046
79,51,2.356194
79,57,0.785398
79,58,1.892547
79,74,-1.570796
79,79,3.141593
80,11,-0.785398
80,18,-1.249046
80,20,-1.892547
80,30,3.141593
80,34,-1.570796
80,43,0.000000
80,44,-1.892547
80,49,-0.785398
80,50,-1.892547
80,58,-1.249046
80,59,-2.356194
80,60,0.785398
80,61,1.892547
80,64,-0.785398
80,66,1.892547
80,88,0.785398
81,25,1.570796
81,29,-1.570796
81,61,-1.249046
81,63,2.356194
81,66,-1.249046
81,67,3.141593
81,72,2.819842
81,76,-2.356194
81,84,-2.356194
81,91,-1.570796
82,24,0.000000
82,28,-0.785398
82,36,-0.785398
82,45,1.249046
82,46,3.141593
82,63,-1.570796
82,68,1.570796
82,72,-1.570796
82,89,-1.570796
83,9,1.892547
83,11,2.356194
83,23,2.356194
83,32,-1.570796
83,40,-0.785398
83,44,0.000000
83,45,-1.892547
83,57,0.000000
83,58,3.141593
83,64,0.000000
83,65,1.892547
83,68,-0.321751
83,69,2.819842
83,73,-2.356194
84,27,2.356194
84,43,-0.785398
84,48,0.000000
84,49,3.141593
84,66,2.819842
84,69,-1.570796
84,90,0.785398
85,9,-1.892547
85,13,2.356194
85,20,-0.785398
85,21,-1.570796
85,26,-0.785398
85,66,-2.356194
85,70,-2.356194
86,54,0.000000
86,55,3.141593
86,91,-1.570796
87,12,0.785398
87,25,2.356194
87,67,-2.356194
88,14,1.570796
88,15,2.356194
88,32,2.356194
88,45,2.356194
88,83,1.570796
89,27,2.356194
89,31,-0.785398
89,44,-0.785398
89,91,1.570796
90,14,0.785398
90,26,-0.785398
90,83,0.785398
91,16,2.356194
91,46,1.570796
91,81,1.570796
91,83,-0.321751
91,84,2.819842
91,91,-1.570796
92,13,0.321751
92,27,2.356194
92,42,2.356194
92,81,-1.570796
92,84,-2.356194
93,45,-0.785398
93,79,1.570796
94,22,1.249046
94,23,2.356194
94,63,1.570796
94,79,-1.570796
94,87,1.570796
95,21,-0.785398
95,37,2.356194
95,40,-1.570796
95,63,-1.570796
95,82,1.570796
95,84,-1.570796
95,91,2.356194
96,43,1.570796
97,35,-0.785398
97,60,1.570796
97,71,0.000000
97,72,3.141593
97,74,1.570796
97,82,-1.570796
98,27,3.141593
98,43,-1.570796
98,60,-1.570796
98,74,-1.570796
