12,59,1.249046
12,60,2.356194
12,80,0.785398
13,23,1.249046
13,24,3.141593
13,81,-2.356194
14,19,1.249046
14,20,2.356194
14,22,-0.785398
14,41,0.785398
14,42,2.356194
14,49,0.785398
14,50,1.570796
14,51,2.356194
14,55,0.785398
14,56,1.570796
15,41,-0.785398
15,58,-1.570796
16,17,0.321751
16,41,0.785398
16,49,0.321751
16,51,2.819842
17,17,-0.785398
17,41,0.000000
17,82,2.819842
18,82,-2.356194
19,41,-0.321751
19,43,-2.819842
20,17,2.356194
20,56,2.356194
20,83,3.141593
21,16,0.321751
21,39,1.892547
21,56,-2.819842
22,16,-1.570796
23,37,-0.321751
23,46,1.892547
23,57,1.249046
24,73,0.000000
24,74,-1.892547
24,77,0.321751
25,36,1.249046
25,54,0.321751
25,59,-2.819842
25,66,0.785398
25,69,1.249046
25,70,2.356194
25,77,-0.785398
26,16,3.141593
26,50,2.819842
26,66,-0.321751
26,77,2.356194
27,24,0.785398
27,25,1.570796
27,27,1.892547
27,44,-1.570796
27,50,-1.570796
27,56,-1.892547
27,58,-2.356194
27,75,1.249046
27,77,3.141593
28,34,2.356194
28,38,0.000000
28,48,-2.356194
28,65,1.249046
28,69,-1.570796
28,71,1.570796
28,73,1.570796
29,11,0.321751
29,25,-0.321751
29,55,2.356194
29,64,0.000000
29,65,-1.892547
29,75,-1.249046
29,77,3.141593
30,11,-1.570796
30,30,-1.570796
30,31,-2.356194
30,36,2.356194
30,37,0.785398
30,60,1.570796
30,61,2.356194
30,62,0.785398
30,63,2.356194
30,71,0.000000
31,63,-2.356194
31,67,2.356194
31,76,0.321751
31,86,3.141593
32,22,1.570796
32,26,-0.321751
32,28,-2.819842
32,57,-2.356194
32,67,3.141593
32,70,0.321751
32,80,1.892547
32,83,0.000000
32,84,-1.892547
33,22,0.000000
33,47,0.000000
33,75,-0.785398
34,54,-1.570796
34,60,-1.570796
34,61,-2.356194
34,62,-0.785398
34,80,-0.785398
35,22,-0.321751
35,30,1.249046
35,55,0.785398
35,56,2.356194
35,57,-0.785398
35,58,-1.892547
36,26,1.892547
36,51,-1.570796
36,55,-1.570796
36,64,-0.321751
36,72,-1.570796
36,73,-2.356194
36,88,3.141593
37,38,-0.785398
37,54,2.356194
37,75,0.785398
37,77,-1.570796
37,79,2.356194
38,21,-0.785398
38,33,-1.892547
38,35,1.570796
38,54,-1.570796
38,63,0.785398
38,75,-0.785398
38,79,-1.570796
38,84,0.321751
39,35,-0.321751
39,37,2.356194
39,39,-0.785398
39,40,-1.892547
39,45,-2.819842
39,75,2.356194
39,80,0.000000
39,81,1.892547
40,22,1.570796
40,43,0.000000
40,44,-1.892547
40,49,0.000000
40,50,-1.892547
40,64,-2.819842
40,70,-2.356194
40,74,-0.785398
40,75,-2.356194
40,81,-1.249046
41,22,-0.785398
41,24,-1.892547
41,26,0.785398
41,27,2.356194
41,89,2.356194
42,10,0.785398
42,26,-0.785398
42,39,0.785398
42,40,1.570796
42,46,1.249046
42,47,3.141593
42,58,0.000000
42,61,-0.785398
42,81,0.785398
42,85,-2.356194
42,87,0.785398
43,10,0.000000
43,17,0.785398
43,18,1.570796
43,19,3.141593
43,32,-1.570796
43,35,0.785398
43,37,-1.892547
43,46,-1.892547
43,64,2.356194
44,10,-0.785398
44,35,-0.785398
44,40,0.785398
44,67,-2.356194
44,75,1.570796
44,87,0.321751
45,23,1.249046
45,24,2.356194
45,25,-0.785398
45,29,1.249046
45,30,3.141593
45,41,-2.356194
45,58,0.785398
45,59,1.570796
45,60,3.141593
45,75,0.000000
45,84,2.356194
45,87,-1.570796
46,20,0.785398
46,21,2.356194
46,22,-0.785398
46,23,-1.892547
46,47,0.000000
46,49,3.141593
46,63,0.000000
46,66,-0.785398
46,67,-1.570796
46,68,3.141593
46,70,1.249046
46,71,2.356194
46,80,0.785398
46,85,0.000000
47,10,0.785398
47,27,-1.570796
47,39,2.356194
47,60,1.570796
47,72,0.000000
47,73,1.570796
47,90,2.356194
48,10,-0.785398
48,12,1.570796
48,13,2.356194
48,19,-0.785398
48,26,1.570796
48,31,1.570796
48,32,3.141593
48,53,3.141593
48,61,-2.356194
48,75,-1.249046
48,76,3.141593
48,90,3.141593
49,25,0.321751
49,26,-2.819842
49,52,-0.785398
49,63,-1.249046
49,65,1.892547
49,71,2.356194
49,72,0.000000
49,83,-1.249046
49,84,-2.356194
49,85,0.785398
49,90,-2.356194
50,25,-0.785398
50,52,-1.570796
50,67,1.570796
50,68,3.141593
51,18,1.249046
51,20,1.570796
51,21,2.356194
51,48,2.356194
51,65,-0.785398
51,70,-0.321751
51,73,-1.570796
51,74,3.141593
52,24,0.000000
52,30,0.000000
52,31,-1.570796
52,32,3.141593
52,47,1.570796
52,66,-0.785398
52,67,-2.356194
52,90,2.356194
53,25,1.570796
53,29,1.570796
53,35,2.356194
53,40,1.570796
53,47,-2.819842
53,52,2.356194
53,57,2.356194
53,68,1.570796
53,77,1.570796
53,82,0.785398
53,88,0.000000
53,90,-2.819842
54,18,-0.785398
54,25,0.000000
54,35,-2.819842
54,45,0.321751
54,62,1.570796
54,73,1.570796
54,74,2.356194
54,77,-0.785398
54,79,1.892547
54,84,1.892547
55,39,1.570796
55,45,-1.570796
55,51,-1.570796
55,56,-1.570796
55,76,2.356194
55,87,0.785398
56,20,0.785398
56,21,2.356194
56,23,0.785398
56,39,3.141593
56,61,3.141593
56,70,0.785398
56,74,0.000000
56,82,-1.249046
56,84,-1.892547
56,91,-2.356194
57,28,-0.785398
57,53,0.000000
57,54,3.141593
57,60,-1.570796
57,70,0.000000
57,72,1.892547
57,74,0.000000
57,88,0.785398
57,91,2.356194
58,20,-2.819842
58,24,0.000000
58,42,0.785398
58,45,2.819842
58,59,3.141593
58,65,3.141593
58,70,-1.570796
58,88,-0.785398
58,91,-2.819842
59,9,0.785398
59,24,-1.570796
59,26,-1.570796
59,34,-1.249046
59,35,-2.356194
59,37,0.785398
59,68,0.000000
59,76,-2.356194
59,79,1.570796
59,87,0.785398
60,9,0.000000
60,28,2.356194
60,43,0.000000
60,45,-1.570796
60,46,-2.356194
60,48,0.785398
60,49,1.570796
60,50,2.356194
60,51,0.785398
60,52,1.892547
60,57,0.321751
60,58,-2.819842
60,79,-0.785398
60,87,-0.321751
61,9,-0.785398
61,18,-1.570796
61,21,1.249046
61,22,3.141593
61,35,0.785398
61,36,1.892547
61,52,-1.249046
61,54,1.892547
61,57,-0.785398
61,72,-0.785398
61,75,-1.570796
61,77,1.249046
61,78,3.141593
62,19,0.785398
62,21,-1.892547
62,32,3.141593
62,38,-1.570796
62,39,-2.356194
62,54,-1.249046
62,55,3.141593
62,57,2.356194
62,81,-0.785398
62,82,3.141593
62,85,0.785398
62,89,-1.570796
63,19,-0.785398
63,31,-0.785398
63,36,-0.785398
63,47,0.785398
63,50,3.141593
63,61,1.570796
63,77,-1.249046
63,83,0.000000
63,84,2.356194
63,86,-1.570796
63,90,1.570796
64,15,1.249046
64,16,2.356194
64,32,2.356194
64,36,0.785398
64,42,-0.785398
64,43,-1.892547
64,58,-2.356194
64,64,1.249046
64,65,2.356194
64,84,-1.570796
64,91,2.819842
65,14,0.321751
65,18,3.141593
65,28,3.141593
65,32,-2.819842
65,48,-0.785398
65,49,-2.356194
65,50,-0.785398
65,51,-1.570796
65,52,-2.356194
65,55,-0.785398
65,56,-1.892547
65,67,1.570796
65,74,3.141593
65,79,-0.785398
65,81,1.570796
65,85,1.570796
65,88,0.000000
65,89,2.356194
65,91,-2.356194
66,35,0.000000
66,36,-1.892547
66,67,-0.785398
66,68,-2.356194
66,79,-1.570796
66,81,-0.321751
66,82,2.819842
66,85,-0.321751
66,86,2.819842
66,89,-2.356194
66,91,-1.570796
67,14,-0.321751
67,20,0.321751
67,64,-1.570796
67,65,-2.356194
67,66,0.000000
67,71,-0.785398
67,82,-1.570796
67,86,-2.356194
67,89,0.785398
68,9,0.785398
68,33,3.141593
68,38,1.249046
68,39,2.356194
68,48,1.249046
68,50,1.570796
68,51,2.356194
68,52,3.141593
68,55,0.000000
68,67,0.000000
68,68,0.785398
68,75,1.570796
68,76,2.356194
68,83,2.356194
68,89,-0.321751
68,90,2.819842
69,11,2.356194
69,17,1.570796
69,22,1.249046
69,23,3.141593
69,32,-1.570796
69,36,1.249046
69,38,-1.892547
69,46,0.000000
69,47,-0.785398
69,48,-1.892547
69,62,-1.249046
69,63,-2.356194
69,65,0.785398
69,72,-0.785398
69,82,1.570796
69,90,-1.570796
70,31,1.570796
70,35,0.000000
70,36,-1.892547
70,69,-1.570796
70,80,0.785398
70,85,0.000000
70,86,-0.785398
70,88,2.819842
71,9,-0.785398
71,31,-2.819842
71,34,1.570796
71,44,3.141593
71,54,1.570796
71,57,1.249046
71,58,2.356194
71,82,-1.249046
71,83,-2.356194
71,84,0.000000
71,88,-2.356194
71,91,-1.570796
72,33,0.321751
72,34,-2.819842
72,49,2.356194
72,51,3.141593
72,54,-0.785398
72,55,-2.356194
72,68,-2.356194
72,69,0.785398
72,74,-2.356194
72,76,0.000000
72,79,-0.785398
73,18,1.249046
73,20,-2.356194
73,33,-1.570796
73,48,-0.785398
73,53,1.570796
73,57,-1.249046
73,58,-2.356194
73,61,0.785398
73,62,1.892547
73,77,-2.356194
73,83,1.570796
73,86,1.570796
74,15,0.785398
74,16,1.570796
74,27,0.000000
74,28,-1.892547
74,37,-1.570796
74,40,1.570796
74,42,0.000000
74,43,3.141593
74,52,-0.785398
74,65,-0.785398
74,66,-1.570796
74,80,1.570796
74,87,-2.356194
74,88,-0.785398
74,90,2.819842
75,20,-0.785398
75,26,1.570796
75,56,0.000000
75,74,1.570796
75,75,2.356194
75,83,0.785398
75,90,-1.570796
76,22,-2.356194
76,25,0.321751
76,26,-2.819842
76,47,3.141593
76,62,3.141593
76,65,0.000000
76,66,0.785398
76,84,3.141593
77,18,-1.570796
77,21,1.570796
77,29,1.570796
77,34,2.356194
77,41,0.785398
77,62,-2.356194
77,67,-1.249046
77,68,-2.356194
77,69,0.785398
77,77,0.785398
77,85,-2.356194
77,88,1.570796
78,19,0.785398
78,24,0.321751
78,25,-2.819842
78,28,0.321751
78,29,-2.819842
78,43,3.141593
78,51,3.141593
78,71,2.819842
78,74,0.785398
78,78,2.819842
79,19,-0.785398
79,24,-1.570796
79,28,-1.570796
79,32,-0.785398
79,41,0.000000
79,42,-1.892547
79,64,0.785398
79,65,1.570796
79,66,2.356194
79,67,0.785398
79,71,-2.356194
79,76,3.141593
79,78,-2.356194
79,86,0.785398
80,9,0.785398
80,15,1.249046
80,16,2.356194
80,23,1.570796
80,27,-0.785398
80,35,1.249046
80,36,3.141593
80,45,0.000000
80,54,0.000000
80,68,-1.570796
80,71,0.785398
80,78,0.785398
80,84,1.570796
80,89,0.785398
80,91,2.356194
81,9,0.000000
81,18,3.141593
81,22,0.321751
81,23,-2.819842
81,31,2.356194
81,34,0.321751
81,69,1.570796
81,71,-0.785398
81,73,2.356194
81,75,-2.356194
81,78,-0.321751
81,79,2.819842
81,81,-1.570796
81,89,-0.321751
81,91,-2.819842
82,9,-0.785398
82,15,-1.249046
82,17,-1.892547
82,22,-1.570796
82,26,2.356194
82,30,-0.785398
82,34,-1.570796
82,60,2.356194
82,62,-1.570796
82,69,-0.321751
82,75,2.356194
82,79,-2.356194
82,84,-1.570796
83,42,1.570796
83,47,0.000000
83,48,3.141593
83,58,0.000000
83,70,-1.570796
83,73,0.000000
83,75,-2.356194
83,79,-1.570796
83,82,1.570796
84,25,2.356194
84,37,1.570796
84,71,2.356194
84,73,-0.785398
84,85,1.570796
84,88,0.785398
84,90,2.356194
85,9,2.356194
85,24,0.321751
85,25,-2.819842
85,32,-0.785398
85,36,0.321751
85,37,-2.819842
85,41,-0.785398
85,61,0.785398
85,62,1.892547
85,69,0.000000
85,73,2.356194
85,82,-1.570796
85,85,0.785398
85,90,3.141593
86,11,1.249046
86,24,-1.570796
86,28,2.356194
86,36,-1.570796
86,60,-0.785398
86,62,-1.249046
86,63,3.141593
86,71,-1.249046
86,73,3.141593
86,85,-0.321751
86,86,2.819842
86,90,-2.356194
87,17,1.249046
87,18,3.141593
87,23,1.570796
87,40,2.356194
87,73,-2.356194
87,80,1.570796
87,86,-2.356194
88,11,-1.249046
88,13,-1.570796
88,14,-2.356194
88,16,-0.785398
88,17,-1.892547
88,22,0.321751
88,23,-2.819842
88,65,-2.356194
88,67,-1.570796
88,73,0.000000
88,83,1.570796
88,86,0.785398
88,90,2.356194
89,9,-2.356194
89,22,-1.570796
89,26,1.570796
89,34,-0.785398
89,58,0.000000
89,59,3.141593
89,62,0.785398
89,80,-1.570796
89,83,0.785398
89,86,-0.321751
90,25,0.321751
90,26,-2.819842
90,38,-0.785398
90,63,-2.356194
90,65,1.570796
90,68,1.570796
90,70,1.570796
90,72,-1.570796
90,83,-0.321751
90,84,2.819842
91,25,-1.570796
91,84,-2.356194
91,87,-0.321751
92,20,1.570796
92,24,-0.785398
92,32,2.356194
92,59,1.570796
92,68,-1.570796
92,84,0.785398
92,91,2.356194
93,8,0.321751
93,10,2.819842
93,17,1.249046
93,20,-2.819842
93,27,2.356194
93,59,-1.570796
93,81,1.570796
93,86,1.570796
94,23,2.356194
94,26,-0.785398
94,65,-1.570796
94,81,2.356194
95,13,1.249046
95,14,2.356194
95,19,-2.819842
95,56,0.785398
95,74,-1.570796
95,78,0.785398
95,81,3.141593
95,86,-0.321751
96,16,-1.249046
96,22,2.356194
96,30,-1.570796
96,38,0.785398
96,78,0.000000
96,89,2.819842
97,18,-1.249046
97,19,-2.356194
97,21,-0.785398
97,33,2.356194
97,37,0.785398
97,39,-2.356194
97,57,-1.570796
97,62,1.570796
97,66,2.356194
97,69,-1.570796
97,72,1.570796
97,78,-0.785398
97,80,-0.785398
98,32,-0.785398
98,38,-2.356194
98,62,-1.570796
98,65,-0.785398
98,72,-1.570796
98,78,-1.570796
