8,35,1.249046
8,36,2.356194
8,44,0.785398
8,45,1.570796
8,46,2.356194
9,60,2.356194
10,31,1.249046
10,32,2.356194
10,33,-0.785398
12,16,0.785398
12,17,1.570796
12,18,2.356194
12,20,0.785398
12,21,1.570796
12,22,2.356194
12,29,-0.785398
12,68,2.356194
13,11,1.249046
13,12,3.141593
14,54,0.321751
15,9,0.321751
15,54,-1.570796
15,64,0.321751
16,9,-1.570796
16,31,0.785398
16,34,1.249046
16,40,0.785398
16,41,2.356194
16,44,-0.785398
16,45,-1.570796
16,46,3.141593
16,64,-1.570796
17,40,-0.785398
17,49,1.249046
17,51,1.892547
17,53,2.356194
18,37,2.819842
18,40,0.785398
19,28,1.249046
19,34,-1.892547
19,37,-1.570796
19,46,1.249046
19,51,-1.892547
19,62,-0.785398
19,64,2.819842
19,82,3.141593
20,20,0.321751
20,22,2.819842
20,53,-0.785398
20,64,-2.356194
21,7,0.321751
21,9,3.141593
21,20,-0.785398
21,26,-0.785398
21,37,0.000000
21,38,-1.892547
21,40,-1.570796
21,54,1.570796
22,7,-1.570796
22,18,1.570796
22,34,2.356194
22,35,0.785398
22,36,2.356194
22,42,2.356194
22,55,3.141593
23,18,0.000000
23,20,-0.785398
23,25,1.570796
23,29,-0.785398
23,33,-1.892547
23,36,-1.570796
23,56,0.000000
23,57,1.570796
23,64,2.356194
24,18,-0.785398
24,24,-0.785398
24,38,2.356194
24,39,-0.785398
24,40,-1.892547
24,47,1.892547
24,61,1.249046
24,64,-2.819842
24,74,1.570796
24,76,-1.892547
25,13,0.785398
25,14,2.356194
25,22,-0.785398
25,29,0.000000
25,30,-1.892547
25,44,-0.785398
25,45,-1.892547
25,49,1.570796
25,50,2.356194
25,52,0.785398
25,53,1.570796
25,54,2.356194
25,55,0.785398
26,13,-0.785398
26,16,2.356194
26,28,1.570796
26,34,1.249046
26,36,-1.892547
26,40,1.249046
26,41,2.356194
26,63,-1.570796
26,65,1.570796
26,66,2.356194
26,71,-0.785398
26,72,-1.570796
26,83,2.356194
27,20,1.249046
27,21,3.141593
27,27,-0.785398
27,28,-2.356194
27,32,1.249046
27,34,-1.892547
27,39,0.000000
27,40,-1.892547
27,49,-2.819842
28,6,0.785398
28,8,1.249046
28,9,2.356194
28,19,0.000000
28,20,-1.892547
28,25,1.570796
28,29,0.785398
28,30,2.356194
28,31,-0.785398
28,32,-1.892547
28,46,-0.785398
28,56,-1.570796
28,57,-2.356194
28,58,-0.785398
29,14,-2.819842
29,29,-1.570796
29,34,1.249046
29,35,3.141593
29,51,-0.785398
29,52,-1.892547
30,16,1.249046
30,17,3.141593
30,22,1.249046
30,28,2.356194
30,32,1.249046
30,34,-1.892547
30,38,1.249046
30,39,2.356194
30,63,2.819842
31,8,-2.819842
31,16,-1.892547
31,20,1.249046
31,22,-1.892547
31,28,-1.570796
31,36,1.249046
31,38,-1.892547
31,46,1.249046
31,48,-1.570796
31,49,-2.356194
31,53,-0.785398
31,68,0.785398
31,70,1.249046
31,72,1.570796
31,73,2.356194
31,75,0.785398
31,76,1.892547
32,3,-0.785398
32,5,-1.249046
32,10,0.000000
32,25,-1.570796
32,34,1.249046
32,36,-1.892547
32,57,2.356194
32,61,-1.249046
32,68,0.000000
32,85,0.785398
33,8,0.785398
33,9,3.141593
33,18,0.000000
33,19,-1.892547
33,23,1.249046
33,24,3.141593
33,39,1.249046
33,40,2.356194
33,46,-2.356194
33,68,-0.785398
33,70,-1.249046
33,72,-2.356194
33,76,-0.785398
33,85,0.000000
33,87,1.892547
34,8,-1.570796
34,12,-1.570796
34,33,-1.892547
34,38,0.000000
34,39,-1.892547
34,56,-1.570796
34,57,-2.356194
34,68,2.356194
34,73,1.570796
34,78,3.141593
35,2,0.785398
35,11,1.570796
35,54,-0.785398
35,62,0.785398
35,63,1.570796
35,64,2.356194
35,66,0.785398
35,73,-0.321751
35,78,-2.356194
35,84,0.321751
36,2,0.000000
36,11,-2.819842
36,20,0.000000
36,21,-1.892547
36,29,0.321751
36,41,1.249046
36,42,2.356194
36,46,2.356194
36,54,0.785398
36,69,3.141593
36,76,0.785398
36,87,-1.249046
36,89,-2.356194
37,5,3.141593
37,29,-1.570796
37,36,-0.785398
37,40,0.321751
37,46,3.141593
37,54,0.000000
37,67,-0.785398
37,70,1.570796
37,82,0.785398
38,2,-0.321751
38,17,1.249046
38,18,3.141593
38,23,0.000000
38,24,-1.892547
38,27,1.249046
38,28,3.141593
38,34,2.356194
38,40,-0.785398
38,54,-0.785398
38,67,2.356194
38,72,1.570796
38,85,2.819842
39,7,0.321751
39,12,1.570796
39,16,0.321751
39,21,1.249046
39,22,3.141593
39,32,1.249046
39,46,0.000000
39,75,-2.356194
40,7,-1.570796
40,12,-2.819842
40,16,-1.570796
40,31,0.000000
40,40,-1.570796
40,48,2.356194
40,72,-0.785398
40,73,-2.356194
41,2,-0.785398
41,6,1.570796
41,15,1.570796
41,28,1.249046
41,29,2.356194
41,35,2.819842
41,46,0.000000
41,53,0.321751
41,55,-2.356194
41,66,-1.892547
41,69,-1.249046
41,70,-2.356194
41,79,3.141593
41,87,2.356194
41,89,0.785398
41,90,2.356194
42,6,-2.819842
42,9,0.321751
42,15,-2.819842
42,22,1.249046
42,23,3.141593
42,26,0.000000
42,28,-1.892547
42,32,0.000000
42,33,-1.892547
42,35,-2.356194
42,46,-0.785398
42,53,-1.570796
42,63,-0.785398
42,64,-1.892547
43,35,2.356194
43,46,0.785398
43,49,1.249046
43,50,2.356194
43,74,1.249046
43,75,2.356194
43,81,0.000000
43,91,2.819842
44,3,0.321751
44,9,-2.819842
44,12,0.321751
44,29,1.249046
44,30,3.141593
44,35,3.141593
44,40,0.000000
44,46,-0.785398
44,47,-2.356194
44,48,-0.785398
44,49,-1.892547
44,73,0.000000
44,74,-1.892547
44,77,0.000000
44,78,1.892547
45,3,-0.785398
45,7,0.321751
45,12,-1.570796
45,15,0.321751
45,19,0.321751
45,24,0.000000
45,25,-1.892547
45,29,-1.892547
45,44,0.785398
45,45,2.356194
45,55,1.570796
45,69,0.785398
45,71,1.249046
45,72,3.141593
46,15,-1.570796
46,19,-1.570796
46,27,-1.570796
46,31,1.249046
46,45,-2.356194
46,51,0.785398
47,6,0.321751
47,7,-2.819842
47,14,-0.785398
47,30,0.000000
47,54,-0.785398
47,55,-1.570796
47,56,3.141593
47,70,-0.785398
47,79,-0.785398
48,6,-1.570796
48,24,1.249046
48,25,3.141593
48,28,1.249046
48,29,3.141593
48,34,2.819842
48,79,2.356194
49,9,-0.785398
49,34,-2.356194
49,79,3.141593
49,82,-0.321751
49,90,3.141593
50,2,-1.570796
50,12,1.570796
50,22,0.000000
50,23,-1.892547
50,70,2.356194
50,91,2.356194
51,4,1.570796
51,8,2.356194
51,12,2.356194
51,15,-0.785398
51,21,-0.785398
51,34,2.356194
51,42,2.356194
51,66,0.000000
51,69,-0.785398
51,70,-2.356194
51,75,-0.785398
51,77,-1.249046
51,91,-2.819842
52,4,-2.819842
52,7,1.570796
52,11,0.321751
52,12,-2.819842
52,33,0.000000
52,41,-0.785398
52,57,-0.785398
52,90,-1.892547
53,2,0.321751
53,6,0.321751
53,7,-2.819842
53,11,-1.570796
53,20,2.356194
53,31,1.249046
53,32,3.141593
53,75,0.785398
54,2,-0.785398
54,16,-0.785398
54,19,-0.785398
54,22,0.321751
54,26,0.321751
54,81,-0.321751
54,88,2.819842
55,2,-1.570796
55,5,0.321751
55,6,-2.819842
55,9,1.570796
55,22,-1.570796
55,26,-1.570796
55,41,-1.570796
55,44,0.000000
55,48,-0.785398
55,49,-1.892547
55,53,3.141593
55,67,1.570796
56,5,-1.570796
56,8,0.321751
56,9,-2.819842
56,18,2.356194
56,25,3.141593
56,62,2.356194
56,76,-2.356194
56,80,0.785398
56,88,-2.819842
57,24,-1.570796
57,27,0.321751
57,32,1.249046
57,33,2.356194
57,39,1.570796
57,61,-1.570796
58,4,2.356194
58,7,0.321751
58,8,-2.819842
58,23,1.570796
58,27,-1.570796
58,35,3.141593
58,40,2.819842
58,60,3.141593
58,68,-2.356194
58,74,-2.356194
58,78,-0.321751
58,79,2.819842
58,89,1.892547
59,3,0.000000
59,4,-2.356194
59,7,-1.570796
59,11,2.356194
59,22,0.321751
59,23,-2.819842
59,26,1.570796
59,40,-2.356194
59,66,-1.570796
59,79,-1.570796
59,90,2.819842
60,2,-0.785398
60,5,0.785398
60,6,3.141593
60,18,1.570796
60,22,-1.570796
60,25,0.321751
60,26,-2.819842
60,33,-0.785398
60,37,3.141593
60,56,1.249046
60,57,2.356194
60,59,3.141593
60,84,-1.249046
60,90,-2.356194
61,5,-0.785398
61,17,0.321751
61,18,-2.819842
61,21,1.570796
61,25,-1.570796
61,28,0.321751
61,59,-2.356194
61,75,0.785398
61,76,2.356194
62,9,1.570796
62,17,-1.570796
62,21,-2.819842
62,24,1.570796
62,28,-1.570796
62,34,0.785398
62,35,3.141593
62,37,0.785398
62,38,3.141593
62,56,-1.570796
62,58,1.570796
62,75,-0.785398
62,78,1.570796
62,81,0.000000
62,82,-2.356194
63,9,-2.819842
63,12,1.570796
63,16,1.570796
63,19,0.321751
63,24,-2.819842
63,34,-1.570796
63,46,2.356194
63,58,-2.819842
63,61,1.570796
63,68,1.570796
63,78,-0.785398
63,80,2.356194
63,83,1.570796
63,86,-0.321751
64,11,0.321751
64,12,-2.819842
64,15,0.321751
64,16,-2.819842
64,19,-0.785398
64,22,0.321751
64,37,-2.819842
64,46,3.141593
64,51,2.356194
64,52,3.141593
64,57,-0.785398
64,64,-1.570796
64,73,1.570796
64,76,0.000000
64,77,2.356194
64,83,-0.321751
64,84,2.819842
64,91,2.819842
65,7,-1.892547
65,43,1.249046
65,44,3.141593
65,68,0.785398
65,77,-2.356194
65,80,-0.321751
65,81,2.819842
65,91,-2.356194
66,2,0.321751
66,11,-2.819842
66,14,0.321751
66,15,-2.819842
66,21,0.321751
66,22,-2.819842
66,34,0.321751
66,46,0.000000
66,48,0.785398
66,50,-2.819842
66,58,0.785398
66,68,-0.321751
66,77,0.785398
66,81,-1.570796
67,2,-0.785398
67,5,-2.819842
67,9,0.321751
67,25,2.356194
67,34,-1.570796
67,41,0.321751
67,46,-1.570796
67,69,-1.249046
67,71,1.892547
67,75,1.570796
67,77,-0.785398
67,82,0.000000
67,83,2.356194
67,87,3.141593
67,90,-2.356194
68,9,-1.570796
68,13,0.321751
68,14,-2.819842
68,20,0.321751
68,21,-2.819842
68,24,0.321751
68,25,-2.819842
68,36,1.570796
68,62,-1.570796
68,65,0.785398
68,66,1.892547
68,72,3.141593
68,75,-0.321751
68,90,0.785398
69,4,3.141593
69,8,1.570796
69,13,-0.785398
69,28,1.570796
69,40,0.000000
69,41,-2.356194
69,43,1.570796
69,48,-0.785398
69,60,0.000000
69,67,2.819842
69,73,1.570796
69,79,-0.321751
69,87,3.141593
69,91,2.819842
70,8,-2.819842
70,19,0.321751
70,20,-2.819842
70,23,0.321751
70,24,-2.819842
70,27,0.321751
70,28,-2.819842
70,39,1.570796
70,42,-0.785398
70,52,1.249046
70,53,2.356194
70,55,3.141593
70,61,-1.249046
70,63,1.892547
70,67,-2.356194
70,73,-0.321751
70,88,0.000000
70,89,2.356194
70,91,-2.356194
71,7,-1.892547
71,23,-1.570796
71,27,-1.570796
71,34,-0.785398
71,39,-2.819842
71,50,1.249046
71,52,-1.892547
71,78,2.819842
71,89,-2.356194
71,91,-1.570796
72,2,-0.785398
72,12,1.570796
72,18,0.321751
72,19,-2.819842
72,37,0.321751
72,50,-1.892547
72,55,0.000000
72,65,2.819842
72,68,0.000000
72,72,1.570796
72,78,-1.570796
72,85,-1.570796
72,89,0.785398
73,11,0.321751
73,12,-2.819842
73,18,-0.785398
73,22,2.356194
73,29,-0.785398
73,33,2.356194
73,37,-1.570796
73,48,-1.570796
73,60,0.785398
73,61,1.892547
73,65,-1.570796
73,72,-0.321751
73,73,2.819842
73,75,-0.321751
73,76,2.819842
73,79,1.570796
73,82,-0.785398
73,89,-0.321751
73,90,2.819842
74,8,1.249046
74,9,2.356194
74,18,2.356194
74,21,0.321751
74,22,-2.819842
74,25,-0.785398
74,36,1.570796
74,40,1.570796
74,46,1.249046
74,47,3.141593
74,62,2.819842
74,69,-0.321751
74,70,2.819842
74,73,-2.356194
74,79,-0.321751
74,80,2.819842
74,90,-2.356194
75,3,0.785398
75,8,-1.892547
75,11,-2.819842
75,14,2.356194
75,18,-2.819842
75,28,2.356194
75,35,0.321751
75,36,-2.819842
75,45,0.321751
75,51,1.249046
75,52,2.356194
75,62,-1.570796
75,66,0.785398
75,70,-1.570796
75,76,-0.321751
75,77,2.819842
76,3,-0.785398
76,13,0.321751
76,14,-2.819842
76,16,0.321751
76,20,0.321751
76,21,-2.819842
76,27,-0.785398
76,31,1.570796
76,35,-1.570796
76,40,-1.570796
76,45,-1.570796
76,50,0.000000
76,51,-1.892547
76,63,1.570796
76,66,-0.321751
76,67,2.819842
76,77,-1.570796
76,80,-0.321751
76,81,2.819842
77,9,0.321751
77,10,-2.819842
77,13,-0.785398
77,16,-0.785398
77,20,-0.785398
77,23,1.570796
77,30,0.321751
77,31,-2.819842
77,48,1.249046
77,49,3.141593
77,59,1.570796
77,63,-0.321751
77,64,2.819842
77,67,-1.570796
77,81,-2.356194
77,84,0.785398
78,2,0.785398
78,9,-0.785398
78,13,2.356194
78,20,-1.570796
78,23,2.356194
78,26,1.570796
78,30,-1.570796
78,34,2.356194
78,43,1.570796
78,54,0.000000
78,56,3.141593
78,60,3.141593
78,85,2.819842
78,88,0.785398
79,2,0.000000
79,5,1.570796
79,12,0.321751
79,13,-2.819842
79,22,0.321751
79,23,-2.819842
79,33,0.321751
79,34,-2.819842
79,37,1.570796
79,42,0.321751
79,43,-2.819842
79,46,0.321751
79,64,-0.321751
79,65,2.819842
79,72,0.785398
79,75,2.819842
79,82,0.785398
79,83,3.141593
79,85,-2.356194
79,90,3.141593
80,2,-0.785398
80,5,-2.819842
80,12,-1.570796
80,22,-1.570796
80,33,-1.570796
80,46,-1.570796
80,51,3.141593
80,65,-1.570796
80,75,-2.356194
80,82,-0.785398
81,8,2.356194
81,18,1.570796
81,28,-0.785398
81,37,2.356194
81,41,0.321751
81,42,-2.819842
81,73,2.819842
81,86,0.785398
81,87,3.141593
81,89,-1.570796
82,4,-2.819842
82,7,0.321751
82,8,-2.819842
82,21,2.356194
82,36,0.321751
82,37,-2.819842
82,45,-1.570796
82,56,0.000000
82,58,0.785398
82,70,0.000000
82,71,2.356194
82,73,-2.356194
82,86,-0.785398
83,7,-1.570796
83,17,1.570796
83,20,0.321751
83,21,-2.819842
83,24,-1.570796
83,36,-0.785398
83,40,0.321751
83,41,-2.819842
83,47,1.570796
83,54,3.141593
83,59,-2.356194
83,71,-2.356194
84,3,-0.785398
84,4,3.141593
84,6,1.570796
84,13,1.570796
84,16,0.321751
84,17,-2.819842
84,20,-0.785398
84,36,-1.570796
84,46,0.321751
84,47,-2.819842
84,71,0.785398
85,2,0.785398
85,12,0.321751
85,13,-2.819842
85,16,-0.785398
85,20,2.356194
85,39,0.321751
85,40,-2.819842
85,46,-1.570796
85,82,1.570796
85,90,0.785398
86,2,0.000000
86,12,-0.785398
86,19,0.321751
86,20,-2.819842
86,22,1.570796
86,39,-0.785398
86,50,-1.570796
86,56,1.570796
86,67,2.356194
86,87,0.785398
86,91,2.819842
87,8,3.141593
87,25,1.570796
87,30,2.356194
87,34,1.570796
87,39,-1.570796
87,48,1.570796
87,56,0.785398
87,64,0.785398
87,65,2.356194
87,67,3.141593
87,82,2.356194
87,87,-0.321751
87,89,3.141593
87,91,-2.356194
88,2,0.000000
88,18,0.321751
88,19,-2.819842
88,29,0.321751
88,30,-2.819842
88,51,1.570796
88,56,-0.321751
88,57,2.819842
88,64,-0.785398
88,67,-2.356194
88,70,0.785398
88,73,-0.321751
88,74,2.819842
88,80,0.785398
88,82,3.141593
89,2,-0.785398
89,4,-1.570796
89,29,-0.785398
89,34,-1.570796
89,57,-2.356194
89,70,-0.321751
89,71,2.819842
89,74,-2.356194
89,80,-0.785398
89,82,-2.356194
89,91,-1.570796
90,5,0.000000
90,17,0.321751
90,18,-2.819842
90,37,0.000000
90,38,3.141593
90,42,1.570796
90,50,-0.785398
90,71,-2.356194
90,80,0.785398
91,17,-0.785398
91,41,0.321751
91,42,-2.819842
91,61,0.785398
91,80,0.000000
92,6,-0.785398
92,14,2.356194
92,32,1.570796
92,41,-0.785398
92,45,-0.785398
92,49,2.356194
92,61,-0.321751
92,62,2.819842
92,80,-0.785398
93,3,0.785398
93,4,2.356194
93,13,0.321751
93,16,1.570796
93,28,2.356194
93,36,1.570796
93,51,1.570796
93,62,-2.356194
93,88,2.356194
94,3,-0.785398
94,10,3.141593
94,16,-2.819842
94,27,0.321751
94,28,-2.819842
94,75,-2.356194
94,83,0.000000
94,88,3.141593
95,7,0.321751
95,12,0.321751
95,13,-2.819842
95,15,-0.785398
95,27,-0.785398
95,36,2.356194
95,40,2.356194
95,43,1.570796
95,53,1.570796
95,81,0.000000
95,88,-2.356194
96,3,0.785398
96,7,-1.570796
96,35,0.321751
96,36,-2.819842
96,39,0.321751
96,40,-2.819842
96,82,-1.249046
96,83,3.141593
97,4,3.141593
97,12,-2.819842
97,19,-1.570796
97,22,-1.570796
97,35,-0.785398
97,39,-0.785398
97,43,-1.570796
97,56,-1.570796
97,62,-1.570796
97,65,-1.570796
97,78,-1.570796
97,84,-0.785398
97,88,-1.570796
98,5,-0.785398
98,6,-1.570796
98,7,-2.356194
98,8,-0.785398
98,9,-1.570796
98,11,-1.892547
98,15,-1.570796
98,27,-1.570796
98,31,-1.570796
98,35,-1.570796
98,39,-1.570796
98,46,-1.570796
98,50,-1.570796
98,53,-1.570796
98,69,-1.570796
98,72,-1.570796
