5,41,1.249046
6,58,0.785398
6,59,1.570796
6,60,2.356194
6,65,0.785398
6,66,1.570796
6,67,2.356194
7,39,0.321751
7,43,-2.819842
7,52,1.570796
7,53,3.141593
7,77,2.356194
8,58,0.321751
8,60,2.819842
8,65,0.321751
8,67,2.819842
9,34,1.570796
9,35,2.356194
9,38,-0.785398
9,39,-1.570796
9,41,-1.892547
10,50,-1.892547
10,58,-0.321751
10,60,-2.819842
10,67,3.141593
10,74,-0.321751
10,78,2.819842
11,30,1.249046
11,32,-1.570796
11,67,-2.356194
12,67,2.356194
12,85,1.249046
14,70,1.892547
15,71,2.819842
15,76,-1.249046
15,78,-1.570796
15,80,1.570796
16,55,-1.570796
16,56,-2.356194
16,58,-0.785398
16,59,-1.570796
16,61,1.570796
16,88,-0.321751
16,90,-2.819842
17,16,1.249046
17,17,2.356194
17,24,-0.785398
17,38,1.249046
17,39,2.356194
17,73,1.892547
17,85,1.892547
18,15,0.321751
18,26,0.000000
18,27,1.570796
18,28,2.356194
18,43,1.892547
18,52,-2.356194
18,68,-1.892547
19,15,-0.785398
19,38,-1.249046
19,46,0.785398
19,47,1.570796
19,49,-1.892547
19,70,0.321751
19,88,3.141593
20,42,-0.785398
20,43,-1.892547
20,61,1.249046
20,79,1.249046
21,47,2.356194
21,51,0.321751
21,53,2.819842
21,59,1.249046
21,70,-1.570796
21,87,-2.819842
22,47,3.141593
22,58,0.321751
22,74,0.321751
22,81,-1.892547
23,27,0.321751
23,56,1.892547
23,62,-2.356194
23,63,-0.785398
23,64,-1.570796
23,65,-2.356194
23,74,-0.785398
23,76,-1.249046
23,83,-0.321751
24,32,1.892547
24,34,1.249046
24,40,2.819842
24,47,-2.819842
24,74,2.356194
25,27,-0.321751
25,72,1.570796
25,78,3.141593
25,89,2.819842
26,32,-1.892547
26,38,-1.249046
26,45,-1.892547
26,47,1.570796
26,67,-0.785398
27,27,0.321751
27,47,0.000000
27,49,1.892547
27,63,2.356194
27,74,-1.570796
27,76,-1.249046
27,78,3.141593
28,35,2.356194
28,43,3.141593
28,51,1.892547
28,62,-1.892547
28,73,2.356194
28,91,-2.356194
29,47,0.000000
29,49,-1.892547
29,71,-1.570796
29,73,-1.570796
30,44,2.819842
30,47,-0.785398
30,51,-0.785398
30,62,1.570796
30,63,2.356194
30,64,0.785398
30,65,1.570796
30,66,2.356194
30,69,0.785398
30,70,2.356194
30,74,0.785398
31,32,0.321751
31,37,1.570796
31,51,2.356194
31,88,1.892547
31,91,2.819842
32,32,-1.570796
32,37,0.000000
32,39,-0.785398
32,40,-1.892547
32,44,-2.819842
32,49,1.249046
32,51,-2.356194
32,53,1.249046
32,72,1.892547
32,91,-2.356194
33,31,2.356194
33,49,-1.892547
33,52,-0.785398
33,53,-1.892547
33,56,-0.785398
33,57,-1.892547
33,60,0.000000
33,61,1.570796
33,66,2.356194
33,79,1.249046
34,37,3.141593
34,46,-1.892547
34,90,-2.356194
35,41,0.321751
35,76,0.321751
36,15,2.356194
36,33,2.356194
36,34,-0.785398
36,37,-2.819842
36,44,-2.819842
36,61,0.321751
36,71,-2.819842
36,76,-0.785398
36,78,-1.249046
36,79,-2.356194
36,81,0.785398
36,82,2.356194
36,85,0.000000
36,89,-2.356194
37,41,0.000000
37,43,-1.892547
37,65,2.356194
37,69,-0.785398
37,70,-1.892547
37,82,-2.356194
37,85,-0.785398
37,89,0.785398
38,33,2.819842
38,36,2.356194
38,41,-0.785398
38,62,-2.356194
38,63,-0.785398
38,64,-1.892547
38,85,0.785398
39,12,0.321751
39,36,-2.819842
39,85,0.000000
39,91,-2.356194
40,12,-1.570796
40,41,0.785398
40,82,0.785398
41,41,0.000000
41,90,-2.356194
42,23,1.570796
42,30,-1.570796
42,80,1.249046
42,90,-1.570796
43,27,-1.892547
43,39,1.892547
43,87,0.785398
44,88,2.819842
45,21,-0.785398
45,23,-1.249046
45,48,2.356194
46,81,-2.356194
46,82,0.785398
47,33,0.321751
47,35,2.819842
47,40,-0.785398
47,79,-0.785398
47,90,3.141593
48,28,0.000000
48,83,0.000000
49,23,0.785398
49,28,-0.785398
49,35,3.141593
49,83,-0.785398
49,87,-0.785398
50,23,0.000000
50,28,0.785398
50,32,0.321751
50,39,1.570796
50,88,1.570796
51,30,1.892547
51,37,1.249046
51,39,-2.356194
51,75,0.785398
51,76,1.892547
51,80,1.570796
51,84,0.785398
51,90,3.141593
52,23,-0.321751
52,32,-1.570796
52,74,0.785398
52,77,2.819842
52,81,3.141593
53,65,0.785398
53,82,0.000000
53,87,3.141593
53,89,-2.356194
54,66,0.000000
54,67,1.570796
54,68,2.356194
54,77,-2.819842
55,23,-0.785398
55,40,0.785398
55,83,-0.785398
55,86,-0.785398
55,88,2.356194
56,19,1.249046
56,20,3.141593
56,27,2.819842
56,40,0.000000
56,74,-2.356194
56,83,0.785398
56,85,1.570796
56,88,-2.356194
57,18,0.321751
57,40,-0.785398
57,85,3.141593
57,91,1.570796
58,27,3.141593
58,80,0.785398
58,81,2.356194
58,91,-1.570796
59,18,3.141593
59,27,-2.356194
59,33,2.356194
59,41,3.141593
59,80,-0.785398
60,31,1.249046
60,74,0.785398
60,80,0.785398
61,14,1.249046
61,16,-1.570796
61,28,-2.356194
61,48,-2.356194
61,65,0.785398
61,74,0.000000
61,80,-0.321751
61,90,-1.570796
62,12,0.000000
62,25,0.321751
62,38,-2.356194
62,65,0.000000
62,74,-1.570796
62,76,0.000000
62,77,1.892547
62,84,-1.570796
63,65,-0.785398
63,67,2.356194
63,73,1.570796
64,25,0.000000
64,27,1.570796
64,28,2.356194
64,33,-2.819842
64,39,2.819842
64,66,-0.785398
64,67,-2.356194
64,77,-0.785398
64,79,2.356194
64,85,0.785398
65,39,-2.356194
65,47,-2.356194
65,78,-0.785398
65,79,-2.356194
65,85,-0.321751
65,86,2.819842
66,35,0.321751
66,72,-2.356194
66,75,-2.356194
66,80,-2.356194
66,83,1.570796
66,91,-1.570796
67,13,0.785398
67,20,1.249046
67,21,2.356194
67,35,-0.785398
67,39,0.785398
67,83,-0.321751
67,84,2.819842
67,86,-0.321751
67,87,2.819842
68,13,0.000000
68,24,-1.249046
68,80,0.785398
68,84,-1.570796
68,87,-2.356194
69,13,-0.785398
69,20,-1.570796
69,29,-2.819842
69,34,0.321751
69,36,-2.356194
69,38,-0.785398
69,81,-2.356194
70,34,-0.785398
70,73,-1.570796
70,85,0.785398
71,22,0.000000
71,23,1.570796
71,25,1.570796
71,26,2.356194
71,28,2.356194
71,40,-0.785398
71,82,0.785398
71,85,-0.321751
71,86,2.819842
71,88,-1.570796
73,35,-2.356194
73,83,-1.570796
73,86,-0.321751
73,87,2.819842
73,91,2.356194
74,87,-1.570796
74,89,1.249046
75,29,2.356194
75,84,0.785398
76,29,-2.819842
76,42,0.785398
76,43,2.356194
76,45,3.141593
77,24,0.321751
77,28,-0.785398
77,31,1.570796
78,31,-1.570796
78,42,-0.785398
78,43,3.141593
78,82,0.785398
78,86,0.000000
79,26,2.356194
79,79,0.785398
79,91,-2.356194
80,13,0.785398
80,88,-2.356194
81,13,0.000000
81,31,0.785398
81,32,1.892547
81,41,2.356194
81,47,3.141593
81,84,0.000000
82,13,-0.785398
82,23,-1.249046
82,40,0.000000
82,41,-2.356194
82,64,0.785398
83,32,-0.785398
83,38,0.785398
83,39,3.141593
83,53,1.570796
83,72,1.249046
83,73,2.356194
83,87,1.892547
84,32,0.785398
84,38,-0.785398
84,66,1.570796
85,25,2.356194
85,28,2.356194
85,33,2.819842
86,28,-2.356194
86,33,-1.570796
86,64,1.249046
86,72,0.000000
86,73,1.570796
86,90,2.819842
87,20,2.356194
87,23,-0.785398
87,24,-1.570796
87,26,-1.892547
87,29,0.000000
87,30,2.356194
87,43,-1.570796
87,55,2.356194
87,57,0.785398
87,58,1.570796
87,59,2.356194
87,61,0.785398
87,62,1.570796
87,70,2.819842
87,86,2.356194
88,30,-2.356194
88,51,0.321751
88,70,-2.356194
88,73,0.785398
88,81,0.000000
88,88,0.785398
88,90,-2.819842
89,17,0.785398
89,20,2.819842
89,37,-2.356194
89,40,-2.356194
89,54,2.356194
89,62,0.000000
89,64,3.141593
89,67,-0.785398
89,73,-0.321751
89,83,-1.249046
90,22,1.249046
90,29,0.000000
90,30,-1.570796
90,31,-2.356194
90,49,0.000000
90,53,-0.785398
90,54,-2.356194
90,59,1.570796
90,62,-1.570796
90,69,-1.570796
90,70,3.141593
90,76,-1.570796
90,78,-1.570796
90,81,2.819842
90,89,3.141593
91,20,-1.570796
91,27,1.249046
91,28,3.141593
91,34,0.785398
91,35,1.570796
91,36,2.356194
91,42,0.000000
91,43,3.141593
91,55,0.000000
91,56,1.892547
91,67,2.356194
91,71,0.785398
91,72,2.356194
91,81,-1.570796
92,22,-1.249046
92,38,3.141593
92,51,0.785398
92,56,-1.249046
92,67,-1.570796
92,71,-1.570796
92,78,3.141593
92,87,-1.249046
92,89,3.141593
93,24,-1.249046
93,68,0.785398
93,70,2.356194
93,79,-2.356194
93,89,-2.356194
94,26,-1.570796
94,35,2.356194
94,52,-1.570796
94,53,-2.356194
94,68,-1.570796
94,70,-1.570796
94,81,0.000000
94,82,-0.785398
94,83,-1.570796
94,84,3.141593
94,89,2.356194
95,34,-0.785398
95,50,-0.785398
95,55,1.570796
95,65,-2.356194
95,66,0.785398
95,71,0.000000
95,72,1.892547
95,87,0.785398
95,89,-2.819842
96,44,-0.785398
96,50,2.356194
96,55,-0.785398
96,57,1.892547
96,73,2.819842
97,39,0.000000
97,40,0.785398
97,41,1.892547
97,49,-0.785398
97,50,-2.356194
97,54,1.570796
97,57,-1.249046
97,58,-2.356194
97,63,-1.249046
97,64,3.141593
97,68,-1.249046
97,70,1.892547
97,80,0.000000
97,88,-2.819842
98,41,-1.249046
98,42,-2.356194
98,44,3.141593
98,53,-0.785398
98,65,-2.356194
98,70,-1.249046
98,71,-2.356194
98,72,-0.785398
98,76,0.000000
98,78,3.141593
98,86,-0.785398
98,87,-1.892547
