11,48,1.249046
11,49,2.356194
12,43,1.249046
12,44,2.356194
12,71,1.570796
13,26,1.249046
13,27,2.356194
13,48,-1.570796
14,43,-2.356194
15,18,2.356194
15,24,-0.785398
15,79,2.356194
17,16,0.000000
17,17,-2.356194
19,51,0.321751
20,30,0.785398
20,41,1.249046
20,45,1.570796
21,15,0.785398
21,51,-0.321751
21,55,-1.570796
21,56,3.141593
22,32,3.141593
22,43,-1.570796
22,47,-2.819842
22,72,0.321751
23,13,1.249046
23,32,-1.570796
23,51,0.321751
23,53,2.819842
24,15,-2.356194
24,63,3.141593
24,70,1.249046
24,72,3.141593
25,34,0.785398
25,40,0.000000
25,44,0.785398
25,48,2.356194
25,50,-0.785398
25,51,-1.570796
25,53,-1.570796
25,54,-2.356194
25,58,0.785398
25,59,1.892547
26,40,-1.570796
26,61,-1.570796
26,63,-2.356194
26,68,-1.570796
27,9,0.321751
27,20,0.785398
27,34,-0.321751
27,39,2.356194
27,59,-1.570796
27,64,0.000000
27,65,1.570796
27,73,2.819842
28,9,-0.785398
28,20,0.000000
28,47,-2.356194
28,67,-1.249046
28,68,-2.356194
28,73,-2.356194
29,9,2.356194
29,20,-0.785398
29,40,-2.356194
29,44,-0.785398
29,45,-1.892547
29,57,-0.785398
29,58,-1.570796
29,59,-2.356194
29,65,2.356194
30,7,1.249046
30,9,3.141593
30,23,0.000000
30,24,1.570796
30,33,-0.785398
30,34,-1.892547
30,85,3.141593
31,9,-2.356194
31,67,2.356194
31,74,2.356194
31,81,1.249046
32,23,0.321751
32,37,0.000000
32,38,-1.570796
32,39,-2.356194
32,42,0.785398
32,43,1.892547
32,48,0.785398
32,49,1.570796
32,50,2.356194
32,68,0.000000
32,69,1.570796
32,75,0.000000
32,76,1.892547
32,83,-2.356194
33,4,0.321751
33,23,-0.785398
33,28,-1.570796
33,61,0.785398
33,62,2.356194
33,63,0.785398
33,64,1.570796
34,4,-1.570796
34,23,0.785398
34,30,2.356194
34,42,0.000000
34,43,-1.892547
34,66,-1.249046
35,9,2.356194
35,15,0.785398
35,23,0.000000
35,29,-1.892547
35,48,1.570796
35,55,2.356194
35,60,-0.785398
35,68,-1.249046
35,70,1.570796
35,79,-2.356194
36,8,0.321751
36,20,2.356194
36,47,-0.785398
37,8,-0.785398
37,10,0.000000
37,11,1.892547
37,13,1.249046
37,18,2.356194
37,25,-1.892547
37,27,-1.570796
37,41,0.785398
37,42,1.570796
37,43,2.356194
37,50,0.785398
37,51,1.570796
37,65,-1.249046
37,66,-2.356194
37,68,0.785398
38,3,0.785398
38,8,2.356194
38,17,-1.892547
38,21,-2.356194
38,22,-0.785398
38,23,-1.892547
38,30,1.570796
38,31,3.141593
38,49,0.000000
38,55,0.000000
38,56,1.570796
38,57,2.356194
38,59,0.785398
38,60,1.892547
38,84,2.819842
39,3,0.000000
39,5,0.785398
39,6,1.570796
39,8,-2.356194
39,27,0.000000
39,28,-1.892547
39,44,2.356194
39,46,0.000000
39,50,-0.785398
39,70,-1.249046
39,71,-2.356194
39,72,0.785398
39,77,-1.249046
40,3,-0.785398
40,9,0.785398
40,11,-1.570796
40,12,3.141593
40,19,0.000000
40,32,2.356194
40,33,0.785398
40,34,2.356194
40,42,-0.785398
40,47,2.356194
40,58,2.356194
40,74,2.819842
40,86,1.892547
40,88,2.356194
41,17,1.249046
41,18,3.141593
41,20,1.570796
41,34,-1.570796
41,38,1.249046
41,39,2.356194
41,44,0.000000
41,46,-0.785398
41,57,-1.892547
41,63,-1.570796
41,79,-0.321751
42,9,-2.819842
42,16,-0.785398
42,17,-1.892547
42,20,0.000000
42,28,1.249046
42,30,-1.892547
42,36,2.356194
42,37,-0.785398
42,42,0.000000
42,43,0.000000
42,52,0.000000
42,54,-0.785398
42,55,-1.892547
42,61,-2.356194
42,62,0.000000
42,69,1.249046
42,70,2.356194
42,74,-0.785398
42,75,-2.356194
42,76,0.785398
42,77,1.892547
43,14,-1.570796
43,20,-1.570796
43,26,0.785398
43,33,1.249046
43,35,-1.892547
43,39,0.000000
43,40,3.141593
43,44,0.000000
43,45,3.141593
43,58,-0.785398
43,59,-1.892547
43,65,-1.892547
43,72,0.000000
43,77,-1.249046
43,78,3.141593
44,2,0.785398
44,12,1.249046
44,13,3.141593
44,19,1.570796
44,31,1.249046
44,33,-1.892547
44,38,0.000000
44,42,0.000000
44,43,0.000000
44,47,1.249046
44,48,2.356194
44,49,3.141593
44,54,2.356194
44,61,0.000000
44,62,-0.785398
44,67,-1.570796
45,2,0.000000
45,6,1.570796
45,12,-1.892547
45,24,1.570796
45,28,0.785398
45,29,2.356194
45,36,0.000000
45,39,2.356194
45,45,2.356194
45,51,0.000000
45,58,0.000000
45,59,3.141593
45,64,0.000000
45,65,0.785398
45,69,-0.785398
45,70,-2.356194
45,76,2.356194
46,6,-2.356194
46,15,1.249046
46,16,3.141593
46,22,0.785398
46,28,-1.570796
46,37,0.000000
46,43,-0.785398
46,44,-1.892547
46,55,2.356194
46,56,3.141593
46,61,0.000000
46,62,0.785398
46,63,2.356194
46,66,-1.249046
46,67,-2.356194
46,73,-1.249046
46,78,2.356194
47,7,0.785398
47,9,-1.892547
47,13,1.249046
47,15,-1.892547
47,19,-0.785398
47,26,2.356194
47,31,-0.785398
47,53,-0.785398
47,58,0.000000
47,63,-2.356194
47,70,0.000000
47,71,3.141593
47,78,-1.570796
47,84,-1.892547
47,86,-1.249046
47,88,3.141593
48,23,0.000000
48,25,-1.892547
48,38,0.000000
48,39,-1.892547
48,43,1.249046
48,44,2.356194
48,50,0.000000
48,56,3.141593
48,60,0.000000
48,62,0.000000
48,66,0.000000
48,73,0.000000
48,74,-0.785398
48,88,-2.356194
49,3,0.321751
49,10,1.249046
49,17,1.249046
49,18,3.141593
49,23,-1.570796
49,35,0.000000
49,37,0.000000
49,42,-0.785398
49,43,-1.892547
49,53,0.785398
49,68,0.000000
49,70,0.785398
49,71,1.892547
49,77,0.785398
49,82,-2.356194
50,3,-1.570796
50,13,1.570796
50,16,0.000000
50,17,-1.892547
50,21,1.249046
50,22,3.141593
50,34,3.141593
50,39,2.356194
50,40,0.000000
50,46,-0.785398
50,50,2.356194
50,54,0.000000
50,65,0.000000
50,66,0.785398
50,72,-2.356194
50,73,3.141593
50,88,2.356194
51,6,0.785398
51,7,2.356194
51,8,-0.785398
51,9,-1.892547
51,13,0.000000
51,20,0.000000
51,21,-1.892547
51,27,-0.785398
51,36,1.249046
51,38,-1.892547
51,42,2.356194
51,43,3.141593
51,47,0.000000
51,48,-0.785398
51,52,0.000000
51,53,0.000000
51,58,0.000000
51,63,0.000000
51,64,0.000000
51,68,-2.356194
51,70,0.000000
51,75,0.000000
51,85,1.249046
51,88,-2.819842
52,6,-0.785398
52,13,-1.570796
52,18,1.249046
52,19,3.141593
52,34,0.000000
52,35,-0.785398
52,40,0.000000
52,41,-1.892547
52,45,1.249046
52,46,3.141593
52,51,3.141593
52,54,0.000000
52,55,3.141593
52,59,0.000000
52,65,0.000000
52,72,3.141593
52,80,0.785398
52,81,1.570796
52,83,-1.570796
53,6,2.356194
53,17,0.000000
53,18,-1.892547
53,22,1.249046
53,23,3.141593
53,28,0.000000
53,29,-1.892547
53,33,3.141593
53,38,2.356194
53,44,-0.785398
53,53,-0.785398
53,58,0.000000
53,63,0.785398
53,69,3.141593
53,88,3.141593
54,3,0.785398
54,4,2.356194
54,5,-0.785398
54,6,-2.356194
54,16,1.570796
54,26,1.249046
54,27,3.141593
54,31,0.000000
54,32,-1.892547
54,35,1.249046
54,46,0.000000
54,47,0.000000
54,50,-2.356194
54,55,0.000000
54,67,0.000000
54,73,0.785398
54,81,-2.819842
55,3,-0.785398
55,7,0.785398
55,8,2.356194
55,19,1.249046
55,21,-1.892547
55,24,1.249046
55,29,1.249046
55,30,3.141593
55,34,0.000000
55,35,-1.892547
55,40,3.141593
55,48,0.000000
55,49,2.356194
55,63,-0.785398
55,64,-1.892547
55,68,0.000000
55,69,0.785398
55,70,1.570796
55,71,3.141593
55,74,-1.249046
55,75,3.141593
56,7,-0.785398
56,19,-1.892547
56,23,0.000000
56,37,0.000000
56,43,0.000000
57,3,0.785398
57,12,1.570796
57,21,1.249046
57,22,3.141593
57,35,1.249046
57,36,3.141593
57,55,1.249046
57,57,1.570796
57,66,-0.785398
57,67,-1.570796
57,68,-2.356194
57,69,0.000000
57,80,-1.249046
57,81,-2.356194
57,88,1.892547
57,90,2.356194
58,3,-0.321751
58,5,2.356194
58,11,0.000000
58,12,-2.356194
58,34,0.321751
58,38,0.000000
58,42,-2.356194
58,43,-0.785398
58,46,2.356194
58,52,0.785398
58,53,2.356194
58,71,2.356194
58,72,3.141593
59,13,0.785398
59,14,2.356194
59,23,0.000000
59,34,-0.785398
59,55,-1.249046
59,57,-1.570796
59,58,-2.356194
59,59,-0.785398
59,60,-1.892547
59,62,1.570796
59,80,1.570796
59,81,2.356194
59,82,0.785398
59,83,1.892547
59,86,-0.321751
60,9,1.570796
60,21,0.000000
60,25,0.000000
60,36,1.249046
60,37,2.356194
60,38,0.785398
60,50,-2.356194
60,62,-0.321751
60,64,2.356194
60,70,-1.249046
60,71,-2.356194
60,76,-0.785398
60,77,-1.892547
61,7,2.356194
61,8,-0.785398
61,9,-2.356194
61,13,-2.819842
61,30,0.785398
61,31,1.570796
61,41,-2.356194
61,44,-0.785398
61,45,-1.570796
61,46,3.141593
61,52,-1.249046
61,53,-2.356194
61,59,0.785398
61,60,1.892547
62,2,-0.785398
62,10,0.785398
62,20,0.785398
62,38,-0.785398
62,39,-1.892547
62,47,0.000000
62,50,3.141593
62,62,-0.785398
62,63,-2.356194
62,70,0.000000
62,78,0.785398
62,82,1.892547
63,10,-1.570796
63,13,0.785398
63,14,2.356194
63,26,0.321751
63,45,0.785398
63,59,-0.785398
63,60,-1.892547
63,64,-2.356194
64,5,-2.819842
64,8,0.785398
64,9,3.141593
64,13,-0.785398
64,23,0.000000
64,24,1.892547
64,29,1.249046
64,30,2.356194
64,39,1.892547
64,51,0.000000
64,89,2.819842
65,8,-1.570796
65,13,2.356194
65,17,0.000000
65,19,-0.785398
65,20,-1.892547
65,33,1.249046
65,34,2.356194
65,35,-0.785398
65,43,2.356194
65,45,-0.785398
65,52,0.000000
65,68,0.785398
65,69,1.570796
65,70,2.356194
65,86,0.000000
65,87,-1.892547
65,89,-1.570796
66,2,0.321751
66,12,0.000000
66,13,-2.356194
66,17,-1.570796
66,31,0.000000
66,32,-0.785398
66,33,-1.892547
66,47,0.000000
66,51,0.000000
66,82,2.819842
67,2,-0.785398
67,14,0.785398
67,15,2.356194
67,28,-2.819842
67,35,0.000000
67,43,0.000000
67,45,0.785398
67,68,-0.785398
67,69,-1.570796
67,70,-2.356194
67,73,0.785398
67,74,1.892547
67,78,1.570796
67,86,2.819842
68,2,0.785398
68,6,0.000000
68,14,-0.785398
68,20,1.249046
68,21,3.141593
68,30,1.249046
68,31,2.356194
68,32,3.141593
68,42,0.000000
68,78,-0.785398
68,83,0.000000
68,84,2.356194
69,2,-0.321751
69,7,0.000000
69,8,1.570796
69,9,3.141593
69,29,-0.785398
69,30,-1.892547
69,36,0.785398
69,43,0.000000
69,44,3.141593
69,47,-1.249046
69,48,-2.356194
69,49,3.141593
69,58,-0.785398
69,59,-1.570796
69,60,-2.356194
69,77,3.141593
69,84,-2.356194
69,86,-0.321751
69,87,2.819842
69,90,2.356194
70,13,1.570796
70,23,0.000000
70,72,0.000000
70,73,1.892547
70,80,-0.785398
70,81,3.141593
70,84,0.785398
70,90,-2.819842
71,3,2.356194
71,6,0.785398
71,10,2.356194
71,12,-0.785398
71,13,-2.356194
71,17,0.000000
71,18,-1.892547
71,21,1.249046
71,22,3.141593
71,26,0.000000
71,37,-2.819842
71,40,1.570796
71,42,2.356194
71,52,0.000000
71,61,0.785398
71,62,1.892547
71,65,1.249046
71,66,2.356194
71,76,-0.785398
71,77,-2.356194
71,78,0.785398
71,79,2.356194
71,82,1.570796
72,2,0.321751
72,14,0.785398
72,15,2.356194
72,24,1.249046
72,25,3.141593
72,29,1.249046
72,30,3.141593
72,34,1.249046
72,36,-1.892547
72,58,0.785398
72,70,0.000000
72,71,1.570796
72,72,3.141593
72,82,-0.321751
73,2,-0.785398
73,9,0.785398
73,14,-1.570796
73,52,0.785398
73,53,1.892547
73,62,-1.892547
73,65,-1.249046
73,67,1.892547
73,76,2.819842
73,79,-0.321751
73,80,2.819842
73,89,2.819842
74,18,0.000000
74,19,-1.892547
74,27,0.000000
74,28,-1.892547
74,31,1.249046
74,33,-1.892547
74,37,1.249046
74,39,-1.892547
74,48,1.570796
74,53,-1.249046
74,54,-2.356194
74,58,-0.785398
74,71,-0.785398
74,73,1.892547
74,84,-2.356194
75,8,0.000000
75,13,2.356194
75,25,1.249046
75,26,3.141593
75,36,0.000000
75,37,-1.892547
75,42,-2.819842
75,48,3.141593
75,64,0.785398
75,65,1.892547
75,68,-1.249046
75,70,2.356194
75,76,-0.785398
75,80,-0.321751
75,84,0.785398
75,89,3.141593
76,4,0.000000
76,6,1.570796
76,7,3.141593
76,13,-2.356194
76,16,1.570796
76,34,1.249046
76,35,3.141593
76,39,1.249046
76,41,-1.892547
76,53,1.249046
76,54,2.356194
76,82,2.819842
76,84,-0.321751
76,85,2.819842
76,89,-2.356194
77,10,-0.785398
77,16,-2.819842
77,46,1.249046
77,50,1.570796
77,51,2.356194
77,60,2.356194
77,61,0.785398
77,62,1.892547
77,67,2.819842
77,70,0.000000
77,75,-1.570796
77,78,-0.321751
77,85,-1.570796
77,89,2.356194
78,10,2.356194
78,21,0.785398
78,23,-1.892547
78,37,0.000000
78,38,-1.892547
78,45,-0.785398
78,46,-1.892547
78,53,-1.249046
78,57,2.356194
78,62,-1.249046
78,63,3.141593
78,70,-0.785398
78,76,1.570796
78,80,2.819842
78,82,-0.321751
78,89,3.141593
79,3,0.321751
79,7,3.141593
79,10,-2.819842
79,16,0.785398
79,18,-1.892547
79,31,0.000000
79,32,-1.892547
79,41,-0.785398
79,67,-0.321751
79,68,2.819842
79,74,1.570796
79,78,3.141593
80,3,-0.785398
80,20,0.321751
80,21,-2.819842
80,38,3.141593
80,48,-0.785398
80,49,-1.570796
80,50,-2.356194
80,53,0.785398
80,54,2.356194
80,58,-0.785398
80,59,-1.570796
80,61,1.892547
80,68,-1.570796
80,71,0.785398
80,74,-0.321751
80,80,-0.321751
81,6,0.785398
81,8,-1.892547
81,15,0.321751
81,16,-2.819842
81,20,-1.570796
81,27,0.785398
81,28,2.356194
81,34,0.000000
81,35,-2.356194
81,54,-1.570796
81,69,1.570796
81,72,2.819842
81,78,2.819842
81,82,2.819842
81,84,-0.321751
82,15,-1.570796
82,33,1.570796
82,36,1.570796
82,56,0.785398
82,57,1.570796
82,59,1.892547
82,69,0.000000
82,75,-0.321751
82,78,-1.570796
82,85,-1.249046
82,88,2.819842
83,3,0.785398
83,7,3.141593
83,19,2.356194
83,26,0.321751
83,27,-2.819842
83,31,1.249046
83,33,-2.356194
83,76,-2.356194
83,82,-0.321751
83,83,2.819842
83,88,-2.356194
84,3,-0.321751
84,19,-2.356194
84,26,-1.570796
84,34,0.785398
84,36,-1.892547
84,43,1.249046
84,44,2.356194
84,57,-0.321751
84,64,-0.785398
84,65,3.141593
84,71,2.356194
84,76,0.000000
85,17,-1.570796
85,24,1.249046
85,25,3.141593
85,32,1.570796
85,40,1.249046
85,41,2.356194
85,42,-0.785398
85,43,-1.892547
85,62,0.000000
85,63,2.356194
85,77,1.570796
85,85,1.892547
86,4,0.785398
86,8,-2.819842
86,11,1.570796
86,23,0.000000
86,24,-1.892547
86,28,0.000000
86,29,-1.892547
86,38,1.249046
86,55,0.000000
86,56,1.892547
86,63,-1.570796
86,68,3.141593
86,71,-0.321751
86,72,2.819842
86,75,-2.356194
86,77,-0.321751
86,87,2.356194
87,4,0.000000
87,6,-0.785398
87,11,-2.819842
87,20,-0.785398
87,21,-2.356194
87,26,1.249046
87,27,3.141593
87,37,0.000000
87,64,0.000000
87,65,1.892547
87,72,-2.356194
87,75,0.785398
87,81,2.819842
88,4,-0.785398
88,8,0.785398
88,10,-1.892547
88,14,0.785398
88,19,1.570796
88,24,1.249046
88,26,-1.892547
88,41,-2.356194
88,69,2.819842
88,75,-0.321751
88,81,-2.356194
88,88,2.819842
89,4,0.785398
89,14,-0.785398
89,15,3.141593
89,18,0.000000
89,29,0.000000
89,30,-1.892547
89,34,1.570796
89,54,0.000000
89,69,-1.570796
89,81,2.356194
89,88,-2.356194
90,4,0.000000
90,6,1.570796
90,16,0.785398
90,17,3.141593
90,32,1.249046
90,38,0.000000
90,45,1.249046
90,46,2.356194
90,47,0.785398
90,48,1.570796
90,49,2.356194
90,60,2.819842
90,64,2.819842
90,66,-0.321751
90,67,2.819842
90,70,1.570796
90,80,-0.785398
90,81,-2.356194
91,16,-0.785398
91,24,1.570796
91,26,1.570796
91,36,1.249046
91,37,3.141593
91,44,-0.785398
91,51,0.785398
91,52,1.892547
91,55,-0.785398
91,60,-1.570796
91,64,-1.570796
91,70,-0.321751
91,71,2.819842
91,74,0.000000
91,78,2.356194
92,4,0.000000
92,6,-1.570796
92,7,3.141593
92,20,0.321751
92,24,0.000000
92,40,1.249046
92,41,2.356194
92,46,0.000000
92,52,-1.249046
92,57,-1.570796
92,61,1.570796
92,67,-0.321751
92,68,2.819842
93,4,-0.785398
93,9,0.785398
93,10,2.356194
93,20,-1.570796
93,36,-1.570796
93,39,0.000000
93,40,-1.892547
93,47,-1.249046
93,49,1.892547
93,55,2.819842
93,58,1.570796
93,61,-0.321751
93,65,-1.570796
93,68,-2.356194
93,71,-0.321751
93,72,2.819842
93,75,-0.321751
93,81,0.000000
93,83,2.819842
94,10,-2.356194
94,23,0.321751
94,24,-2.819842
94,38,3.141593
94,49,-1.249046
94,51,1.892547
94,55,-1.570796
94,58,-0.321751
95,9,1.570796
95,18,1.570796
95,23,-1.570796
95,27,0.321751
95,32,0.000000
95,43,1.570796
95,44,2.356194
95,51,-1.249046
95,52,3.141593
95,60,2.819842
95,69,1.570796
95,71,0.000000
95,72,-2.356194
95,80,-2.356194
95,82,0.321751
96,7,0.785398
96,17,-0.785398
96,18,-2.356194
96,22,1.570796
96,53,0.000000
96,63,-1.570796
96,65,-2.356194
96,70,-2.356194
96,73,1.570796
96,75,0.000000
96,77,2.819842
96,80,0.785398
97,11,2.356194
97,13,-0.785398
97,14,-1.570796
97,15,-2.356194
97,21,-0.785398
97,26,0.000000
97,27,-1.570796
97,29,-1.892547
97,33,-0.785398
97,34,-1.892547
97,37,1.570796
97,39,1.249046
97,41,-1.570796
97,54,-2.356194
97,59,0.000000
97,60,-1.570796
97,61,-2.356194
97,65,-1.570796
97,74,-2.356194
97,77,-2.356194
97,80,-0.321751
98,10,-1.892547
98,25,-0.785398
98,39,-1.892547
98,51,-2.356194
98,54,-1.570796
98,77,-1.570796
98,81,-1.249046
98,83,-1.892547
