9,44,0.785398
9,45,1.570796
9,46,2.356194
9,47,0.785398
9,48,1.570796
9,49,2.356194
9,51,0.785398
9,52,1.570796
9,53,2.356194
10,32,1.249046
10,33,2.356194
10,34,0.785398
10,35,2.356194
11,20,1.249046
11,21,2.356194
11,35,-1.570796
11,65,2.356194
12,32,-2.356194
12,36,1.570796
13,36,0.000000
13,62,0.321751
14,36,-0.785398
14,62,-0.785398
14,80,2.356194
17,45,0.785398
17,48,2.356194
18,51,1.570796
18,56,-0.321751
19,12,0.321751
19,50,-0.785398
19,75,0.321751
20,12,-1.570796
20,32,0.785398
20,37,2.819842
20,45,-1.249046
20,46,-2.356194
20,47,-0.785398
20,48,-1.892547
20,59,-0.321751
20,75,-1.570796
21,34,-0.785398
21,51,0.785398
21,52,1.570796
21,53,2.356194
21,57,2.356194
21,62,-1.249046
21,64,-1.892547
21,66,-2.356194
21,74,1.570796
22,25,1.249046
22,27,1.570796
22,28,2.356194
22,31,-0.785398
22,32,-1.892547
22,36,-0.785398
22,37,-1.570796
22,38,3.141593
22,54,0.000000
22,56,-0.785398
22,71,1.249046
23,23,0.000000
23,42,0.785398
23,43,1.570796
23,44,2.356194
23,60,2.356194
23,63,1.570796
23,69,0.785398
23,75,2.819842
23,84,2.356194
24,31,0.785398
24,32,1.892547
24,50,1.249046
24,51,2.356194
24,52,-0.785398
24,57,2.356194
24,59,-0.785398
24,67,0.000000
25,10,0.321751
25,12,3.141593
25,30,3.141593
25,33,2.819842
25,47,1.249046
25,48,2.356194
25,49,-0.785398
25,50,-1.892547
25,56,-0.785398
25,63,-1.570796
25,66,0.785398
25,70,2.356194
25,73,-0.321751
25,75,-2.819842
26,10,-0.785398
26,59,2.356194
26,68,1.570796
26,70,-2.356194
27,31,2.356194
27,33,3.141593
27,38,3.141593
27,42,0.000000
27,43,-0.785398
27,55,-0.785398
27,56,-1.570796
27,57,-2.356194
27,61,0.000000
27,63,3.141593
27,74,3.141593
27,77,0.785398
27,78,1.570796
27,79,2.356194
27,80,-0.785398
27,81,-1.892547
28,21,0.321751
28,46,-0.785398
28,47,-1.570796
28,48,-2.356194
28,86,3.141593
29,10,2.356194
29,21,-0.785398
29,67,-0.785398
29,68,-1.570796
29,69,-2.356194
29,70,3.141593
29,74,0.000000
29,76,-1.570796
30,9,0.321751
30,17,0.000000
30,18,1.570796
30,19,2.356194
30,27,-1.892547
30,30,0.785398
30,31,2.356194
30,32,-0.785398
30,33,-1.892547
30,51,0.000000
30,74,-0.785398
31,9,-0.785398
31,30,-0.785398
31,49,3.141593
31,74,2.356194
31,81,0.321751
32,46,0.000000
32,63,0.785398
32,64,1.570796
32,65,2.356194
32,81,-0.785398
33,26,1.570796
33,29,-0.785398
33,55,0.000000
33,87,2.356194
34,74,-0.785398
34,80,0.000000
35,24,1.249046
35,25,3.141593
35,61,1.249046
35,62,2.356194
35,64,-0.785398
35,65,-1.570796
35,66,-2.356194
35,67,0.785398
35,68,1.892547
35,85,-0.785398
35,86,-1.892547
36,19,-0.785398
36,20,-1.892547
36,56,0.000000
36,60,-0.785398
36,61,-1.892547
36,69,-2.356194
36,73,-0.785398
37,77,1.892547
38,75,-0.785398
39,8,0.785398
39,20,0.000000
39,21,-1.892547
39,26,3.141593
39,54,2.356194
39,58,0.000000
39,66,-0.785398
39,67,-1.570796
39,68,-2.356194
39,77,-1.570796
39,81,0.000000
40,8,-0.785398
40,9,3.141593
40,23,1.249046
40,24,3.141593
40,53,-0.785398
40,74,-0.785398
40,88,2.356194
41,64,0.785398
41,65,1.892547
41,88,3.141593
42,17,1.570796
42,21,0.321751
42,28,3.141593
42,59,-0.785398
42,65,-1.249046
42,66,-2.356194
42,68,0.785398
42,69,1.892547
42,88,-2.356194
43,13,0.785398
43,14,1.570796
43,15,2.356194
43,16,-0.785398
43,69,-1.249046
43,70,-2.356194
43,71,3.141593
43,77,-1.570796
43,88,2.356194
44,20,0.000000
44,25,-0.785398
44,28,0.000000
44,60,0.000000
44,62,3.141593
44,64,0.000000
44,74,0.000000
44,83,-2.356194
44,88,3.141593
45,78,0.785398
45,88,-2.356194
46,38,0.000000
46,69,0.000000
47,17,-2.356194
47,39,-1.570796
47,60,0.000000
47,67,0.785398
47,77,0.000000
47,78,-0.785398
47,79,-1.570796
47,80,-2.356194
48,7,0.785398
48,15,1.249046
48,16,3.141593
48,82,0.785398
48,83,2.356194
48,88,2.356194
49,7,0.000000
49,14,-0.785398
49,15,-1.892547
49,69,-1.249046
49,70,-2.356194
49,72,-0.785398
49,73,-1.570796
49,74,-2.356194
49,76,0.785398
49,77,1.892547
49,82,-0.785398
49,88,3.141593
50,7,-0.785398
50,58,0.000000
50,65,0.785398
50,66,1.892547
50,77,-1.249046
50,78,3.141593
50,82,2.356194
50,88,-2.356194
51,66,-1.249046
51,67,-2.356194
51,69,3.141593
51,82,3.141593
51,88,2.356194
52,16,2.356194
52,71,0.000000
52,72,3.141593
52,88,3.141593
53,7,0.785398
53,15,1.570796
53,59,0.000000
53,61,3.141593
53,64,0.785398
53,82,0.000000
53,88,-2.356194
54,7,0.000000
54,14,-0.785398
54,68,3.141593
54,76,0.000000
54,82,-1.570796
55,7,-0.785398
55,71,0.785398
55,80,0.000000
56,72,-2.356194
56,83,2.356194
57,40,1.570796
57,84,0.000000
57,85,1.892547
57,88,2.356194
58,15,1.570796
58,39,0.000000
58,40,-2.356194
58,59,-0.785398
58,70,3.141593
58,79,0.785398
58,82,2.356194
58,88,-2.819842
59,19,2.356194
59,73,0.785398
59,80,0.000000
60,7,0.785398
60,18,1.570796
60,75,0.785398
60,76,1.892547
60,84,-0.785398
60,85,-1.570796
60,88,2.819842
61,7,0.000000
61,17,0.000000
61,23,3.141593
61,61,0.000000
61,66,3.141593
61,77,-2.356194
61,81,2.356194
61,88,-2.356194
62,7,-0.785398
62,68,0.000000
62,70,0.785398
62,71,1.892547
63,20,1.570796
63,71,-1.249046
63,72,-2.356194
63,73,0.785398
63,81,-1.249046
63,82,-2.356194
63,88,2.356194
64,7,0.785398
64,20,-2.819842
64,46,1.570796
64,61,1.570796
64,64,0.785398
64,74,-1.249046
64,76,1.892547
64,88,3.141593
65,7,-0.321751
65,9,2.356194
65,47,-2.356194
65,49,3.141593
65,61,-1.570796
65,72,2.356194
65,76,-1.249046
65,78,1.892547
65,88,-2.356194
66,17,0.321751
66,70,0.785398
66,80,2.356194
66,81,0.785398
67,17,-1.570796
67,71,-1.249046
67,72,-2.356194
67,82,-1.570796
68,8,0.785398
68,58,0.000000
68,59,3.141593
68,61,0.000000
68,77,0.785398
68,78,2.356194
69,8,0.000000
69,19,1.570796
69,78,-1.570796
69,84,2.819842
70,8,-0.785398
70,19,2.356194
70,87,1.570796
71,19,-2.819842
71,72,0.785398
71,73,1.892547
71,82,-1.249046
71,84,-1.570796
71,87,-2.819842
72,21,1.570796
72,59,0.000000
72,73,-1.249046
72,74,-2.356194
73,35,0.000000
73,47,1.249046
73,48,2.356194
73,50,3.141593
73,86,2.356194
74,15,0.321751
74,20,1.570796
74,59,0.000000
74,71,0.785398
74,72,1.892547
74,86,3.141593
75,18,1.249046
75,52,2.356194
75,72,-1.249046
75,73,3.141593
75,86,-2.356194
76,16,-2.356194
76,17,-0.785398
76,18,-1.892547
76,23,2.356194
76,42,-2.356194
76,49,1.249046
76,50,2.356194
76,67,0.785398
76,68,1.892547
76,75,0.785398
76,76,1.892547
77,22,1.570796
77,40,-0.785398
77,45,-1.249046
77,46,-2.356194
77,48,-0.785398
77,49,-1.892547
77,68,-1.249046
77,69,-2.356194
78,21,0.321751
78,22,-2.819842
78,55,0.000000
78,72,0.785398
78,73,1.892547
78,76,-1.570796
79,11,0.321751
79,21,-0.785398
79,66,0.785398
79,67,1.892547
79,73,-1.249046
79,75,2.356194
80,21,2.356194
80,67,-1.249046
80,69,1.892547
81,12,-2.356194
81,21,3.141593
81,26,1.570796
81,38,3.141593
81,46,1.570796
81,60,0.785398
81,61,1.892547
82,10,-0.785398
82,21,-2.356194
82,37,-1.570796
82,46,2.356194
82,54,0.785398
82,63,2.356194
82,71,-2.356194
82,85,1.570796
83,32,0.785398
83,33,1.570796
83,34,2.356194
83,35,0.785398
83,44,1.249046
83,68,0.785398
83,75,-1.249046
83,77,-1.570796
83,78,3.141593
83,85,-2.819842
84,20,2.356194
84,50,-0.785398
84,57,-2.356194
84,60,0.785398
84,84,-0.785398
85,10,0.785398
85,24,3.141593
85,29,1.570796
85,36,-0.785398
85,55,1.570796
85,61,-1.249046
85,62,-2.356194
85,63,0.785398
85,64,1.892547
86,10,-0.321751
86,12,2.356194
86,17,-0.785398
86,18,-1.570796
86,23,-0.785398
86,29,3.141593
86,38,-2.819842
86,41,0.321751
86,46,2.356194
86,51,0.000000
86,53,0.785398
86,55,-2.819842
86,66,2.356194
86,72,2.819842
86,84,2.356194
87,29,-2.356194
87,37,-0.785398
87,49,1.570796
87,58,0.000000
87,59,0.785398
87,60,1.892547
87,67,0.000000
87,68,1.892547
87,82,0.000000
87,84,-2.819842
88,37,-1.570796
88,41,-2.819842
88,49,-1.570796
88,54,0.785398
88,60,-1.249046
88,61,-2.356194
88,63,0.785398
88,64,2.356194
88,68,-1.249046
88,69,-2.356194
89,22,0.785398
89,32,-0.785398
89,39,0.321751
89,52,2.356194
89,56,1.892547
89,64,-1.570796
90,24,-0.785398
90,25,-1.570796
90,26,3.141593
90,28,1.570796
90,39,-1.570796
90,43,-1.570796
90,56,-1.249046
90,57,-2.356194
90,58,3.141593
90,60,0.785398
90,74,-2.356194
90,82,1.570796
91,28,-2.819842
91,38,-0.785398
91,45,1.570796
91,49,0.000000
91,68,0.785398
91,69,2.356194
91,71,-0.785398
91,72,-1.892547
91,75,1.570796
91,81,0.000000
92,27,-0.785398
92,41,1.570796
92,45,-1.570796
92,56,3.141593
92,68,-1.570796
92,79,0.785398
92,80,2.356194
93,19,-0.785398
93,27,0.785398
93,30,1.570796
93,34,1.570796
93,37,0.785398
93,58,0.000000
93,59,3.141593
93,65,1.570796
93,67,1.570796
93,74,0.321751
93,80,-2.356194
94,30,2.356194
94,38,-1.570796
94,47,2.356194
94,67,3.141593
95,30,-2.819842
95,33,1.570796
95,36,2.356194
95,39,0.000000
95,51,3.141593
95,63,0.000000
95,72,1.249046
95,74,3.141593
96,27,-1.249046
96,32,0.321751
96,33,-2.819842
96,35,0.321751
96,36,-2.819842
96,50,-1.570796
96,56,3.141593
96,59,0.000000
96,60,0.785398
96,61,1.892547
96,67,-1.570796
96,68,-2.356194
96,79,0.321751
96,81,2.819842
97,35,-0.785398
97,38,0.785398
97,42,2.356194
97,45,-0.785398
97,53,-0.785398
97,61,-1.249046
97,62,3.141593
97,72,-1.249046
98,30,-2.356194
98,31,-0.785398
98,35,-1.570796
98,39,-2.356194
98,49,-1.570796
98,64,-0.785398
