13,46,1.249046
13,47,2.356194
13,52,0.785398
13,53,1.892547
14,41,0.785398
14,42,1.570796
14,43,2.356194
14,68,0.785398
14,69,1.892547
15,24,0.785398
15,25,2.356194
15,46,-2.356194
15,53,-0.785398
16,20,1.249046
16,21,3.141593
16,25,-1.570796
17,19,0.321751
18,19,-1.570796
20,19,3.141593
20,80,3.141593
21,63,0.321751
22,15,0.321751
23,15,-0.785398
23,61,1.249046
23,63,3.141593
24,60,0.321751
24,63,-2.356194
26,15,2.356194
26,46,0.785398
26,50,1.249046
26,60,3.141593
27,14,0.321751
27,48,0.785398
27,54,-1.570796
27,82,2.356194
28,14,-1.570796
28,44,1.570796
28,52,-2.356194
28,56,2.356194
28,57,-0.785398
28,58,-1.570796
28,69,1.249046
29,48,-0.785398
29,55,-1.892547
29,71,-2.356194
30,40,-1.892547
30,60,1.249046
30,61,2.356194
30,62,-0.785398
30,63,-1.570796
30,64,-2.356194
31,30,1.570796
31,32,1.249046
31,34,1.892547
31,49,-0.785398
31,50,-1.892547
31,53,-2.356194
31,55,0.000000
31,59,-0.785398
31,60,-1.892547
32,36,-0.785398
32,46,0.000000
32,53,-1.570796
32,68,-0.785398
32,69,-2.356194
33,29,0.321751
33,34,-1.892547
33,50,3.141593
33,66,0.785398
34,36,1.249046
34,37,3.141593
34,39,-1.570796
34,42,1.249046
34,43,3.141593
34,53,1.249046
34,54,2.356194
34,67,-1.249046
34,68,-2.356194
34,69,3.141593
34,74,0.785398
35,12,0.785398
35,30,-2.356194
35,40,0.000000
35,41,-0.785398
35,46,-0.785398
35,50,1.249046
35,51,2.356194
35,52,-0.785398
35,53,-1.892547
35,61,0.000000
35,63,3.141593
35,72,-0.785398
35,84,2.356194
36,12,-0.785398
36,13,3.141593
36,34,-0.785398
36,38,1.249046
36,39,3.141593
36,48,1.249046
36,50,-1.892547
36,56,2.356194
36,59,3.141593
36,66,1.249046
36,67,2.356194
36,69,3.141593
37,25,0.000000
37,26,1.570796
37,27,2.356194
37,36,0.000000
37,37,-0.785398
37,42,-0.785398
37,47,-0.785398
37,48,-1.892547
37,53,2.356194
37,62,0.000000
37,65,-0.785398
37,71,0.000000
38,29,2.356194
38,39,0.000000
38,40,3.141593
38,44,0.000000
38,56,-2.356194
38,60,3.141593
38,68,3.141593
38,74,0.000000
38,77,0.785398
38,78,1.892547
38,81,0.000000
38,82,-1.892547
39,28,-1.892547
39,33,1.249046
39,34,3.141593
39,38,-0.785398
39,42,2.356194
39,50,1.570796
39,75,0.000000
40,32,-0.785398
40,33,-1.892547
40,56,1.249046
40,57,2.356194
40,65,3.141593
40,71,1.249046
40,72,2.356194
41,29,1.249046
41,30,3.141593
41,44,0.000000
41,46,3.141593
41,48,-0.785398
41,55,-0.785398
41,56,-1.892547
41,68,0.000000
41,75,0.000000
42,50,-1.892547
42,59,3.141593
42,71,-1.249046
42,72,3.141593
42,77,-0.785398
43,26,1.249046
43,32,1.249046
43,46,1.249046
43,47,2.356194
43,55,1.249046
43,56,2.356194
43,62,0.000000
43,65,3.141593
43,67,0.000000
44,25,-0.785398
44,36,0.000000
44,37,-1.570796
44,38,-2.356194
44,39,0.785398
44,40,1.892547
44,50,0.000000
44,54,-0.785398
44,70,0.785398
44,71,1.892547
44,75,-2.356194
45,32,-1.249046
45,34,-1.570796
45,35,-2.356194
45,43,0.785398
45,56,2.356194
45,61,0.000000
45,71,-1.249046
45,72,-2.356194
46,29,-2.356194
46,40,-0.785398
46,54,0.000000
46,55,-0.785398
46,65,3.141593
46,74,0.000000
46,78,0.000000
47,29,2.356194
47,40,-1.570796
47,59,3.141593
47,67,0.000000
47,71,0.785398
47,72,1.892547
47,85,-0.785398
47,87,2.819842
48,11,0.785398
48,24,0.000000
48,55,0.000000
48,72,-1.249046
48,73,-2.356194
48,74,0.000000
48,87,-2.356194
49,11,0.000000
49,59,0.000000
49,62,3.141593
49,65,0.000000
49,67,3.141593
49,75,0.000000
49,76,1.892547
49,79,0.000000
50,11,-0.785398
50,45,0.785398
50,57,2.356194
51,24,0.000000
51,25,-1.892547
51,45,0.000000
51,56,-0.785398
51,59,0.000000
51,65,0.785398
51,66,1.892547
51,73,0.000000
51,75,0.000000
51,79,3.141593
51,82,0.000000
51,83,1.892547
52,11,0.785398
52,23,1.570796
52,28,2.356194
52,45,-0.785398
52,49,0.000000
52,66,-1.249046
52,68,-1.570796
52,69,-2.356194
52,70,3.141593
52,76,-0.785398
53,11,-0.321751
53,13,2.356194
53,22,-0.785398
53,26,1.249046
53,27,3.141593
53,45,-1.570796
53,73,-2.356194
53,82,0.000000
53,86,0.000000
54,25,0.000000
54,26,-1.892547
54,52,3.141593
54,62,0.000000
54,68,3.141593
54,78,0.000000
55,28,2.356194
55,46,0.000000
55,49,-0.785398
55,50,-1.892547
55,70,0.000000
55,72,3.141593
55,77,-0.785398
55,80,0.000000
55,81,1.892547
56,11,0.321751
56,13,-2.356194
56,27,1.570796
56,55,0.785398
56,81,-1.249046
56,82,-2.356194
56,83,-0.785398
57,11,-0.785398
57,26,0.321751
57,31,0.000000
57,57,3.141593
57,59,0.000000
57,61,3.141593
57,63,0.000000
58,28,2.356194
58,71,3.141593
58,78,0.000000
58,87,2.356194
59,11,0.785398
59,24,1.249046
59,28,3.141593
59,40,1.249046
59,41,2.356194
59,73,0.000000
59,75,3.141593
59,80,0.000000
59,81,1.892547
59,84,0.785398
59,85,1.570796
59,87,-2.356194
60,11,-0.321751
60,13,2.356194
60,28,-1.570796
60,39,0.000000
60,40,-1.892547
60,57,0.000000
60,81,-1.249046
61,35,-2.356194
61,36,0.785398
61,37,1.570796
61,38,3.141593
61,49,0.000000
61,69,-2.356194
61,83,-1.249046
62,12,0.785398
62,50,-2.356194
62,71,0.000000
62,79,0.000000
63,12,0.000000
63,23,-0.785398
63,32,-1.892547
63,37,2.356194
63,57,0.000000
63,59,3.141593
63,62,0.000000
63,64,3.141593
63,75,-2.356194
63,81,0.000000
63,82,1.892547
63,88,2.356194
64,12,-0.785398
64,26,0.000000
64,27,-1.892547
64,37,-2.819842
64,49,-0.785398
64,77,0.785398
64,82,-1.249046
64,83,-2.356194
64,86,0.785398
64,88,-2.819842
65,25,1.570796
65,29,-0.785398
65,34,0.000000
65,35,-0.785398
65,36,-1.892547
65,67,-0.785398
65,71,0.000000
65,72,1.892547
66,24,0.321751
66,25,-2.819842
66,61,0.785398
66,62,1.892547
66,72,-1.249046
66,73,-2.356194
66,80,0.000000
66,81,1.892547
67,57,-0.785398
67,62,-1.249046
67,63,-2.356194
67,76,0.785398
67,77,1.892547
67,87,2.356194
68,25,-2.356194
68,77,-1.249046
68,78,3.141593
68,82,-1.249046
68,83,-2.356194
68,87,3.141593
69,22,0.321751
69,87,-2.356194
70,34,3.141593
70,61,3.141593
71,23,-2.356194
71,28,3.141593
71,31,1.249046
71,32,3.141593
71,63,0.000000
71,82,0.000000
72,30,0.321751
73,30,-1.570796
73,36,1.570796
73,37,2.356194
73,38,0.785398
73,54,-0.785398
73,55,-1.570796
73,56,-2.356194
73,60,3.141593
73,82,-0.785398
73,83,-1.570796
73,84,-2.356194
73,85,0.785398
73,86,2.356194
74,29,3.141593
74,34,-0.785398
74,52,-0.785398
74,63,0.000000
74,65,3.141593
74,71,-2.356194
74,86,-2.356194
75,36,3.141593
75,39,0.000000
75,42,0.785398
75,67,0.000000
75,73,0.000000
76,27,0.321751
76,30,2.356194
76,36,-2.356194
76,39,-1.570796
76,47,3.141593
76,53,1.249046
76,54,2.356194
76,61,3.141593
76,80,0.000000
77,32,0.785398
77,33,2.356194
77,45,3.141593
77,50,0.000000
77,52,-0.785398
77,53,-1.892547
77,70,0.785398
77,71,2.356194
77,77,0.785398
78,25,1.249046
78,27,-1.570796
78,32,-0.785398
78,37,1.570796
78,80,-0.785398
78,81,-1.570796
78,82,-2.356194
79,14,-0.785398
79,35,0.785398
79,37,-2.819842
79,39,0.000000
79,40,-0.785398
79,41,-1.892547
79,44,2.356194
79,54,0.000000
79,60,3.141593
79,66,0.000000
79,75,0.785398
79,76,1.892547
79,84,0.000000
79,85,2.356194
80,23,0.321751
80,32,0.785398
80,44,-2.819842
80,51,0.000000
80,52,3.141593
80,70,-1.249046
80,71,3.141593
80,85,-2.356194
81,32,-0.321751
81,36,-2.819842
81,48,3.141593
81,58,0.000000
81,60,3.141593
81,72,0.000000
81,73,1.892547
81,77,-1.249046
81,78,3.141593
82,22,0.321751
82,24,2.819842
82,41,0.000000
82,45,2.356194
82,53,0.000000
82,55,3.141593
82,65,0.000000
82,67,3.141593
82,73,-1.249046
82,74,3.141593
83,33,-1.570796
83,35,-1.249046
83,36,-2.356194
83,49,0.000000
83,51,3.141593
83,70,0.000000
84,20,1.249046
84,22,-1.570796
84,32,1.570796
84,42,0.000000
84,43,-1.892547
84,58,0.000000
84,72,1.570796
85,32,-2.819842
85,54,0.000000
85,56,3.141593
85,65,0.785398
85,66,1.892547
85,69,0.000000
85,73,2.819842
85,77,1.570796
86,18,-0.785398
86,38,1.249046
86,66,-1.249046
86,67,3.141593
86,71,-0.785398
86,83,0.000000
86,84,2.356194
87,37,0.321751
87,40,2.356194
87,43,1.570796
87,84,-2.356194
88,40,-2.819842
88,52,1.249046
88,53,2.356194
88,56,3.141593
88,69,0.785398
88,70,2.356194
89,29,-1.570796
89,39,-1.892547
89,43,0.785398
89,45,1.249046
89,46,2.356194
90,43,0.000000
90,48,2.356194
91,31,0.000000
91,32,1.570796
91,36,-1.570796
91,37,3.141593
91,51,-2.356194
91,58,3.141593
91,75,-2.356194
91,80,0.000000
91,82,-1.892547
92,42,-0.785398
92,53,1.249046
92,54,3.141593
92,61,0.000000
92,80,-0.785398
93,34,-2.356194
93,47,-1.570796
93,48,-2.356194
93,50,-0.785398
94,44,-0.785398
94,63,0.785398
94,70,1.249046
94,72,1.892547
95,69,-0.785398
95,70,-1.892547
96,46,2.356194
96,53,-2.356194
96,62,-0.785398
96,63,-1.892547
96,79,0.321751
96,81,2.819842
96,84,0.321751
96,86,2.819842
97,50,-0.785398
97,51,-1.892547
97,74,-1.570796
98,43,-1.249046
