14,27,1.249046
14,28,2.356194
14,45,0.785398
14,46,1.570796
14,47,2.356194
14,53,0.785398
14,54,1.570796
14,55,2.356194
14,63,0.785398
14,64,1.570796
14,65,2.356194
15,16,1.249046
15,17,2.356194
15,26,-0.785398
17,14,0.321751
18,14,-0.785398
18,80,3.141593
19,14,2.356194
23,10,0.321751
23,54,0.785398
23,73,0.321751
24,36,1.570796
24,54,0.000000
25,9,0.321751
25,10,-2.819842
25,36,0.000000
25,71,1.249046
25,73,3.141593
25,85,2.356194
26,9,-0.785398
26,36,-0.785398
26,54,3.141593
26,73,-2.356194
27,21,1.570796
27,46,2.356194
27,57,0.785398
28,9,2.356194
28,21,0.000000
28,54,3.141593
28,57,0.000000
28,63,0.321751
28,65,2.819842
28,68,0.321751
28,72,0.321751
28,74,2.819842
29,8,0.321751
29,21,-0.785398
29,46,-1.249046
29,47,3.141593
29,57,-1.570796
29,59,1.570796
29,63,-1.570796
30,8,-0.785398
30,33,0.000000
30,35,-0.785398
30,36,-1.570796
30,37,-2.356194
30,38,0.785398
30,39,1.892547
30,49,0.785398
30,50,1.892547
30,53,0.000000
30,54,-1.570796
30,59,-0.785398
30,65,-0.785398
30,66,-2.356194
30,72,-0.321751
30,75,2.819842
30,80,0.321751
31,39,-1.249046
31,40,-2.356194
31,52,2.356194
31,56,-1.249046
31,58,2.356194
31,75,-1.570796
31,80,-0.785398
32,24,0.785398
32,31,0.000000
32,33,3.141593
32,69,-1.249046
32,70,-2.356194
32,71,0.785398
32,72,2.356194
32,88,2.819842
33,29,3.141593
33,50,-1.249046
33,52,-1.570796
33,53,-2.356194
33,58,0.000000
33,65,-1.249046
33,67,1.892547
33,72,-1.570796
33,78,0.785398
33,88,-1.570796
34,23,-0.785398
34,24,-1.892547
34,38,0.000000
34,43,0.785398
34,44,1.892547
34,55,0.000000
34,56,1.892547
34,62,1.570796
34,84,0.321751
35,20,3.141593
35,34,3.141593
35,44,-1.249046
35,45,-2.356194
35,46,0.785398
35,47,1.892547
35,52,0.785398
35,56,-1.249046
35,64,1.892547
35,68,-1.249046
35,70,1.892547
35,74,0.000000
35,75,1.892547
35,84,-1.570796
36,8,2.356194
36,16,0.000000
36,17,1.570796
36,18,3.141593
36,25,0.000000
36,47,-1.249046
36,48,3.141593
36,53,0.000000
36,54,1.892547
36,66,1.892547
36,75,-1.249046
36,76,-2.356194
36,81,-1.249046
36,83,2.356194
37,23,3.141593
37,36,0.000000
37,44,3.141593
37,63,1.570796
37,71,-1.249046
37,73,1.892547
37,78,1.570796
37,83,-1.570796
38,6,0.321751
38,9,0.000000
38,10,1.570796
38,17,0.785398
38,29,0.000000
38,34,3.141593
38,56,2.356194
38,63,-2.819842
38,67,-1.249046
38,69,1.892547
38,79,3.141593
38,84,0.000000
38,85,1.892547
39,6,-1.570796
39,12,-2.356194
39,17,-0.785398
39,18,-2.356194
39,26,3.141593
39,47,0.000000
39,70,3.141593
39,80,0.000000
39,81,1.892547
40,10,-0.321751
40,41,2.356194
40,43,0.000000
40,56,-1.249046
40,67,1.249046
40,68,3.141593
40,71,0.000000
40,75,-1.249046
40,76,3.141593
40,81,-1.249046
40,83,1.892547
41,11,-1.249046
41,12,-2.356194
41,19,0.785398
41,20,1.570796
41,21,3.141593
41,32,3.141593
41,39,0.000000
41,49,0.785398
41,51,1.249046
41,53,-1.892547
41,58,-2.356194
41,77,0.000000
41,78,1.892547
41,83,-1.249046
42,16,1.249046
42,17,2.356194
42,25,0.000000
42,46,1.570796
42,65,0.321751
42,74,2.356194
42,78,-1.249046
42,80,1.892547
42,85,-1.249046
42,91,2.819842
43,4,0.321751
43,6,3.141593
43,14,1.249046
43,16,-1.892547
43,23,3.141593
43,58,-1.570796
43,65,-1.570796
43,71,-0.785398
43,75,2.356194
43,80,-1.249046
43,82,1.892547
43,91,-2.356194
44,4,-0.785398
44,13,0.000000
44,14,-1.892547
44,26,0.000000
44,29,3.141593
44,38,0.000000
44,45,-0.785398
44,46,-1.892547
44,49,-1.249046
44,64,-0.785398
44,68,-0.785398
44,73,-1.249046
44,82,-1.249046
44,84,1.892547
45,42,0.785398
45,43,3.141593
45,61,1.570796
45,75,-1.249046
45,76,-2.356194
45,84,-1.249046
46,18,3.141593
46,28,0.000000
46,31,3.141593
46,61,-1.570796
46,67,-0.785398
46,78,0.000000
46,79,1.570796
46,80,2.356194
46,89,-1.570796
46,91,-2.356194
47,10,2.356194
47,13,1.249046
47,14,3.141593
47,23,0.000000
47,26,3.141593
47,41,0.000000
47,42,-1.570796
47,43,3.141593
47,82,0.000000
47,83,1.892547
48,3,2.356194
48,8,0.000000
48,12,0.000000
48,13,-1.892547
48,18,1.249046
48,19,2.356194
48,21,3.141593
48,39,2.356194
48,47,1.570796
48,79,0.785398
49,2,0.321751
49,3,-2.819842
49,11,-0.785398
49,17,0.000000
49,18,-1.892547
49,29,3.141593
49,38,-1.570796
49,50,1.570796
49,79,-0.321751
49,80,2.819842
49,84,-1.249046
49,86,1.892547
50,2,-0.785398
50,9,2.356194
50,23,0.000000
50,37,1.570796
50,44,-1.570796
50,80,-1.570796
50,91,2.819842
51,8,-0.785398
51,14,-0.785398
51,41,1.570796
51,50,-1.570796
51,54,1.570796
51,57,1.570796
51,91,-2.356194
52,12,2.356194
52,38,2.819842
52,44,1.570796
52,57,-1.570796
53,5,2.356194
53,11,-0.785398
53,16,2.356194
53,25,3.141593
53,38,-2.356194
53,54,-1.570796
53,82,0.785398
53,85,1.570796
53,90,-1.570796
54,2,0.785398
54,14,1.249046
54,15,3.141593
54,21,0.000000
54,36,2.819842
54,38,-1.570796
54,83,-2.356194
54,91,-2.356194
55,3,-2.356194
55,12,0.000000
55,13,-0.785398
55,14,-1.892547
55,26,0.000000
55,27,3.141593
55,33,-0.785398
55,36,-2.356194
55,41,-1.570796
55,44,-1.570796
55,57,1.570796
55,60,1.570796
55,87,1.892547
56,16,0.000000
56,18,3.141593
56,33,2.356194
56,36,-1.570796
56,50,1.570796
56,88,3.141593
57,4,2.356194
57,30,0.785398
57,31,1.570796
57,47,-1.570796
57,84,0.321751
57,86,-2.356194
57,90,3.141593
58,8,2.356194
58,27,0.000000
58,28,0.785398
58,36,1.570796
58,53,1.570796
58,84,-0.785398
59,2,-0.785398
59,7,-0.785398
59,24,1.570796
59,29,-1.249046
59,31,3.141593
59,47,1.570796
59,57,-1.570796
59,84,0.785398
60,10,2.356194
60,24,-1.570796
60,47,-1.570796
60,73,1.570796
60,88,3.141593
61,4,2.356194
61,21,2.356194
61,39,1.570796
61,42,1.570796
61,45,1.570796
61,53,-1.570796
61,56,1.570796
61,81,0.000000
62,2,0.000000
62,8,-0.785398
62,29,0.321751
62,32,0.000000
62,56,-1.570796
62,73,-1.570796
62,84,-2.356194
63,17,0.000000
63,29,-0.785398
63,33,-2.356194
63,50,-1.570796
63,53,1.570796
64,10,2.356194
64,29,2.356194
64,56,1.570796
64,86,1.249046
64,88,1.892547
65,9,-0.785398
65,29,3.141593
65,36,0.785398
65,53,-1.570796
65,59,-1.570796
65,89,-2.356194
65,90,3.141593
66,7,2.356194
66,18,3.141593
66,25,-0.785398
66,33,2.356194
66,36,-0.321751
66,37,2.819842
66,39,-1.570796
66,42,-1.570796
67,6,-0.785398
67,29,0.000000
67,33,3.141593
67,37,-2.356194
67,54,1.570796
67,65,1.570796
68,10,3.141593
68,26,2.356194
68,29,-0.785398
68,33,-1.570796
68,43,1.570796
68,48,0.785398
68,65,-1.570796
68,84,-0.785398
68,87,0.000000
68,88,1.892547
69,3,2.356194
69,8,-0.785398
69,13,-0.785398
69,25,-0.785398
69,51,1.570796
69,60,1.570796
69,88,-1.249046
69,89,-2.356194
69,90,3.141593
70,2,-0.785398
70,40,1.570796
70,46,-1.570796
70,54,-1.570796
70,69,1.570796
70,84,0.785398
71,14,2.356194
71,29,0.785398
71,37,-1.570796
71,49,-1.570796
71,52,-2.356194
71,57,-1.570796
71,60,-1.570796
71,63,1.570796
71,69,-1.570796
71,84,-0.785398
71,85,3.141593
72,9,3.141593
72,13,-0.785398
72,29,-0.321751
72,30,2.819842
73,3,2.356194
73,30,-1.570796
73,34,0.785398
73,40,-1.570796
73,43,0.785398
73,55,1.570796
74,2,-0.785398
74,34,-0.321751
74,35,2.819842
74,38,1.570796
74,43,-0.321751
74,44,2.819842
74,83,0.785398
75,10,2.356194
75,35,-2.356194
75,44,-2.356194
75,50,0.785398
75,56,-2.356194
75,83,0.000000
75,89,-1.570796
76,25,2.356194
76,51,-2.356194
76,64,-1.570796
76,83,-0.785398
77,24,-0.785398
77,31,2.356194
77,38,-1.570796
77,44,-1.570796
78,7,-0.785398
78,30,-0.785398
78,31,-2.356194
78,88,0.000000
79,17,2.356194
79,26,-0.785398
79,51,0.785398
79,81,-0.785398
79,85,2.819842
79,89,-1.570796
80,2,-1.570796
80,20,2.356194
80,52,-2.356194
80,85,-1.570796
80,90,1.570796
81,5,2.356194
81,45,1.570796
81,90,-0.321751
81,91,2.819842
82,18,-0.785398
82,32,0.785398
82,35,1.570796
82,45,-1.570796
82,50,1.570796
82,61,1.570796
82,63,0.785398
82,80,0.000000
82,81,-1.570796
82,82,-2.356194
82,91,-2.356194
83,12,-0.785398
83,35,3.141593
83,64,-2.356194
83,79,0.785398
83,84,1.570796
83,88,1.570796
83,91,-1.570796
84,3,-1.570796
84,30,0.000000
84,31,-0.785398
84,32,-1.892547
84,35,-2.356194
84,58,0.785398
84,79,-0.785398
84,80,3.141593
84,84,-0.321751
84,85,2.819842
84,88,-0.321751
84,89,2.819842
85,10,2.356194
85,14,2.356194
85,23,2.356194
85,51,-2.356194
85,59,-2.356194
85,85,-2.356194
86,4,1.570796
86,9,-0.785398
86,22,-0.785398
86,32,2.356194
86,62,-1.570796
86,85,-1.570796
86,89,-0.321751
86,90,2.819842
87,31,-0.785398
87,35,0.321751
87,37,3.141593
87,76,1.570796
87,90,-1.570796
88,25,2.356194
88,35,-1.570796
88,55,0.785398
88,58,0.785398
88,76,-2.819842
89,2,-0.785398
89,10,-0.785398
89,19,2.356194
89,24,-0.785398
89,56,-2.356194
89,59,-2.356194
90,18,1.570796
90,32,1.249046
90,33,3.141593
90,42,0.785398
90,43,1.892547
90,45,1.249046
90,46,2.356194
90,53,0.785398
90,68,0.785398
90,69,1.570796
90,70,2.356194
90,88,0.785398
91,17,0.000000
91,21,1.570796
91,31,0.000000
91,32,-1.892547
91,67,-0.785398
91,74,-2.356194
91,81,1.570796
91,84,-1.570796
91,89,1.570796
91,91,2.356194
92,7,2.356194
92,16,3.141593
92,21,-1.570796
92,43,-0.785398
92,45,-2.356194
92,59,0.785398
92,69,2.356194
92,74,0.785398
92,89,-0.321751
92,91,-2.819842
93,2,1.570796
93,15,-1.570796
93,29,-0.785398
93,44,-0.785398
93,56,1.570796
93,60,-2.356194
93,68,-0.785398
93,74,-0.321751
93,75,2.819842
93,81,-1.570796
94,5,1.570796
94,14,-0.785398
94,50,2.356194
94,53,1.570796
94,56,-0.321751
94,65,1.249046
94,66,3.141593
94,71,0.785398
94,75,-2.356194
94,86,0.785398
95,2,0.785398
95,5,-2.819842
95,8,1.570796
95,39,0.000000
95,41,3.141593
95,43,0.000000
95,44,-0.785398
95,45,-1.570796
95,47,1.570796
95,48,2.356194
95,49,-0.785398
95,50,-2.356194
95,60,0.785398
95,61,1.570796
95,62,2.356194
95,78,1.570796
96,4,-1.892547
96,22,2.356194
96,51,0.000000
96,54,-2.356194
96,56,-0.785398
96,57,-1.892547
96,65,-2.356194
96,72,-1.570796
96,75,-1.570796
96,78,-1.570796
96,81,1.570796
96,87,0.785398
97,7,-0.785398
97,48,-2.356194
97,81,-1.570796
98,20,-0.785398
98,40,0.000000
98,41,3.141593
98,53,-2.356194
98,62,-2.356194
98,66,-2.356194
98,85,0.000000
98,86,-0.785398
98,87,-1.892547
