9,49,0.785398
9,50,1.570796
9,51,2.356194
10,35,1.249046
10,36,3.141593
11,68,2.356194
12,22,1.249046
12,23,2.356194
12,33,-0.785398
13,14,2.356194
13,21,-0.785398
13,35,0.785398
13,36,2.356194
13,65,0.321751
14,13,-0.785398
14,35,-0.785398
14,65,-1.570796
14,81,3.141593
16,13,2.356194
16,50,2.356194
16,76,1.249046
17,50,3.141593
17,63,0.321751
17,65,2.819842
17,75,0.321751
17,78,-2.356194
19,27,0.785398
19,42,0.000000
19,43,1.570796
19,44,2.356194
19,47,-0.785398
19,48,-1.570796
19,55,0.785398
19,56,1.892547
19,62,0.321751
19,75,3.141593
20,27,0.000000
20,58,1.570796
20,60,1.892547
21,8,0.321751
21,43,0.785398
21,50,2.356194
21,62,3.141593
21,72,0.321751
21,75,3.141593
22,8,-0.785398
22,18,0.785398
22,19,2.356194
22,29,3.141593
22,35,0.785398
22,58,-1.570796
22,60,-1.892547
22,62,-2.356194
22,75,-2.356194
23,18,-0.785398
23,40,0.785398
23,41,1.570796
23,43,-1.892547
23,52,1.570796
23,54,1.570796
23,56,-1.892547
23,67,-1.249046
23,68,-2.356194
24,21,1.570796
24,29,0.000000
24,34,0.321751
24,50,-0.785398
24,72,-1.249046
24,78,2.356194
24,87,2.819842
25,8,2.356194
25,21,0.000000
25,74,-1.249046
25,76,1.570796
25,87,-1.570796
26,7,0.321751
26,21,-0.785398
26,31,-1.570796
26,32,-2.356194
26,33,-0.785398
26,34,-1.570796
26,36,1.570796
26,37,2.356194
26,40,-0.785398
26,43,2.356194
26,50,-0.785398
26,51,-1.570796
26,52,-2.356194
26,53,-0.785398
26,54,-1.570796
26,55,-2.356194
26,58,0.785398
26,59,1.570796
26,61,-1.892547
26,63,-1.249046
26,64,-2.356194
26,78,-1.249046
26,79,-2.356194
26,83,-0.785398
26,84,-1.892547
27,25,2.356194
27,74,0.785398
27,75,2.356194
28,6,0.321751
28,7,-2.819842
28,20,1.570796
28,22,-1.892547
28,29,-1.570796
28,36,2.356194
28,75,-1.570796
29,6,-1.570796
29,24,0.785398
29,33,1.249046
29,34,2.356194
29,35,-0.785398
29,36,-2.356194
29,65,0.785398
29,66,1.892547
29,78,0.785398
29,79,1.892547
30,15,0.000000
30,16,-1.892547
30,20,0.785398
30,29,-0.785398
30,30,-1.570796
30,31,-2.356194
30,32,-0.785398
30,33,-1.892547
30,38,0.785398
30,39,1.570796
30,40,2.356194
30,41,-0.785398
30,42,-1.570796
30,43,-2.356194
30,66,-1.249046
30,67,-2.356194
30,79,-1.249046
30,80,-2.356194
30,88,0.321751
30,90,2.819842
31,23,-0.785398
31,24,-1.892547
31,88,-1.570796
31,90,-2.356194
32,19,0.000000
32,20,-1.892547
32,86,0.785398
32,90,2.356194
33,29,0.000000
33,38,-0.785398
33,39,-1.570796
33,40,-2.356194
33,87,-1.249046
33,88,-2.356194
33,89,-0.785398
34,5,0.785398
34,15,1.249046
34,16,2.356194
35,5,0.000000
35,7,1.570796
35,8,2.356194
35,21,1.249046
35,22,2.356194
35,24,3.141593
35,58,0.785398
35,59,1.892547
36,5,-1.570796
36,10,2.356194
36,15,-1.570796
36,19,1.249046
36,59,-1.249046
36,60,-2.356194
37,9,-1.892547
37,16,0.000000
37,18,-0.785398
37,26,2.356194
37,29,0.000000
37,31,3.141593
37,37,0.000000
37,38,3.141593
37,40,0.000000
38,14,1.249046
38,15,3.141593
38,22,-2.356194
38,79,0.785398
38,80,1.892547
38,91,3.141593
39,12,1.249046
39,14,-1.892547
39,80,-1.249046
39,81,-2.356194
40,4,0.785398
40,16,1.249046
40,17,2.356194
40,18,0.785398
40,27,2.356194
40,62,0.785398
40,63,1.892547
41,4,0.000000
41,12,-1.249046
41,13,-2.356194
41,26,0.785398
41,35,2.356194
41,63,-1.249046
41,64,-2.356194
42,4,-0.785398
42,18,-0.785398
42,19,-1.892547
42,24,3.141593
42,26,-0.321751
42,27,2.819842
42,34,-0.785398
42,67,0.785398
42,68,1.892547
43,4,0.785398
43,15,-0.785398
43,16,-1.892547
43,27,-1.570796
43,68,-1.249046
43,70,1.892547
43,91,3.141593
44,4,0.000000
44,32,1.249046
44,34,-1.570796
44,35,-2.356194
44,70,-1.249046
44,71,-2.356194
45,7,2.356194
45,43,0.785398
45,44,1.570796
45,45,2.356194
45,84,0.000000
45,85,1.570796
45,86,2.356194
46,3,0.321751
46,6,-1.892547
47,3,-0.785398
47,15,3.141593
47,29,0.321751
47,44,2.356194
47,86,-0.785398
47,87,-1.570796
47,89,1.570796
47,90,2.356194
48,3,0.785398
48,7,1.249046
48,8,2.356194
48,31,-2.356194
48,39,0.000000
48,91,2.356194
49,3,0.000000
49,6,-0.785398
49,7,-1.892547
49,23,0.000000
49,28,-0.785398
49,29,-1.570796
49,30,-2.356194
49,46,2.356194
49,51,3.141593
50,11,1.249046
50,12,2.356194
51,3,0.000000
51,10,-0.785398
51,11,-1.892547
51,55,0.000000
52,6,2.356194
52,14,1.249046
52,15,3.141593
52,45,0.785398
52,58,0.000000
52,59,1.570796
52,87,0.785398
52,88,2.356194
53,3,0.000000
53,5,-1.892547
53,13,-0.785398
53,14,-1.892547
53,46,-2.356194
53,87,-0.785398
53,89,2.356194
54,3,-0.785398
54,60,-0.785398
54,61,-1.570796
54,62,-2.356194
54,74,0.000000
54,88,-0.785398
54,89,-2.356194
55,3,0.785398
55,7,1.249046
55,8,3.141593
55,19,1.570796
55,27,1.570796
55,54,0.785398
55,55,2.356194
55,72,0.785398
55,76,0.000000
55,77,1.892547
55,83,0.785398
56,3,0.000000
56,6,-0.785398
56,7,-1.892547
56,13,0.785398
56,14,1.570796
56,15,2.356194
56,33,1.570796
56,54,-0.785398
56,56,0.000000
56,72,-0.321751
56,84,-1.570796
57,10,0.785398
57,11,2.356194
57,19,2.356194
57,27,2.356194
57,58,1.570796
57,91,-2.356194
58,3,0.000000
58,11,-1.570796
58,16,-1.570796
58,17,-2.356194
58,19,3.141593
58,27,-2.819842
58,48,0.000000
58,49,0.785398
58,58,-0.321751
58,60,2.356194
58,69,0.000000
58,70,1.892547
58,74,-1.249046
58,75,3.141593
58,79,-1.249046
58,81,1.892547
59,7,3.141593
59,14,-1.892547
59,33,2.356194
59,40,1.249046
59,41,2.356194
59,50,-2.356194
59,63,0.000000
59,64,1.892547
59,76,1.570796
60,11,0.000000
60,12,-1.892547
60,24,-0.785398
60,50,2.356194
60,64,-1.249046
60,66,1.892547
60,76,-0.321751
61,2,0.321751
61,8,2.356194
61,17,1.249046
61,26,0.785398
61,27,2.356194
61,30,0.785398
61,37,0.785398
61,50,3.141593
61,54,0.000000
61,55,0.785398
61,56,1.892547
61,89,-1.570796
62,15,0.000000
62,16,-0.785398
62,17,-1.892547
62,19,-2.356194
62,26,-0.785398
62,33,-1.892547
62,50,-1.570796
62,62,0.000000
62,63,1.892547
62,67,-1.249046
62,68,3.141593
63,2,0.000000
63,4,-1.892547
63,30,1.570796
63,37,1.570796
63,57,-1.249046
63,59,1.892547
63,75,2.819842
63,85,-1.249046
63,86,3.141593
64,2,-0.785398
64,6,0.000000
64,8,0.785398
64,9,1.570796
64,10,2.356194
64,11,3.141593
64,18,1.570796
64,29,-0.785398
64,37,-2.819842
64,52,0.000000
64,53,1.892547
64,64,-1.249046
64,65,3.141593
64,75,-1.570796
65,17,-0.785398
65,34,0.000000
65,35,-0.785398
65,36,-1.892547
65,53,-1.249046
65,55,1.892547
65,88,1.570796
66,4,1.249046
66,6,-2.356194
66,9,0.000000
66,11,0.785398
66,12,1.570796
66,13,2.356194
66,49,0.785398
66,67,0.000000
66,68,1.892547
66,77,0.000000
66,88,-0.321751
67,56,-1.249046
67,57,3.141593
67,69,2.819842
67,73,1.570796
67,78,-1.570796
67,89,-1.249046
67,90,3.141593
68,6,-0.785398
68,7,-1.570796
68,51,-2.356194
68,58,0.000000
68,59,1.892547
68,69,-1.570796
68,74,3.141593
68,79,1.570796
68,91,-2.356194
69,11,2.356194
69,12,-0.785398
69,15,2.356194
69,64,-1.249046
69,80,3.141593
69,85,-1.249046
69,86,3.141593
70,2,-0.785398
70,4,-1.570796
70,66,-1.570796
70,71,0.000000
70,81,1.570796
70,87,1.570796
71,5,1.570796
71,13,1.570796
71,33,0.785398
71,54,0.000000
71,56,3.141593
71,67,1.570796
71,72,-1.570796
71,77,1.570796
71,82,3.141593
71,87,-0.321751
72,12,-0.785398
72,27,1.570796
72,34,0.000000
72,35,1.892547
72,48,0.000000
72,49,0.785398
72,50,1.892547
72,67,-0.321751
72,77,-0.321751
72,88,-1.249046
72,89,3.141593
73,3,0.000000
73,10,-1.892547
73,21,-1.570796
73,35,-1.249046
73,36,-2.356194
73,50,-1.249046
73,51,3.141593
73,58,0.785398
73,68,-1.249046
73,69,3.141593
73,74,0.000000
74,8,-1.892547
74,27,-1.570796
74,38,1.570796
74,52,0.000000
74,53,1.892547
74,75,-1.570796
75,4,-0.321751
75,38,0.000000
75,71,0.000000
75,72,1.892547
75,81,2.819842
75,91,-2.356194
76,10,2.356194
76,38,-0.785398
76,47,1.892547
76,61,0.000000
76,62,1.892547
76,81,-1.570796
76,86,1.570796
77,5,0.785398
77,8,1.249046
77,9,3.141593
77,43,0.321751
77,48,-2.356194
77,67,-1.249046
77,68,3.141593
77,86,-0.321751
78,43,-0.785398
78,82,2.356194
78,87,-1.249046
78,88,3.141593
79,52,0.000000
79,53,1.892547
79,64,-1.249046
79,66,1.892547
79,70,0.000000
79,71,1.892547
79,81,-0.785398
79,82,-2.356194
80,9,-2.356194
80,11,3.141593
80,41,0.785398
80,48,1.892547
80,58,-1.249046
80,60,1.892547
80,66,-1.249046
80,67,3.141593
80,71,-1.249046
80,72,3.141593
80,83,1.570796
80,89,-1.570796
81,7,-1.892547
81,35,0.785398
81,36,1.892547
81,60,-1.249046
81,61,-2.356194
81,62,3.141593
81,73,1.570796
81,78,2.819842
81,84,3.141593
82,2,-0.321751
82,20,1.249046
82,21,3.141593
82,27,0.785398
82,28,1.892547
82,33,1.570796
82,36,-1.249046
82,38,1.892547
82,49,-1.249046
82,50,3.141593
82,55,-1.249046
82,56,3.141593
82,69,0.000000
82,70,1.892547
82,74,3.141593
82,78,-1.570796
83,9,1.249046
83,10,2.356194
83,30,1.892547
83,38,-1.249046
83,39,3.141593
83,44,-1.249046
83,46,1.892547
83,57,1.570796
83,61,0.785398
83,66,0.785398
83,70,-1.249046
83,71,3.141593
83,75,1.570796
84,2,0.321751
84,8,-0.785398
84,9,-1.892547
84,20,-1.570796
84,28,-1.570796
84,35,0.785398
84,40,0.000000
84,41,1.892547
84,52,0.000000
84,53,1.892547
84,57,-0.321751
84,62,-2.356194
84,75,-0.321751
84,76,2.819842
84,87,0.000000
84,88,1.892547
85,5,2.356194
85,16,-0.785398
85,17,-1.892547
85,26,0.785398
85,30,-1.570796
85,32,-1.570796
85,47,-1.249046
85,48,3.141593
85,64,0.785398
85,68,0.000000
85,69,1.892547
85,73,-2.356194
85,76,-2.356194
85,89,2.819842
86,2,-0.321751
86,27,-1.249046
86,35,-0.785398
86,36,-1.570796
86,38,1.892547
86,42,-1.249046
86,43,3.141593
86,59,-1.249046
86,60,3.141593
86,89,-1.570796
87,7,1.249046
87,8,2.356194
87,29,-1.249046
87,31,1.892547
87,38,-1.249046
87,39,3.141593
87,61,1.570796
87,66,1.570796
87,70,-1.249046
87,71,3.141593
88,7,-1.892547
88,14,1.249046
88,15,2.356194
88,18,0.785398
88,19,1.570796
88,20,2.356194
88,31,-1.249046
88,32,-2.356194
88,40,0.000000
88,41,1.892547
88,45,0.000000
88,46,1.892547
88,51,1.570796
88,62,3.141593
88,66,-0.321751
88,78,1.570796
88,84,0.000000
88,85,1.892547
89,3,0.321751
89,13,-0.785398
89,35,0.785398
89,36,1.892547
89,51,0.000000
89,63,1.570796
89,67,-1.249046
89,68,3.141593
89,73,0.000000
89,79,3.141593
89,86,2.819842
90,3,-0.785398
90,7,2.356194
90,16,2.356194
90,17,0.785398
90,29,0.785398
90,30,1.892547
90,36,-1.249046
90,37,3.141593
90,42,-1.249046
90,43,3.141593
90,47,-1.249046
90,49,1.892547
90,51,-1.570796
90,53,0.000000
90,54,1.892547
90,64,3.141593
90,69,0.000000
90,74,-1.570796
90,86,-1.570796
91,14,-0.785398
91,15,-1.892547
91,18,-1.249046
91,19,-2.356194
91,30,-1.249046
91,32,1.892547
91,38,0.000000
91,39,1.892547
91,70,-1.570796
91,75,0.000000
91,76,1.892547
91,87,0.000000
92,8,2.356194
92,32,-1.249046
92,33,-2.356194
92,39,-1.249046
92,40,3.141593
92,45,0.000000
92,50,-1.570796
92,55,-1.249046
92,56,3.141593
92,60,-1.249046
92,61,3.141593
92,66,1.570796
92,71,0.000000
92,88,-1.570796
92,91,2.356194
93,28,0.000000
93,29,1.892547
93,35,0.000000
93,36,1.892547
93,41,0.000000
93,42,1.892547
93,46,-1.570796
93,62,1.570796
93,66,-0.321751
93,72,-1.570796
93,89,0.000000
93,91,-2.819842
94,2,0.000000
94,4,-1.892547
94,13,0.785398
94,14,1.570796
94,15,3.141593
94,29,-1.249046
94,30,-2.356194
94,31,0.785398
94,32,1.892547
94,36,-1.249046
94,38,1.892547
94,47,0.000000
94,62,-0.321751
94,67,-1.249046
94,68,3.141593
94,79,2.819842
95,2,-0.785398
95,7,1.570796
95,10,1.249046
95,11,3.141593
95,25,0.785398
95,26,1.892547
95,38,-1.249046
95,39,3.141593
95,48,-1.570796
95,53,0.000000
95,54,1.892547
95,63,-1.249046
95,64,3.141593
95,79,-1.570796
96,2,0.785398
96,7,-0.785398
96,8,-2.356194
96,9,-0.785398
96,10,-1.892547
96,14,0.785398
96,26,-1.249046
96,27,-2.356194
96,28,0.785398
96,29,1.892547
96,32,-1.570796
96,44,-1.249046
96,45,3.141593
96,60,1.570796
96,65,1.570796
96,70,1.570796
96,86,1.570796
97,3,-2.356194
97,15,-2.356194
97,29,-1.249046
97,37,3.141593
97,42,3.141593
97,55,-1.249046
97,56,3.141593
97,60,-0.321751
97,65,-0.785398
97,66,3.141593
97,71,3.141593
97,82,3.141593
97,87,-2.356194
98,26,3.141593
98,31,-1.249046
98,32,-2.356194
98,33,3.141593
98,46,-1.570796
98,51,-2.356194
98,57,-2.356194
98,61,-1.249046
98,62,-2.356194
98,67,-2.356194
98,72,-2.356194
98,77,-2.356194
