4,48,1.249046
4,49,3.141593
4,55,0.000000
4,56,1.570796
4,57,2.356194
4,63,1.249046
4,64,2.356194
4,69,0.785398
4,70,1.892547
5,46,2.356194
5,73,0.785398
5,74,1.892547
6,36,2.356194
6,41,0.785398
6,42,1.892547
6,50,1.892547
6,54,1.249046
6,56,3.141593
6,60,0.321751
7,45,3.141593
7,56,-2.356194
7,65,1.892547
7,68,0.321751
8,33,0.785398
8,36,2.819842
8,41,0.321751
8,50,-1.892547
8,72,0.321751
9,29,1.249046
9,30,3.141593
9,41,-0.785398
9,43,-1.249046
9,45,3.141593
9,55,-1.249046
9,57,1.892547
9,72,-0.785398
10,72,2.356194
11,22,1.249046
11,23,2.356194
11,27,-0.785398
11,41,0.785398
11,50,1.249046
11,54,2.356194
11,72,3.141593
11,83,2.356194
12,29,1.570796
12,37,1.249046
12,39,1.892547
12,43,2.356194
12,44,-0.785398
12,45,-1.892547
12,77,1.892547
12,82,0.321751
13,29,0.000000
13,33,2.356194
13,55,0.785398
13,64,-1.249046
13,65,3.141593
13,82,-1.570796
14,37,-1.249046
14,44,2.356194
14,47,0.785398
14,51,-1.892547
14,58,-2.356194
14,59,0.785398
14,66,0.785398
15,56,-0.785398
15,62,2.819842
16,14,1.249046
16,15,3.141593
16,19,-1.570796
16,35,2.356194
16,44,2.819842
16,53,0.785398
16,64,1.249046
16,66,3.141593
16,82,2.819842
17,26,1.249046
17,44,-1.570796
17,48,0.785398
17,55,-0.785398
17,56,-1.570796
17,57,-2.356194
17,62,-1.570796
18,45,1.570796
18,48,-0.321751
18,50,2.356194
18,80,-1.249046
18,82,3.141593
19,11,0.321751
19,22,1.570796
19,28,-1.570796
19,29,3.141593
19,40,-1.570796
19,41,3.141593
19,53,-1.570796
19,61,2.819842
19,64,-0.785398
19,66,-1.249046
19,67,-2.356194
19,78,-2.356194
19,82,-2.356194
20,11,-0.785398
20,22,0.000000
20,30,0.785398
20,31,2.356194
20,42,0.000000
20,50,2.819842
20,58,0.321751
20,87,2.356194
21,41,1.570796
21,46,-0.785398
21,50,-2.356194
21,58,-1.570796
21,60,-0.785398
21,64,2.356194
21,77,-0.785398
21,78,-1.570796
21,79,-2.356194
21,80,0.785398
21,84,0.785398
22,22,-0.321751
22,41,-2.356194
22,49,0.000000
22,63,0.321751
22,64,-2.819842
22,67,1.249046
22,69,3.141593
22,81,-1.249046
23,49,-1.570796
23,51,0.000000
23,54,2.356194
23,63,-1.570796
23,66,0.321751
23,69,-2.356194
23,72,-0.785398
23,75,-1.570796
24,34,-0.785398
24,54,-2.819842
24,59,1.570796
24,66,-1.570796
24,69,2.356194
24,84,-1.249046
25,23,-0.321751
25,39,2.356194
25,48,1.570796
25,53,-0.785398
25,62,2.356194
25,68,0.321751
25,69,-2.819842
25,72,2.356194
25,76,0.785398
26,33,2.356194
26,34,0.785398
26,39,-2.819842
26,61,0.321751
26,62,-2.819842
26,71,0.321751
26,72,-2.819842
26,82,1.249046
26,83,2.356194
27,47,-0.785398
27,52,-0.785398
27,58,-1.570796
27,67,0.321751
27,68,-2.819842
27,71,-1.570796
27,75,0.000000
27,76,-1.892547
28,38,-2.356194
28,45,-1.570796
28,60,0.321751
28,61,-2.819842
28,67,-1.570796
28,74,3.141593
28,88,-0.785398
28,90,2.819842
29,22,-0.785398
29,32,-1.570796
29,35,-2.819842
29,47,1.570796
29,51,1.570796
29,57,1.570796
29,60,-1.570796
29,73,-0.785398
29,83,2.356194
29,90,-2.356194
30,24,-2.819842
30,44,1.570796
30,57,-1.570796
30,76,0.321751
31,20,2.356194
31,31,2.356194
31,54,-1.570796
31,59,-1.570796
31,72,1.570796
31,76,-1.570796
31,79,0.321751
31,90,0.785398
32,25,1.249046
32,33,-2.356194
32,51,-1.570796
32,56,1.570796
32,61,0.000000
32,71,0.321751
32,72,-2.819842
32,86,-2.356194
32,91,2.819842
33,19,0.000000
33,21,-1.892547
33,24,0.321751
33,53,1.570796
33,58,1.570796
33,71,-0.785398
33,78,0.321751
33,79,-2.819842
33,88,0.000000
34,30,2.819842
34,50,1.570796
34,68,-1.570796
34,78,-1.570796
34,84,3.141593
34,91,-2.819842
35,10,0.321751
35,12,-2.356194
35,17,0.785398
35,20,3.141593
35,22,1.249046
35,24,-2.356194
35,32,1.570796
35,37,-1.570796
35,50,2.356194
35,52,-0.785398
35,65,-1.570796
35,74,2.356194
35,84,-2.356194
36,10,-0.785398
36,28,-1.249046
36,32,-2.819842
36,41,-1.570796
36,49,0.321751
36,50,-2.819842
36,55,-1.570796
36,71,-1.570796
36,73,0.321751
36,74,-2.819842
36,77,2.356194
36,90,2.356194
37,18,0.000000
37,36,1.570796
37,49,-0.785398
37,52,1.570796
37,60,1.570796
37,68,1.570796
37,73,-0.785398
37,76,0.321751
37,77,-2.819842
37,80,-1.570796
37,83,0.000000
37,84,-1.570796
37,85,3.141593
37,87,1.249046
38,23,1.249046
38,27,2.356194
38,30,0.321751
38,31,-2.819842
38,36,-1.570796
38,65,1.570796
38,76,-0.785398
39,20,-1.892547
39,63,1.570796
39,65,-1.570796
39,71,1.570796
39,81,-0.785398
39,91,2.819842
40,41,1.570796
40,63,-1.570796
40,76,-1.570796
41,33,1.570796
41,55,1.570796
41,60,-1.570796
41,73,-1.570796
41,89,-1.249046
41,91,3.141593
42,21,-1.892547
42,29,2.819842
42,36,1.570796
42,38,1.570796
42,57,-1.570796
42,69,1.570796
42,71,0.000000
42,87,-2.356194
42,91,-2.356194
43,10,0.785398
43,29,-2.356194
43,66,0.785398
43,69,-0.321751
43,76,1.570796
43,81,-0.785398
43,87,2.356194
44,10,0.000000
44,33,0.785398
44,55,-1.570796
44,61,1.570796
44,70,-2.356194
44,83,0.000000
44,87,3.141593
45,10,-0.785398
45,29,0.785398
45,34,2.819842
45,44,0.785398
45,46,2.356194
45,77,-2.356194
45,90,1.570796
46,21,-1.892547
46,29,0.000000
46,31,0.785398
46,44,0.000000
46,56,1.570796
46,64,0.785398
46,68,-2.356194
46,87,0.000000
46,89,-0.785398
47,29,-1.570796
47,32,-1.249046
47,44,-0.785398
47,47,2.819842
47,58,0.785398
47,63,0.000000
47,65,-1.570796
47,76,3.141593
48,25,1.249046
48,26,2.356194
48,27,0.785398
48,28,2.356194
48,59,0.000000
48,63,0.000000
48,69,0.785398
48,85,0.785398
48,87,-2.819842
49,28,-2.356194
49,39,0.785398
49,47,-0.321751
49,48,2.819842
49,57,-2.356194
49,62,0.000000
49,74,-2.356194
50,21,-1.892547
50,24,-1.570796
50,39,-0.321751
50,40,2.819842
50,42,0.785398
50,48,-2.356194
50,53,0.785398
50,62,0.785398
50,64,0.000000
50,68,3.141593
50,70,-1.570796
51,23,1.570796
51,28,-1.570796
51,29,3.141593
51,31,1.249046
51,35,1.570796
51,40,-2.356194
51,42,-0.321751
51,51,0.785398
51,54,2.819842
51,57,0.785398
51,62,-0.321751
51,90,0.000000
52,10,0.785398
52,35,2.356194
52,46,2.819842
52,51,-0.321751
52,54,-1.570796
52,63,-1.570796
52,66,1.570796
52,81,-0.785398
52,83,0.785398
52,84,2.356194
52,86,3.141593
52,91,-2.356194
53,10,0.000000
53,35,3.141593
53,46,-2.356194
53,52,-2.356194
53,58,0.785398
53,61,1.570796
53,83,-1.570796
53,86,-2.356194
53,91,-1.570796
54,10,-0.785398
54,19,-1.249046
54,21,-1.892547
54,29,1.570796
54,41,0.785398
54,43,-2.356194
54,46,0.785398
54,52,0.785398
54,58,-0.321751
54,59,2.819842
54,61,-0.321751
54,76,0.000000
54,80,3.141593
54,82,-0.785398
55,23,0.321751
55,38,2.356194
55,41,-0.785398
55,46,-0.321751
55,47,2.819842
55,49,0.785398
55,52,-0.321751
55,53,2.819842
55,59,-2.356194
55,66,-1.570796
55,86,0.785398
56,23,-0.785398
56,26,-1.570796
56,29,-2.819842
56,50,2.819842
56,59,0.785398
56,67,0.000000
56,69,3.141593
56,76,0.785398
56,80,0.000000
56,82,3.141593
56,86,0.000000
56,89,0.785398
56,90,1.892547
57,23,0.000000
57,25,1.570796
57,32,0.000000
57,34,-1.892547
57,39,2.819842
57,41,0.785398
57,47,-0.321751
57,50,-1.570796
57,53,-0.321751
57,54,2.819842
57,57,1.570796
57,59,-0.785398
57,64,-1.249046
57,65,-2.356194
57,66,0.000000
57,71,0.000000
57,77,-2.356194
57,86,-0.785398
57,91,2.819842
58,22,1.570796
58,25,-2.819842
58,27,0.321751
58,28,-2.819842
58,32,-0.785398
58,45,2.819842
58,48,-2.356194
58,54,-1.570796
58,61,-1.570796
58,68,3.141593
58,91,-2.356194
59,21,0.321751
59,22,-2.819842
59,24,-0.785398
59,32,2.356194
59,35,0.321751
59,39,0.000000
59,48,0.785398
59,62,0.000000
59,63,1.892547
59,70,0.000000
59,78,0.000000
59,82,0.785398
59,83,1.892547
60,10,0.785398
60,24,2.356194
60,26,0.321751
60,31,-0.785398
60,32,-2.356194
60,42,-1.570796
60,48,-0.785398
60,59,0.000000
60,60,1.892547
60,66,0.000000
60,74,0.785398
60,75,1.892547
61,10,-0.321751
61,12,2.356194
61,20,-0.785398
61,23,0.321751
61,28,0.785398
61,29,3.141593
61,37,-2.819842
61,39,-0.321751
61,54,2.356194
61,64,-1.249046
61,68,0.000000
61,69,0.785398
61,70,1.892547
61,75,-1.249046
61,76,-2.356194
61,82,-0.785398
62,26,-2.819842
62,28,-0.785398
62,40,-2.356194
62,47,-1.570796
62,61,-1.249046
62,62,3.141593
62,67,0.000000
62,71,-2.356194
62,84,-2.356194
62,87,-0.321751
62,91,2.819842
63,23,-2.819842
63,25,-0.785398
63,32,0.785398
63,43,1.570796
63,45,0.785398
63,55,1.570796
63,59,3.141593
63,63,0.000000
63,64,1.892547
63,68,0.000000
63,69,2.356194
63,76,0.785398
63,77,1.570796
63,79,1.570796
63,81,1.892547
63,91,-2.356194
64,11,0.785398
64,25,2.356194
64,38,1.570796
64,45,-0.321751
64,48,0.000000
64,57,2.356194
64,64,-1.249046
64,66,1.892547
64,69,-2.356194
64,72,0.785398
64,85,3.141593
64,89,-1.570796
65,11,0.000000
65,20,-0.785398
65,21,-1.892547
65,24,0.321751
65,25,-2.819842
65,30,2.356194
65,32,0.321751
65,43,0.000000
65,53,-2.356194
65,61,0.000000
65,66,-1.249046
65,67,-2.356194
65,68,0.000000
65,79,-0.321751
65,90,0.000000
66,11,-0.785398
66,24,-0.785398
66,29,0.321751
66,30,-2.819842
66,32,-0.785398
66,44,1.570796
66,58,1.570796
66,62,-2.356194
66,71,0.000000
66,77,1.570796
66,90,0.785398
67,29,-0.785398
67,34,-0.785398
67,40,-2.356194
67,67,0.785398
67,77,-0.321751
67,80,2.356194
67,84,0.785398
67,90,-0.321751
67,91,2.819842
68,29,2.356194
68,31,-0.785398
68,42,0.000000
68,52,1.892547
68,68,-1.249046
68,69,-2.356194
68,80,-2.356194
68,84,-0.321751
68,85,2.819842
68,91,-2.356194
69,23,1.570796
69,26,2.356194
69,28,0.321751
69,42,-0.785398
69,65,0.000000
69,73,0.785398
69,81,0.000000
69,88,0.785398
70,23,-2.819842
70,25,0.321751
70,26,-2.819842
70,28,-0.785398
70,39,0.785398
70,49,0.000000
70,64,2.356194
70,66,0.000000
70,67,1.570796
70,68,2.356194
70,74,-1.570796
70,77,0.000000
70,82,-1.570796
70,85,-0.321751
70,86,2.819842
70,88,-0.321751
70,91,2.356194
71,11,0.785398
71,25,-0.785398
71,28,-1.570796
71,30,-1.570796
71,45,-2.356194
71,53,3.141593
71,70,0.785398
71,75,0.000000
71,80,2.819842
71,91,-2.819842
72,11,-0.321751
72,13,2.356194
72,20,-0.785398
72,21,-1.892547
72,36,1.570796
72,38,0.321751
72,56,0.000000
72,59,0.000000
72,66,0.000000
72,73,1.249046
72,74,3.141593
72,80,-1.570796
72,86,-0.321751
73,30,0.785398
73,34,-1.570796
73,38,-0.785398
73,44,1.570796
73,54,1.892547
73,60,0.000000
73,90,-2.356194
74,27,1.570796
74,44,0.000000
74,56,3.141593
74,63,-2.819842
74,73,-1.570796
74,88,-2.356194
75,25,2.356194
75,29,1.570796
75,44,-0.785398
75,65,1.249046
75,79,1.570796
75,85,1.570796
75,88,0.785398
75,90,2.356194
76,25,-2.819842
76,46,0.321751
76,52,-0.785398
76,58,1.892547
76,71,1.570796
76,77,1.570796
76,85,-0.321751
76,86,2.819842
76,90,3.141593
77,46,-0.785398
77,65,-2.356194
77,71,-0.321751
77,72,2.819842
77,75,-2.356194
77,77,-1.570796
77,86,-1.570796
77,90,-2.356194
78,12,2.356194
78,41,-1.570796
78,58,-0.785398
78,62,-2.356194
78,72,-2.356194
78,87,1.570796
78,90,2.356194
79,11,0.321751
79,72,-1.570796
79,87,-0.321751
80,11,-0.785398
80,31,-1.570796
80,33,1.570796
80,41,1.570796
80,55,0.785398
80,62,0.785398
80,80,0.785398
80,84,1.570796
81,46,-1.570796
81,52,0.785398
81,55,-0.321751
81,56,2.819842
81,62,-0.321751
81,63,2.819842
81,74,1.570796
81,77,0.785398
81,80,-0.321751
81,84,-0.321751
81,88,3.141593
82,24,1.892547
82,31,1.570796
82,33,-1.570796
82,52,-0.321751
82,53,2.819842
82,56,-2.356194
82,63,-2.356194
82,66,0.785398
82,82,2.819842
83,17,-0.785398
83,27,2.819842
83,31,-1.570796
83,53,-2.356194
83,56,0.785398
83,66,-0.321751
83,67,2.819842
83,78,-1.570796
83,82,-2.356194
83,86,-1.249046
83,89,2.819842
84,20,0.785398
84,24,-1.892547
84,27,-2.356194
84,47,1.570796
84,56,-0.321751
84,57,2.819842
84,67,-2.356194
84,74,0.785398
84,82,0.785398
84,89,-2.356194
85,4,1.892547
85,11,2.356194
85,27,2.356194
85,41,-1.570796
85,50,0.785398
85,57,-2.356194
85,60,-1.570796
85,74,-0.321751
85,75,2.819842
85,82,-0.321751
85,83,2.819842
86,11,3.141593
86,27,-2.819842
86,33,1.570796
86,38,-1.570796
86,50,-0.321751
86,51,2.819842
86,57,-1.570796
86,79,0.785398
86,83,-1.570796
87,4,-1.892547
87,11,-2.356194
87,29,-0.785398
87,33,-1.570796
87,36,-1.570796
87,42,1.570796
87,51,-2.356194
87,61,1.570796
87,75,-0.321751
87,76,2.819842
87,80,1.570796
87,84,1.570796
88,39,1.570796
88,45,-2.356194
88,48,-1.570796
88,64,-1.570796
88,68,0.785398
88,72,0.785398
88,76,-1.570796
88,80,-0.321751
88,81,2.819842
88,85,3.141593
89,24,-0.785398
89,62,-2.356194
89,68,-0.321751
89,72,-0.321751
89,73,2.819842
89,77,1.570796
90,30,1.570796
90,33,1.570796
90,42,-1.570796
90,49,1.570796
90,58,0.000000
90,66,1.570796
90,70,2.819842
90,73,-1.570796
90,77,-0.321751
90,78,2.819842
90,81,-0.321751
90,82,2.819842
90,87,0.000000
90,88,2.356194
91,45,0.785398
91,52,0.785398
91,82,-1.570796
91,88,-2.356194
92,14,0.785398
92,24,0.785398
92,43,1.570796
92,52,-0.321751
92,53,2.819842
92,56,1.570796
92,70,-0.321751
92,71,2.819842
92,78,-0.321751
92,79,2.819842
93,24,0.000000
93,26,1.570796
93,27,2.356194
93,37,1.570796
93,53,-2.356194
93,56,-0.321751
93,57,2.819842
93,64,1.570796
93,67,0.785398
93,71,-1.570796
93,75,1.570796
93,79,-1.570796
93,88,2.356194
94,16,-2.356194
94,20,1.249046
94,22,1.892547
94,43,-1.570796
94,60,-1.570796
94,67,-0.321751
94,75,-0.321751
94,76,2.819842
94,80,0.000000
94,81,1.892547
94,85,1.570796
94,88,-2.819842
95,26,-2.819842
95,29,1.570796
95,31,2.356194
95,47,-1.570796
95,50,0.785398
95,58,3.141593
95,76,-1.570796
95,85,-0.785398
95,87,-1.892547
96,20,-1.249046
96,22,-1.892547
96,44,1.570796
96,50,-0.321751
96,51,2.819842
96,54,0.785398
96,59,-2.356194
96,62,1.570796
96,70,2.819842
96,73,1.570796
96,77,0.000000
96,78,1.892547
97,28,-0.785398
97,29,-1.892547
97,34,-1.570796
97,38,-1.570796
97,44,-1.570796
97,51,-2.356194
97,55,3.141593
97,70,-2.356194
97,74,3.141593
97,78,-1.249046
97,79,-2.356194
97,81,-0.785398
97,82,-1.892547
98,41,-1.570796
98,47,0.000000
98,48,3.141593
98,51,-1.570796
98,56,-2.356194
98,70,-1.570796
98,75,-2.356194
