9,36,0.785398
9,37,1.570796
9,38,2.356194
10,25,1.249046
10,26,3.141593
10,50,2.356194
11,14,1.249046
11,15,2.356194
11,24,-0.785398
12,13,0.321751
13,13,-0.785398
13,56,1.570796
13,65,1.249046
13,66,2.356194
15,81,2.356194
16,13,2.356194
16,29,0.785398
16,36,0.321751
16,38,2.819842
16,53,1.570796
16,55,-1.892547
17,29,0.000000
17,36,-0.785398
17,62,-0.785398
18,29,-0.785398
18,31,0.000000
18,32,1.570796
18,33,2.356194
18,40,1.249046
18,42,-1.892547
18,51,0.000000
20,40,-2.356194
20,49,1.570796
20,69,1.249046
21,8,0.321751
21,17,0.785398
21,18,2.356194
21,35,-2.356194
21,40,0.785398
22,8,-0.785398
22,17,-0.785398
22,30,2.819842
22,35,0.785398
22,44,0.785398
22,45,1.892547
22,55,1.892547
22,63,2.819842
22,71,-2.819842
22,83,3.141593
23,20,0.000000
23,21,1.570796
23,23,1.570796
23,24,2.356194
23,26,0.785398
23,35,-0.785398
23,36,-2.356194
23,57,1.892547
23,59,1.249046
23,68,-1.570796
23,70,-1.892547
24,32,1.249046
24,33,2.356194
24,40,-1.570796
24,45,-0.785398
24,52,0.321751
24,55,-1.892547
24,61,-1.249046
24,72,0.321751
25,41,1.570796
25,49,-2.819842
25,52,-0.785398
26,8,2.356194
26,32,-1.570796
26,44,-0.785398
26,45,-1.570796
26,46,-2.356194
26,67,-2.356194
26,72,3.141593
27,7,0.321751
27,16,0.321751
27,18,2.819842
27,28,-1.570796
27,36,1.249046
27,37,2.356194
27,40,-0.785398
27,41,-1.892547
27,48,-1.570796
27,59,-1.249046
27,60,-2.356194
27,62,-0.785398
27,63,-1.892547
28,7,-0.785398
28,21,0.785398
28,29,0.785398
28,30,2.356194
28,32,-0.785398
28,52,-1.570796
28,53,-2.356194
28,65,0.785398
28,74,-0.785398
28,75,-1.570796
28,77,3.141593
28,82,3.141593
29,7,2.356194
29,16,-0.321751
29,21,-0.785398
29,22,-2.356194
29,47,1.249046
29,77,-2.356194
29,82,-2.356194
30,5,1.249046
30,7,3.141593
30,11,0.785398
30,12,2.356194
30,20,2.356194
30,27,1.570796
30,29,3.141593
30,37,-2.356194
30,38,0.785398
30,39,1.892547
30,58,2.356194
30,60,0.785398
30,61,1.570796
30,62,2.356194
31,7,-2.356194
31,11,-0.785398
31,14,0.785398
31,15,1.570796
31,20,-2.356194
31,25,-0.785398
31,34,-0.785398
31,35,-1.892547
31,52,0.785398
31,53,1.570796
31,54,2.356194
31,55,-0.785398
31,65,-1.570796
31,73,-1.249046
31,74,-2.356194
31,75,-0.785398
31,78,2.356194
31,80,0.785398
32,3,0.321751
32,20,0.785398
32,31,2.356194
32,47,-0.321751
32,50,-1.892547
32,57,-2.356194
32,81,-1.249046
32,83,1.892547
33,3,-0.785398
33,25,-0.785398
33,26,-1.892547
33,38,0.000000
33,53,0.785398
33,60,0.000000
33,61,-1.570796
33,62,-2.356194
33,65,-0.785398
33,66,-1.570796
33,67,-2.356194
33,84,2.819842
34,19,-0.785398
34,20,-1.892547
34,35,0.785398
34,36,1.570796
34,37,3.141593
34,46,0.785398
34,55,2.356194
34,56,-0.785398
34,57,-1.570796
34,58,-2.356194
34,76,-0.785398
34,77,-1.570796
34,78,-2.356194
34,81,0.785398
34,87,2.356194
35,8,1.570796
35,17,-0.785398
35,29,0.000000
35,30,-1.570796
35,31,-2.356194
35,32,0.785398
35,33,2.356194
35,41,1.249046
35,42,2.356194
35,50,2.356194
35,52,-0.785398
35,87,-2.819842
36,33,-1.570796
36,38,2.356194
36,49,-1.892547
36,54,-2.356194
36,67,0.785398
36,68,1.892547
36,81,0.321751
37,3,0.785398
37,13,0.000000
37,15,1.570796
37,16,3.141593
37,35,2.356194
37,68,-1.249046
37,70,1.570796
37,71,2.356194
38,33,-0.785398
38,34,-1.892547
38,37,-2.356194
38,41,0.000000
38,51,1.249046
38,52,2.356194
38,53,-0.785398
38,54,-1.570796
38,55,-2.356194
38,77,0.000000
38,78,1.570796
38,79,2.356194
38,80,-0.785398
38,81,-1.570796
39,17,2.356194
39,37,0.785398
39,47,-0.785398
39,48,-2.356194
39,83,-1.249046
40,14,-2.356194
40,40,-0.785398
40,41,-1.570796
40,42,-2.356194
40,43,0.785398
40,44,1.570796
40,45,2.356194
40,60,1.249046
40,61,2.356194
40,69,-0.785398
40,70,-1.570796
40,71,-2.356194
41,3,-0.321751
41,16,-1.570796
41,31,0.785398
41,32,1.892547
41,36,-0.785398
41,37,-1.892547
41,52,-2.356194
41,76,-0.785398
41,77,-1.570796
41,78,-2.356194
42,18,2.356194
42,26,0.785398
42,27,1.570796
42,28,2.356194
42,46,2.356194
42,60,-1.570796
42,88,2.356194
43,11,-1.570796
43,15,1.249046
43,17,-1.892547
43,23,1.249046
43,24,2.356194
43,44,0.000000
43,45,-1.892547
43,50,-1.570796
43,62,2.356194
43,66,0.785398
43,67,1.570796
43,68,2.356194
43,88,3.141593
44,20,1.249046
44,21,2.356194
44,22,-0.785398
44,23,-1.892547
44,29,2.356194
44,31,-0.785398
44,40,0.785398
44,41,1.570796
44,42,2.356194
44,51,0.785398
44,52,2.356194
44,60,-0.785398
44,61,-1.892547
44,72,0.000000
44,73,1.892547
44,88,-2.356194
45,3,0.321751
45,9,-2.356194
45,10,0.785398
45,18,1.249046
45,20,-1.892547
45,27,0.000000
45,28,-1.892547
46,3,-0.785398
46,5,-1.249046
46,7,-1.892547
46,16,2.356194
46,17,-0.785398
46,18,-1.892547
46,43,2.356194
46,44,0.785398
46,45,1.892547
46,49,1.249046
46,66,-0.785398
46,67,-1.570796
46,68,-2.356194
46,69,0.785398
46,70,1.570796
46,71,2.356194
46,72,-0.785398
46,73,-1.892547
46,88,2.356194
47,11,0.000000
47,14,-0.785398
47,15,-1.892547
47,30,1.249046
47,31,2.356194
47,40,1.249046
47,42,-1.892547
47,47,2.356194
47,53,1.892547
47,88,3.141593
48,29,-0.785398
48,30,-1.892547
48,39,-0.785398
48,44,0.000000
48,55,1.570796
48,56,2.356194
48,57,0.785398
48,58,1.570796
48,59,3.141593
48,88,-2.356194
49,9,1.249046
49,11,-2.356194
49,25,1.249046
49,26,2.356194
49,42,2.356194
49,53,-1.570796
49,69,-0.785398
49,70,-1.570796
49,71,-2.356194
49,88,2.356194
50,13,2.356194
50,23,0.785398
50,39,1.249046
50,45,0.000000
50,51,-1.249046
50,55,2.356194
50,58,0.000000
50,63,0.785398
50,79,0.000000
50,80,1.570796
50,81,2.356194
50,88,3.141593
51,5,1.249046
51,12,-1.892547
51,28,1.249046
51,29,2.356194
51,38,-0.785398
51,39,-1.892547
51,42,0.785398
51,43,2.356194
51,44,0.000000
51,49,3.141593
51,53,0.000000
51,54,-0.785398
51,55,-2.356194
51,58,-1.570796
51,88,-2.356194
52,10,-1.892547
52,27,-0.785398
52,28,-1.892547
52,42,-0.785398
52,46,2.356194
52,47,0.000000
52,51,0.000000
52,52,0.000000
52,56,0.000000
52,62,-2.356194
52,67,-2.356194
52,69,0.785398
52,70,1.570796
52,71,2.356194
52,81,3.141593
53,24,-1.892547
53,32,1.249046
53,33,2.356194
53,34,0.000000
53,39,3.141593
53,43,0.000000
53,44,-0.785398
53,48,0.000000
53,54,2.356194
53,55,0.000000
53,59,0.321751
53,65,-0.785398
53,74,1.570796
53,82,0.000000
53,83,1.892547
53,88,2.356194
54,7,-1.249046
54,8,-2.356194
54,13,1.249046
54,14,3.141593
54,30,0.785398
54,36,2.356194
54,37,0.000000
54,41,0.000000
54,42,0.000000
54,47,0.000000
54,51,2.356194
54,56,1.570796
54,61,0.000000
54,62,3.141593
54,76,0.785398
54,77,1.570796
54,83,-1.249046
54,84,-2.356194
54,88,3.141593
55,21,-0.785398
55,22,-1.570796
55,23,-2.356194
55,24,0.785398
55,25,1.570796
55,26,2.356194
55,33,-2.356194
55,34,-0.785398
55,39,3.141593
55,44,3.141593
55,49,-0.785398
55,50,-1.892547
55,56,-0.785398
55,57,-2.356194
55,58,-0.785398
55,59,-1.570796
55,60,-2.356194
55,66,0.000000
55,71,0.000000
55,73,-0.785398
55,74,-1.892547
55,88,-2.356194
56,3,0.321751
56,14,3.141593
56,31,-1.570796
56,46,0.785398
56,52,0.321751
56,55,3.141593
56,63,0.000000
56,64,3.141593
56,70,0.000000
56,81,2.356194
56,88,2.356194
57,10,-0.785398
57,11,-1.892547
57,16,3.141593
57,24,-0.785398
57,34,0.000000
57,43,0.000000
57,44,3.141593
57,48,3.141593
57,52,-0.785398
57,61,3.141593
57,72,3.141593
57,88,3.141593
58,3,0.000000
58,5,-1.892547
58,14,0.000000
58,15,-1.892547
58,32,2.356194
58,40,0.000000
58,41,3.141593
58,53,-0.785398
58,63,2.356194
58,68,0.000000
58,69,3.141593
58,80,-0.321751
58,81,2.819842
58,88,-2.356194
59,12,1.249046
59,13,3.141593
59,17,1.249046
59,18,2.356194
59,30,0.000000
59,38,0.000000
59,39,0.000000
59,46,0.785398
59,47,1.892547
59,51,3.141593
59,56,0.000000
59,61,0.000000
59,62,0.000000
59,65,0.000000
59,66,3.141593
60,3,0.000000
60,11,-0.785398
60,12,-1.892547
60,22,1.249046
60,23,2.356194
60,28,2.356194
60,41,3.141593
60,44,0.000000
60,45,0.000000
60,54,3.141593
60,63,-2.356194
60,68,0.000000
60,69,3.141593
60,79,0.000000
60,80,-0.785398
60,81,-1.570796
60,82,3.141593
61,6,2.356194
61,14,1.249046
61,16,-1.892547
61,20,1.249046
61,22,-1.892547
61,26,0.000000
61,33,0.000000
61,35,0.000000
61,46,-0.785398
61,47,-1.892547
61,52,0.000000
62,3,-0.321751
62,13,-0.785398
62,18,1.249046
62,20,-1.892547
62,30,1.570796
62,44,2.356194
62,49,0.000000
62,53,0.000000
62,54,3.141593
62,58,0.000000
62,59,3.141593
62,87,1.570796
63,10,1.249046
63,11,3.141593
63,16,2.356194
63,17,-0.785398
63,18,-1.892547
63,24,3.141593
63,30,-1.570796
63,34,1.570796
63,37,-2.356194
63,43,0.000000
63,47,3.141593
63,52,-0.785398
63,79,0.785398
63,80,1.570796
63,82,1.892547
63,87,-2.819842
64,7,2.356194
64,9,-0.785398
64,20,1.249046
64,21,2.356194
64,27,3.141593
64,44,0.000000
64,50,3.141593
64,67,0.785398
64,73,0.785398
64,74,2.356194
64,75,0.785398
64,76,1.570796
64,77,2.356194
64,78,0.000000
65,3,0.321751
65,6,-1.892547
65,12,2.356194
65,13,-0.785398
65,14,-1.892547
65,19,0.000000
65,20,-1.892547
65,25,0.000000
65,29,0.785398
65,33,-0.785398
65,38,0.000000
65,42,0.000000
65,54,3.141593
65,61,0.785398
65,62,1.570796
65,63,2.356194
65,64,0.785398
65,65,2.356194
65,68,-1.249046
65,82,-1.892547
66,3,-0.785398
66,27,3.141593
66,31,3.141593
66,35,0.000000
66,45,0.000000
66,46,0.000000
66,56,0.785398
66,65,-2.356194
66,74,-2.356194
67,3,0.785398
67,11,-1.570796
67,39,-1.570796
67,47,0.785398
67,48,2.356194
67,54,3.141593
67,58,-0.785398
67,59,-1.570796
67,60,-2.356194
67,65,2.356194
67,67,0.000000
67,71,3.141593
67,78,-0.785398
68,3,-0.785398
68,4,-2.356194
68,13,2.356194
68,19,1.249046
68,20,3.141593
68,36,3.141593
68,52,0.785398
68,64,-0.785398
68,73,0.000000
68,75,-0.785398
68,76,-1.892547
69,2,-0.785398
69,11,0.000000
69,12,-1.892547
69,17,1.249046
69,23,0.000000
69,24,3.141593
69,33,1.249046
69,34,3.141593
69,39,2.356194
69,40,0.000000
69,43,0.000000
69,52,-0.785398
69,54,1.892547
69,71,3.141593
70,8,1.249046
70,9,2.356194
70,16,0.000000
70,17,-1.892547
70,20,0.000000
70,21,3.141593
70,27,3.141593
70,31,0.000000
70,32,-0.785398
70,50,0.785398
70,58,0.000000
70,63,-2.356194
70,75,0.000000
70,77,0.785398
70,78,1.892547
71,6,1.249046
71,8,-1.892547
71,13,1.249046
71,14,2.356194
71,15,0.000000
71,24,0.000000
71,52,-2.356194
71,68,0.000000
71,71,3.141593
71,84,-0.785398
71,86,2.819842
72,4,1.249046
72,6,-1.892547
72,11,1.249046
72,13,-1.892547
72,16,0.000000
72,30,0.785398
72,31,1.570796
72,32,2.356194
72,33,-0.785398
72,49,-2.356194
72,50,0.000000
72,56,0.785398
72,57,1.892547
72,63,0.000000
72,66,3.141593
72,78,-1.570796
72,86,-2.356194
73,2,0.000000
73,3,-0.785398
73,4,-1.892547
73,9,1.249046
73,11,-1.892547
73,15,-0.785398
73,26,0.785398
73,27,1.892547
73,58,-2.356194
73,61,3.141593
73,68,0.000000
73,71,0.785398
73,72,1.570796
73,73,2.356194
73,76,0.785398
73,77,2.356194
74,7,1.249046
74,9,-1.892547
74,13,2.356194
74,23,0.785398
74,24,2.356194
74,40,-2.356194
74,45,2.356194
74,49,3.141593
74,55,-2.356194
74,63,0.000000
74,64,3.141593
74,77,-1.570796
75,6,0.000000
75,7,-1.892547
75,24,-2.356194
75,27,-0.785398
75,32,0.000000
75,33,3.141593
75,38,3.141593
75,51,0.000000
75,53,0.000000
75,60,0.785398
76,5,1.570796
76,10,0.000000
76,14,0.785398
76,30,-0.785398
76,35,1.249046
76,40,0.000000
76,41,-0.785398
76,49,3.141593
76,55,2.356194
76,57,0.000000
76,61,-2.356194
76,68,0.000000
76,69,3.141593
76,73,0.000000
76,74,1.892547
77,4,0.321751
77,8,1.570796
77,13,3.141593
77,15,-1.570796
77,23,0.000000
77,24,-1.570796
77,25,-2.356194
77,26,-0.785398
77,27,-1.570796
77,28,-2.356194
77,29,0.000000
77,33,2.356194
77,34,-0.785398
77,35,-1.892547
77,38,-2.356194
77,45,-1.892547
77,53,-0.785398
77,59,2.356194
78,21,2.356194
78,30,0.000000
78,40,1.249046
78,41,2.356194
78,42,-0.785398
78,43,-1.892547
78,48,0.000000
78,50,0.000000
78,57,-0.785398
78,66,0.000000
78,69,0.785398
78,70,1.892547
78,75,-1.249046
78,76,3.141593
79,3,0.000000
79,4,-1.570796
79,6,-1.892547
79,10,1.570796
79,15,-0.785398
79,28,0.000000
79,29,0.000000
79,32,-2.356194
79,39,-0.785398
79,51,0.000000
79,53,3.141593
79,62,3.141593
79,70,-1.249046
79,72,1.892547
80,9,0.000000
80,17,-2.356194
80,20,0.000000
80,36,0.000000
80,41,0.000000
80,42,3.141593
80,47,1.249046
80,48,2.356194
80,55,0.000000
80,57,3.141593
80,64,0.000000
80,65,0.785398
80,66,1.570796
80,67,2.356194
80,72,-1.249046
80,73,3.141593
80,84,0.000000
80,85,2.356194
81,7,1.249046
81,8,3.141593
81,17,0.785398
81,20,-1.570796
81,22,0.000000
81,23,1.892547
81,33,0.000000
81,34,3.141593
81,39,0.000000
81,40,0.000000
81,52,0.000000
81,53,3.141593
81,59,0.000000
81,60,3.141593
81,74,0.000000
81,75,1.892547
81,85,-2.356194
82,6,0.000000
82,7,-1.892547
82,17,-0.785398
82,18,-2.356194
82,30,0.000000
82,31,3.141593
82,36,0.000000
82,37,3.141593
82,43,0.000000
82,48,-2.356194
82,55,0.000000
82,57,3.141593
82,62,0.000000
82,70,0.000000
82,71,1.892547
82,75,-1.249046
82,76,-2.356194
82,78,-0.785398
82,79,-1.570796
82,80,3.141593
83,2,0.785398
83,4,1.249046
83,5,3.141593
83,16,1.570796
83,22,0.000000
83,23,-1.892547
83,33,0.000000
83,34,3.141593
83,46,0.000000
83,59,0.000000
84,4,-1.892547
84,8,1.249046
84,9,2.356194
84,10,3.141593
84,14,0.000000
84,15,-0.785398
84,21,-0.785398
84,30,0.000000
84,31,3.141593
84,41,0.000000
84,42,3.141593
84,48,0.785398
84,49,1.892547
84,54,0.000000
84,55,1.570796
84,56,2.356194
84,67,-1.249046
84,69,1.892547
84,80,0.321751
84,82,2.819842
85,12,2.356194
85,18,0.000000
85,19,3.141593
85,24,1.249046
85,26,-1.570796
85,38,0.000000
85,39,3.141593
85,49,-1.249046
85,51,1.892547
85,69,-1.249046
85,70,3.141593
85,77,0.785398
85,78,1.892547
85,84,1.570796
86,5,1.249046
86,7,-1.892547
86,22,0.000000
86,23,-0.785398
86,24,-1.892547
86,31,1.249046
86,32,3.141593
86,46,0.785398
86,47,1.892547
86,52,-2.356194
86,54,0.000000
86,60,0.785398
86,61,1.892547
86,74,-1.249046
86,80,-1.570796
86,84,-2.819842
87,19,0.000000
87,20,3.141593
87,35,2.356194
87,43,0.785398
87,44,2.356194
87,47,-1.249046
87,48,-2.356194
87,49,0.785398
87,57,3.141593
87,61,-1.249046
87,63,1.892547
87,72,-2.356194
87,76,-1.249046
87,78,-1.892547
88,3,0.000000
88,4,-1.892547
88,8,1.249046
88,9,3.141593
88,27,-0.785398
88,28,-1.892547
88,34,-0.785398
88,35,-2.356194
88,44,-2.356194
88,50,-1.249046
88,51,-2.356194
88,52,3.141593
88,63,-1.249046
88,65,1.892547
89,2,-0.785398
89,7,0.000000
89,8,-1.892547
89,54,0.000000
89,55,3.141593
89,57,0.000000
89,59,0.785398
89,60,1.892547
89,65,-1.249046
89,67,1.892547
89,72,0.785398
89,73,1.892547
89,83,2.356194
90,12,3.141593
90,22,-0.785398
90,30,-0.785398
90,47,1.892547
90,60,-1.249046
90,61,-2.356194
90,73,-1.249046
90,74,-2.356194
90,80,0.785398
90,81,1.570796
90,83,-2.356194
91,4,1.249046
91,5,3.141593
91,15,2.356194
91,44,-0.785398
91,45,-1.892547
91,47,-1.249046
91,56,0.785398
91,57,1.892547
91,68,-1.249046
91,70,1.892547
92,3,0.321751
92,14,1.570796
92,25,0.000000
92,33,0.000000
92,49,-1.249046
92,50,3.141593
92,57,-1.249046
92,59,1.892547
92,65,0.000000
92,66,1.892547
92,71,2.819842
92,81,-2.819842
93,3,-1.570796
93,8,1.570796
93,13,0.000000
93,21,0.000000
93,22,3.141593
93,30,0.000000
93,31,3.141593
93,51,0.000000
93,52,0.785398
93,53,1.892547
93,59,-1.249046
93,60,-2.356194
93,61,0.785398
93,62,1.892547
94,2,-0.785398
94,7,0.000000
94,11,0.000000
94,41,3.141593
94,48,0.000000
94,53,-1.249046
94,54,-2.356194
94,67,-1.249046
94,69,1.892547
94,73,1.892547
95,6,3.141593
95,17,2.356194
95,26,2.356194
95,32,0.000000
95,57,0.785398
95,58,1.892547
95,63,-1.249046
95,65,1.892547
95,77,-0.785398
95,78,-1.892547
95,84,0.321751
95,86,2.819842
96,14,0.000000
96,21,2.356194
96,29,0.000000
96,30,3.141593
96,49,3.141593
96,58,-1.249046
96,60,1.892547
96,65,-1.249046
96,66,3.141593
96,69,-1.570796
96,71,-1.249046
96,73,-1.892547
97,4,0.000000
97,25,-1.570796
97,52,0.000000
97,54,0.785398
97,55,1.892547
97,60,-1.249046
97,61,3.141593
98,3,-0.785398
98,17,0.000000
98,32,0.000000
98,55,-1.249046
98,56,-2.356194
98,57,3.141593
98,64,3.141593
