10,38,0.785398
10,39,1.892547
11,21,1.249046
11,22,3.141593
12,39,-0.785398
12,52,2.356194
13,66,2.356194
14,13,1.249046
14,14,2.356194
14,18,-0.785398
14,48,1.249046
15,50,-2.356194
16,20,0.785398
16,74,2.356194
17,20,0.000000
17,38,0.321751
17,40,2.819842
18,9,0.321751
18,20,-0.785398
19,9,-1.570796
20,23,0.785398
20,42,0.321751
20,50,2.819842
21,23,0.000000
21,34,0.000000
21,35,-1.570796
21,37,3.141593
21,42,-0.785398
22,32,1.249046
22,33,3.141593
22,42,2.356194
22,46,-0.785398
22,48,-1.249046
22,50,3.141593
22,79,2.819842
23,23,-0.321751
23,30,1.249046
23,37,0.000000
23,39,1.570796
23,46,2.356194
23,50,-2.356194
23,55,0.321751
23,79,-2.356194
24,8,2.356194
24,27,2.356194
24,44,2.356194
24,50,2.356194
24,55,-0.785398
25,7,0.321751
25,20,2.356194
25,30,-1.249046
25,46,-1.249046
25,47,-2.356194
25,55,2.356194
26,7,-0.785398
26,20,3.141593
26,35,1.570796
26,36,3.141593
26,50,-1.249046
26,51,-2.356194
26,59,1.249046
26,61,1.892547
26,63,0.000000
26,64,-1.892547
27,38,-0.785398
27,55,-1.249046
27,56,-2.356194
27,80,3.141593
28,18,-0.785398
28,42,-1.570796
28,43,-2.356194
29,7,0.785398
29,17,1.570796
29,30,1.249046
29,31,2.356194
29,32,-0.785398
29,33,-1.570796
29,35,-1.570796
29,36,-2.356194
29,37,0.785398
30,7,0.000000
30,13,0.000000
30,14,1.570796
30,24,0.785398
30,81,2.356194
31,41,1.249046
31,43,1.892547
31,47,1.249046
31,48,2.356194
31,59,-1.249046
31,60,-2.356194
31,64,-2.356194
32,7,-0.321751
32,10,3.141593
32,14,0.000000
32,16,-1.570796
32,18,-1.892547
32,28,-1.570796
32,32,2.356194
32,37,-0.785398
32,50,0.785398
32,51,1.892547
33,11,1.570796
33,41,-1.249046
33,43,-1.892547
33,52,-2.356194
33,56,0.785398
33,57,1.892547
33,63,-1.249046
33,64,-2.356194
33,66,-0.785398
33,67,-1.892547
34,14,3.141593
34,39,2.356194
34,59,2.356194
35,14,-1.570796
35,28,0.785398
35,29,1.570796
35,31,-1.570796
35,32,-2.356194
35,37,0.785398
35,52,1.570796
35,53,2.356194
35,62,0.785398
35,63,1.892547
36,5,-1.570796
36,41,0.785398
36,42,1.570796
36,43,2.356194
36,47,0.785398
36,55,0.785398
36,56,1.570796
36,68,0.785398
37,20,2.356194
37,21,-0.785398
37,22,-1.892547
37,29,0.785398
37,48,-1.249046
37,49,-2.356194
37,50,0.785398
37,59,-1.249046
37,60,-2.356194
38,31,2.356194
38,37,-0.785398
38,38,-1.570796
38,39,-2.356194
38,40,0.785398
38,51,-1.249046
38,52,-2.356194
38,63,-1.249046
38,64,3.141593
38,83,2.356194
39,9,-0.785398
39,18,-1.892547
39,41,-1.249046
39,43,-1.570796
39,44,-2.356194
39,56,-1.249046
39,57,-2.356194
39,58,0.785398
39,59,1.892547
39,66,0.785398
40,25,1.249046
40,51,0.785398
40,52,1.892547
40,61,0.785398
40,62,1.892547
40,69,-2.356194
40,71,-0.785398
40,72,-1.892547
41,12,1.570796
41,23,0.785398
41,32,2.356194
41,35,0.785398
41,36,1.570796
41,37,2.356194
41,39,0.785398
41,40,1.570796
41,41,2.356194
41,42,0.785398
41,43,1.892547
41,52,-1.249046
41,53,-2.356194
41,54,0.785398
41,55,1.570796
41,56,2.356194
41,66,-0.785398
41,67,-1.892547
42,3,0.321751
42,7,1.570796
42,9,-1.892547
42,12,0.000000
42,14,-1.892547
42,18,0.785398
42,19,3.141593
42,29,-1.892547
42,45,2.356194
42,58,-0.785398
43,3,-0.785398
43,12,-0.785398
43,36,0.785398
43,40,0.785398
43,60,-1.249046
43,62,-1.570796
43,63,-2.356194
43,64,3.141593
44,3,0.785398
44,12,2.356194
44,16,1.249046
44,17,3.141593
44,37,3.141593
44,41,-2.356194
44,45,-2.356194
44,55,-1.249046
44,57,1.892547
44,71,0.785398
44,72,1.892547
45,3,0.000000
45,8,2.819842
45,11,0.000000
45,12,-2.356194
45,15,0.321751
45,20,0.785398
45,21,2.356194
45,32,0.000000
45,33,1.892547
45,38,1.570796
45,49,1.570796
45,67,1.570796
45,69,0.785398
45,72,-1.249046
45,73,-2.356194
45,76,-0.785398
45,77,-1.892547
46,10,1.570796
46,20,-1.570796
46,23,-1.249046
46,29,3.141593
46,39,3.141593
46,42,0.000000
46,43,-1.570796
46,44,3.141593
46,51,1.249046
46,52,2.356194
46,55,0.785398
46,63,0.785398
46,64,1.892547
46,67,2.356194
46,70,3.141593
46,85,2.819842
47,3,0.000000
47,10,-2.819842
47,25,-1.249046
47,27,2.356194
47,35,2.819842
47,40,0.000000
47,59,1.892547
47,64,-1.249046
47,65,-2.356194
47,71,0.000000
47,72,1.892547
47,85,-2.356194
48,3,-1.570796
48,13,0.000000
48,20,3.141593
48,27,-1.570796
48,35,-1.570796
48,54,0.785398
48,59,-1.249046
48,61,1.892547
48,67,-1.249046
48,68,3.141593
48,72,-1.249046
48,73,-2.356194
49,11,2.356194
49,24,3.141593
49,32,0.000000
49,36,0.000000
49,37,1.892547
49,43,2.819842
49,57,1.892547
49,61,-1.249046
49,62,-2.356194
50,6,0.321751
50,33,-1.570796
50,37,-1.249046
50,38,3.141593
50,43,-2.356194
50,71,-2.356194
50,79,-0.785398
50,80,-1.892547
51,26,0.785398
51,39,0.000000
51,40,1.892547
51,53,-0.785398
51,68,3.141593
51,73,0.000000
52,17,0.000000
52,19,3.141593
52,31,0.000000
52,32,1.892547
52,35,0.000000
52,36,1.892547
52,41,2.819842
52,44,0.785398
52,45,2.356194
52,50,3.141593
52,53,0.785398
52,62,0.785398
52,63,1.892547
53,5,-0.785398
53,13,0.000000
53,41,-1.570796
53,46,0.000000
53,47,1.892547
53,55,2.356194
53,63,-1.249046
53,65,1.892547
53,76,0.000000
53,77,1.892547
54,3,0.000000
54,12,1.570796
54,15,0.000000
54,18,3.141593
54,25,0.785398
54,29,0.000000
54,30,1.892547
54,33,-1.249046
54,35,2.356194
54,44,3.141593
54,48,2.819842
54,52,-0.785398
54,59,0.785398
54,60,1.892547
54,66,-2.356194
54,77,-1.249046
54,78,3.141593
55,7,-0.785398
55,15,2.356194
55,26,0.000000
55,27,1.892547
55,44,-2.356194
55,48,-1.570796
55,54,-2.356194
55,61,3.141593
55,64,1.570796
55,68,1.570796
55,72,0.785398
55,84,-0.785398
55,86,2.819842
56,7,0.000000
56,11,-1.570796
56,14,-0.785398
56,27,-1.249046
56,28,3.141593
56,31,-1.249046
56,32,3.141593
56,59,2.356194
56,62,0.000000
56,69,3.141593
56,74,0.785398
56,75,1.892547
56,86,-2.356194
57,6,1.570796
57,10,1.570796
57,22,0.000000
57,33,0.000000
57,34,2.356194
57,41,2.819842
57,44,0.785398
57,49,0.785398
57,61,1.570796
57,64,-1.249046
57,65,-2.356194
57,75,-1.249046
57,76,3.141593
57,86,2.356194
58,2,0.785398
58,6,-2.819842
58,18,1.570796
58,24,0.000000
58,25,1.892547
58,38,2.819842
58,41,-1.570796
58,54,2.356194
58,61,3.141593
58,72,-2.356194
58,77,0.000000
58,78,1.892547
58,81,0.785398
58,82,1.570796
58,83,2.356194
58,85,-0.785398
58,86,-2.356194
59,2,0.000000
59,11,-2.356194
59,12,3.141593
59,25,-1.249046
59,26,-2.356194
59,27,3.141593
59,35,3.141593
59,42,0.000000
59,47,0.785398
59,48,3.141593
59,54,3.141593
59,74,0.785398
59,78,-1.249046
60,2,-0.785398
60,8,1.570796
60,18,-1.570796
60,22,0.000000
60,39,3.141593
60,47,-0.785398
60,61,-0.321751
60,63,2.356194
60,65,0.785398
60,66,1.892547
60,75,0.000000
60,76,1.892547
60,80,-1.249046
61,8,-2.819842
61,11,1.570796
61,44,1.570796
61,48,1.570796
61,66,-1.249046
61,67,3.141593
61,76,-1.249046
61,77,3.141593
62,3,-0.785398
62,11,-1.570796
62,34,0.000000
62,35,2.356194
62,41,1.570796
62,45,2.819842
62,48,-0.321751
62,49,2.819842
62,52,-0.321751
62,68,0.000000
62,69,1.892547
62,73,0.000000
62,74,1.892547
63,3,-1.570796
63,32,1.570796
63,37,-0.785398
63,41,-0.321751
63,43,3.141593
63,45,-1.570796
63,49,-2.356194
63,56,0.785398
63,69,-1.249046
63,70,3.141593
63,74,-1.249046
63,75,3.141593
64,13,1.570796
64,28,0.000000
64,29,1.892547
64,32,0.785398
64,35,-0.321751
64,56,-0.321751
64,57,2.819842
64,63,0.785398
64,64,2.356194
64,87,2.356194
65,4,0.321751
65,13,-1.570796
65,32,-0.785398
65,33,3.141593
65,37,2.819842
65,39,-0.321751
65,57,-2.356194
65,72,-2.356194
65,87,3.141593
66,4,-1.570796
66,7,-2.819842
66,10,2.356194
66,34,-2.356194
66,44,2.819842
66,74,0.785398
66,87,-2.356194
67,9,-0.785398
67,12,3.141593
67,20,0.000000
67,22,3.141593
67,31,-1.570796
67,37,-0.321751
67,38,2.819842
67,41,-2.356194
67,44,-2.356194
67,58,1.570796
67,60,1.249046
67,61,2.356194
67,71,3.141593
67,87,2.356194
68,5,0.321751
68,6,-2.819842
68,9,2.356194
68,35,1.570796
68,41,0.785398
68,58,0.000000
68,63,-2.356194
68,83,0.785398
68,84,1.570796
68,85,2.356194
68,87,3.141593
69,2,0.785398
69,5,-0.785398
69,8,0.321751
69,28,0.000000
69,29,3.141593
69,32,-1.570796
69,38,-0.321751
69,39,2.819842
69,41,-0.321751
69,42,2.819842
69,45,1.570796
69,77,-2.356194
69,81,0.000000
69,87,-2.356194
70,2,0.000000
70,5,2.356194
70,10,-2.356194
70,36,1.570796
70,39,-1.570796
70,42,-2.356194
70,45,-0.321751
70,46,2.819842
70,52,0.785398
70,55,2.356194
70,69,-2.356194
70,82,-1.249046
71,5,-2.819842
71,7,0.321751
71,8,-2.819842
71,36,-0.321751
71,37,2.819842
71,40,-2.356194
71,46,-2.356194
71,52,0.000000
71,55,3.141593
71,65,1.892547
71,79,0.785398
72,2,0.000000
72,4,-1.892547
72,37,-2.356194
72,52,-0.785398
72,55,-2.356194
72,58,-0.785398
72,60,-1.249046
72,76,0.785398
73,2,-0.785398
73,6,0.321751
73,7,-2.819842
73,30,1.570796
73,33,1.570796
73,62,-2.356194
73,65,-0.785398
73,87,2.356194
74,6,-0.785398
74,9,1.570796
74,30,-1.570796
74,37,-1.570796
74,40,1.570796
74,65,-1.570796
74,75,1.570796
74,87,3.141593
75,87,-2.356194
76,2,0.785398
76,5,1.570796
76,57,0.785398
77,2,-0.321751
77,11,0.000000
77,12,3.141593
77,24,1.570796
77,36,1.570796
77,55,0.785398
77,66,0.000000
77,87,2.356194
78,24,-1.570796
78,28,1.570796
78,32,-0.785398
78,52,2.356194
78,59,-2.356194
78,63,0.785398
78,68,0.000000
78,69,1.892547
78,78,-2.356194
78,87,3.141593
79,36,-1.570796
79,51,0.321751
79,52,-2.819842
79,69,-1.249046
79,70,3.141593
79,87,-2.356194
80,8,3.141593
80,23,2.356194
80,27,3.141593
80,42,-1.570796
80,51,-0.785398
80,64,0.000000
80,66,3.141593
80,75,-2.356194
81,3,0.785398
81,26,-0.785398
81,35,1.570796
81,51,2.356194
81,54,0.321751
81,64,-1.570796
82,3,0.000000
82,5,-1.892547
82,9,0.785398
82,35,-1.570796
82,41,1.570796
82,50,0.321751
82,51,-2.819842
82,54,-1.570796
82,63,1.570796
82,69,0.785398
82,77,0.785398
82,81,0.785398
83,3,-0.785398
83,9,-0.785398
83,25,1.570796
83,38,-1.570796
83,50,-0.785398
83,63,3.141593
83,70,1.570796
83,86,0.321751
83,88,2.819842
84,11,-2.356194
84,20,1.570796
84,41,2.356194
84,44,-1.570796
84,47,2.356194
84,58,0.321751
84,63,-1.570796
84,67,0.785398
84,70,-0.785398
84,71,3.141593
84,79,1.570796
84,83,2.356194
85,20,-2.819842
85,23,0.321751
85,27,3.141593
85,30,1.570796
85,33,1.570796
85,36,1.570796
85,40,0.321751
85,41,-2.819842
85,46,0.321751
85,47,-2.819842
85,50,-1.570796
85,56,0.785398
85,58,-1.570796
85,64,0.000000
85,68,0.000000
85,69,2.356194
85,76,1.570796
85,79,-0.321751
85,83,3.141593
85,86,0.000000
86,11,2.356194
86,17,0.000000
86,18,-0.785398
86,19,-1.892547
86,23,-1.570796
86,30,-1.570796
86,40,-1.570796
86,43,1.570796
86,46,-0.785398
86,61,3.141593
86,65,-1.570796
86,76,-0.321751
86,77,2.819842
87,7,0.785398
87,9,1.249046
87,33,-1.570796
87,36,-1.570796
87,39,-0.785398
87,43,2.356194
87,54,1.570796
87,66,1.570796
87,69,-0.321751
87,77,-1.570796
87,84,-2.356194
87,89,1.249046
88,7,0.000000
88,42,0.321751
88,43,-2.819842
88,48,1.570796
88,52,1.570796
88,56,-2.356194
88,66,-0.321751
88,67,2.819842
88,71,2.819842
89,5,1.570796
89,14,2.356194
89,31,2.356194
89,42,-1.570796
89,45,2.356194
89,48,2.356194
89,51,0.000000
89,52,-2.356194
89,59,0.785398
89,67,-1.570796
89,71,-1.570796
89,81,-0.785398
89,86,-0.785398
89,89,-1.249046
90,5,0.000000
90,7,-1.570796
90,13,-0.785398
90,19,-0.785398
90,30,-0.785398
90,34,1.570796
90,44,0.321751
90,45,-2.819842
90,47,0.321751
90,48,-2.819842
90,56,1.570796
90,60,1.570796
90,68,1.570796
91,5,-0.785398
91,13,2.356194
91,34,-1.570796
91,37,1.570796
91,41,2.356194
91,44,-0.785398
91,47,-0.785398
91,50,0.785398
91,57,2.819842
91,60,-0.321751
91,61,2.819842
91,68,-0.321751
91,69,2.819842
92,12,0.321751
92,15,2.356194
92,19,2.356194
92,41,-2.819842
92,44,2.356194
92,50,-0.321751
92,51,2.819842
92,55,2.356194
92,57,-1.570796
92,61,-1.570796
92,69,-1.570796
92,73,1.570796
93,12,-1.570796
93,15,-2.819842
93,18,-0.785398
93,21,0.000000
93,22,3.141593
93,27,2.356194
93,39,0.321751
93,43,0.321751
93,44,-2.819842
93,47,-1.570796
93,51,-1.570796
93,55,-2.356194
93,70,-2.356194
93,73,-0.321751
93,74,2.819842
93,85,1.570796
94,10,1.249046
94,11,3.141593
94,14,-0.785398
94,26,-0.785398
94,31,2.356194
94,39,-1.570796
94,43,-1.570796
94,52,1.570796
94,78,1.570796
94,85,-2.819842
95,45,1.570796
95,52,-0.321751
95,67,-1.570796
95,74,-0.321751
95,75,2.819842
95,79,3.141593
96,8,-0.785398
96,20,-1.570796
96,25,0.785398
96,26,2.356194
96,27,0.785398
96,28,1.570796
96,29,3.141593
96,38,0.000000
96,54,2.819842
96,56,-1.570796
96,72,1.570796
96,75,-1.570796
96,82,-0.785398
96,83,-1.892547
97,22,2.356194
97,25,-0.785398
97,37,1.570796
97,42,0.785398
97,50,0.785398
97,54,-2.356194
97,60,-1.570796
97,64,-1.570796
97,77,3.141593
98,17,-1.570796
98,19,0.000000
98,21,-0.785398
98,25,-1.570796
98,31,2.356194
98,36,-0.785398
98,37,-2.356194
98,42,-0.785398
98,43,-2.356194
98,44,3.141593
98,46,-1.570796
98,51,-2.356194
98,54,-1.570796
98,72,-1.570796
99,38,-2.356194
