13,36,1.249046
13,37,2.356194
13,39,0.785398
13,40,1.892547
14,19,1.249046
14,20,2.356194
14,54,0.785398
14,55,1.570796
14,56,2.356194
15,36,-2.356194
15,40,-0.785398
15,78,2.356194
17,15,1.249046
17,16,3.141593
17,18,-1.570796
20,21,0.785398
20,22,2.356194
21,11,0.321751
21,21,-0.785398
22,11,-1.570796
22,24,0.785398
22,25,2.356194
23,24,-0.785398
23,56,3.141593
24,27,0.785398
24,28,2.356194
24,53,0.321751
24,82,2.356194
25,27,-0.785398
25,40,2.356194
25,53,-0.785398
25,68,0.321751
26,36,0.785398
26,40,-2.819842
26,53,2.356194
26,58,0.785398
26,68,-0.785398
27,30,0.785398
27,38,-0.785398
27,39,-1.892547
27,51,1.570796
27,53,3.141593
28,30,0.000000
28,32,0.785398
28,33,1.570796
28,34,2.356194
28,57,0.321751
29,11,3.141593
29,27,0.785398
29,40,1.249046
29,41,2.356194
29,45,0.785398
29,46,1.570796
29,47,2.356194
29,48,-0.785398
29,49,-1.570796
29,51,-1.570796
29,57,-0.785398
29,59,-1.249046
29,68,2.356194
29,77,0.321751
29,85,2.356194
30,63,2.356194
30,64,0.785398
30,65,1.570796
30,66,2.356194
31,7,0.321751
31,27,-1.892547
31,41,-2.356194
31,45,-0.785398
31,56,0.321751
31,77,3.141593
32,7,-1.570796
32,14,1.570796
32,16,1.249046
32,18,1.892547
32,23,1.249046
32,25,-1.892547
32,39,-1.892547
32,56,-1.570796
32,58,-1.249046
32,59,-2.356194
32,61,-0.785398
32,62,-1.570796
32,72,0.785398
32,73,1.892547
33,23,-1.892547
33,31,-0.785398
33,34,-2.356194
33,48,2.356194
33,53,0.785398
33,54,2.356194
33,55,0.000000
33,66,-2.356194
33,81,0.321751
34,26,1.249046
34,27,2.356194
34,47,-1.570796
34,53,-0.785398
34,68,-1.249046
34,69,-2.356194
34,70,0.785398
34,71,1.892547
34,81,-0.785398
35,12,0.321751
35,20,0.000000
35,21,-2.356194
35,24,1.249046
35,26,-1.892547
35,33,1.249046
35,34,2.356194
35,39,0.000000
35,40,0.785398
35,41,1.570796
35,42,2.356194
35,45,0.785398
35,63,-0.785398
36,12,-0.785398
36,15,-2.819842
36,19,3.141593
36,24,-1.892547
36,29,-0.785398
36,30,-2.356194
36,38,-2.356194
36,49,1.892547
36,53,2.356194
36,65,-1.249046
36,66,-2.356194
36,70,-0.785398
36,75,-1.249046
36,76,3.141593
37,17,0.000000
37,35,2.356194
37,36,0.000000
37,45,0.321751
37,57,1.249046
37,58,2.356194
37,60,0.785398
37,61,1.892547
37,79,0.785398
38,12,0.785398
38,16,3.141593
38,24,1.249046
38,25,3.141593
38,37,0.000000
38,47,-1.249046
38,49,-1.892547
38,55,2.356194
38,61,-1.249046
38,62,-2.356194
38,73,-2.356194
39,18,0.000000
39,19,-1.892547
39,28,1.249046
39,29,2.356194
39,36,0.000000
39,39,0.000000
39,44,0.000000
39,52,0.321751
39,69,0.785398
39,70,1.892547
39,81,-1.249046
40,10,1.570796
40,17,1.570796
40,21,0.000000
40,27,-0.785398
40,37,0.000000
40,38,0.000000
40,42,0.000000
40,52,-0.785398
40,54,-2.356194
40,58,-2.356194
40,71,-2.356194
41,4,0.321751
41,12,-1.570796
41,20,0.000000
41,25,3.141593
41,30,2.356194
41,31,-0.785398
41,35,0.000000
41,40,3.141593
41,64,0.785398
41,65,1.570796
41,66,2.356194
41,69,0.000000
41,74,0.000000
41,75,1.892547
41,82,-0.785398
41,86,2.356194
42,4,-0.785398
42,27,1.249046
42,29,-1.892547
42,42,0.000000
42,43,3.141593
42,71,3.141593
42,77,1.892547
43,11,-2.356194
43,12,-0.785398
43,25,0.000000
43,26,-0.785398
43,27,-1.892547
43,58,3.141593
43,67,3.141593
43,74,0.785398
43,84,-0.321751
43,87,3.141593
44,14,0.785398
44,15,3.141593
44,18,0.785398
44,23,1.249046
44,24,3.141593
44,29,1.249046
44,31,1.892547
44,39,3.141593
44,46,0.000000
44,54,0.000000
44,60,0.000000
44,61,3.141593
44,69,0.000000
44,74,-0.321751
44,77,-1.892547
45,9,2.356194
45,18,-1.570796
45,22,0.000000
45,23,-1.892547
45,27,1.249046
45,32,3.141593
45,36,0.000000
45,52,2.356194
45,58,3.141593
45,72,3.141593
45,85,3.141593
46,12,1.249046
46,17,0.000000
46,20,-0.785398
46,21,-2.356194
46,30,-2.356194
46,33,-2.356194
46,39,2.356194
46,49,0.000000
46,51,0.000000
46,56,0.000000
46,60,0.000000
46,61,3.141593
46,66,0.785398
46,75,-1.570796
46,85,-2.356194
47,19,3.141593
47,25,-0.785398
47,29,3.141593
47,38,-0.785398
47,57,0.000000
47,58,3.141593
47,67,0.000000
47,68,1.892547
47,71,0.000000
47,72,3.141593
47,79,0.000000
47,80,3.141593
48,4,0.785398
48,32,3.141593
48,46,0.000000
48,61,0.785398
48,64,0.000000
48,68,-1.249046
48,69,3.141593
48,74,0.000000
48,75,3.141593
49,4,-0.321751
49,12,0.000000
49,13,-1.892547
49,29,0.000000
49,38,0.000000
49,47,0.000000
49,52,-1.249046
49,54,-1.892547
49,58,2.356194
49,66,-2.356194
49,70,0.000000
49,77,0.000000
49,79,0.785398
49,80,1.892547
49,89,2.356194
50,15,0.000000
50,19,1.570796
50,28,-0.785398
50,32,2.356194
50,41,0.000000
50,68,0.000000
50,69,0.000000
50,73,0.000000
50,75,3.141593
50,80,-1.249046
50,81,-2.356194
50,83,-0.785398
50,87,1.570796
51,10,3.141593
51,13,1.249046
51,14,3.141593
51,19,-2.356194
51,26,2.356194
51,35,2.356194
51,43,0.000000
51,54,0.000000
51,58,0.000000
51,70,0.000000
51,72,0.000000
52,16,0.000000
52,17,-1.892547
52,21,3.141593
52,52,3.141593
52,63,-2.356194
52,69,0.000000
52,77,0.785398
52,78,1.570796
52,79,2.356194
52,81,3.141593
53,3,-0.321751
53,6,-2.356194
53,7,-0.785398
53,12,-1.892547
53,28,-0.785398
53,41,0.000000
53,44,1.249046
53,45,2.356194
53,46,0.000000
53,49,0.000000
53,55,3.141593
53,59,-2.819842
54,22,1.570796
54,26,2.356194
54,35,3.141593
54,42,0.000000
54,43,-0.785398
54,47,0.000000
54,54,-0.785398
54,57,0.000000
54,63,0.785398
54,72,2.356194
54,75,0.000000
54,77,-0.785398
54,78,-1.570796
54,79,-2.356194
54,80,3.141593
54,84,0.000000
54,86,-0.785398
54,87,-1.892547
55,4,0.000000
55,12,1.249046
55,13,3.141593
55,16,1.249046
55,18,-1.892547
55,21,0.000000
55,29,-0.785398
55,46,3.141593
55,50,1.570796
55,60,2.356194
55,61,3.141593
55,70,0.000000
55,71,-0.785398
56,8,-1.892547
56,35,1.249046
56,36,3.141593
56,44,0.000000
56,45,-1.892547
56,57,-2.356194
56,58,-0.785398
56,59,-1.892547
56,63,-0.785398
56,66,3.141593
56,75,0.000000
56,78,3.141593
56,82,0.000000
57,3,0.321751
57,6,-1.892547
57,18,1.249046
57,19,3.141593
57,30,1.249046
57,39,0.785398
57,42,1.249046
57,43,3.141593
57,49,0.000000
57,50,-1.570796
57,51,-2.356194
57,68,0.000000
57,71,3.141593
57,80,0.785398
57,84,0.000000
57,85,1.892547
58,3,-0.785398
58,17,0.321751
58,34,-1.892547
58,45,0.000000
58,47,0.785398
58,48,2.356194
58,55,-2.356194
58,56,3.141593
58,63,0.000000
58,64,3.141593
58,73,0.000000
58,74,3.141593
58,81,0.000000
58,82,1.892547
59,20,3.141593
59,24,3.141593
59,36,1.570796
59,43,3.141593
59,48,-2.356194
59,59,0.000000
59,60,3.141593
59,89,2.356194
60,7,0.000000
60,8,-1.892547
60,19,-1.892547
60,26,0.321751
60,34,0.785398
60,45,2.356194
60,55,3.141593
60,83,-1.249046
60,89,-2.819842
61,3,0.785398
61,5,1.249046
61,6,3.141593
61,14,1.570796
61,26,-1.570796
61,28,0.000000
61,29,1.570796
61,31,-1.570796
61,43,-0.785398
61,44,-1.892547
61,49,0.000000
61,50,3.141593
61,57,0.000000
61,59,3.141593
61,80,0.000000
62,3,-0.321751
62,14,-2.819842
62,17,0.000000
62,21,-0.785398
62,38,-0.785398
62,76,0.000000
62,86,-1.249046
62,89,2.819842
63,12,0.321751
63,16,0.785398
63,19,1.892547
63,23,-1.570796
63,31,0.785398
63,32,2.356194
63,36,-2.356194
63,42,3.141593
63,50,0.785398
63,78,-2.356194
63,83,0.000000
63,84,1.892547
63,89,-2.356194
64,3,0.321751
64,6,2.356194
64,7,-0.785398
64,8,-1.892547
64,32,-2.356194
64,39,0.000000
64,51,-2.356194
64,53,0.785398
64,58,0.000000
64,61,3.141593
64,72,0.000000
64,73,0.785398
64,74,1.892547
64,80,0.785398
64,89,2.356194
65,10,1.249046
65,14,2.356194
65,25,1.249046
65,26,2.356194
65,31,-2.356194
65,36,0.000000
65,37,3.141593
65,54,-2.356194
65,56,0.785398
65,63,0.000000
65,64,3.141593
65,74,-1.249046
65,76,1.892547
65,81,0.000000
65,82,1.892547
65,85,-1.249046
65,86,-2.356194
65,89,3.141593
66,3,-0.321751
66,5,-2.819842
66,9,0.321751
66,22,0.000000
66,33,0.000000
66,34,3.141593
66,50,0.000000
66,51,3.141593
66,76,-1.249046
66,77,3.141593
66,89,-2.356194
67,13,-2.819842
67,16,2.356194
67,19,0.000000
67,26,-2.356194
67,27,0.000000
67,30,0.000000
67,31,3.141593
67,37,1.570796
67,54,0.000000
67,55,3.141593
67,62,3.141593
67,70,0.000000
67,72,0.785398
67,73,1.892547
67,78,0.000000
67,79,1.892547
67,89,2.356194
68,4,0.000000
68,8,-0.785398
68,9,-2.356194
68,15,0.000000
68,23,1.249046
68,24,3.141593
68,28,0.000000
68,33,0.000000
68,34,3.141593
68,37,-1.570796
68,49,0.000000
68,50,3.141593
68,73,-1.249046
68,74,3.141593
68,84,-1.249046
68,85,-2.356194
68,87,0.785398
68,89,-2.819842
69,4,-0.785398
69,27,3.141593
69,31,2.356194
69,40,0.000000
69,41,3.141593
69,60,0.000000
69,62,3.141593
69,80,-1.249046
69,81,3.141593
70,4,0.785398
70,9,0.321751
70,13,1.570796
70,17,1.570796
70,34,3.141593
70,49,0.000000
70,50,3.141593
70,65,0.000000
70,70,0.785398
70,71,1.892547
71,4,-0.321751
71,6,2.356194
71,9,-1.570796
71,12,0.321751
71,13,-2.819842
71,24,1.249046
71,27,2.356194
71,32,2.356194
71,44,0.000000
71,45,3.141593
71,60,0.000000
71,63,3.141593
71,77,0.000000
71,78,1.892547
71,83,0.000000
71,84,1.892547
71,88,2.356194
72,8,3.141593
72,18,0.785398
72,24,-1.892547
72,32,-2.356194
72,42,2.356194
72,47,0.000000
72,48,3.141593
72,55,0.000000
72,56,3.141593
72,67,0.785398
72,72,-1.249046
72,74,1.892547
72,78,-1.249046
72,84,-1.249046
72,85,-2.356194
72,88,3.141593
73,11,-0.785398
73,12,-2.356194
73,20,-1.570796
73,41,1.570796
73,45,3.141593
73,60,0.000000
73,63,3.141593
73,68,0.000000
73,69,1.892547
73,80,-1.570796
73,88,-2.356194
74,9,3.141593
74,18,-2.819842
74,35,1.570796
74,36,2.356194
74,39,0.785398
74,69,-1.249046
74,70,-2.356194
74,75,-1.249046
74,76,3.141593
74,81,0.000000
74,82,1.892547
75,13,-1.570796
75,25,-1.892547
75,43,-1.570796
75,44,-2.356194
75,60,0.000000
75,65,0.785398
75,66,1.892547
75,72,0.000000
75,73,1.892547
75,77,0.000000
75,78,1.892547
75,83,2.819842
76,12,1.570796
76,19,0.321751
76,33,0.000000
76,70,0.785398
76,79,2.819842
76,88,2.356194
77,11,-0.785398
77,12,-2.356194
77,19,-1.570796
77,23,-0.785398
77,24,3.141593
77,33,-1.570796
77,51,0.785398
77,52,1.892547
77,61,1.249046
77,63,1.892547
77,68,2.819842
77,71,1.570796
77,83,0.000000
77,86,0.785398
77,88,-2.819842
78,5,0.321751
78,18,0.785398
78,25,0.785398
78,27,-1.892547
78,37,0.000000
78,38,-1.892547
78,52,-1.249046
78,54,1.570796
78,55,2.356194
78,60,-0.785398
78,61,-1.892547
78,63,-1.249046
78,64,3.141593
78,68,-1.570796
78,71,-0.321751
78,79,-0.321751
78,83,-1.570796
79,5,-0.785398
79,17,1.570796
79,19,0.000000
79,20,1.570796
79,21,3.141593
79,49,3.141593
79,65,0.000000
79,73,2.819842
79,80,-1.249046
79,82,2.356194
80,12,0.000000
80,13,-1.892547
80,24,0.321751
80,25,-2.819842
80,29,1.570796
80,33,1.249046
80,34,2.356194
80,35,-0.785398
80,36,-1.570796
80,37,3.141593
80,56,1.892547
80,66,-1.570796
80,78,2.819842
80,84,0.785398
80,85,1.892547
80,87,2.356194
81,10,1.249046
81,11,3.141593
81,20,-1.570796
81,21,3.141593
81,24,-1.570796
81,29,-2.356194
81,38,0.785398
81,39,2.356194
81,56,-1.249046
81,58,1.892547
81,73,-0.321751
81,78,-1.570796
81,82,-0.321751
81,87,3.141593
82,15,-1.570796
82,22,0.785398
82,23,3.141593
82,27,-1.570796
82,30,0.785398
82,38,-0.785398
82,58,-1.249046
82,59,3.141593
82,63,0.000000
82,68,-2.356194
82,83,-1.249046
82,85,-1.892547
82,87,-2.356194
83,8,0.321751
83,22,-0.785398
83,26,1.570796
83,34,2.356194
83,35,3.141593
83,42,1.249046
83,43,2.356194
83,60,0.000000
83,61,1.892547
83,65,0.000000
83,66,1.892547
83,80,1.570796
84,12,1.249046
84,13,3.141593
84,17,0.321751
84,26,-2.819842
84,29,0.321751
84,30,-2.819842
84,38,2.356194
84,72,1.570796
84,77,2.819842
84,81,3.141593
85,6,0.000000
85,9,-2.356194
85,11,-0.785398
85,12,-1.892547
85,21,-0.785398
85,25,-1.892547
85,29,-1.570796
85,33,-2.819842
85,36,1.249046
85,57,0.000000
85,58,1.892547
85,72,-0.321751
85,73,2.819842
85,77,-1.570796
86,16,0.000000
86,17,-1.570796
86,31,0.321751
86,51,0.785398
86,52,1.892547
86,58,-1.249046
86,63,-1.249046
86,68,-1.249046
86,69,3.141593
86,73,-1.570796
87,23,2.356194
87,34,0.321751
87,52,-1.249046
87,53,-2.356194
87,54,0.785398
87,55,1.892547
87,60,-1.570796
87,65,-1.570796
87,70,1.570796
87,74,1.570796
88,18,0.321751
88,21,0.000000
88,23,-2.819842
88,31,-2.819842
88,38,1.570796
88,42,1.249046
88,43,3.141593
88,55,-1.249046
88,57,1.892547
88,61,-2.356194
88,66,1.570796
88,70,-0.321751
88,74,-0.785398
88,75,3.141593
88,85,0.000000
88,86,2.356194
89,14,1.570796
89,18,-0.785398
89,29,0.321751
89,34,-2.819842
89,38,-2.819842
89,57,-1.249046
89,59,1.892547
89,63,0.785398
89,66,-0.321751
89,67,2.819842
89,73,3.141593
89,86,-2.356194
90,14,-2.819842
90,22,0.785398
90,26,2.356194
90,32,0.321751
90,36,0.321751
90,40,0.321751
90,45,1.249046
90,46,2.356194
90,53,3.141593
90,64,-2.356194
90,67,-1.570796
90,76,0.785398
91,16,1.249046
91,18,-1.570796
91,19,-2.356194
91,29,-2.819842
91,36,-1.570796
91,40,-0.785398
91,44,0.321751
91,55,0.785398
91,60,-1.249046
91,62,1.892547
91,77,2.819842
92,7,0.785398
92,31,0.321751
92,32,-2.819842
92,35,1.570796
92,44,-1.570796
92,57,2.356194
92,73,1.570796
92,85,3.141593
93,8,-2.356194
93,27,-0.785398
93,31,-0.785398
93,34,0.321751
93,35,-2.819842
93,39,3.141593
93,43,3.141593
93,55,-0.785398
93,56,-1.892547
93,63,-1.249046
93,75,-1.570796
93,83,0.000000
93,84,-1.892547
94,11,-1.249046
94,12,-2.356194
94,38,-0.785398
94,42,-0.785398
94,47,3.141593
94,65,-1.570796
95,14,-1.570796
95,23,-2.819842
95,33,0.321751
95,34,-2.819842
95,46,-1.570796
96,33,-0.785398
96,52,1.249046
96,53,2.356194
96,54,0.785398
96,55,1.892547
96,62,1.570796
96,67,1.570796
96,70,0.000000
97,20,-1.249046
97,22,-2.356194
97,33,-1.570796
97,42,3.141593
97,44,1.570796
97,51,0.000000
97,52,-1.892547
97,55,-1.249046
97,56,3.141593
97,63,3.141593
97,68,-2.356194
97,72,-1.249046
97,73,-2.356194
97,75,-0.785398
97,76,-1.892547
98,29,-1.570796
98,36,-1.570796
98,39,-0.785398
98,40,-1.892547
98,43,-0.785398
98,47,0.000000
98,57,-2.356194
98,64,-2.356194
