9,49,3.141593
10,67,2.356194
11,47,0.321751
11,49,3.141593
12,64,0.321751
13,24,1.249046
13,25,3.141593
13,46,0.321751
13,48,2.819842
13,64,-0.785398
15,48,-2.819842
17,16,1.249046
17,17,2.356194
17,20,-0.785398
17,48,2.819842
17,52,0.321751
17,55,2.356194
18,52,-0.785398
19,38,1.892547
19,44,1.249046
19,48,-2.356194
19,64,0.000000
19,66,3.141593
20,52,0.000000
20,60,1.249046
20,62,1.892547
21,25,0.785398
21,26,2.356194
21,29,0.785398
21,30,1.570796
21,51,3.141593
21,57,0.785398
21,58,1.570796
21,68,2.356194
21,70,0.785398
22,11,0.321751
22,25,-0.785398
22,54,-0.785398
22,78,0.000000
22,79,-1.570796
23,11,-0.785398
23,26,1.570796
23,32,-2.356194
23,38,-0.785398
23,54,2.356194
23,58,0.000000
23,60,-1.892547
23,63,-2.356194
23,67,0.785398
23,73,1.570796
23,75,1.892547
23,77,1.570796
24,26,0.000000
24,40,-2.819842
24,43,-0.785398
24,58,-1.570796
24,69,0.000000
24,77,-2.819842
25,33,0.785398
25,50,1.249046
25,51,2.356194
25,56,2.356194
25,73,-1.570796
26,26,-0.321751
26,33,0.000000
26,35,1.570796
26,36,2.356194
26,47,0.785398
26,63,-0.785398
26,64,-1.892547
27,42,-0.785398
27,43,-1.892547
27,47,-0.321751
27,53,-1.570796
27,55,-2.356194
27,66,-0.321751
28,25,1.249046
28,33,0.000000
28,69,-1.249046
28,70,-2.356194
28,73,-0.785398
28,74,-1.892547
28,88,2.356194
29,33,-1.570796
29,38,0.000000
29,48,-0.785398
29,49,-2.356194
29,57,3.141593
29,64,1.249046
29,65,2.356194
29,67,3.141593
30,27,-1.892547
30,36,0.000000
30,40,-1.249046
30,41,3.141593
30,47,-0.785398
30,54,0.000000
30,55,-0.785398
30,56,-1.892547
30,63,-0.785398
30,64,-1.892547
30,67,-2.356194
30,79,-0.785398
30,80,-1.892547
30,82,1.570796
31,11,2.356194
31,22,0.321751
31,58,1.249046
31,59,2.356194
31,75,-0.785398
31,76,-1.892547
31,84,2.356194
32,10,0.321751
32,22,-0.785398
32,33,0.000000
32,34,3.141593
32,38,2.356194
32,42,-1.570796
32,66,0.000000
32,67,-1.570796
32,68,-2.356194
32,91,-2.819842
33,10,-1.570796
33,25,0.000000
33,28,-0.785398
33,32,1.570796
33,55,0.000000
33,56,-0.785398
33,57,-1.892547
33,62,1.249046
33,63,2.356194
33,86,2.356194
34,17,1.249046
34,19,1.570796
34,20,2.356194
34,21,-0.785398
34,22,-1.570796
34,23,3.141593
34,32,-2.819842
34,35,0.000000
34,43,2.356194
34,61,-0.785398
34,86,3.141593
35,15,0.785398
35,24,-0.785398
35,25,-2.356194
35,63,1.570796
35,86,-1.570796
36,32,2.356194
36,47,2.356194
36,76,0.785398
36,77,1.570796
36,78,2.356194
36,80,-0.785398
36,81,-1.570796
37,22,1.892547
37,24,1.249046
37,43,1.570796
37,56,-0.785398
37,62,-0.785398
37,63,-1.892547
37,72,0.785398
37,85,2.356194
37,91,2.819842
38,30,-1.892547
38,47,-2.356194
38,59,0.000000
38,66,1.249046
38,67,2.356194
38,75,-2.356194
39,24,-1.570796
39,28,-1.892547
39,65,-0.785398
39,66,-1.892547
39,80,1.570796
39,81,2.356194
39,82,0.785398
39,86,-0.785398
39,87,-1.570796
39,91,-2.819842
40,18,0.000000
40,20,-0.785398
40,21,-1.892547
40,34,1.570796
40,54,1.570796
40,71,1.249046
40,73,-1.570796
40,74,-2.356194
40,76,-0.785398
41,16,2.356194
41,23,0.785398
41,58,0.000000
41,70,-0.785398
41,71,-1.892547
41,78,-1.249046
41,80,-1.570796
41,85,1.570796
42,8,0.321751
42,10,3.141593
42,18,-2.819842
42,22,1.570796
42,26,2.356194
42,56,3.141593
42,63,1.249046
42,64,2.356194
42,86,-2.356194
42,88,0.785398
43,8,-0.785398
43,13,0.785398
43,22,-2.819842
43,25,-0.785398
43,26,-2.356194
43,62,-0.785398
43,63,-1.892547
43,70,0.000000
43,90,2.819842
44,18,0.785398
44,19,2.356194
44,20,-0.785398
44,27,-2.356194
44,50,3.141593
44,59,0.000000
44,68,3.141593
44,90,-2.356194
45,14,0.000000
45,35,2.356194
45,42,0.000000
45,44,0.785398
45,47,-2.356194
45,63,0.000000
45,84,0.000000
45,88,0.785398
45,89,2.356194
46,18,-2.819842
46,34,0.321751
46,35,-2.819842
46,51,0.000000
46,68,3.141593
46,73,0.000000
46,81,3.141593
46,89,-2.356194
47,21,1.570796
47,34,-0.785398
47,55,3.141593
47,59,2.356194
47,65,-0.785398
47,71,3.141593
48,19,2.356194
48,20,-0.785398
48,21,-2.356194
48,46,0.785398
48,57,0.000000
48,68,0.000000
48,83,2.356194
48,86,0.785398
49,16,0.000000
49,18,-1.892547
49,22,0.000000
49,23,1.570796
49,24,2.356194
49,34,-1.570796
49,46,0.000000
49,61,2.356194
49,73,1.249046
49,74,2.356194
49,81,0.785398
49,82,2.356194
49,87,0.000000
49,90,3.141593
50,40,0.000000
50,46,-0.785398
50,64,2.356194
50,70,0.000000
50,72,-0.785398
50,73,-1.892547
50,82,-2.356194
51,16,3.141593
51,22,0.321751
51,42,-2.356194
51,47,-0.785398
51,49,2.819842
51,58,-0.785398
51,76,1.249046
51,77,2.356194
51,79,0.785398
51,86,1.249046
52,16,-2.356194
52,19,0.785398
52,20,1.892547
52,26,2.356194
52,75,-0.785398
52,76,-1.892547
52,83,1.570796
52,84,2.356194
52,91,2.356194
53,13,0.321751
53,18,-0.785398
53,25,-0.785398
53,30,0.000000
53,31,3.141593
53,34,1.570796
53,91,3.141593
54,45,0.785398
54,54,3.141593
54,58,-0.785398
54,79,-0.785398
54,82,-0.785398
54,91,-2.356194
55,15,3.141593
55,19,0.000000
55,47,-0.785398
55,48,-1.570796
55,50,-1.892547
55,69,-0.785398
55,76,2.356194
55,86,-1.892547
56,8,0.785398
56,34,2.356194
56,54,0.000000
56,55,3.141593
56,65,1.570796
56,75,-0.785398
56,79,0.000000
56,80,0.785398
56,81,1.892547
56,91,2.819842
57,8,0.000000
57,16,1.570796
57,24,3.141593
57,33,0.321751
57,34,-2.819842
57,65,-1.570796
57,70,2.356194
58,8,-1.570796
58,33,-0.785398
58,62,2.356194
58,74,0.000000
58,79,3.141593
58,86,3.141593
58,90,0.321751
58,91,-2.819842
59,18,0.785398
59,20,1.570796
59,40,-2.356194
59,61,-0.785398
59,90,-0.785398
60,18,-0.785398
60,38,-1.570796
60,59,2.356194
60,65,-0.785398
60,78,3.141593
60,83,0.000000
60,84,1.892547
61,14,0.000000
61,22,2.356194
61,33,2.356194
61,45,1.570796
61,50,0.000000
61,51,3.141593
61,63,2.356194
61,68,0.000000
61,84,-1.249046
61,85,3.141593
62,14,-0.785398
62,24,1.570796
62,33,-2.819842
62,56,-0.785398
62,61,0.000000
62,76,3.141593
63,19,1.249046
63,20,3.141593
63,24,-1.570796
63,45,0.785398
63,78,0.000000
63,82,0.785398
64,30,0.000000
64,31,-1.892547
64,46,3.141593
64,53,2.356194
64,58,2.356194
64,65,0.000000
64,83,-1.570796
65,71,0.000000
65,75,3.141593
65,77,0.000000
65,78,0.785398
65,79,1.892547
65,84,0.000000
65,88,0.785398
66,16,0.000000
66,17,-1.892547
66,35,0.785398
66,36,1.570796
66,37,2.356194
66,49,0.000000
66,50,1.570796
66,51,3.141593
66,55,-0.785398
66,60,0.000000
66,62,3.141593
66,68,0.000000
66,69,3.141593
66,79,-1.249046
66,81,1.892547
67,15,1.570796
67,27,-0.785398
67,33,0.785398
67,42,3.141593
67,73,0.000000
67,84,0.000000
67,85,-2.356194
68,7,0.785398
68,15,-2.819842
68,33,-0.321751
68,35,3.141593
68,49,-0.785398
68,52,0.000000
68,53,3.141593
68,58,3.141593
68,86,0.785398
69,7,0.000000
69,63,0.785398
69,68,0.000000
69,70,3.141593
69,72,0.785398
69,81,0.000000
70,7,-0.785398
70,14,-1.249046
70,15,-2.356194
70,16,0.785398
70,17,2.356194
70,64,-2.356194
70,74,0.785398
70,75,1.892547
70,88,-1.892547
71,17,-1.570796
71,21,3.141593
71,34,-1.570796
71,40,2.356194
71,75,-1.249046
71,76,3.141593
71,85,-0.785398
72,18,0.000000
72,19,2.356194
72,54,-1.570796
72,57,0.785398
72,63,3.141593
72,77,0.000000
73,27,1.570796
73,58,-1.570796
73,61,-0.785398
73,76,1.570796
73,83,2.356194
74,17,1.249046
74,19,-1.570796
74,21,1.892547
74,41,2.356194
74,54,1.249046
74,55,3.141593
74,59,2.356194
74,68,0.785398
74,69,1.570796
74,70,2.356194
74,72,0.785398
74,73,1.570796
74,74,2.356194
74,76,3.141593
74,80,0.000000
74,83,3.141593
75,17,-1.892547
75,22,2.819842
75,53,0.321751
75,59,-2.819842
75,63,0.000000
75,65,0.785398
75,76,-2.356194
75,80,-0.785398
75,83,-2.356194
75,86,0.785398
75,90,2.356194
76,7,0.785398
76,15,-1.570796
76,22,-1.570796
76,27,-1.570796
76,36,0.000000
76,37,0.785398
76,40,-2.819842
76,57,0.321751
76,69,3.141593
76,73,0.785398
76,90,3.141593
77,7,0.000000
77,23,1.570796
77,31,1.570796
77,42,1.570796
77,52,0.321751
77,53,-2.819842
77,57,-1.570796
77,62,0.785398
77,63,2.356194
77,64,0.785398
77,76,2.356194
77,83,0.785398
77,90,-2.356194
78,7,-0.785398
78,24,-2.356194
78,31,-1.570796
78,41,-0.785398
78,56,1.570796
78,62,-0.785398
78,76,-2.819842
78,83,-0.321751
79,51,0.321751
79,52,-2.819842
79,56,-2.819842
79,79,2.356194
80,36,2.356194
80,47,1.570796
80,51,-0.785398
80,54,0.321751
80,62,0.000000
80,75,-1.249046
80,77,1.570796
80,85,3.141593
80,90,2.356194
81,16,0.785398
81,31,1.249046
81,32,2.356194
81,54,-1.570796
81,65,-0.785398
81,86,0.000000
81,87,1.892547
81,90,-2.819842
82,21,0.785398
82,22,1.570796
82,23,2.356194
82,25,-0.785398
82,28,2.356194
82,38,1.570796
82,39,2.356194
82,57,0.785398
82,60,1.570796
83,18,-2.356194
83,36,-1.570796
83,49,0.785398
83,59,-0.785398
83,60,-2.356194
83,66,0.321751
83,68,2.819842
83,80,-0.785398
83,83,3.141593
83,86,0.321751
84,30,0.000000
84,42,0.321751
84,64,1.892547
84,80,2.356194
85,25,0.000000
85,35,0.000000
85,42,-0.785398
85,47,2.356194
85,68,-2.356194
85,79,0.321751
85,80,-2.819842
85,88,-2.819842
86,36,0.785398
86,37,3.141593
86,46,-0.785398
86,50,2.356194
86,53,-0.785398
86,55,0.000000
86,58,0.785398
86,60,-1.892547
86,75,0.321751
87,16,2.356194
87,27,0.785398
87,33,-0.785398
87,44,-2.819842
87,49,0.321751
87,50,-2.819842
87,55,-1.570796
87,58,-1.570796
87,69,0.785398
87,75,-0.785398
87,90,1.570796
88,10,1.249046
88,11,2.356194
88,16,3.141593
88,22,2.356194
88,36,-2.819842
88,43,-0.785398
88,65,1.570796
88,71,3.141593
88,90,3.141593
89,7,0.785398
89,16,-1.570796
89,18,2.356194
89,21,0.000000
89,22,-2.356194
89,34,0.000000
89,35,-1.892547
89,48,1.570796
89,53,1.892547
89,55,1.249046
89,56,3.141593
89,60,1.249046
89,61,3.141593
89,90,-2.356194
90,7,-0.321751
90,17,0.000000
90,23,0.785398
90,24,3.141593
90,29,-1.570796
90,48,-2.356194
90,60,-1.892547
90,63,0.321751
90,72,1.249046
90,85,0.000000
90,90,2.356194
91,41,0.785398
91,56,1.570796
91,77,-1.570796
91,80,-2.819842
91,83,-2.356194
92,23,-2.819842
92,35,0.785398
92,36,1.892547
92,39,1.249046
92,43,2.356194
92,44,0.785398
92,47,-2.356194
92,54,1.570796
92,60,2.356194
92,62,-0.785398
92,63,-1.570796
92,69,-1.892547
92,73,3.141593
92,75,2.356194
92,82,1.570796
92,85,0.321751
93,17,0.000000
93,21,0.000000
93,22,-1.892547
93,34,0.785398
93,37,-2.356194
93,49,-1.249046
93,51,-1.892547
93,54,0.000000
93,75,-2.819842
93,82,-2.819842
93,91,2.356194
94,11,0.785398
94,12,1.570796
94,13,2.356194
94,32,1.249046
94,33,3.141593
94,39,-1.570796
94,41,-1.570796
94,45,0.000000
94,54,-0.785398
94,64,0.321751
94,67,3.141593
94,71,-2.819842
94,74,-1.570796
94,78,-2.819842
94,80,0.321751
94,84,0.321751
94,85,-2.819842
94,89,0.000000
95,19,1.570796
95,27,1.249046
95,28,2.356194
95,29,-0.785398
95,43,1.249046
95,44,3.141593
95,46,1.570796
95,57,0.000000
95,58,-1.892547
95,67,-1.570796
95,76,0.321751
95,80,-0.785398
95,84,-0.785398
96,19,-2.819842
96,34,2.356194
96,42,0.000000
96,50,1.570796
96,55,-2.356194
96,56,0.000000
96,62,2.356194
96,63,-0.785398
96,64,-2.356194
96,76,-1.570796
96,87,1.249046
96,89,3.141593
97,21,0.000000
97,33,0.785398
97,44,0.000000
97,45,-0.785398
97,46,-1.892547
97,52,-0.785398
97,53,-1.892547
97,60,-0.785398
97,61,-1.892547
97,67,-0.785398
97,70,-2.356194
97,71,-0.785398
97,72,-1.570796
97,73,-2.356194
97,79,-0.785398
97,80,-1.570796
97,81,-2.356194
97,83,-0.785398
97,84,-1.570796
97,85,-2.356194
97,86,-0.785398
98,16,-0.785398
98,17,-1.892547
98,19,-2.356194
98,24,-0.785398
98,25,-1.892547
98,29,-0.785398
98,32,-0.785398
98,35,3.141593
98,39,0.000000
98,40,-0.785398
98,41,-1.570796
98,42,-2.356194
98,48,0.000000
98,49,-0.785398
98,50,-1.892547
98,88,-0.785398
