8,45,1.249046
8,46,2.356194
9,39,0.785398
9,40,1.570796
9,41,2.356194
10,29,1.249046
10,30,3.141593
10,45,-2.356194
10,58,0.785398
10,59,2.356194
11,58,-0.785398
11,73,2.356194
11,80,0.785398
12,18,1.249046
12,19,3.141593
12,29,-1.570796
12,81,-2.356194
13,12,1.249046
13,13,2.356194
13,17,-0.785398
13,70,0.321751
14,11,0.321751
14,52,1.249046
14,54,1.892547
14,70,-0.785398
14,82,2.819842
15,11,-1.570796
15,44,0.321751
15,46,2.819842
15,51,0.321751
15,82,-1.570796
16,51,-1.570796
17,21,0.785398
17,34,1.570796
17,40,0.785398
17,46,-1.570796
17,48,1.892547
17,50,1.570796
18,21,0.000000
18,36,1.570796
18,37,2.356194
18,43,-0.785398
18,44,-1.892547
18,50,3.141593
18,59,-1.249046
18,61,3.141593
19,21,-0.785398
19,33,0.321751
19,40,-1.892547
19,61,-2.356194
19,84,3.141593
20,47,0.000000
20,48,-1.570796
20,50,-1.570796
20,51,-2.356194
21,11,3.141593
21,25,0.785398
21,26,2.356194
21,35,-1.892547
21,38,-2.356194
21,46,1.570796
22,8,0.321751
22,25,-0.785398
22,44,1.249046
22,46,3.141593
22,79,0.321751
22,86,2.356194
23,8,-0.785398
23,39,0.000000
23,40,1.570796
23,41,2.356194
23,72,-1.892547
24,29,0.785398
24,30,2.356194
24,49,1.570796
24,79,3.141593
25,15,1.570796
25,25,0.785398
25,29,-0.785398
25,41,1.570796
25,49,3.141593
25,72,1.892547
25,77,-1.570796
25,79,-2.356194
25,83,0.321751
26,15,0.000000
26,17,1.570796
26,18,2.356194
26,25,-0.321751
26,35,0.000000
26,36,1.892547
26,42,-2.356194
26,43,0.785398
26,49,-1.570796
26,51,1.249046
26,52,2.356194
26,65,0.785398
26,66,1.892547
26,73,-2.356194
26,74,3.141593
26,76,0.785398
26,83,-0.785398
27,36,-1.249046
27,37,3.141593
27,47,-2.356194
27,66,-1.249046
27,67,-2.356194
28,15,-0.321751
28,23,1.570796
28,33,0.785398
28,34,1.892547
28,38,0.000000
28,39,1.892547
28,70,-0.785398
28,71,-1.570796
28,72,3.141593
28,78,-1.249046
28,79,3.141593
29,23,0.785398
29,28,-1.249046
29,30,1.892547
29,39,-1.249046
29,40,3.141593
29,50,-1.570796
29,52,0.000000
29,53,1.570796
29,54,2.356194
29,88,2.356194
30,25,1.892547
30,35,-1.249046
30,36,3.141593
30,47,-1.249046
30,49,2.356194
30,79,-0.785398
30,80,-1.892547
30,82,-1.249046
30,83,3.141593
30,86,1.249046
30,88,3.141593
31,25,-1.249046
31,27,1.892547
31,31,-1.249046
31,32,3.141593
31,37,0.000000
31,38,1.892547
31,43,0.000000
31,44,1.892547
31,49,-1.570796
31,53,2.356194
32,8,2.356194
32,27,-1.249046
32,28,3.141593
32,38,-1.249046
32,39,3.141593
32,52,-0.785398
32,53,-2.356194
32,56,1.249046
32,57,2.356194
32,61,0.785398
32,62,1.892547
32,86,-1.249046
32,89,2.819842
33,7,0.321751
33,12,1.249046
33,13,3.141593
33,34,0.000000
33,35,1.892547
33,40,0.000000
33,41,1.892547
33,62,-1.249046
33,63,-2.356194
33,69,0.785398
33,70,1.892547
33,79,0.785398
33,80,1.892547
34,7,-1.570796
34,9,0.000000
34,10,1.570796
34,17,-1.249046
34,18,3.141593
34,30,0.000000
34,31,1.892547
34,35,-1.249046
34,36,3.141593
34,46,-1.249046
34,47,3.141593
34,70,-1.249046
34,71,-2.356194
34,80,-1.249046
34,81,-2.356194
34,89,3.141593
35,14,1.892547
35,19,0.000000
35,20,1.892547
35,48,0.000000
35,49,1.892547
35,58,2.356194
35,75,0.785398
35,76,1.892547
35,86,0.785398
36,12,-1.892547
36,20,-1.249046
36,21,3.141593
36,27,0.000000
36,28,1.892547
36,32,-1.249046
36,34,1.892547
36,38,0.000000
36,39,1.892547
36,55,0.321751
36,76,-1.249046
36,77,-2.356194
36,87,-1.249046
36,90,2.819842
37,15,-1.249046
37,16,-2.356194
37,22,0.000000
37,23,1.892547
37,28,-1.249046
37,29,3.141593
37,52,1.892547
37,55,-1.570796
37,90,-1.570796
38,18,0.000000
38,19,1.892547
38,23,-1.249046
38,24,3.141593
38,35,-1.249046
38,36,3.141593
38,52,-1.249046
38,57,0.000000
38,84,0.785398
38,85,1.892547
38,91,-2.356194
39,5,0.321751
39,7,3.141593
39,19,-1.249046
39,20,3.141593
39,26,3.141593
39,50,1.570796
39,54,-1.249046
39,55,3.141593
39,61,-2.356194
39,63,0.000000
39,67,3.141593
39,78,3.141593
39,85,-1.249046
39,87,1.892547
40,5,-1.570796
40,15,0.000000
40,22,3.141593
40,33,0.000000
40,34,1.892547
40,48,2.819842
40,50,-0.321751
40,57,3.141593
40,70,0.000000
40,71,3.141593
40,80,0.000000
40,87,-1.249046
40,88,-2.356194
41,17,-2.356194
41,34,-1.249046
41,35,3.141593
41,39,1.570796
41,43,-1.249046
41,44,3.141593
41,57,-2.356194
41,83,0.785398
41,84,1.892547
41,91,3.141593
42,36,1.570796
42,39,-0.321751
42,45,1.570796
42,48,-0.321751
42,49,2.819842
42,67,0.000000
42,68,3.141593
42,76,0.000000
42,84,-1.249046
42,85,-2.356194
42,87,3.141593
43,32,0.000000
43,36,-0.321751
43,40,-1.249046
43,41,3.141593
43,45,-0.321751
43,49,-1.570796
43,56,0.000000
43,90,1.570796
44,18,0.785398
44,42,0.000000
44,43,1.892547
44,47,2.819842
44,50,1.570796
44,59,2.819842
44,73,0.000000
44,90,-1.570796
45,19,-2.356194
45,31,0.785398
45,44,2.819842
45,47,-1.570796
45,50,-0.321751
45,59,-2.356194
45,67,0.000000
45,68,3.141593
46,4,0.785398
46,9,1.570796
46,40,2.819842
46,55,-0.321751
46,59,0.785398
46,88,0.785398
46,89,1.892547
47,4,0.000000
47,40,-1.570796
47,44,-0.321751
47,45,2.819842
47,53,2.819842
47,63,3.141593
47,89,-1.249046
47,90,-2.356194
47,91,3.141593
48,4,-0.785398
48,10,2.819842
48,37,-2.356194
48,41,1.570796
48,45,-1.570796
48,53,-1.570796
48,57,-1.249046
49,10,-2.356194
49,41,-0.321751
49,42,2.819842
49,76,0.000000
49,78,3.141593
50,31,0.785398
50,59,0.000000
50,66,3.141593
50,90,3.141593
51,32,-2.356194
51,39,0.785398
51,42,-0.321751
51,47,1.570796
51,71,0.000000
51,72,3.141593
51,82,0.000000
51,83,0.785398
51,84,1.892547
52,4,0.785398
52,10,2.356194
52,40,1.570796
52,44,2.819842
52,47,-0.321751
52,48,2.819842
52,59,3.141593
52,76,0.000000
52,84,-1.249046
52,85,-2.356194
53,4,0.000000
53,9,-0.785398
53,10,-2.356194
53,40,-0.321751
53,41,2.819842
53,44,-1.570796
53,48,-2.356194
53,56,0.000000
53,62,0.000000
53,63,3.141593
53,87,0.000000
53,88,1.892547
54,4,-0.785398
54,15,0.000000
54,16,3.141593
54,30,0.785398
54,38,-2.356194
54,41,-2.356194
54,70,0.000000
54,72,3.141593
54,88,-1.249046
54,89,-2.356194
54,90,3.141593
55,31,0.000000
55,35,1.570796
55,45,0.785398
55,57,-0.785398
55,84,0.785398
55,85,1.892547
56,32,-2.356194
56,39,1.570796
56,42,1.570796
56,45,-0.321751
56,46,2.819842
56,85,-1.249046
56,86,-2.356194
57,28,0.785398
57,39,-1.570796
57,42,-0.321751
57,43,2.819842
57,46,-2.356194
57,57,2.356194
57,79,0.000000
57,90,3.141593
58,24,0.785398
58,29,1.570796
58,43,-2.356194
58,56,0.321751
58,82,0.785398
58,83,1.892547
58,85,2.356194
59,4,0.785398
59,8,1.249046
59,9,2.356194
59,10,-0.785398
59,12,2.819842
59,29,-0.321751
59,30,2.819842
59,36,0.785398
59,40,1.570796
59,53,0.785398
59,58,-2.356194
59,83,-1.249046
59,87,0.000000
60,4,0.000000
60,7,-0.785398
60,8,-1.892547
60,26,1.570796
60,30,-2.356194
60,36,-0.321751
60,37,2.819842
60,53,-0.321751
60,89,-2.356194
61,4,-0.785398
61,26,-0.321751
61,27,2.819842
61,37,-2.356194
61,80,0.000000
61,86,-2.356194
62,27,-2.356194
62,30,0.785398
62,88,0.785398
63,10,0.321751
63,14,0.785398
63,30,-0.321751
63,31,2.819842
63,40,-1.570796
63,53,0.321751
63,55,-2.356194
63,57,3.141593
63,64,0.000000
63,66,3.141593
63,91,3.141593
64,31,-2.356194
65,10,-2.819842
65,13,0.321751
65,34,-1.570796
65,37,-1.570796
65,83,0.785398
65,90,3.141593
66,4,0.785398
66,8,0.000000
66,9,-1.892547
66,19,3.141593
66,25,1.570796
66,28,-1.570796
66,31,-1.570796
66,47,0.785398
66,54,0.000000
66,55,3.141593
66,67,0.000000
66,68,3.141593
66,85,0.785398
66,86,1.892547
67,4,-0.321751
67,6,2.356194
67,12,0.321751
67,13,-2.819842
67,16,0.321751
67,45,1.570796
67,49,-0.785398
67,50,-1.892547
67,52,-1.249046
67,53,-2.356194
67,80,0.000000
67,81,3.141593
67,86,-1.249046
67,87,3.141593
68,19,0.321751
68,21,-2.356194
68,22,0.785398
68,23,1.892547
68,25,2.356194
68,47,-1.892547
68,84,1.570796
69,12,-2.819842
69,16,-2.819842
69,30,1.570796
69,39,1.570796
69,91,3.141593
70,10,0.321751
70,14,0.321751
70,18,0.321751
70,19,-2.819842
70,23,-1.570796
70,43,0.000000
70,44,-1.892547
70,87,0.000000
71,5,0.785398
71,18,-1.570796
71,27,-2.356194
71,28,0.785398
71,31,-2.356194
71,32,0.785398
71,33,1.570796
71,34,2.356194
71,36,0.785398
71,37,1.570796
71,39,-1.570796
71,41,1.570796
71,42,3.141593
71,90,3.141593
72,5,0.000000
72,9,-0.785398
72,14,-2.819842
72,25,1.570796
72,48,3.141593
72,80,0.000000
73,5,-0.785398
73,12,0.321751
73,24,0.321751
73,25,-2.819842
73,29,-2.819842
73,88,-2.356194
74,16,1.570796
74,27,0.321751
74,36,-0.785398
74,40,-0.785398
74,45,-0.785398
74,71,0.000000
74,72,3.141593
74,86,3.141593
75,12,-2.819842
75,15,0.321751
75,16,-2.819842
75,23,0.321751
75,24,-2.819842
75,27,-1.570796
76,15,-0.785398
76,23,-1.570796
76,30,-0.785398
77,15,-1.570796
77,19,-1.570796
77,59,0.000000
77,60,3.141593
77,80,0.000000
78,25,1.570796
78,37,2.356194
78,82,-2.356194
78,88,0.785398
79,17,1.570796
79,24,0.321751
79,25,-2.819842
79,36,-0.785398
79,84,0.000000
79,89,-2.356194
80,24,-0.785398
80,28,2.356194
81,6,-0.785398
81,20,1.570796
81,24,-1.570796
81,27,-0.785398
81,31,2.356194
81,82,0.000000
82,19,0.321751
82,20,-2.819842
82,30,-0.785398
82,84,-2.356194
82,90,3.141593
83,19,-1.570796
83,26,2.356194
84,29,2.356194
84,88,0.785398
85,13,1.249046
85,14,3.141593
85,21,1.570796
85,54,2.356194
86,28,-1.570796
86,53,-0.785398
87,17,2.356194
87,31,2.356194
87,58,0.000000
87,59,3.141593
87,91,-2.356194
88,17,-2.819842
88,20,-1.570796
88,23,-0.785398
89,7,0.785398
89,54,3.141593
89,90,1.570796
90,7,-0.321751
90,19,2.356194
90,26,2.356194
90,59,0.000000
90,60,3.141593
90,90,-1.570796
91,17,1.249046
91,18,3.141593
91,21,1.570796
91,51,-0.785398
91,57,2.356194
92,28,-0.785398
92,56,-0.785398
92,69,0.000000
92,71,3.141593
94,12,-1.249046
94,13,-2.356194
94,20,1.570796
94,27,2.356194
94,37,2.356194
94,61,3.141593
95,15,-1.570796
95,20,-2.819842
95,36,-0.785398
95,58,-0.785398
97,19,-1.570796
97,22,1.570796
97,26,-1.570796
97,87,0.000000
98,21,-0.785398
98,90,3.141593
