13,32,1.249046
13,33,2.356194
13,46,0.785398
13,47,1.570796
13,48,2.356194
13,49,0.785398
13,50,1.892547
13,54,1.249046
13,55,2.356194
13,57,0.785398
13,58,1.570796
13,59,2.356194
14,31,-0.785398
15,20,0.785398
15,21,2.356194
15,50,-0.785398
15,54,-2.356194
15,75,2.356194
16,17,1.570796
16,21,-1.570796
17,15,1.249046
17,17,-2.356194
19,13,0.321751
20,13,-1.570796
22,67,0.321751
22,81,3.141593
23,12,0.785398
23,67,-1.570796
24,12,-0.785398
24,13,3.141593
25,11,1.570796
25,47,2.356194
26,10,0.321751
26,11,-2.819842
26,47,3.141593
26,54,0.785398
26,61,1.249046
26,63,1.570796
26,67,2.819842
26,75,0.321751
27,47,-1.570796
27,49,1.570796
27,54,-0.321751
27,59,0.000000
27,75,-1.570796
28,9,0.321751
28,10,-2.819842
28,33,1.570796
28,55,-1.249046
28,56,-2.356194
28,67,3.141593
28,74,1.570796
29,34,-2.356194
29,41,0.785398
29,42,1.892547
29,50,-2.356194
29,58,0.000000
29,67,-2.356194
30,8,0.321751
30,9,-2.819842
30,25,0.321751
30,27,2.819842
30,42,-1.249046
30,43,-2.356194
30,48,-1.570796
30,54,3.141593
30,63,-1.249046
30,64,-2.356194
30,65,0.785398
30,75,2.819842
30,86,2.819842
31,8,-0.785398
31,25,-0.785398
31,72,-0.321751
31,86,-2.356194
32,28,-2.356194
32,73,-1.249046
32,75,3.141593
33,25,-0.785398
33,26,-1.892547
33,39,3.141593
33,41,1.570796
33,59,1.570796
33,62,-1.249046
33,63,3.141593
33,68,-1.249046
33,69,3.141593
34,41,-1.570796
34,64,0.000000
34,65,1.892547
34,76,3.141593
34,80,0.321751
35,8,2.356194
35,65,-1.249046
35,66,3.141593
35,80,-1.570796
36,7,0.321751
36,26,2.356194
36,30,0.000000
36,32,3.141593
36,60,0.000000
36,61,1.892547
36,72,0.000000
36,73,1.892547
36,78,0.000000
36,82,0.321751
36,87,0.000000
37,7,-1.570796
37,22,1.249046
37,23,2.356194
37,61,-1.249046
37,62,3.141593
37,68,0.000000
37,69,1.892547
37,82,-1.570796
38,63,0.000000
38,64,1.892547
38,84,0.785398
38,85,1.570796
38,87,-2.356194
39,17,1.249046
39,18,3.141593
39,81,-1.249046
40,14,0.785398
40,15,1.570796
40,23,-2.356194
40,27,3.141593
40,58,0.000000
40,65,-1.249046
40,66,3.141593
40,76,-1.249046
40,78,1.892547
40,83,-1.249046
41,19,2.356194
41,20,-0.785398
41,21,-1.892547
42,6,2.356194
42,18,-1.892547
42,46,1.249046
42,47,2.356194
42,62,-2.356194
42,73,-1.249046
42,74,3.141593
43,5,0.321751
43,53,0.785398
43,54,2.356194
43,57,3.141593
43,64,0.785398
43,69,0.000000
43,70,1.892547
44,5,-0.785398
44,13,1.249046
44,15,-1.892547
44,21,3.141593
44,43,0.785398
44,53,-0.785398
44,70,-1.249046
44,71,3.141593
45,18,0.000000
45,29,2.356194
45,60,0.785398
46,16,3.141593
46,28,-0.785398
46,61,0.000000
46,62,1.892547
46,78,0.000000
47,14,3.141593
47,28,-1.570796
47,62,-1.249046
47,63,3.141593
47,68,0.000000
47,69,1.892547
47,79,-1.570796
47,90,2.356194
48,75,0.000000
48,76,1.892547
48,90,3.141593
49,14,2.819842
49,45,0.785398
49,70,-1.249046
49,71,3.141593
49,77,2.819842
49,81,0.000000
49,82,1.892547
49,86,-1.249046
50,9,1.249046
50,10,2.356194
50,11,-0.785398
50,46,3.141593
50,66,-2.356194
50,77,-1.570796
50,88,-1.249046
50,90,3.141593
51,3,0.321751
51,5,-2.356194
51,8,-0.785398
51,9,-1.892547
51,14,-2.819842
51,90,-2.356194
52,3,-0.785398
52,79,0.000000
52,80,1.892547
52,84,-1.249046
52,85,3.141593
53,12,0.000000
53,30,0.000000
53,31,3.141593
53,33,1.570796
53,50,3.141593
53,70,0.785398
53,86,1.570796
53,91,-2.356194
54,9,1.249046
54,10,2.356194
54,33,-1.570796
55,8,0.000000
55,9,-1.892547
55,27,1.570796
55,44,0.000000
55,82,-1.249046
55,83,3.141593
55,88,-1.570796
56,3,0.785398
56,34,2.356194
56,35,3.141593
56,49,3.141593
56,84,1.570796
57,3,-0.785398
57,4,-2.356194
57,33,-0.785398
57,58,0.785398
57,64,0.785398
57,85,3.141593
58,18,0.785398
58,26,2.356194
58,59,-2.356194
58,65,-2.356194
58,91,-2.356194
59,9,-0.785398
59,25,-0.785398
60,7,3.141593
60,19,0.000000
60,34,1.570796
60,42,0.000000
60,43,1.570796
60,44,3.141593
60,56,0.785398
60,82,-1.570796
60,87,-1.570796
61,2,0.785398
61,19,-0.785398
61,30,0.785398
61,36,0.785398
61,37,2.356194
62,3,-2.356194
62,10,2.356194
62,32,2.356194
62,33,-0.785398
62,34,-1.892547
62,37,-2.356194
62,45,3.141593
62,52,-2.356194
62,59,-2.356194
62,74,-2.356194
63,29,0.000000
63,30,-0.785398
63,31,-1.892547
63,54,0.785398
63,61,0.785398
63,70,0.785398
63,80,0.000000
63,81,1.892547
64,40,3.141593
64,62,-2.356194
65,11,2.356194
65,57,-2.356194
65,72,-2.356194
66,84,2.819842
67,9,-0.785398
67,65,0.785398
67,84,-1.570796
68,2,0.000000
68,7,2.356194
68,13,-0.785398
68,19,2.356194
68,49,0.000000
68,66,-2.356194
69,11,2.356194
69,51,-2.356194
69,87,-2.356194
70,9,0.000000
70,15,0.000000
70,24,0.000000
70,26,3.141593
70,48,0.785398
70,73,0.785398
70,83,0.785398
71,4,3.141593
71,21,0.000000
71,22,3.141593
71,49,-2.356194
71,74,-2.356194
71,79,0.785398
72,3,-1.570796
72,90,1.570796
73,2,-0.785398
73,76,0.785398
74,77,-2.356194
74,91,-2.356194
76,79,0.785398
78,76,0.785398
78,90,-1.570796
80,78,-2.356194
81,88,-1.570796
82,80,0.785398
83,86,1.570796
83,90,0.000000
83,91,3.141593
84,87,3.141593
88,3,1.570796
89,3,-1.570796
89,82,0.785398
89,91,-1.570796
93,3,2.356194
93,91,-2.356194
95,74,0.785398
96,5,2.356194
96,70,0.785398
96,75,-2.356194
97,2,0.785398
97,71,-2.356194
97,90,3.141593
98,3,-2.356194
