14,46,1.249046
14,47,2.356194
14,48,0.785398
14,49,1.570796
14,50,2.356194
14,52,0.785398
14,53,1.570796
14,54,2.356194
15,30,0.785398
15,31,1.570796
15,32,2.356194
15,34,0.785398
15,35,1.570796
15,36,2.356194
15,72,2.356194
16,46,-2.356194
18,15,2.356194
19,79,2.356194
20,13,0.321751
21,13,-0.785398
25,73,0.321751
26,52,0.321751
26,54,2.819842
26,73,-0.785398
27,13,2.356194
28,34,0.321751
28,36,2.819842
28,49,0.785398
28,54,-1.570796
28,55,-2.356194
28,56,0.785398
28,57,1.570796
28,59,-1.892547
28,73,2.356194
29,31,2.356194
29,34,-0.785398
29,50,-2.356194
29,51,-0.785398
29,52,-1.892547
29,71,1.570796
30,25,0.785398
30,35,-0.785398
30,46,-1.570796
30,57,0.000000
31,25,0.000000
31,27,1.892547
31,49,1.249046
31,50,2.356194
31,51,3.141593
31,53,0.000000
31,54,0.785398
31,55,1.570796
31,56,3.141593
31,62,0.785398
31,63,1.892547
31,73,-1.570796
31,75,-2.356194
32,17,1.570796
32,20,1.249046
32,25,-0.785398
32,32,2.356194
32,38,3.141593
32,42,0.000000
32,48,-0.785398
32,49,-1.892547
32,63,-1.249046
32,64,-2.356194
32,86,3.141593
33,7,0.321751
33,26,-0.785398
33,27,-1.892547
33,31,0.000000
33,32,-2.356194
33,54,0.000000
33,55,-1.570796
33,56,-2.356194
33,67,0.785398
33,83,0.321751
34,7,-0.785398
34,29,-0.785398
34,30,-2.356194
34,33,0.000000
34,40,3.141593
34,49,3.141593
34,51,0.000000
34,58,-2.356194
34,61,0.000000
34,63,3.141593
34,68,-1.249046
35,37,0.785398
35,45,0.000000
35,65,0.000000
35,71,-2.356194
35,72,-0.785398
35,75,2.356194
35,83,3.141593
36,27,-0.785398
36,31,-0.785398
36,38,0.785398
36,39,2.356194
36,42,3.141593
36,55,0.000000
36,69,0.000000
36,74,-0.785398
36,75,-2.356194
36,81,-0.785398
36,83,-2.356194
37,14,0.321751
37,25,2.356194
37,47,1.249046
37,48,2.356194
37,52,3.141593
37,65,3.141593
37,77,0.785398
37,78,1.892547
38,14,-0.785398
38,19,3.141593
38,21,2.356194
38,24,-0.785398
38,29,3.141593
38,37,0.000000
38,46,-0.785398
38,47,-1.892547
38,73,0.785398
38,74,1.892547
38,78,-1.249046
38,79,-2.356194
39,26,1.249046
39,27,3.141593
39,35,1.249046
39,36,3.141593
39,42,0.000000
39,55,0.000000
39,59,3.141593
39,62,0.000000
39,65,3.141593
39,70,0.785398
39,81,1.570796
40,25,0.000000
40,26,-1.892547
40,34,0.000000
40,35,-1.892547
40,67,0.000000
40,71,0.000000
40,75,-1.249046
40,76,3.141593
40,81,-0.321751
41,14,0.321751
41,15,-2.819842
41,18,0.000000
41,19,-1.892547
41,44,2.356194
41,64,0.000000
41,70,0.000000
41,73,2.356194
41,77,0.000000
41,78,1.892547
42,6,0.785398
42,10,1.249046
42,11,2.356194
42,17,1.570796
42,22,0.000000
42,27,-0.785398
42,46,2.356194
42,52,0.785398
42,56,0.000000
42,58,3.141593
42,74,-2.356194
43,6,-0.785398
43,7,-2.356194
43,8,0.785398
43,12,0.000000
43,13,-0.785398
43,14,-2.356194
43,17,-2.819842
43,25,0.785398
43,32,-0.785398
43,33,-1.570796
43,34,-2.356194
43,42,-0.785398
43,45,3.141593
43,48,0.000000
43,49,3.141593
43,53,-2.356194
43,62,0.000000
43,63,0.785398
43,64,1.892547
43,68,-2.356194
43,90,2.356194
44,20,1.570796
44,27,2.356194
44,64,-1.249046
44,66,1.892547
44,80,-1.249046
44,81,3.141593
44,85,-1.249046
44,86,3.141593
44,89,0.000000
44,90,-2.356194
45,25,-0.785398
45,26,-1.892547
45,45,0.000000
45,46,1.892547
45,55,0.000000
45,59,3.141593
45,66,-1.249046
45,67,-2.356194
45,68,0.785398
45,69,2.356194
45,72,1.570796
45,82,0.000000
45,83,1.892547
45,87,0.000000
45,88,2.356194
45,91,-2.356194
46,13,0.321751
46,18,0.000000
46,19,-1.892547
46,46,-1.249046
46,48,1.892547
46,51,1.249046
46,52,2.356194
46,53,3.141593
46,69,-1.570796
46,72,-0.785398
46,74,1.892547
46,78,0.785398
47,17,0.785398
47,48,-1.249046
47,49,-2.356194
47,79,0.000000
47,80,1.892547
47,88,-0.321751
48,13,-2.356194
48,17,-0.785398
48,18,-2.356194
48,19,3.141593
48,58,0.785398
48,59,1.892547
48,90,2.819842
49,11,-1.570796
49,52,-2.356194
49,53,0.785398
49,54,2.356194
49,59,-1.249046
49,60,-2.356194
49,69,-0.785398
49,83,1.892547
49,87,2.819842
49,90,-1.570796
50,15,-2.356194
50,23,0.000000
50,24,3.141593
50,54,-2.356194
50,64,3.141593
50,74,2.819842
50,77,-1.249046
50,78,3.141593
50,81,-0.785398
50,84,2.819842
51,10,-1.570796
51,13,0.785398
51,14,2.356194
51,74,-1.570796
51,79,-2.356194
51,84,-1.570796
51,87,-0.321751
51,88,2.819842
52,12,-0.785398
52,14,-1.570796
52,28,0.000000
52,29,3.141593
52,55,2.819842
52,72,1.570796
52,75,0.000000
52,82,2.356194
52,85,1.570796
52,88,-1.570796
52,91,-1.570796
53,4,0.785398
53,24,0.000000
53,26,3.141593
53,51,0.000000
53,52,-0.785398
53,53,-1.892547
53,76,-2.356194
53,80,0.000000
53,81,-0.785398
53,85,-0.321751
53,86,2.819842
54,4,-0.321751
54,6,2.356194
54,9,0.785398
54,16,-2.356194
54,36,0.000000
54,37,3.141593
54,73,-2.356194
54,76,-1.570796
54,89,0.785398
55,52,0.000000
55,54,-0.785398
55,55,-1.892547
55,66,1.570796
55,86,-0.321751
55,87,2.819842
55,89,-0.321751
55,90,2.819842
56,11,3.141593
56,48,0.000000
56,49,3.141593
56,57,0.785398
56,66,-1.570796
56,75,1.570796
56,84,1.570796
56,87,-2.356194
56,90,-1.570796
57,5,0.785398
57,7,1.249046
57,25,0.000000
57,27,3.141593
57,75,-1.570796
57,81,0.000000
57,82,3.141593
58,12,2.356194
58,55,1.249046
58,57,-1.892547
58,59,-2.356194
58,68,1.570796
58,85,-2.356194
59,10,-2.356194
59,12,3.141593
59,35,3.141593
59,54,-0.785398
59,55,-1.892547
59,72,1.570796
59,76,1.570796
59,88,0.785398
59,91,-1.570796
60,26,1.570796
60,33,-0.785398
60,48,0.000000
60,72,-1.570796
60,89,2.819842
61,4,0.321751
61,11,0.321751
61,13,-2.356194
61,15,3.141593
61,26,-1.570796
61,58,0.000000
61,60,2.819842
61,83,1.570796
61,87,3.141593
61,89,-1.570796
62,4,-0.785398
62,41,3.141593
62,60,-2.356194
62,69,-1.570796
62,76,-1.570796
62,83,-1.570796
62,86,-0.785398
63,4,0.785398
63,11,-2.819842
63,35,0.000000
63,73,1.570796
64,4,-0.321751
64,6,2.356194
64,19,0.000000
64,21,3.141593
64,30,0.000000
64,32,3.141593
64,66,1.570796
64,70,1.570796
64,81,1.570796
64,84,1.570796
65,7,2.356194
65,60,2.356194
65,66,-1.570796
65,70,-1.570796
65,81,-1.570796
65,87,-1.570796
66,44,-0.785398
66,60,3.141593
66,77,0.785398
66,84,0.785398
66,91,-2.356194
67,4,0.321751
67,10,2.356194
67,60,-2.356194
67,84,-0.321751
67,85,2.819842
68,4,-1.570796
68,10,-2.356194
68,19,0.000000
68,32,3.141593
68,49,0.000000
68,70,1.570796
68,85,-2.356194
68,88,0.000000
68,89,3.141593
69,8,-1.892547
69,60,2.356194
69,70,-1.570796
69,75,-2.356194
69,82,1.570796
70,58,0.785398
70,60,-2.819842
70,82,-1.570796
71,17,0.000000
71,19,3.141593
71,29,0.000000
71,31,3.141593
71,55,-0.785398
71,89,1.570796
72,75,1.570796
72,82,1.570796
72,85,0.785398
73,11,0.785398
73,70,2.356194
73,78,-1.570796
73,85,0.000000
73,89,0.785398
74,13,2.356194
74,19,3.141593
74,36,0.000000
74,41,3.141593
74,59,2.356194
74,69,-0.785398
74,85,-0.785398
74,90,2.819842
75,3,0.785398
75,23,0.000000
75,24,3.141593
75,30,0.000000
75,33,3.141593
75,54,0.000000
75,59,3.141593
75,72,1.570796
75,75,-1.570796
75,87,-0.321751
75,90,-2.356194
76,3,-0.321751
76,4,2.819842
76,9,0.321751
76,13,2.819842
76,59,-2.356194
76,82,-1.570796
76,88,-2.356194
77,4,-2.356194
77,9,-1.570796
77,11,-0.785398
77,18,0.000000
77,20,3.141593
77,69,2.356194
78,13,3.141593
78,22,0.000000
78,23,3.141593
78,25,0.000000
78,26,3.141593
78,82,1.570796
79,8,2.356194
79,54,0.785398
79,55,1.570796
79,57,2.356194
79,63,1.570796
79,68,-1.570796
79,76,1.570796
80,4,0.785398
80,16,2.356194
80,29,3.141593
80,33,0.000000
80,34,3.141593
80,40,0.000000
80,44,3.141593
80,49,-0.785398
80,73,1.570796
81,4,0.000000
81,8,-1.249046
81,10,1.570796
81,55,0.000000
81,76,-1.570796
82,4,-0.785398
82,13,-0.785398
82,55,-0.785398
82,62,-1.570796
82,70,-1.570796
82,79,1.570796
83,18,0.785398
84,10,2.356194
84,51,0.785398
84,52,1.892547
84,56,2.819842
84,91,-1.570796
85,4,0.785398
85,10,-2.819842
85,13,0.321751
85,14,-2.819842
85,19,-2.819842
85,56,-2.356194
85,68,1.570796
85,72,2.356194
85,75,1.570796
86,4,0.000000
86,8,-0.785398
86,9,-1.892547
86,13,-0.785398
86,17,0.321751
86,38,0.000000
86,52,-1.570796
86,68,-1.570796
86,71,0.321751
86,72,-2.819842
87,4,-0.785398
87,17,-1.570796
87,25,1.249046
87,26,2.356194
87,30,3.141593
87,49,1.249046
87,50,2.356194
87,54,-0.785398
87,58,1.570796
87,63,1.570796
87,71,-0.785398
87,75,2.356194
88,16,1.570796
88,24,0.321751
88,44,0.785398
88,45,1.892547
88,48,0.000000
88,49,-1.892547
88,54,2.356194
88,63,-1.570796
88,67,1.570796
88,71,-1.570796
88,74,0.321751
88,75,-2.819842
88,78,2.356194
89,15,0.321751
89,16,-2.819842
89,20,1.570796
89,24,-0.785398
89,47,3.141593
89,53,0.321751
89,54,-2.819842
89,58,2.356194
89,74,-0.785398
89,77,0.321751
89,78,-2.819842
90,24,2.356194
90,27,0.785398
90,28,2.356194
90,40,0.785398
90,41,1.570796
90,43,-1.570796
90,53,-1.570796
90,57,0.321751
90,58,-2.819842
90,62,2.356194
90,70,1.570796
90,77,-0.785398
91,14,0.321751
91,15,-2.819842
91,19,1.570796
91,23,0.321751
91,24,-2.819842
91,29,0.000000
91,30,2.356194
91,34,1.570796
91,36,1.249046
91,37,3.141593
91,46,-2.356194
91,57,-1.570796
91,74,-1.570796
91,83,2.819842
91,86,0.785398
92,6,1.249046
92,7,2.356194
92,9,1.570796
92,18,0.321751
92,19,-2.819842
92,26,0.321751
92,27,-2.819842
92,56,1.570796
92,61,2.356194
92,80,0.321751
92,83,-2.356194
92,86,-0.321751
92,87,2.819842
93,9,-2.819842
93,13,0.321751
93,14,-2.819842
93,18,-1.570796
93,22,0.321751
93,23,-2.819842
93,26,-1.570796
93,32,1.249046
93,41,2.356194
93,45,-0.785398
93,55,0.321751
93,56,-2.819842
93,60,0.000000
93,69,2.356194
93,80,-0.785398
93,87,-2.356194
93,90,0.785398
94,8,-1.892547
94,13,-1.570796
94,22,-1.570796
94,25,1.570796
94,36,-2.819842
94,40,0.321751
94,41,-2.819842
94,55,-1.570796
94,69,-2.819842
94,91,2.819842
95,6,-0.785398
95,17,2.356194
95,21,1.570796
95,24,0.321751
95,25,-2.819842
95,27,0.321751
95,31,-0.785398
95,35,-0.785398
95,40,-1.570796
95,43,1.570796
95,54,1.570796
95,67,0.321751
95,72,1.570796
95,76,0.000000
95,78,2.819842
96,11,1.570796
96,16,0.000000
96,17,-2.356194
96,21,-2.819842
96,24,-0.785398
96,27,-0.785398
96,53,0.321751
96,54,-2.819842
96,63,0.785398
96,78,-2.356194
96,88,-0.785398
96,89,-1.570796
97,10,-0.785398
97,15,-0.785398
97,19,-0.785398
97,20,-1.892547
97,27,-1.570796
97,30,0.000000
97,35,-1.570796
97,38,-0.785398
97,43,-1.570796
97,46,2.356194
97,49,-1.570796
97,53,-1.570796
97,58,-1.570796
97,64,3.141593
97,67,-2.819842
97,71,-0.785398
97,83,-1.570796
98,23,-0.785398
98,30,-1.570796
98,45,-0.785398
98,52,-0.785398
98,65,-0.785398
98,66,-1.892547
98,75,-1.570796
98,78,-1.570796
98,81,-1.570796
