4,42,0.785398
4,43,1.570796
4,44,2.356194
4,50,0.785398
4,51,1.892547
5,53,0.785398
5,54,1.570796
5,55,2.356194
5,57,0.785398
5,58,1.892547
6,61,0.785398
6,62,1.570796
6,63,2.356194
6,65,0.785398
6,66,1.570796
6,67,2.356194
6,73,0.785398
6,74,1.570796
6,75,2.356194
7,49,0.321751
7,58,-0.785398
8,15,1.249046
8,16,3.141593
8,49,-0.785398
9,14,-0.785398
9,40,1.570796
9,53,-0.785398
10,43,-1.570796
10,72,0.321751
10,74,2.819842
11,34,1.570796
11,49,-1.570796
11,56,0.000000
11,57,0.000000
11,66,0.785398
12,60,0.785398
12,67,3.141593
12,80,1.892547
12,84,2.356194
13,31,2.356194
13,40,-1.570796
13,48,1.570796
13,62,-2.356194
13,63,3.141593
13,68,0.000000
13,69,1.892547
13,75,2.819842
13,83,-0.785398
13,84,-2.356194
14,34,-1.570796
14,37,1.570796
14,48,-1.570796
14,69,-1.249046
14,70,3.141593
14,78,-0.321751
15,9,0.785398
15,23,3.141593
15,31,-2.356194
15,61,2.356194
15,74,-0.785398
15,75,-1.570796
15,76,3.141593
16,9,-0.785398
16,10,3.141593
16,60,-2.356194
16,62,0.785398
16,64,1.892547
16,77,0.000000
16,79,-2.819842
17,33,1.570796
17,56,1.570796
17,65,-2.356194
18,53,1.570796
18,62,-0.321751
18,76,0.785398
18,81,1.249046
19,8,0.785398
19,22,1.570796
19,63,-2.356194
20,8,-0.785398
20,9,3.141593
20,30,1.570796
20,33,-1.570796
20,50,1.570796
20,81,-1.249046
20,83,3.141593
21,37,-1.570796
21,43,1.570796
21,53,-1.570796
21,77,-0.321751
21,79,-2.819842
21,83,-1.570796
22,18,3.141593
22,30,2.356194
22,46,0.000000
22,47,3.141593
22,64,2.356194
22,71,0.785398
22,87,-0.785398
22,89,2.819842
23,29,0.321751
23,30,-2.819842
23,62,1.249046
23,64,-2.356194
23,73,1.892547
23,89,-2.356194
24,29,-1.570796
24,32,1.570796
24,39,1.570796
24,71,-0.785398
24,73,-1.249046
24,75,1.892547
24,81,0.000000
25,6,0.321751
25,8,3.141593
25,14,0.000000
25,18,2.356194
25,42,-0.785398
25,46,2.356194
25,57,0.000000
25,62,-2.356194
25,69,0.785398
25,82,-1.570796
26,6,-0.785398
26,15,-2.356194
26,17,-0.785398
26,24,1.570796
26,28,-1.570796
26,49,-1.570796
26,71,0.785398
26,72,1.892547
26,76,-1.249046
26,77,-2.356194
26,83,0.000000
26,84,1.892547
27,21,-1.570796
27,24,-1.570796
27,35,2.356194
27,42,1.570796
27,52,2.356194
27,55,2.356194
27,62,2.356194
27,72,-1.249046
27,73,3.141593
27,80,3.141593
27,84,-1.249046
27,91,-2.356194
28,11,0.000000
28,12,1.570796
28,16,2.819842
28,27,1.570796
28,31,2.356194
28,38,2.356194
28,48,1.570796
28,51,-0.785398
28,54,0.321751
28,55,-2.819842
28,59,-0.785398
28,62,-2.819842
28,65,0.785398
28,86,-1.570796
29,16,-1.570796
29,27,-1.570796
29,30,0.321751
29,31,-2.819842
29,34,2.356194
29,37,0.321751
29,38,-2.819842
29,41,1.570796
29,48,2.356194
29,54,-0.785398
29,59,-1.570796
29,65,0.000000
29,70,0.000000
29,87,0.000000
29,88,1.892547
30,13,-0.785398
30,17,2.356194
30,33,0.321751
30,34,-2.819842
30,37,-1.570796
30,40,0.321751
30,41,-2.819842
30,44,-0.785398
30,47,0.321751
30,48,-2.819842
30,61,0.000000
30,83,0.785398
31,16,0.785398
31,29,0.321751
31,30,-2.819842
31,40,-0.785398
31,47,-1.570796
31,51,2.356194
31,54,2.356194
31,56,1.570796
31,61,-1.570796
31,74,0.000000
31,75,1.892547
31,80,-2.356194
31,89,-1.249046
31,90,-2.356194
31,91,3.141593
32,14,-1.570796
32,16,0.000000
32,21,2.356194
32,29,-1.570796
32,32,0.321751
32,33,-2.819842
32,44,2.356194
32,53,0.321751
32,54,-2.819842
32,60,1.570796
32,67,-1.249046
32,68,-2.356194
32,70,3.141593
32,75,-1.249046
32,76,-2.356194
32,77,3.141593
33,16,-1.570796
33,18,-2.356194
33,20,-0.785398
33,28,-0.785398
33,32,-1.570796
33,36,2.356194
33,53,-0.785398
33,59,0.321751
33,60,-2.819842
33,80,1.570796
34,15,-0.785398
34,31,1.570796
34,35,0.321751
34,36,-2.819842
34,46,2.356194
34,65,0.785398
34,74,0.785398
34,80,-1.570796
35,26,2.356194
35,35,-1.570796
35,42,1.570796
35,45,0.321751
35,46,-2.819842
35,49,1.570796
35,59,-0.785398
35,60,3.141593
35,65,0.000000
35,69,3.141593
35,76,0.785398
35,77,1.892547
35,84,1.570796
35,89,-2.356194
36,17,2.356194
36,29,-1.570796
36,38,-0.785398
36,41,0.321751
36,42,-2.819842
36,48,0.321751
36,49,-2.819842
36,52,0.785398
36,58,0.785398
36,61,0.000000
36,65,-1.570796
36,77,-1.249046
36,78,3.141593
37,15,0.000000
37,20,2.356194
37,25,-1.570796
37,32,-0.785398
37,41,-1.570796
37,44,0.321751
37,45,-2.819842
37,48,-0.785398
37,52,-0.785398
37,53,3.141593
37,55,2.356194
37,58,0.000000
37,64,1.570796
37,79,-2.356194
38,23,2.356194
38,28,-1.570796
38,51,0.785398
38,55,-2.819842
38,58,-1.570796
38,69,0.785398
38,81,0.785398
38,87,-2.356194
39,19,-1.570796
39,43,0.321751
39,44,-2.819842
39,48,0.000000
39,71,3.141593
39,76,0.000000
40,22,-1.570796
40,29,2.356194
40,39,-0.785398
40,43,-1.570796
40,47,1.570796
40,49,0.785398
40,61,0.321751
40,78,-2.356194
40,84,-2.356194
41,28,-0.785398
41,31,1.570796
41,42,1.570796
41,46,0.000000
41,47,-2.356194
41,68,0.785398
41,69,1.892547
42,38,2.356194
42,41,0.321751
42,42,-2.819842
42,45,1.570796
42,49,-2.819842
42,61,0.000000
42,69,-1.249046
42,70,-2.356194
42,71,3.141593
42,81,0.785398
43,16,2.356194
43,21,0.000000
43,22,3.141593
43,34,2.356194
43,41,-1.570796
43,44,0.321751
43,45,-2.819842
43,58,2.356194
43,61,-0.785398
43,73,0.785398
44,30,-1.570796
44,33,-0.785398
44,40,1.570796
44,44,-1.570796
44,47,0.321751
44,48,-2.819842
44,51,0.000000
44,61,2.356194
44,69,0.785398
45,14,-0.785398
45,20,3.141593
45,36,-0.785398
45,39,0.321751
45,40,-2.819842
45,47,-1.570796
45,50,1.570796
45,70,-2.356194
45,75,0.000000
45,76,1.892547
46,43,-1.570796
46,49,0.321751
46,50,-2.819842
46,56,0.785398
46,72,0.785398
46,76,-1.249046
46,77,3.141593
47,16,-0.785398
47,35,3.141593
47,39,-2.819842
47,45,0.321751
47,52,0.321751
47,53,-2.819842
47,56,-1.570796
47,60,3.141593
47,68,0.785398
48,20,0.785398
48,37,0.321751
48,45,-0.785398
48,55,1.570796
48,74,-2.356194
48,81,2.356194
49,33,-1.570796
49,37,-1.570796
49,59,0.321751
49,60,-2.819842
49,65,-2.356194
49,71,-2.356194
49,84,0.785398
49,88,-2.356194
50,24,1.570796
50,35,0.000000
50,59,-1.570796
51,45,0.000000
51,46,-2.356194
51,57,-2.356194
51,58,0.000000
51,69,0.785398
51,73,0.000000
51,86,-2.356194
52,43,1.249046
52,44,3.141593
52,59,0.000000
52,60,1.892547
52,63,0.000000
52,65,3.141593
52,75,-2.356194
53,28,1.892547
53,32,2.356194
53,42,0.321751
53,60,-1.249046
53,61,3.141593
53,71,-2.356194
53,87,0.785398
54,28,-1.249046
54,29,-2.356194
54,30,0.785398
54,31,2.356194
54,62,-2.356194
54,73,0.785398
55,35,0.785398
55,40,1.249046
55,42,-2.356194
55,49,-0.785398
55,53,0.321751
55,58,3.141593
55,80,0.785398
56,31,0.000000
56,33,0.785398
56,39,0.321751
56,71,0.785398
56,81,-2.356194
56,89,-2.356194
57,31,-1.570796
57,47,0.785398
57,50,-2.356194
57,52,-0.785398
57,53,-1.570796
57,54,3.141593
57,69,1.570796
58,29,1.249046
58,30,3.141593
58,43,-1.249046
58,44,-2.356194
58,69,-1.570796
58,77,0.000000
58,86,0.785398
59,20,2.356194
59,28,0.321751
59,35,-0.785398
59,52,1.570796
59,55,-1.570796
59,74,-2.356194
59,78,-1.570796
59,87,-2.356194
60,19,-0.785398
60,22,1.570796
60,28,-0.785398
60,37,0.000000
60,38,-1.570796
60,52,0.785398
60,58,0.785398
60,79,0.000000
61,28,-1.570796
61,36,-2.356194
61,50,-2.356194
61,53,3.141593
61,76,1.570796
61,80,-1.570796
62,46,-0.785398
62,50,-1.570796
62,55,3.141593
62,60,-2.356194
62,68,1.570796
63,15,2.356194
63,34,3.141593
64,14,-0.785398
64,18,-0.785398
64,29,2.356194
64,33,-0.785398
64,42,0.000000
64,43,3.141593
64,49,1.249046
64,50,2.356194
64,69,-2.356194
64,82,-2.356194
65,20,2.356194
65,22,1.570796
65,28,-0.785398
65,33,-1.570796
65,47,0.000000
65,48,-0.785398
65,49,-1.892547
65,52,-2.356194
65,78,1.570796
66,19,-0.785398
66,45,2.356194
66,78,-0.321751
66,79,2.819842
67,21,-0.785398
67,79,-1.570796
68,80,-2.356194
68,88,1.570796
69,24,1.570796
69,42,-0.785398
69,67,1.570796
70,13,0.000000
70,16,3.141593
70,57,0.785398
70,67,-1.570796
71,23,-0.785398
71,81,1.570796
71,89,-1.570796
72,81,-1.570796
73,18,2.356194
73,40,1.570796
73,58,-1.570796
73,90,1.570796
74,40,-1.570796
74,90,-1.570796
75,17,2.356194
75,54,1.570796
76,16,0.321751
76,17,-2.819842
76,31,1.570796
76,54,-1.570796
76,58,0.000000
76,59,3.141593
77,16,-0.785398
77,31,-1.570796
77,87,1.570796
78,39,1.570796
79,15,-0.785398
79,87,-1.570796
80,59,1.570796
81,14,1.570796
81,59,-1.570796
82,18,1.570796
82,55,1.570796
82,74,1.570796
83,18,-1.570796
83,29,1.570796
83,55,-1.570796
84,14,-1.570796
84,25,1.570796
84,38,-1.570796
84,43,1.570796
84,59,1.570796
84,64,2.356194
84,74,-1.570796
85,25,-1.570796
85,29,-1.570796
85,33,1.570796
86,33,-1.570796
86,54,2.356194
87,43,-1.570796
87,59,-1.570796
87,81,1.570796
88,3,0.785398
88,38,0.000000
88,39,3.141593
88,63,-1.570796
88,88,1.570796
89,3,-0.321751
89,20,0.000000
89,21,3.141593
89,53,-1.570796
89,81,-1.570796
89,91,1.570796
90,91,-1.570796
91,4,0.000000
91,52,1.570796
92,4,-0.785398
93,20,1.570796
93,32,1.570796
93,88,-1.570796
94,8,2.356194
94,12,1.570796
94,28,1.570796
94,32,-1.570796
95,4,0.785398
95,20,-1.570796
95,28,-1.570796
95,61,2.356194
96,5,-2.356194
96,47,1.570796
96,91,1.570796
97,36,1.570796
97,64,1.570796
97,80,1.570796
97,91,-1.570796
98,12,-1.570796
98,36,-1.570796
98,47,-1.570796
98,51,-1.570796
98,60,-1.570796
98,64,-1.570796
98,80,-1.570796
