9,39,1.249046
9,40,3.141593
10,58,2.356194
11,71,2.356194
12,53,0.321751
12,74,1.570796
13,25,1.249046
13,26,2.356194
13,35,-0.785398
14,23,0.785398
14,51,1.249046
14,53,3.141593
14,73,0.321751
15,13,1.249046
15,14,3.141593
15,50,0.321751
15,53,-2.356194
15,73,-1.570796
16,38,0.785398
16,40,1.249046
16,50,-0.785398
17,38,0.000000
17,50,2.356194
18,10,0.321751
18,38,-0.785398
18,40,-1.249046
18,46,1.249046
18,48,1.570796
18,50,3.141593
19,10,-0.785398
19,29,0.785398
19,42,-1.249046
19,44,1.570796
19,62,0.321751
20,29,0.000000
20,38,2.356194
20,46,-1.249046
20,48,-1.570796
20,50,-1.570796
20,51,-2.356194
20,52,-0.785398
20,58,1.892547
20,66,1.249046
20,68,1.570796
20,70,1.892547
20,72,2.356194
20,85,3.141593
21,62,3.141593
21,65,0.321751
21,74,1.249046
22,24,0.785398
22,44,0.785398
22,54,-0.785398
22,56,-1.570796
22,62,-2.356194
23,35,0.321751
23,39,0.785398
23,44,0.000000
23,52,0.785398
23,53,2.356194
23,58,-2.356194
24,35,-0.785398
24,39,0.000000
24,50,1.570796
24,53,-2.356194
24,58,0.785398
24,60,1.249046
24,65,-1.892547
24,67,-2.356194
24,79,0.321751
25,28,0.785398
25,29,1.570796
25,30,2.356194
25,35,2.356194
25,50,-2.819842
25,79,-0.785398
25,87,2.819842
26,22,-0.321751
26,24,-2.819842
26,32,2.356194
26,35,3.141593
26,39,0.000000
26,41,-1.570796
26,42,-2.356194
26,57,0.321751
26,63,0.785398
26,68,-2.356194
26,69,-0.785398
26,70,-1.570796
26,72,3.141593
26,79,2.356194
26,87,-2.356194
27,52,-0.785398
27,53,-1.570796
27,54,3.141593
27,65,-0.785398
27,66,-1.892547
27,77,0.785398
28,22,0.321751
28,24,2.819842
28,37,2.356194
28,38,-0.785398
28,44,-2.819842
28,47,0.000000
28,49,-1.892547
28,55,0.000000
28,56,-0.785398
28,57,-1.570796
28,59,-1.570796
28,63,-1.892547
28,72,-0.321751
28,74,3.141593
28,81,1.570796
28,83,-1.892547
28,88,3.141593
29,16,1.892547
29,29,-0.785398
29,34,0.000000
29,42,0.321751
29,54,1.570796
29,76,1.249046
29,78,-1.892547
30,19,0.785398
30,20,1.570796
30,25,2.819842
30,32,-2.356194
30,42,-1.570796
30,46,0.321751
30,48,3.141593
30,53,0.000000
30,67,1.249046
30,68,2.356194
30,72,-0.785398
30,73,-1.570796
30,74,-2.356194
30,75,-0.785398
30,76,-1.892547
30,81,0.785398
31,10,0.785398
31,12,1.249046
31,28,1.249046
31,30,-1.892547
31,38,2.356194
31,41,0.000000
31,63,1.249046
31,64,2.356194
31,81,-0.785398
31,82,-2.356194
31,89,2.356194
32,20,0.000000
32,25,-1.570796
32,26,-2.356194
32,27,-0.785398
32,42,1.570796
32,45,0.000000
32,67,-2.356194
32,77,0.785398
32,78,1.570796
32,80,2.356194
32,89,-2.819842
33,20,-1.570796
33,29,-2.356194
33,32,0.000000
33,34,-0.785398
33,35,-1.892547
33,37,-2.356194
33,43,-2.356194
33,72,1.249046
33,73,2.356194
33,86,2.356194
33,87,-0.785398
33,88,-1.892547
34,19,1.570796
34,67,-1.570796
34,69,1.570796
34,70,2.356194
34,82,2.356194
34,83,-0.785398
35,7,0.321751
35,19,3.141593
35,37,-1.570796
35,90,2.356194
36,7,-1.570796
36,19,-1.570796
36,23,1.249046
36,24,2.356194
36,67,1.249046
36,79,-1.249046
36,81,-1.570796
36,82,-2.356194
36,84,-0.785398
36,85,-1.892547
36,88,0.785398
36,89,2.356194
37,61,0.321751
37,64,-1.249046
37,65,-2.356194
37,66,-0.785398
37,67,-1.892547
37,89,-2.356194
38,12,-1.892547
38,27,3.141593
38,61,-0.785398
38,69,1.249046
38,89,2.356194
39,5,0.321751
39,7,3.141593
39,15,0.000000
39,17,0.785398
39,18,1.570796
39,68,0.000000
39,69,-1.892547
39,72,1.570796
39,88,-0.785398
40,5,-1.570796
40,8,1.570796
40,15,-0.785398
40,65,1.249046
40,66,2.356194
41,8,0.000000
41,20,-2.819842
41,49,0.785398
41,50,1.892547
41,60,0.785398
41,62,1.249046
41,63,2.356194
41,64,-0.785398
41,65,-1.892547
41,71,0.000000
41,72,-1.892547
42,46,1.249046
42,47,3.141593
42,52,0.785398
42,53,1.892547
42,85,3.141593
42,87,0.000000
43,4,0.785398
43,8,-0.321751
43,18,-0.785398
43,49,0.321751
43,59,-0.785398
43,73,1.249046
43,74,2.356194
43,77,0.785398
43,78,2.356194
44,4,0.000000
44,6,1.892547
44,15,-2.356194
44,43,0.785398
44,49,-1.570796
44,54,-1.249046
44,55,-2.356194
44,72,-0.785398
44,73,-1.892547
45,29,3.141593
45,46,-2.356194
45,79,-2.356194
45,87,0.785398
45,88,1.570796
45,89,3.141593
46,4,0.000000
46,6,-1.892547
46,28,-0.785398
46,44,-0.785398
46,74,0.000000
46,76,3.141593
47,28,2.356194
47,64,0.785398
47,65,2.356194
47,71,0.000000
47,72,3.141593
48,3,0.321751
48,7,0.000000
48,8,-1.892547
48,10,-2.356194
48,28,-2.819842
48,59,1.249046
48,60,2.356194
48,61,0.785398
48,62,2.356194
48,65,-2.356194
48,87,-0.785398
48,88,-1.570796
49,24,0.000000
49,26,-0.785398
49,27,-1.892547
49,45,0.785398
49,56,0.000000
49,57,0.785398
49,72,1.249046
49,73,2.356194
49,90,-2.356194
50,3,0.000000
50,10,0.785398
50,46,3.141593
50,64,-0.785398
50,65,-1.570796
50,66,-2.356194
50,71,-0.785398
50,72,-1.892547
50,90,2.356194
51,3,-0.785398
51,6,1.570796
51,13,2.356194
51,47,0.785398
51,59,-2.356194
51,61,-0.785398
51,62,-1.892547
51,88,0.785398
51,90,-2.819842
52,3,2.356194
52,6,0.000000
52,47,-0.785398
52,49,-2.356194
52,71,1.249046
52,72,2.356194
53,2,0.321751
53,13,3.141593
53,47,0.785398
53,49,2.356194
53,70,-0.785398
53,71,-1.892547
53,89,2.356194
54,49,3.141593
54,61,2.356194
54,83,0.785398
54,84,1.570796
54,85,2.356194
54,88,-0.785398
54,89,-2.356194
55,2,0.000000
55,13,3.141593
55,49,-2.356194
55,57,3.141593
55,60,-0.785398
55,75,0.785398
55,90,-2.356194
56,2,-0.785398
56,5,1.570796
56,8,0.785398
56,9,2.356194
56,13,-2.356194
56,33,1.570796
56,54,-0.785398
56,60,2.356194
56,63,0.000000
56,76,-2.356194
56,78,0.785398
57,5,0.000000
57,9,-1.570796
57,49,-1.570796
57,59,0.000000
57,78,-0.785398
57,79,-2.356194
57,83,-0.785398
57,84,-1.570796
57,85,3.141593
57,88,0.000000
57,89,0.785398
58,14,-2.356194
58,17,0.785398
58,56,0.000000
58,75,-0.785398
59,40,1.249046
59,41,2.356194
59,61,1.249046
59,62,2.356194
59,77,-1.249046
59,78,-2.356194
59,80,0.785398
59,81,1.892547
59,88,0.785398
59,90,-2.819842
60,2,0.321751
60,12,2.356194
60,18,0.000000
60,39,0.000000
60,40,-1.892547
60,44,0.785398
60,45,1.570796
60,46,2.356194
60,49,0.785398
60,50,1.892547
60,57,1.249046
60,58,2.356194
60,60,-0.785398
60,61,-1.892547
60,81,-1.249046
60,82,-2.356194
60,83,0.785398
60,84,1.892547
61,6,-1.570796
61,12,-2.819842
61,18,-0.785398
61,36,2.356194
61,37,0.785398
61,38,2.356194
61,53,0.785398
61,54,1.570796
61,55,2.356194
61,64,3.141593
61,68,0.000000
61,70,3.141593
61,84,-1.249046
61,85,-2.356194
62,10,-0.785398
62,11,-1.892547
62,34,0.000000
62,35,-1.892547
62,38,-2.356194
62,45,0.785398
62,59,0.000000
62,73,0.000000
62,89,-1.249046
62,90,-2.356194
62,91,3.141593
63,30,1.249046
63,31,2.356194
63,46,-2.356194
63,48,-0.785398
63,49,-1.892547
63,55,-2.356194
63,56,-0.785398
63,83,0.785398
63,84,1.892547
64,6,1.570796
64,8,-2.356194
64,18,2.356194
64,28,0.785398
64,30,-1.892547
64,37,1.570796
64,51,2.356194
64,63,0.785398
64,64,1.570796
64,65,2.356194
64,71,0.785398
64,72,1.892547
64,84,-1.249046
64,85,-2.356194
65,11,2.356194
65,15,1.249046
65,16,2.356194
65,17,-0.785398
65,18,-2.356194
65,28,-0.785398
65,37,-2.819842
65,50,0.000000
65,51,-2.356194
65,72,-1.249046
65,73,-2.356194
66,19,2.356194
66,28,-1.570796
66,34,0.000000
66,35,-0.785398
66,36,-1.892547
66,47,0.000000
66,90,0.785398
67,2,-0.785398
67,11,-2.356194
67,57,2.356194
67,63,-0.785398
67,64,-1.892547
67,84,0.000000
67,85,1.892547
67,91,-2.356194
68,9,-1.892547
68,20,2.356194
68,48,0.000000
68,52,3.141593
68,56,-0.785398
68,85,-1.249046
68,86,3.141593
69,3,-0.785398
69,20,-2.819842
69,34,3.141593
69,56,2.356194
69,60,2.356194
69,91,-1.570796
70,3,0.785398
70,5,1.249046
70,7,3.141593
70,24,1.249046
70,25,2.356194
70,26,3.141593
70,32,1.570796
70,52,1.249046
70,53,2.356194
70,54,0.785398
70,56,-2.819842
70,59,-0.785398
70,72,0.785398
70,73,1.892547
70,88,1.570796
71,21,2.356194
71,22,0.785398
71,30,1.249046
71,37,1.249046
71,41,1.570796
71,75,2.356194
71,76,0.785398
71,77,1.892547
71,88,-0.321751
72,2,0.321751
72,26,2.356194
72,29,-0.785398
72,30,-1.892547
72,35,0.785398
72,52,-1.249046
72,53,-2.356194
72,61,2.356194
72,69,0.785398
72,70,1.892547
72,77,-1.249046
72,78,-2.356194
72,90,2.819842
73,2,-0.785398
73,12,-1.892547
73,16,0.785398
73,17,2.356194
73,25,-1.892547
73,32,1.249046
73,33,2.356194
73,43,3.141593
73,70,-1.249046
73,72,1.570796
73,86,0.000000
73,87,1.892547
74,21,0.000000
74,22,-0.785398
74,23,-1.892547
74,31,-0.785398
74,32,-1.892547
74,37,0.785398
74,48,0.785398
74,49,1.570796
74,50,2.356194
74,53,3.141593
74,55,0.000000
74,57,-1.892547
74,60,0.000000
74,62,0.785398
74,74,-1.249046
74,76,1.892547
74,82,0.000000
74,83,1.892547
74,90,3.141593
75,13,1.249046
75,14,2.356194
75,15,-0.785398
75,16,-2.356194
75,44,0.785398
75,45,2.356194
75,67,0.000000
75,70,0.785398
75,76,-1.249046
75,77,-2.356194
75,84,3.141593
75,90,-2.356194
76,3,-0.785398
76,13,-1.892547
76,25,1.249046
76,26,3.141593
76,36,-0.785398
76,37,-1.570796
76,38,-2.356194
76,39,-0.785398
76,40,-1.570796
76,54,-0.785398
76,55,-1.570796
76,56,-2.356194
76,57,0.785398
76,58,1.570796
76,60,-1.570796
76,71,-1.249046
76,72,-2.356194
76,81,0.785398
76,82,2.356194
76,86,0.785398
76,87,2.356194
77,15,1.249046
77,22,1.570796
77,23,2.356194
77,24,-0.785398
77,43,-2.356194
77,44,-0.785398
77,45,-1.570796
77,46,-2.356194
77,47,3.141593
77,64,-2.356194
77,90,2.356194
78,13,2.356194
78,14,-0.785398
78,28,2.356194
78,35,1.249046
78,36,2.356194
78,37,0.785398
78,38,1.570796
78,39,2.356194
78,40,0.785398
78,41,2.356194
78,68,0.785398
78,69,2.356194
78,70,0.785398
78,71,1.892547
78,82,-0.321751
79,32,1.249046
79,33,2.356194
79,34,-0.785398
79,44,1.249046
79,45,2.356194
79,58,-1.249046
79,59,-2.356194
79,61,-0.785398
79,62,-1.570796
79,63,-2.356194
79,71,-1.249046
79,72,-2.356194
80,9,0.000000
80,11,-1.892547
80,22,-1.892547
80,30,1.570796
80,32,-1.892547
80,36,0.000000
80,40,-0.785398
80,41,-1.570796
80,42,-2.356194
80,81,0.785398
80,86,-1.249046
80,89,2.819842
81,13,1.249046
81,19,0.000000
81,20,-1.892547
81,26,-0.321751
81,34,1.249046
81,47,0.000000
81,49,-0.785398
81,53,1.570796
81,54,2.356194
81,60,0.785398
81,61,1.892547
81,68,-1.249046
81,69,-2.356194
81,70,0.785398
81,71,1.892547
81,76,0.000000
81,77,1.892547
81,89,-2.356194
82,5,-0.321751
82,31,0.000000
82,32,0.785398
82,36,2.356194
82,38,2.356194
82,43,0.321751
82,44,-2.819842
82,71,-1.249046
82,73,1.892547
82,77,-1.249046
82,79,1.892547
83,21,1.249046
83,22,2.356194
83,23,0.785398
83,24,1.570796
83,25,2.356194
83,29,2.356194
83,35,-2.356194
83,43,-0.785398
83,47,0.000000
83,48,3.141593
83,50,0.321751
83,53,-1.570796
83,54,-2.356194
83,57,0.785398
83,58,1.892547
83,67,0.785398
83,68,1.892547
83,73,-1.249046
83,75,1.892547
83,80,2.819842
83,84,-1.249046
83,85,3.141593
84,19,1.249046
84,21,-1.892547
84,43,-1.570796
84,58,-1.249046
84,59,-2.356194
84,60,-0.785398
84,61,-1.570796
84,63,1.892547
84,68,-1.249046
84,69,-2.356194
84,70,0.785398
84,71,1.892547
84,75,-1.249046
84,76,3.141593
85,24,-2.819842
85,30,2.356194
85,40,-2.356194
85,63,-1.249046
85,64,-2.356194
85,65,0.785398
85,66,1.892547
85,71,-1.249046
85,72,3.141593
85,77,0.000000
85,78,1.892547
85,80,-0.785398
85,81,-2.356194
85,82,0.785398
85,83,1.892547
85,87,0.000000
85,88,2.356194
86,11,-2.356194
86,21,2.356194
86,34,1.249046
86,35,3.141593
86,44,0.000000
86,48,-0.785398
86,49,-1.892547
86,66,-1.249046
86,67,-2.356194
86,73,1.570796
86,84,2.819842
86,88,-2.356194
87,25,-0.785398
87,26,-1.892547
87,32,0.785398
87,37,-0.785398
87,40,-2.356194
87,42,3.141593
87,69,0.000000
87,70,1.892547
88,4,-0.785398
88,6,-1.249046
88,15,3.141593
88,30,2.356194
88,44,1.249046
88,45,2.356194
88,47,0.785398
88,48,1.570796
88,49,2.356194
88,50,0.785398
88,51,1.570796
88,52,2.356194
88,53,0.785398
88,54,1.892547
88,64,0.000000
88,65,1.892547
88,70,-1.249046
88,71,-2.356194
88,76,0.000000
88,77,1.892547
88,87,1.570796
89,21,1.249046
89,23,-2.356194
89,27,0.000000
89,28,0.000000
89,39,-2.356194
89,42,0.785398
89,67,1.892547
89,73,-1.570796
89,77,-1.249046
89,78,-2.356194
89,84,-1.249046
89,87,-2.819842
90,15,-2.356194
90,24,2.356194
90,32,3.141593
90,48,-0.785398
90,49,-2.356194
90,50,-0.785398
90,51,-2.356194
90,63,0.000000
90,69,0.785398
90,70,1.892547
91,24,-2.356194
91,37,0.000000
91,38,3.141593
91,42,-0.785398
91,43,-1.570796
91,44,-2.356194
91,53,-0.785398
91,54,-1.570796
91,56,1.892547
91,64,-1.249046
91,65,-2.356194
91,70,-1.249046
91,71,3.141593
91,76,1.892547
91,79,0.000000
91,80,-1.570796
92,16,1.249046
92,26,2.356194
92,27,0.785398
92,33,0.785398
92,56,-1.249046
92,57,-2.356194
92,74,1.570796
93,9,-1.892547
93,20,-1.892547
93,31,-1.892547
93,44,2.356194
93,52,0.785398
93,53,1.892547
93,85,1.570796
94,36,2.356194
94,37,0.785398
94,38,1.570796
94,39,3.141593
94,43,-0.785398
94,53,-1.249046
94,54,-2.356194
94,56,3.141593
94,64,0.785398
94,65,1.892547
94,69,-1.249046
94,71,1.892547
94,76,2.356194
94,79,2.819842
94,85,-2.819842
95,7,-1.570796
95,10,1.249046
95,12,-2.356194
95,20,1.249046
95,22,-1.892547
95,25,0.785398
95,26,2.356194
95,27,-0.785398
95,33,0.000000
95,58,0.000000
95,65,-1.249046
95,67,1.892547
95,71,-1.249046
95,73,2.356194
95,83,0.000000
95,84,-1.892547
96,13,0.785398
96,25,-1.570796
96,32,1.570796
96,38,-0.785398
96,40,1.570796
96,41,2.356194
96,42,-0.785398
96,43,-1.570796
96,44,-2.356194
96,45,0.785398
96,46,1.570796
96,47,2.356194
97,19,-1.892547
97,23,1.249046
97,24,3.141593
97,31,-0.785398
97,32,-2.356194
97,35,-0.785398
97,36,-2.356194
97,63,-2.356194
97,69,-2.356194
97,70,3.141593
97,79,-1.892547
98,11,-1.249046
98,16,-0.785398
98,17,-1.892547
98,21,0.000000
98,22,-0.785398
98,23,-1.892547
98,27,0.000000
98,41,-2.356194
98,45,-0.785398
98,46,-1.570796
98,47,-2.356194
98,52,3.141593
98,59,3.141593
98,65,0.000000
98,75,-1.249046
98,77,-1.892547
