9,45,1.249046
9,46,3.141593
10,61,1.570796
11,18,1.249046
11,19,2.356194
11,36,2.356194
11,42,0.785398
12,70,1.570796
13,36,2.819842
13,43,0.785398
14,15,0.321751
14,29,1.892547
14,69,0.321751
15,15,-0.785398
15,36,-2.819842
15,41,1.249046
15,56,1.570796
15,58,-1.892547
15,69,-1.570796
16,33,-1.249046
16,35,-1.892547
16,43,-1.249046
16,68,1.570796
17,56,-2.819842
17,65,1.249046
17,68,-2.819842
18,32,2.819842
18,41,-2.819842
19,22,1.249046
19,23,2.356194
19,32,-2.356194
19,45,-0.321751
19,57,1.892547
19,63,-0.785398
19,65,-1.249046
20,20,1.249046
20,36,0.000000
20,52,-0.785398
20,69,1.570796
20,71,1.892547
21,19,0.321751
21,44,1.249046
21,48,-1.249046
21,50,-1.892547
21,72,2.819842
21,83,3.141593
22,30,1.249046
22,32,-1.570796
22,33,3.141593
22,36,-2.819842
22,61,2.356194
22,62,-0.785398
22,63,-1.570796
22,64,-2.356194
22,65,-0.785398
22,66,-1.892547
22,69,-0.321751
23,18,0.321751
23,26,0.785398
23,28,1.249046
23,30,-1.892547
23,54,0.000000
23,55,-1.570796
23,72,-2.819842
24,15,0.785398
24,22,-2.356194
24,26,0.000000
24,43,0.000000
24,48,1.892547
24,50,1.249046
24,51,2.356194
24,57,-1.570796
24,60,0.785398
24,78,0.321751
25,28,-1.570796
25,31,1.249046
25,32,2.356194
25,33,-0.785398
25,41,1.570796
25,62,2.356194
25,64,0.785398
25,65,1.570796
25,66,2.356194
25,67,0.785398
25,68,1.570796
25,69,2.356194
25,74,1.249046
25,76,1.892547
26,14,0.321751
26,23,3.141593
26,26,-2.819842
26,29,0.785398
26,41,-0.785398
26,43,3.141593
26,57,-0.785398
26,58,-1.570796
26,78,3.141593
26,86,3.141593
27,29,-1.570796
27,32,1.570796
27,40,2.356194
27,43,-1.570796
27,45,1.249046
27,61,-2.356194
28,12,1.249046
28,23,-0.785398
28,24,-1.892547
28,28,1.570796
28,38,-1.892547
28,40,-1.570796
28,61,2.356194
28,69,1.570796
28,78,-2.819842
29,26,1.249046
29,28,-2.356194
29,56,0.785398
29,57,1.570796
29,59,1.570796
29,71,-1.249046
29,81,0.321751
30,21,-2.819842
30,47,-0.785398
30,63,2.356194
30,66,-0.785398
30,67,-1.570796
30,81,-0.785398
31,40,-1.892547
31,45,-1.892547
31,59,-1.570796
31,87,2.356194
32,7,-1.570796
32,12,-1.892547
32,23,0.000000
32,24,-1.892547
32,32,-0.785398
32,33,-1.892547
32,48,1.249046
32,62,-2.356194
32,78,-2.356194
32,79,0.785398
32,83,0.785398
32,84,1.570796
32,85,2.356194
32,87,3.141593
33,9,-0.785398
33,14,0.321751
33,30,-0.785398
33,40,1.249046
33,42,-1.892547
33,46,1.249046
33,51,-2.356194
33,55,-0.785398
33,76,0.785398
33,87,-2.356194
34,21,3.141593
34,34,1.249046
34,36,-1.892547
34,44,1.249046
34,49,2.356194
34,51,-1.570796
34,71,1.570796
34,78,1.892547
35,11,0.000000
35,12,1.570796
35,28,1.249046
35,29,3.141593
35,43,0.000000
35,44,-1.892547
35,58,-2.356194
35,68,1.570796
35,71,-0.321751
36,16,-1.570796
36,18,1.249046
36,31,1.249046
36,33,-1.892547
36,36,1.249046
36,41,1.249046
36,42,3.141593
36,50,2.819842
36,64,-2.356194
36,73,2.819842
36,81,2.356194
37,23,-1.892547
37,41,-1.892547
37,45,0.785398
37,46,1.892547
37,50,-1.570796
37,66,1.570796
37,73,-1.570796
37,76,-0.321751
38,13,-1.570796
38,15,0.785398
38,17,-1.892547
38,29,0.321751
38,62,0.785398
38,84,1.892547
39,12,3.141593
39,21,3.141593
39,29,-1.570796
39,33,0.000000
39,37,0.000000
39,38,-1.892547
39,46,-1.892547
39,48,-2.356194
39,53,-2.356194
39,67,1.570796
39,71,1.570796
39,75,1.570796
39,78,-1.570796
39,80,0.000000
39,87,2.356194
40,6,0.785398
40,21,-2.356194
40,23,0.321751
40,28,3.141593
40,31,1.249046
40,32,3.141593
40,35,0.000000
40,41,1.249046
40,50,0.785398
40,63,-1.570796
40,67,-0.321751
40,68,2.819842
40,71,-0.321751
40,72,2.819842
40,75,-0.321751
40,76,2.819842
40,79,0.000000
41,6,0.000000
41,10,-0.785398
41,11,-1.570796
41,12,-2.356194
41,13,-0.785398
41,14,-1.892547
41,16,0.785398
41,17,3.141593
41,27,-1.570796
41,30,0.321751
41,34,1.570796
41,39,1.249046
41,44,3.141593
41,68,-1.570796
42,6,-1.570796
42,19,1.570796
42,24,3.141593
42,30,-1.570796
42,33,0.000000
42,37,1.249046
42,73,-2.356194
42,75,-0.785398
42,77,2.819842
42,82,0.000000
43,16,-2.819842
43,18,0.321751
43,19,-2.819842
43,21,0.321751
43,32,1.570796
43,54,-2.356194
43,77,-1.570796
43,82,-0.785398
43,88,2.819842
44,14,0.321751
44,18,-1.570796
44,21,-1.570796
44,24,0.321751
44,25,-2.819842
44,32,-2.819842
44,43,3.141593
44,59,1.570796
44,78,-2.356194
44,88,-2.356194
45,20,1.570796
45,24,-1.570796
45,41,-1.570796
45,57,1.570796
45,84,-2.356194
46,14,-2.819842
46,19,0.321751
46,20,-2.819842
46,26,1.570796
46,29,0.321751
46,33,0.000000
46,34,-1.892547
46,40,1.570796
46,45,0.000000
46,46,1.892547
46,54,3.141593
46,57,-1.570796
46,63,0.785398
46,67,1.570796
46,74,1.570796
46,79,1.570796
46,81,-1.570796
47,19,-1.570796
47,22,1.570796
47,26,-2.819842
47,29,-1.570796
47,36,1.249046
47,40,-2.356194
47,46,-1.249046
47,47,-2.356194
47,48,3.141593
47,60,-1.570796
47,84,0.785398
47,87,-0.785398
47,89,2.819842
48,11,0.321751
48,15,1.570796
48,22,-2.819842
48,24,0.321751
48,28,1.570796
48,41,-2.356194
48,56,0.000000
48,57,3.141593
48,64,-1.570796
48,82,1.570796
48,84,-0.321751
48,89,-2.356194
49,5,0.785398
49,8,1.249046
49,9,2.356194
49,17,1.570796
49,20,0.321751
49,24,-1.570796
49,27,0.321751
49,28,-2.819842
49,51,0.000000
49,53,3.141593
49,74,-1.570796
50,5,0.000000
50,17,-2.819842
50,20,-1.570796
50,23,1.570796
50,27,-1.570796
50,30,1.570796
50,58,1.570796
50,61,1.570796
50,86,3.141593
51,5,-0.785398
51,8,-1.249046
51,10,-1.892547
51,19,1.570796
51,22,0.321751
51,23,-2.819842
51,29,0.000000
51,32,0.321751
51,38,-0.785398
51,40,-2.356194
51,47,0.000000
51,48,3.141593
51,65,1.570796
51,75,1.570796
51,77,1.570796
51,87,0.000000
51,88,2.356194
52,14,0.000000
52,16,-2.819842
52,18,0.321751
52,19,-2.819842
52,22,-1.570796
52,28,1.570796
52,32,-1.570796
52,56,0.000000
52,61,-1.570796
52,88,-2.356194
53,12,-2.819842
53,18,-0.785398
53,21,1.570796
53,27,0.321751
53,28,-2.819842
53,36,0.785398
53,65,-1.570796
54,10,0.000000
54,11,-1.892547
54,14,0.321751
54,15,-2.819842
54,20,0.321751
54,21,-2.819842
54,27,-1.570796
54,30,1.570796
54,41,3.141593
54,68,-1.570796
55,9,3.141593
55,14,-1.570796
55,17,1.570796
55,23,1.570796
55,29,0.321751
55,30,-2.819842
55,37,-0.785398
55,46,0.000000
55,53,2.356194
55,57,2.356194
55,71,2.356194
56,16,0.321751
56,17,-2.819842
56,19,0.321751
56,20,-2.819842
56,22,0.321751
56,23,-2.819842
56,29,-1.570796
56,55,0.000000
56,64,2.356194
56,67,1.570796
56,70,0.321751
56,71,-2.819842
56,87,-0.785398
56,89,2.819842
57,6,0.785398
57,10,2.356194
57,12,1.570796
57,16,-1.570796
57,19,-0.785398
57,22,-1.570796
57,25,1.570796
57,37,2.356194
57,40,0.000000
57,42,3.141593
57,60,3.141593
57,70,-0.785398
57,74,2.356194
57,89,-2.356194
58,6,-0.785398
58,12,-2.819842
58,15,1.570796
58,24,0.321751
58,25,-2.819842
58,28,-1.570796
58,31,-0.785398
58,37,-2.819842
58,46,0.000000
58,49,3.141593
58,58,-0.785398
58,62,-0.785398
58,70,2.356194
58,73,0.321751
58,74,-2.819842
58,80,2.356194
59,11,-1.892547
59,14,0.321751
59,15,-2.819842
59,21,2.356194
59,55,0.000000
59,56,3.141593
59,65,-0.785398
59,70,-2.819842
59,73,-0.785398
59,77,2.356194
59,79,0.321751
59,80,-2.819842
60,14,-0.785398
60,20,0.321751
60,21,-2.819842
60,23,0.321751
60,24,-2.819842
60,35,-0.785398
60,37,2.819842
60,76,0.321751
60,77,-2.819842
60,79,-0.785398
60,83,2.356194
60,85,0.785398
60,89,2.356194
61,17,2.356194
61,20,-0.785398
61,23,-1.570796
61,31,0.000000
61,32,2.356194
61,37,-2.356194
61,62,2.356194
61,67,0.000000
61,68,-1.892547
61,76,-1.570796
61,82,0.321751
61,85,-0.785398
61,86,-2.356194
61,89,3.141593
62,16,0.321751
62,17,-2.819842
62,25,1.570796
62,32,-2.356194
62,46,0.000000
62,47,3.141593
62,49,0.000000
62,52,3.141593
62,54,0.000000
62,72,-1.570796
62,75,1.570796
62,89,-2.356194
63,12,0.321751
63,14,3.141593
63,40,3.141593
63,74,0.321751
63,75,-2.819842
63,81,0.321751
63,89,2.356194
64,12,-0.785398
64,16,-2.819842
64,52,0.000000
64,53,3.141593
64,62,0.000000
64,74,-1.570796
64,81,-1.570796
64,87,0.785398
64,89,-2.819842
65,12,2.356194
65,31,-1.570796
65,37,0.785398
65,49,0.000000
65,50,3.141593
65,60,3.141593
65,67,3.141593
65,83,-0.785398
66,6,0.785398
66,12,-2.819842
66,14,0.321751
66,15,-2.819842
66,21,2.356194
66,24,-1.570796
66,27,-1.570796
66,37,-0.321751
66,39,2.356194
66,40,3.141593
66,64,0.000000
67,6,0.000000
67,10,-0.785398
67,14,-0.785398
67,20,0.321751
67,21,-2.819842
67,43,0.000000
67,47,3.141593
67,50,0.000000
67,51,3.141593
67,53,0.000000
67,67,2.356194
67,75,1.570796
67,79,0.000000
67,80,-1.570796
68,6,-0.785398
68,17,2.356194
68,20,-0.785398
68,23,1.570796
68,26,1.570796
68,29,1.570796
68,32,-1.570796
68,35,2.356194
68,61,3.141593
68,66,1.570796
68,75,-2.819842
68,78,1.570796
68,84,1.892547
68,88,2.356194
69,13,0.000000
69,16,0.321751
69,17,-2.819842
69,39,1.570796
69,65,0.000000
69,70,-1.570796
69,73,0.000000
69,74,-1.892547
69,77,0.321751
69,78,-2.819842
69,81,0.321751
69,86,0.785398
70,16,-0.785398
70,28,-0.785398
70,31,2.356194
70,40,-2.356194
70,51,3.141593
70,54,-0.785398
70,64,-0.785398
71,12,1.570796
71,33,-1.570796
71,57,1.249046
71,58,2.356194
71,61,3.141593
71,66,2.356194
71,70,1.249046
71,71,3.141593
71,77,-2.356194
71,79,1.249046
72,12,-2.819842
72,25,-1.570796
72,35,1.570796
72,55,0.000000
72,56,-0.785398
72,57,-1.892547
72,65,3.141593
72,75,-0.785398
73,32,1.570796
73,35,-1.570796
73,43,2.356194
73,52,3.141593
73,60,1.570796
73,64,-0.785398
73,68,0.000000
73,69,-1.892547
73,78,-1.570796
73,81,-0.785398
74,42,-0.785398
74,57,2.356194
74,60,-1.570796
74,65,-2.356194
74,71,1.249046
74,72,2.356194
75,6,0.785398
75,24,1.570796
75,34,1.570796
75,42,0.785398
75,70,0.000000
75,71,-1.892547
75,84,2.356194
75,89,2.356194
76,6,-0.321751
76,18,2.356194
76,34,-1.570796
76,40,1.570796
76,44,1.570796
76,45,2.356194
76,60,2.356194
76,68,0.785398
76,69,3.141593
76,76,1.570796
76,79,1.249046
76,84,-2.356194
76,87,1.249046
76,89,3.141593
77,14,2.356194
77,17,0.321751
77,31,-1.570796
77,40,-1.570796
77,56,1.249046
77,57,2.356194
77,68,-1.570796
77,71,2.356194
77,76,-2.356194
77,85,0.785398
78,7,0.785398
78,13,0.000000
78,17,-0.785398
78,19,-2.356194
78,33,1.570796
78,36,1.570796
78,45,1.570796
78,55,-0.785398
78,56,-1.892547
78,61,1.249046
78,63,2.356194
78,65,0.785398
78,66,2.356194
78,67,0.000000
78,82,3.141593
78,85,-0.785398
78,87,-1.249046
78,89,3.141593
79,7,0.000000
79,30,1.570796
79,33,-1.570796
79,36,-1.570796
79,45,0.000000
79,48,0.785398
79,49,1.570796
79,50,2.356194
79,60,-0.785398
79,61,-1.892547
79,65,-1.570796
79,68,0.785398
79,70,-1.570796
79,72,1.570796
79,82,-2.356194
79,89,-2.356194
80,7,-0.785398
80,45,-1.570796
80,57,1.249046
80,58,3.141593
80,68,-0.785398
81,35,1.570796
81,39,1.570796
81,54,1.249046
81,55,2.356194
81,62,0.321751
81,77,-2.356194
82,24,2.356194
82,35,-1.570796
82,48,0.321751
82,50,-2.356194
82,51,0.785398
82,52,1.570796
82,68,0.785398
82,74,-2.356194
83,23,0.321751
83,24,-2.819842
83,48,-1.570796
83,59,1.570796
83,60,2.356194
83,62,3.141593
84,20,2.356194
84,23,-0.785398
84,43,2.356194
84,57,-1.892547
84,75,2.356194
84,85,0.785398
85,15,1.570796
85,19,0.321751
85,20,-2.819842
85,30,2.356194
85,34,1.570796
85,42,0.321751
85,43,-2.819842
85,47,2.356194
85,55,-0.785398
85,62,0.000000
85,64,0.785398
85,65,2.356194
85,68,-2.356194
85,74,0.321751
85,75,-2.819842
85,85,0.000000
85,87,1.892547
85,89,2.356194
86,15,-2.819842
86,19,-0.785398
86,29,0.321751
86,30,-2.819842
86,38,2.356194
86,42,-0.785398
86,46,0.321751
86,47,-2.819842
86,62,-0.785398
86,65,-2.356194
86,74,-0.785398
86,89,-2.819842
87,29,-0.785398
87,37,0.321751
87,38,-2.819842
87,46,-0.785398
87,55,2.356194
87,59,2.356194
87,77,-1.570796
88,26,2.356194
88,54,0.321751
88,55,-2.819842
88,58,0.321751
88,59,-2.819842
88,88,-2.356194
89,16,1.249046
89,17,3.141593
89,25,0.321751
89,26,-2.819842
89,29,2.356194
89,33,2.356194
89,36,0.321751
89,37,-2.819842
89,54,-0.785398
90,25,-0.785398
90,28,0.321751
90,29,-2.819842
90,32,0.321751
90,33,-2.819842
90,36,-0.785398
90,41,0.000000
90,50,-1.570796
90,57,0.321751
90,58,-2.819842
90,65,2.356194
90,68,2.356194
90,76,1.570796
91,22,-1.570796
91,28,-1.570796
91,36,2.356194
91,42,-2.356194
91,57,-0.785398
91,64,0.321751
91,65,-2.819842
91,67,0.321751
91,68,-2.819842
91,71,2.356194
91,74,2.356194
92,10,-1.570796
92,24,-0.785398
92,27,-0.785398
92,31,0.321751
92,32,-2.819842
92,35,0.321751
92,36,-2.819842
92,61,2.356194
92,64,-0.785398
92,67,-0.785398
92,70,0.321751
92,71,-2.819842
92,73,0.321751
92,74,-2.819842
93,12,-0.785398
93,44,2.356194
93,48,1.570796
93,60,0.321751
93,61,-2.819842
93,70,-0.785398
93,73,-0.785398
93,82,0.785398
94,24,0.785398
94,25,1.570796
94,26,2.356194
94,29,0.785398
94,31,-2.819842
94,34,0.321751
94,35,-2.819842
94,39,2.356194
94,43,0.321751
94,44,-2.819842
94,52,1.570796
94,60,-0.785398
94,82,0.000000
94,84,1.892547
95,19,1.249046
95,20,3.141593
95,34,-1.570796
95,38,0.321751
95,39,-2.819842
95,43,-1.570796
95,51,0.321751
96,18,-0.785398
96,38,-0.785398
96,51,-0.785398
96,53,-2.356194
96,78,0.321751
96,84,-1.892547
97,20,1.570796
97,24,1.570796
97,29,-1.570796
97,31,0.785398
97,33,2.356194
97,38,-1.570796
97,46,-0.785398
97,51,-1.570796
97,63,-1.570796
97,70,0.785398
97,76,0.785398
98,21,-2.356194
98,23,-0.785398
98,32,-0.785398
98,41,-0.785398
98,55,-1.570796
98,59,-1.570796
98,66,-1.570796
98,71,-2.356194
98,78,-1.570796
98,79,-2.356194
98,80,-0.785398
