15,59,1.249046
15,60,2.356194
16,47,0.785398
16,48,1.570796
16,49,2.356194
16,53,0.785398
16,54,1.570796
16,55,2.356194
17,29,1.249046
17,30,3.141593
17,59,-2.356194
19,77,3.141593
21,19,1.249046
21,20,3.141593
21,27,-1.570796
23,79,3.141593
25,15,0.321751
26,15,-0.785398
28,53,0.321751
28,55,2.819842
29,53,-0.785398
30,35,0.785398
30,40,1.249046
30,42,1.892547
30,50,1.892547
30,56,2.819842
31,15,2.356194
31,35,0.000000
31,46,-0.785398
31,52,2.356194
31,53,-0.785398
31,54,-1.892547
31,56,-2.356194
32,42,-1.892547
32,44,1.570796
32,56,0.785398
32,61,-2.356194
32,64,-2.356194
33,33,1.249046
33,44,-0.785398
33,45,-2.356194
33,51,-2.819842
33,57,-2.356194
34,12,0.321751
34,32,0.321751
34,39,-1.570796
34,47,0.000000
34,48,0.000000
34,53,1.570796
34,59,-1.570796
35,12,-1.570796
35,37,0.000000
35,38,0.000000
35,49,-0.785398
35,53,-1.570796
35,60,0.785398
35,61,2.356194
35,66,-1.892547
35,82,3.141593
36,34,-1.892547
36,36,-0.785398
36,60,-1.570796
37,37,-2.356194
37,39,-1.570796
37,55,0.000000
37,56,3.141593
37,64,0.000000
37,78,0.321751
38,29,-0.785398
38,31,-2.356194
38,42,-1.570796
38,44,1.570796
38,50,1.570796
38,63,-0.785398
38,65,0.785398
38,66,2.356194
38,67,0.785398
38,68,1.570796
38,69,2.356194
38,73,0.785398
38,74,1.892547
39,30,-0.785398
39,39,2.356194
39,56,2.356194
39,58,-0.785398
39,65,-0.785398
39,76,1.570796
39,78,3.141593
40,23,0.000000
40,24,1.570796
40,26,1.570796
40,27,2.356194
40,31,-2.356194
40,38,-0.785398
40,44,-1.570796
40,62,0.000000
40,63,3.141593
40,65,-1.570796
41,46,1.570796
41,52,1.570796
41,58,1.570796
41,69,0.000000
41,71,0.785398
41,78,3.141593
42,10,0.321751
42,12,3.141593
42,31,1.570796
42,46,-1.570796
42,52,-1.570796
42,55,-1.570796
42,86,2.356194
43,10,-0.785398
43,28,2.356194
43,39,1.570796
43,49,-1.570796
43,78,-2.819842
44,22,-0.785398
44,28,-2.819842
44,55,2.356194
44,58,-1.570796
44,68,1.570796
44,74,0.785398
44,75,1.570796
44,77,-1.892547
45,24,-1.892547
45,26,-0.785398
45,27,-1.892547
45,33,1.570796
45,36,1.570796
45,42,1.570796
45,51,1.570796
45,68,-1.570796
46,16,0.785398
46,17,2.356194
46,33,2.356194
46,54,-1.570796
46,72,1.570796
46,74,0.785398
47,16,-0.785398
47,27,2.356194
47,32,0.321751
47,33,-2.819842
47,39,-1.570796
47,42,-1.570796
47,51,-1.570796
47,56,1.570796
47,63,0.000000
47,67,1.570796
47,78,2.356194
47,81,-0.785398
47,82,-1.892547
47,87,2.356194
48,26,-0.785398
48,32,-0.785398
48,53,1.570796
48,56,-1.570796
48,67,-1.570796
49,32,-1.570796
49,36,-1.570796
49,38,1.570796
49,51,2.356194
49,53,-1.570796
49,59,1.570796
49,72,-1.570796
49,74,0.000000
49,75,0.000000
50,38,-1.570796
50,61,1.570796
50,76,-0.785398
50,77,-1.570796
50,79,1.570796
50,80,2.356194
51,25,3.141593
51,31,1.570796
51,55,1.570796
51,61,-1.570796
51,63,1.570796
51,68,1.570796
51,83,-0.785398
51,84,-1.892547
52,10,0.785398
52,31,2.356194
52,50,-1.570796
52,55,2.356194
52,58,2.356194
52,65,1.570796
52,71,2.356194
52,79,2.356194
53,10,0.000000
53,27,1.570796
53,30,0.321751
53,37,3.141593
53,52,0.000000
53,54,-0.785398
53,57,0.321751
53,58,-2.819842
53,60,1.570796
53,63,-1.570796
53,79,-2.356194
54,10,-0.785398
54,24,3.141593
54,27,-2.819842
54,30,-0.785398
54,32,-2.356194
54,35,3.141593
54,57,-0.785398
54,68,-1.570796
54,70,-1.570796
54,73,1.570796
54,77,-0.785398
54,80,0.000000
54,81,1.892547
55,21,0.000000
55,22,-1.892547
55,34,-0.785398
55,48,1.570796
55,51,1.570796
55,57,-1.570796
55,59,-0.785398
55,62,1.570796
55,84,0.785398
55,85,1.892547
56,25,-1.570796
56,30,-1.570796
56,34,2.356194
56,48,-1.570796
56,62,2.356194
56,67,1.570796
56,78,1.570796
57,9,0.321751
57,11,-2.356194
57,50,-0.785398
57,61,0.321751
57,62,-2.819842
57,64,-0.785398
57,67,-1.570796
57,75,1.570796
57,78,0.000000
58,9,-0.785398
58,61,-0.785398
58,69,1.570796
59,21,1.249046
59,22,3.141593
59,32,-2.819842
59,35,0.000000
59,36,3.141593
59,61,-1.570796
59,63,1.570796
59,69,-1.570796
59,78,-0.785398
59,85,-1.249046
59,88,2.819842
60,9,0.785398
60,20,0.000000
60,21,-1.892547
60,26,3.141593
60,30,0.000000
60,31,-1.892547
60,43,2.356194
60,46,2.356194
60,63,-1.570796
60,74,-0.785398
60,88,-2.356194
61,9,0.000000
61,18,0.785398
61,19,2.356194
61,42,-0.785398
61,54,1.570796
61,60,2.356194
61,68,1.570796
61,77,-1.570796
61,81,-0.785398
61,82,-2.356194
61,83,0.785398
61,84,1.892547
62,9,-0.785398
62,19,-1.570796
62,23,3.141593
62,36,0.000000
62,38,3.141593
62,48,2.356194
62,54,-1.570796
62,56,0.000000
62,57,3.141593
62,59,-0.785398
62,68,-1.570796
62,71,-1.570796
62,86,2.356194
62,87,-0.785398
62,89,2.819842
63,20,1.570796
63,22,-1.570796
63,47,-0.785398
63,50,1.570796
63,64,1.570796
63,73,1.570796
63,82,0.785398
63,89,-2.356194
64,20,-0.785398
64,21,-2.356194
64,34,1.570796
64,64,-1.570796
64,73,-1.570796
64,77,0.785398
64,89,2.356194
65,24,1.249046
65,25,3.141593
65,30,3.141593
65,37,1.570796
65,55,1.570796
65,58,2.356194
65,75,-0.785398
65,78,-1.249046
65,85,3.141593
66,23,0.000000
66,24,-1.892547
66,28,1.570796
66,33,1.570796
66,39,2.356194
66,45,2.356194
66,49,2.356194
66,51,1.570796
66,57,-0.785398
66,60,1.570796
66,80,-1.249046
66,81,-2.356194
66,82,0.785398
66,86,0.000000
67,28,-2.819842
67,32,0.000000
67,42,3.141593
67,44,0.321751
67,45,-2.819842
67,48,0.321751
67,51,2.356194
67,62,1.570796
67,65,1.570796
67,72,2.356194
68,17,0.321751
68,20,3.141593
68,26,0.000000
68,27,-1.892547
68,37,0.000000
68,40,-0.785398
68,44,-1.570796
68,48,-0.785398
68,51,-2.819842
68,53,-0.785398
68,65,2.356194
68,68,2.356194
68,71,0.785398
69,24,1.249046
69,25,3.141593
69,29,1.249046
69,30,3.141593
69,35,1.249046
69,36,3.141593
69,64,0.321751
69,65,-2.819842
69,71,0.000000
69,73,0.785398
69,79,1.892547
69,90,2.356194
70,14,1.249046
70,15,2.356194
70,16,-0.785398
70,17,-1.570796
70,18,-2.356194
70,28,0.000000
70,29,-1.892547
70,35,-1.892547
70,42,1.570796
70,49,-0.785398
70,59,2.356194
70,64,-0.785398
70,74,-2.356194
70,81,2.356194
70,83,0.785398
70,90,3.141593
71,22,-0.785398
71,23,-1.892547
71,27,1.570796
71,33,-1.570796
71,38,1.249046
71,39,2.356194
71,42,-2.819842
71,49,2.356194
71,52,2.356194
71,58,0.000000
71,59,-2.356194
71,61,2.356194
71,67,2.356194
71,70,0.321751
71,71,-2.819842
71,84,-1.249046
71,85,-2.356194
71,90,-2.356194
72,26,0.321751
72,27,-2.819842
72,37,-0.785398
72,38,-1.892547
72,44,1.249046
72,45,2.356194
72,48,0.000000
72,49,-2.356194
72,51,0.785398
72,54,2.356194
72,61,-2.819842
72,66,0.321751
72,67,-2.819842
72,70,-1.570796
72,80,-2.356194
72,90,2.356194
73,9,0.785398
73,19,3.141593
73,40,-0.785398
73,43,0.321751
73,50,0.000000
73,52,0.000000
73,53,2.356194
73,60,-1.570796
73,66,-0.785398
73,73,0.321751
73,83,0.785398
73,84,1.892547
73,87,-0.785398
73,88,-2.356194
73,90,3.141593
74,9,-0.321751
74,22,1.249046
74,23,2.356194
74,33,3.141593
74,40,2.356194
74,43,-1.570796
74,46,0.321751
74,53,-2.356194
74,63,2.356194
74,66,-1.570796
74,69,2.356194
74,73,-0.785398
74,76,-2.356194
74,84,-1.249046
74,86,2.356194
74,90,-2.356194
75,17,0.321751
75,20,2.356194
75,21,-0.785398
75,22,-1.892547
75,32,-1.570796
75,38,0.000000
75,39,-0.785398
75,40,-2.356194
75,42,1.570796
75,46,-1.570796
75,48,0.785398
75,49,3.141593
75,62,0.321751
75,63,-2.819842
75,68,0.321751
75,69,-2.819842
75,71,1.570796
75,90,2.356194
76,25,0.000000
76,26,-1.892547
76,42,-2.819842
76,45,1.570796
76,55,1.570796
76,58,0.785398
76,62,-1.570796
76,65,1.570796
76,68,-0.785398
76,71,-1.570796
76,73,0.785398
76,77,-2.356194
76,83,0.785398
76,84,1.892547
76,90,-2.819842
77,10,2.356194
77,16,0.321751
77,19,-2.356194
77,23,0.000000
77,28,1.249046
77,29,3.141593
77,41,-0.785398
77,44,0.321751
77,45,-2.819842
77,47,0.321751
77,49,3.141593
77,51,0.000000
77,52,-1.570796
77,65,2.356194
77,73,0.000000
77,75,-1.892547
77,84,-1.249046
78,32,1.249046
78,33,2.356194
78,44,-1.570796
78,47,-1.570796
78,50,0.000000
78,56,0.000000
78,63,1.570796
79,8,0.321751
79,42,0.785398
79,43,3.141593
79,46,1.570796
79,60,-0.785398
79,67,0.321751
79,69,2.819842
79,73,-0.785398
79,74,-2.356194
79,83,0.785398
79,89,3.141593
80,8,-0.785398
80,19,3.141593
80,22,2.356194
80,26,-1.892547
80,35,2.356194
80,45,0.321751
80,46,-2.819842
80,50,2.356194
80,63,0.000000
80,67,-1.570796
80,72,1.570796
80,84,0.785398
80,86,2.356194
80,89,-2.356194
81,24,-0.785398
81,34,0.000000
81,40,1.249046
81,42,-2.356194
81,45,-1.570796
81,49,0.000000
81,50,-2.356194
81,56,2.356194
81,63,-1.570796
81,65,0.785398
81,66,3.141593
81,69,0.000000
81,72,-2.819842
81,84,-1.570796
81,86,-1.570796
81,89,2.356194
82,14,0.321751
82,24,0.000000
82,27,1.249046
82,29,-1.892547
82,39,0.000000
82,40,-1.892547
82,47,1.249046
82,48,3.141593
82,51,0.000000
82,56,-2.819842
82,65,-0.785398
82,82,0.000000
82,87,0.000000
82,89,-2.819842
83,23,1.570796
83,25,0.000000
83,31,1.249046
83,32,3.141593
83,36,1.249046
83,37,2.356194
83,42,0.321751
83,45,0.785398
83,47,-1.892547
83,51,2.356194
83,69,-0.785398
83,71,-1.570796
83,72,-2.356194
83,79,0.785398
83,80,1.892547
84,22,0.321751
84,23,-2.819842
84,30,0.000000
84,31,-1.892547
84,35,0.321751
84,45,-0.785398
84,50,0.000000
84,51,-2.356194
84,58,2.356194
84,80,-1.249046
84,85,-2.356194
84,86,0.785398
84,88,-2.819842
85,41,-0.785398
85,42,-2.356194
85,45,2.356194
85,49,1.570796
85,57,0.321751
85,58,-2.819842
85,61,2.356194
86,18,0.000000
86,21,0.321751
86,22,-2.819842
86,25,1.570796
86,34,-0.785398
86,35,-2.356194
86,48,0.000000
86,52,-0.785398
86,57,-1.570796
86,60,0.321751
86,61,-2.819842
86,65,0.785398
86,87,3.141593
87,17,1.570796
87,21,-1.570796
87,24,0.321751
87,25,-2.819842
87,32,0.785398
87,38,3.141593
87,47,1.570796
87,52,2.356194
87,75,0.000000
87,76,1.892547
87,78,1.570796
88,17,-2.819842
88,20,0.000000
88,47,-2.819842
88,52,-2.819842
88,59,0.321751
88,60,-2.819842
88,64,0.000000
88,69,3.141593
88,76,-1.249046
88,88,2.819842
89,20,0.000000
89,23,0.321751
89,24,-2.819842
89,27,1.570796
89,34,0.785398
89,35,3.141593
89,50,0.000000
89,59,-0.785398
89,63,1.570796
89,79,2.819842
89,83,0.000000
89,84,-1.892547
89,88,-2.356194
90,26,0.321751
90,27,-2.819842
90,31,2.356194
90,44,0.321751
90,49,1.570796
90,52,0.000000
90,53,1.570796
90,54,3.141593
90,59,0.785398
90,63,3.141593
90,67,-1.570796
90,73,2.356194
90,79,-1.570796
91,13,0.321751
91,23,-2.819842
91,30,0.321751
91,31,-2.819842
91,33,0.321751
91,34,-2.819842
91,44,-1.570796
91,48,0.321751
91,49,-2.819842
91,61,2.356194
91,63,-1.570796
91,69,1.570796
91,71,0.000000
91,77,1.570796
91,80,0.000000
91,81,2.356194
92,25,0.321751
92,26,-2.819842
92,30,-1.570796
92,33,-0.785398
92,36,-0.785398
92,39,-2.356194
92,56,0.785398
92,57,1.570796
92,64,0.785398
92,65,3.141593
92,77,0.785398
92,81,-2.356194
93,22,-2.819842
93,25,-0.785398
93,29,1.570796
93,36,2.356194
93,39,0.000000
93,42,-1.570796
93,46,0.785398
93,50,1.570796
93,51,2.356194
93,61,-2.819842
93,64,-0.785398
93,75,1.570796
93,77,-0.321751
93,78,2.819842
93,88,2.356194
94,28,0.321751
94,29,-2.819842
94,35,0.321751
94,38,1.570796
94,40,0.000000
94,41,2.356194
94,60,-1.570796
94,73,1.570796
94,78,-2.356194
94,88,-2.819842
95,28,-0.785398
95,32,2.356194
95,35,-0.785398
95,38,-2.819842
95,41,-2.356194
95,59,1.570796
95,63,1.570796
95,78,0.785398
96,15,0.000000
96,16,1.570796
96,31,0.321751
96,32,-2.819842
96,37,-0.785398
96,45,0.785398
96,46,2.356194
96,58,0.321751
96,59,-2.819842
96,62,0.321751
96,63,-2.819842
96,70,1.570796
96,78,-0.321751
96,85,0.000000
96,86,-1.892547
97,22,0.785398
97,24,2.356194
97,31,-0.785398
97,46,-2.356194
97,49,-1.570796
97,58,-0.785398
97,62,-1.570796
97,79,-1.249046
97,81,-1.570796
97,82,-2.356194
98,28,-1.570796
98,31,-1.570796
98,34,-1.570796
98,37,-1.570796
98,40,-1.570796
98,42,-0.785398
98,46,-1.570796
98,52,-1.570796
98,55,-1.570796
98,58,-1.570796
98,61,-0.785398
98,67,-1.570796
98,70,-1.570796
98,73,-1.570796
98,76,-1.570796
