6,37,1.249046
6,38,2.356194
7,63,1.570796
8,28,1.249046
8,29,3.141593
8,37,-1.570796
8,55,2.356194
8,61,0.785398
8,78,1.570796
9,47,1.892547
10,19,1.249046
10,20,2.356194
10,26,-0.785398
10,38,0.785398
10,52,1.570796
10,54,3.141593
11,15,1.249046
11,16,2.356194
11,18,-0.785398
11,38,0.000000
12,14,0.321751
12,29,0.000000
12,30,1.570796
12,32,1.892547
12,74,1.249046
13,14,-1.570796
13,38,-0.321751
13,41,-2.356194
13,56,1.570796
13,67,0.785398
13,73,0.000000
13,74,-1.892547
13,76,-2.356194
14,29,0.321751
14,32,-1.892547
14,70,2.356194
14,85,2.356194
15,29,-0.785398
15,45,2.356194
15,51,-2.356194
15,54,-0.321751
15,58,-2.356194
15,66,0.785398
16,42,-0.785398
16,47,-2.356194
16,68,-1.892547
16,70,1.570796
16,76,2.356194
17,31,0.000000
17,32,1.570796
17,33,2.356194
17,34,-0.785398
17,44,-2.356194
17,47,0.785398
17,52,-2.356194
17,53,0.785398
17,70,-0.321751
17,72,2.356194
17,74,0.785398
18,62,-1.570796
18,63,-2.356194
18,64,-0.785398
18,77,-2.356194
18,78,0.785398
18,79,1.570796
18,80,2.356194
18,81,-0.785398
18,82,-1.892547
19,27,1.570796
19,43,0.785398
19,50,-2.356194
19,57,2.356194
19,66,1.570796
20,13,0.785398
20,27,-0.321751
20,29,2.356194
20,30,0.785398
20,37,-2.356194
20,40,2.356194
20,43,0.000000
20,45,-0.785398
20,50,0.785398
20,60,-2.356194
20,68,1.892547
21,13,-0.785398
21,14,3.141593
21,50,-0.785398
21,51,-2.356194
21,52,0.785398
21,72,-0.785398
21,73,-1.570796
21,75,-2.356194
21,79,2.356194
22,27,0.321751
22,31,-1.892547
22,43,3.141593
22,48,0.000000
22,55,-2.356194
22,61,1.570796
22,79,3.141593
23,35,-0.321751
23,38,1.249046
23,46,1.249046
23,47,3.141593
23,53,0.785398
23,63,2.356194
23,67,-0.785398
23,87,3.141593
24,26,0.000000
24,27,-1.570796
24,46,-1.892547
24,55,-1.570796
24,57,1.570796
24,69,-1.249046
24,70,-2.356194
24,72,0.785398
24,73,1.892547
24,78,0.321751
24,84,0.000000
24,85,-1.892547
25,24,2.356194
25,44,-1.892547
25,51,1.249046
25,53,-1.892547
25,73,-1.249046
25,74,-2.356194
25,83,2.356194
26,12,0.785398
26,34,1.249046
26,35,3.141593
26,37,-1.249046
26,38,3.141593
26,57,0.000000
27,12,-0.785398
27,13,3.141593
27,21,0.785398
27,24,2.819842
27,32,1.249046
27,34,-1.892547
27,47,1.249046
27,48,3.141593
27,51,-1.249046
27,52,3.141593
27,57,-1.570796
27,59,-1.249046
27,61,-1.892547
27,79,-1.249046
27,81,-1.570796
27,89,2.356194
28,55,1.249046
28,56,3.141593
28,69,0.785398
28,70,1.570796
28,71,2.356194
28,77,-2.356194
28,87,0.785398
28,89,-2.819842
29,33,0.000000
29,34,1.892547
29,44,1.249046
29,46,-1.892547
29,55,-1.892547
29,75,-1.249046
29,76,-2.356194
29,86,0.785398
30,31,-2.356194
30,34,-1.249046
30,35,-2.356194
30,38,-1.570796
30,42,0.000000
30,64,2.356194
30,69,0.000000
30,86,0.000000
30,88,3.141593
31,27,1.249046
31,28,3.141593
31,31,-1.570796
31,46,2.356194
31,48,0.785398
31,58,2.356194
31,62,1.249046
31,63,3.141593
31,68,0.785398
31,74,0.000000
31,76,3.141593
31,88,-1.570796
32,42,0.785398
32,57,-0.785398
32,61,0.000000
32,62,-1.892547
32,68,-0.321751
32,82,1.249046
32,83,2.356194
32,85,-0.785398
33,12,3.141593
33,34,2.356194
33,38,1.570796
33,43,0.785398
33,48,1.570796
33,51,2.356194
33,60,-0.785398
33,65,3.141593
33,69,-1.249046
33,70,-2.356194
33,71,3.141593
33,81,0.321751
34,9,0.321751
34,23,0.785398
34,27,2.356194
34,36,2.356194
34,38,3.141593
34,43,-1.570796
34,50,0.000000
34,81,-0.785398
35,9,-1.570796
35,31,1.249046
35,33,-1.570796
35,35,-1.892547
35,38,-2.356194
35,45,-0.785398
35,49,-2.356194
35,53,-0.785398
35,61,0.000000
35,81,2.356194
36,28,-1.570796
36,48,-2.356194
36,76,0.785398
36,77,1.570796
36,78,2.356194
37,25,-1.570796
37,44,-0.785398
37,51,2.356194
37,72,1.249046
37,73,2.356194
37,84,0.785398
37,85,1.892547
37,88,0.321751
37,90,2.819842
38,17,0.000000
38,18,1.570796
38,36,0.000000
38,37,-1.570796
38,38,-2.356194
38,49,1.249046
38,60,2.356194
38,66,2.356194
38,70,1.249046
38,72,-1.892547
38,81,-0.785398
38,90,-2.356194
39,20,-2.356194
39,41,1.570796
39,51,2.356194
39,69,0.321751
39,90,2.356194
40,18,0.000000
40,22,-0.785398
40,41,-1.570796
40,44,1.249046
40,45,3.141593
40,50,-0.785398
40,86,-1.570796
40,88,-1.249046
40,90,3.141593
41,18,-0.785398
41,26,3.141593
41,31,1.249046
41,32,3.141593
41,43,0.000000
41,44,-1.892547
41,57,-0.785398
41,62,0.000000
41,66,-1.570796
41,69,-2.819842
41,74,-0.785398
41,78,-1.892547
41,83,-2.356194
41,84,0.785398
41,85,2.356194
41,90,-2.356194
42,25,-1.570796
42,30,0.000000
42,31,-1.892547
42,76,-1.892547
42,85,-1.570796
42,90,2.356194
43,18,2.356194
43,24,3.141593
43,41,0.785398
43,45,1.249046
43,46,3.141593
43,74,0.785398
43,78,1.249046
43,79,2.356194
43,80,-0.785398
43,87,0.785398
43,88,1.570796
44,8,0.785398
44,14,1.249046
44,15,2.356194
44,18,-2.819842
44,23,-1.570796
44,27,1.249046
44,28,3.141593
44,36,0.000000
44,37,3.141593
44,44,-0.785398
44,45,-1.892547
44,49,0.785398
44,66,-0.785398
44,77,-0.785398
44,78,-1.892547
44,91,2.819842
45,8,0.000000
45,22,3.141593
45,33,3.141593
45,40,0.000000
45,41,-1.892547
45,50,-2.356194
45,64,-1.892547
46,8,-0.785398
46,14,-1.249046
46,16,-1.892547
46,21,-0.785398
46,25,0.321751
46,31,0.785398
46,39,1.570796
46,47,2.356194
46,59,1.249046
46,75,-2.356194
46,91,-2.819842
47,25,-1.570796
47,32,-2.356194
47,35,0.785398
47,38,0.000000
47,56,1.249046
47,64,1.249046
47,65,2.356194
47,66,-0.785398
47,67,-1.892547
47,73,-0.785398
47,80,0.000000
47,86,1.249046
47,87,3.141593
48,19,0.000000
48,36,0.785398
48,37,3.141593
48,44,-0.785398
48,54,1.249046
48,56,-1.892547
48,63,0.000000
48,64,-1.892547
48,81,-1.570796
48,85,0.000000
49,27,-0.785398
49,31,1.570796
49,36,-1.570796
49,52,2.356194
49,62,-2.356194
49,70,1.249046
49,71,2.356194
49,77,0.000000
49,83,0.785398
49,84,2.356194
49,87,1.570796
50,8,2.356194
50,17,1.570796
50,31,0.000000
50,34,1.249046
50,35,3.141593
50,54,-2.356194
50,68,1.249046
50,70,-1.892547
50,79,1.570796
50,84,-2.356194
50,87,-0.321751
50,91,-1.570796
51,7,0.321751
51,22,-1.570796
51,30,0.785398
51,53,2.356194
51,63,1.570796
51,64,2.356194
51,79,-0.321751
52,7,-0.785398
52,16,1.570796
52,41,2.356194
52,53,-1.570796
52,55,1.249046
52,60,-0.785398
52,61,-1.892547
52,68,-1.570796
52,90,2.819842
53,12,0.785398
53,13,1.570796
53,14,2.356194
53,15,-0.785398
53,27,2.356194
53,35,0.000000
53,36,3.141593
53,39,1.249046
53,40,3.141593
53,43,0.785398
53,47,1.249046
53,48,2.356194
53,69,1.570796
53,72,2.356194
53,76,0.000000
53,77,0.785398
53,78,1.892547
53,82,-2.356194
53,86,1.570796
53,90,-2.356194
54,20,1.570796
54,26,-0.785398
54,52,1.570796
54,61,0.785398
54,62,2.356194
54,69,0.000000
54,78,-1.249046
54,80,3.141593
54,86,-0.321751
54,87,2.819842
55,20,-1.570796
55,37,0.000000
55,38,-1.892547
55,58,-1.249046
55,69,-1.570796
55,80,-2.356194
55,87,-2.356194
56,15,1.570796
56,45,-2.356194
56,54,-2.819842
56,62,-1.570796
56,64,1.570796
56,66,1.892547
56,68,1.570796
56,75,0.785398
56,80,2.356194
56,84,1.570796
56,91,-2.356194
57,15,-0.321751
57,17,2.356194
57,24,3.141593
57,35,0.000000
57,40,1.249046
57,44,0.000000
57,52,0.000000
57,53,-1.892547
57,60,-0.785398
57,68,3.141593
57,76,1.570796
57,79,-0.785398
57,80,-2.356194
58,18,-2.356194
58,39,0.321751
58,45,0.785398
58,47,-1.892547
58,60,0.785398
58,68,-1.570796
58,81,1.570796
58,87,2.356194
59,21,1.570796
59,36,0.785398
59,42,-2.819842
59,45,-1.570796
59,50,0.000000
59,62,-0.785398
59,63,-1.892547
59,70,2.356194
59,78,2.819842
59,81,-0.321751
59,82,2.819842
59,91,1.570796
60,15,1.570796
60,21,-2.819842
60,26,2.356194
60,32,-0.785398
60,36,-0.785398
60,59,0.000000
60,60,-1.892547
60,68,-0.785398
60,69,-1.892547
60,73,0.785398
60,74,2.356194
60,84,1.249046
60,88,0.000000
60,89,1.892547
60,91,2.356194
61,13,1.249046
61,47,0.000000
61,50,-0.785398
61,56,0.785398
61,57,1.570796
61,58,3.141593
61,63,1.249046
61,64,2.356194
61,65,-0.785398
61,66,-1.892547
61,78,-0.321751
61,79,2.819842
61,82,-0.321751
61,91,-2.819842
62,18,0.321751
62,33,2.356194
62,41,0.000000
62,44,0.000000
62,48,2.356194
62,53,-0.785398
62,60,1.249046
62,61,2.356194
62,62,-0.785398
62,63,-1.892547
62,74,-0.321751
62,75,2.819842
62,79,-1.570796
62,87,2.819842
63,18,-0.785398
63,24,-1.570796
63,26,0.000000
63,28,3.141593
63,43,-2.356194
63,47,0.000000
63,51,2.356194
63,57,0.000000
63,59,-0.785398
63,60,-1.892547
63,80,1.570796
63,83,-0.785398
64,18,-1.570796
64,30,0.785398
64,32,-2.819842
64,37,-0.785398
64,50,-0.785398
64,65,0.785398
64,66,1.570796
64,68,1.892547
64,75,-0.321751
64,76,2.819842
64,80,-0.321751
64,81,2.819842
64,87,-0.321751
64,88,2.819842
65,7,0.785398
65,28,1.249046
65,35,-0.785398
65,39,-1.249046
65,40,-2.356194
65,62,1.249046
65,64,2.356194
65,70,0.785398
65,76,-2.356194
65,81,-2.356194
65,88,-1.570796
66,7,-0.321751
66,44,0.000000
66,54,0.000000
66,55,-0.785398
66,56,-1.892547
66,58,1.570796
66,61,0.000000
66,71,-1.570796
67,20,0.000000
67,22,3.141593
67,26,0.321751
67,42,2.356194
67,59,-2.356194
67,63,0.000000
67,65,-2.356194
67,68,-2.356194
67,72,0.000000
67,77,1.570796
67,85,0.000000
68,18,2.356194
68,26,-0.785398
68,31,1.570796
68,35,0.000000
68,36,0.000000
68,38,2.356194
68,41,-0.785398
68,68,0.785398
68,73,-2.356194
68,77,-0.321751
68,78,2.819842
68,89,-1.570796
69,26,-1.570796
69,64,1.570796
69,68,-0.321751
69,80,2.356194
69,84,-1.570796
70,32,-2.356194
70,53,0.000000
70,60,3.141593
70,64,-0.785398
70,65,-2.356194
70,66,3.141593
70,71,2.356194
70,72,-0.785398
70,74,2.819842
70,76,0.785398
70,90,0.785398
71,8,0.785398
71,17,0.000000
71,36,0.321751
71,63,-0.785398
71,74,-1.570796
71,82,0.785398
71,84,0.785398
71,88,1.570796
71,91,2.819842
72,8,0.000000
72,15,0.785398
72,16,2.356194
72,36,-1.570796
72,65,0.785398
72,70,0.785398
72,79,2.819842
72,82,-0.321751
72,85,-1.570796
72,88,-0.321751
72,91,-2.356194
73,8,-0.785398
73,16,-1.570796
73,23,1.570796
73,29,2.356194
73,60,0.000000
73,70,-0.321751
73,71,2.819842
73,83,-2.356194
73,89,-2.356194
74,17,-0.785398
74,28,-0.785398
74,32,0.785398
74,34,1.570796
74,64,0.785398
74,66,2.356194
74,71,-2.356194
74,79,-0.321751
74,82,1.570796
74,86,-1.570796
75,18,1.570796
75,23,-1.570796
75,33,-0.785398
75,47,0.000000
75,49,3.141593
75,61,-0.785398
75,82,3.141593
75,89,0.785398
76,19,3.141593
76,21,2.356194
76,27,1.570796
76,40,3.141593
76,67,-2.356194
76,90,-2.356194
77,20,0.000000
77,32,2.356194
77,38,1.570796
77,45,3.141593
77,51,1.570796
77,80,0.000000
77,82,-2.356194
77,84,1.249046
77,85,2.356194
77,86,0.785398
78,25,1.570796
78,27,-1.570796
78,37,0.321751
78,38,-2.819842
78,56,0.785398
78,63,-0.785398
78,72,2.356194
78,80,-0.785398
79,8,0.785398
79,15,1.249046
79,16,2.356194
79,25,-1.570796
79,31,-1.570796
79,37,-1.570796
79,43,-2.819842
79,50,1.570796
79,57,-1.570796
79,63,-1.570796
79,69,2.356194
79,76,2.356194
79,84,-2.356194
79,87,-0.321751
79,88,2.819842
79,90,1.570796
80,8,0.000000
80,18,3.141593
80,50,3.141593
80,54,-0.785398
80,68,-0.785398
80,75,-0.785398
80,76,-2.356194
80,80,2.356194
80,84,0.785398
80,90,2.356194
81,8,-0.785398
81,15,-1.249046
81,17,-1.892547
81,24,2.356194
81,40,0.000000
81,41,-0.785398
81,50,-2.356194
81,72,-0.785398
81,77,0.785398
81,78,2.356194
81,84,-0.321751
81,90,3.141593
82,23,-0.785398
82,28,0.000000
82,29,3.141593
82,63,0.785398
82,72,0.785398
82,77,-0.785398
82,81,2.819842
83,34,-0.785398
83,68,-1.570796
83,72,0.000000
83,77,0.000000
83,81,-2.356194
83,85,0.000000
83,90,-2.819842
84,23,3.141593
84,27,0.000000
84,28,3.141593
84,39,1.570796
84,45,3.141593
84,54,1.570796
84,72,-0.785398
84,75,0.000000
84,85,-0.785398
85,21,-0.785398
85,39,-1.570796
85,44,-0.785398
85,49,-1.570796
86,26,1.570796
86,77,-2.356194
87,26,-1.570796
87,43,3.141593
87,54,2.356194
87,68,1.570796
87,85,0.785398
88,31,2.356194
88,42,-0.785398
88,53,0.321751
88,54,-2.819842
88,85,-0.785398
88,86,3.141593
89,30,-0.785398
89,47,1.570796
89,53,-1.570796
89,59,2.356194
90,24,1.249046
90,25,2.356194
90,41,-0.785398
90,47,2.356194
90,57,1.249046
90,59,3.141593
90,68,2.356194
90,71,0.785398
91,11,0.785398
91,12,1.570796
91,13,2.356194
91,29,3.141593
91,46,0.321751
91,47,-2.819842
91,56,0.321751
91,59,-2.356194
91,68,-2.819842
91,71,-0.321751
91,72,2.819842
91,87,0.321751
92,46,-0.785398
92,56,-0.785398
92,66,0.321751
92,72,-2.356194
92,83,0.785398
93,37,1.570796
93,56,2.356194
93,72,2.356194
93,83,0.000000
93,90,2.356194
94,27,0.000000
94,28,3.141593
94,34,2.356194
94,37,0.785398
94,45,-0.785398
94,55,0.321751
94,56,-2.819842
94,63,0.785398
94,66,-2.819842
94,71,0.000000
94,72,-2.356194
94,75,1.570796
94,83,-0.785398
94,87,-1.249046
94,90,-2.819842
95,33,-0.785398
95,37,-0.321751
95,38,2.819842
95,58,0.321751
95,61,1.892547
95,65,-1.892547
95,73,0.000000
95,75,-2.819842
96,18,-0.785398
96,38,-2.356194
96,44,2.356194
96,49,2.356194
96,54,0.321751
96,55,-2.819842
96,58,-0.785398
96,63,-1.892547
96,70,0.785398
96,83,0.785398
96,88,1.570796
97,25,3.141593
97,33,1.570796
97,38,-1.570796
97,42,0.000000
97,48,-0.785398
97,51,0.000000
97,54,-1.570796
97,58,-1.570796
97,61,-0.785398
97,71,3.141593
97,74,2.356194
97,79,-1.570796
97,84,-2.356194
97,87,-0.785398
98,33,-1.570796
98,50,-0.785398
98,61,-1.570796
98,73,-0.785398
