13,47,1.249046
13,48,2.356194
13,50,0.785398
13,51,1.892547
14,33,0.785398
14,34,1.570796
14,35,2.356194
15,47,-2.356194
15,51,-0.785398
16,69,2.356194
17,74,0.785398
18,12,0.321751
18,14,3.141593
18,75,-2.356194
19,12,-1.570796
20,11,1.570796
21,10,0.321751
21,11,-2.819842
22,10,-0.785398
22,76,3.141593
25,33,-1.892547
25,37,-2.819842
25,47,0.785398
26,47,0.000000
27,36,2.356194
27,47,-0.785398
27,49,1.570796
27,56,1.570796
27,58,-1.892547
28,35,-0.785398
28,51,-1.570796
28,52,3.141593
29,29,1.249046
29,30,2.356194
29,42,0.785398
29,43,1.570796
29,44,2.356194
29,46,-0.785398
29,47,-1.570796
29,49,-1.892547
29,53,-0.785398
29,54,-1.570796
30,24,0.785398
30,28,-0.785398
30,29,-1.892547
31,10,3.141593
31,45,3.141593
32,21,1.249046
32,22,2.356194
32,23,-0.785398
32,24,-1.892547
32,47,0.785398
32,79,3.141593
33,6,0.321751
33,12,0.000000
33,16,1.892547
33,20,-0.785398
33,21,-1.892547
33,28,1.249046
33,29,2.356194
33,44,3.141593
34,6,-0.785398
34,25,1.249046
34,26,2.356194
34,27,-0.785398
34,28,-1.892547
34,36,0.000000
34,62,-0.785398
34,63,-1.892547
35,24,-0.785398
35,25,-1.892547
36,15,-1.892547
36,20,1.249046
36,21,3.141593
36,35,2.356194
36,44,0.000000
37,12,0.321751
37,19,-0.785398
37,20,-1.892547
37,34,-0.785398
37,54,0.785398
37,55,2.356194
38,5,0.785398
38,12,-0.785398
38,15,2.356194
38,17,0.000000
38,44,1.570796
38,54,-0.785398
38,80,2.356194
39,5,-0.785398
39,6,3.141593
39,18,-2.356194
39,44,-1.570796
39,54,2.356194
40,13,-1.570796
40,51,0.000000
40,66,1.249046
40,68,1.570796
40,70,-1.892547
41,12,1.570796
41,18,1.570796
41,28,1.570796
41,54,-1.249046
41,55,-2.356194
41,57,0.785398
41,58,1.892547
42,12,-2.356194
42,18,-1.570796
42,22,1.570796
42,25,1.570796
42,28,-1.570796
42,32,1.570796
42,58,-1.249046
42,59,-2.356194
42,66,-1.249046
43,4,0.785398
43,25,-1.570796
43,36,1.570796
43,39,0.000000
43,40,3.141593
44,4,0.000000
44,8,-0.785398
44,9,-1.892547
44,23,-2.356194
44,29,1.570796
44,54,0.000000
44,63,0.000000
44,64,1.892547
45,4,-0.785398
45,15,2.356194
45,37,-2.356194
45,51,1.570796
45,64,-1.249046
45,65,3.141593
45,69,0.785398
45,70,1.892547
45,73,0.000000
45,74,-1.892547
46,14,0.000000
46,20,0.785398
46,33,-1.570796
46,67,0.785398
46,72,3.141593
47,14,0.785398
47,21,-2.356194
47,38,0.000000
47,46,0.000000
47,47,3.141593
47,51,-1.570796
48,8,0.785398
48,14,-0.321751
48,15,2.819842
48,18,1.570796
48,28,1.570796
48,31,1.570796
48,40,-2.356194
48,63,0.000000
48,64,1.892547
48,69,-1.249046
49,4,0.785398
49,6,1.249046
49,7,3.141593
49,9,-2.356194
49,15,-2.356194
49,28,-1.570796
49,31,-0.321751
49,32,2.819842
50,19,1.570796
50,32,-1.570796
50,37,0.000000
50,61,1.570796
51,13,2.356194
51,19,-0.321751
51,20,2.819842
51,33,-2.356194
51,39,-2.356194
52,12,0.321751
52,13,-2.819842
52,16,0.785398
52,20,-1.570796
52,24,0.785398
52,63,0.785398
52,64,1.892547
52,71,0.785398
52,72,1.892547
52,81,2.356194
53,5,0.321751
53,12,-0.785398
53,17,3.141593
53,33,0.785398
53,81,3.141593
54,22,1.570796
54,31,1.570796
54,38,0.000000
54,39,3.141593
54,62,0.785398
54,67,-2.356194
54,70,-1.249046
54,72,-1.892547
54,81,-2.356194
55,9,-1.570796
55,18,-1.570796
55,22,-0.321751
55,26,0.000000
55,27,1.892547
55,44,0.000000
55,46,3.141593
55,63,0.000000
56,3,0.321751
56,16,0.785398
56,20,1.570796
56,24,2.819842
56,28,2.819842
56,36,-1.570796
56,38,0.785398
57,3,-0.785398
57,6,-0.321751
57,7,2.819842
57,14,0.785398
57,24,-1.570796
57,28,-1.570796
57,40,3.141593
57,42,0.785398
57,49,0.000000
57,51,3.141593
57,65,-1.249046
57,66,-2.356194
58,7,-1.570796
58,11,1.570796
58,14,-0.321751
58,15,2.819842
58,21,-2.356194
58,29,0.000000
58,30,1.892547
58,34,0.000000
58,35,1.892547
58,43,-2.356194
58,60,0.000000
58,61,3.141593
58,81,2.356194
59,11,-0.321751
59,12,2.819842
59,30,-1.249046
59,31,3.141593
59,35,-1.249046
59,36,-2.356194
59,71,2.356194
59,81,3.141593
60,15,-0.321751
60,27,1.570796
60,32,0.000000
60,33,1.892547
60,38,-2.356194
60,61,2.356194
60,64,0.000000
60,81,-2.356194
61,3,0.785398
61,12,-0.321751
61,13,2.819842
61,28,3.141593
61,33,-1.249046
61,34,-2.356194
61,60,-0.785398
61,66,1.570796
61,70,-2.356194
62,3,0.000000
62,5,0.785398
62,6,1.570796
62,8,-1.570796
62,13,-2.356194
62,18,2.819842
62,24,0.000000
62,37,3.141593
62,39,0.785398
62,53,3.141593
62,66,0.000000
63,3,-0.785398
63,13,-1.570796
63,18,-1.570796
63,48,0.785398
63,49,1.570796
63,50,3.141593
63,69,-1.570796
63,72,0.785398
63,73,1.892547
63,81,2.356194
64,19,1.570796
64,24,3.141593
64,27,0.000000
64,28,1.892547
64,64,0.785398
64,70,0.000000
64,81,3.141593
65,3,0.785398
65,9,2.356194
65,20,3.141593
65,28,-1.249046
65,29,3.141593
65,50,-2.356194
65,54,3.141593
65,63,-0.785398
65,67,2.819842
65,71,-1.249046
65,73,-1.892547
65,81,-2.356194
66,3,-0.785398
66,9,-2.356194
66,44,0.785398
66,48,-1.892547
66,57,0.000000
66,58,0.000000
66,64,0.000000
66,67,-1.570796
67,6,-2.356194
67,9,0.785398
67,37,3.141593
67,64,0.785398
67,68,1.570796
68,9,-0.321751
68,24,0.000000
68,48,2.356194
68,52,3.141593
68,64,-0.321751
68,68,-0.785398
68,69,-2.356194
68,80,-0.785398
68,82,2.819842
69,22,0.000000
69,23,0.000000
69,32,3.141593
69,40,0.000000
69,44,-0.785398
69,45,-1.570796
69,47,-1.892547
69,54,0.000000
69,56,3.141593
69,60,-1.570796
69,62,1.892547
69,67,2.356194
69,82,-2.356194
70,17,2.819842
70,35,1.570796
70,50,0.000000
70,52,3.141593
70,67,-1.570796
71,9,1.892547
71,17,-1.570796
71,26,0.785398
71,27,1.892547
71,42,0.785398
71,48,3.141593
71,57,0.321751
71,58,-2.819842
72,2,0.321751
72,10,2.819842
72,13,-1.249046
72,14,3.141593
72,18,-0.785398
72,27,-1.249046
72,28,3.141593
72,40,1.570796
72,43,0.000000
72,44,1.570796
72,45,3.141593
72,62,-2.819842
72,65,1.570796
73,2,-0.785398
73,5,-0.785398
73,7,-1.570796
73,15,0.000000
73,19,-2.356194
73,23,0.000000
73,30,3.141593
73,40,0.785398
73,48,0.000000
73,51,0.785398
73,56,0.321751
73,59,1.570796
73,65,0.000000
73,69,0.785398
73,82,2.356194
74,12,1.892547
74,22,0.785398
74,26,0.785398
74,27,1.892547
74,36,-2.356194
74,41,-2.356194
74,43,-0.785398
74,56,-0.785398
74,62,-2.356194
74,65,-0.785398
74,69,-0.785398
74,70,-2.356194
74,82,3.141593
75,7,0.000000
75,12,-1.249046
75,13,3.141593
75,16,-0.785398
75,17,3.141593
75,20,2.356194
75,22,-0.321751
75,50,1.249046
75,56,0.785398
75,66,-0.785398
75,82,-2.356194
76,3,0.785398
76,5,-1.570796
76,14,0.000000
76,19,0.000000
76,23,-1.249046
76,24,-2.356194
76,32,0.000000
76,33,3.141593
76,35,0.000000
76,41,2.356194
76,43,0.000000
76,56,-0.785398
76,57,-2.356194
76,58,-0.785398
76,59,-1.570796
76,61,1.892547
76,68,-1.570796
77,3,-0.785398
77,7,0.000000
77,27,-1.249046
77,28,-2.356194
77,29,0.000000
77,62,-2.356194
77,63,0.785398
77,69,1.570796
78,12,2.356194
78,16,-1.249046
78,18,1.892547
78,30,-2.356194
78,32,0.785398
78,35,3.141593
78,49,0.000000
78,50,-1.892547
78,58,1.249046
78,59,2.356194
78,69,-0.321751
79,7,-0.785398
79,14,2.356194
79,26,3.141593
79,33,-2.356194
79,37,0.000000
79,65,3.141593
79,70,-1.249046
79,71,3.141593
79,82,2.356194
80,3,0.785398
80,11,-1.249046
80,15,2.356194
80,19,-1.249046
80,20,3.141593
80,29,0.000000
80,56,-0.785398
80,80,0.785398
80,82,-2.819842
81,3,0.000000
81,5,1.570796
81,6,2.356194
81,8,0.000000
81,22,0.785398
81,23,1.892547
81,31,-0.785398
81,32,-1.570796
81,33,-2.356194
81,39,0.785398
81,40,1.892547
81,58,-2.356194
82,12,0.321751
82,18,1.892547
82,23,-1.249046
82,24,-2.356194
82,40,-1.249046
82,41,-2.356194
83,3,0.000000
83,20,1.892547
83,54,1.249046
83,55,2.356194
83,56,3.141593
83,69,1.570796
84,3,-0.785398
84,5,-1.249046
84,7,1.570796
84,8,3.141593
84,21,-2.356194
84,60,0.785398
84,66,1.570796
84,70,3.141593
84,81,2.356194
85,13,-0.785398
85,24,0.000000
85,25,1.892547
85,61,0.000000
85,62,1.892547
85,81,3.141593
86,16,0.000000
86,25,-1.249046
86,27,1.570796
86,28,2.356194
86,56,2.819842
86,62,-1.249046
86,63,3.141593
86,67,1.570796
86,81,-2.356194
87,5,1.249046
87,6,3.141593
87,12,1.570796
87,22,2.356194
87,40,3.141593
87,56,-1.570796
87,64,1.570796
87,67,-0.321751
87,68,2.819842
88,12,-2.819842
88,14,-0.785398
88,18,2.356194
88,27,2.356194
88,44,1.249046
88,45,2.356194
88,46,0.785398
88,54,1.570796
88,57,1.570796
88,64,-0.321751
88,65,2.819842
88,68,-1.570796
88,80,1.570796
89,7,2.356194
89,10,0.321751
89,17,0.000000
89,20,-0.785398
89,43,-0.785398
89,44,-1.892547
89,47,-1.570796
89,50,1.570796
89,54,0.000000
89,58,2.819842
89,69,1.570796
89,80,-2.819842
90,10,-1.570796
90,13,2.356194
90,29,2.356194
90,55,0.000000
90,56,2.356194
90,58,-1.570796
90,64,3.141593
90,66,1.570796
90,69,0.000000
91,5,-0.321751
91,12,1.570796
91,24,-0.785398
91,44,0.000000
91,45,3.141593
91,56,-1.570796
91,63,-0.785398
92,11,0.321751
92,12,-2.819842
92,27,-2.356194
92,41,0.785398
92,47,1.570796
92,49,-0.321751
92,50,2.819842
92,64,0.000000
92,69,-1.570796
92,76,0.000000
92,77,-1.892547
93,5,0.321751
93,11,-1.570796
93,14,1.570796
93,30,0.000000
93,32,2.356194
93,35,0.000000
93,37,0.785398
93,38,1.892547
93,42,-2.356194
93,47,-1.570796
93,50,-1.570796
93,54,1.570796
93,57,-1.570796
94,9,0.785398
94,10,3.141593
94,13,0.321751
94,14,-2.819842
94,22,2.356194
94,28,-0.785398
94,33,-2.356194
94,38,-1.249046
94,39,3.141593
94,54,-0.321751
94,55,2.819842
95,13,-1.570796
95,16,2.356194
95,40,-2.356194
95,55,-1.570796
95,62,-1.570796
96,9,-2.819842
96,18,2.356194
96,21,-1.570796
96,24,-0.785398
96,37,0.785398
96,49,0.785398
96,60,-0.785398
96,69,0.000000
96,70,-1.892547
97,11,1.570796
97,38,-2.356194
97,41,0.785398
97,44,1.570796
97,47,0.785398
97,56,-1.570796
97,66,-1.570796
97,67,-2.356194
98,10,-0.785398
98,14,-0.785398
98,17,-1.570796
98,42,-2.356194
98,44,-1.570796
98,48,-2.356194
98,50,-1.570796
98,54,-2.356194
98,61,-2.356194
