5,40,1.570796
6,40,3.141593
6,55,1.249046
6,56,2.356194
7,50,0.000000
7,51,1.570796
7,52,2.356194
7,54,-0.785398
8,23,0.785398
8,24,1.892547
8,26,1.249046
8,27,2.356194
8,30,0.785398
8,31,1.892547
8,36,1.249046
8,38,-1.570796
8,69,2.356194
9,11,3.141593
9,35,-0.785398
9,51,2.356194
9,73,1.570796
10,31,-0.785398
10,37,1.570796
11,24,0.000000
11,37,0.000000
11,39,0.785398
11,40,1.570796
11,42,1.892547
11,48,1.249046
11,50,-1.892547
11,80,0.000000
12,24,-0.785398
12,37,-0.785398
12,46,-1.570796
12,81,-2.356194
13,48,-2.356194
13,60,0.785398
14,6,0.321751
14,13,1.570796
14,43,-2.356194
14,60,-1.570796
14,63,-1.249046
15,6,-1.570796
15,54,0.785398
15,56,1.249046
15,58,1.570796
15,59,3.141593
16,12,0.321751
16,37,2.356194
17,12,-0.785398
17,17,-2.356194
17,21,0.785398
17,22,1.892547
17,37,3.141593
17,48,0.785398
17,82,3.141593
18,5,2.356194
18,26,0.785398
18,27,1.570796
18,28,2.356194
18,30,-0.785398
18,34,3.141593
18,37,-2.356194
18,43,2.356194
18,48,0.000000
18,55,-1.249046
19,4,0.321751
19,5,-2.819842
19,21,0.321751
19,42,0.321751
19,43,-2.819842
19,53,-2.356194
19,61,0.785398
19,62,2.356194
19,64,0.785398
20,4,-0.785398
20,16,0.785398
20,37,0.785398
20,65,-2.356194
21,12,2.356194
21,17,-2.356194
21,19,0.785398
21,35,1.570796
21,39,1.570796
21,40,2.356194
21,42,3.141593
21,46,0.785398
21,51,1.892547
21,62,2.819842
21,72,0.785398
21,73,1.570796
21,74,2.356194
21,76,-0.785398
21,77,-1.892547
22,12,-2.819842
22,24,-2.356194
22,42,-1.570796
22,56,-0.785398
22,57,-1.570796
22,62,-1.570796
22,65,2.356194
22,71,0.785398
23,20,2.356194
23,24,0.785398
23,44,0.785398
23,51,-1.892547
24,9,0.321751
24,24,-0.785398
24,25,-2.356194
24,31,0.785398
24,49,-0.785398
24,53,0.785398
24,59,0.000000
24,61,0.785398
24,67,0.785398
24,68,1.892547
25,29,0.000000
25,38,0.000000
25,39,1.892547
25,45,0.785398
25,53,-0.785398
25,54,3.141593
25,65,-0.785398
25,69,3.141593
26,4,0.785398
26,6,1.249046
26,16,0.785398
26,29,2.356194
26,39,-1.249046
26,45,-0.785398
26,46,-2.356194
26,48,-0.785398
26,49,-1.570796
26,50,3.141593
26,52,1.570796
26,59,-0.321751
26,65,0.785398
27,4,-0.321751
27,19,1.570796
27,25,1.249046
27,26,2.356194
27,28,-0.785398
27,29,-2.356194
27,35,2.356194
27,44,1.570796
27,56,1.570796
27,71,1.570796
28,8,-2.819842
28,19,-0.785398
28,20,-2.356194
28,31,-0.785398
28,32,-1.570796
28,35,-2.819842
28,40,0.000000
28,41,-1.570796
28,42,-2.356194
28,44,3.141593
28,53,3.141593
28,56,-0.321751
28,62,-1.570796
28,63,-2.356194
28,64,0.000000
28,71,-0.785398
28,72,-2.356194
28,73,0.785398
28,74,1.892547
29,4,0.321751
29,7,-1.892547
29,16,-0.785398
29,17,-1.570796
29,18,-2.356194
29,39,-0.785398
29,66,3.141593
29,86,2.356194
30,4,-0.785398
30,14,2.356194
30,23,-0.785398
30,44,-0.321751
30,47,1.892547
30,55,0.000000
30,59,-1.570796
30,60,3.141593
31,12,-0.785398
31,32,-0.785398
31,33,-1.892547
31,49,-1.892547
31,53,-2.356194
31,61,1.570796
31,68,0.785398
31,72,2.356194
31,77,0.000000
31,78,1.892547
32,3,0.321751
32,5,-2.356194
32,8,3.141593
32,15,-2.356194
32,16,0.785398
32,17,2.356194
32,20,0.000000
32,21,1.570796
32,23,-1.570796
32,24,-2.356194
32,25,0.785398
32,26,1.570796
32,27,2.356194
32,38,0.785398
32,39,2.356194
32,43,0.785398
32,46,-2.356194
32,55,0.321751
32,56,-2.819842
32,61,0.000000
32,65,-0.785398
32,66,-1.892547
32,75,3.141593
32,79,2.819842
33,3,-1.570796
33,12,0.321751
33,17,-2.356194
33,55,-0.785398
33,61,-0.785398
33,75,-1.570796
33,81,1.249046
33,83,-1.892547
34,17,2.356194
34,33,0.785398
34,34,1.570796
34,35,2.356194
34,37,-0.785398
34,70,-1.570796
35,12,0.000000
35,15,1.249046
35,17,-2.356194
35,21,0.785398
35,41,1.570796
35,43,-1.892547
35,81,-2.356194
36,15,-1.892547
36,21,0.000000
36,35,1.570796
36,50,0.785398
36,51,1.892547
36,65,0.785398
36,80,-2.356194
37,12,-0.785398
37,13,-2.356194
37,18,-1.570796
37,37,-0.785398
37,38,-1.892547
37,55,-2.356194
37,67,-2.819842
37,74,-2.356194
38,21,-0.321751
38,34,-0.785398
38,35,-1.892547
38,41,0.785398
38,51,-0.785398
38,59,0.785398
38,61,-1.570796
38,62,-2.356194
38,63,0.785398
39,16,0.000000
39,17,0.785398
39,18,1.892547
39,31,0.785398
39,32,3.141593
39,41,0.000000
39,53,3.141593
39,59,-0.785398
39,68,2.356194
39,72,3.141593
39,78,0.785398
40,2,0.785398
40,12,2.356194
40,20,0.785398
40,43,2.356194
40,78,-0.321751
41,2,0.000000
41,6,3.141593
41,11,0.000000
41,18,-1.570796
41,31,3.141593
41,43,-2.356194
41,52,0.321751
41,53,-2.819842
41,68,2.819842
41,79,-1.249046
41,80,3.141593
42,2,-0.785398
42,10,-0.785398
42,89,2.819842
43,14,1.570796
43,27,1.249046
43,29,-1.570796
43,49,2.356194
43,52,3.141593
43,59,-1.570796
43,66,-0.321751
43,70,2.356194
43,89,-2.356194
44,14,-1.570796
44,23,-0.785398
44,38,1.570796
44,44,2.356194
44,48,-1.570796
44,52,-2.356194
44,76,0.000000
44,78,3.141593
45,2,-1.570796
45,18,0.000000
45,38,-1.570796
45,43,0.321751
45,44,-2.819842
45,47,1.570796
45,67,-2.819842
45,73,-2.356194
45,89,2.356194
46,11,0.000000
46,13,3.141593
46,19,-2.356194
46,43,-0.785398
46,46,0.321751
46,47,-2.819842
46,51,1.570796
46,64,0.000000
46,81,0.000000
46,87,-2.356194
46,89,3.141593
47,46,-1.570796
47,50,0.321751
47,51,-2.819842
47,66,-1.570796
47,89,-2.356194
48,19,0.000000
48,31,-0.785398
48,33,-2.356194
48,44,0.000000
48,45,2.356194
48,50,-0.785398
48,67,2.356194
49,20,2.356194
49,25,-1.570796
49,28,0.785398
49,33,2.356194
49,66,-0.785398
49,84,-1.570796
50,19,-0.785398
50,29,-2.356194
50,44,0.321751
50,46,3.141593
50,58,2.356194
50,80,0.000000
50,81,3.141593
51,2,1.570796
51,44,-0.785398
51,56,-1.570796
51,58,-2.356194
52,2,-1.570796
52,13,2.356194
52,31,-1.570796
52,47,0.785398
52,49,0.000000
52,51,2.819842
53,12,3.141593
53,18,0.785398
53,34,1.570796
53,48,-2.356194
53,51,-1.570796
53,55,-1.570796
54,11,-1.570796
54,16,1.249046
54,19,-2.356194
54,38,1.570796
54,79,1.249046
54,80,2.356194
54,85,0.785398
55,10,3.141593
55,22,-0.785398
55,24,-1.570796
55,74,0.000000
55,75,1.892547
55,78,0.000000
55,79,-1.892547
56,2,1.570796
56,9,-0.785398
56,13,0.000000
56,14,-0.785398
56,15,-1.892547
56,18,-2.819842
56,26,2.356194
56,28,3.141593
56,34,0.785398
56,48,0.785398
56,53,1.570796
56,57,0.321751
56,59,2.819842
56,82,0.000000
57,2,0.785398
57,10,-2.356194
57,23,0.000000
57,34,0.000000
57,75,-0.785398
57,83,-1.570796
57,88,-2.356194
58,2,0.000000
58,5,3.141593
58,15,0.000000
58,17,3.141593
58,34,-0.785398
58,36,-2.356194
58,49,0.785398
59,2,-0.785398
59,17,-2.356194
59,49,-0.321751
59,52,-1.892547
59,56,-0.785398
59,85,0.000000
59,86,1.892547
60,45,-1.570796
60,82,0.000000
60,83,3.141593
60,87,2.819842
60,90,-0.785398
61,2,0.785398
61,6,1.249046
61,17,0.785398
61,34,-1.570796
61,53,1.892547
61,56,2.356194
61,87,-2.356194
62,3,-2.356194
62,5,-0.785398
62,42,-1.570796
62,50,0.321751
62,76,0.785398
63,8,-2.819842
63,16,-0.785398
63,24,0.785398
63,26,1.249046
63,27,2.356194
63,29,3.141593
63,46,0.000000
63,47,3.141593
63,50,-0.785398
63,53,-0.785398
63,80,3.141593
63,85,0.785398
63,90,1.570796
64,7,-0.785398
64,14,-0.785398
64,24,0.000000
64,35,2.356194
64,50,-1.570796
64,54,-0.785398
64,55,-1.892547
64,57,0.785398
64,58,2.356194
64,62,0.785398
64,86,2.819842
65,18,-0.785398
65,24,-0.785398
65,26,-2.356194
65,29,1.570796
65,48,1.570796
65,57,-0.785398
65,63,-2.356194
65,83,0.000000
65,86,-1.570796
65,91,-2.356194
66,18,0.785398
66,24,0.785398
66,26,2.356194
66,72,0.000000
66,73,-1.892547
66,76,1.570796
66,88,0.785398
67,20,2.356194
67,26,-2.356194
67,38,0.000000
67,48,0.000000
67,59,1.249046
67,60,2.356194
67,65,2.356194
67,67,0.785398
67,68,1.570796
67,70,1.570796
67,71,3.141593
67,76,0.000000
67,89,-2.356194
68,7,2.356194
68,21,2.356194
68,27,0.785398
68,30,2.819842
68,33,0.785398
68,49,2.356194
68,56,0.321751
68,62,2.356194
68,63,-0.785398
68,64,-1.892547
68,76,-0.785398
68,81,-2.356194
69,6,0.321751
69,7,-2.819842
69,21,-2.819842
69,27,-0.785398
69,30,-2.356194
69,33,-0.321751
69,34,2.819842
69,41,0.785398
69,61,-1.892547
69,68,0.000000
69,86,0.000000
69,87,3.141593
69,90,1.570796
70,6,-1.570796
70,17,0.000000
70,18,-1.570796
70,41,-0.785398
70,42,3.141593
70,45,0.000000
70,68,-0.785398
70,76,0.785398
70,90,-0.321751
70,91,2.819842
71,16,2.356194
71,20,-1.249046
71,21,-2.356194
71,27,2.356194
71,35,-2.356194
71,36,3.141593
71,43,0.785398
71,44,3.141593
71,53,0.000000
71,54,-0.785398
71,55,-1.892547
71,59,-1.570796
71,68,0.785398
71,76,0.000000
71,91,-2.356194
72,5,-1.570796
72,14,-0.785398
72,27,3.141593
72,39,-0.785398
72,43,-0.785398
72,61,3.141593
72,70,2.356194
72,76,-0.785398
72,80,0.000000
72,91,2.356194
73,15,-0.785398
73,17,2.819842
73,27,-2.356194
73,31,-1.570796
73,81,-1.570796
73,91,-2.819842
74,17,-2.356194
74,48,-1.570796
74,66,-0.785398
74,74,0.785398
74,76,-1.570796
74,77,-2.356194
75,2,1.570796
75,45,-1.570796
75,74,-0.785398
75,83,-2.356194
75,88,0.785398
76,24,1.570796
76,28,0.785398
76,36,0.000000
76,68,1.570796
76,72,1.892547
76,74,2.356194
76,80,-2.356194
77,16,0.321751
77,20,2.356194
77,28,-0.321751
77,29,2.819842
77,38,-2.356194
77,42,0.785398
77,46,1.570796
77,60,0.785398
77,67,-0.785398
77,68,-2.356194
78,16,-0.785398
78,22,1.570796
78,29,-2.356194
78,61,-2.356194
79,24,-1.570796
79,25,3.141593
79,48,3.141593
79,63,0.785398
79,85,0.785398
80,2,0.785398
80,16,3.141593
80,26,1.570796
80,40,0.785398
80,44,-2.356194
80,53,0.785398
80,64,0.000000
80,90,0.785398
81,2,0.000000
81,7,3.141593
81,15,-0.785398
81,22,-2.356194
81,26,-0.321751
81,27,2.819842
81,41,-2.356194
81,61,0.785398
81,65,-1.570796
81,82,2.356194
81,86,0.000000
81,88,0.000000
82,2,-0.785398
82,16,1.570796
82,19,2.356194
82,22,2.356194
82,27,-1.570796
82,36,-2.356194
82,56,3.141593
82,82,-2.819842
82,86,-0.785398
82,89,0.000000
82,91,-2.819842
83,16,0.000000
83,18,-0.785398
83,19,-2.356194
83,22,-2.819842
83,29,-0.785398
83,35,-2.356194
83,65,-0.785398
83,66,-1.892547
83,79,0.000000
84,8,1.892547
84,16,-0.785398
84,31,-1.249046
84,33,-1.892547
84,68,0.321751
85,16,-1.570796
85,20,-0.785398
85,68,-1.570796
85,72,0.785398
85,73,2.356194
85,80,2.356194
85,88,1.570796
85,90,2.356194
86,8,-1.892547
86,29,0.785398
86,46,0.000000
86,47,3.141593
86,67,1.570796
86,72,-0.785398
86,79,0.321751
86,88,0.000000
86,90,3.141593
87,66,0.321751
87,67,-2.819842
87,75,1.570796
87,79,-1.570796
87,82,0.785398
87,88,-1.570796
87,90,-2.356194
88,30,2.356194
88,38,1.570796
88,43,-2.356194
88,66,-1.570796
88,75,-0.785398
88,76,-2.356194
88,77,0.785398
88,78,2.356194
88,83,-2.356194
88,86,1.249046
88,87,3.141593
89,6,3.141593
89,25,0.000000
89,26,1.570796
89,27,2.356194
89,37,0.321751
89,38,-2.819842
89,73,0.000000
89,74,2.356194
89,78,-2.356194
90,7,1.570796
90,20,-0.785398
90,21,-2.356194
90,37,-0.785398
90,63,1.249046
90,90,2.356194
91,7,-0.321751
91,11,2.356194
91,30,-0.785398
91,32,0.000000
91,37,2.356194
91,42,1.570796
91,59,0.000000
91,60,0.785398
91,61,1.570796
91,63,-1.892547
91,75,3.141593
91,79,-2.356194
91,81,0.785398
91,82,1.570796
91,86,-2.356194
91,88,0.785398
91,90,-2.819842
92,8,-1.249046
92,9,-2.356194
92,10,-0.785398
92,15,0.785398
92,30,0.785398
92,37,-2.819842
92,42,0.785398
92,68,2.356194
93,18,2.819842
93,26,0.785398
93,30,-0.785398
93,31,-2.356194
93,43,-2.356194
93,52,1.570796
93,68,-2.356194
93,73,1.570796
93,77,-2.356194
93,83,-0.785398
93,85,2.819842
94,11,0.785398
94,12,1.892547
94,16,-1.570796
94,18,-2.356194
94,26,-0.785398
94,27,-2.356194
94,36,-2.356194
94,45,0.000000
94,46,1.570796
94,47,2.356194
94,73,0.785398
94,85,-2.356194
95,3,0.785398
95,7,1.249046
95,8,2.356194
95,10,0.000000
95,18,0.785398
95,25,3.141593
95,49,-2.356194
95,61,-1.570796
95,70,-2.356194
95,73,-0.321751
95,77,2.356194
95,90,2.819842
96,4,-2.356194
96,15,-2.356194
96,19,-2.356194
96,23,-0.785398
96,24,-1.892547
96,76,-0.785398
96,77,-2.356194
97,7,-1.570796
97,35,-0.785398
97,36,-1.570796
97,37,-2.356194
97,40,3.141593
97,46,2.356194
97,52,-1.570796
97,88,-1.249046
98,10,3.141593
98,15,-1.570796
98,29,0.000000
98,44,0.000000
98,45,-0.785398
98,72,0.000000
98,73,-0.785398
98,81,3.141593
