12,30,1.249046
12,31,2.356194
12,35,0.785398
12,36,1.570796
12,37,2.356194
12,47,0.785398
12,48,1.570796
12,49,2.356194
14,13,1.249046
14,14,3.141593
14,30,-2.356194
14,75,2.356194
15,12,0.321751
15,48,2.356194
16,12,-0.785398
16,46,1.249046
16,48,3.141593
17,12,2.356194
17,48,-2.356194
17,70,1.249046
18,72,-2.356194
19,43,0.321751
19,68,0.321751
20,68,-0.785398
21,8,0.321751
21,43,3.141593
21,47,0.321751
21,49,2.819842
22,8,-0.785398
22,35,0.321751
22,37,2.819842
22,83,3.141593
23,8,2.356194
23,40,0.000000
23,41,-1.570796
24,7,0.321751
24,37,-1.570796
24,38,-2.356194
25,7,-1.570796
25,31,1.570796
26,33,-0.785398
26,34,-1.892547
26,68,2.356194
27,30,0.000000
27,31,-1.892547
28,26,0.000000
28,68,-1.249046
28,69,-2.356194
28,70,0.785398
29,17,2.356194
29,23,2.356194
29,71,-1.249046
29,72,-2.356194
29,74,-0.785398
29,75,-1.892547
30,22,1.570796
30,34,1.249046
30,35,3.141593
30,55,1.249046
30,56,2.356194
30,58,3.141593
31,14,0.785398
31,16,-1.892547
31,18,-2.356194
31,21,0.000000
31,33,-0.785398
31,34,-1.892547
31,54,-0.785398
31,55,-1.892547
31,61,0.000000
31,65,0.785398
31,66,1.892547
32,5,0.321751
32,7,3.141593
32,14,-1.570796
32,20,1.570796
32,66,-1.249046
32,67,-2.356194
32,70,0.785398
32,71,1.892547
32,87,2.819842
33,5,-0.785398
33,18,1.249046
33,36,1.249046
33,37,2.356194
33,71,-1.249046
33,72,-2.356194
33,82,0.785398
33,83,1.570796
33,85,-1.892547
33,87,-1.570796
34,17,0.000000
34,18,-1.892547
34,23,1.249046
34,24,2.356194
34,33,1.249046
34,34,2.356194
34,35,-0.785398
34,36,-1.892547
34,50,0.000000
34,53,3.141593
34,56,0.000000
34,58,3.141593
34,80,0.785398
35,15,1.249046
35,16,3.141593
35,32,-0.785398
35,33,-1.892547
35,46,0.000000
35,47,3.141593
35,62,0.000000
35,66,0.785398
35,67,1.892547
35,83,-2.819842
36,22,-1.892547
36,39,1.249046
36,40,2.356194
36,41,3.141593
36,67,-1.249046
36,68,-2.356194
36,77,0.785398
37,4,0.321751
37,6,2.819842
37,12,1.249046
37,14,-1.892547
37,20,-1.570796
37,35,0.000000
37,38,-0.785398
37,39,-1.892547
37,79,2.356194
37,80,0.785398
38,17,1.249046
38,18,2.356194
38,24,1.249046
38,25,3.141593
38,52,0.000000
38,57,3.141593
38,59,0.785398
38,65,0.785398
38,77,-0.785398
38,78,-1.892547
39,3,0.321751
39,23,0.000000
39,24,-1.892547
39,30,1.249046
39,31,2.356194
39,32,3.141593
39,42,0.000000
39,50,3.141593
39,63,3.141593
39,82,-1.249046
39,83,-2.356194
39,87,-0.785398
39,89,2.819842
40,3,-0.785398
40,14,1.249046
40,16,-1.892547
40,21,1.249046
40,22,3.141593
40,29,-0.785398
40,30,-1.892547
40,40,3.141593
40,89,-2.356194
41,8,0.321751
41,20,0.000000
41,21,-1.892547
41,26,1.249046
41,27,3.141593
41,35,0.000000
42,8,-1.570796
42,43,2.356194
42,45,0.000000
42,64,3.141593
42,82,0.785398
42,83,1.892547
42,89,2.356194
43,31,1.570796
43,39,1.249046
43,40,2.356194
43,66,0.000000
43,69,0.785398
43,70,1.892547
43,83,-1.249046
43,84,-2.356194
43,89,3.141593
44,10,0.321751
44,22,0.000000
44,23,-0.785398
44,24,-1.892547
44,37,1.249046
44,39,-1.892547
44,70,-1.249046
44,71,-2.356194
44,73,0.000000
44,86,0.000000
45,2,0.785398
45,5,1.249046
45,6,3.141593
45,10,-1.570796
45,30,-0.785398
45,36,-0.785398
45,37,-1.892547
45,43,0.000000
45,45,3.141593
45,49,0.785398
45,87,-1.249046
45,90,2.819842
46,2,-0.321751
46,5,-1.892547
46,17,2.356194
46,41,3.141593
46,50,-2.356194
46,52,-0.785398
46,55,-2.356194
46,65,0.000000
46,68,0.785398
46,69,1.892547
46,83,1.570796
46,90,-1.570796
47,8,3.141593
47,16,-0.785398
47,38,0.000000
47,69,-1.249046
47,70,-2.356194
47,80,3.141593
47,84,3.141593
48,3,0.785398
48,7,-0.785398
48,30,0.000000
48,31,-1.892547
48,36,3.141593
48,43,0.000000
48,46,3.141593
48,91,2.356194
49,3,0.000000
49,10,-0.785398
49,14,2.356194
49,23,-0.785398
49,29,-2.356194
49,34,-0.785398
49,51,0.000000
49,62,3.141593
49,65,0.000000
49,66,3.141593
49,78,3.141593
49,90,-0.785398
50,3,-1.570796
50,5,0.000000
50,28,-2.356194
50,47,0.000000
50,48,3.141593
50,69,0.000000
50,70,3.141593
50,80,0.000000
51,7,-2.356194
51,12,1.570796
51,45,3.141593
51,73,0.000000
52,42,-0.785398
52,55,0.000000
52,65,3.141593
52,77,3.141593
53,2,-1.570796
53,13,2.356194
53,67,0.000000
53,69,3.141593
53,79,0.000000
53,91,3.141593
54,9,0.321751
54,12,-0.785398
54,30,0.000000
54,32,3.141593
54,44,0.000000
54,45,3.141593
54,50,0.000000
54,51,3.141593
54,72,0.000000
54,73,3.141593
54,84,3.141593
55,4,1.570796
55,9,-1.570796
55,20,2.356194
55,27,1.570796
55,61,3.141593
55,75,0.000000
55,77,3.141593
55,86,0.000000
55,87,3.141593
56,8,1.570796
56,33,1.570796
56,49,1.249046
56,50,2.356194
56,65,0.000000
56,69,3.141593
56,79,0.000000
56,80,3.141593
57,2,0.321751
57,5,2.356194
57,46,0.000000
57,48,-0.785398
57,49,-1.892547
57,71,0.000000
57,73,3.141593
57,83,0.000000
57,84,3.141593
58,2,-0.785398
58,4,0.000000
58,11,1.249046
58,12,2.356194
58,15,0.785398
58,16,1.892547
58,19,2.356194
58,26,2.356194
58,58,0.000000
58,75,0.000000
58,77,3.141593
58,86,0.000000
58,87,3.141593
59,4,0.000000
59,16,-1.249046
59,17,-2.356194
59,40,1.249046
59,41,2.356194
59,52,0.000000
59,56,3.141593
59,67,3.141593
59,80,0.000000
59,82,3.141593
60,6,-2.819842
60,9,0.321751
60,26,-1.249046
60,27,-2.356194
60,39,0.000000
60,40,-1.892547
60,45,1.249046
60,46,2.356194
60,49,3.141593
60,69,0.000000
60,72,3.141593
60,74,0.785398
61,5,-1.570796
61,9,-1.570796
61,18,0.321751
61,29,0.000000
61,30,1.892547
61,35,2.356194
61,36,0.785398
61,37,1.570796
61,38,3.141593
61,44,-0.785398
61,45,-1.892547
61,59,0.000000
62,4,1.570796
62,8,1.570796
62,18,-1.570796
62,33,-0.785398
62,34,-1.892547
62,51,0.000000
62,53,3.141593
62,64,0.785398
62,65,1.892547
63,3,0.321751
63,4,-2.819842
63,7,0.321751
63,8,-2.819842
63,17,1.570796
63,48,0.000000
63,49,3.141593
63,72,3.141593
63,74,0.785398
63,83,-2.356194
64,3,-1.570796
64,7,-1.570796
64,11,2.356194
64,16,0.321751
64,17,-2.819842
64,29,0.000000
64,36,-0.785398
64,59,0.000000
64,77,3.141593
64,85,0.000000
65,2,0.785398
65,6,1.570796
65,10,1.570796
65,16,-0.785398
65,52,0.000000
65,54,3.141593
65,64,-0.785398
65,79,0.000000
65,80,3.141593
66,3,3.141593
66,6,-2.819842
66,9,0.321751
66,10,-2.819842
66,48,0.000000
66,50,3.141593
66,66,-1.249046
66,67,-2.356194
66,73,3.141593
66,86,1.570796
66,90,-2.356194
67,9,-1.570796
67,13,0.785398
67,28,-1.570796
67,58,3.141593
67,75,0.000000
67,77,3.141593
67,86,-1.570796
68,4,-0.785398
68,52,0.000000
68,61,0.000000
68,65,0.785398
68,66,1.892547
68,88,0.785398
69,15,-1.249046
69,16,-2.356194
69,18,3.141593
69,66,-1.249046
69,67,-2.356194
69,74,3.141593
69,89,-2.356194
70,10,1.570796
70,13,-2.356194
70,21,1.570796
70,76,0.000000
70,78,3.141593
71,9,0.321751
71,10,-2.819842
71,12,-0.785398
71,24,0.785398
71,33,0.785398
71,56,1.570796
71,59,0.000000
71,68,0.785398
71,69,1.892547
71,80,0.000000
71,81,3.141593
72,9,-0.785398
72,21,-1.570796
72,34,0.000000
72,35,1.892547
72,50,3.141593
72,56,-1.570796
72,69,-1.249046
72,70,-2.356194
72,72,3.141593
72,89,0.000000
73,9,-1.570796
73,27,3.141593
73,35,-1.249046
73,36,-2.356194
73,91,-2.356194
74,2,-1.570796
74,38,1.570796
74,56,0.000000
75,5,2.356194
75,39,-2.356194
75,44,1.570796
75,52,0.000000
75,54,3.141593
75,70,3.141593
76,4,0.321751
76,5,-2.819842
76,7,1.570796
76,41,0.785398
76,50,3.141593
77,4,-0.785398
77,7,-1.570796
77,41,-0.785398
77,45,-2.356194
77,55,0.000000
77,60,3.141593
77,65,0.000000
77,67,3.141593
78,4,2.356194
78,9,2.356194
78,52,2.356194
78,71,0.000000
78,72,3.141593
79,4,-2.819842
79,43,-2.356194
79,50,0.000000
79,59,0.000000
79,64,3.141593
80,2,0.321751
80,42,-0.785398
80,54,0.000000
80,57,3.141593
81,2,-0.785398
81,52,2.356194
82,11,1.570796
82,51,-0.785398
82,60,0.000000
82,63,3.141593
82,82,0.785398
83,2,0.785398
83,8,1.570796
83,34,3.141593
83,57,3.141593
83,67,0.000000
83,68,3.141593
84,2,0.000000
84,5,2.356194
84,71,0.000000
84,85,3.141593
85,2,-0.785398
85,5,-2.819842
85,37,1.570796
85,52,-0.785398
85,60,0.000000
85,64,3.141593
85,73,-2.356194
85,89,0.785398
86,2,0.785398
86,11,-1.570796
86,86,0.000000
86,90,-2.356194
87,2,-0.321751
87,4,-2.819842
87,37,-1.570796
87,54,2.356194
87,88,-2.356194
88,7,-0.785398
88,21,0.000000
88,22,3.141593
89,12,1.570796
89,20,-0.785398
89,52,-0.785398
90,6,1.570796
90,9,1.570796
91,25,1.570796
91,43,0.000000
91,44,3.141593
91,83,0.785398
92,6,0.785398
92,9,2.356194
92,12,-1.570796
92,25,-1.570796
92,54,1.570796
92,84,-2.356194
92,90,0.785398
93,6,0.000000
93,9,-2.819842
93,74,0.785398
93,91,-2.356194
94,17,1.570796
94,20,0.000000
94,21,3.141593
94,24,1.570796
94,54,-1.570796
94,61,0.000000
94,63,3.141593
95,8,-1.570796
96,10,-2.356194
96,13,1.570796
96,17,-1.570796
96,20,1.570796
96,24,-1.570796
96,54,1.570796
96,81,1.570796
97,10,2.356194
97,60,1.570796
97,63,0.000000
97,87,0.785398
98,9,-0.785398
98,13,-1.570796
98,20,-1.570796
98,54,-1.570796
98,60,-1.570796
98,65,-2.356194
98,78,-1.570796
98,81,-1.570796
98,88,-2.356194
