6,52,1.249046
6,53,2.356194
6,55,0.785398
6,56,1.892547
6,59,1.249046
6,60,2.356194
7,41,1.249046
7,42,2.356194
8,30,1.249046
8,31,2.356194
8,52,-2.356194
8,56,-0.785398
8,59,-2.356194
8,72,2.356194
9,70,0.321751
9,80,2.356194
10,22,1.249046
10,23,3.141593
10,30,-1.570796
10,41,-0.785398
10,51,0.321751
10,53,2.819842
10,70,-0.785398
11,70,2.356194
12,15,1.249046
12,16,3.141593
12,22,-1.570796
12,51,0.000000
13,46,1.570796
13,51,-1.570796
13,53,-1.249046
13,55,2.356194
13,58,0.321751
13,60,3.141593
13,71,2.819842
13,84,3.141593
14,15,-1.570796
14,47,3.141593
14,50,1.570796
14,55,-1.570796
14,61,0.000000
14,62,1.892547
14,71,-2.356194
16,42,-2.356194
16,50,-1.249046
16,51,3.141593
16,63,-1.249046
16,64,3.141593
16,79,0.321751
17,39,-0.785398
17,40,-1.892547
17,44,0.785398
17,45,2.356194
17,59,-1.249046
17,60,3.141593
17,65,0.000000
17,66,1.892547
18,44,-1.570796
18,61,0.000000
18,62,1.892547
18,72,-2.356194
18,79,3.141593
19,48,0.000000
19,49,1.892547
19,72,0.785398
19,79,-2.356194
20,41,0.785398
20,49,-1.249046
20,51,1.892547
20,63,-1.249046
20,64,3.141593
20,72,-0.321751
20,76,-0.785398
21,51,-1.249046
21,52,3.141593
21,69,-1.249046
21,70,3.141593
21,78,-2.356194
21,86,2.356194
22,23,0.000000
22,24,1.570796
22,25,2.356194
22,54,0.785398
22,55,1.892547
22,60,0.000000
22,61,1.892547
22,66,0.000000
22,67,1.892547
22,74,-2.356194
23,27,2.356194
23,46,-0.785398
23,47,-1.570796
23,48,3.141593
23,61,-1.249046
23,63,1.892547
23,71,-1.570796
24,26,-1.892547
24,41,0.785398
24,42,1.892547
24,56,-1.249046
24,57,3.141593
25,42,-1.249046
25,43,3.141593
25,51,0.000000
25,52,1.892547
25,69,-1.249046
25,70,3.141593
26,11,0.321751
26,13,3.141593
26,52,-1.249046
26,54,1.892547
26,60,0.000000
26,61,1.892547
26,71,1.570796
26,80,1.570796
26,82,0.785398
27,11,-1.570796
27,14,0.000000
27,15,1.570796
27,16,2.356194
27,39,0.785398
27,40,1.892547
27,54,-1.249046
27,56,1.892547
27,71,-0.321751
27,80,-0.321751
28,49,0.785398
28,50,1.892547
28,56,-1.249046
28,57,3.141593
28,68,2.819842
28,89,2.819842
29,41,-1.249046
29,43,1.892547
29,50,-1.249046
29,52,1.892547
29,64,2.819842
29,74,2.819842
29,78,1.570796
29,82,-1.570796
29,86,0.321751
29,89,-1.570796
30,20,1.249046
30,22,1.892547
30,43,-1.249046
30,45,1.892547
30,52,-1.249046
30,54,1.892547
30,64,-1.570796
30,68,-0.321751
30,78,-0.321751
30,79,2.819842
30,86,-1.570796
31,45,-1.249046
31,46,-2.356194
31,54,-1.249046
31,55,3.141593
31,61,-2.356194
31,74,-0.321751
31,84,0.000000
31,85,2.356194
32,71,2.819842
32,76,2.819842
32,79,-0.321751
33,27,1.249046
33,28,2.356194
33,35,3.141593
33,42,2.356194
33,58,0.000000
33,59,1.892547
33,66,0.785398
33,71,-1.570796
33,76,-1.570796
33,81,2.819842
33,85,-0.321751
33,86,2.819842
34,22,-2.356194
34,26,-0.785398
34,27,-1.892547
34,37,0.000000
34,41,-0.785398
34,50,0.785398
34,59,-1.249046
34,60,-2.356194
34,66,-0.321751
34,72,1.570796
34,77,1.570796
35,11,3.141593
35,45,0.000000
35,46,0.785398
35,47,1.892547
35,51,-2.356194
35,72,-0.321751
35,77,-0.321751
35,78,2.819842
35,81,-0.321751
36,8,0.321751
36,33,0.785398
36,34,1.892547
36,53,0.785398
36,63,0.000000
36,78,-1.570796
36,83,2.819842
36,85,-0.785398
37,8,-0.785398
37,23,1.249046
37,24,2.356194
37,34,-1.249046
37,35,-2.356194
37,41,3.141593
37,48,-1.249046
37,50,1.892547
37,64,-1.570796
37,70,2.819842
37,75,2.819842
37,79,1.570796
37,83,-1.570796
37,91,2.356194
38,14,0.785398
38,15,2.356194
38,22,-0.785398
38,23,-1.892547
38,43,0.000000
38,44,0.785398
38,45,1.892547
38,50,-1.249046
38,51,3.141593
38,56,3.141593
38,65,1.570796
38,70,-1.570796
38,75,-1.570796
38,79,-0.321751
38,80,2.819842
38,84,1.570796
38,91,-2.819842
39,14,-0.785398
39,34,3.141593
39,45,-1.249046
39,46,3.141593
39,65,-0.321751
39,71,1.570796
39,80,-1.570796
39,84,-0.321751
40,25,0.785398
40,26,2.356194
40,42,2.356194
40,53,2.356194
40,71,-0.321751
40,81,1.570796
41,16,1.570796
41,23,0.000000
41,30,0.785398
41,31,1.892547
41,41,-0.785398
41,47,2.356194
41,50,0.000000
41,67,-1.249046
41,68,3.141593
41,73,2.819842
41,81,-0.321751
41,82,2.819842
42,16,0.000000
42,18,0.785398
42,19,1.570796
42,20,3.141593
42,26,-1.570796
42,27,-2.356194
42,31,-1.249046
42,32,-2.356194
42,35,3.141593
42,37,0.000000
42,38,3.141593
42,44,0.000000
42,46,-0.785398
42,53,-1.249046
42,54,3.141593
42,73,-1.570796
42,78,1.570796
42,82,-2.356194
42,91,2.356194
43,16,-0.785398
43,55,0.000000
43,56,1.570796
43,57,2.356194
43,58,3.141593
43,74,1.570796
43,78,-0.321751
43,79,2.819842
43,88,-1.249046
43,91,-2.819842
44,8,2.356194
44,16,2.356194
44,65,-2.356194
44,74,-0.321751
44,75,2.819842
44,79,-1.570796
44,83,0.000000
44,84,1.892547
45,7,0.321751
45,14,1.249046
45,16,3.141593
45,23,-2.356194
45,25,0.000000
45,33,3.141593
45,80,1.570796
46,7,-0.785398
46,9,0.000000
46,10,1.570796
46,11,2.356194
46,22,-0.785398
46,76,2.356194
46,80,-0.321751
46,81,2.819842
46,86,2.819842
47,14,-1.249046
47,20,2.356194
47,28,0.000000
47,32,3.141593
47,60,3.141593
47,73,-0.785398
47,74,-1.570796
47,81,-2.356194
48,26,3.141593
48,65,0.000000
48,66,0.785398
48,67,1.892547
48,81,2.356194
48,86,-0.321751
48,87,2.819842
49,67,-1.249046
49,68,-2.356194
49,70,3.141593
49,78,0.000000
49,80,-0.785398
49,81,-2.356194
49,87,-1.570796
50,7,2.356194
50,20,-0.785398
50,34,3.141593
50,40,0.000000
50,43,3.141593
50,73,1.570796
50,82,1.570796
50,88,0.000000
50,89,1.570796
50,90,3.141593
51,6,0.321751
51,38,3.141593
51,73,-1.570796
51,82,0.000000
52,6,-0.785398
52,15,1.249046
52,16,2.356194
52,17,3.141593
52,30,-0.785398
52,35,0.000000
52,47,0.000000
52,48,3.141593
52,75,0.000000
52,82,-0.785398
52,88,-0.785398
52,90,2.819842
53,19,2.356194
53,28,3.141593
53,33,3.141593
53,38,0.000000
53,39,3.141593
53,82,2.356194
53,90,-2.356194
54,13,-0.785398
54,14,-1.892547
54,25,1.249046
54,26,3.141593
54,71,0.000000
54,77,0.000000
54,78,-1.570796
54,79,-2.356194
54,81,-0.785398
55,16,1.249046
55,17,3.141593
55,24,0.000000
55,25,-1.892547
55,61,0.000000
55,63,3.141593
55,73,0.000000
55,74,0.785398
55,75,1.570796
55,76,3.141593
56,15,0.000000
56,16,-1.892547
56,28,-0.785398
56,31,2.356194
56,72,0.785398
57,21,0.785398
57,22,3.141593
57,73,-2.356194
57,88,1.570796
57,91,2.356194
58,5,0.321751
58,7,-2.356194
58,8,0.785398
58,9,1.570796
58,10,2.356194
58,13,1.570796
58,21,-1.570796
58,29,-0.785398
58,62,1.249046
58,63,2.356194
58,75,-1.249046
58,76,-2.356194
58,88,0.785398
58,91,-2.819842
59,5,-0.785398
59,24,2.356194
59,58,1.249046
59,59,2.356194
59,61,-0.785398
59,62,-1.892547
59,83,3.141593
60,5,0.785398
60,15,-0.785398
60,19,1.570796
60,26,1.570796
60,46,0.000000
60,48,3.141593
60,55,1.249046
60,56,2.356194
60,72,0.785398
60,73,1.892547
60,86,1.570796
60,90,-2.356194
61,5,0.000000
61,7,1.570796
61,8,2.356194
61,19,-2.819842
61,22,1.570796
61,30,2.356194
61,52,2.356194
61,54,-0.785398
61,55,-1.892547
61,58,-1.249046
61,59,-2.356194
61,73,-1.249046
61,75,1.892547
62,5,-1.570796
62,10,-2.819842
62,17,0.321751
62,22,-2.819842
62,51,-0.785398
62,64,-2.356194
62,75,-1.249046
62,76,-2.356194
62,87,1.570796
63,9,-1.892547
63,17,-1.570796
63,51,-1.570796
63,68,0.785398
63,80,0.785398
63,84,0.785398
63,87,-0.321751
63,90,2.356194
64,16,3.141593
64,19,0.321751
64,55,0.000000
64,56,3.141593
64,81,-1.570796
64,88,-1.249046
64,90,3.141593
65,10,1.570796
65,15,-1.570796
65,27,-0.785398
65,42,0.000000
65,43,3.141593
65,90,-2.356194
66,10,2.356194
66,19,-2.819842
66,34,0.000000
66,35,3.141593
66,64,0.000000
66,66,3.141593
66,76,-2.356194
66,82,0.785398
66,86,1.570796
67,4,0.785398
67,17,0.321751
67,68,0.000000
67,70,0.785398
67,71,1.892547
67,82,-0.321751
67,83,2.819842
67,86,-0.321751
67,87,2.819842
68,4,0.000000
68,8,-0.785398
68,62,1.570796
68,71,-1.249046
68,72,-2.356194
68,73,3.141593
68,80,1.570796
68,83,-1.570796
69,4,-0.785398
69,10,0.000000
69,13,2.356194
69,16,0.321751
69,17,-2.819842
69,26,0.785398
69,27,1.892547
69,34,2.356194
69,62,-1.570796
69,75,0.785398
69,80,0.785398
69,87,-0.321751
69,90,2.356194
70,12,0.321751
70,13,-2.819842
70,20,0.785398
70,24,1.249046
70,43,0.000000
70,46,3.141593
70,56,0.000000
70,58,3.141593
70,65,0.000000
70,66,0.785398
70,67,1.892547
70,76,0.000000
70,80,-0.321751
70,81,2.819842
70,84,0.785398
70,88,-1.249046
70,90,3.141593
71,15,0.321751
71,23,-0.785398
71,48,0.000000
71,49,3.141593
71,68,-2.356194
71,69,3.141593
71,77,-1.570796
71,81,-2.356194
71,84,-0.321751
71,85,2.819842
71,90,-2.356194
72,11,0.321751
72,12,-2.819842
72,15,-0.785398
72,19,-0.785398
72,20,-1.892547
72,29,1.249046
72,30,2.356194
72,34,3.141593
72,63,0.000000
72,72,1.570796
72,81,0.785398
72,85,-2.356194
73,8,1.570796
73,11,-0.785398
73,29,-1.892547
73,43,0.000000
73,44,3.141593
73,72,-1.570796
73,81,-0.321751
73,82,2.819842
73,85,0.785398
74,8,-2.819842
74,11,2.356194
74,58,0.785398
74,85,-0.321751
74,86,2.819842
75,3,0.321751
75,5,-2.356194
75,10,0.321751
75,11,-2.819842
75,17,1.570796
75,21,2.356194
75,27,-1.249046
75,28,-2.356194
75,29,3.141593
75,61,3.141593
75,82,-0.321751
75,83,2.819842
76,3,-0.785398
76,7,-2.356194
76,23,-0.785398
76,25,-2.356194
76,42,0.000000
76,44,3.141593
76,72,1.570796
76,83,-2.356194
76,87,3.141593
77,7,2.356194
77,9,0.321751
77,10,-2.819842
77,27,1.570796
77,76,1.570796
77,88,0.000000
77,89,2.356194
78,3,0.785398
78,6,0.000000
78,9,-0.785398
78,25,-1.570796
78,30,0.785398
78,38,3.141593
78,42,0.785398
78,44,2.356194
78,76,0.785398
78,89,-2.356194
79,3,-0.321751
79,5,3.141593
79,31,-2.356194
79,43,0.000000
79,76,-0.321751
79,77,2.819842
80,22,1.570796
80,24,1.570796
80,47,0.785398
80,51,1.570796
80,70,1.570796
80,77,-2.356194
81,30,1.570796
81,37,1.570796
81,48,0.000000
81,49,1.892547
81,53,1.249046
81,54,2.356194
81,55,0.785398
81,77,0.785398
82,30,-1.570796
82,41,0.785398
82,51,-1.570796
82,56,-1.570796
82,64,0.785398
82,77,-0.321751
82,78,2.819842
83,49,-0.785398
83,53,-1.570796
83,57,1.570796
83,62,0.000000
83,63,0.000000
83,78,-2.356194
84,38,-1.570796
84,50,1.570796
84,58,3.141593
84,66,2.819842
85,27,0.785398
85,31,1.570796
85,43,1.570796
85,50,-0.321751
85,51,2.819842
85,55,-2.356194
85,66,-1.570796
85,89,2.356194
86,27,-0.321751
86,28,2.819842
86,35,-1.570796
86,43,-0.321751
86,47,-2.356194
86,51,-1.570796
86,61,3.141593
86,74,0.785398
86,89,-2.819842
87,28,-2.356194
87,41,1.570796
87,45,2.819842
87,52,0.000000
87,56,0.785398
87,74,-0.321751
87,75,2.819842
87,88,-0.785398
88,36,1.570796
88,48,0.785398
88,53,-1.570796
88,67,0.785398
88,75,-2.356194
89,4,0.785398
89,31,-1.570796
89,45,-0.321751
89,46,2.819842
89,67,-0.321751
89,68,2.819842
90,4,-0.321751
90,7,1.892547
90,9,2.356194
90,36,-1.570796
90,50,0.000000
90,55,1.570796
90,68,-2.356194
90,71,0.785398
91,32,1.570796
91,46,-0.321751
91,55,-0.321751
91,56,2.819842
91,71,-0.321751
91,72,2.819842
92,4,0.321751
92,12,2.356194
92,25,0.785398
92,37,0.000000
92,38,3.141593
92,51,-0.321751
92,56,-1.570796
92,65,1.570796
92,68,-1.570796
92,72,-2.356194
93,4,-0.785398
93,10,-1.570796
93,12,3.141593
93,25,-0.321751
93,26,2.819842
93,42,-1.570796
93,49,2.819842
93,57,-2.356194
93,62,1.570796
93,65,-0.321751
93,66,2.819842
94,8,-0.785398
94,12,-2.356194
94,26,-2.356194
94,33,0.785398
94,36,0.785398
94,49,-2.356194
94,62,-0.321751
94,66,-1.570796
94,69,1.570796
94,86,1.570796
95,12,0.785398
95,23,0.785398
95,33,-0.321751
95,34,2.819842
95,37,-2.356194
95,40,1.570796
95,55,2.819842
95,64,2.819842
95,67,-2.356194
95,69,0.785398
95,76,0.785398
96,8,2.356194
96,12,0.000000
96,23,-0.321751
96,24,2.819842
96,26,-1.570796
96,34,-1.570796
96,55,-1.570796
96,61,1.570796
96,64,-1.570796
96,69,-0.321751
96,70,2.819842
96,76,-0.321751
96,77,2.819842
97,7,-0.785398
97,12,-0.785398
97,14,-2.356194
97,17,-1.570796
97,24,-1.570796
97,30,-1.570796
97,66,3.141593
97,70,-2.356194
97,73,-1.570796
97,77,-2.356194
97,81,1.570796
97,83,1.249046
97,85,-1.892547
98,12,-1.570796
98,14,-1.570796
98,21,-1.570796
98,25,-2.356194
98,35,-1.570796
98,41,-1.570796
98,53,3.141593
98,58,3.141593
98,62,-2.356194
98,70,-1.570796
98,77,-1.570796
98,83,-1.892547
