13,40,1.249046
13,41,2.356194
14,74,0.785398
14,75,1.892547
15,25,0.785398
15,26,2.356194
15,40,-1.570796
15,77,0.785398
16,26,-1.570796
18,16,0.785398
18,43,0.785398
18,44,2.356194
18,79,0.785398
18,80,2.356194
19,16,-0.785398
19,17,3.141593
19,43,-0.785398
19,79,-0.785398
20,15,1.570796
21,14,0.321751
21,15,-2.819842
22,14,-0.785398
22,72,0.321751
23,72,-0.785398
25,72,2.356194
26,35,0.785398
26,51,0.000000
26,52,1.892547
26,70,1.570796
26,72,3.141593
27,35,0.000000
27,56,0.785398
27,57,1.892547
27,63,0.321751
27,87,3.141593
28,35,-0.785398
28,57,-1.249046
28,58,-2.356194
28,63,-1.570796
29,42,-0.785398
29,43,-1.570796
29,44,-2.356194
29,61,0.785398
29,74,1.570796
30,14,2.356194
30,54,2.356194
30,62,-1.249046
30,63,-2.356194
30,70,0.000000
30,76,-2.356194
31,34,1.570796
31,65,0.000000
31,66,1.892547
31,68,1.249046
31,69,3.141593
31,72,-1.249046
31,79,0.785398
32,12,0.321751
32,33,-0.785398
32,34,-2.356194
32,58,0.000000
32,59,1.570796
32,60,2.356194
32,75,-1.570796
32,79,-0.785398
33,12,-1.570796
33,53,-1.249046
33,54,3.141593
33,62,0.785398
33,63,1.892547
33,66,-1.570796
33,76,0.000000
33,77,1.570796
33,78,3.141593
33,82,2.819842
34,55,0.000000
34,56,1.570796
34,63,-1.249046
34,71,0.000000
34,72,1.892547
34,82,-1.570796
35,48,0.785398
35,49,1.892547
35,58,-1.249046
35,60,1.892547
35,65,-1.249046
35,67,1.892547
35,77,0.000000
36,49,-1.249046
36,51,1.570796
36,52,2.356194
36,53,0.785398
36,60,-1.249046
36,62,1.892547
36,67,-1.249046
36,68,-2.356194
36,73,-1.249046
36,75,1.892547
36,79,0.000000
36,80,1.892547
37,20,0.785398
37,21,2.356194
37,24,0.785398
37,25,1.570796
37,26,2.356194
37,57,1.892547
37,62,-1.249046
37,64,1.892547
37,70,0.000000
37,71,1.892547
37,75,-1.249046
37,77,3.141593
37,85,0.000000
37,86,1.892547
38,20,-0.785398
38,34,1.249046
38,35,2.356194
38,45,0.785398
38,46,1.570796
38,47,2.356194
38,57,-1.249046
38,58,-2.356194
38,64,-1.249046
38,66,1.892547
38,77,-1.570796
38,87,2.819842
39,33,-0.785398
39,34,-1.892547
39,51,-1.249046
39,52,-2.356194
39,66,-1.249046
39,68,1.892547
39,72,-1.249046
39,74,1.892547
39,78,0.000000
39,79,1.892547
40,10,0.321751
40,12,3.141593
40,22,0.785398
40,23,2.356194
40,27,2.356194
40,54,-1.249046
40,55,-2.356194
40,68,-1.249046
40,70,1.892547
40,86,0.000000
40,87,-1.570796
40,89,2.356194
41,10,-1.570796
41,34,0.000000
41,38,3.141593
41,43,0.000000
41,48,3.141593
41,65,0.000000
41,66,1.892547
41,89,-2.356194
42,24,-1.892547
42,26,-1.570796
42,52,0.000000
42,66,-1.249046
42,67,3.141593
42,76,-1.249046
42,77,3.141593
42,82,2.819842
42,85,-1.570796
42,89,0.785398
43,27,2.356194
43,57,3.141593
43,78,1.570796
43,89,-0.785398
43,90,3.141593
44,27,-2.819842
44,31,0.000000
44,32,3.141593
44,40,0.000000
44,42,3.141593
44,45,0.321751
44,47,-2.356194
44,51,3.141593
44,73,-1.249046
44,74,3.141593
44,78,-0.321751
44,83,1.570796
44,87,0.000000
44,88,2.356194
44,91,-2.356194
45,18,0.785398
45,19,1.570796
45,20,2.356194
45,25,-0.785398
45,26,-1.892547
45,45,-0.785398
45,54,0.000000
45,66,-2.356194
45,70,0.000000
45,75,0.000000
45,76,1.892547
45,83,-0.321751
46,22,2.356194
46,30,0.000000
46,33,0.785398
46,57,3.141593
46,68,0.000000
46,69,0.000000
46,88,-0.321751
46,89,2.819842
47,21,-1.892547
47,51,0.000000
47,53,3.141593
47,59,0.000000
47,60,3.141593
47,65,0.000000
47,70,-2.356194
47,78,2.819842
47,86,2.819842
47,89,-1.570796
48,27,3.141593
48,35,-2.356194
48,36,3.141593
48,74,0.000000
48,78,-1.570796
48,83,2.819842
48,86,-1.570796
48,90,1.570796
49,22,1.249046
49,23,2.356194
49,30,0.000000
49,31,3.141593
49,57,0.000000
49,58,0.785398
49,59,1.892547
49,64,0.785398
49,72,2.356194
49,75,-1.570796
49,87,1.570796
49,90,-0.321751
49,91,2.819842
50,21,0.000000
50,22,-1.892547
50,27,2.356194
50,43,0.785398
50,48,1.570796
50,60,-2.356194
50,61,3.141593
50,70,0.785398
50,71,2.356194
50,83,-0.321751
50,87,-0.321751
50,88,2.819842
50,91,-2.356194
51,44,-2.356194
51,48,-0.321751
51,56,0.000000
51,57,0.785398
51,71,-1.570796
51,77,1.570796
51,81,1.570796
51,85,2.819842
51,88,-1.570796
51,91,-1.570796
52,50,2.819842
52,58,-1.249046
52,59,3.141593
52,64,0.785398
52,77,-0.321751
52,81,-0.321751
52,85,-1.570796
52,89,1.570796
53,8,0.321751
53,10,-2.356194
53,21,1.249046
53,22,3.141593
53,27,2.356194
53,60,-2.356194
53,65,-2.356194
53,83,2.819842
53,89,-0.321751
54,20,0.000000
54,21,-1.892547
54,33,0.000000
54,35,3.141593
54,51,3.141593
54,67,0.785398
54,75,0.000000
54,80,2.819842
54,83,-1.570796
54,87,1.570796
54,91,2.819842
55,8,-0.785398
55,9,3.141593
55,18,1.249046
55,19,3.141593
55,76,-1.570796
55,80,-1.570796
55,84,1.570796
55,87,-0.321751
55,91,-2.356194
56,21,1.249046
56,22,3.141593
56,28,3.141593
56,33,1.249046
56,34,2.356194
56,35,3.141593
56,55,-2.356194
56,61,2.356194
56,69,0.000000
56,73,0.000000
56,77,1.570796
56,84,-0.321751
56,85,2.819842
57,16,0.321751
57,21,-1.892547
57,31,0.000000
57,32,-0.785398
57,33,-1.892547
57,70,-1.570796
57,74,-1.570796
57,77,-0.321751
57,78,2.819842
58,40,3.141593
58,60,-1.570796
58,64,0.785398
58,75,1.570796
58,78,-1.570796
58,82,1.570796
58,85,-0.321751
58,90,-1.570796
59,27,2.356194
59,38,-0.785398
59,65,0.785398
59,66,3.141593
59,75,-0.321751
59,76,2.819842
59,82,-0.321751
59,83,2.819842
59,87,2.819842
60,26,3.141593
60,65,-0.785398
60,70,-2.356194
60,76,-1.570796
60,83,-1.570796
60,87,-1.570796
61,7,0.785398
61,18,0.000000
61,19,0.000000
61,25,-1.570796
61,45,1.570796
61,50,0.785398
61,65,-1.570796
61,80,1.570796
61,84,1.570796
61,88,1.570796
61,91,-1.570796
62,7,-0.785398
62,8,3.141593
62,17,-2.356194
62,51,-2.356194
62,72,0.785398
62,77,0.785398
62,80,-0.321751
62,81,2.819842
62,84,-0.321751
62,85,2.819842
62,89,2.819842
63,14,-0.785398
63,15,-1.892547
63,19,-0.785398
63,22,0.000000
63,32,3.141593
63,45,0.785398
63,73,-0.785398
63,77,-0.321751
63,78,2.819842
63,81,-1.570796
63,89,-2.356194
64,29,1.249046
64,30,3.141593
64,45,-0.321751
64,67,0.785398
64,71,1.570796
64,74,-2.356194
64,78,-1.570796
64,85,-0.321751
65,17,2.356194
65,20,2.356194
65,28,0.321751
65,46,-1.249046
65,47,-2.356194
65,59,2.356194
65,60,0.785398
65,68,-2.356194
65,71,-1.570796
66,28,-1.570796
66,36,0.000000
66,50,3.141593
66,58,-0.785398
66,61,-2.356194
66,76,0.785398
66,86,-0.321751
66,87,2.819842
67,15,1.570796
67,27,-0.785398
67,41,-2.356194
68,21,2.356194
68,24,2.356194
68,58,2.356194
68,62,-2.356194
68,70,1.570796
68,74,0.785398
68,87,-0.321751
68,88,2.819842
69,6,0.785398
69,23,1.570796
69,33,1.570796
69,58,-2.819842
69,67,1.570796
69,78,1.570796
70,8,2.356194
70,12,-0.785398
70,13,-1.892547
70,16,-2.819842
70,22,0.321751
70,23,-2.819842
70,33,0.785398
70,70,0.000000
70,73,1.570796
70,75,-1.570796
70,78,-0.321751
70,79,2.819842
70,88,-0.321751
70,89,2.819842
70,91,-1.570796
71,15,-1.570796
71,22,-1.570796
71,33,-0.321751
71,34,2.819842
71,39,1.570796
71,56,-1.892547
71,68,0.785398
71,69,3.141593
71,79,-2.356194
71,89,-2.356194
72,6,-0.785398
72,21,1.570796
72,34,-1.570796
72,54,-1.570796
72,68,-0.785398
72,89,0.785398
73,14,-1.570796
73,17,1.570796
73,20,0.321751
73,21,-2.819842
73,35,-2.356194
73,49,0.000000
73,50,3.141593
73,53,-0.785398
73,59,2.356194
73,69,-2.356194
73,72,-2.356194
73,89,-0.321751
73,90,2.819842
74,17,-2.819842
74,20,-0.785398
74,27,1.570796
74,75,1.570796
74,77,0.785398
74,90,-2.356194
75,11,0.000000
75,12,1.892547
75,15,0.321751
75,20,-1.570796
75,23,1.570796
75,76,-2.356194
75,78,-1.570796
75,80,0.000000
75,83,0.785398
76,15,-1.570796
76,38,-1.570796
76,58,-1.570796
76,79,0.000000
76,83,-0.321751
76,84,2.819842
76,87,0.785398
77,12,-0.785398
77,23,-1.570796
77,63,0.785398
77,81,2.356194
77,84,-2.356194
77,87,-0.321751
77,88,2.819842
78,44,3.141593
78,64,-2.356194
78,77,1.570796
78,88,-2.356194
79,11,0.321751
79,13,2.819842
79,55,1.570796
79,80,-0.785398
79,84,0.785398
80,6,0.785398
80,26,2.356194
80,71,2.356194
80,77,0.785398
80,82,-1.570796
80,84,-0.321751
80,85,2.819842
80,91,-1.570796
81,6,-0.785398
81,7,-2.356194
81,8,0.785398
81,9,1.570796
81,11,-1.570796
81,16,0.785398
81,52,1.249046
81,53,2.356194
81,70,-0.785398
81,75,1.570796
81,77,-0.321751
81,78,2.819842
81,80,-1.570796
81,85,-1.570796
82,23,0.000000
82,24,-0.785398
82,25,-1.892547
82,27,-2.356194
82,31,2.356194
82,32,3.141593
82,49,0.000000
82,51,-0.785398
82,52,-1.892547
82,68,1.570796
82,78,-2.356194
83,30,-0.785398
83,65,1.570796
83,68,-1.570796
83,81,1.570796
84,17,-1.570796
84,20,1.570796
84,43,-2.356194
84,65,-1.570796
84,86,0.785398
85,30,-1.570796
85,56,2.356194
85,58,3.141593
85,61,1.570796
85,84,1.570796
85,86,-0.321751
85,87,2.819842
86,43,2.356194
86,55,-0.785398
86,87,-2.356194
87,5,0.785398
87,14,1.570796
87,19,-0.785398
87,30,1.570796
87,39,2.356194
87,42,1.570796
87,55,2.356194
88,5,0.000000
88,11,2.356194
88,14,2.356194
88,16,1.570796
88,22,1.570796
88,32,1.570796
88,36,0.000000
88,41,0.321751
88,42,-2.819842
88,51,1.570796
88,54,0.321751
88,55,-2.819842
88,72,1.570796
89,5,-0.785398
89,11,-2.819842
89,13,0.321751
89,14,-2.819842
89,30,-1.570796
89,41,-1.570796
89,48,1.570796
89,51,-1.570796
89,54,-0.785398
89,61,-1.570796
89,69,1.570796
89,78,0.785398
90,10,-0.785398
90,13,-0.785398
90,19,1.570796
90,24,1.570796
90,27,1.570796
90,32,-1.570796
90,39,1.249046
90,40,3.141593
90,57,1.570796
90,78,-0.321751
90,80,2.356194
90,82,2.356194
91,10,2.356194
91,36,0.000000
91,37,0.785398
91,67,1.570796
91,82,3.141593
92,10,-2.819842
92,33,0.785398
92,41,1.249046
92,42,2.356194
92,47,-0.785398
92,50,1.570796
92,59,1.570796
92,67,-1.570796
92,82,-2.356194
93,31,1.570796
93,35,0.785398
93,36,1.570796
93,37,3.141593
93,53,-1.570796
94,5,0.785398
94,31,0.785398
94,46,2.356194
94,59,-1.570796
94,64,1.570796
95,31,-0.321751
95,38,-0.785398
95,39,-1.892547
95,43,-1.570796
95,49,-1.570796
95,52,1.570796
95,91,2.356194
96,19,2.356194
96,32,-1.249046
96,33,-2.356194
96,34,3.141593
96,58,1.570796
96,85,0.785398
96,90,0.000000
97,11,-0.785398
97,12,-1.570796
97,13,-2.356194
97,15,-0.785398
97,16,-1.570796
97,17,-2.356194
97,18,-0.785398
97,25,-1.570796
97,48,2.356194
97,52,-1.570796
97,64,-1.570796
97,72,-1.570796
97,79,-1.570796
97,83,1.570796
97,85,-0.785398
97,86,-2.356194
97,87,-0.785398
97,88,-1.570796
97,89,-2.356194
98,23,-1.570796
98,29,-2.356194
98,43,-0.785398
98,47,-0.785398
98,55,-1.570796
98,58,-1.570796
98,69,-1.570796
98,76,-1.570796
98,84,-2.356194
