5,42,1.249046
5,43,2.356194
5,50,0.785398
5,51,1.892547
6,31,1.249046
6,32,2.356194
6,36,0.785398
6,37,1.570796
6,38,2.356194
6,57,0.785398
6,58,1.570796
6,59,2.356194
7,21,1.249046
7,22,2.356194
7,42,-2.356194
7,51,-0.785398
8,18,1.249046
8,19,2.356194
8,20,-0.785398
8,31,-2.356194
9,10,1.249046
9,11,2.356194
9,17,-0.785398
10,9,0.321751
10,42,0.785398
10,82,0.000000
11,9,-0.785398
11,42,0.000000
11,44,0.785398
11,45,1.892547
11,83,-1.570796
12,38,1.570796
12,42,-1.570796
12,45,-1.249046
12,46,3.141593
12,51,0.785398
12,57,0.321751
12,59,2.819842
13,39,-2.356194
13,41,0.000000
13,57,-1.570796
14,9,2.356194
14,35,3.141593
14,49,0.000000
14,56,1.570796
14,60,-2.356194
15,28,0.000000
15,29,1.892547
15,44,0.785398
15,45,1.892547
15,52,-1.892547
16,7,0.321751
16,29,-1.249046
16,30,-2.356194
16,38,0.785398
16,45,-1.249046
16,46,-2.356194
16,47,3.141593
16,50,-0.785398
17,7,-0.785398
17,50,0.785398
17,66,0.000000
17,67,1.892547
18,21,-0.785398
18,51,-2.356194
18,58,-1.249046
18,60,1.892547
18,67,-1.249046
18,68,3.141593
19,7,2.356194
19,30,0.785398
19,37,3.141593
19,60,-1.249046
19,61,3.141593
20,6,0.321751
20,25,0.785398
20,32,3.141593
20,39,0.785398
20,46,3.141593
21,6,-1.570796
21,40,1.570796
21,48,0.785398
22,29,3.141593
22,41,3.141593
22,66,0.000000
22,67,1.892547
22,86,2.356194
23,43,0.785398
23,44,1.892547
23,51,-2.356194
23,60,0.000000
23,61,1.892547
23,67,-1.249046
23,68,3.141593
24,23,3.141593
24,44,-1.249046
24,46,1.892547
24,53,0.000000
24,61,-1.249046
24,62,3.141593
24,69,0.000000
24,70,1.892547
24,77,0.000000
24,78,1.892547
24,81,0.785398
24,82,1.570796
24,83,2.356194
24,84,-0.785398
24,85,-1.892547
25,12,-2.356194
25,55,0.000000
25,56,1.892547
25,63,0.000000
25,64,1.892547
25,70,-1.249046
25,72,1.892547
25,78,-1.249046
26,4,0.321751
26,6,3.141593
26,15,0.000000
26,17,3.141593
26,33,1.249046
26,47,-1.249046
26,48,3.141593
26,56,-1.249046
26,57,3.141593
26,64,-1.249046
26,65,3.141593
26,80,-1.249046
27,4,-0.785398
27,22,0.000000
27,24,0.785398
27,25,1.892547
27,41,0.000000
27,42,0.785398
27,43,1.892547
27,50,3.141593
27,73,-1.249046
27,75,1.892547
28,25,-1.249046
28,26,-2.356194
28,27,3.141593
28,33,-1.249046
28,43,-1.249046
28,44,3.141593
28,52,0.785398
28,68,0.000000
28,69,1.892547
29,15,0.785398
29,16,1.892547
29,29,0.000000
29,53,0.000000
29,54,1.892547
29,63,3.141593
30,4,2.356194
30,18,1.570796
30,19,2.356194
30,40,1.570796
30,54,-1.249046
30,55,3.141593
30,70,-1.249046
30,71,3.141593
30,77,-1.249046
30,79,1.892547
31,3,0.321751
31,16,-1.570796
31,25,-2.356194
31,40,0.000000
31,46,0.785398
31,47,2.356194
31,56,-2.356194
31,72,0.000000
31,73,1.892547
32,3,-1.570796
32,12,3.141593
32,31,2.356194
32,32,3.141593
32,38,2.356194
32,41,1.570796
32,50,-2.356194
32,58,0.000000
32,66,0.000000
32,80,-1.249046
32,82,1.892547
33,14,-0.785398
33,18,-1.570796
33,30,-0.785398
33,37,-0.785398
33,41,0.000000
33,46,3.141593
33,68,0.000000
33,69,1.892547
33,82,-1.249046
33,83,3.141593
34,41,-0.785398
34,46,-1.570796
34,69,-1.249046
34,70,3.141593
34,75,-1.249046
34,77,1.892547
35,2,0.785398
35,30,2.356194
35,37,-1.570796
35,48,3.141593
35,55,0.785398
36,3,-2.356194
36,14,3.141593
36,18,0.785398
36,29,0.000000
36,30,-2.356194
36,56,-2.356194
36,78,-1.249046
36,79,-2.356194
36,86,0.000000
36,87,1.892547
36,90,2.356194
37,26,0.785398
37,27,1.570796
37,28,3.141593
37,31,-2.356194
37,37,0.000000
37,38,3.141593
37,42,-2.356194
37,51,0.785398
37,87,-1.249046
37,88,-2.356194
37,90,3.141593
38,22,1.249046
38,23,2.356194
38,45,0.785398
38,52,-2.356194
38,67,-2.356194
38,90,-2.356194
39,32,0.000000
39,33,0.785398
39,34,1.892547
39,36,2.356194
39,46,-2.356194
39,61,0.785398
39,75,0.000000
39,76,1.892547
40,18,0.785398
40,22,-1.570796
40,27,2.356194
40,34,-1.249046
40,35,-2.356194
40,39,0.000000
40,40,3.141593
40,69,0.000000
40,70,0.785398
40,71,1.892547
40,76,-1.249046
40,77,3.141593
41,3,0.000000
41,26,-0.785398
41,71,-1.249046
41,72,3.141593
42,44,0.000000
42,59,0.785398
42,85,0.000000
42,91,-1.570796
43,18,-1.570796
43,46,-2.356194
43,75,3.141593
43,84,-0.785398
44,67,-2.356194
44,77,0.000000
44,79,-0.785398
45,3,0.000000
45,9,3.141593
45,62,-2.356194
45,91,3.141593
46,32,0.000000
46,35,3.141593
46,72,0.000000
46,82,-1.249046
46,83,3.141593
47,21,1.570796
47,66,1.570796
47,75,3.141593
47,84,0.000000
47,85,1.892547
48,16,1.570796
48,21,-0.321751
48,66,-1.570796
48,85,-1.249046
48,86,3.141593
49,10,3.141593
49,77,0.000000
49,78,0.785398
49,79,1.892547
50,2,0.000000
50,15,0.321751
50,17,2.819842
50,22,-0.785398
50,34,0.000000
50,36,3.141593
50,57,0.785398
50,72,0.785398
50,79,-1.249046
50,81,1.892547
50,90,3.141593
51,17,-2.356194
51,22,0.785398
51,26,2.356194
51,58,-2.356194
51,81,-1.249046
51,82,3.141593
52,13,1.249046
52,15,-1.570796
52,16,-2.356194
52,22,-0.785398
52,23,-2.356194
52,26,3.141593
52,60,0.785398
52,83,0.000000
52,84,1.892547
53,12,-0.785398
53,13,-1.892547
53,26,-2.356194
53,30,0.000000
53,31,3.141593
53,61,-2.356194
53,68,0.000000
53,76,0.000000
53,77,1.892547
53,84,-1.249046
53,85,-2.356194
54,6,0.000000
54,21,2.356194
54,26,-1.570796
54,34,0.000000
54,35,3.141593
54,77,-1.249046
54,78,3.141593
55,2,0.000000
55,3,3.141593
55,19,1.249046
55,57,0.785398
55,90,3.141593
56,17,1.249046
56,19,-1.892547
56,21,-1.249046
56,22,-2.356194
56,24,3.141593
56,58,-2.356194
56,65,0.000000
56,74,3.141593
56,80,0.000000
56,81,1.892547
57,11,0.000000
57,16,-0.785398
57,17,-1.892547
57,31,0.000000
57,32,3.141593
57,81,-1.249046
57,82,-2.356194
59,63,0.785398
59,70,0.000000
59,71,1.892547
60,2,0.000000
60,4,3.141593
60,18,0.000000
60,20,3.141593
60,90,0.000000
61,72,-1.249046
61,73,3.141593
61,91,-2.356194
62,9,3.141593
62,81,0.000000
62,86,0.785398
62,87,1.892547
63,6,0.000000
63,68,-2.356194
63,75,-2.356194
63,87,-1.249046
63,88,-2.356194
63,89,-0.785398
63,91,2.819842
64,2,0.000000
64,4,3.141593
64,78,0.785398
64,91,-2.356194
65,30,0.000000
65,31,3.141593
65,91,-1.570796
66,65,0.000000
66,72,0.785398
66,85,0.785398
66,86,1.892547
67,67,-2.356194
67,73,-2.356194
67,78,0.785398
67,86,-1.249046
67,87,-2.356194
68,9,0.000000
68,10,3.141593
68,61,0.785398
68,80,3.141593
68,90,3.141593
69,3,0.000000
69,7,3.141593
69,82,0.785398
70,63,-2.356194
70,77,0.785398
70,84,0.785398
70,85,1.892547
71,78,-2.356194
71,85,-1.249046
71,87,1.892547
72,67,0.785398
72,80,0.785398
72,87,-1.249046
72,89,1.892547
73,68,-2.356194
73,89,-1.249046
73,90,-2.356194
73,91,3.141593
74,6,3.141593
74,63,0.785398
74,77,0.785398
74,84,0.785398
74,85,1.892547
75,2,-0.785398
75,64,-2.356194
75,78,0.000000
75,79,1.892547
75,85,-1.249046
75,86,3.141593
76,12,0.000000
76,13,3.141593
76,74,0.785398
76,79,-1.249046
76,80,3.141593
77,90,3.141593
78,5,0.000000
78,6,3.141593
78,76,0.000000
78,77,1.892547
79,2,0.000000
79,3,3.141593
79,72,0.785398
80,87,0.000000
80,88,1.892547
81,77,3.141593
81,88,-1.249046
81,89,3.141593
82,71,0.785398
82,77,-1.570796
82,83,0.000000
82,84,1.892547
82,90,-2.356194
83,72,-2.356194
83,78,-2.356194
83,84,-1.249046
83,85,3.141593
84,86,0.000000
84,87,1.892547
85,81,0.000000
86,89,-2.356194
87,91,-2.356194
89,2,0.000000
89,3,3.141593
89,82,0.785398
90,83,0.000000
90,84,1.892547
91,84,-1.249046
91,85,3.141593
92,86,-2.356194
93,76,0.785398
93,88,0.785398
94,77,-2.356194
94,83,0.785398
94,89,0.000000
95,90,-1.570796
96,5,2.356194
96,79,0.785398
96,84,-1.570796
96,91,-2.356194
97,69,0.785398
98,3,-0.785398
98,70,-2.356194
98,81,-2.356194
