12,30,1.249046
12,31,2.356194
12,48,0.785398
12,49,1.892547
14,48,0.321751
14,67,2.356194
14,68,0.785398
14,69,1.570796
14,70,2.356194
14,72,0.785398
14,73,1.570796
14,74,2.356194
15,48,-0.785398
16,14,1.249046
16,15,3.141593
16,48,2.356194
16,64,0.321751
17,13,0.321751
17,28,0.000000
17,46,1.249046
17,48,3.141593
17,64,-0.785398
18,13,-1.570796
18,28,-0.785398
18,48,-2.356194
18,64,2.356194
19,62,1.249046
19,64,3.141593
20,64,-2.356194
21,42,-0.785398
21,81,0.321751
21,83,3.141593
22,44,-2.819842
22,81,-1.570796
23,34,0.785398
23,48,0.785398
23,63,0.321751
23,65,2.819842
23,68,0.321751
23,70,2.819842
24,34,0.000000
24,41,2.356194
24,42,-0.785398
25,63,-0.321751
25,65,-2.819842
25,68,0.000000
26,41,2.819842
26,48,-1.249046
26,50,-1.570796
26,51,-2.356194
26,68,-0.785398
26,82,2.819842
27,46,3.141593
27,56,-2.356194
28,34,-0.785398
28,41,-1.570796
28,43,1.570796
28,44,3.141593
28,46,-2.356194
28,67,0.321751
29,13,3.141593
29,75,2.356194
29,80,-1.570796
30,37,-1.892547
30,46,0.785398
30,51,1.249046
30,52,2.356194
30,55,-0.785398
30,56,-1.570796
30,58,1.570796
30,59,2.356194
30,63,-0.785398
30,64,-1.570796
30,65,-2.356194
30,66,-0.785398
30,67,-1.570796
30,76,0.000000
30,77,1.892547
30,79,1.570796
31,9,0.321751
31,15,1.570796
31,18,1.249046
31,20,1.892547
31,28,2.819842
31,34,0.000000
31,35,-1.892547
31,50,-0.785398
31,51,-1.892547
31,70,-1.249046
32,9,-0.785398
32,32,1.249046
32,33,3.141593
32,44,-2.356194
32,45,-0.785398
32,46,-1.892547
32,74,-2.356194
32,75,0.785398
32,81,2.356194
33,14,0.321751
33,39,1.249046
33,40,2.356194
33,41,-0.785398
33,42,-1.892547
33,72,-1.570796
33,76,-1.249046
33,91,-2.356194
34,9,2.356194
34,21,2.819842
34,38,-0.785398
34,39,-1.892547
34,52,1.249046
34,53,2.356194
34,54,0.785398
34,55,1.570796
34,56,2.356194
34,62,0.785398
34,63,1.892547
34,78,-1.249046
35,8,0.321751
35,28,-1.570796
35,47,1.249046
35,49,1.570796
35,50,2.356194
35,70,-0.785398
35,71,-1.570796
35,72,3.141593
36,8,-1.570796
36,19,0.000000
36,21,-1.570796
36,22,-2.356194
36,26,-1.570796
36,30,2.356194
36,31,-0.785398
36,32,-1.892547
36,44,2.356194
36,52,-2.356194
36,55,0.785398
36,58,2.356194
36,63,-1.570796
36,73,1.570796
36,80,-1.570796
36,82,0.000000
36,83,1.892547
37,27,0.785398
37,29,-1.892547
37,40,1.570796
37,43,-0.785398
37,45,-0.785398
37,46,-1.892547
37,55,0.000000
37,74,-2.356194
37,75,0.785398
37,76,1.892547
37,78,1.249046
37,79,3.141593
37,83,-1.249046
37,84,3.141593
37,91,-2.356194
38,12,0.000000
38,13,1.570796
38,18,0.321751
38,20,2.819842
38,37,1.249046
38,38,2.356194
38,40,2.356194
38,55,-0.785398
38,61,-0.785398
38,62,-1.570796
38,63,3.141593
38,85,0.000000
38,86,1.892547
39,20,-1.570796
39,25,1.249046
39,27,3.141593
39,33,1.249046
39,35,1.570796
39,40,3.141593
39,55,2.356194
39,58,-0.785398
39,80,0.785398
39,81,1.892547
39,86,-1.249046
39,88,1.892547
40,7,0.785398
40,23,2.356194
40,27,-1.570796
40,40,-2.356194
40,54,0.321751
40,55,-2.819842
40,83,1.892547
40,88,-1.249046
40,89,3.141593
41,7,-0.785398
41,8,3.141593
41,20,-0.785398
41,29,2.356194
41,30,0.785398
41,31,2.356194
41,33,-1.570796
41,37,-2.819842
41,54,-0.785398
41,76,-1.249046
41,77,3.141593
41,81,-1.570796
41,83,-1.249046
41,85,1.892547
41,90,0.000000
42,22,-1.570796
42,27,-0.785398
42,28,-1.892547
42,31,-1.570796
42,46,1.570796
42,79,0.785398
42,85,-1.249046
42,86,3.141593
42,91,-2.356194
43,16,0.000000
43,25,-1.892547
43,36,3.141593
43,73,0.785398
43,74,1.892547
44,15,1.570796
44,21,2.356194
44,22,-0.785398
44,23,-1.892547
44,36,-1.570796
44,43,-1.570796
44,61,1.570796
44,64,0.785398
44,82,-2.356194
44,83,0.785398
44,84,1.892547
45,13,0.785398
45,30,1.570796
45,74,-0.785398
45,79,0.785398
45,91,2.819842
46,17,2.356194
46,18,-0.785398
46,19,-1.892547
46,27,1.249046
46,30,-2.819842
46,40,-1.570796
46,61,0.785398
46,65,-1.570796
46,71,-1.570796
46,74,0.785398
46,80,-1.249046
46,82,1.892547
46,86,0.000000
47,8,1.249046
47,9,2.356194
47,26,-0.785398
47,61,-0.321751
47,62,2.819842
47,76,1.892547
47,89,-2.356194
47,90,-0.785398
48,14,0.000000
48,34,-1.570796
48,47,-1.570796
48,49,-1.570796
48,62,-2.356194
48,66,1.570796
48,78,2.356194
49,13,3.141593
49,62,-1.570796
49,81,0.785398
50,12,-1.892547
50,16,0.000000
50,29,2.819842
50,31,-0.321751
50,32,2.819842
50,35,1.570796
50,42,1.570796
50,56,1.570796
50,74,0.785398
50,76,0.000000
50,77,-2.356194
51,8,-0.321751
51,25,0.785398
51,26,1.570796
51,27,3.141593
51,29,-2.356194
51,35,0.785398
51,38,-1.570796
51,42,0.785398
51,50,1.570796
51,56,-0.321751
51,57,2.819842
51,67,-2.356194
51,75,-0.785398
51,78,2.356194
51,83,-1.249046
51,85,1.892547
51,88,-1.249046
51,89,-2.356194
52,15,0.000000
52,16,-2.356194
52,32,-0.321751
52,33,2.819842
52,35,-0.321751
52,36,2.819842
52,42,-0.321751
52,43,2.819842
52,53,0.785398
52,64,0.785398
52,76,0.000000
52,91,-2.356194
53,13,1.249046
53,14,3.141593
53,17,1.570796
53,33,-2.356194
53,36,-2.356194
53,43,-2.356194
53,47,1.570796
53,53,-0.321751
53,54,2.819842
53,57,-0.321751
53,58,2.819842
53,77,-1.249046
53,81,0.785398
53,82,1.892547
53,86,-1.249046
53,88,1.892547
54,5,1.249046
54,17,0.000000
54,30,0.785398
54,33,0.785398
54,40,1.570796
54,47,0.785398
54,54,-2.356194
54,58,-1.570796
54,82,-1.249046
54,83,-2.356194
54,88,-1.249046
54,89,3.141593
55,4,0.321751
55,13,-1.570796
55,17,-1.570796
55,26,2.356194
55,30,-0.321751
55,31,2.819842
55,33,-0.321751
55,34,2.819842
55,47,-0.321751
55,48,2.819842
55,54,0.785398
55,79,3.141593
55,85,1.570796
55,91,3.141593
56,4,-0.785398
56,9,-1.892547
56,14,0.785398
56,15,2.356194
56,22,0.785398
56,23,1.570796
56,34,-2.356194
56,37,0.785398
56,48,-1.570796
56,86,-2.356194
57,14,-1.570796
57,38,2.819842
57,41,0.785398
57,45,1.570796
57,56,0.000000
57,57,1.892547
57,60,0.785398
57,65,-2.356194
57,81,2.356194
57,82,0.785398
57,83,1.892547
57,89,3.141593
58,34,-1.570796
58,36,2.356194
58,41,-0.321751
58,45,-0.321751
58,46,2.819842
58,53,-0.785398
58,60,-0.785398
58,61,-2.356194
58,83,-1.249046
58,84,3.141593
59,18,0.785398
59,19,2.356194
59,24,-1.570796
59,43,2.819842
59,46,-1.570796
59,58,-1.249046
59,59,-2.356194
59,64,-2.356194
59,71,-2.356194
59,73,0.000000
59,85,0.000000
59,86,1.892547
60,9,1.249046
60,10,3.141593
60,22,1.249046
60,23,3.141593
60,36,-0.321751
60,40,2.819842
60,43,-1.570796
60,47,1.570796
60,66,0.000000
60,67,3.141593
60,77,-0.785398
60,78,-1.570796
60,81,2.819842
61,4,0.785398
61,19,0.000000
61,21,-0.785398
61,22,-1.892547
61,26,0.000000
61,28,0.785398
61,33,2.819842
61,40,-1.570796
61,47,-0.321751
61,48,2.819842
61,59,0.785398
61,63,0.785398
61,81,-1.570796
61,89,1.892547
62,4,-0.321751
62,6,3.141593
62,9,-1.570796
62,19,-1.570796
62,37,-0.321751
62,38,2.819842
62,41,1.570796
62,48,-1.570796
62,60,-2.356194
62,64,-2.356194
62,71,0.000000
62,72,3.141593
62,83,2.356194
62,89,-1.249046
62,90,3.141593
63,12,3.141593
63,25,-0.785398
63,27,2.819842
63,38,-1.570796
63,41,-0.321751
63,42,2.819842
63,49,0.000000
63,54,1.570796
63,74,0.000000
63,91,-2.356194
64,5,0.000000
64,7,1.892547
64,22,1.249046
64,23,3.141593
64,30,-0.785398
64,42,-1.570796
64,50,-1.570796
64,55,3.141593
65,21,0.000000
65,22,-1.892547
65,26,0.321751
65,29,3.141593
65,47,1.570796
65,63,2.356194
65,66,0.785398
65,82,0.000000
66,13,0.785398
66,14,3.141593
66,26,-1.570796
66,36,0.785398
66,47,-0.321751
66,61,0.000000
66,62,2.356194
66,70,3.141593
66,85,0.000000
66,86,1.892547
67,13,-1.570796
67,28,-0.785398
67,29,-2.356194
67,30,0.785398
67,31,1.570796
67,36,-0.785398
67,45,1.570796
67,49,2.819842
67,62,-2.356194
67,64,0.785398
67,72,-0.785398
68,23,1.249046
68,27,3.141593
68,45,-0.321751
68,46,2.819842
68,49,-1.570796
68,65,-2.356194
69,5,-0.321751
69,22,0.000000
69,23,-1.892547
69,38,-0.785398
69,39,-2.356194
69,50,-2.356194
69,82,-0.785398
69,84,0.000000
69,85,1.892547
69,89,2.819842
70,14,0.785398
70,15,3.141593
70,41,1.570796
70,57,0.000000
70,58,1.892547
70,82,0.785398
71,14,-1.570796
71,25,0.000000
71,27,2.819842
71,37,-1.570796
71,41,-0.321751
71,52,0.000000
71,53,0.785398
71,54,1.892547
71,58,-1.249046
71,59,3.141593
71,67,0.000000
71,72,3.141593
71,74,0.000000
71,84,0.000000
72,8,-1.892547
72,12,0.785398
72,13,3.141593
72,18,0.785398
72,19,2.356194
72,24,1.570796
72,38,1.570796
72,42,-1.249046
72,43,3.141593
72,80,0.785398
72,91,-2.356194
73,12,-1.570796
73,16,1.249046
73,17,3.141593
73,19,-2.356194
73,24,-2.819842
73,27,0.000000
73,29,1.892547
73,35,1.570796
73,44,0.000000
73,45,1.892547
73,49,-1.249046
73,50,3.141593
73,55,-1.249046
73,56,-2.356194
73,80,-0.785398
73,83,2.819842
73,85,-0.321751
74,40,-2.356194
74,51,0.000000
74,52,1.892547
74,67,0.785398
74,68,1.892547
75,3,-0.321751
75,10,1.570796
75,14,0.321751
75,18,1.570796
75,21,0.321751
75,25,1.249046
75,46,-1.249046
75,48,1.892547
75,52,-1.249046
75,53,-2.356194
75,68,-1.249046
75,69,-2.356194
75,80,2.356194
75,83,-0.321751
75,84,2.819842
75,87,-2.356194
75,90,-0.321751
75,91,2.819842
76,7,1.570796
76,18,-2.819842
76,23,0.000000
76,38,-2.356194
76,43,0.785398
76,44,2.356194
76,78,0.785398
76,91,-2.356194
77,3,0.321751
77,12,0.785398
77,20,0.321751
77,21,-2.819842
77,27,0.321751
77,43,-0.785398
77,81,3.141593
77,84,-0.785398
77,89,1.892547
77,91,2.356194
78,20,-1.570796
78,23,0.321751
78,24,-2.819842
78,27,-0.785398
78,39,0.000000
78,44,0.000000
78,52,1.892547
78,79,-0.785398
78,82,0.000000
78,83,2.356194
78,91,-2.819842
79,3,-0.321751
79,12,0.000000
79,23,-1.570796
79,40,-1.570796
79,52,-1.249046
79,54,1.892547
79,74,0.785398
79,75,1.570796
79,77,1.892547
79,79,2.356194
80,10,0.785398
80,11,3.141593
80,30,3.141593
80,36,1.570796
80,46,1.892547
80,50,-2.356194
80,54,-1.249046
80,55,3.141593
80,79,-2.356194
80,83,-0.321751
81,27,0.321751
81,36,-0.785398
81,37,3.141593
81,43,0.785398
81,48,1.892547
81,66,0.000000
81,67,1.570796
81,68,2.356194
81,75,0.000000
81,80,0.000000
81,85,2.819842
81,88,1.570796
81,91,-2.356194
82,2,0.321751
82,10,-2.819842
82,27,-1.570796
82,31,0.785398
82,34,1.249046
82,35,3.141593
82,48,-1.249046
82,49,3.141593
82,72,0.785398
82,73,1.892547
82,78,2.819842
82,81,-1.570796
82,85,-1.570796
82,88,-0.321751
82,89,2.819842
83,2,-0.785398
83,52,0.785398
83,53,1.892547
83,65,0.785398
83,78,-1.570796
84,24,1.570796
84,30,0.000000
84,31,-1.892547
84,40,0.785398
84,41,2.356194
84,45,-0.785398
84,46,-2.356194
84,53,-1.249046
84,54,-2.356194
84,66,-1.249046
84,67,3.141593
84,73,-0.785398
84,76,-2.356194
84,79,1.570796
84,86,0.785398
84,89,-0.321751
85,9,-2.356194
85,40,-1.570796
85,43,0.785398
85,44,2.356194
85,68,0.000000
85,69,1.892547
85,73,2.356194
85,76,0.785398
85,79,-0.321751
85,80,2.819842
85,83,1.570796
85,86,-0.321751
85,87,2.819842
85,91,2.819842
86,7,2.356194
86,26,-1.570796
86,32,0.321751
86,35,1.570796
86,39,1.570796
86,44,-1.570796
86,71,2.356194
86,76,-0.321751
86,80,-1.570796
86,83,-0.321751
86,84,2.819842
86,91,-2.356194
87,7,-2.356194
87,9,2.356194
87,28,-0.785398
87,35,0.000000
87,39,3.141593
87,45,1.570796
87,53,0.785398
87,54,1.892547
87,68,0.000000
87,74,2.819842
87,78,2.819842
87,87,-0.321751
87,88,2.819842
88,2,0.321751
88,9,-2.819842
88,32,-2.819842
88,35,-1.570796
88,39,-1.570796
88,45,0.000000
88,47,1.892547
88,54,-1.249046
88,55,-2.356194
88,67,0.000000
88,71,1.570796
88,74,-1.570796
88,78,-2.356194
88,84,-0.321751
88,85,2.819842
88,88,-2.356194
89,2,-0.785398
89,6,3.141593
89,30,0.000000
89,40,1.570796
89,49,2.356194
89,60,0.785398
89,67,2.356194
89,71,-0.321751
89,72,2.819842
89,85,-2.356194
89,91,-1.570796
90,8,-2.819842
90,26,1.570796
90,29,-0.785398
90,44,-0.785398
90,51,0.000000
90,52,1.570796
90,53,2.356194
90,61,-1.570796
90,65,1.249046
90,67,-2.356194
90,72,-1.570796
90,79,1.570796
90,82,0.785398
91,7,-0.785398
91,14,1.570796
91,54,1.570796
91,62,0.785398
91,63,2.356194
91,68,1.570796
91,79,-0.321751
91,80,2.819842
91,82,-0.321751
91,83,2.819842
92,5,3.141593
92,7,2.356194
92,26,0.785398
92,38,-0.785398
92,39,-1.892547
92,56,1.570796
92,57,2.356194
92,59,3.141593
92,62,-0.785398
92,65,-2.356194
92,69,2.819842
92,80,-2.356194
92,83,-2.356194
93,3,-0.785398
93,7,3.141593
93,27,-2.356194
93,52,0.000000
93,67,-0.785398
93,69,-2.356194
94,7,-2.356194
94,54,-2.356194
94,76,0.785398
95,45,-2.356194
95,60,1.570796
95,76,-0.321751
95,77,2.819842
96,7,-1.570796
96,49,1.570796
96,52,1.570796
96,63,0.785398
96,65,2.356194
96,70,1.570796
96,77,-2.356194
96,79,1.570796
96,81,-1.570796
97,3,-1.570796
97,10,-1.570796
97,14,-2.356194
97,17,-1.570796
97,20,-1.570796
97,26,1.249046
97,27,2.356194
97,47,-1.570796
97,57,-1.570796
97,72,1.570796
97,74,-1.570796
97,91,-2.356194
98,25,-0.785398
98,26,-1.892547
98,49,-1.570796
98,52,-1.570796
98,55,-1.570796
98,60,-1.570796
98,68,-1.570796
98,70,-1.570796
98,72,-1.570796
98,77,-1.570796
98,79,-1.570796
98,84,-1.570796
98,87,-1.570796
