8,47,0.785398
8,48,1.892547
9,38,1.249046
9,39,3.141593
9,57,0.785398
9,58,1.892547
10,32,1.249046
10,33,2.356194
10,37,-0.785398
10,48,-0.785398
13,14,2.356194
13,29,-0.785398
13,72,1.570796
14,54,0.321751
15,54,-0.785398
16,54,2.356194
17,10,0.321751
17,45,0.000000
17,54,-2.819842
17,78,3.141593
18,10,-0.785398
18,49,1.892547
19,33,-2.356194
19,34,0.785398
19,35,1.570796
19,51,-1.570796
19,53,-1.570796
19,54,3.141593
19,79,2.356194
20,44,1.570796
20,46,-1.570796
20,47,-2.356194
20,48,-0.785398
20,49,-1.892547
21,10,2.356194
21,40,1.892547
22,9,0.321751
22,63,1.570796
22,65,-1.892547
23,9,-0.785398
23,40,-1.892547
23,45,0.785398
23,46,1.892547
23,53,0.785398
23,56,3.141593
24,27,0.000000
24,32,-0.785398
24,34,-1.249046
24,48,0.785398
24,49,1.570796
24,50,2.356194
24,51,0.785398
24,59,1.249046
24,61,-1.570796
24,74,0.321751
25,22,0.785398
25,43,-0.321751
25,52,-1.249046
26,24,1.570796
26,27,-2.819842
26,32,0.785398
26,46,-2.356194
26,58,-0.785398
26,74,3.141593
26,81,0.785398
27,32,0.000000
27,43,-0.785398
27,44,-1.892547
27,81,-0.785398
27,82,3.141593
28,52,0.000000
28,53,1.570796
28,54,2.356194
28,55,0.785398
28,56,1.892547
28,58,2.356194
28,65,0.321751
28,72,0.000000
29,30,1.570796
29,32,3.141593
29,36,0.321751
29,38,-2.356194
29,58,-2.356194
29,61,1.249046
29,63,1.892547
30,20,-1.570796
30,36,-0.785398
30,43,1.249046
30,44,2.356194
30,45,0.785398
30,46,1.570796
30,48,-1.892547
30,50,1.570796
30,59,0.000000
30,72,-2.819842
30,76,1.249046
30,78,1.892547
31,34,1.892547
31,41,-2.356194
31,50,-0.321751
31,66,2.819842
31,70,0.321751
32,15,1.892547
32,27,-0.321751
32,37,-2.356194
32,38,-0.785398
32,39,-1.892547
32,43,-1.570796
32,56,-2.819842
32,59,0.321751
32,70,-1.570796
32,74,-1.570796
33,69,1.570796
34,8,0.321751
34,10,-2.356194
34,12,-0.785398
34,20,0.000000
34,21,-2.356194
34,25,0.785398
34,26,1.892547
34,30,2.356194
34,31,-0.785398
34,39,1.249046
34,40,2.356194
34,42,0.785398
34,58,0.321751
34,66,-1.249046
34,69,-2.819842
34,78,-1.249046
35,8,-1.570796
35,18,1.249046
35,19,3.141593
35,33,-1.249046
35,35,-1.892547
35,38,-0.785398
35,39,-1.892547
35,45,-1.249046
35,55,3.141593
35,58,-1.570796
35,64,-2.356194
35,73,2.356194
35,80,-2.356194
36,25,-0.785398
36,26,-1.892547
36,43,2.356194
36,57,0.000000
36,60,0.000000
36,72,0.000000
36,73,-2.356194
37,14,0.000000
37,31,1.570796
37,34,1.249046
37,35,2.356194
37,42,-0.785398
37,46,0.785398
37,61,0.000000
37,65,1.570796
37,70,2.356194
38,17,-1.249046
38,19,-1.892547
38,21,-2.356194
38,28,-1.570796
38,32,-2.356194
38,33,-0.785398
38,34,-1.892547
38,55,2.356194
38,76,1.570796
39,13,0.321751
39,15,2.819842
39,38,1.249046
39,39,2.356194
39,41,3.141593
39,67,-1.249046
39,78,2.356194
39,79,-0.785398
39,80,-1.570796
39,81,3.141593
40,13,-0.785398
40,21,2.356194
40,36,0.000000
40,37,-0.785398
40,38,-1.892547
40,46,0.000000
40,47,0.785398
40,48,2.356194
40,54,-0.785398
40,55,3.141593
40,75,0.321751
41,11,2.356194
41,15,3.141593
41,33,3.141593
41,48,-2.356194
41,51,-0.321751
41,65,-2.356194
41,69,-0.785398
41,72,0.000000
41,73,1.892547
41,75,-1.570796
41,77,-2.356194
41,87,2.356194
42,7,0.785398
42,12,2.356194
42,42,2.356194
42,43,3.141593
42,46,0.000000
42,47,0.000000
42,54,3.141593
42,85,1.570796
42,87,-2.356194
43,23,0.000000
43,24,1.570796
43,25,2.356194
43,30,-0.785398
43,31,-1.570796
43,32,-2.356194
43,37,0.785398
43,48,0.000000
43,67,0.785398
43,71,1.892547
43,74,-1.570796
43,77,0.785398
44,12,-1.249046
44,13,-2.356194
44,21,-1.570796
44,38,-1.570796
44,43,2.356194
44,65,0.785398
44,72,2.819842
44,75,1.570796
44,83,-0.321751
44,85,-2.819842
45,5,0.321751
45,15,-1.570796
45,23,3.141593
45,52,-0.785398
45,54,2.356194
45,57,-1.249046
45,72,-1.570796
46,5,-0.785398
46,20,0.785398
46,36,0.785398
46,37,1.570796
46,50,0.000000
46,51,0.000000
46,54,-2.356194
46,59,-1.249046
46,80,2.819842
47,20,-0.785398
47,32,3.141593
47,35,0.785398
47,40,-1.249046
47,46,0.000000
47,53,0.000000
47,61,0.000000
47,71,0.785398
47,72,3.141593
47,80,-1.570796
48,15,0.321751
48,30,1.570796
48,35,-0.321751
48,37,-2.819842
48,48,-2.356194
48,69,0.785398
48,71,-1.570796
48,81,1.570796
48,85,0.000000
48,89,2.356194
49,30,3.141593
49,43,2.356194
49,51,0.785398
49,76,1.570796
49,78,0.000000
49,81,-0.785398
49,83,1.570796
49,84,3.141593
49,87,0.785398
49,89,-2.819842
50,10,0.785398
50,15,-0.785398
50,17,-1.892547
50,24,0.000000
50,25,-1.892547
50,27,-1.249046
50,36,3.141593
50,48,1.892547
50,52,0.000000
50,60,0.000000
51,5,0.785398
51,19,2.356194
51,23,1.570796
51,29,-0.785398
51,30,-2.356194
51,41,0.000000
51,42,-1.570796
51,43,-2.356194
51,44,-0.785398
51,57,-1.249046
51,58,3.141593
51,61,-1.570796
51,65,-1.249046
51,75,0.321751
51,83,2.356194
51,88,3.141593
52,7,2.356194
52,18,0.000000
52,19,-2.356194
52,23,-2.819842
52,31,2.356194
52,34,-0.321751
52,38,1.892547
52,40,1.570796
52,46,-1.249046
52,62,0.000000
52,63,1.892547
52,75,-0.785398
52,81,-2.356194
53,4,0.321751
53,15,3.141593
53,29,1.249046
53,49,0.000000
53,53,2.356194
53,67,3.141593
53,72,-1.570796
53,73,3.141593
53,86,-1.570796
53,89,2.819842
54,4,-0.785398
54,23,2.356194
54,28,-0.785398
54,34,-0.785398
54,41,-2.356194
54,50,0.000000
54,54,2.356194
54,67,-2.356194
54,89,-2.356194
55,8,0.785398
55,9,2.356194
55,18,0.321751
55,26,1.570796
55,31,-1.892547
55,38,-2.356194
55,55,2.356194
55,79,0.000000
56,8,-0.785398
56,12,-0.785398
56,13,3.141593
56,26,-2.819842
56,28,0.000000
56,35,0.321751
56,49,0.000000
56,54,-0.785398
56,63,-2.356194
56,66,-1.570796
56,80,-2.356194
57,14,0.000000
57,15,1.570796
57,16,2.356194
57,17,-0.785398
57,18,-2.356194
57,22,-0.321751
57,32,3.141593
57,38,2.356194
57,40,3.141593
57,76,-1.570796
57,77,3.141593
58,7,0.321751
58,11,-2.819842
58,26,2.356194
58,37,-1.892547
58,48,0.785398
58,66,-0.785398
58,79,-0.785398
58,80,-1.570796
58,81,-2.356194
58,83,0.000000
58,89,2.356194
59,15,-1.570796
59,22,0.000000
59,26,-2.356194
59,28,1.249046
59,29,3.141593
59,45,1.892547
59,84,0.785398
59,85,2.356194
59,89,3.141593
60,7,0.000000
60,12,2.356194
60,17,0.000000
60,21,1.570796
60,28,-1.892547
60,31,2.356194
60,40,0.785398
60,41,1.892547
60,43,-1.570796
60,45,-1.249046
60,47,1.892547
60,89,-2.356194
61,13,2.356194
61,20,0.321751
61,21,-2.819842
61,23,0.321751
61,26,1.570796
61,35,0.000000
61,41,-1.249046
61,42,-2.356194
61,50,2.819842
61,75,0.000000
61,77,3.141593
61,85,2.819842
62,20,-1.570796
62,23,-0.785398
62,25,-0.785398
62,26,-2.356194
62,29,1.570796
62,45,0.000000
62,50,-2.356194
62,83,0.785398
63,10,-1.249046
63,14,2.819842
63,18,1.249046
63,19,3.141593
63,33,3.141593
63,80,0.785398
63,83,-0.321751
63,88,1.570796
64,7,0.785398
64,14,-2.356194
64,17,0.321751
64,36,2.356194
64,77,1.570796
64,81,1.570796
64,86,-2.356194
64,88,3.141593
65,7,0.000000
65,9,1.892547
65,17,-0.785398
65,21,1.570796
65,29,1.249046
65,30,3.141593
65,35,-0.785398
65,50,-1.570796
65,81,-0.785398
65,82,-2.356194
65,88,-2.356194
66,13,-2.819842
66,17,0.785398
66,19,1.249046
66,21,-2.356194
66,24,-1.570796
66,26,-1.570796
66,28,0.000000
66,29,-1.892547
66,37,2.356194
66,59,1.570796
66,76,3.141593
67,7,-1.570796
67,23,3.141593
67,33,2.356194
67,36,-0.785398
67,84,3.141593
68,5,-0.785398
68,9,-1.249046
68,13,-2.356194
68,21,0.000000
68,22,-1.892547
68,26,0.000000
68,59,0.785398
68,74,0.785398
68,76,2.356194
68,84,-2.356194
69,20,-2.356194
69,25,-0.785398
69,59,0.000000
69,74,-0.785398
69,86,0.785398
69,89,3.141593
70,29,-0.785398
70,73,-0.785398
71,18,2.356194
71,59,-0.321751
71,61,-2.819842
71,82,0.000000
71,84,-0.785398
72,9,1.249046
72,10,2.356194
72,16,0.785398
72,23,0.000000
72,40,0.000000
72,41,3.141593
72,43,0.785398
72,82,-0.785398
72,86,-2.356194
73,19,-2.356194
73,44,0.000000
73,48,0.785398
73,60,2.356194
74,17,-1.570796
74,24,0.785398
74,59,-0.785398
74,60,-2.356194
74,75,0.000000
74,86,0.785398
74,90,2.356194
75,21,-1.570796
75,24,0.000000
75,26,3.141593
75,42,1.892547
75,45,0.000000
75,47,-1.570796
75,55,2.356194
75,86,-0.785398
75,87,-2.356194
75,90,3.141593
76,11,1.249046
76,13,1.570796
76,14,2.356194
76,24,-0.785398
76,28,2.356194
76,54,-0.785398
76,84,0.785398
76,85,3.141593
76,90,-2.356194
77,6,0.000000
77,27,-2.356194
77,31,2.356194
77,37,0.000000
77,84,-0.785398
78,6,-0.785398
78,84,0.000000
79,21,-0.785398
79,29,1.570796
79,39,1.570796
79,47,-1.570796
79,68,0.000000
80,16,2.356194
80,17,3.141593
80,24,0.000000
80,25,-2.356194
80,28,0.000000
80,38,0.000000
80,39,-2.356194
80,43,-1.570796
80,45,-1.570796
80,69,-2.356194
80,81,0.000000
80,88,0.000000
80,89,2.356194
81,12,-2.819842
81,19,1.570796
81,26,0.000000
81,27,2.356194
81,32,2.356194
81,40,-2.356194
81,48,-1.570796
81,80,-0.785398
81,83,-1.570796
82,14,0.321751
82,15,-2.819842
82,19,2.356194
82,23,-1.570796
82,27,-2.356194
82,87,0.785398
82,89,-2.819842
83,19,-2.819842
83,30,-0.785398
83,34,-0.785398
83,46,-1.570796
83,48,0.000000
83,49,3.141593
83,84,0.785398
84,6,0.785398
84,16,1.249046
84,23,0.785398
84,24,1.892547
84,81,0.000000
84,88,-2.819842
85,6,-0.321751
85,19,0.000000
85,20,2.356194
85,29,2.356194
85,39,3.141593
85,42,0.321751
85,44,2.819842
85,50,1.570796
86,14,-1.892547
86,17,2.819842
86,24,-0.785398
86,33,1.570796
86,37,0.785398
86,42,-0.785398
86,44,-1.570796
86,55,1.249046
86,56,2.356194
86,59,3.141593
87,20,-2.819842
87,24,-1.570796
87,27,-0.785398
87,31,0.785398
87,48,1.570796
87,50,0.785398
87,62,0.785398
87,70,0.785398
87,81,0.321751
88,7,0.785398
88,32,0.000000
88,35,0.321751
88,39,-2.356194
88,42,-1.570796
88,44,0.785398
88,50,-0.321751
88,56,2.819842
88,60,1.570796
88,70,0.000000
88,81,-0.785398
89,7,0.000000
89,25,0.785398
89,32,0.000000
89,35,-1.570796
89,39,2.356194
89,44,-0.321751
89,45,2.819842
89,48,-1.570796
89,51,-1.249046
89,56,-2.356194
89,79,1.570796
89,81,0.785398
90,7,-0.785398
90,10,0.000000
90,11,1.570796
90,13,1.570796
90,14,2.356194
90,20,0.785398
90,33,0.785398
90,34,3.141593
90,42,1.570796
90,45,-2.356194
90,63,0.785398
90,70,-0.321751
90,79,0.785398
90,83,2.356194
90,86,-0.785398
90,88,2.819842
91,16,-2.356194
91,20,0.000000
91,22,1.570796
91,48,1.570796
91,50,1.570796
91,57,0.785398
91,61,1.570796
91,63,-0.785398
91,64,-2.356194
91,75,2.356194
91,88,-2.356194
92,29,1.249046
92,33,-2.819842
92,45,0.000000
92,48,2.356194
92,53,1.570796
92,55,-0.321751
92,58,-2.356194
92,61,-0.321751
92,67,0.785398
92,68,2.356194
92,70,-0.785398
92,71,-1.570796
92,78,2.356194
93,20,-0.785398
93,29,-1.892547
93,46,0.000000
93,48,3.141593
93,50,-1.570796
93,56,-2.356194
93,62,-2.356194
94,19,1.570796
94,34,2.356194
94,35,3.141593
94,40,0.000000
94,41,-1.570796
94,42,-2.356194
94,43,-0.785398
94,44,-1.570796
94,45,-2.356194
94,48,-2.356194
94,53,-1.570796
94,56,-1.570796
94,66,0.321751
94,68,2.819842
94,78,-0.785398
94,82,3.141593
95,30,0.321751
95,39,2.356194
95,59,0.785398
95,62,0.785398
95,77,3.141593
95,83,1.570796
95,87,1.570796
96,16,-0.785398
96,17,-1.892547
96,21,1.570796
96,23,-1.892547
96,26,-0.785398
96,30,-0.785398
96,37,-1.570796
96,51,1.570796
96,56,0.785398
96,59,-0.321751
96,68,-2.356194
96,80,0.785398
96,86,-0.785398
97,30,-1.570796
97,40,3.141593
97,48,-1.570796
97,54,1.570796
97,74,-1.249046
97,76,-1.570796
97,77,3.141593
97,82,-0.785398
97,83,-1.892547
98,44,3.141593
98,51,-1.570796
98,54,-1.570796
98,57,-1.570796
98,61,-1.249046
98,79,-0.785398
98,80,-1.892547
