8,42,1.249046
8,43,2.356194
8,52,0.785398
8,53,1.570796
8,54,2.356194
11,67,2.356194
14,36,-0.785398
15,26,1.249046
15,27,3.141593
16,53,2.356194
16,73,1.570796
17,49,1.249046
17,51,1.570796
18,17,1.249046
18,18,2.356194
18,23,-0.785398
18,41,0.000000
18,42,1.570796
18,43,2.356194
18,56,0.785398
18,57,1.570796
18,58,2.356194
18,59,-0.785398
18,60,-1.892547
19,16,0.321751
19,49,-1.249046
19,50,-2.356194
19,53,-0.785398
20,16,-0.785398
20,57,-2.819842
20,70,0.321751
21,16,2.356194
21,53,0.785398
21,70,-1.570796
22,14,1.249046
22,16,3.141593
22,53,-0.321751
23,16,-2.356194
23,56,-2.356194
23,57,0.785398
23,58,1.892547
24,28,0.785398
24,54,-0.785398
24,61,1.249046
25,57,0.785398
25,71,2.819842
26,35,1.249046
26,46,0.785398
26,61,-1.249046
27,15,0.321751
27,17,2.819842
27,25,1.249046
27,29,-1.249046
27,52,-0.785398
27,53,-1.570796
27,54,-2.356194
27,84,2.356194
28,37,-2.819842
28,64,-0.785398
29,7,0.321751
29,15,-0.321751
29,23,-0.785398
29,25,-1.249046
29,36,-1.892547
29,72,1.249046
29,74,1.892547
29,79,0.785398
29,84,2.819842
30,7,-1.570796
30,31,0.000000
30,33,-1.892547
30,59,-1.570796
30,66,-2.356194
30,76,1.892547
31,15,0.321751
31,31,-0.785398
31,60,1.570796
31,62,2.356194
31,85,2.819842
32,15,-0.785398
32,17,-1.249046
32,23,0.785398
32,31,2.356194
32,62,3.141593
32,76,-0.785398
33,6,0.785398
33,25,1.570796
33,26,2.356194
33,29,0.785398
33,31,-2.819842
33,62,-2.356194
33,74,2.819842
33,85,-2.356194
34,6,-0.785398
34,7,3.141593
34,21,1.249046
35,18,1.249046
35,19,2.356194
35,20,-0.785398
35,21,-1.892547
35,25,-2.819842
35,63,1.570796
36,16,-2.356194
36,30,-1.570796
36,63,0.000000
36,65,1.892547
36,72,0.000000
36,77,-1.892547
36,79,-2.356194
36,82,-2.356194
37,18,-2.356194
37,69,-1.570796
38,14,-2.356194
38,18,2.356194
38,26,2.356194
38,63,-0.321751
38,67,-2.356194
38,70,1.570796
38,73,-1.570796
38,89,1.570796
39,4,0.321751
39,6,3.141593
39,22,0.321751
39,32,1.570796
39,89,-2.819842
40,4,-0.785398
40,19,2.356194
40,22,-0.785398
40,32,0.785398
40,61,0.785398
40,68,0.000000
40,73,1.570796
40,83,0.000000
41,10,0.785398
41,11,1.570796
41,12,3.141593
41,22,0.000000
41,25,2.356194
41,28,1.570796
41,32,-0.785398
41,33,3.141593
41,75,0.785398
41,76,1.892547
41,79,-0.785398
41,82,3.141593
42,21,3.141593
42,23,0.785398
42,27,0.000000
42,28,-2.356194
42,40,2.356194
42,41,0.785398
42,42,1.570796
42,44,1.570796
42,45,2.356194
42,46,3.141593
42,63,0.000000
42,67,-2.356194
42,84,0.000000
42,85,-1.892547
42,89,1.892547
43,23,-1.570796
43,29,0.000000
43,35,2.356194
43,59,0.000000
43,60,0.785398
43,61,1.892547
43,64,-1.570796
43,83,3.141593
43,90,2.819842
44,32,1.570796
44,35,-2.819842
44,39,-0.321751
44,42,-1.570796
44,44,-2.356194
44,62,3.141593
44,65,2.356194
44,77,-1.249046
44,79,1.892547
44,86,0.321751
44,88,-2.356194
44,90,-2.356194
45,12,0.000000
45,25,-2.819842
45,30,-1.570796
45,45,0.785398
45,46,2.356194
45,56,0.000000
45,57,3.141593
45,60,0.785398
45,63,0.000000
45,64,2.356194
45,86,-0.785398
46,11,3.141593
46,33,-0.785398
46,35,2.819842
46,41,3.141593
46,72,-0.785398
46,74,-1.570796
46,76,1.892547
46,81,-1.570796
46,86,-1.570796
47,4,0.785398
47,6,1.249046
47,13,-1.570796
47,29,2.356194
47,37,1.249046
47,44,-0.785398
47,45,-2.356194
47,50,0.000000
47,62,1.570796
47,79,-2.356194
47,82,1.570796
48,27,1.249046
48,29,3.141593
48,34,0.000000
48,49,1.570796
48,62,-0.321751
48,66,2.819842
48,68,-1.570796
48,76,-1.570796
48,82,-0.321751
48,85,2.819842
49,14,3.141593
49,24,1.570796
49,25,2.356194
49,29,-1.570796
49,33,1.570796
49,48,-0.785398
49,49,-2.356194
49,66,-1.570796
49,72,0.785398
50,5,0.321751
50,22,-1.892547
50,31,2.356194
50,33,3.141593
50,64,-1.570796
50,67,2.356194
50,81,1.570796
50,83,0.785398
50,86,2.819842
50,89,1.570796
51,5,-0.785398
51,16,-1.570796
51,24,2.356194
51,27,0.000000
51,29,-0.785398
51,30,-1.892547
51,36,-0.785398
51,39,-2.819842
51,59,1.570796
51,61,-1.570796
51,65,0.000000
51,66,2.356194
51,71,1.570796
51,73,0.785398
51,81,0.785398
51,89,-2.819842
52,20,-2.819842
52,24,3.141593
52,27,-1.570796
52,35,3.141593
52,42,1.570796
52,59,0.000000
52,66,-2.356194
52,71,0.785398
52,79,1.570796
52,81,-0.321751
53,13,-2.356194
53,42,0.785398
53,47,2.356194
53,51,-2.356194
53,54,-2.356194
53,57,0.000000
53,58,2.356194
53,64,1.570796
53,74,-2.356194
54,5,0.785398
54,9,1.249046
54,11,-1.892547
54,19,0.785398
54,34,-2.356194
54,36,0.000000
54,37,-0.785398
54,48,0.000000
54,58,-2.356194
54,61,-2.356194
54,70,0.000000
54,80,0.785398
54,82,3.141593
54,86,0.321751
55,5,0.000000
55,8,-0.785398
55,19,0.000000
55,31,-1.570796
55,32,-2.356194
55,41,3.141593
55,51,3.141593
55,65,-2.356194
55,80,-0.785398
55,86,-0.785398
56,38,0.785398
56,43,-1.570796
56,47,-1.249046
56,48,3.141593
56,53,1.570796
56,71,0.000000
56,73,-1.570796
56,78,-2.356194
56,82,3.141593
56,86,2.356194
57,4,0.321751
57,6,2.819842
57,21,-1.892547
57,38,0.000000
57,49,-2.356194
57,82,-1.570796
57,84,1.249046
57,86,3.141593
58,16,0.785398
58,17,2.356194
58,32,1.249046
58,34,1.892547
58,46,0.000000
58,51,0.785398
58,60,-1.570796
58,65,1.570796
58,67,0.785398
58,69,0.000000
58,74,-1.570796
58,77,-2.356194
58,79,0.785398
59,3,0.321751
59,6,-1.570796
59,7,-2.356194
59,12,0.785398
59,14,1.570796
59,17,-2.356194
59,20,1.570796
59,26,3.141593
59,30,0.000000
59,37,-0.785398
59,38,-1.570796
59,40,3.141593
59,55,-2.356194
59,63,1.570796
59,65,-1.570796
59,68,0.000000
59,72,-1.570796
59,80,0.000000
60,3,-0.785398
60,14,-2.819842
60,17,2.356194
60,21,3.141593
60,28,2.356194
60,52,-1.570796
60,58,0.785398
60,61,1.570796
60,68,0.785398
60,86,-1.249046
60,87,-2.356194
60,88,0.785398
60,89,2.356194
61,16,0.000000
61,31,-1.570796
61,40,0.000000
61,42,0.785398
61,43,2.356194
61,50,1.570796
61,61,-1.570796
61,64,-2.356194
61,69,-2.356194
61,78,1.892547
61,89,-2.356194
62,2,0.321751
62,4,-2.356194
62,24,-1.570796
62,26,-1.892547
62,30,1.570796
62,33,0.321751
62,34,-2.819842
62,40,-0.785398
62,43,-1.570796
62,47,0.000000
62,51,3.141593
62,55,-0.785398
62,59,-1.570796
63,2,-0.785398
63,6,0.000000
63,7,1.570796
63,8,2.356194
63,9,0.785398
63,30,3.141593
63,40,2.356194
63,67,1.570796
63,80,-2.356194
63,83,-0.785398
64,16,2.356194
64,27,1.570796
64,33,-0.785398
64,34,-2.356194
64,45,1.570796
64,48,-0.321751
64,49,2.819842
64,55,1.570796
64,60,1.570796
64,74,2.356194
65,2,0.785398
65,7,0.785398
65,19,0.000000
65,20,0.785398
65,21,2.356194
65,32,3.141593
65,41,-2.356194
65,42,3.141593
65,45,-0.321751
65,46,2.819842
65,49,-1.570796
65,52,-1.570796
65,83,0.785398
65,86,0.785398
65,89,2.356194
66,2,0.000000
66,7,0.000000
66,21,-2.356194
66,39,-2.356194
66,46,-2.356194
66,78,1.570796
66,80,0.785398
66,84,2.819842
66,87,-2.356194
66,89,3.141593
67,11,-2.819842
67,14,-0.785398
67,16,-2.356194
67,24,0.000000
67,25,-2.356194
67,28,0.000000
67,29,-1.892547
67,59,0.000000
67,63,1.570796
67,65,0.785398
67,76,1.570796
67,81,0.785398
67,82,3.141593
67,84,-2.356194
67,89,-2.356194
68,14,0.785398
68,16,2.356194
68,26,0.785398
68,27,3.141593
68,48,3.141593
68,56,-1.570796
68,61,1.570796
68,63,-1.570796
68,78,0.785398
68,81,-0.785398
68,84,0.785398
69,14,-0.785398
69,26,-1.570796
69,29,1.570796
69,69,-2.356194
69,76,0.785398
69,82,1.570796
69,85,2.819842
70,3,0.321751
70,12,0.785398
70,13,2.356194
70,24,0.000000
70,38,-1.570796
70,41,0.785398
70,42,2.356194
70,48,1.570796
70,54,1.570796
70,57,1.570796
70,61,-1.570796
70,72,-0.785398
70,76,-0.321751
70,79,-1.249046
70,80,3.141593
71,3,-0.785398
71,13,-2.356194
71,27,1.249046
71,28,3.141593
71,34,3.141593
71,41,-0.785398
71,64,1.570796
71,66,0.785398
71,77,-2.356194
71,87,0.785398
71,88,2.356194
72,16,0.785398
72,26,0.321751
72,59,0.785398
72,66,-0.321751
72,67,2.819842
72,80,0.321751
72,88,-2.356194
73,3,0.785398
73,6,1.249046
73,11,-2.356194
73,12,-0.785398
73,15,3.141593
73,17,0.000000
73,19,-2.819842
73,26,-1.570796
73,51,-1.570796
73,59,0.000000
73,61,3.141593
73,67,-2.356194
73,71,1.892547
73,80,-0.785398
73,85,-2.356194
74,3,0.000000
74,5,-0.785398
74,6,-1.892547
74,32,0.000000
74,33,3.141593
74,38,-1.570796
74,48,-1.570796
74,59,-0.785398
74,83,-0.321751
75,3,-0.785398
75,14,0.000000
75,24,0.000000
75,28,2.356194
75,57,-1.570796
75,69,-0.321751
75,78,1.570796
75,81,2.356194
75,84,-2.356194
76,13,1.570796
76,15,0.785398
76,16,2.356194
76,20,0.785398
76,21,1.892547
76,28,-1.570796
76,53,1.570796
76,79,-2.356194
76,81,3.141593
76,84,0.785398
76,88,2.356194
77,12,0.321751
77,29,2.356194
77,50,0.785398
77,53,0.785398
77,55,2.356194
77,59,-1.570796
77,61,1.570796
77,72,-0.785398
77,81,-2.356194
77,85,-2.356194
77,88,3.141593
78,18,2.356194
78,27,0.785398
78,33,0.000000
78,35,0.785398
78,40,1.570796
78,55,-2.356194
78,63,-1.570796
78,67,0.785398
78,88,-2.356194
79,7,-0.785398
79,8,-1.570796
79,9,-2.356194
79,11,-0.785398
79,18,-2.819842
79,24,-1.892547
79,27,-0.785398
79,36,-1.570796
79,51,-1.570796
79,62,-0.785398
79,67,-0.321751
79,70,2.356194
79,79,1.570796
79,81,0.785398
80,5,0.000000
80,27,0.000000
80,58,1.570796
80,63,1.570796
80,70,-2.819842
80,73,0.785398
80,79,0.785398
80,81,-0.785398
80,82,3.141593
81,22,2.356194
81,54,1.570796
81,63,-0.785398
81,64,-2.356194
81,73,-0.321751
81,79,0.000000
81,88,2.356194
82,5,2.356194
82,12,0.321751
82,18,1.570796
82,21,0.321751
82,22,-2.819842
82,25,3.141593
82,33,0.785398
82,37,0.785398
82,39,2.356194
82,48,1.570796
82,62,0.785398
82,66,1.570796
82,69,0.000000
82,76,-1.570796
82,85,2.356194
82,88,3.141593
83,4,0.321751
83,18,-2.819842
83,39,3.141593
83,42,0.785398
83,62,0.000000
83,71,-2.356194
83,77,0.785398
83,79,-1.570796
83,80,3.141593
83,83,0.321751
83,88,-2.356194
84,4,-0.785398
84,24,-2.819842
84,26,0.000000
84,39,-2.356194
84,42,0.000000
84,47,-0.785398
84,48,-1.570796
84,49,-2.356194
84,50,0.785398
84,51,1.892547
84,53,1.570796
84,62,-0.785398
84,69,0.000000
84,77,-0.785398
84,81,1.570796
85,7,0.000000
85,11,-1.570796
85,19,0.000000
85,34,-1.570796
85,42,-0.785398
85,59,2.356194
85,62,0.785398
85,64,0.000000
85,71,1.570796
85,74,2.356194
85,81,0.000000
85,83,3.141593
86,18,1.570796
86,51,-0.785398
86,59,-2.819842
86,74,3.141593
87,4,0.785398
87,27,1.570796
87,45,2.356194
87,51,-1.570796
87,53,-0.785398
87,74,-1.570796
87,77,2.356194
87,81,-0.321751
88,4,0.000000
88,7,-0.785398
88,21,3.141593
88,36,1.570796
88,42,-1.570796
88,44,0.321751
88,45,-2.819842
88,59,0.785398
88,67,0.000000
88,72,-2.356194
88,84,3.141593
89,10,0.000000
89,21,-1.570796
89,23,1.249046
89,24,2.356194
89,25,0.785398
89,26,2.356194
89,36,2.356194
89,44,-0.785398
89,51,1.570796
89,56,-1.570796
89,59,-0.785398
89,61,-2.356194
89,67,-0.785398
89,70,1.570796
89,77,-1.249046
89,78,3.141593
89,81,0.000000
89,82,-1.892547
89,87,1.570796
90,3,0.321751
90,9,1.570796
90,16,-1.570796
90,19,2.356194
90,26,-2.356194
90,29,2.356194
90,33,2.356194
90,35,0.321751
90,36,-2.819842
90,67,2.356194
90,70,0.000000
90,79,0.785398
90,80,3.141593
90,87,-2.819842
91,7,1.570796
91,9,-2.356194
91,14,-2.356194
91,17,0.785398
91,23,-1.570796
91,25,1.570796
91,28,-0.785398
91,32,3.141593
91,35,-0.785398
91,51,-1.570796
91,65,0.000000
91,86,-0.785398
92,3,-0.321751
92,14,2.356194
92,25,3.141593
92,31,-0.785398
92,38,-1.570796
92,41,1.570796
92,44,-1.570796
92,55,1.570796
92,57,1.570796
92,69,-0.785398
92,70,-1.570796
92,79,3.141593
93,14,-2.356194
93,17,-2.819842
93,20,0.785398
93,25,-2.356194
93,65,0.321751
93,86,2.356194
94,3,0.321751
94,25,0.785398
94,34,0.785398
94,41,2.356194
94,43,1.570796
94,47,1.570796
94,50,1.570796
94,53,-1.570796
94,65,-0.785398
94,67,-2.356194
94,71,0.321751
94,79,-1.570796
94,80,-2.356194
94,86,-2.819842
95,3,-0.785398
95,12,-2.819842
95,15,-0.785398
95,25,-0.785398
95,26,3.141593
95,30,2.356194
95,34,-0.785398
95,36,1.570796
95,37,2.356194
95,41,-2.819842
95,47,2.356194
95,50,2.356194
95,55,-1.570796
95,62,2.356194
95,83,2.356194
95,84,-0.785398
95,85,-1.892547
96,20,-0.785398
96,21,-1.570796
96,22,-2.356194
96,46,0.321751
96,47,-2.819842
96,49,0.321751
96,50,-2.819842
96,53,2.356194
96,67,0.785398
96,71,0.000000
97,10,-1.892547
97,14,-0.785398
97,15,-1.570796
97,16,-2.356194
97,30,-1.249046
97,31,-2.356194
97,37,3.141593
97,46,-0.785398
97,49,-0.785398
97,62,-1.249046
97,63,-2.356194
97,68,3.141593
97,74,-1.249046
97,76,-1.570796
97,77,3.141593
98,6,-0.785398
98,7,-1.892547
98,38,-0.785398
98,43,-1.570796
98,46,-1.570796
98,49,-1.570796
98,52,-1.570796
98,57,-1.570796
98,70,-0.785398
98,79,-0.785398
98,80,-1.892547
