5,55,3.141593
6,14,1.249046
6,15,3.141593
6,42,1.249046
6,43,2.356194
6,48,0.785398
7,23,0.321751
7,26,2.356194
7,30,0.785398
7,31,1.892547
7,41,0.321751
7,52,1.249046
7,66,2.356194
8,33,1.892547
8,48,0.321751
8,60,0.785398
8,61,1.892547
8,63,1.249046
8,72,2.356194
9,11,0.321751
9,41,-0.321751
9,56,0.785398
9,57,2.356194
9,58,0.785398
10,11,-1.570796
10,31,-0.321751
10,56,-0.785398
10,77,1.570796
11,17,1.570796
11,18,2.356194
11,25,0.321751
11,32,-1.249046
11,42,-0.321751
11,44,-2.819842
12,25,-1.570796
12,48,-1.570796
12,50,-1.249046
12,52,2.356194
12,56,0.785398
13,19,0.785398
13,24,1.570796
13,46,1.249046
13,47,3.141593
13,52,-1.570796
13,56,-0.785398
13,57,-2.356194
13,65,1.249046
13,75,0.321751
14,22,0.785398
14,24,-2.819842
14,30,0.785398
14,35,0.321751
14,53,0.785398
14,63,0.785398
14,67,-2.356194
15,30,0.000000
15,35,-1.570796
15,53,-1.570796
15,55,-1.249046
15,56,3.141593
15,71,1.249046
15,73,1.570796
15,75,3.141593
16,24,2.819842
16,30,-1.570796
16,33,0.000000
16,37,-1.570796
16,45,3.141593
16,49,0.785398
16,50,2.356194
16,51,0.785398
16,52,2.356194
16,58,0.785398
16,64,-0.321751
16,69,0.785398
17,20,1.249046
17,29,1.570796
17,34,-1.249046
17,36,2.356194
17,45,-1.570796
17,49,-1.570796
17,68,3.141593
17,73,0.000000
17,75,3.141593
18,42,3.141593
18,47,0.785398
18,48,2.356194
18,52,0.000000
18,65,-1.570796
19,7,1.249046
19,13,-1.892547
19,20,-1.249046
19,22,-1.892547
19,48,-1.570796
19,52,-1.570796
19,57,0.785398
19,63,0.000000
19,73,-0.321751
19,75,-2.819842
20,6,0.321751
20,25,1.570796
20,29,-1.570796
20,33,2.356194
20,50,0.785398
20,64,-1.249046
20,65,3.141593
20,71,2.819842
20,85,2.356194
21,6,-0.785398
21,15,-0.321751
21,26,-2.356194
21,27,0.785398
21,35,-2.356194
21,40,-2.356194
21,41,0.000000
21,45,1.892547
21,58,0.000000
21,66,0.000000
21,73,1.570796
22,12,2.819842
22,18,-2.356194
22,28,-1.249046
22,38,1.570796
22,42,0.000000
22,45,-1.249046
22,46,3.141593
22,58,-1.570796
22,61,0.785398
22,62,1.570796
22,69,-1.249046
22,71,-1.570796
23,6,2.356194
23,16,-0.785398
23,32,-2.819842
23,36,0.785398
23,38,3.141593
23,47,0.785398
23,48,2.356194
23,49,0.785398
23,51,-2.819842
23,56,0.785398
24,14,1.892547
24,47,-0.785398
24,61,0.000000
24,62,-1.570796
24,86,2.356194
25,7,0.785398
25,8,2.356194
25,24,1.570796
25,29,1.249046
25,31,-1.570796
25,32,-2.356194
25,35,-0.785398
25,36,-1.570796
25,38,-1.570796
25,39,-2.356194
25,41,-0.785398
25,45,1.892547
25,47,2.356194
25,51,0.785398
25,52,2.356194
25,64,-1.249046
25,78,0.000000
25,79,1.570796
25,81,-1.892547
26,7,-0.785398
26,24,-0.785398
26,26,1.892547
26,51,-0.785398
26,66,-1.249046
26,70,1.249046
26,71,2.356194
26,74,3.141593
27,2,0.321751
27,22,1.249046
27,23,3.141593
27,56,0.000000
27,57,-0.785398
27,58,-2.356194
27,68,-1.249046
27,70,-1.892547
27,74,-1.570796
28,2,-0.785398
28,6,0.321751
28,9,2.356194
28,10,0.785398
28,26,-0.785398
28,55,1.570796
28,81,0.785398
29,6,-1.570796
29,34,3.141593
29,54,-0.785398
29,55,-2.356194
29,76,0.785398
29,80,3.141593
30,11,-1.570796
30,23,2.356194
30,24,0.785398
30,43,-1.570796
30,45,-1.892547
30,50,-1.249046
30,52,-1.892547
30,56,0.000000
30,57,1.892547
30,76,-1.570796
30,82,2.356194
31,3,0.785398
31,5,-1.570796
31,18,-2.356194
31,19,-0.785398
31,20,-1.892547
31,25,-1.249046
31,26,-2.356194
31,40,-0.785398
31,41,-1.892547
31,70,0.785398
31,72,1.570796
31,74,1.570796
31,75,3.141593
31,80,0.000000
31,88,2.356194
32,3,-0.785398
32,7,-1.249046
32,11,-2.356194
32,70,-0.785398
32,86,1.249046
32,88,3.141593
33,3,0.785398
33,16,-2.356194
33,22,2.356194
33,65,0.785398
33,66,1.892547
33,71,-0.785398
33,72,-1.570796
33,74,-1.570796
33,75,-2.356194
33,76,0.785398
33,77,1.892547
33,81,-1.570796
34,3,0.000000
34,22,-2.819842
34,25,0.000000
34,28,0.785398
34,29,1.570796
34,30,2.356194
34,31,0.785398
34,32,1.892547
34,56,-2.356194
34,66,-1.249046
34,67,-2.356194
34,77,-1.249046
34,78,-2.356194
34,79,0.785398
34,80,2.356194
34,88,-2.819842
35,3,-0.785398
35,8,0.785398
35,9,1.892547
35,20,-0.785398
35,21,-1.892547
35,32,-1.249046
35,33,-2.356194
35,56,0.785398
35,80,-1.570796
36,23,0.000000
36,25,0.785398
36,26,1.570796
36,27,2.356194
36,28,-0.785398
36,58,2.356194
36,86,-0.785398
36,88,2.819842
37,3,0.785398
37,5,1.249046
37,6,2.356194
37,13,-2.356194
37,31,0.000000
37,32,0.785398
37,33,1.892547
37,54,0.785398
38,3,0.000000
38,66,0.785398
38,67,1.570796
38,68,2.356194
38,77,0.785398
38,78,1.892547
38,87,0.321751
38,89,3.141593
39,23,0.000000
39,24,1.570796
39,26,-1.570796
39,27,-2.356194
39,32,-0.785398
39,33,-1.892547
39,58,2.819842
39,70,0.000000
39,71,1.892547
39,78,-1.249046
39,80,1.892547
39,87,-0.785398
40,3,-0.785398
40,10,2.356194
40,53,-0.785398
40,54,-1.892547
40,58,-1.570796
40,67,-0.321751
40,72,3.141593
40,80,-1.249046
40,82,1.892547
41,5,-1.249046
41,6,-2.356194
41,8,0.785398
41,10,-2.819842
41,14,0.000000
41,23,-0.785398
41,24,-2.356194
41,61,2.356194
41,70,3.141593
41,82,-1.249046
41,83,-2.356194
41,84,0.785398
41,85,1.892547
41,87,2.356194
42,58,-0.785398
42,85,-1.249046
42,87,3.141593
43,2,0.785398
43,13,0.785398
43,14,1.892547
43,60,-2.356194
43,68,-0.785398
43,69,-2.356194
43,87,-1.570796
43,90,2.356194
44,3,-2.356194
44,6,0.785398
44,47,0.785398
44,48,1.570796
44,49,3.141593
44,88,0.785398
45,31,0.785398
45,32,1.570796
45,33,2.356194
45,57,0.785398
45,58,1.570796
45,60,-1.570796
45,61,-2.356194
45,82,0.785398
45,83,1.892547
45,88,-0.785398
45,91,2.819842
46,11,1.570796
46,12,2.356194
46,13,-0.785398
46,49,0.000000
46,50,1.570796
46,51,2.356194
46,64,0.785398
46,65,2.356194
46,83,-1.249046
46,84,3.141593
46,88,2.356194
46,91,-2.356194
47,15,-1.249046
47,16,-2.356194
47,64,-1.570796
47,88,3.141593
47,91,2.356194
48,2,-0.785398
48,8,-2.356194
48,29,0.785398
48,30,1.570796
48,32,-1.570796
48,33,-2.356194
48,59,-2.356194
48,60,0.785398
48,61,1.570796
48,71,0.000000
48,72,1.892547
48,82,3.141593
48,88,-1.570796
48,91,-2.819842
49,8,2.356194
49,63,-1.249046
49,64,3.141593
49,72,-1.249046
49,73,-2.356194
50,8,3.141593
50,18,0.785398
50,19,2.356194
50,89,-0.785398
51,3,0.785398
51,4,2.356194
51,8,-2.356194
51,11,1.249046
51,12,2.356194
51,18,-0.785398
51,29,-0.785398
51,30,-1.570796
51,31,-2.356194
51,59,0.785398
51,70,-2.356194
52,4,-1.570796
52,49,-0.785398
52,52,2.356194
52,55,0.785398
52,62,2.356194
52,86,0.785398
52,87,1.570796
52,88,3.141593
53,7,-0.785398
53,17,-0.785398
53,18,-1.570796
53,19,-2.356194
53,20,0.785398
53,21,1.892547
54,2,0.785398
54,21,-1.249046
54,23,1.570796
54,24,2.356194
54,51,-0.785398
54,52,-2.356194
54,55,-0.785398
54,58,2.356194
54,59,0.785398
54,76,0.785398
54,77,1.892547
54,87,0.785398
55,2,0.000000
55,11,1.249046
55,12,2.356194
55,14,0.785398
55,15,1.892547
55,49,0.785398
55,50,2.356194
55,77,-1.249046
55,78,-2.356194
55,79,0.785398
55,80,1.892547
55,88,3.141593
56,2,-0.785398
56,15,-1.249046
56,16,-2.356194
56,21,0.785398
56,50,-1.570796
56,59,-0.785398
57,38,0.785398
57,56,-0.785398
57,57,-1.892547
57,80,-0.785398
57,89,2.356194
58,2,0.785398
58,25,2.356194
58,44,0.785398
58,45,1.570796
58,46,2.356194
58,60,0.321751
58,62,3.141593
58,73,0.785398
58,74,2.356194
58,80,2.356194
58,87,0.785398
58,89,-2.819842
59,2,-0.321751
59,4,2.356194
59,7,-0.785398
59,8,-1.892547
59,22,-1.249046
59,24,-1.892547
59,34,0.785398
59,35,1.892547
59,60,-0.785398
59,73,-1.570796
60,35,-1.249046
60,36,-2.356194
60,45,2.356194
60,71,0.785398
60,72,2.356194
60,80,-1.249046
60,81,3.141593
60,88,0.000000
61,3,0.785398
61,39,0.000000
61,40,1.570796
61,41,2.356194
61,44,-0.785398
61,45,-2.356194
61,61,-2.356194
61,72,-1.570796
62,3,0.000000
62,5,0.785398
62,6,1.570796
62,7,2.356194
62,9,-0.785398
62,10,-1.892547
62,20,0.785398
62,21,1.570796
62,22,2.356194
62,26,0.785398
62,27,1.892547
62,51,1.249046
62,52,2.356194
62,65,0.785398
62,66,1.892547
62,74,0.785398
62,75,1.892547
62,88,3.141593
62,91,2.356194
63,3,-0.785398
63,12,-0.785398
63,27,-1.249046
63,28,-2.356194
63,48,0.000000
63,49,1.570796
63,51,-1.892547
63,56,0.785398
63,57,1.570796
63,59,-2.356194
63,66,-1.249046
63,67,-2.356194
63,69,0.785398
63,70,1.892547
63,75,-1.249046
63,76,-2.356194
63,77,0.785398
63,78,1.892547
63,88,-1.570796
63,91,-2.819842
64,3,0.785398
64,12,2.356194
64,38,-0.785398
64,39,-1.570796
64,40,3.141593
64,70,-1.249046
64,71,-2.356194
64,72,3.141593
64,80,0.785398
64,81,1.892547
65,3,0.000000
65,5,-0.785398
65,6,-1.570796
65,7,-2.356194
65,22,0.000000
65,23,3.141593
65,26,0.000000
65,42,0.785398
65,43,1.570796
65,44,2.356194
65,45,0.785398
65,46,1.892547
65,57,2.356194
65,78,-1.570796
65,81,-1.249046
65,82,-2.356194
65,91,2.819842
66,3,-0.785398
66,19,0.000000
66,50,-2.356194
66,51,0.785398
66,52,1.570796
66,53,2.356194
66,54,0.785398
66,55,1.570796
66,57,3.141593
66,86,0.785398
66,87,1.892547
67,12,-1.570796
67,22,-2.356194
67,35,0.000000
67,36,1.570796
67,37,2.356194
67,57,-1.570796
67,62,1.892547
67,76,-0.785398
67,77,-1.570796
67,78,3.141593
68,3,0.785398
68,19,0.785398
68,46,-1.570796
68,52,0.785398
68,55,-2.819842
68,58,1.570796
68,62,-1.249046
68,64,1.892547
68,87,-1.570796
69,3,0.000000
69,5,0.785398
69,6,1.570796
69,7,2.356194
69,8,0.785398
69,9,1.570796
69,11,-1.570796
69,12,-2.356194
69,49,-1.249046
69,50,3.141593
69,58,0.000000
69,66,2.356194
69,68,0.785398
69,69,1.570796
69,70,2.356194
69,72,0.785398
69,73,1.892547
69,82,0.000000
69,83,1.892547
69,86,1.570796
69,91,-2.356194
70,21,0.000000
70,22,1.892547
70,34,0.000000
70,37,-2.356194
70,38,0.785398
70,39,1.570796
70,40,2.356194
70,54,-1.570796
70,62,0.785398
70,73,-1.249046
70,74,-2.356194
70,83,-1.249046
70,84,-2.356194
70,85,-0.785398
70,86,-2.356194
71,9,0.785398
71,23,-2.356194
71,41,0.000000
71,42,1.892547
71,51,-0.785398
71,65,-1.570796
71,66,3.141593
71,88,-0.785398
71,89,-1.892547
72,2,0.321751
72,11,1.570796
72,12,2.356194
72,17,-0.785398
72,18,-1.570796
72,19,-2.356194
72,20,0.785398
72,21,2.356194
72,29,0.785398
72,31,1.892547
72,48,1.892547
72,51,2.356194
72,58,-1.249046
72,68,-0.785398
72,69,-1.570796
72,70,-2.356194
72,80,0.000000
72,81,1.892547
73,2,-0.785398
73,6,2.356194
73,8,-0.785398
73,9,-1.892547
73,29,-1.570796
73,33,1.570796
73,50,-0.785398
73,51,-2.356194
73,62,-1.249046
73,63,3.141593
73,74,0.000000
73,75,1.892547
74,2,0.785398
74,11,0.785398
74,41,-1.249046
74,53,0.785398
74,54,1.570796
74,55,2.356194
75,5,-2.356194
75,35,1.570796
75,58,-0.785398
75,59,-1.570796
75,60,3.141593
75,80,-0.785398
75,81,-2.356194
75,89,0.785398
76,6,0.000000
76,7,0.785398
76,8,1.570796
76,9,2.356194
76,15,0.785398
76,16,2.356194
76,18,-0.785398
76,19,-1.570796
76,21,-1.892547
76,33,-1.249046
76,38,2.356194
76,42,0.321751
76,49,-2.356194
76,90,-2.356194
77,27,0.321751
77,35,-1.249046
77,36,-2.356194
77,37,-0.785398
77,38,-2.356194
77,53,-0.785398
77,54,-1.570796
77,55,3.141593
77,63,0.000000
77,64,1.892547
77,75,-1.249046
77,76,-2.356194
77,77,0.785398
77,78,1.892547
77,84,0.785398
77,85,2.356194
78,2,0.000000
78,10,-0.785398
78,11,-1.570796
78,12,-2.356194
78,14,-0.785398
78,27,-1.570796
78,41,-0.785398
78,66,2.356194
79,2,-0.785398
79,7,-0.785398
79,8,-1.892547
79,46,-0.785398
79,47,-2.356194
79,62,0.785398
79,71,0.785398
79,72,2.356194
79,81,1.570796
79,82,2.356194
79,84,3.141593
79,88,1.570796
79,90,2.356194
80,16,0.785398
80,17,1.570796
80,18,2.356194
80,53,0.785398
80,54,1.892547
80,63,-1.249046
80,71,-0.785398
80,74,0.000000
80,75,1.892547
80,84,-1.570796
80,90,-2.819842
81,2,0.785398
81,11,1.249046
81,12,2.356194
81,45,-1.249046
81,46,-2.356194
81,54,-1.249046
81,55,-2.356194
81,57,0.785398
81,58,1.892547
81,71,2.356194
81,75,-1.249046
81,77,1.570796
81,81,-2.819842
81,85,0.785398
82,2,-0.321751
82,4,2.356194
82,6,0.785398
82,7,1.570796
82,8,2.356194
82,58,-1.249046
82,59,-2.356194
82,70,-0.785398
82,71,-2.356194
82,85,-1.570796
82,87,-1.249046
82,90,2.819842
83,41,0.785398
83,42,1.570796
83,43,2.356194
83,51,0.785398
83,52,2.356194
83,73,0.785398
83,74,1.892547
83,81,0.000000
83,82,1.570796
83,90,-2.356194
84,3,0.000000
84,5,0.785398
84,7,-2.819842
84,11,0.000000
84,17,-1.570796
84,44,-2.356194
84,47,0.785398
84,74,-1.249046
85,3,-0.785398
85,19,2.356194
85,42,2.356194
85,50,-0.785398
85,51,-2.356194
85,59,0.000000
85,60,1.570796
85,61,2.356194
85,67,-1.249046
85,69,1.892547
85,79,2.356194
85,80,0.785398
85,84,-1.570796
85,90,2.356194
86,3,0.785398
86,8,2.356194
86,17,-0.785398
86,18,-1.892547
86,41,-0.785398
86,64,3.141593
86,70,-2.356194
86,87,0.000000
86,88,1.570796
87,3,-0.321751
87,5,2.356194
87,6,-0.785398
87,7,-1.892547
87,13,0.785398
87,14,2.356194
87,45,0.000000
87,46,0.785398
87,47,1.892547
87,56,3.141593
87,59,0.785398
87,68,0.785398
87,74,0.785398
87,75,1.570796
87,76,2.356194
87,81,-1.570796
88,31,3.141593
88,34,0.000000
88,47,-1.249046
88,48,-2.356194
88,50,0.785398
88,51,1.892547
88,61,1.892547
88,69,3.141593
88,78,-1.249046
88,80,2.356194
88,84,-1.249046
88,85,-2.356194
88,87,-0.785398
88,89,2.819842
89,10,0.000000
89,11,-1.570796
89,12,-2.356194
89,13,-0.785398
89,14,-1.570796
89,15,-2.356194
89,42,0.785398
89,43,1.892547
89,51,-1.249046
89,52,-2.356194
89,61,-1.249046
89,62,-2.356194
89,63,0.785398
89,64,1.892547
89,75,2.356194
89,80,-2.356194
89,89,-2.356194
90,3,0.321751
90,5,-2.356194
90,7,0.785398
90,8,1.570796
90,9,3.141593
90,44,-2.356194
90,46,0.785398
90,47,1.892547
90,64,-1.249046
90,65,-2.356194
90,66,0.785398
90,67,1.892547
90,73,0.785398
90,89,2.356194
91,3,-0.785398
91,20,0.785398
91,21,1.570796
91,22,2.356194
91,25,3.141593
91,28,0.000000
91,42,1.570796
91,47,-1.249046
91,48,-2.356194
91,50,0.785398
91,51,1.892547
91,67,-1.249046
91,69,1.892547
91,75,-1.249046
91,77,1.892547
91,82,3.141593
91,85,0.785398
91,86,1.570796
91,87,2.356194
91,89,3.141593
92,9,1.570796
92,41,-0.785398
92,42,-2.356194
92,51,-1.249046
92,52,-2.356194
92,71,2.356194
92,78,-2.356194
92,89,-2.356194
93,9,-0.785398
93,10,-2.356194
93,21,0.785398
93,45,3.141593
93,66,1.570796
93,73,-1.249046
93,75,1.570796
93,76,3.141593
93,89,2.356194
94,6,1.249046
94,8,2.356194
94,21,-0.785398
94,22,-2.356194
94,47,0.000000
94,49,3.141593
94,67,-2.356194
94,68,0.785398
94,82,-1.249046
94,83,-2.356194
94,84,0.785398
94,89,3.141593
95,35,-2.356194
95,37,0.000000
95,38,0.785398
95,39,1.570796
95,40,2.356194
95,59,0.785398
95,60,2.356194
95,69,-1.249046
95,70,3.141593
95,77,0.785398
95,78,1.892547
95,85,-1.249046
96,8,-2.819842
96,41,-2.356194
96,52,0.000000
96,59,-1.570796
96,71,0.000000
96,72,1.892547
96,78,-1.249046
96,79,3.141593
96,87,-1.249046
97,5,-1.249046
97,10,1.249046
97,11,3.141593
97,31,0.785398
97,32,1.892547
97,44,0.000000
97,57,0.785398
97,73,-2.356194
98,7,-1.249046
98,8,-2.356194
98,9,-0.785398
98,10,-1.892547
98,18,0.000000
98,32,-1.249046
98,33,-2.356194
98,38,-0.785398
98,39,-1.570796
98,40,-2.356194
98,42,3.141593
98,51,3.141593
98,58,-1.249046
98,59,-2.356194
98,62,3.141593
98,77,3.141593
98,85,3.141593
