7,5,1.249046
7,6,3.141593
8,36,1.249046
8,37,2.356194
9,3,0.321751
9,47,1.570796
10,3,-0.785398
10,22,0.785398
10,23,2.356194
10,36,-1.570796
10,47,0.000000
11,17,0.785398
11,18,3.141593
11,23,-1.570796
11,47,-0.785398
11,57,0.785398
11,58,2.356194
12,17,-0.785398
12,37,0.785398
12,45,1.892547
12,47,2.356194
12,57,-0.785398
12,77,2.356194
13,47,3.141593
13,57,2.356194
14,43,-0.321751
15,40,-2.819842
16,17,0.785398
16,43,0.321751
16,58,0.000000
16,59,1.570796
17,17,-0.785398
17,18,3.141593
17,41,1.892547
18,29,0.785398
18,45,-2.819842
19,29,0.000000
19,39,-1.249046
19,55,-2.819842
20,22,0.785398
20,23,1.570796
20,25,1.892547
20,29,-1.570796
20,52,0.321751
21,27,0.785398
21,28,2.356194
21,31,0.000000
21,36,3.141593
21,47,1.570796
21,49,1.892547
21,66,0.785398
22,15,0.000000
22,16,-1.570796
22,17,3.141593
22,25,-1.892547
22,38,1.249046
22,39,2.356194
22,63,1.892547
22,81,2.356194
23,9,0.000000
23,36,0.000000
23,58,1.892547
23,67,-2.819842
24,48,3.141593
24,71,0.785398
25,20,0.785398
25,21,2.356194
25,25,0.785398
25,26,1.570796
25,27,3.141593
25,29,-1.249046
25,31,3.141593
25,38,-2.819842
25,53,-2.819842
25,68,1.570796
26,31,-1.570796
26,55,0.321751
26,60,-2.819842
26,63,0.000000
26,70,-1.249046
27,19,0.321751
27,50,2.356194
27,52,3.141593
27,62,1.570796
27,68,3.141593
28,43,-2.356194
28,52,-2.356194
28,55,-0.321751
28,68,-2.356194
28,72,0.321751
29,37,-1.249046
29,43,2.356194
29,52,2.356194
29,77,2.819842
30,26,-2.819842
30,31,-1.249046
30,35,-1.570796
30,52,3.141593
30,55,0.321751
30,67,-0.785398
30,70,2.356194
30,71,-0.785398
30,72,-1.570796
30,74,-1.892547
30,85,2.356194
31,8,0.785398
31,33,-2.356194
31,36,1.570796
31,39,-1.570796
31,43,-1.249046
31,44,-2.356194
31,77,-2.819842
32,10,2.356194
32,27,1.570796
32,29,1.892547
32,33,2.356194
32,36,0.000000
32,51,0.321751
32,64,-2.819842
32,82,1.249046
33,31,1.570796
33,36,-1.570796
33,40,2.356194
33,48,-1.570796
33,71,2.356194
33,73,0.785398
33,84,-2.356194
34,7,0.321751
34,43,0.785398
34,49,0.785398
34,56,-1.570796
34,74,-1.249046
34,76,3.141593
35,7,-1.570796
35,11,0.785398
35,15,2.356194
35,31,2.356194
35,44,-1.570796
35,53,-1.249046
36,23,-1.892547
36,41,1.892547
36,47,1.892547
36,76,0.000000
37,11,-0.321751
37,18,0.321751
37,25,-0.321751
37,27,-2.819842
37,32,-2.356194
37,33,-0.785398
37,34,-1.570796
37,43,0.785398
38,29,0.321751
38,36,-1.249046
38,55,3.141593
38,65,-0.785398
38,67,0.000000
38,74,0.785398
38,81,2.356194
38,82,0.785398
39,12,-0.785398
39,18,-1.570796
39,20,3.141593
39,38,-1.249046
39,39,-2.356194
39,46,-1.249046
39,50,-2.819842
39,88,2.356194
40,20,-2.356194
40,30,-2.356194
40,31,0.785398
40,32,1.892547
40,58,-1.570796
40,61,2.819842
40,65,0.785398
40,70,0.000000
40,88,3.141593
41,6,0.785398
41,34,2.356194
41,51,1.570796
41,84,-1.570796
41,88,-2.356194
42,8,2.356194
42,15,-1.570796
42,16,-2.356194
42,17,0.785398
42,18,1.570796
42,36,0.785398
42,38,1.892547
42,47,1.570796
42,56,3.141593
42,82,0.785398
43,5,0.321751
43,40,1.570796
43,42,-1.570796
43,44,2.356194
43,56,-1.570796
43,80,-1.570796
43,83,-1.249046
43,84,3.141593
44,5,-0.785398
44,33,-1.249046
44,34,-2.356194
44,53,-2.356194
44,57,0.785398
44,68,0.785398
44,73,-1.570796
44,79,1.570796
44,86,2.356194
44,87,-0.785398
44,89,2.819842
45,16,1.249046
45,21,-2.356194
45,22,0.785398
45,23,1.570796
45,25,-1.892547
45,54,0.000000
45,55,1.892547
45,66,-1.570796
45,75,-1.249046
45,89,-2.356194
46,11,0.785398
46,28,0.785398
46,36,2.356194
46,50,3.141593
46,57,-1.570796
46,64,0.785398
46,81,1.570796
46,82,2.356194
46,89,2.356194
47,22,-0.785398
47,23,-1.570796
47,24,-2.356194
47,25,0.785398
47,26,1.892547
47,30,0.785398
47,31,1.570796
47,32,2.356194
47,34,0.785398
47,39,2.356194
47,59,-1.249046
47,61,3.141593
47,76,0.000000
47,77,-1.570796
48,12,0.785398
48,17,-2.356194
48,18,-0.785398
48,19,-1.892547
48,37,-2.356194
48,50,-1.570796
48,52,1.570796
48,65,-1.570796
48,75,1.570796
48,79,-1.249046
48,81,3.141593
48,85,-2.356194
48,86,0.785398
48,90,2.819842
49,12,-0.785398
49,57,2.356194
49,61,-0.785398
49,75,-2.356194
50,5,0.785398
50,21,2.356194
50,22,0.785398
50,23,1.570796
50,24,2.356194
50,29,1.570796
50,34,-0.785398
50,35,-2.356194
50,51,0.000000
50,58,0.000000
50,65,-2.356194
50,70,0.000000
50,71,1.892547
50,76,1.570796
50,90,3.141593
51,5,0.000000
51,14,0.785398
51,20,-0.785398
51,36,1.570796
51,41,-0.785398
51,42,-2.356194
51,49,0.785398
51,50,2.356194
51,56,0.785398
51,62,3.141593
51,76,-0.785398
51,78,1.570796
51,80,2.356194
51,84,0.785398
51,90,-2.356194
52,36,0.000000
52,43,0.000000
52,44,1.570796
52,46,-2.356194
52,50,-1.570796
52,53,2.356194
52,90,2.356194
53,4,0.321751
53,6,3.141593
53,13,0.321751
53,21,-2.356194
53,25,-0.785398
53,26,-1.892547
53,33,1.892547
53,47,1.570796
53,59,-1.249046
53,63,2.356194
53,69,-2.356194
53,80,-0.321751
53,85,-1.570796
53,90,3.141593
54,4,-1.570796
54,7,1.570796
54,41,0.000000
54,42,1.570796
54,49,0.785398
54,57,3.141593
54,74,-1.570796
54,84,2.356194
54,90,-2.356194
55,7,0.000000
55,9,1.892547
55,11,1.249046
55,23,-0.785398
55,24,-2.356194
55,26,0.785398
55,27,1.570796
55,39,-1.570796
55,44,-1.249046
55,57,-1.570796
55,61,0.000000
55,68,2.819842
56,16,0.785398
56,22,2.356194
56,31,-2.356194
56,32,-0.785398
56,36,3.141593
56,41,-0.785398
56,42,-2.356194
56,53,-1.249046
56,59,0.785398
56,60,2.356194
56,76,-2.356194
57,7,-0.321751
57,37,0.000000
57,38,1.892547
57,49,-1.249046
57,51,3.141593
57,64,-1.249046
57,65,-2.356194
57,81,-1.249046
57,87,2.356194
57,90,2.356194
58,17,0.785398
58,22,-1.570796
58,24,1.570796
58,29,3.141593
58,40,2.356194
58,41,0.785398
58,44,-2.356194
58,46,3.141593
58,51,-1.570796
58,59,0.321751
58,61,2.819842
58,72,-1.249046
58,74,3.141593
58,79,3.141593
58,90,3.141593
59,7,0.321751
59,13,-1.570796
59,17,-0.785398
59,18,-2.356194
59,19,-0.785398
59,20,-1.892547
59,61,-2.356194
59,90,-2.356194
60,10,-1.570796
60,15,2.356194
60,33,-0.785398
60,39,-0.785398
60,40,-2.356194
60,48,2.356194
60,54,0.000000
60,55,1.892547
60,60,-2.356194
60,65,0.785398
60,67,-2.356194
60,73,0.321751
60,75,3.141593
60,81,0.785398
60,82,2.356194
60,85,-1.570796
61,12,2.356194
61,13,-0.785398
61,14,-1.892547
61,35,-1.249046
61,37,1.570796
61,38,3.141593
61,42,-1.249046
61,55,-1.249046
61,56,-2.356194
61,66,-2.356194
61,73,-0.785398
61,77,0.785398
61,86,1.570796
62,11,-1.892547
62,18,1.249046
62,20,1.570796
62,21,2.356194
62,53,3.141593
62,58,-2.356194
62,83,2.819842
62,86,0.000000
62,88,0.785398
62,89,2.356194
63,15,1.249046
63,16,2.356194
63,29,-1.570796
63,30,-2.356194
63,44,-0.785398
63,73,-1.570796
63,79,-2.356194
63,80,0.785398
63,89,-1.570796
64,21,2.819842
64,44,2.356194
64,81,-1.249046
64,86,-2.819842
65,21,-2.356194
65,40,1.570796
65,41,2.356194
65,42,0.785398
65,49,2.819842
65,83,-1.249046
65,91,-2.356194
66,9,-1.892547
66,15,-0.785398
66,16,-2.356194
66,17,-0.785398
66,18,-2.356194
66,23,1.249046
66,27,-1.892547
66,34,0.785398
66,35,1.570796
66,36,2.356194
66,59,2.356194
66,67,1.570796
67,4,0.321751
67,7,-1.892547
67,14,0.785398
67,40,-1.570796
67,47,-1.249046
67,50,2.819842
67,58,-0.785398
67,63,-2.356194
67,87,0.000000
67,88,1.892547
68,42,-1.249046
68,44,-2.356194
68,50,-2.356194
68,58,2.356194
68,67,0.785398
69,12,1.249046
69,21,0.785398
69,23,-1.570796
69,25,-1.570796
69,26,-2.356194
69,29,0.785398
69,30,1.570796
69,31,3.141593
69,35,-1.249046
69,36,-2.356194
69,37,-0.785398
69,45,-2.356194
69,50,-1.570796
69,57,0.321751
69,58,-2.819842
69,68,-2.356194
69,84,1.570796
69,88,-1.570796
70,2,0.321751
70,5,0.785398
70,6,2.356194
70,9,0.785398
70,10,1.570796
70,12,-1.892547
70,40,0.785398
70,57,-1.570796
70,74,3.141593
70,81,0.785398
70,86,0.785398
70,87,2.356194
70,90,0.785398
71,2,-0.785398
71,5,-0.785398
71,18,0.000000
71,21,3.141593
71,41,-2.356194
71,43,0.785398
71,55,2.356194
71,81,0.000000
71,87,-2.356194
71,91,2.819842
72,24,1.249046
72,25,2.356194
72,27,0.785398
72,28,1.570796
72,30,-1.570796
72,31,-2.356194
72,35,0.785398
72,36,1.570796
72,38,1.892547
72,54,-1.570796
72,81,-1.570796
72,91,-2.356194
73,10,2.356194
73,53,-0.785398
73,83,-0.321751
74,9,-0.785398
74,28,-2.819842
74,58,1.570796
74,76,2.356194
74,79,0.000000
74,84,-1.249046
74,90,-1.570796
75,7,2.356194
75,24,-1.570796
75,25,-2.356194
75,26,-0.785398
75,33,1.249046
75,34,2.356194
75,35,-0.785398
75,36,-1.570796
75,40,-2.819842
75,75,-0.785398
76,4,-0.785398
76,7,-1.570796
76,11,1.249046
76,12,3.141593
76,30,1.570796
76,31,2.356194
76,75,-1.570796
77,20,0.785398
77,33,-2.356194
77,54,0.785398
77,58,-1.570796
77,63,1.570796
77,79,0.785398
77,91,-1.570796
78,3,0.321751
78,5,3.141593
78,14,0.000000
78,26,-0.785398
78,27,-1.892547
78,30,0.785398
78,43,1.249046
78,45,-1.570796
78,46,-2.356194
78,47,3.141593
78,63,-1.570796
78,86,-1.570796
78,88,1.570796
79,3,-0.785398
79,9,-1.570796
79,17,0.785398
79,18,2.356194
79,19,-0.785398
79,20,-2.356194
79,24,1.570796
79,34,-2.356194
79,35,0.785398
79,36,1.570796
79,37,2.356194
79,38,-0.785398
79,39,-1.570796
79,40,-2.356194
79,42,-0.785398
79,43,-1.892547
79,84,0.000000
79,88,0.000000
80,8,3.141593
80,12,0.000000
80,21,0.785398
80,22,2.356194
80,23,-0.785398
80,61,2.356194
80,71,2.356194
80,75,1.570796
80,88,-1.570796
80,90,-1.570796
81,11,1.570796
81,16,-0.785398
81,18,2.819842
81,21,-1.570796
81,26,1.249046
81,27,2.356194
81,32,0.785398
81,53,1.570796
81,59,0.000000
81,63,1.570796
81,70,0.785398
81,75,2.356194
81,81,-1.570796
81,91,-2.356194
82,10,0.000000
82,11,-2.356194
82,14,-0.785398
82,20,1.570796
82,25,0.321751
82,37,-2.356194
82,49,0.000000
82,53,3.141593
82,63,-1.570796
82,71,-2.356194
82,74,-0.785398
83,9,1.570796
83,12,1.570796
83,14,2.356194
83,18,0.000000
83,25,-1.570796
83,29,0.000000
83,33,-1.249046
83,35,-1.892547
83,42,3.141593
83,53,-1.570796
83,78,0.000000
83,88,3.141593
84,8,0.000000
84,12,0.000000
84,14,-2.356194
84,18,-1.570796
84,23,1.249046
84,24,3.141593
84,29,-1.570796
84,80,-2.356194
84,84,0.000000
84,89,1.570796
85,4,0.000000
85,15,0.785398
85,16,2.356194
85,23,-1.892547
85,65,2.356194
85,86,-2.356194
85,89,0.000000
86,4,-0.785398
86,11,0.321751
86,12,-2.819842
86,15,-0.785398
86,31,2.356194
86,38,2.356194
86,41,0.000000
86,55,-2.356194
86,70,1.570796
86,86,0.785398
86,89,-1.570796
87,11,-1.570796
87,20,0.000000
87,35,1.570796
87,37,-0.785398
87,44,-2.356194
87,67,0.785398
87,86,-0.321751
87,88,3.141593
88,29,1.570796
88,54,2.356194
88,71,2.356194
88,91,2.356194
89,4,0.785398
89,8,1.249046
89,9,3.141593
89,25,0.785398
89,28,-0.785398
89,31,1.570796
89,33,0.000000
89,50,0.000000
89,53,-0.785398
89,54,-2.356194
89,69,0.785398
89,79,1.570796
89,89,1.249046
90,4,-0.321751
90,13,0.785398
90,25,-0.785398
90,26,-2.356194
90,31,-1.570796
90,43,0.000000
90,45,3.141593
90,55,1.570796
90,79,0.785398
90,84,0.785398
90,85,1.570796
90,87,-1.570796
91,21,1.249046
91,22,2.356194
91,23,0.785398
91,24,2.356194
91,38,2.356194
91,56,-2.356194
91,58,3.141593
91,69,-0.321751
91,81,1.570796
91,82,3.141593
92,12,2.356194
92,15,0.785398
92,24,-2.356194
92,31,2.356194
92,36,0.000000
92,70,-1.249046
92,71,3.141593
92,85,0.785398
92,88,0.000000
92,90,2.819842
93,11,0.000000
93,12,-2.356194
93,15,-1.570796
93,20,-1.892547
93,77,2.356194
93,81,0.785398
93,85,-0.321751
93,87,3.141593
93,90,-2.356194
94,13,0.785398
94,14,3.141593
94,18,-0.785398
94,30,-1.570796
94,33,1.570796
94,38,1.570796
94,58,1.570796
94,76,-0.785398
94,78,2.356194
94,81,-0.321751
95,25,2.819842
95,53,1.570796
95,58,-1.570796
95,67,1.570796
95,73,-1.570796
95,78,3.141593
95,83,2.819842
95,90,2.356194
96,7,-1.249046
96,8,-2.356194
96,9,-0.785398
96,10,-1.570796
96,11,-2.356194
96,22,0.000000
96,29,1.570796
96,38,-1.570796
96,42,3.141593
96,53,-1.570796
96,63,1.570796
96,67,0.785398
96,78,-2.356194
96,83,-2.356194
97,13,-1.249046
97,14,-2.356194
97,17,-0.785398
97,18,-1.570796
97,19,-2.356194
97,24,-0.785398
97,25,-1.570796
97,27,1.892547
97,63,-1.570796
97,68,-2.356194
97,71,3.141593
97,78,-1.570796
97,87,-0.785398
97,88,-1.892547
98,27,-1.249046
98,28,-2.356194
98,32,-1.570796
98,38,0.000000
