13,32,1.249046
13,33,2.356194
13,40,0.785398
13,41,1.570796
13,42,2.356194
13,45,0.785398
13,46,1.570796
13,47,2.356194
13,51,0.785398
13,52,1.892547
14,15,2.356194
14,57,0.785398
14,58,1.570796
14,59,2.356194
14,61,0.785398
14,62,1.570796
14,63,2.356194
14,64,0.785398
14,65,1.892547
15,14,-0.785398
15,32,-2.356194
15,52,-0.785398
15,68,0.785398
15,69,1.570796
15,70,2.356194
16,65,-0.785398
17,14,2.356194
21,10,0.321751
22,10,-1.570796
22,82,3.141593
25,52,2.356194
26,52,-2.356194
27,23,0.785398
27,41,-1.570796
27,50,-1.570796
28,34,-2.356194
28,59,-2.356194
28,63,1.570796
29,25,-1.570796
29,26,-2.356194
29,27,0.785398
29,28,1.892547
29,51,0.785398
30,28,-1.249046
30,29,-2.356194
30,30,3.141593
30,39,0.000000
30,47,0.785398
30,61,0.785398
30,72,0.321751
31,10,3.141593
31,42,-2.356194
31,48,-2.356194
31,54,3.141593
31,70,-2.356194
31,72,-0.785398
32,11,1.570796
32,50,0.785398
32,59,-2.356194
32,72,0.785398
33,6,0.321751
33,11,0.000000
33,16,-1.570796
33,17,-2.356194
33,27,3.141593
33,65,3.141593
33,73,3.141593
34,6,-1.570796
34,11,-0.785398
34,52,-2.356194
34,70,-2.356194
35,14,1.570796
35,63,0.785398
35,67,0.785398
36,14,0.000000
36,43,0.000000
36,44,3.141593
36,68,-2.356194
36,76,-2.356194
37,14,-0.785398
37,18,1.570796
37,46,0.785398
37,65,-2.356194
37,70,0.785398
37,87,2.819842
38,18,-0.785398
38,19,-2.356194
38,31,0.785398
38,32,1.892547
38,47,-2.356194
38,62,0.785398
38,82,0.785398
38,83,1.570796
38,85,-1.892547
38,87,-1.570796
39,32,-1.249046
39,33,-2.356194
39,34,3.141593
39,63,-2.356194
39,76,0.785398
40,12,-1.892547
40,51,0.785398
40,74,3.141593
40,77,-2.356194
40,82,-0.785398
41,18,1.249046
41,19,2.356194
41,29,3.141593
41,52,-2.356194
41,66,0.785398
42,4,0.321751
42,7,2.356194
42,9,-0.785398
42,10,-1.570796
42,11,-2.356194
42,13,-0.785398
42,14,-1.570796
42,15,-2.356194
42,17,-0.785398
42,18,-1.892547
42,67,-2.356194
43,81,0.785398
44,6,-2.819842
44,17,0.000000
44,82,-2.356194
45,2,-0.785398
45,29,0.785398
45,30,1.892547
46,5,0.785398
46,14,0.785398
46,15,1.570796
46,16,2.356194
46,30,-1.249046
46,31,-2.356194
46,32,3.141593
46,77,0.785398
47,34,0.000000
47,35,3.141593
47,78,-2.356194
48,28,3.141593
48,61,0.785398
49,14,0.000000
49,15,-1.570796
49,16,-2.356194
49,30,0.000000
49,31,3.141593
49,62,-2.356194
50,24,3.141593
51,4,-1.570796
51,5,-2.356194
51,26,0.000000
51,28,3.141593
52,32,0.000000
53,36,3.141593
54,27,3.141593
54,30,0.000000
54,31,3.141593
54,64,0.000000
55,2,0.000000
55,33,0.000000
55,36,3.141593
56,30,3.141593
56,66,2.356194
57,32,0.000000
57,33,3.141593
57,64,0.000000
58,2,0.000000
58,35,2.356194
58,84,0.785398
59,10,1.249046
59,11,2.356194
59,18,3.141593
59,20,0.000000
59,21,3.141593
59,23,0.000000
59,28,3.141593
59,34,1.570796
59,66,-1.570796
59,85,-2.356194
60,9,-0.785398
60,10,-1.892547
60,31,0.000000
61,21,0.000000
61,23,3.141593
61,65,0.785398
62,11,0.000000
62,15,3.141593
62,26,0.000000
62,29,3.141593
62,39,3.141593
62,65,-0.321751
62,73,0.321751
62,75,-2.356194
63,9,3.141593
63,31,0.000000
63,33,-0.785398
63,34,-1.570796
63,35,3.141593
63,41,0.000000
63,42,3.141593
63,67,2.819842
64,4,2.356194
64,16,0.000000
64,27,3.141593
64,73,-2.819842
64,78,-2.356194
65,2,0.321751
65,29,0.000000
65,31,3.141593
65,39,3.141593
65,68,-2.356194
65,71,-0.785398
65,72,-1.892547
66,12,3.141593
66,34,0.000000
66,35,3.141593
67,3,-2.356194
67,25,0.000000
67,27,3.141593
68,13,0.000000
68,16,3.141593
69,8,1.249046
69,9,2.356194
69,11,3.141593
69,80,0.785398
70,5,1.249046
70,6,2.356194
70,7,-0.785398
70,8,-1.892547
71,3,0.000000
71,4,-0.785398
71,5,-1.892547
71,83,3.141593
72,8,1.249046
72,9,2.356194
72,10,3.141593
72,18,0.000000
72,25,3.141593
73,7,-0.785398
73,8,-1.892547
73,80,0.785398
73,85,0.785398
73,91,-1.570796
74,13,3.141593
74,17,0.000000
74,21,3.141593
74,35,0.000000
74,36,3.141593
74,81,-2.356194
74,87,3.141593
75,2,0.000000
75,11,-0.785398
76,6,1.249046
76,7,2.356194
76,8,3.141593
77,4,0.000000
77,5,-0.785398
77,6,-1.892547
77,14,0.000000
77,23,3.141593
78,9,1.249046
78,10,2.356194
78,11,3.141593
79,7,1.249046
79,9,-1.892547
79,82,0.785398
80,5,1.249046
80,7,-1.892547
80,14,0.000000
80,16,3.141593
80,79,1.570796
80,83,-2.356194
81,2,0.000000
81,4,-0.785398
81,5,-1.892547
81,11,3.141593
82,7,1.249046
82,8,2.356194
82,87,0.785398
83,5,1.249046
83,7,-1.892547
83,13,2.356194
83,54,0.785398
83,71,1.249046
83,72,2.356194
84,3,0.000000
84,4,-0.785398
84,5,-1.892547
84,11,0.000000
84,39,0.000000
84,40,3.141593
84,85,0.785398
85,8,2.356194
85,16,0.000000
85,18,3.141593
85,20,0.000000
85,23,3.141593
85,36,0.000000
85,67,0.785398
85,71,-1.249046
85,72,3.141593
85,76,-2.356194
86,13,0.000000
86,14,3.141593
86,39,3.141593
87,4,0.000000
87,64,1.249046
87,65,3.141593
87,88,1.570796
88,16,0.000000
88,21,3.141593
88,63,-0.785398
88,71,0.785398
88,75,0.000000
88,76,1.892547
88,88,-0.321751
88,91,2.356194
89,6,1.249046
89,7,2.356194
89,8,3.141593
89,14,3.141593
89,72,-1.570796
89,91,-2.819842
90,78,2.819842
91,4,0.321751
91,9,1.249046
91,10,3.141593
91,18,3.141593
91,24,0.000000
91,25,3.141593
91,66,1.570796
91,78,-1.570796
91,87,-2.356194
92,4,-1.570796
92,13,0.000000
92,27,0.000000
92,28,3.141593
92,66,0.000000
92,71,0.785398
92,75,-2.356194
93,31,0.000000
93,36,0.785398
93,53,0.785398
93,66,-0.785398
93,68,-1.570796
93,88,0.785398
93,90,2.356194
94,6,0.321751
94,37,-2.356194
94,57,0.785398
94,77,1.570796
94,90,3.141593
95,6,-1.570796
95,15,2.356194
95,27,0.000000
95,29,3.141593
95,51,0.785398
95,55,-2.356194
95,58,-2.356194
95,67,-2.356194
95,70,-2.356194
95,73,-1.570796
95,83,2.356194
95,90,-2.356194
96,9,1.570796
96,18,2.356194
96,21,0.000000
96,22,3.141593
96,31,0.785398
96,44,0.000000
96,45,3.141593
96,82,-0.785398
97,5,-1.570796
97,25,0.000000
97,33,3.141593
97,49,0.785398
97,62,0.785398
97,65,0.785398
97,68,0.785398
97,71,0.785398
97,78,-1.570796
97,87,0.000000
98,2,-1.570796
98,9,-1.570796
98,13,-1.570796
98,17,-1.570796
98,29,3.141593
98,38,-2.356194
98,50,-2.356194
98,53,-1.570796
98,63,-2.356194
98,66,-2.356194
98,69,-2.356194
98,72,-2.356194
98,83,-1.570796
