6,38,1.249046
6,39,2.356194
6,43,0.785398
6,44,1.892547
6,58,1.249046
6,59,3.141593
7,22,1.249046
7,23,2.356194
7,33,0.785398
7,34,1.570796
7,35,2.356194
7,50,1.249046
7,51,2.356194
7,54,0.785398
7,55,1.570796
7,56,2.356194
7,57,-0.785398
7,75,1.249046
7,79,2.356194
8,38,-1.570796
8,48,1.249046
8,72,0.785398
10,48,-1.249046
10,55,0.785398
10,68,1.249046
10,70,1.570796
10,76,-1.249046
10,79,2.819842
11,13,3.141593
11,20,-1.570796
11,61,0.785398
11,79,-2.356194
12,12,-0.785398
12,58,-2.356194
12,61,-0.321751
12,63,2.356194
12,68,-1.249046
12,70,3.141593
13,34,2.356194
13,40,0.321751
13,42,2.819842
13,70,-2.356194
13,74,0.000000
13,75,1.892547
13,79,0.785398
13,87,2.356194
14,33,0.321751
14,46,2.819842
14,52,-1.570796
14,54,-1.570796
14,79,-0.321751
15,33,-1.570796
15,55,1.570796
15,58,-1.249046
15,59,-2.356194
15,60,-0.785398
15,61,-1.892547
15,63,0.785398
15,64,2.356194
15,65,0.785398
15,66,1.892547
15,71,0.000000
15,72,1.892547
15,77,2.819842
15,88,2.819842
16,32,1.570796
16,39,-0.785398
16,40,-1.892547
16,51,2.356194
16,55,-0.321751
16,56,2.819842
16,63,-0.785398
16,66,-1.249046
16,68,1.892547
16,73,2.819842
16,77,-1.570796
16,82,2.819842
17,32,-2.819842
17,43,-0.785398
17,51,-2.819842
17,56,-1.570796
17,63,0.785398
17,78,0.000000
17,79,1.892547
18,29,0.000000
18,73,-0.785398
18,74,-2.356194
18,75,3.141593
18,79,-1.249046
18,83,-2.356194
18,84,-0.785398
18,85,-1.892547
19,65,0.000000
19,70,-1.249046
19,71,-2.356194
20,44,-2.356194
20,46,0.785398
20,57,1.570796
20,63,-2.356194
20,66,-2.356194
20,81,0.785398
20,88,-0.321751
20,91,2.819842
21,50,1.249046
21,52,-1.570796
21,57,-1.570796
21,81,0.000000
21,91,-2.356194
22,12,0.785398
22,40,0.000000
22,41,-1.892547
22,48,0.000000
22,65,-0.785398
22,67,2.819842
22,81,-1.570796
23,30,0.785398
23,67,-1.570796
23,88,0.000000
24,10,1.249046
24,87,0.000000
25,12,-2.356194
25,22,1.892547
25,29,0.000000
25,82,0.000000
25,83,1.892547
26,63,0.000000
26,84,2.819842
26,88,1.570796
26,91,-1.570796
27,22,-1.892547
27,67,-0.785398
27,69,2.819842
27,84,-1.570796
27,88,-0.321751
27,89,2.819842
28,6,0.321751
28,69,-2.356194
28,81,0.785398
28,89,-1.570796
29,6,-1.570796
29,30,0.321751
29,32,2.819842
30,19,0.321751
30,21,3.141593
30,78,2.356194
31,19,-0.785398
31,22,0.785398
31,24,1.570796
31,25,2.356194
31,60,0.785398
31,77,-2.356194
31,87,-1.570796
31,91,-1.570796
32,19,2.356194
32,61,3.141593
32,81,3.141593
33,12,0.785398
33,15,1.249046
33,17,1.570796
33,19,3.141593
33,62,-0.785398
33,63,-1.570796
33,65,-1.570796
33,66,-2.356194
33,69,-0.785398
33,70,-1.570796
33,71,-2.356194
33,72,0.785398
33,86,-2.356194
34,12,0.000000
34,14,-0.785398
34,15,-1.892547
35,12,-0.785398
35,17,-0.321751
35,19,-2.819842
36,7,1.249046
36,9,1.892547
36,12,2.356194
36,24,0.000000
36,26,-1.892547
36,74,1.570796
36,76,1.249046
36,77,2.356194
36,90,0.785398
37,12,-2.819842
37,18,0.785398
37,24,-1.570796
38,5,0.321751
38,18,-0.785398
38,19,-2.356194
38,23,1.570796
38,76,-1.570796
38,82,-2.356194
38,88,1.570796
38,91,-1.570796
39,5,-0.785398
39,9,-1.249046
39,16,2.356194
39,26,1.249046
39,27,2.356194
39,31,0.785398
39,32,1.570796
39,33,2.356194
39,77,1.570796
40,34,2.356194
40,77,0.000000
40,89,0.000000
41,12,0.000000
41,14,-1.892547
41,20,0.321751
41,32,-0.321751
41,34,-2.819842
41,77,-0.785398
41,80,0.000000
41,81,1.892547
41,85,0.000000
41,90,-1.570796
42,4,0.321751
42,6,3.141593
42,12,-0.785398
42,20,-1.570796
42,91,-2.356194
43,4,-1.570796
43,28,1.570796
43,30,1.892547
43,33,-0.785398
43,34,3.141593
44,8,1.570796
44,12,2.356194
45,8,0.000000
45,10,0.785398
45,16,-0.785398
45,17,-1.892547
45,24,3.141593
45,30,-1.892547
45,85,2.819842
46,8,-0.785398
46,14,3.141593
46,19,0.000000
46,85,-1.570796
46,90,-2.356194
47,13,-1.892547
47,19,-0.785398
47,27,-2.356194
47,77,0.785398
48,3,0.785398
48,7,1.570796
48,23,0.000000
48,25,-1.892547
48,28,0.785398
48,29,2.356194
48,31,0.785398
48,32,1.570796
48,78,-2.356194
48,91,1.570796
49,28,-1.570796
49,69,0.785398
49,91,2.356194
50,2,0.321751
50,18,0.000000
50,21,1.249046
50,22,3.141593
50,37,1.892547
50,39,2.356194
50,64,0.785398
50,66,2.356194
50,80,0.785398
50,89,0.000000
50,91,-2.819842
51,2,-0.785398
51,7,-0.785398
51,9,-1.249046
51,11,-1.570796
51,12,-2.356194
51,13,3.141593
51,19,0.785398
51,26,3.141593
51,39,-2.819842
51,64,-0.321751
52,17,0.785398
52,22,1.570796
53,2,0.785398
53,26,2.356194
53,28,1.249046
53,46,1.249046
53,47,2.356194
53,50,3.141593
53,65,-0.785398
53,68,-1.570796
53,91,-2.356194
54,2,-0.321751
54,4,2.356194
54,15,0.785398
54,41,2.356194
54,65,0.785398
54,74,-2.356194
54,79,0.785398
54,88,1.570796
55,27,-1.892547
55,34,-1.249046
55,46,-1.249046
55,47,3.141593
55,65,-0.321751
55,66,2.819842
55,70,-2.356194
55,88,-0.321751
56,7,-0.321751
56,20,1.570796
56,31,-0.785398
56,66,-1.570796
57,16,2.356194
57,20,-2.819842
57,29,1.570796
57,43,1.570796
57,45,1.892547
57,50,2.356194
57,91,2.819842
58,16,-2.356194
58,22,0.321751
58,29,3.141593
58,35,0.000000
58,36,-1.570796
58,38,-1.892547
58,47,1.892547
58,54,0.785398
58,68,-2.356194
58,91,-2.356194
59,7,0.321751
59,29,-1.570796
59,33,1.249046
59,34,3.141593
59,41,0.000000
59,55,-2.356194
59,78,0.785398
59,83,1.570796
59,91,-1.570796
60,26,-2.819842
60,30,0.785398
60,31,2.356194
60,32,-0.785398
60,33,-1.892547
60,43,-1.249046
60,52,-1.570796
60,79,-2.356194
60,83,-0.321751
60,84,2.819842
61,9,-1.570796
61,10,-2.356194
61,11,0.785398
61,17,-2.819842
61,20,0.321751
61,30,-1.570796
61,41,3.141593
61,84,-1.570796
62,27,1.570796
62,28,2.356194
62,35,1.249046
62,36,2.356194
62,41,-1.570796
62,51,1.892547
62,68,1.570796
62,76,0.785398
62,89,-1.570796
63,11,0.321751
63,19,0.000000
63,20,-1.570796
63,33,1.249046
63,35,-1.892547
63,52,2.819842
63,58,0.785398
63,73,0.785398
63,86,1.570796
64,3,-0.785398
64,18,3.141593
64,27,-2.819842
64,32,0.000000
64,33,-1.892547
64,41,-0.785398
64,42,-1.570796
64,43,3.141593
64,48,-0.321751
64,49,2.819842
64,52,-1.570796
64,59,-2.356194
64,87,3.141593
65,5,-2.819842
65,9,0.000000
65,30,1.249046
65,31,3.141593
65,44,-2.356194
65,49,-1.570796
65,56,-2.356194
65,66,0.785398
65,84,1.570796
66,18,2.819842
66,21,0.321751
66,27,3.141593
66,34,1.249046
66,35,2.356194
66,46,0.000000
66,47,3.141593
66,67,-2.356194
66,71,-2.356194
66,80,1.570796
67,3,0.000000
67,21,-1.570796
67,32,1.570796
67,34,-1.892547
67,39,1.249046
67,40,2.356194
67,51,1.570796
67,76,1.570796
67,80,-0.321751
68,19,0.785398
68,20,3.141593
68,24,-1.570796
68,26,1.570796
68,38,-0.785398
68,39,-1.892547
68,42,0.000000
68,48,0.785398
68,51,-0.321751
68,52,2.819842
68,76,-0.321751
68,77,2.819842
68,82,2.819842
68,90,-1.570796
69,2,0.785398
69,8,1.570796
69,17,-1.570796
69,26,0.000000
69,32,-2.819842
69,36,3.141593
69,44,1.570796
69,49,-2.356194
69,52,-1.570796
69,73,1.570796
69,77,-2.356194
69,82,-1.570796
70,2,0.000000
70,4,1.892547
70,11,-2.356194
70,19,-2.819842
70,29,0.785398
70,35,-1.570796
70,39,1.249046
70,53,-2.356194
70,76,-0.785398
71,2,-0.785398
71,11,0.785398
71,14,2.356194
71,18,-0.785398
71,26,0.000000
71,46,0.000000
71,74,1.570796
71,84,-2.356194
72,4,-1.570796
72,14,3.141593
72,26,-0.785398
72,35,0.000000
72,36,1.570796
72,38,-1.892547
72,47,-1.570796
72,54,1.570796
72,57,-1.570796
72,67,-0.785398
72,68,-1.892547
72,71,2.819842
72,74,-0.321751
72,75,2.819842
73,3,0.000000
73,7,-0.785398
73,71,-2.356194
73,75,-2.356194
74,3,0.785398
74,7,2.356194
74,14,-2.819842
74,25,0.321751
74,33,-1.570796
74,34,-2.356194
74,35,-0.785398
74,55,-2.356194
74,75,-1.570796
74,90,0.000000
75,5,1.570796
75,11,0.000000
75,13,-1.892547
75,20,1.570796
75,38,-0.785398
75,40,-1.249046
75,41,-2.356194
75,45,1.570796
75,46,2.356194
75,68,0.000000
75,69,3.141593
75,72,-2.356194
75,83,1.570796
75,87,1.570796
75,91,-2.356194
76,2,0.321751
76,18,0.000000
76,20,-2.819842
76,24,0.321751
76,26,2.819842
76,28,-0.785398
76,35,1.570796
76,38,-1.570796
76,76,0.785398
76,91,-1.570796
77,2,-0.785398
77,5,0.785398
77,9,1.249046
77,12,2.819842
77,28,2.356194
77,48,0.000000
77,51,2.356194
77,88,1.570796
78,5,0.000000
78,12,-2.356194
78,18,0.321751
78,20,-2.356194
78,31,-1.570796
78,33,0.785398
78,34,3.141593
78,37,1.570796
78,44,-2.356194
78,50,0.000000
78,84,-1.570796
78,88,-0.321751
79,9,-2.356194
79,22,0.000000
79,27,-0.785398
79,29,0.000000
79,47,-2.356194
79,90,2.819842
80,3,0.000000
80,5,-2.819842
80,33,3.141593
80,37,-1.570796
80,50,-1.570796
80,74,1.570796
80,90,-1.570796
81,23,0.785398
81,27,2.356194
81,30,-0.785398
81,33,-2.356194
81,78,-1.570796
81,82,0.785398
81,86,0.785398
82,8,0.000000
82,9,-1.570796
82,13,-2.356194
82,14,0.785398
82,20,1.570796
82,26,-0.785398
82,27,-2.356194
82,44,1.570796
82,75,-2.356194
83,5,0.000000
83,6,1.570796
83,7,3.141593
83,20,-0.785398
83,28,0.000000
83,29,2.356194
83,44,-1.570796
83,79,1.570796
83,83,-1.570796
84,18,0.000000
84,75,0.785398
85,6,-0.321751
85,8,2.356194
85,18,-0.785398
85,30,-2.356194
85,37,3.141593
85,91,2.356194
86,11,2.356194
86,26,1.570796
86,40,1.570796
86,54,1.570796
86,80,-1.570796
86,85,1.570796
86,89,0.000000
86,91,-2.819842
87,9,-1.570796
87,11,3.141593
87,40,-1.570796
87,54,-1.570796
88,11,-2.356194
88,29,1.570796
88,85,0.785398
89,3,0.321751
89,7,2.819842
89,18,0.785398
89,26,-1.570796
89,33,2.356194
89,54,1.570796
89,73,1.570796
89,82,1.570796
89,85,-0.321751
89,86,2.819842
90,3,-0.785398
90,7,-2.356194
90,19,2.819842
90,32,0.321751
90,33,-2.819842
90,54,-1.570796
90,73,-1.570796
90,86,-1.570796
91,32,-0.785398
91,36,0.000000
91,37,3.141593
91,43,1.570796
91,82,-1.570796
91,88,0.785398
91,89,2.356194
92,19,-2.819842
92,22,0.785398
92,29,-1.570796
92,43,-1.570796
92,47,1.570796
92,75,1.570796
92,89,-2.356194
93,15,0.785398
93,16,2.356194
93,22,0.000000
93,77,-0.785398
94,6,1.570796
94,15,-0.785398
94,18,-2.356194
94,32,2.356194
94,39,1.570796
94,47,-1.570796
94,75,-1.570796
95,11,0.785398
95,18,0.785398
95,24,0.785398
95,25,2.356194
95,29,0.000000
95,31,-0.785398
95,34,1.570796
95,42,1.570796
95,50,1.570796
95,81,1.570796
96,7,2.819842
96,12,-2.356194
96,18,-0.321751
96,25,-2.356194
96,59,1.570796
97,25,2.356194
97,38,-0.785398
97,85,0.000000
98,21,-1.892547
98,24,-0.785398
98,29,0.000000
98,31,3.141593
98,34,-1.570796
98,42,-1.570796
98,50,-1.570796
98,59,-1.570796
98,81,-1.570796
