5,40,0.785398
5,41,2.356194
5,52,0.785398
5,53,1.570796
5,54,2.356194
6,29,1.249046
6,30,3.141593
6,41,-1.570796
7,25,1.249046
7,26,2.356194
7,28,-0.785398
7,63,2.356194
7,65,0.785398
7,66,1.570796
7,67,2.356194
9,15,1.249046
9,16,2.356194
9,23,-0.785398
9,53,2.356194
9,63,2.819842
10,52,0.321751
10,58,0.321751
11,13,-0.785398
11,33,1.570796
11,48,0.000000
11,49,1.892547
11,58,-1.570796
11,61,-1.249046
12,26,0.785398
12,34,-2.356194
12,49,-1.249046
12,56,0.000000
12,65,0.321751
12,67,3.141593
13,57,-1.249046
13,58,3.141593
13,65,-0.785398
14,25,0.321751
14,29,-1.570796
14,51,-0.785398
14,53,0.000000
14,54,1.892547
14,59,1.570796
15,25,-0.785398
15,27,-1.570796
15,31,2.356194
15,48,-2.356194
15,59,-0.321751
15,60,2.819842
16,30,-1.892547
16,43,0.785398
16,44,1.892547
16,51,-1.570796
16,55,-1.249046
16,56,3.141593
16,65,2.356194
16,70,1.570796
17,20,1.570796
17,28,-1.892547
17,46,2.356194
17,60,-0.785398
17,61,-2.356194
17,63,0.785398
17,70,-0.321751
17,71,2.819842
18,20,0.000000
18,22,1.892547
18,34,3.141593
18,36,0.000000
18,39,0.785398
18,40,1.570796
18,41,2.356194
18,48,3.141593
18,71,-1.570796
19,9,0.321751
19,11,3.141593
19,20,-0.785398
19,24,-0.785398
19,25,-1.892547
19,29,1.249046
19,30,2.356194
19,43,0.785398
19,64,-0.785398
20,9,-1.570796
20,28,0.000000
20,29,-1.892547
20,45,2.819842
21,38,-0.785398
21,65,1.570796
21,84,2.356194
22,21,-1.892547
22,30,1.249046
22,31,3.141593
22,40,-1.249046
22,42,1.892547
22,45,0.000000
22,65,-0.321751
22,76,0.000000
22,77,1.570796
22,78,2.356194
22,82,0.785398
23,29,0.000000
23,30,-1.892547
23,54,1.570796
23,66,-1.249046
23,71,-2.356194
24,16,0.000000
24,23,-2.819842
24,27,1.249046
24,28,3.141593
24,33,1.249046
24,34,2.356194
24,40,3.141593
24,43,-1.249046
24,47,-2.819842
24,73,1.570796
24,77,-2.819842
24,83,-2.819842
25,22,-1.892547
25,31,1.249046
25,33,-1.892547
25,63,1.570796
25,69,0.785398
25,73,-0.785398
26,17,-0.785398
26,30,0.000000
26,31,-1.892547
26,63,-1.570796
26,69,0.000000
26,71,0.785398
26,72,2.356194
27,34,0.000000
27,48,2.356194
27,52,-0.785398
27,53,-1.570796
27,54,3.141593
27,69,-0.785398
27,75,-0.321751
27,76,2.819842
27,79,0.000000
28,8,0.785398
28,18,-0.785398
28,32,2.356194
28,46,-0.785398
28,47,-1.892547
28,72,-0.321751
28,79,-1.570796
29,8,-0.785398
29,9,3.141593
29,26,3.141593
29,30,0.000000
29,69,0.785398
29,76,-1.570796
29,78,2.356194
30,18,2.356194
30,21,1.570796
30,35,0.785398
30,60,1.570796
30,69,-0.785398
30,78,-2.356194
31,20,0.000000
31,24,0.321751
31,25,-2.819842
31,36,0.000000
31,38,3.141593
31,68,-0.785398
31,71,-1.570796
31,73,-1.570796
31,75,1.570796
32,13,0.785398
32,14,2.356194
32,24,-1.570796
32,27,-0.785398
32,29,-2.356194
32,62,-2.356194
32,75,-0.321751
32,76,2.819842
32,79,1.570796
33,14,-1.570796
33,19,-2.356194
33,76,-1.570796
33,79,-0.321751
33,80,2.819842
34,26,2.356194
34,29,1.570796
34,33,-0.785398
34,80,-1.570796
35,62,2.356194
35,81,-2.356194
36,25,2.356194
36,32,2.356194
36,40,0.000000
36,41,1.892547
36,61,0.321751
37,15,0.785398
37,21,1.570796
37,24,0.321751
37,25,-2.819842
37,28,-1.570796
37,42,2.819842
37,45,0.785398
37,61,-0.785398
37,63,0.000000
38,7,0.785398
38,17,2.356194
38,20,0.321751
38,21,-2.819842
38,24,-0.785398
38,31,-1.570796
38,42,-1.570796
38,64,-2.356194
38,83,0.785398
38,88,2.356194
39,7,0.000000
39,14,-0.785398
39,38,0.000000
39,64,-1.570796
39,88,3.141593
40,7,-0.785398
40,26,1.570796
40,88,-2.356194
41,30,1.570796
41,37,1.570796
42,16,-0.785398
42,18,-2.356194
42,48,-1.570796
42,54,2.356194
42,60,-0.785398
42,61,-1.570796
42,62,3.141593
43,26,2.356194
43,30,2.356194
43,41,0.785398
43,53,-0.785398
43,63,-2.356194
43,77,2.356194
44,25,0.321751
44,26,-2.819842
44,29,0.321751
44,30,-2.819842
44,38,-2.356194
44,41,-0.321751
44,42,2.819842
44,76,-0.785398
44,77,-2.356194
44,83,1.570796
45,25,-0.785398
45,29,-0.785398
45,42,-2.356194
45,49,1.570796
45,74,-0.785398
45,83,0.785398
46,42,-1.570796
46,49,-1.570796
46,83,-0.321751
46,88,2.356194
47,37,1.570796
47,53,-1.570796
47,84,-1.249046
47,85,-2.356194
47,88,3.141593
48,40,0.785398
48,45,-1.570796
48,64,1.570796
48,80,-1.570796
48,88,-2.356194
49,26,-2.356194
49,29,-1.570796
49,42,3.141593
49,75,2.356194
49,76,3.141593
50,32,1.570796
50,74,-1.570796
51,32,-1.570796
51,61,1.570796
51,69,2.356194
51,73,0.000000
52,26,0.785398
52,30,1.570796
52,40,1.570796
52,61,-1.570796
52,68,-0.785398
52,78,0.785398
53,6,0.785398
53,24,1.570796
53,30,0.785398
53,33,0.785398
53,41,3.141593
53,79,-2.356194
54,6,-0.785398
54,7,3.141593
54,30,-0.321751
54,31,2.819842
54,42,-2.356194
54,75,0.785398
55,64,-1.570796
55,76,3.141593
56,31,-0.321751
56,32,2.819842
56,39,-2.356194
56,68,-1.570796
56,72,1.570796
57,10,0.000000
57,24,0.785398
57,32,-1.570796
57,36,-2.356194
57,81,0.785398
58,11,-2.356194
58,24,-0.321751
58,25,2.819842
58,72,-1.570796
58,82,-2.356194
59,18,0.785398
59,25,-2.356194
60,18,-0.321751
60,19,2.819842
60,31,0.785398
60,35,-2.356194
60,79,0.785398
60,88,2.356194
61,12,0.785398
61,14,-1.570796
61,15,3.141593
61,88,3.141593
62,12,-0.785398
62,19,-0.321751
62,20,2.819842
62,70,2.356194
62,88,-2.356194
63,20,-2.356194
63,27,1.570796
63,52,2.356194
64,20,0.785398
64,27,-0.321751
64,35,1.570796
64,40,1.570796
64,66,1.570796
64,72,1.570796
65,20,-0.321751
65,21,2.819842
65,29,2.819842
65,37,1.892547
65,55,2.356194
65,82,1.570796
66,29,-1.570796
66,37,-1.249046
66,38,-2.356194
66,48,-0.785398
66,54,-0.785398
66,66,-1.570796
66,69,-1.570796
66,82,-0.321751
66,83,2.819842
67,21,-0.321751
67,26,1.570796
67,30,-2.356194
67,34,0.000000
67,35,1.892547
67,79,0.785398
67,88,2.356194
68,23,2.819842
68,26,-0.321751
68,35,-1.249046
68,36,3.141593
68,57,2.356194
68,60,1.570796
68,68,1.570796
68,72,-1.570796
68,76,2.356194
68,84,-2.356194
68,88,3.141593
69,19,1.570796
69,23,-1.570796
69,55,0.000000
69,88,-2.356194
70,14,0.785398
70,19,-0.321751
70,24,1.570796
70,36,-0.785398
70,81,-2.356194
71,6,0.785398
71,9,1.249046
71,11,1.892547
71,14,-0.785398
71,21,2.819842
71,24,-0.321751
71,25,2.819842
71,28,-0.785398
71,31,-2.356194
71,53,2.356194
71,71,1.570796
72,6,0.000000
72,13,3.141593
72,16,-1.570796
72,25,-1.570796
72,57,-0.785398
72,67,-1.570796
72,75,-1.570796
73,6,-0.785398
73,9,-1.249046
73,10,-2.356194
73,21,-0.321751
73,29,-1.570796
73,35,0.000000
73,50,-0.785398
73,83,0.785398
74,31,2.356194
74,37,-2.356194
74,47,0.000000
74,48,3.141593
74,74,2.356194
75,14,1.570796
75,19,1.570796
75,63,2.356194
75,73,-0.785398
75,85,2.819842
76,14,-0.321751
76,19,-0.321751
76,20,2.819842
76,24,-1.249046
76,25,3.141593
76,87,1.570796
77,32,0.000000
77,33,3.141593
77,56,3.141593
77,77,1.249046
77,78,2.356194
77,83,-1.249046
77,85,-1.570796
77,87,3.141593
78,13,1.249046
78,20,-0.785398
78,21,3.141593
78,52,0.000000
78,65,-0.785398
78,74,1.249046
78,75,2.356194
78,76,-0.785398
78,77,-1.892547
78,87,-2.356194
79,15,-1.570796
79,30,0.785398
79,31,1.892547
79,58,-0.785398
79,72,1.249046
79,74,-1.892547
79,87,2.356194
80,17,3.141593
80,31,-1.249046
80,32,-2.356194
80,33,3.141593
80,70,0.000000
80,71,-0.785398
80,72,-1.892547
80,87,3.141593
81,13,-2.819842
81,27,3.141593
81,67,3.141593
81,77,0.000000
81,87,-2.356194
82,10,0.000000
82,21,0.785398
82,64,0.000000
82,87,2.356194
83,7,0.000000
83,8,1.570796
83,9,3.141593
83,12,-1.249046
83,13,-2.356194
83,34,0.000000
83,38,3.141593
83,83,1.249046
83,85,1.570796
84,26,3.141593
84,55,3.141593
84,70,3.141593
85,20,0.785398
85,21,1.892547
85,29,0.000000
85,30,3.141593
85,32,0.000000
85,33,3.141593
85,53,-0.785398
85,66,0.000000
85,83,-1.249046
85,86,2.819842
86,15,2.356194
86,21,-1.249046
86,22,3.141593
86,57,0.000000
86,58,3.141593
86,74,1.249046
86,75,2.356194
86,86,-2.356194
87,16,2.356194
87,23,-2.356194
87,55,2.356194
87,73,-0.785398
87,74,-1.892547
88,7,0.321751
88,9,-2.356194
88,18,0.785398
88,19,1.892547
88,28,0.000000
88,35,3.141593
88,53,0.000000
88,61,3.141593
89,7,-0.785398
89,19,-1.249046
89,20,3.141593
89,50,0.000000
89,51,3.141593
89,59,-0.785398
89,67,0.000000
90,15,3.141593
90,45,0.000000
90,46,3.141593
90,56,0.000000
90,57,3.141593
90,77,3.141593
91,28,3.141593
91,31,0.000000
91,38,2.356194
91,41,0.000000
91,42,3.141593
91,72,1.249046
91,73,2.356194
91,86,2.356194
92,19,3.141593
92,60,3.141593
92,71,0.000000
92,72,-1.892547
92,86,-2.819842
93,77,0.000000
93,82,0.785398
93,83,1.570796
93,85,-1.892547
94,23,2.356194
94,55,-0.785398
94,74,2.356194
95,15,1.249046
95,16,2.356194
95,18,3.141593
95,20,0.785398
95,29,3.141593
95,31,0.000000
95,38,3.141593
95,60,0.000000
95,83,-2.819842
96,22,-2.819842
96,73,2.356194
96,81,0.000000
96,82,-1.892547
97,15,-1.249046
97,16,-2.356194
97,46,3.141593
97,67,1.249046
97,68,2.356194
97,72,-0.785398
97,78,0.000000
98,27,3.141593
98,31,0.000000
98,32,3.141593
98,37,0.000000
98,50,0.000000
98,54,3.141593
98,62,0.000000
98,66,-0.785398
98,67,-1.892547
