11,50,1.249046
11,51,3.141593
11,71,1.570796
13,42,0.785398
13,43,2.356194
13,50,-1.570796
14,26,0.785398
14,27,2.356194
14,43,-1.570796
15,27,-1.570796
16,44,0.785398
17,44,0.000000
18,16,3.141593
18,44,-0.785398
19,79,3.141593
20,12,0.321751
20,31,0.785398
21,12,-0.785398
21,31,0.000000
21,43,2.356194
22,43,3.141593
23,31,-0.321751
23,50,0.785398
23,71,1.570796
23,72,2.356194
23,73,-0.785398
23,74,-1.892547
24,34,2.819842
24,41,-0.321751
24,50,0.000000
26,24,0.785398
26,47,2.819842
26,50,0.000000
26,52,-1.570796
26,54,1.892547
26,56,1.249046
26,60,3.141593
26,82,2.356194
27,36,1.570796
27,37,2.356194
27,39,0.785398
27,40,1.570796
27,47,-2.356194
27,50,-0.785398
28,24,0.000000
28,50,0.785398
28,54,-0.785398
28,56,-1.249046
28,59,2.819842
28,83,2.819842
29,24,-0.785398
29,40,-2.819842
29,52,1.892547
29,54,2.356194
29,59,-2.356194
29,69,2.819842
29,81,-1.892547
29,83,-2.356194
30,25,1.570796
30,32,1.570796
30,38,-0.785398
30,39,-1.892547
30,43,0.785398
30,63,0.321751
31,25,0.000000
31,31,0.321751
31,32,-2.819842
31,43,0.000000
31,54,-1.249046
31,55,3.141593
31,63,-1.570796
31,69,3.141593
32,25,-0.785398
32,31,-1.570796
32,43,-0.785398
32,45,-1.249046
32,47,-1.892547
32,62,1.570796
32,82,0.321751
32,84,2.819842
33,21,1.570796
33,22,2.356194
33,59,-1.570796
33,60,-2.356194
33,61,-0.785398
33,62,-2.356194
33,68,0.321751
33,70,2.819842
34,27,-0.785398
34,28,-1.892547
34,51,-1.570796
34,52,-2.356194
34,55,0.785398
34,82,-0.321751
34,84,-2.819842
35,44,1.570796
35,46,1.249046
35,48,-1.892547
35,67,-0.785398
35,68,-1.570796
35,87,1.249046
36,46,-1.892547
36,53,1.249046
36,54,2.356194
36,56,3.141593
36,83,0.000000
37,29,3.141593
37,49,1.249046
37,50,2.356194
37,52,-0.785398
37,53,-1.892547
37,70,-0.321751
37,83,-0.785398
37,87,-1.249046
38,13,-2.356194
38,17,0.785398
38,20,2.819842
38,46,0.000000
38,48,-0.785398
38,49,-1.892547
38,56,-0.785398
38,57,-2.356194
38,58,0.785398
38,59,1.570796
38,60,2.356194
38,64,0.785398
38,65,1.892547
39,26,-1.892547
39,54,0.785398
39,55,2.356194
39,76,1.892547
39,79,1.249046
39,80,2.356194
39,82,-0.785398
39,84,2.819842
40,49,1.249046
40,50,2.356194
40,55,-2.356194
40,69,1.249046
41,8,0.321751
41,16,1.249046
41,27,2.356194
41,45,1.249046
41,46,2.356194
41,48,-0.785398
41,62,1.249046
41,63,2.356194
41,64,-0.785398
41,65,-1.570796
42,8,-1.570796
42,15,0.321751
42,45,-1.892547
42,52,2.356194
42,54,-0.785398
42,74,-1.570796
42,77,-1.249046
43,19,2.819842
43,47,1.249046
43,48,2.356194
43,49,-0.785398
43,68,-0.785398
43,73,1.570796
44,15,0.000000
44,41,1.249046
44,43,-1.570796
44,44,-2.356194
44,46,-0.785398
44,47,-1.892547
44,62,-1.570796
44,63,3.141593
44,68,2.356194
44,73,-2.819842
45,15,-0.785398
45,17,-1.249046
45,36,0.000000
45,53,-2.356194
45,64,0.000000
45,65,1.570796
45,68,-2.819842
45,71,0.321751
45,78,1.249046
45,88,0.785398
46,6,0.321751
46,8,3.141593
46,19,-1.249046
46,20,-2.356194
46,21,3.141593
46,37,-1.570796
46,48,1.249046
46,49,2.356194
46,50,-0.785398
46,51,-1.892547
47,6,-0.785398
47,46,1.249046
47,55,0.000000
47,59,-1.570796
47,61,1.570796
47,62,2.356194
47,64,-0.785398
47,65,-1.570796
47,67,-1.570796
47,68,-2.356194
47,73,1.892547
47,80,3.141593
47,88,0.000000
48,38,-0.785398
48,44,1.249046
48,52,1.249046
48,53,2.356194
48,88,-0.785398
49,15,2.356194
49,43,0.321751
49,49,-2.356194
49,50,0.785398
49,73,-1.892547
50,14,-0.785398
50,55,1.249046
50,59,2.356194
50,60,-0.785398
50,61,-1.570796
50,62,3.141593
50,75,0.000000
50,84,0.785398
50,85,1.892547
50,88,2.356194
51,63,1.570796
51,67,0.000000
51,68,-1.892547
51,75,-0.785398
51,88,3.141593
52,46,-1.249046
52,47,-2.356194
52,48,0.785398
52,49,1.570796
52,84,0.000000
53,78,0.785398
53,79,2.356194
53,83,3.141593
53,88,-2.819842
54,52,-1.892547
54,57,-0.785398
54,58,-1.570796
54,59,3.141593
55,42,-2.356194
55,43,0.785398
55,44,1.570796
55,45,2.356194
55,48,-0.785398
55,82,-1.570796
55,84,1.570796
55,85,2.356194
56,40,-0.785398
56,68,1.249046
56,72,2.819842
56,78,0.000000
57,49,1.249046
57,67,-0.785398
57,68,-1.892547
57,76,1.249046
57,77,3.141593
57,81,1.570796
58,12,2.356194
58,46,0.000000
58,47,1.570796
58,53,-1.249046
58,54,-2.356194
58,59,1.249046
58,61,-1.570796
58,72,-2.819842
58,75,0.321751
58,81,0.000000
58,83,2.356194
59,51,3.141593
59,81,-1.570796
59,83,-1.570796
59,85,1.249046
60,10,1.570796
60,56,0.000000
60,57,-1.892547
60,59,-2.356194
60,63,-0.785398
60,65,0.000000
60,66,1.570796
60,67,2.356194
60,73,0.785398
60,78,1.892547
60,80,1.570796
61,9,0.321751
61,10,-2.819842
61,42,1.249046
61,43,2.356194
61,47,-0.785398
61,48,-1.892547
61,55,1.570796
61,59,2.356194
61,69,-1.249046
61,71,-1.892547
61,80,3.141593
61,87,-2.819842
62,55,-2.819842
62,63,0.785398
62,65,1.570796
62,76,-1.249046
62,84,0.321751
63,5,0.785398
63,10,2.819842
63,18,1.570796
63,63,0.000000
63,78,-1.249046
63,88,1.249046
64,5,0.000000
64,45,2.356194
64,53,-0.785398
64,54,-2.356194
64,65,-1.249046
64,66,-2.356194
64,70,0.785398
64,82,1.892547
65,5,-0.785398
65,63,3.141593
65,90,-2.819842
66,39,1.249046
66,55,-0.785398
66,79,0.000000
66,80,-1.570796
66,82,-1.892547
67,9,-0.785398
67,11,2.356194
67,41,-1.249046
67,42,3.141593
67,49,-1.570796
67,63,0.000000
67,68,0.785398
67,72,2.819842
67,90,2.819842
68,18,2.356194
68,37,-0.785398
68,50,1.570796
68,55,2.356194
68,88,-1.892547
68,90,-2.356194
69,13,1.570796
69,14,2.356194
69,16,0.785398
69,18,-2.819842
69,39,-2.819842
69,45,-2.356194
69,50,0.000000
69,54,-0.785398
69,55,-2.356194
69,57,1.249046
69,58,2.356194
69,61,0.785398
69,64,2.819842
70,50,-1.570796
70,78,2.356194
70,83,-0.321751
71,5,0.785398
71,7,1.249046
71,8,3.141593
71,13,-2.819842
71,37,0.000000
71,38,-2.356194
71,40,1.249046
71,43,-2.819842
71,67,1.249046
71,68,2.356194
71,78,-2.819842
71,86,-2.819842
72,5,-0.785398
72,20,1.249046
72,21,2.356194
72,36,0.785398
72,47,1.249046
72,55,-0.785398
72,57,2.819842
72,70,-1.249046
72,88,1.249046
72,89,3.141593
73,9,2.356194
73,13,3.141593
73,16,1.249046
73,22,2.356194
73,36,0.000000
73,38,-0.785398
73,44,2.356194
73,46,-0.785398
73,67,-2.356194
73,77,-1.570796
74,14,0.785398
74,36,-0.785398
74,49,-2.819842
74,56,0.321751
74,58,-2.356194
74,78,0.785398
74,79,2.356194
74,88,-1.570796
75,14,-1.570796
75,18,-1.892547
75,25,2.356194
75,56,-0.785398
75,63,-2.356194
75,67,2.356194
75,78,-0.785398
75,85,-2.356194
76,13,1.570796
76,16,-0.785398
76,24,1.570796
76,44,-2.356194
76,49,0.000000
76,53,1.892547
76,63,0.785398
76,65,1.249046
76,78,0.785398
76,89,0.785398
77,6,1.249046
77,8,-1.892547
77,12,0.321751
77,13,-2.819842
77,20,2.356194
77,24,-2.819842
77,27,2.356194
77,30,2.356194
77,35,2.356194
77,56,2.356194
77,63,0.000000
77,70,0.785398
77,71,2.356194
77,85,0.785398
77,90,2.819842
78,12,-0.785398
78,16,2.356194
78,20,-2.819842
78,22,0.321751
78,26,1.570796
78,33,1.249046
78,35,-2.356194
78,37,1.249046
78,38,3.141593
78,47,1.249046
78,48,2.356194
78,49,-0.785398
78,63,-1.570796
78,76,1.249046
78,80,0.000000
78,81,1.892547
78,87,2.356194
78,90,-2.356194
79,12,2.356194
79,15,0.321751
79,16,-2.819842
79,18,0.321751
79,22,-1.570796
79,25,0.321751
79,26,-2.819842
79,29,2.356194
79,32,0.321751
79,45,1.570796
79,47,-1.892547
79,58,1.570796
79,59,2.356194
79,70,0.321751
79,73,2.356194
79,83,2.356194
79,84,-0.785398
80,10,1.249046
80,15,-1.570796
80,25,-0.785398
80,28,0.321751
80,29,-2.819842
80,32,-1.570796
80,38,-2.356194
80,39,0.785398
80,51,-0.785398
80,63,2.819842
80,79,2.819842
81,5,-0.321751
81,14,3.141593
81,17,0.321751
81,18,-2.819842
81,25,2.356194
81,28,-1.570796
81,31,1.570796
81,36,-0.785398
81,43,0.000000
81,54,-0.321751
81,63,-2.356194
81,70,-0.321751
81,79,-2.356194
81,86,0.000000
81,88,1.570796
81,89,3.141593
82,25,-2.356194
82,30,0.321751
82,31,-2.819842
82,61,-1.570796
82,63,2.356194
82,79,2.356194
83,5,0.321751
83,7,-2.356194
83,8,-0.785398
83,11,0.000000
83,16,0.321751
83,17,-2.819842
83,20,-1.570796
83,23,-1.570796
83,26,0.000000
83,34,1.249046
83,76,-0.785398
83,77,-1.570796
83,79,3.141593
83,88,-1.570796
84,5,-0.785398
84,16,-1.570796
84,30,-2.819842
84,49,-1.570796
84,71,-0.321751
84,83,-2.356194
84,84,-0.785398
84,90,-2.356194
85,10,0.321751
85,11,-2.819842
85,28,0.321751
85,37,-1.570796
85,39,-1.249046
85,50,1.570796
85,52,1.249046
85,53,2.356194
85,64,2.356194
86,28,-1.570796
86,31,0.321751
86,47,2.356194
86,54,1.570796
86,56,1.249046
86,58,-1.892547
86,63,-0.785398
86,64,-2.356194
86,67,0.321751
86,73,-2.356194
86,76,0.785398
86,82,2.819842
86,87,1.570796
86,90,2.356194
87,5,0.785398
87,7,1.249046
87,8,2.356194
87,9,-0.785398
87,18,1.249046
87,19,3.141593
87,24,3.141593
87,31,-1.570796
87,36,2.356194
87,47,-2.819842
87,49,0.785398
87,60,0.785398
87,65,1.570796
87,80,-1.892547
87,82,-2.356194
87,87,0.000000
87,90,3.141593
88,5,-0.321751
88,24,-1.570796
88,27,-2.819842
88,30,1.570796
88,49,-0.321751
88,54,-1.892547
88,61,2.819842
88,65,0.000000
88,67,3.141593
88,70,-0.785398
88,72,2.819842
88,77,-0.785398
88,87,-0.785398
88,90,-2.356194
89,8,2.819842
89,13,1.570796
89,16,0.321751
89,21,0.000000
89,22,-2.356194
89,30,-2.819842
89,33,1.570796
89,56,0.000000
89,59,0.000000
89,72,-2.356194
89,87,2.356194
90,12,0.321751
90,16,-1.570796
90,20,1.570796
90,23,0.785398
90,25,-1.892547
90,28,0.321751
90,33,-2.819842
90,35,0.000000
90,41,0.321751
90,42,-2.819842
90,47,1.892547
90,56,-0.785398
90,61,-2.819842
90,64,0.321751
90,67,3.141593
90,77,0.785398
90,84,2.356194
90,86,-0.785398
90,87,-2.356194
90,90,2.356194
91,12,-0.785398
91,14,0.000000
91,15,2.356194
91,19,0.321751
91,20,-2.819842
91,23,-0.785398
91,31,0.321751
91,38,0.000000
91,44,0.321751
91,52,-2.819842
91,56,-1.570796
91,60,-1.570796
91,64,-0.785398
91,67,-2.356194
91,77,-0.785398
91,78,-2.356194
91,79,0.785398
91,88,0.000000
91,90,-2.819842
92,23,2.356194
92,27,0.321751
92,35,-2.819842
92,41,-2.819842
92,44,-1.570796
92,59,0.785398
92,64,0.785398
92,67,2.356194
92,71,0.321751
92,73,3.141593
92,83,-2.356194
93,15,-2.819842
93,19,3.141593
93,22,0.321751
93,23,-2.819842
93,27,-1.570796
93,29,0.000000
93,32,-2.356194
93,33,-0.785398
93,34,-1.892547
93,37,0.321751
93,40,-1.892547
93,43,1.570796
93,60,-2.356194
93,61,3.141593
93,64,0.000000
93,71,-0.785398
93,74,1.570796
93,76,2.356194
94,6,-1.570796
94,7,-2.356194
94,9,0.785398
94,10,3.141593
94,13,0.321751
94,19,-1.570796
94,22,-1.570796
94,26,1.570796
94,37,-0.785398
94,42,0.321751
94,43,-2.819842
94,46,0.321751
94,48,-2.356194
94,53,0.785398
94,74,0.000000
94,76,3.141593
94,80,3.141593
95,4,-0.785398
95,9,-0.785398
95,13,-0.785398
95,17,2.356194
95,20,0.785398
95,21,3.141593
95,25,0.321751
95,26,-2.819842
95,29,0.321751
95,30,-2.819842
95,46,-0.785398
95,54,-1.570796
95,57,0.785398
95,67,-1.249046
95,68,3.141593
95,71,0.785398
96,9,2.356194
96,13,-1.570796
96,16,0.321751
96,17,-2.819842
96,20,-0.785398
96,25,-1.570796
96,29,-1.570796
96,52,2.819842
96,58,1.570796
96,60,1.249046
96,61,2.356194
96,63,-0.785398
96,73,-0.785398
96,74,-1.570796
96,76,-1.570796
96,78,-1.570796
96,86,2.356194
97,8,-0.785398
97,9,-2.356194
97,16,-1.570796
97,20,-1.570796
97,24,-0.785398
97,28,-0.785398
97,44,1.892547
97,60,-1.892547
97,70,-0.785398
97,71,-1.892547
97,81,-1.249046
98,13,3.141593
98,15,-0.785398
98,36,-1.570796
98,42,-1.892547
98,44,-1.249046
98,45,-2.356194
98,54,-1.570796
98,66,-1.570796
98,83,-1.249046
