11,50,1.249046
11,51,3.141593
11,71,1.570796
13,42,0.785398
13,43,2.356194
13,50,-1.570796
14,26,0.785398
14,27,2.356194
14,43,-1.570796
15,27,-1.570796
16,44,0.785398
17,44,0.000000
18,44,-0.785398
19,14,0.321751
19,16,3.141593
19,79,3.141593
20,14,-0.785398
20,31,0.785398
21,31,0.000000
21,43,2.356194
22,43,3.141593
23,31,-0.321751
23,50,0.785398
23,71,1.570796
23,72,2.356194
23,73,-0.785398
23,74,-1.892547
24,34,2.819842
24,41,-0.321751
24,50,0.000000
25,69,-0.321751
25,71,-2.819842
26,23,0.000000
26,24,1.570796
26,34,3.141593
26,47,2.819842
26,50,0.000000
26,52,-1.570796
26,54,1.892547
26,56,1.249046
26,60,3.141593
26,82,2.356194
27,34,-2.356194
27,39,1.892547
27,44,-1.892547
27,47,-2.356194
27,50,-0.785398
28,14,2.356194
28,24,0.000000
28,50,0.785398
28,54,-0.785398
28,56,-1.249046
28,59,2.819842
28,67,1.892547
28,83,2.819842
29,24,-0.785398
29,34,0.785398
29,42,2.819842
29,52,1.892547
29,54,2.356194
29,59,-2.356194
29,69,2.356194
29,81,-1.892547
29,83,-2.356194
30,25,1.570796
30,63,0.321751
31,25,-0.321751
31,40,0.000000
31,54,-1.249046
31,55,3.141593
31,63,-1.570796
31,69,3.141593
32,18,0.785398
32,36,-2.819842
32,40,-1.570796
32,45,-1.249046
32,47,-1.892547
32,62,1.570796
32,82,0.321751
32,84,2.819842
33,9,0.321751
33,28,-1.570796
33,30,1.570796
33,59,-1.570796
33,60,-2.356194
33,61,-0.785398
33,62,-2.356194
33,68,0.321751
33,70,2.819842
34,9,-1.570796
34,37,0.785398
34,51,-1.570796
34,52,-2.356194
34,55,0.785398
34,82,-0.321751
34,84,-2.819842
35,33,0.785398
35,35,-1.892547
35,39,-2.356194
35,41,0.785398
35,46,1.570796
35,48,-1.892547
35,67,-0.785398
35,68,-1.570796
35,87,1.249046
36,25,-2.356194
36,33,-1.570796
36,37,1.570796
36,53,1.249046
36,54,2.356194
36,56,3.141593
36,83,0.000000
37,16,0.321751
37,19,-1.892547
37,37,-2.819842
37,49,1.249046
37,51,1.570796
37,53,-1.892547
37,70,-0.321751
37,83,-0.785398
37,87,-1.249046
38,16,-0.785398
38,22,0.785398
38,27,-2.356194
38,34,1.249046
38,36,-1.892547
38,41,2.356194
38,56,0.000000
38,58,0.785398
38,59,1.570796
38,60,2.356194
39,22,0.000000
39,26,3.141593
39,44,0.000000
39,51,-2.819842
39,63,0.785398
39,76,1.892547
39,79,1.249046
39,80,2.356194
39,82,-0.785398
39,84,2.819842
40,31,0.785398
40,37,1.249046
40,38,3.141593
40,46,-2.356194
40,56,-2.819842
41,8,0.785398
41,19,0.000000
41,20,1.570796
41,40,0.000000
41,41,-1.892547
41,65,3.141593
42,8,-0.785398
42,9,3.141593
42,29,0.000000
42,39,3.141593
42,50,2.356194
42,65,-1.570796
42,77,-1.249046
43,22,3.141593
43,26,0.785398
43,28,1.570796
43,48,0.785398
43,72,-1.249046
43,73,-2.356194
43,81,0.321751
44,12,0.785398
44,13,1.570796
44,15,1.892547
44,22,-2.356194
44,26,0.000000
44,28,-2.356194
44,59,0.785398
44,81,-1.570796
45,7,0.785398
45,22,2.356194
45,26,-0.785398
45,36,-0.785398
45,48,-0.321751
45,55,1.249046
45,57,1.892547
45,59,-0.785398
45,60,-2.356194
45,67,-0.785398
45,78,1.249046
45,80,2.356194
45,88,0.785398
46,7,-0.785398
46,8,3.141593
46,22,3.141593
46,28,3.141593
46,33,-2.356194
46,53,2.356194
47,17,-1.892547
47,49,-2.819842
47,63,0.321751
47,67,2.356194
47,81,2.819842
47,88,0.000000
48,15,-0.785398
48,19,-1.570796
48,24,1.570796
48,69,1.249046
48,70,2.356194
48,73,0.785398
48,76,-2.356194
48,81,-2.356194
48,88,-0.785398
49,44,1.249046
49,55,0.321751
49,65,-1.892547
50,13,0.785398
50,16,-2.356194
50,23,-2.356194
50,26,0.000000
50,30,1.570796
50,55,-0.785398
50,81,0.785398
50,88,2.356194
51,38,1.570796
51,60,-2.819842
51,66,0.321751
51,75,0.785398
51,83,1.570796
51,84,2.356194
51,85,0.785398
51,86,1.570796
51,88,3.141593
52,14,2.356194
52,25,-0.785398
52,26,-2.356194
52,28,1.249046
52,38,-0.785398
52,43,-0.785398
52,49,-2.819842
52,66,-0.785398
52,77,1.570796
52,78,2.356194
53,20,1.249046
53,22,-1.570796
53,23,-2.356194
53,31,-0.785398
53,34,2.356194
53,40,-2.356194
53,43,0.785398
53,55,0.321751
53,56,-2.819842
53,59,0.785398
53,83,-2.819842
53,86,-0.321751
53,88,-2.819842
54,15,0.785398
54,16,2.356194
54,26,0.000000
54,43,0.000000
54,55,-0.785398
54,59,-0.321751
54,61,2.356194
54,63,0.785398
54,64,1.570796
54,69,3.141593
55,12,-1.892547
55,15,-0.785398
55,20,-2.356194
55,24,1.249046
55,25,3.141593
55,28,-1.570796
55,33,2.356194
55,43,-0.785398
55,48,0.785398
55,79,1.570796
55,80,2.356194
55,81,-0.785398
55,82,-1.570796
55,84,1.570796
55,85,2.356194
56,32,-0.785398
56,33,-2.356194
56,45,3.141593
56,48,0.000000
56,50,1.892547
56,66,-2.819842
57,13,1.249046
57,14,3.141593
57,18,1.249046
57,23,-1.892547
57,57,1.249046
57,59,2.356194
57,63,0.000000
57,73,0.785398
57,79,0.785398
58,27,0.785398
58,28,1.570796
58,44,0.321751
58,48,-1.570796
58,50,-1.892547
58,55,-1.570796
58,62,1.570796
58,69,0.785398
58,70,1.570796
58,79,0.000000
58,82,0.785398
58,83,2.356194
59,7,0.000000
59,16,0.000000
59,24,1.249046
59,25,3.141593
59,35,0.785398
59,41,2.819842
59,57,-1.249046
59,62,3.141593
59,79,-0.785398
59,83,-1.570796
59,85,1.249046
60,18,0.785398
60,19,2.356194
60,23,-0.785398
60,24,-1.892547
60,27,0.321751
60,29,2.819842
60,35,0.000000
60,46,3.141593
60,70,-2.819842
60,73,-2.356194
61,14,3.141593
61,18,-1.570796
61,42,-2.356194
61,43,-0.785398
61,44,-1.892547
61,46,-1.570796
61,59,0.321751
61,67,-0.785398
61,79,2.356194
61,87,-2.819842
62,6,1.249046
62,31,1.570796
62,32,2.356194
62,47,0.785398
62,48,2.356194
62,49,-0.785398
62,59,-0.785398
62,67,0.785398
62,75,2.356194
62,79,3.141593
62,84,0.321751
63,5,0.321751
63,12,-1.892547
63,14,0.785398
63,16,2.356194
63,37,0.785398
63,38,1.570796
63,40,3.141593
63,47,-0.785398
63,59,2.356194
63,67,0.000000
63,79,-2.356194
63,88,1.249046
64,5,-0.785398
64,16,-1.570796
64,23,0.785398
64,25,-2.356194
64,35,-0.785398
64,74,-2.356194
64,84,-0.321751
65,10,3.141593
65,13,0.321751
65,14,-2.819842
65,20,1.570796
65,29,-2.819842
65,33,1.570796
65,35,2.356194
65,46,0.321751
65,48,-2.356194
65,56,0.785398
65,60,0.785398
65,61,2.356194
65,65,0.785398
65,90,-2.819842
66,10,-1.570796
66,13,-1.570796
66,17,-1.570796
66,20,0.000000
66,33,0.000000
66,35,-2.356194
66,46,-0.785398
66,53,2.356194
66,60,-0.785398
66,78,1.892547
66,80,2.356194
66,85,0.000000
67,11,0.785398
67,12,3.141593
67,43,0.000000
67,44,1.892547
67,46,2.356194
67,65,0.321751
67,74,0.321751
67,90,2.819842
68,15,1.570796
68,23,2.356194
68,33,3.141593
68,39,0.321751
68,46,-2.819842
68,49,0.321751
68,52,-2.356194
68,74,-0.785398
68,80,-1.249046
68,81,3.141593
68,83,1.249046
68,88,-1.892547
68,90,-2.356194
69,12,3.141593
69,15,-2.819842
69,18,1.570796
69,27,-1.570796
69,29,0.785398
69,30,2.356194
69,42,2.819842
69,65,-0.321751
69,67,-2.819842
69,74,0.785398
70,18,-2.819842
70,25,1.249046
70,26,3.141593
70,29,-0.785398
70,33,-0.321751
70,44,0.000000
70,45,-1.570796
70,47,1.570796
70,76,-0.785398
70,81,0.321751
71,5,0.785398
71,7,1.249046
71,13,-1.570796
71,16,0.321751
71,21,-2.819842
71,29,2.356194
71,56,0.000000
71,57,-1.570796
71,58,3.141593
71,69,0.785398
71,81,-0.785398
71,86,-2.819842
72,5,-0.785398
72,16,-1.570796
72,19,0.321751
72,23,0.321751
72,27,1.249046
72,29,3.141593
72,34,-0.321751
72,46,0.321751
72,55,3.141593
72,62,1.892547
72,64,-1.570796
72,88,1.249046
72,89,3.141593
73,13,3.141593
73,23,-1.570796
73,26,0.321751
73,35,-2.356194
73,40,-0.785398
73,49,2.819842
73,63,-2.356194
73,66,0.785398
73,81,2.356194
73,86,-2.356194
74,30,3.141593
74,35,0.785398
74,40,2.356194
74,56,1.892547
74,60,0.000000
74,66,-0.321751
74,75,1.892547
74,88,-1.570796
75,13,0.321751
75,20,0.785398
75,21,3.141593
75,25,0.321751
75,35,-0.321751
75,38,-1.249046
75,57,2.819842
75,60,-0.785398
75,77,1.570796
75,78,2.356194
75,79,-0.785398
75,80,-1.892547
75,82,1.570796
76,20,-0.785398
76,28,-2.819842
76,36,-2.356194
76,50,-1.249046
76,60,2.356194
76,74,-0.785398
76,75,-1.892547
76,84,2.356194
76,89,0.785398
77,6,1.249046
77,8,-1.892547
77,12,0.321751
77,13,-2.819842
77,16,-0.785398
77,20,2.356194
77,23,1.249046
77,25,-2.356194
77,27,-1.570796
77,40,-0.785398
77,57,-1.570796
77,58,-2.356194
77,60,3.141593
77,68,-2.356194
77,71,3.141593
77,81,0.321751
77,90,2.819842
78,12,-0.785398
78,16,2.356194
78,20,-2.819842
78,22,0.321751
78,32,2.819842
78,40,0.785398
78,51,0.000000
78,71,-1.570796
78,86,0.785398
78,87,2.356194
78,90,-2.356194
79,12,2.356194
79,15,0.321751
79,16,-2.819842
79,18,0.321751
79,22,-1.570796
79,25,0.321751
79,26,-2.819842
79,32,-2.356194
79,40,-0.321751
79,50,0.000000
79,55,2.356194
79,59,0.321751
79,62,2.356194
79,64,-0.785398
79,81,-0.321751
79,83,-2.819842
79,86,-0.785398
80,10,1.249046
80,15,-1.570796
80,25,-0.785398
80,28,0.321751
80,29,-2.819842
80,53,-0.785398
80,55,3.141593
80,66,1.570796
80,77,0.785398
80,86,0.785398
81,5,-0.321751
81,14,3.141593
81,17,0.321751
81,18,-2.819842
81,25,2.356194
81,28,-1.570796
81,37,0.785398
81,41,-0.321751
81,48,0.000000
81,52,2.356194
81,59,-0.321751
81,61,-2.819842
81,66,-0.321751
81,67,2.819842
81,77,0.000000
81,86,0.000000
81,88,1.570796
81,89,3.141593
82,25,-2.356194
82,30,0.321751
82,46,2.819842
82,52,-1.570796
82,67,-1.570796
83,5,0.321751
83,7,-2.356194
83,8,-0.785398
83,11,0.000000
83,16,0.321751
83,17,-2.819842
83,20,-1.570796
83,23,-1.570796
83,26,0.000000
83,42,-0.785398
83,50,2.819842
83,53,0.000000
83,58,0.785398
83,61,2.819842
83,79,-2.819842
83,88,-1.570796
84,5,-0.785398
84,16,-1.570796
84,30,-2.819842
84,33,0.321751
84,37,-1.249046
84,39,3.141593
84,45,0.321751
84,69,0.000000
84,70,1.570796
84,71,2.356194
84,83,-2.356194
84,84,-0.785398
84,90,-2.356194
85,10,0.321751
85,11,-2.819842
85,28,0.321751
85,39,-2.356194
85,52,1.892547
85,59,-0.321751
85,62,-2.356194
86,28,-1.570796
86,33,3.141593
86,82,2.819842
86,87,1.570796
86,90,2.356194
87,10,-2.819842
87,18,1.249046
87,19,3.141593
87,24,3.141593
87,31,-1.570796
87,33,-1.570796
87,42,-1.570796
87,58,-2.356194
87,59,-0.785398
87,60,-2.356194
87,66,1.570796
87,70,2.356194
87,80,-1.892547
87,82,-2.356194
87,87,0.000000
87,90,3.141593
88,5,0.785398
88,24,-1.570796
88,27,-2.819842
88,30,1.570796
88,35,1.570796
88,37,1.570796
88,47,2.819842
88,53,-1.249046
88,54,-2.356194
88,55,0.785398
88,56,2.356194
88,68,0.785398
88,70,-2.819842
88,77,-0.785398
88,87,-0.785398
88,90,-2.356194
89,5,-0.321751
89,10,-2.356194
89,13,1.570796
89,16,0.321751
89,21,0.000000
89,22,-2.356194
89,30,-2.819842
89,33,1.570796
89,41,2.819842
89,44,-0.321751
89,56,-2.356194
89,65,0.000000
89,66,-1.892547
89,87,2.356194
90,12,0.321751
90,16,-1.570796
90,20,1.570796
90,23,0.785398
90,25,-1.892547
90,28,0.321751
90,33,-2.819842
90,35,0.000000
90,52,3.141593
90,63,1.249046
90,64,3.141593
90,68,0.321751
90,77,0.785398
90,84,2.356194
90,86,-0.785398
90,87,-2.356194
90,90,2.356194
91,12,-0.785398
91,14,0.000000
91,15,2.356194
91,19,0.321751
91,20,-2.819842
91,23,-0.785398
91,31,0.321751
91,38,0.321751
91,41,-2.819842
91,53,0.000000
91,72,2.356194
91,77,-0.785398
91,78,-2.356194
91,79,0.785398
91,88,0.000000
91,90,-2.819842
92,23,2.356194
92,27,0.321751
92,35,-2.819842
92,44,0.000000
92,45,-1.892547
92,51,2.819842
92,63,-1.570796
92,83,-2.356194
93,15,-2.819842
93,19,3.141593
93,22,0.321751
93,23,-2.819842
93,27,-1.570796
93,29,0.000000
93,32,-2.356194
93,37,0.321751
93,40,3.141593
93,51,-2.356194
93,54,-0.785398
93,59,-0.785398
93,64,0.785398
93,69,-1.249046
93,71,3.141593
93,74,1.570796
93,76,2.356194
94,6,-1.570796
94,7,-2.356194
94,9,0.785398
94,10,3.141593
94,13,0.321751
94,19,-1.570796
94,22,-1.570796
94,26,1.570796
94,34,-2.356194
94,37,-0.785398
94,40,-2.356194
94,43,2.356194
94,46,0.321751
94,49,-2.356194
94,54,2.356194
94,71,-2.356194
94,74,0.000000
94,76,3.141593
94,80,3.141593
95,4,-0.785398
95,9,-0.785398
95,17,2.356194
95,20,0.785398
95,21,3.141593
95,25,0.321751
95,26,-2.819842
95,40,0.785398
95,46,-0.785398
95,50,-0.785398
95,51,-1.570796
95,57,0.785398
95,67,-1.249046
95,68,-2.356194
96,9,2.356194
96,12,0.321751
96,13,-2.819842
96,16,0.321751
96,17,-2.819842
96,20,-0.785398
96,25,-1.570796
96,40,0.000000
96,44,2.356194
96,60,1.249046
96,61,2.356194
96,63,-0.785398
96,70,-0.785398
96,71,-1.570796
96,72,-2.356194
96,73,-0.785398
96,74,-1.570796
96,76,-1.570796
96,78,-1.570796
96,86,2.356194
97,8,-0.785398
97,9,-2.356194
97,16,-1.570796
97,20,-1.570796
97,24,-0.785398
97,28,-0.785398
97,32,-0.785398
97,54,0.000000
97,59,-0.785398
97,60,-1.892547
97,81,-1.249046
98,11,-0.785398
98,15,-0.785398
98,36,-1.570796
98,42,-1.892547
98,44,-1.249046
98,45,-2.356194
98,54,-1.570796
98,66,-1.570796
98,83,-1.249046
