12,28,1.249046
12,29,2.356194
12,46,0.785398
12,47,1.570796
12,48,2.356194
12,50,0.785398
12,51,1.892547
13,14,1.249046
13,15,2.356194
13,27,-0.785398
13,53,0.785398
13,54,1.570796
13,55,2.356194
14,51,-0.785398
14,71,0.785398
14,72,1.892547
15,12,0.321751
16,12,-1.570796
17,31,0.785398
18,31,0.000000
19,31,-0.785398
20,12,3.141593
20,79,2.356194
22,8,0.321751
22,35,0.785398
22,45,0.321751
22,47,2.819842
23,8,-1.570796
23,35,0.000000
23,37,1.892547
23,64,0.321751
24,16,0.785398
24,17,2.356194
24,23,0.785398
24,39,2.356194
25,16,-0.785398
25,23,0.000000
25,31,2.356194
25,35,-0.321751
25,48,-2.356194
25,49,0.785398
25,62,1.249046
25,64,3.141593
26,7,0.785398
26,23,-0.785398
26,36,-1.249046
26,44,-1.249046
26,50,-1.249046
26,51,-2.356194
26,52,0.785398
26,64,-2.356194
27,7,-0.785398
27,8,3.141593
27,20,1.570796
27,46,-1.249046
27,48,1.892547
27,60,0.321751
28,20,-0.321751
28,32,-1.249046
28,34,1.892547
28,39,-1.249046
28,41,1.892547
28,48,-1.249046
28,49,3.141593
28,54,-1.249046
28,56,1.892547
28,71,0.321751
29,34,-1.249046
29,35,-2.356194
29,41,-1.249046
29,42,-2.356194
29,56,-1.249046
29,57,-2.356194
29,64,0.785398
29,71,-0.785398
30,6,0.785398
30,18,2.356194
30,26,1.570796
30,27,2.356194
30,28,0.785398
30,29,1.892547
30,37,0.000000
30,38,1.892547
30,46,0.785398
30,47,1.892547
30,64,-0.785398
30,65,-2.356194
30,68,0.785398
30,69,1.892547
30,71,2.356194
31,6,-0.785398
31,7,3.141593
31,16,-0.785398
31,17,-1.892547
31,21,-1.570796
31,29,-1.249046
31,30,-2.356194
31,38,-1.249046
31,39,-2.356194
31,47,-1.249046
31,48,3.141593
31,55,0.785398
31,56,1.892547
31,61,-1.249046
31,71,3.141593
32,26,-1.570796
32,27,3.141593
32,36,3.141593
32,50,0.785398
32,51,1.892547
32,56,-1.249046
32,58,1.892547
32,69,-0.785398
33,21,0.000000
33,22,-1.570796
33,24,-1.892547
33,45,0.785398
33,46,1.892547
33,51,-1.249046
33,52,3.141593
33,58,-1.249046
33,60,1.892547
33,64,-1.249046
33,65,3.141593
33,71,-2.819842
34,5,0.785398
34,46,-1.249046
34,48,1.892547
34,60,-1.249046
34,61,3.141593
35,7,1.892547
35,11,2.356194
35,48,-1.249046
35,50,1.892547
35,56,-2.356194
35,69,-0.785398
35,70,-2.356194
36,9,-0.785398
36,10,-1.892547
36,44,0.785398
36,45,1.892547
36,50,-1.249046
36,52,1.892547
36,58,0.000000
36,64,-2.356194
36,71,-2.356194
37,3,-0.785398
37,5,-1.249046
37,7,-1.892547
37,22,1.249046
37,23,3.141593
37,45,-1.249046
37,46,-2.356194
37,47,3.141593
37,52,-1.249046
37,53,-2.356194
37,66,0.785398
37,85,3.141593
38,21,-0.785398
38,22,-1.892547
38,36,0.785398
38,37,1.570796
38,38,2.356194
38,56,3.141593
38,67,-2.356194
39,11,1.249046
39,12,2.356194
39,45,3.141593
39,58,0.785398
39,63,-2.356194
39,70,0.000000
40,10,-0.785398
40,11,-1.892547
40,26,3.141593
40,28,0.000000
40,36,-0.785398
40,37,-2.356194
40,49,0.000000
40,52,3.141593
40,59,-2.356194
41,2,0.785398
41,54,0.000000
41,55,3.141593
41,79,-0.785398
41,80,-1.892547
42,2,0.000000
42,45,3.141593
43,2,-0.785398
43,10,1.249046
43,11,2.356194
43,25,0.000000
43,32,3.141593
43,47,0.000000
43,49,3.141593
43,53,0.000000
43,54,3.141593
44,7,1.249046
44,8,2.356194
44,9,-0.785398
44,10,-1.892547
44,36,0.000000
44,41,3.141593
44,63,0.000000
44,64,3.141593
44,86,2.356194
45,6,-0.785398
45,7,-1.892547
45,14,1.249046
45,15,2.356194
45,23,3.141593
45,25,0.000000
45,26,3.141593
45,43,0.000000
45,45,3.141593
45,49,0.000000
45,50,3.141593
45,78,0.000000
45,86,3.141593
46,11,1.249046
46,12,2.356194
46,13,-0.785398
46,14,-1.892547
46,28,0.000000
46,86,-1.570796
47,8,1.249046
47,9,2.356194
47,10,-0.785398
47,11,-1.892547
47,39,3.141593
47,44,0.000000
47,46,3.141593
47,50,0.000000
47,51,3.141593
47,56,0.000000
47,58,3.141593
47,62,1.570796
48,7,0.000000
48,8,-1.892547
48,21,0.000000
48,25,3.141593
49,3,0.000000
49,19,3.141593
49,52,0.000000
49,53,3.141593
49,63,0.000000
49,64,1.892547
49,67,3.141593
50,10,0.000000
50,30,0.000000
50,35,3.141593
51,8,2.356194
51,23,0.000000
51,26,3.141593
51,63,-0.785398
51,66,2.819842
52,16,1.249046
52,17,2.356194
52,21,3.141593
52,40,0.000000
52,43,3.141593
53,3,0.000000
53,15,-0.785398
53,16,-1.892547
53,68,1.892547
53,87,2.356194
54,10,1.249046
54,11,2.356194
54,23,0.785398
54,24,1.570796
54,25,2.356194
54,27,3.141593
54,48,0.000000
54,49,3.141593
54,68,-1.249046
54,69,3.141593
54,82,0.000000
55,6,1.249046
55,7,2.356194
55,9,-0.785398
55,10,-1.892547
55,20,0.000000
55,34,0.000000
55,36,3.141593
55,70,-2.356194
56,5,-0.785398
56,6,-1.892547
56,18,3.141593
56,24,0.785398
56,30,3.141593
56,49,0.000000
56,51,3.141593
57,2,0.000000
57,36,0.000000
57,39,3.141593
57,75,0.000000
57,77,3.141593
57,82,0.000000
57,85,-0.785398
57,86,-1.892547
58,7,2.356194
58,8,3.141593
58,11,0.000000
58,23,-0.785398
58,24,-1.892547
58,26,-1.249046
58,27,-2.356194
58,33,2.356194
58,50,0.000000
58,54,3.141593
58,57,0.000000
58,58,3.141593
59,4,2.356194
59,6,-0.785398
59,30,2.356194
59,44,1.249046
59,45,2.356194
59,46,3.141593
60,2,0.000000
60,9,3.141593
60,15,1.249046
60,16,2.356194
60,37,0.000000
60,52,0.000000
60,54,3.141593
60,89,2.356194
61,5,0.000000
61,6,-1.570796
61,7,-2.356194
61,14,-0.785398
61,15,-1.892547
61,23,0.000000
61,76,0.785398
61,83,0.000000
61,89,3.141593
62,31,1.892547
62,33,1.249046
62,34,2.356194
62,35,3.141593
62,38,0.000000
62,39,3.141593
62,44,-1.570796
62,47,-2.356194
62,55,2.356194
62,89,-2.356194
63,2,-0.785398
63,18,0.000000
63,19,3.141593
63,43,-0.785398
63,54,-0.785398
63,77,0.785398
64,15,0.000000
64,16,3.141593
64,22,0.000000
64,24,3.141593
64,26,0.000000
64,27,3.141593
64,29,0.000000
64,30,-0.785398
64,31,-1.892547
64,33,-2.356194
64,48,0.000000
64,49,3.141593
64,51,0.000000
64,52,3.141593
64,57,0.000000
64,58,0.785398
64,59,1.570796
64,60,2.356194
64,77,-0.321751
64,78,2.819842
64,82,0.785398
64,83,1.892547
64,89,2.356194
65,3,0.000000
65,12,3.141593
65,65,0.785398
65,66,1.892547
65,80,1.570796
65,83,-1.249046
65,84,-2.356194
65,86,0.785398
65,87,1.570796
65,89,-2.356194
66,8,1.249046
66,9,2.356194
66,37,2.356194
66,41,0.000000
66,42,3.141593
66,47,0.000000
66,49,3.141593
66,51,0.000000
66,52,3.141593
66,56,0.000000
66,66,-1.249046
66,67,-2.356194
66,77,-0.785398
66,78,-1.570796
67,6,1.249046
67,8,-1.892547
67,18,3.141593
67,27,0.000000
67,28,3.141593
67,30,0.000000
67,32,-0.785398
67,33,-1.570796
67,34,-2.356194
67,35,0.785398
67,36,2.356194
67,82,2.356194
67,90,2.356194
68,4,1.249046
68,6,-1.892547
68,41,0.000000
68,43,3.141593
68,47,0.000000
68,48,3.141593
68,84,0.000000
68,85,1.570796
68,90,3.141593
69,3,0.000000
69,4,-1.892547
69,20,0.000000
69,26,3.141593
69,36,-0.785398
69,37,3.141593
69,67,0.000000
69,69,3.141593
69,71,0.000000
69,72,3.141593
69,81,0.785398
70,2,-0.785398
70,16,0.000000
70,17,3.141593
70,29,0.000000
70,30,3.141593
70,32,0.000000
70,38,1.570796
70,82,-2.356194
70,86,-0.785398
70,90,3.141593
71,14,3.141593
71,58,0.000000
71,59,3.141593
71,90,-1.570796
72,20,0.000000
72,21,3.141593
72,32,0.785398
72,33,1.892547
72,40,-2.356194
72,72,0.000000
72,75,3.141593
72,77,0.000000
72,78,3.141593
73,3,-0.785398
73,8,1.249046
73,9,3.141593
73,30,-0.785398
73,33,-1.249046
73,34,-2.356194
73,36,-0.785398
73,37,-1.570796
73,38,-2.356194
73,42,-2.356194
73,46,2.356194
73,55,0.000000
73,57,3.141593
73,81,0.000000
74,7,-0.785398
74,8,-1.892547
74,67,0.000000
74,68,3.141593
74,73,0.000000
74,74,3.141593
75,19,0.000000
75,20,3.141593
75,31,0.000000
75,32,3.141593
75,34,0.000000
75,37,3.141593
75,40,0.000000
75,42,3.141593
75,45,0.785398
75,50,0.000000
75,57,3.141593
75,78,0.000000
75,79,0.785398
75,80,1.892547
75,89,0.785398
75,90,2.356194
76,4,-0.785398
76,45,-0.321751
76,46,2.819842
76,64,0.000000
76,65,3.141593
76,80,-1.249046
76,81,3.141593
76,90,-1.570796
77,8,3.141593
77,74,0.000000
77,75,0.785398
77,76,1.892547
77,82,0.000000
77,83,1.892547
77,91,-2.356194
78,5,1.249046
78,6,3.141593
78,10,1.249046
78,11,2.356194
78,12,3.141593
78,18,0.000000
78,19,3.141593
78,37,0.000000
78,40,3.141593
78,43,0.000000
78,44,3.141593
78,47,-2.356194
78,61,0.000000
78,65,3.141593
78,76,-1.249046
78,78,1.892547
78,83,-1.249046
78,84,-2.356194
79,9,0.000000
79,10,-1.892547
79,49,-2.356194
79,67,0.000000
79,71,0.785398
79,72,1.892547
79,78,-1.249046
79,80,1.892547
80,3,0.321751
80,7,0.000000
80,72,-1.249046
80,73,3.141593
80,80,-1.249046
80,82,1.892547
81,3,-1.570796
81,33,0.000000
81,36,3.141593
81,41,0.000000
81,46,3.141593
81,67,0.000000
81,74,0.000000
81,75,1.892547
81,82,-1.249046
81,84,1.892547
81,91,-2.356194
82,2,-0.785398
82,6,3.141593
82,10,2.356194
82,69,0.000000
82,70,1.892547
82,75,-1.249046
82,77,1.892547
82,84,-1.249046
82,85,3.141593
83,8,1.249046
83,9,3.141593
83,22,0.000000
83,24,3.141593
83,64,0.785398
83,70,-1.249046
83,71,3.141593
83,77,-1.249046
83,79,1.892547
84,72,0.000000
84,73,1.892547
84,79,-1.249046
84,80,3.141593
84,89,0.000000
85,6,0.321751
85,12,3.141593
85,51,0.000000
85,60,0.785398
85,73,-1.249046
85,74,3.141593
85,90,-1.570796
86,6,-1.570796
86,55,3.141593
86,76,0.785398
86,77,1.892547
86,83,0.000000
86,84,1.892547
86,91,-2.356194
87,13,2.356194
87,70,0.000000
87,71,1.892547
87,84,-1.249046
87,86,1.892547
88,66,0.000000
88,71,-1.249046
88,72,-2.356194
88,78,-1.249046
88,80,1.892547
88,86,-1.249046
88,87,3.141593
89,2,-1.570796
89,4,-1.570796
89,11,1.570796
89,67,-1.570796
89,80,-1.249046
89,81,-2.356194
90,11,-2.819842
90,62,0.000000
90,83,1.570796
90,91,-2.356194
91,9,0.321751
91,13,1.570796
91,65,3.141593
91,70,0.000000
91,71,1.892547
91,85,1.892547
92,2,1.570796
92,9,-0.785398
92,17,2.356194
93,9,2.356194
93,16,-0.785398
93,73,2.819842
93,86,-1.249046
93,88,1.892547
94,5,2.356194
94,8,0.321751
94,9,-2.819842
94,19,2.356194
94,58,0.785398
94,69,0.785398
94,73,-1.570796
94,88,-1.249046
95,5,-2.819842
95,14,1.570796
95,59,-2.356194
95,64,0.000000
95,65,0.785398
95,66,1.892547
95,71,3.141593
95,90,-2.356194
96,7,0.321751
96,8,-2.819842
96,17,-0.785398
96,61,0.000000
96,66,-1.249046
96,67,3.141593
96,84,0.000000
96,85,1.892547
97,4,-1.570796
97,25,2.356194
97,52,0.785398
97,58,0.785398
97,68,-2.356194
97,85,-1.249046
97,86,3.141593
97,90,2.356194
98,6,-0.785398
98,10,-1.570796
98,13,-1.570796
98,24,-0.785398
98,54,3.141593
98,60,3.141593
98,66,3.141593
98,82,3.141593
98,89,-0.785398
