4,17,2.356194
4,20,0.785398
4,21,1.570796
4,23,1.892547
4,37,1.892547
4,59,1.892547
5,13,0.785398
5,14,1.892547
5,25,1.892547
5,30,2.356194
5,31,0.785398
5,32,1.892547
5,61,1.892547
6,16,3.141593
6,21,0.000000
6,23,-1.892547
6,27,1.892547
6,37,-1.892547
6,40,0.785398
6,42,1.892547
6,56,0.321751
6,63,1.892547
7,29,3.141593
7,54,1.892547
7,65,1.892547
7,70,3.141593
7,78,1.570796
8,14,-0.321751
8,21,-2.819842
8,24,0.321751
8,32,-0.321751
8,39,0.321751
8,50,1.892547
9,24,-0.785398
9,29,-2.819842
9,46,1.892547
10,18,-0.785398
10,32,0.321751
10,34,-2.356194
10,38,-0.785398
11,20,1.570796
11,23,1.570796
11,27,0.321751
11,29,2.819842
11,32,-0.785398
11,67,-1.892547
11,71,-2.819842
12,20,0.000000
12,32,2.356194
12,55,-2.356194
12,65,-0.785398
12,83,2.356194
13,5,0.321751
13,7,-2.356194
13,12,0.785398
13,16,2.356194
13,26,-0.785398
13,27,-1.570796
13,32,3.141593
13,38,1.249046
13,52,2.819842
13,70,0.785398
13,73,0.000000
13,74,-1.892547
14,5,-0.785398
14,18,0.785398
14,20,-2.356194
14,23,-0.785398
14,52,-2.356194
14,64,0.321751
14,66,2.819842
14,70,-0.321751
14,72,3.141593
15,5,0.785398
15,18,-0.785398
15,21,1.570796
15,30,0.000000
15,32,-1.570796
15,33,-2.356194
15,44,-1.249046
15,52,0.785398
15,62,1.892547
16,5,0.000000
16,16,1.892547
16,21,0.000000
16,37,-2.356194
16,42,-2.356194
16,48,1.570796
16,74,1.249046
16,76,1.892547
16,79,0.000000
16,80,-1.892547
17,5,-0.785398
17,31,3.141593
17,41,1.570796
17,48,0.000000
17,78,3.141593
17,85,2.356194
18,23,-2.819842
18,27,0.000000
18,37,0.785398
18,41,-2.819842
18,52,-1.249046
18,61,-1.249046
18,67,-1.892547
18,70,-1.249046
18,72,-1.892547
18,74,-1.249046
19,4,0.321751
19,8,1.892547
19,10,1.249046
19,39,-0.785398
19,40,-1.892547
19,48,-2.819842
19,78,2.819842
20,35,1.249046
20,37,-1.892547
20,54,-2.819842
20,65,-0.321751
20,78,-2.356194
21,4,0.000000
21,6,-1.570796
21,19,2.819842
21,25,1.249046
21,26,3.141593
21,30,1.892547
21,44,0.785398
21,45,2.356194
21,47,-1.570796
21,52,0.000000
21,53,-1.892547
21,59,-2.819842
21,62,1.570796
21,67,2.819842
22,28,-0.785398
22,32,2.356194
22,33,-0.785398
22,45,-1.570796
22,49,2.356194
22,62,-2.819842
22,67,-2.356194
23,5,3.141593
23,17,-1.249046
23,19,-1.570796
23,20,3.141593
23,26,2.819842
23,40,0.000000
23,48,-1.892547
23,55,0.321751
23,67,2.356194
23,73,0.000000
23,78,1.570796
23,80,-1.892547
24,2,0.321751
24,6,0.785398
24,7,2.356194
24,21,1.570796
24,31,-2.356194
24,41,1.570796
24,55,-1.570796
24,63,1.249046
24,64,2.356194
24,86,2.356194
25,2,-0.785398
25,6,-0.785398
25,28,-1.892547
25,31,0.785398
25,34,0.000000
25,41,0.000000
25,46,-1.570796
25,54,0.785398
25,73,3.141593
26,9,2.356194
26,17,-2.356194
26,19,0.785398
26,23,-1.249046
26,47,1.570796
26,63,-2.356194
26,70,1.570796
26,71,3.141593
26,81,0.785398
26,85,-1.892547
27,2,0.785398
27,4,1.249046
27,9,-2.356194
27,26,-1.570796
27,40,-0.785398
27,41,-2.356194
27,55,0.785398
27,67,-2.356194
27,75,3.141593
28,2,0.000000
28,10,0.785398
28,27,0.785398
28,28,2.356194
28,42,0.785398
28,43,2.356194
28,46,-0.785398
28,47,-1.892547
28,55,-0.321751
28,58,-1.892547
28,79,3.141593
29,10,-1.570796
29,14,1.570796
29,20,0.785398
29,27,-1.570796
29,30,-1.570796
29,35,1.249046
29,36,3.141593
29,52,3.141593
29,65,-2.356194
29,76,-0.785398
29,77,-1.892547
30,4,-1.570796
30,5,-2.356194
30,6,-0.785398
30,7,-1.570796
30,20,0.000000
30,31,0.785398
30,32,2.356194
30,40,1.249046
30,56,0.000000
30,60,-0.785398
30,61,-1.892547
30,67,1.249046
30,69,-1.892547
30,79,0.321751
31,9,-1.249046
31,10,-2.356194
31,15,2.819842
31,31,-1.570796
31,35,-1.570796
31,39,-0.785398
31,40,-1.892547
31,46,1.249046
31,47,2.356194
31,56,-1.570796
31,79,-1.570796
31,81,-2.356194
32,53,1.249046
32,54,2.356194
32,70,1.570796
32,72,3.141593
32,87,2.356194
33,29,1.570796
33,43,1.249046
33,50,1.249046
33,51,2.356194
33,52,-0.785398
33,53,-1.892547
33,81,-1.570796
33,82,-2.356194
33,87,3.141593
34,6,0.785398
34,7,1.570796
34,9,1.892547
34,33,1.249046
34,38,1.570796
34,48,2.356194
34,49,-0.785398
34,50,-1.892547
34,73,-2.356194
34,74,0.785398
34,75,1.570796
34,77,-1.892547
34,87,-2.356194
35,25,1.570796
35,32,-0.785398
35,33,-1.892547
35,40,2.356194
35,45,-0.785398
35,64,0.000000
35,65,-1.892547
35,71,-1.892547
36,2,0.785398
36,9,-1.570796
36,25,3.141593
36,37,-0.785398
36,38,-1.892547
36,47,-1.570796
36,68,-0.785398
37,2,-0.321751
37,4,2.356194
37,5,0.785398
37,11,-1.570796
37,21,0.321751
37,29,-2.819842
37,49,2.356194
37,59,0.000000
37,78,0.321751
37,87,2.356194
38,8,-1.249046
38,13,0.000000
38,14,-1.892547
38,16,1.570796
38,21,-0.785398
38,26,-2.356194
38,27,-0.785398
38,28,-1.892547
38,45,1.249046
38,46,2.356194
38,67,-0.785398
38,70,2.356194
38,72,0.785398
38,73,1.570796
38,75,-1.570796
38,76,3.141593
38,81,-2.356194
38,85,0.785398
38,87,-2.819842
39,12,3.141593
39,16,0.000000
39,18,1.892547
39,21,2.356194
39,31,1.249046
39,36,1.249046
39,37,2.356194
39,38,-0.785398
39,51,1.249046
39,52,2.356194
39,55,0.785398
39,62,0.000000
40,20,-0.785398
40,21,-2.356194
40,24,-2.819842
40,30,0.000000
40,31,-1.892547
40,36,-1.892547
40,40,0.785398
40,56,-2.356194
40,69,2.356194
41,2,0.321751
41,4,-2.356194
41,5,-0.785398
41,6,-1.570796
41,7,3.141593
41,11,0.000000
41,13,1.892547
41,16,-0.785398
41,29,3.141593
41,40,-1.570796
41,42,-2.356194
41,69,3.141593
41,78,-1.570796
42,2,-0.785398
42,8,1.570796
42,28,-1.570796
42,32,1.249046
42,34,-2.356194
42,44,0.000000
42,48,0.785398
42,53,1.570796
42,54,2.356194
42,59,3.141593
42,63,0.785398
42,64,1.570796
42,65,3.141593
42,71,1.249046
43,8,0.000000
43,13,-1.892547
43,17,0.321751
43,27,1.570796
43,31,0.321751
43,35,0.785398
43,36,3.141593
43,43,-2.356194
43,50,-0.785398
43,51,-1.892547
43,69,0.000000
43,79,0.785398
43,82,0.785398
43,83,1.892547
43,86,2.356194
44,2,0.785398
44,8,-0.785398
44,17,-0.785398
44,23,0.000000
44,27,3.141593
44,46,0.785398
44,53,2.356194
44,56,-1.570796
44,59,0.000000
44,60,0.000000
44,64,0.000000
44,74,-1.570796
44,76,1.570796
44,79,-0.785398
44,85,-0.785398
44,86,-2.356194
45,2,0.000000
45,5,0.785398
45,6,1.892547
45,9,-0.785398
45,27,-2.356194
45,31,0.000000
45,35,3.141593
45,37,0.000000
45,43,1.249046
45,44,2.356194
45,51,2.356194
45,52,-0.785398
45,61,1.570796
45,71,-1.570796
45,73,2.356194
45,76,-0.321751
45,78,3.141593
46,2,-0.785398
46,23,-2.819842
46,31,-1.570796
46,35,-2.356194
46,63,-0.785398
46,64,-1.570796
46,66,-1.570796
46,73,-1.570796
47,7,-1.249046
47,8,3.141593
47,17,3.141593
47,26,0.000000
47,27,-1.570796
47,29,1.570796
47,30,3.141593
47,43,-1.570796
47,46,1.249046
47,48,-1.892547
47,58,1.249046
47,59,2.356194
47,81,0.000000
48,4,0.785398
48,9,0.000000
48,13,-1.570796
48,14,3.141593
48,33,1.570796
48,37,0.785398
48,38,2.356194
48,44,0.000000
48,45,-0.785398
48,46,-1.892547
48,51,-2.356194
48,52,3.141593
48,55,0.000000
48,57,-0.785398
48,58,-1.892547
48,70,1.892547
48,79,0.000000
48,80,2.356194
49,20,-1.570796
49,24,1.570796
49,29,0.785398
49,32,0.000000
49,33,-2.356194
49,38,-1.570796
49,43,3.141593
49,66,0.785398
49,71,2.819842
49,75,1.570796
49,80,-2.356194
50,3,0.785398
50,6,2.819842
50,19,3.141593
50,23,0.000000
50,31,3.141593
50,35,3.141593
50,59,0.785398
50,76,2.819842
50,80,0.785398
51,4,0.000000
51,6,-2.356194
51,18,-1.892547
51,47,1.570796
51,52,1.249046
51,53,2.356194
51,54,3.141593
51,66,0.321751
51,71,-1.570796
51,73,1.570796
51,74,3.141593
51,76,-2.356194
51,82,1.570796
52,6,0.785398
52,8,2.356194
52,11,0.785398
52,12,3.141593
52,21,0.000000
52,23,2.819842
52,31,0.000000
52,36,1.249046
52,50,0.785398
52,66,-1.570796
52,86,1.570796
53,16,2.356194
53,23,-1.570796
53,35,0.000000
53,36,-1.892547
53,41,-0.785398
53,42,-2.356194
53,46,-0.785398
53,47,-1.892547
53,62,-2.356194
53,64,0.785398
53,65,2.356194
53,76,2.356194
53,82,-0.321751
53,86,-2.819842
54,3,0.321751
54,11,0.000000
54,15,-0.785398
54,16,-2.356194
54,24,0.785398
54,26,-1.570796
54,28,3.141593
54,34,3.141593
54,55,0.000000
54,56,-0.785398
54,57,-1.570796
54,58,-2.356194
54,65,-2.356194
54,69,0.785398
55,3,-0.785398
55,11,-0.785398
55,28,-1.570796
55,37,0.321751
55,38,-2.819842
55,42,-0.785398
55,50,-0.785398
55,51,-1.570796
55,52,-2.356194
55,53,3.141593
55,61,2.819842
55,65,0.785398
55,70,2.819842
55,82,-0.785398
55,83,-1.892547
55,85,-2.356194
56,6,0.000000
56,24,3.141593
56,29,0.785398
56,30,2.356194
56,31,-0.785398
56,32,-1.892547
56,37,-1.570796
56,40,-0.785398
56,65,-0.321751
56,67,2.356194
56,70,-2.356194
56,76,-0.785398
57,8,-2.356194
57,16,-1.892547
57,29,-0.785398
57,60,-0.785398
57,61,-1.570796
57,62,3.141593
57,70,0.785398
57,76,2.356194
58,5,0.321751
58,14,-0.785398
58,40,1.249046
58,41,2.356194
58,44,3.141593
58,72,1.892547
58,76,3.141593
59,2,0.785398
59,5,-1.570796
59,7,-2.356194
59,10,2.356194
59,17,0.321751
59,21,-0.785398
59,28,0.785398
59,39,-0.785398
59,40,-1.892547
59,74,3.141593
60,3,-2.356194
60,9,0.321751
60,10,-2.819842
60,17,-0.785398
60,28,-0.785398
60,29,3.141593
60,46,2.356194
60,66,-2.356194
61,6,2.356194
61,9,-1.570796
61,17,0.785398
61,19,0.785398
61,22,3.141593
61,27,3.141593
61,30,0.000000
61,37,2.356194
61,58,1.892547
61,61,1.570796
62,5,1.570796
62,8,1.570796
62,13,1.570796
62,17,0.000000
62,26,-0.785398
62,36,-0.785398
62,37,-2.356194
62,42,-0.785398
62,43,-1.892547
62,45,-1.570796
62,49,0.000000
62,64,0.000000
62,85,2.356194
63,4,0.000000
63,7,0.321751
63,8,-2.819842
63,11,0.785398
63,13,-2.819842
63,17,-1.570796
63,26,2.356194
63,34,1.570796
63,38,0.785398
63,39,3.141593
63,51,-2.356194
63,64,-1.570796
63,71,-0.785398
63,81,2.356194
63,85,3.141593
64,7,-1.570796
64,29,1.570796
64,32,1.249046
64,34,-2.356194
64,38,-1.570796
64,73,0.000000
64,74,-1.570796
64,75,-2.356194
64,76,0.785398
64,77,1.570796
64,78,2.356194
64,79,-0.785398
64,80,-1.892547
64,85,-2.356194
65,6,3.141593
65,9,0.785398
65,27,-2.356194
65,28,-0.785398
65,29,-2.356194
65,35,0.000000
65,36,1.570796
65,37,3.141593
65,44,2.356194
65,45,-0.785398
65,46,-1.570796
65,48,1.570796
65,49,2.356194
65,50,3.141593
65,55,0.321751
65,72,0.000000
66,5,-0.785398
66,12,2.356194
66,55,-0.785398
66,59,0.000000
66,60,1.570796
66,63,2.819842
66,67,2.356194
67,6,0.785398
67,7,3.141593
67,12,-2.819842
67,23,-0.785398
67,25,-2.356194
67,42,0.321751
67,43,-2.819842
67,55,2.356194
68,10,0.321751
68,25,0.785398
68,28,1.249046
68,36,2.356194
68,60,0.785398
68,76,0.000000
68,77,-1.570796
68,78,3.141593
69,4,0.785398
69,6,-1.570796
69,8,1.892547
69,16,2.356194
69,22,-0.785398
69,36,3.141593
69,44,2.356194
69,46,0.785398
69,50,2.356194
69,56,0.000000
69,57,1.570796
69,58,2.356194
69,60,-0.785398
69,70,1.570796
69,75,3.141593
70,10,-1.570796
70,12,1.892547
70,16,-2.819842
70,24,0.321751
70,38,1.249046
70,39,2.356194
70,54,-2.356194
70,59,-2.356194
71,3,0.321751
71,5,2.819842
71,8,-0.785398
71,20,2.356194
71,24,-1.570796
71,27,2.356194
71,36,-0.321751
71,70,0.785398
71,77,0.785398
71,78,1.892547
71,80,2.356194
72,3,-0.785398
72,5,-1.570796
72,12,-0.785398
72,18,0.785398
72,23,1.570796
72,26,0.321751
72,50,0.785398
72,53,-0.785398
72,64,3.141593
72,70,-0.785398
72,85,2.356194
73,3,0.785398
73,7,3.141593
73,15,-0.785398
73,35,1.249046
73,59,0.785398
73,61,-1.892547
73,81,-2.356194
73,85,3.141593
74,3,0.000000
74,5,-0.785398
74,6,-1.892547
74,11,1.570796
74,19,-0.785398
74,28,-1.570796
74,32,0.785398
74,33,1.570796
74,35,-1.892547
74,47,0.785398
74,63,-0.321751
74,65,3.141593
74,75,-1.570796
74,85,-2.356194
75,3,-0.785398
75,10,0.000000
75,22,-0.785398
75,51,-2.819842
75,60,2.819842
75,71,-1.892547
75,73,0.785398
75,74,3.141593
76,3,0.785398
76,9,1.570796
76,37,2.356194
76,45,2.356194
76,46,-0.785398
76,47,-1.892547
76,54,0.785398
76,63,0.321751
76,65,2.819842
76,73,-0.785398
76,77,-0.785398
77,3,-0.321751
77,6,1.249046
77,7,2.356194
77,8,-0.785398
77,22,-1.570796
77,36,0.321751
77,41,0.321751
77,56,-1.892547
77,60,-2.819842
77,63,-0.785398
77,65,-2.356194
77,69,-0.321751
77,70,2.819842
77,74,0.000000
77,75,2.356194
78,41,-0.785398
78,45,2.819842
78,63,0.785398
78,65,2.356194
78,70,-2.356194
78,75,-2.356194
79,3,0.000000
79,4,-1.892547
79,6,-2.356194
79,29,2.356194
79,36,0.000000
79,49,0.321751
79,59,0.785398
80,2,-0.785398
80,17,-1.570796
80,21,2.356194
80,28,0.321751
80,29,-2.819842
80,36,-0.785398
80,43,0.000000
80,46,2.819842
80,49,-0.785398
80,54,2.819842
80,59,0.000000
80,65,-1.249046
80,66,-2.356194
80,70,2.356194
81,6,2.356194
81,10,1.570796
81,28,-0.785398
81,43,-0.785398
81,46,-2.356194
81,49,2.356194
81,52,0.000000
81,54,-1.570796
81,59,-0.785398
81,63,-2.356194
81,75,2.356194
82,6,3.141593
82,10,-2.819842
82,14,1.570796
82,24,2.356194
82,36,0.785398
82,46,0.785398
82,49,3.141593
82,52,0.785398
82,55,1.570796
83,4,-1.570796
83,23,0.321751
83,24,-2.819842
83,36,0.000000
83,40,2.356194
83,43,0.785398
83,49,-1.570796
83,52,-0.321751
83,53,2.819842
83,55,-0.321751
83,56,2.819842
83,63,0.785398
83,70,-0.785398
83,75,-1.249046
83,76,-2.356194
84,3,0.785398
84,8,-1.892547
84,13,1.570796
84,23,-0.785398
84,36,-0.785398
84,40,3.141593
84,43,0.000000
84,47,-2.356194
84,53,-2.356194
84,58,0.000000
84,64,2.819842
85,3,-0.785398
85,4,-2.356194
85,5,-0.785398
85,6,-1.892547
85,12,-0.785398
85,40,-2.356194
85,43,-0.785398
85,53,2.356194
85,57,-2.356194
85,60,-1.249046
86,2,-0.785398
86,28,2.356194
86,39,-0.785398
86,51,0.785398
86,64,-1.570796
86,65,3.141593
87,28,-2.819842
87,41,2.356194
87,47,-1.570796
87,62,-0.785398
87,66,1.570796
87,69,0.000000
87,70,-1.570796
87,71,3.141593
87,84,1.570796
88,13,2.356194
88,22,2.356194
88,26,0.321751
88,35,2.356194
88,40,3.141593
88,51,0.000000
88,56,2.356194
88,57,0.785398
88,58,1.892547
88,62,0.785398
88,66,-0.321751
88,68,3.141593
88,72,0.000000
88,73,1.570796
89,4,1.249046
89,5,2.356194
89,16,0.321751
89,18,3.141593
89,22,-2.819842
89,26,-0.785398
89,34,0.321751
89,39,-0.785398
89,51,-0.785398
89,62,-0.785398
89,63,3.141593
89,80,1.249046
90,3,0.000000
90,12,2.356194
90,19,0.000000
90,26,0.785398
90,30,1.570796
90,47,1.570796
90,55,0.785398
90,73,-0.321751
90,76,-2.356194
91,5,1.570796
91,11,-0.785398
91,12,-2.356194
91,26,-0.785398
91,27,-2.356194
91,28,0.785398
91,30,-2.819842
91,34,-0.321751
91,47,0.785398
91,55,-0.321751
91,57,2.356194
91,63,0.785398
91,69,1.570796
92,2,-1.570796
92,5,0.000000
92,8,0.785398
92,9,2.356194
92,13,0.785398
92,15,-1.892547
92,20,2.356194
92,25,1.570796
92,47,-0.321751
92,48,2.819842
92,59,-1.570796
92,63,-0.321751
92,71,1.570796
92,72,2.356194
92,73,-0.785398
93,9,-1.570796
93,20,-2.819842
93,24,0.321751
93,25,-2.819842
93,35,-2.819842
93,44,2.356194
93,48,-2.356194
93,52,0.000000
93,53,1.570796
93,54,2.356194
93,56,3.141593
93,65,2.819842
94,11,2.356194
94,12,-0.785398
94,29,2.356194
94,33,0.000000
94,34,-1.892547
94,38,1.570796
94,43,0.321751
94,44,-2.819842
94,65,-1.570796
95,3,-0.785398
95,9,0.000000
95,10,-1.892547
95,29,-2.819842
95,37,0.321751
95,56,0.000000
96,3,0.785398
96,8,1.570796
96,16,0.000000
96,21,0.785398
96,23,-1.892547
96,27,0.000000
96,28,-1.892547
96,44,2.819842
96,56,-0.785398
96,58,2.356194
96,71,0.785398
96,75,0.000000
96,76,-1.892547
97,4,-2.356194
97,7,-0.785398
97,14,0.000000
97,21,-1.570796
97,32,-1.570796
97,38,-2.356194
97,41,0.000000
97,42,0.000000
97,44,-2.356194
97,54,-1.570796
97,57,-0.785398
98,46,-1.570796
98,63,-2.356194
98,70,-0.785398
98,71,-1.892547
