7,47,1.249046
7,48,2.356194
7,54,0.785398
7,55,1.570796
7,56,2.356194
7,60,0.785398
7,61,1.570796
7,62,2.356194
7,67,0.785398
7,68,1.892547
8,36,1.249046
8,37,2.356194
9,33,1.249046
9,34,2.356194
9,35,-0.785398
9,47,-2.356194
9,68,-0.785398
10,81,2.356194
12,46,0.321751
12,48,2.819842
12,60,1.570796
12,68,2.356194
12,78,0.321751
13,59,0.321751
13,60,-2.819842
13,66,1.249046
13,68,3.141593
13,78,-1.570796
14,23,1.249046
14,24,3.141593
14,30,-1.570796
14,45,0.321751
14,49,2.819842
14,59,-1.570796
14,65,0.321751
14,68,-2.356194
15,31,1.570796
15,36,1.249046
15,49,-1.570796
15,55,-0.785398
15,58,3.141593
15,65,-1.570796
16,14,1.249046
16,15,3.141593
16,23,-1.570796
16,31,0.000000
16,33,1.892547
16,43,2.356194
16,45,3.141593
16,52,1.249046
16,53,3.141593
16,68,0.785398
16,72,1.249046
16,74,1.570796
16,78,2.819842
17,38,-2.819842
17,49,0.000000
17,50,-1.570796
17,57,-0.321751
17,59,2.356194
17,68,-0.785398
17,70,1.570796
18,12,0.321751
18,33,-1.892547
18,47,2.356194
18,52,-2.356194
18,87,2.819842
19,12,-0.785398
19,39,-0.785398
19,44,0.000000
19,56,2.356194
19,57,-0.785398
19,58,-2.356194
19,73,-2.356194
19,87,-2.356194
20,35,0.000000
20,37,-1.892547
20,41,0.785398
20,42,2.356194
20,49,1.570796
20,50,2.356194
20,51,-0.785398
20,69,-0.785398
20,75,-1.570796
21,28,1.570796
21,30,1.249046
21,35,-0.785398
21,46,0.000000
21,47,-1.892547
21,55,3.141593
21,65,1.249046
21,66,2.356194
21,77,2.356194
21,80,0.785398
21,81,1.570796
21,83,-1.892547
22,28,0.000000
22,40,0.321751
22,42,-2.356194
22,62,1.249046
22,63,2.356194
22,64,-0.785398
22,65,-1.892547
22,75,-0.785398
22,76,-1.892547
22,88,3.141593
23,33,2.819842
23,37,1.570796
23,40,-1.570796
23,49,-0.785398
23,50,-1.892547
23,61,-0.785398
23,62,-1.892547
24,28,0.000000
24,30,-1.892547
24,45,1.249046
24,46,2.356194
24,55,-1.892547
24,65,1.249046
24,66,2.356194
24,71,-1.570796
24,76,1.249046
24,77,2.356194
24,80,-0.785398
24,81,-1.570796
24,82,-2.356194
25,44,-0.785398
25,45,-1.892547
25,61,1.249046
25,62,2.356194
25,64,-0.785398
25,73,2.356194
25,74,0.785398
25,85,-2.356194
26,34,0.785398
26,36,-1.892547
26,50,1.249046
26,52,-1.892547
26,60,-0.785398
26,61,-1.892547
26,67,2.356194
26,71,-0.785398
26,72,-1.892547
26,90,2.356194
27,25,1.892547
27,47,0.785398
27,48,1.570796
27,50,-1.892547
27,55,1.249046
27,56,2.356194
27,65,-0.785398
27,66,-1.892547
27,76,-2.356194
27,84,-0.785398
27,85,-1.570796
27,86,-2.356194
27,90,3.141593
28,23,-0.785398
28,33,0.321751
28,34,-2.819842
28,44,1.249046
28,45,3.141593
28,53,1.249046
28,61,1.249046
28,62,2.356194
28,90,-2.356194
29,12,2.356194
29,27,-1.249046
29,33,-0.785398
29,42,1.249046
29,52,0.000000
29,53,-1.892547
29,56,1.570796
29,60,-0.785398
29,61,-1.892547
29,76,3.141593
30,11,0.321751
30,24,-1.570796
30,36,1.570796
30,40,1.249046
30,42,-1.892547
30,47,3.141593
30,50,1.249046
30,51,3.141593
30,90,2.356194
31,11,-1.570796
31,13,0.785398
31,14,2.356194
31,22,0.785398
31,23,2.356194
31,31,2.356194
31,32,-0.785398
31,33,-1.570796
31,34,-2.356194
31,54,1.249046
31,56,-1.892547
31,89,-0.785398
32,13,-0.785398
32,23,-2.356194
32,28,0.321751
32,42,1.249046
32,44,-1.892547
32,49,-1.892547
32,52,1.249046
33,42,-1.892547
33,46,0.000000
33,47,-1.892547
33,55,1.570796
33,64,1.249046
33,65,2.356194
34,24,0.785398
34,25,2.356194
34,36,-2.819842
34,44,1.249046
34,45,3.141593
34,58,-0.785398
34,59,-1.570796
34,60,-2.356194
34,63,-0.785398
34,64,-1.892547
34,75,1.249046
34,76,2.356194
35,20,1.249046
35,21,2.356194
35,24,-1.570796
35,34,-0.785398
35,35,-1.892547
35,48,1.249046
35,90,3.141593
36,18,0.785398
36,23,3.141593
36,38,0.000000
36,39,-2.356194
36,42,0.000000
36,43,-1.892547
36,45,0.785398
36,52,2.356194
36,53,-0.785398
36,54,-1.892547
36,65,1.249046
36,66,2.356194
36,68,0.785398
36,69,1.892547
37,36,1.249046
37,37,3.141593
37,40,0.785398
37,41,3.141593
37,61,0.785398
37,62,1.570796
37,63,2.356194
37,69,-1.249046
37,70,-2.356194
37,75,-1.570796
37,77,1.892547
37,90,0.000000
37,91,3.141593
38,21,-1.892547
38,40,-1.570796
38,45,-2.819842
38,48,0.785398
38,49,2.356194
38,50,-0.785398
38,52,2.819842
38,57,0.785398
38,58,2.356194
38,78,-2.356194
39,43,0.000000
39,44,-1.892547
39,55,1.249046
39,56,3.141593
39,58,-1.570796
39,63,-2.356194
39,71,0.785398
39,74,-2.356194
39,88,0.785398
39,89,1.892547
40,31,0.785398
40,32,2.356194
40,33,-0.785398
40,34,-1.892547
40,36,1.570796
40,38,1.570796
40,41,0.000000
40,42,0.000000
40,52,0.000000
40,54,-0.785398
40,55,-1.892547
40,61,-1.892547
40,89,-1.249046
40,90,-2.356194
40,91,3.141593
41,22,1.249046
41,24,1.570796
41,25,3.141593
41,31,-0.785398
41,38,-2.356194
41,50,0.785398
41,52,-1.570796
41,57,1.249046
41,59,-1.892547
41,65,-0.785398
41,71,0.000000
41,72,-2.356194
42,39,0.000000
42,45,-0.785398
42,46,-1.570796
42,47,3.141593
42,55,2.356194
43,16,1.249046
43,17,2.356194
43,24,2.356194
43,34,1.570796
43,40,-1.570796
43,48,1.570796
43,54,-1.570796
43,57,-1.570796
43,61,0.000000
43,62,3.141593
43,66,-2.356194
43,90,0.785398
44,9,0.321751
44,11,-2.356194
44,20,-1.892547
44,23,0.321751
44,24,-2.819842
44,28,1.249046
44,29,3.141593
44,36,-0.785398
44,37,3.141593
44,45,1.570796
44,48,-0.321751
44,64,1.249046
44,65,3.141593
44,91,-2.356194
45,16,-1.249046
45,18,-1.892547
45,23,-1.570796
45,41,-1.570796
45,45,-1.570796
45,54,0.000000
45,55,1.892547
45,63,0.000000
45,64,-1.892547
45,86,0.785398
45,87,1.892547
45,91,2.356194
46,9,-0.785398
46,10,3.141593
46,22,1.570796
46,36,2.819842
46,50,-1.249046
46,51,3.141593
46,55,-1.249046
46,56,-2.356194
46,57,3.141593
46,62,-2.356194
46,66,1.249046
46,67,2.356194
46,87,-1.249046
46,88,-2.356194
46,90,-0.785398
47,21,0.000000
47,25,1.570796
47,27,-1.570796
47,34,3.141593
47,36,-2.356194
47,47,0.785398
47,52,1.570796
47,65,-0.785398
47,66,-1.892547
47,76,0.000000
48,16,1.249046
48,17,2.356194
48,20,1.570796
48,25,-2.819842
48,28,0.785398
48,29,2.356194
48,30,0.785398
48,49,3.141593
48,53,3.141593
48,61,-1.570796
49,14,0.785398
49,20,3.141593
49,28,-0.785398
49,40,-1.570796
49,44,0.000000
49,45,3.141593
49,66,1.249046
49,67,2.356194
50,20,-1.570796
50,28,0.785398
50,31,-0.785398
50,65,-0.785398
50,66,-1.892547
50,79,3.141593
50,91,-2.356194
51,28,-0.321751
51,36,3.141593
51,58,-2.356194
51,61,1.570796
51,83,0.000000
52,30,2.819842
52,33,1.570796
52,44,0.785398
52,48,0.000000
52,54,1.570796
52,61,-1.570796
52,66,1.570796
52,74,0.000000
53,26,0.785398
53,33,-0.785398
53,37,1.892547
53,50,-2.356194
53,54,-1.570796
53,66,-1.570796
53,83,3.141593
54,22,0.000000
54,23,0.785398
54,24,1.570796
54,25,3.141593
54,31,0.000000
54,32,2.356194
54,43,0.785398
54,47,3.141593
54,91,3.141593
55,27,-0.321751
55,35,-0.321751
55,39,3.141593
55,54,0.785398
55,62,0.000000
55,64,3.141593
55,72,-1.570796
55,73,-2.356194
56,23,0.000000
56,24,-2.356194
56,29,2.819842
56,32,-0.321751
56,45,-2.356194
57,14,1.249046
57,15,2.356194
57,17,1.570796
57,25,1.570796
57,29,-1.570796
57,33,-1.249046
57,41,0.000000
57,42,1.892547
57,58,3.141593
58,8,0.785398
58,17,-2.819842
58,25,-0.785398
58,26,3.141593
58,42,-1.249046
58,44,1.892547
58,49,0.785398
58,61,0.000000
58,62,3.141593
58,72,0.000000
58,82,0.785398
58,83,1.892547
58,91,-2.356194
59,8,0.000000
59,27,0.000000
59,35,-0.321751
59,40,1.892547
59,44,-1.249046
59,45,3.141593
59,50,-2.356194
59,53,0.000000
59,66,0.000000
59,83,-1.249046
59,84,-2.356194
60,8,-0.785398
60,13,-1.249046
60,15,-1.892547
60,19,1.249046
60,28,-2.356194
60,32,1.570796
60,40,-1.249046
60,41,3.141593
60,46,-2.356194
60,55,-2.356194
60,74,0.000000
60,76,0.785398
60,77,1.892547
60,88,0.785398
61,18,0.321751
61,28,-1.570796
61,32,-0.321751
61,33,2.819842
61,37,-1.249046
61,38,3.141593
61,70,-2.356194
61,77,-1.249046
61,78,-2.356194
61,89,-2.356194
62,18,-1.570796
62,33,-2.356194
62,87,0.785398
63,32,-0.785398
63,40,0.000000
63,41,1.892547
63,54,0.000000
63,55,3.141593
64,8,0.785398
64,17,2.356194
64,29,1.570796
64,41,-1.249046
64,42,3.141593
64,47,-2.356194
64,74,3.141593
64,89,-1.249046
64,90,-2.356194
64,91,3.141593
65,8,0.000000
65,16,-0.785398
65,17,-2.356194
65,22,1.892547
65,25,-1.249046
65,26,-2.356194
65,27,3.141593
65,29,-1.570796
65,34,0.785398
65,37,0.000000
65,51,1.570796
65,86,0.785398
65,87,1.892547
66,8,-0.785398
66,35,-2.356194
66,51,-1.570796
66,74,-2.356194
66,87,-1.249046
66,89,1.892547
67,23,-1.249046
67,24,3.141593
67,37,0.785398
67,83,0.785398
67,84,1.892547
67,90,2.819842
68,8,0.785398
68,25,1.570796
68,38,-2.356194
68,43,0.000000
68,44,1.892547
68,49,3.141593
68,84,-1.249046
68,85,-2.356194
68,86,0.785398
68,87,1.892547
68,90,-2.356194
69,8,0.000000
69,15,-0.785398
69,16,-1.892547
69,25,-0.321751
69,26,2.819842
69,30,0.785398
69,44,-1.249046
69,46,1.892547
69,73,0.000000
69,80,3.141593
69,87,-1.249046
70,8,-0.785398
70,21,-2.356194
70,22,0.785398
70,23,1.892547
70,26,-2.356194
70,35,0.000000
70,41,0.000000
70,46,-1.249046
70,47,3.141593
70,82,0.000000
70,83,0.785398
70,84,1.892547
70,89,-1.249046
70,90,-2.356194
70,91,3.141593
71,25,3.141593
71,32,0.000000
71,33,1.892547
71,37,0.000000
71,38,1.892547
71,48,-2.356194
71,59,0.000000
71,60,3.141593
71,76,0.000000
71,84,-1.249046
71,85,-2.356194
71,86,0.785398
71,87,1.892547
72,17,0.000000
72,18,-1.892547
72,38,-1.249046
72,39,3.141593
72,50,0.000000
72,87,-1.249046
72,88,-2.356194
73,8,0.785398
73,15,1.249046
73,16,3.141593
73,24,0.785398
73,40,0.000000
73,41,1.892547
73,52,-2.356194
73,75,1.570796
73,91,3.141593
74,8,0.000000
74,14,-0.785398
74,21,0.785398
74,24,-0.321751
74,35,-1.249046
74,36,3.141593
74,41,-1.249046
74,42,3.141593
74,48,-2.356194
74,54,0.000000
74,76,-2.356194
74,80,3.141593
75,8,-0.785398
75,22,-2.356194
75,31,0.000000
75,37,0.000000
75,38,1.892547
75,43,0.000000
75,44,1.892547
75,51,1.570796
75,57,3.141593
75,73,1.570796
75,82,0.000000
75,88,0.000000
75,89,1.892547
76,18,3.141593
76,26,-1.249046
76,27,3.141593
76,33,0.000000
76,34,1.892547
76,38,-1.249046
76,39,3.141593
76,44,-1.249046
76,45,-2.356194
76,46,0.785398
76,47,1.892547
76,51,-1.570796
76,74,-2.356194
76,75,0.785398
76,76,1.892547
76,85,0.785398
76,86,1.892547
76,90,3.141593
77,8,0.785398
77,28,0.000000
77,29,1.892547
77,47,-1.249046
77,49,1.892547
77,60,0.000000
77,61,3.141593
77,68,0.000000
77,69,0.785398
77,76,-1.249046
77,77,-2.356194
77,80,0.785398
77,81,1.892547
77,86,-1.249046
77,88,2.356194
77,91,-2.356194
78,8,0.000000
78,15,-0.785398
78,16,-1.892547
78,21,0.321751
78,23,-2.356194
78,24,0.785398
78,49,-1.249046
78,50,3.141593
78,56,0.000000
78,70,-1.570796
78,81,-1.249046
78,82,-2.356194
78,88,-1.570796
79,8,-0.785398
79,21,-1.570796
79,30,-1.249046
79,32,1.892547
79,36,-1.249046
79,37,-2.356194
79,38,3.141593
79,45,0.785398
79,46,1.892547
79,65,0.000000
79,66,3.141593
79,71,0.000000
79,72,1.570796
79,73,2.356194
79,85,0.000000
80,8,0.785398
80,25,-0.785398
80,27,1.892547
80,32,-1.249046
80,33,3.141593
80,46,-1.249046
80,47,3.141593
80,53,-2.356194
80,60,-2.356194
80,78,0.785398
80,79,2.356194
80,86,-1.570796
80,91,3.141593
81,8,-0.321751
81,10,2.356194
81,17,3.141593
81,24,3.141593
81,27,-1.249046
81,28,3.141593
81,41,0.000000
81,48,0.000000
81,49,1.892547
81,55,0.000000
81,62,0.000000
81,70,1.249046
81,81,0.785398
81,82,2.356194
82,19,1.570796
82,23,-1.570796
82,30,1.892547
82,43,0.000000
82,44,1.892547
82,49,-1.249046
82,50,-2.356194
82,65,0.785398
82,66,1.892547
82,75,1.570796
82,76,2.356194
82,78,3.141593
82,81,-0.785398
82,88,0.000000
82,89,1.892547
83,18,0.321751
83,19,-2.819842
83,22,1.570796
83,28,-0.785398
83,44,-1.249046
83,46,1.892547
83,52,0.000000
83,53,1.892547
83,59,-2.356194
83,66,-1.249046
83,67,-2.356194
83,68,0.000000
83,73,-1.892547
83,86,3.141593
83,90,2.819842
84,9,0.785398
84,21,0.321751
84,22,-2.819842
84,25,1.249046
84,26,2.356194
84,32,3.141593
84,46,-1.249046
84,47,-2.356194
84,48,3.141593
84,53,-1.249046
84,54,3.141593
84,61,0.785398
84,75,0.785398
84,79,3.141593
84,82,0.000000
84,90,-1.570796
85,9,-0.321751
85,11,2.356194
85,17,-0.785398
85,18,-2.356194
85,21,-1.570796
85,24,0.321751
85,28,1.892547
85,30,1.570796
85,33,0.000000
85,34,1.892547
85,38,0.000000
85,39,2.356194
85,42,0.000000
85,43,1.892547
85,62,0.000000
86,19,0.785398
86,20,3.141593
86,26,-0.785398
86,30,3.141593
86,35,2.819842
86,64,0.000000
86,65,1.892547
86,71,0.000000
86,73,1.570796
86,77,0.000000
86,78,3.141593
86,85,2.356194
86,91,-1.570796
87,9,0.321751
87,11,2.819842
87,19,-0.785398
87,23,0.321751
87,24,-2.819842
87,39,-0.321751
87,40,2.819842
87,44,-1.249046
87,46,1.892547
87,52,0.000000
87,59,0.000000
87,67,-1.892547
87,82,0.785398
87,84,0.000000
87,85,-2.356194
88,26,0.321751
88,27,-2.819842
88,30,0.000000
88,35,-0.785398
88,37,1.892547
88,46,-1.249046
88,47,-2.356194
88,48,0.785398
88,49,1.892547
88,54,0.000000
88,55,1.892547
88,60,-1.249046
88,65,-0.785398
88,83,-0.785398
88,86,1.570796
88,90,1.570796
89,9,-0.321751
89,11,-2.819842
89,18,1.570796
89,22,0.321751
89,23,-2.819842
89,26,-0.785398
89,33,0.000000
89,38,-2.356194
89,39,-0.785398
89,55,-1.249046
89,56,3.141593
89,62,-2.356194
89,65,2.356194
89,72,0.000000
89,73,2.356194
89,75,-0.785398
89,76,-1.570796
89,77,3.141593
89,80,0.785398
89,84,1.570796
89,87,2.819842
90,18,-2.819842
90,22,-1.570796
90,26,-1.570796
90,29,0.321751
90,30,-2.819842
90,43,2.356194
90,44,0.785398
90,45,1.892547
90,50,-1.249046
90,52,1.892547
90,57,1.570796
90,64,0.000000
90,68,0.321751
90,73,-2.356194
90,78,1.570796
90,81,1.570796
90,84,-0.321751
90,90,0.785398
91,8,1.570796
91,12,2.356194
91,16,-0.785398
91,17,-1.892547
91,29,-1.570796
91,45,-1.249046
91,46,3.141593
91,52,-1.249046
91,57,0.000000
91,68,-1.570796
91,72,3.141593
91,75,0.785398
91,78,-0.321751
91,79,2.819842
91,81,-0.321751
91,82,2.819842
91,91,2.819842
92,28,1.570796
92,31,0.785398
92,35,-0.785398
92,42,2.356194
92,57,-0.785398
92,59,0.000000
92,63,2.356194
92,71,-1.570796
92,76,1.570796
92,79,-1.570796
92,82,-1.570796
92,84,0.000000
92,91,-2.356194
93,20,1.570796
93,23,1.570796
93,27,0.321751
93,28,-2.819842
93,32,-2.356194
93,38,-1.249046
93,40,1.570796
93,49,-2.356194
93,53,0.321751
93,54,-2.819842
93,60,-1.249046
93,63,-2.819842
93,73,1.570796
93,76,-0.321751
93,77,2.819842
93,83,0.000000
93,89,-2.356194
93,91,-1.570796
94,20,-2.819842
94,23,2.356194
94,27,-1.570796
94,35,-1.570796
94,46,1.570796
94,53,-0.785398
94,73,2.356194
94,77,-2.356194
94,86,0.785398
94,89,0.785398
95,22,0.321751
95,23,-2.819842
95,49,1.570796
95,53,0.785398
95,57,2.356194
95,72,0.321751
95,73,-2.819842
95,75,1.570796
95,86,-0.321751
95,87,2.819842
95,89,-0.321751
95,90,2.819842
96,26,-1.570796
96,45,-0.785398
96,53,-0.321751
96,55,2.356194
96,56,-0.785398
96,72,-0.785398
96,87,-2.356194
96,90,-2.356194
97,18,-1.249046
97,19,-2.356194
97,21,-0.785398
97,22,-1.570796
97,23,3.141593
97,31,2.356194
97,39,-1.570796
97,51,1.570796
97,61,-1.570796
97,65,-1.570796
97,69,-1.570796
97,72,-1.570796
97,75,-1.570796
97,77,-1.570796
97,80,-1.570796
97,83,-1.570796
98,25,3.141593
98,28,-1.570796
98,30,-0.785398
98,33,3.141593
98,44,0.000000
98,45,3.141593
98,48,-1.570796
98,51,-1.570796
98,54,-1.570796
98,87,-1.570796
98,90,-1.570796
