5,47,0.785398
5,48,1.570796
5,49,2.356194
6,40,1.249046
6,41,3.141593
7,37,1.249046
7,38,2.356194
8,27,1.249046
8,28,2.356194
8,40,-1.570796
8,59,1.570796
8,60,2.356194
9,37,-2.356194
9,48,0.785398
9,70,0.000000
10,51,0.785398
10,57,-0.321751
10,70,2.356194
11,14,1.249046
11,15,2.356194
11,24,-0.785398
11,43,0.000000
11,44,1.570796
11,45,2.356194
11,60,2.819842
11,84,2.356194
12,28,1.249046
13,14,-1.570796
13,37,2.356194
13,44,0.785398
13,53,-2.356194
13,56,0.785398
13,67,0.000000
13,69,-1.892547
14,46,-0.785398
14,47,-1.892547
14,67,-0.785398
15,25,1.249046
15,40,1.249046
15,42,1.570796
15,44,-1.892547
15,67,2.356194
15,71,-0.321751
16,12,3.141593
16,24,0.321751
16,49,-0.785398
16,53,2.356194
16,55,-0.785398
16,56,-1.892547
16,58,-1.249046
16,60,3.141593
16,74,3.141593
17,29,2.356194
17,32,0.785398
17,40,-1.570796
17,45,1.570796
17,46,2.356194
17,60,-2.356194
17,70,0.785398
17,75,0.000000
17,76,1.570796
17,77,2.356194
17,78,-0.785398
17,79,-1.892547
17,86,3.141593
18,83,0.321751
19,7,0.321751
19,33,-0.785398
19,39,2.356194
19,40,-0.785398
19,51,-0.785398
19,52,-1.570796
19,53,-2.356194
19,54,0.785398
19,55,1.892547
19,57,1.249046
19,58,2.356194
19,59,-0.785398
19,62,2.356194
19,64,0.785398
19,65,1.570796
19,73,-1.249046
19,83,-0.785398
20,7,-1.570796
20,29,2.819842
20,33,0.785398
20,36,0.000000
20,37,-0.785398
20,44,-0.785398
20,45,-1.892547
20,67,-1.249046
20,69,1.570796
20,83,2.356194
21,29,-1.570796
21,35,3.141593
21,40,2.356194
21,41,-0.785398
21,42,-1.892547
21,53,0.000000
21,57,-1.249046
21,58,-2.356194
21,61,2.356194
21,79,2.356194
21,80,0.785398
21,81,1.570796
21,83,3.141593
22,15,2.356194
22,23,0.785398
22,24,2.356194
22,25,-0.785398
22,26,-1.892547
22,37,1.249046
22,46,2.356194
22,48,3.141593
22,83,-2.356194
23,17,1.249046
23,23,-0.785398
23,28,1.249046
23,36,-0.785398
23,37,-1.892547
23,45,-1.570796
23,69,-2.356194
23,88,2.356194
24,23,2.356194
24,59,-0.785398
24,72,-1.249046
24,88,3.141593
25,17,-1.249046
25,22,0.000000
25,23,-2.356194
25,35,2.356194
25,46,0.000000
25,50,3.141593
25,62,-1.570796
25,74,-1.249046
25,88,-2.356194
26,24,0.785398
26,70,0.785398
26,71,1.892547
27,20,-1.570796
27,36,2.819842
27,42,0.000000
27,43,3.141593
27,56,2.356194
27,66,-0.785398
27,72,-2.356194
27,74,0.785398
27,79,-2.356194
27,80,-0.785398
28,12,1.249046
28,19,1.570796
28,22,1.249046
28,36,-2.356194
28,45,0.000000
28,47,3.141593
28,54,0.000000
28,62,2.356194
28,68,-1.570796
28,70,1.570796
28,75,-1.249046
28,87,-0.785398
28,89,2.819842
29,11,0.321751
29,17,0.000000
29,26,-1.892547
29,34,2.356194
29,61,-0.785398
29,65,-1.570796
29,77,-1.249046
29,78,-2.356194
29,79,0.785398
29,80,1.892547
29,89,-2.356194
30,14,-2.819842
30,72,2.356194
30,80,-1.249046
30,82,1.892547
31,9,1.249046
31,11,-1.570796
31,20,-1.570796
31,24,-2.819842
31,27,1.249046
31,32,-1.570796
31,47,0.000000
31,53,3.141593
31,75,0.000000
31,76,0.785398
31,77,1.892547
31,82,-1.249046
31,84,1.892547
31,87,0.785398
31,90,2.819842
32,16,0.785398
32,26,0.000000
32,68,-0.785398
32,77,-1.249046
32,78,-2.356194
32,90,-2.356194
33,6,0.321751
33,13,-0.785398
33,17,0.785398
33,18,3.141593
33,43,0.000000
33,44,3.141593
33,53,0.000000
33,54,3.141593
33,59,2.356194
33,90,2.356194
34,6,-1.570796
34,9,0.000000
34,11,1.892547
34,17,-1.570796
34,20,0.321751
34,38,0.000000
34,39,3.141593
34,68,2.356194
34,75,-1.249046
34,77,1.892547
34,84,0.000000
34,90,-2.819842
35,23,3.141593
35,30,0.000000
35,31,3.141593
35,72,-2.356194
35,77,-1.249046
35,78,3.141593
35,85,0.000000
36,16,-1.570796
36,18,1.249046
36,44,0.000000
36,45,3.141593
36,47,0.000000
36,66,-0.785398
36,72,0.785398
36,79,0.000000
36,80,1.892547
36,83,0.785398
36,87,-2.356194
36,88,-0.785398
36,90,2.819842
37,29,2.356194
37,31,3.141593
37,75,1.249046
37,77,1.892547
37,80,-1.249046
37,81,3.141593
38,11,-0.785398
38,16,0.000000
38,17,-1.892547
38,41,0.000000
38,42,3.141593
38,62,2.356194
38,66,2.356194
38,71,0.785398
38,78,3.141593
38,82,0.000000
38,86,3.141593
38,90,-2.819842
39,11,2.356194
39,19,-1.570796
39,22,1.570796
39,47,0.000000
39,51,3.141593
39,56,0.000000
39,57,3.141593
39,61,-0.785398
39,72,-0.785398
39,73,-1.892547
40,9,1.249046
40,15,-2.819842
40,18,1.570796
40,29,2.819842
40,64,-0.785398
40,77,3.141593
41,7,1.249046
41,13,0.321751
41,17,0.000000
41,18,-2.356194
41,42,0.000000
41,43,3.141593
41,48,0.000000
41,51,3.141593
41,67,-0.785398
41,86,3.141593
41,89,-0.785398
41,90,-2.356194
41,91,3.141593
42,60,2.356194
42,72,0.785398
42,76,3.141593
42,79,0.000000
42,84,0.000000
42,87,0.000000
43,15,1.570796
43,18,0.321751
43,40,0.000000
43,41,3.141593
43,51,0.000000
43,53,3.141593
43,69,-0.785398
43,72,-1.570796
43,78,0.000000
43,81,2.356194
43,88,-1.249046
43,89,3.141593
44,15,-2.819842
44,18,-1.570796
44,43,0.000000
44,46,3.141593
44,57,-0.785398
44,63,3.141593
44,67,2.356194
44,71,-0.785398
44,79,0.000000
44,82,0.000000
45,22,3.141593
45,54,0.000000
45,55,3.141593
45,61,-0.785398
45,65,0.000000
45,75,2.819842
46,4,0.321751
46,15,0.785398
46,17,-1.570796
46,18,3.141593
46,26,1.570796
46,29,2.356194
46,41,0.000000
46,43,3.141593
46,49,0.000000
46,52,3.141593
46,68,0.785398
46,75,-2.356194
46,78,0.785398
46,81,-1.249046
46,82,3.141593
46,88,0.000000
47,4,-0.785398
47,7,-0.785398
47,28,1.570796
47,57,3.141593
47,63,3.141593
47,67,-0.785398
47,71,0.000000
47,72,-1.892547
47,75,0.785398
47,89,-1.249046
47,90,-2.356194
47,91,3.141593
48,4,0.785398
48,25,-1.892547
48,33,0.000000
48,34,3.141593
48,60,0.000000
48,75,0.000000
49,4,-0.321751
49,6,2.356194
49,14,-1.570796
49,16,0.785398
49,17,2.356194
49,21,-1.892547
49,36,1.570796
49,43,0.000000
49,67,1.249046
49,69,-1.892547
49,85,-2.356194
50,16,-0.785398
50,26,1.570796
50,28,-0.785398
50,31,2.356194
50,57,0.000000
50,58,3.141593
50,65,1.249046
50,67,-1.892547
50,71,1.249046
50,72,2.356194
50,73,0.785398
50,75,-2.819842
50,89,1.570796
51,5,-0.321751
51,10,0.000000
51,13,-2.819842
51,16,2.356194
51,19,2.356194
51,23,2.356194
51,25,0.321751
51,26,-2.819842
51,35,0.000000
51,52,0.000000
51,55,3.141593
51,64,0.000000
51,65,-1.892547
51,70,-0.785398
51,71,-1.892547
51,89,-0.785398
51,90,-2.356194
51,91,3.141593
52,21,1.249046
52,23,-2.356194
52,25,-1.570796
52,37,3.141593
52,42,0.000000
52,50,3.141593
52,58,0.785398
52,62,0.000000
52,74,0.000000
52,87,0.785398
52,88,2.356194
53,24,0.000000
53,28,1.249046
53,32,2.356194
53,53,0.000000
53,55,3.141593
53,59,0.000000
53,60,3.141593
53,66,0.000000
54,5,0.321751
54,24,-1.570796
54,32,-2.819842
54,35,0.000000
54,36,3.141593
54,58,3.141593
54,62,1.249046
54,63,2.356194
54,68,2.356194
55,5,-1.570796
55,26,0.000000
55,39,0.000000
55,55,3.141593
55,61,0.000000
55,62,-1.892547
55,66,0.000000
55,67,-1.892547
55,86,3.141593
55,90,-1.570796
56,25,0.785398
56,35,3.141593
56,69,0.000000
56,70,-2.356194
56,82,0.000000
56,91,-2.356194
57,8,-0.785398
57,23,1.570796
57,24,3.141593
57,26,0.785398
57,37,0.000000
57,39,3.141593
57,56,-0.785398
57,57,-1.892547
57,62,0.000000
57,68,0.000000
57,71,0.785398
57,72,3.141593
57,74,-1.249046
57,75,3.141593
57,83,-1.570796
58,15,-2.356194
58,26,-0.785398
58,31,-1.892547
58,41,0.000000
58,60,3.141593
59,17,-2.819842
59,23,-2.819842
59,36,2.356194
59,72,-2.356194
59,85,0.000000
59,86,1.892547
60,8,1.249046
60,16,-1.570796
60,25,1.570796
60,29,-2.819842
60,31,1.570796
60,57,-0.785398
60,58,-1.570796
60,59,-2.356194
60,66,1.249046
61,7,0.321751
61,22,-2.819842
61,24,0.321751
61,25,-2.819842
61,27,0.321751
61,35,-2.356194
61,64,1.249046
61,76,3.141593
62,17,0.321751
62,24,-1.570796
62,27,-1.570796
62,33,-1.570796
62,36,0.000000
62,37,1.570796
62,38,2.356194
62,39,0.785398
62,40,1.892547
62,59,0.785398
62,60,1.570796
62,61,2.356194
62,72,0.000000
62,73,1.892547
62,89,2.819842
63,9,1.570796
63,26,1.570796
63,29,-0.785398
63,41,-2.356194
63,47,0.785398
63,48,1.570796
63,49,2.356194
63,73,-1.249046
63,74,3.141593
63,89,-1.570796
64,17,-2.819842
64,25,0.321751
64,26,-2.819842
64,31,1.570796
64,37,-0.321751
64,61,-2.356194
64,78,0.785398
65,5,0.321751
65,9,-1.570796
65,10,3.141593
65,16,-1.892547
65,22,1.570796
65,30,0.321751
65,31,-2.819842
65,42,1.249046
65,43,2.356194
65,44,0.785398
65,45,1.570796
65,46,2.356194
65,47,-0.785398
65,48,-2.356194
65,55,0.785398
65,56,1.570796
65,57,2.356194
65,58,-0.785398
65,59,-1.892547
65,65,-1.570796
65,86,-1.570796
65,90,-1.570796
66,5,-0.785398
66,18,0.321751
66,22,-2.819842
66,24,0.321751
66,30,-1.570796
66,35,-1.570796
66,38,-1.570796
66,81,3.141593
67,14,2.356194
67,18,-1.570796
67,21,-1.570796
67,26,0.000000
67,37,-0.785398
67,40,-1.570796
67,60,1.249046
67,62,-1.892547
67,74,0.785398
67,78,-2.356194
68,14,-2.819842
68,23,0.321751
68,26,2.356194
68,28,0.321751
68,30,3.141593
68,42,-0.785398
68,46,-2.356194
68,47,0.785398
68,48,1.570796
68,49,2.356194
68,50,0.785398
68,51,1.570796
68,52,2.356194
68,56,-0.785398
68,70,0.785398
68,86,-2.356194
69,17,2.356194
69,23,-1.570796
69,28,-1.570796
69,31,-2.356194
69,34,1.570796
69,71,-2.356194
70,6,0.000000
70,15,1.570796
70,17,-2.356194
70,22,1.570796
70,27,0.000000
70,30,1.570796
70,37,-0.785398
70,48,2.356194
70,58,0.785398
70,61,-1.570796
70,73,0.785398
70,77,-2.356194
70,82,2.356194
70,83,0.785398
70,84,1.892547
70,87,0.785398
71,22,-2.819842
71,24,0.321751
71,25,-2.819842
71,29,0.321751
71,30,-2.819842
71,39,-0.785398
71,43,3.141593
71,47,0.000000
71,59,3.141593
71,69,0.785398
71,74,1.570796
71,81,-0.785398
72,13,3.141593
72,24,-0.785398
72,29,-0.785398
72,32,-0.785398
72,42,-1.570796
72,60,-2.356194
72,70,0.000000
72,71,1.892547
72,74,-0.321751
72,75,2.819842
72,78,0.785398
72,82,1.570796
72,86,2.819842
73,6,0.321751
73,18,-2.819842
73,24,2.356194
73,29,2.356194
73,40,0.000000
73,44,0.785398
73,67,0.785398
73,75,-1.570796
73,82,-0.321751
73,83,2.819842
73,86,-1.570796
73,90,1.570796
74,6,-0.785398
74,14,-0.785398
74,17,-0.785398
74,23,0.321751
74,24,-2.819842
74,28,0.321751
74,29,-2.819842
74,31,1.570796
74,35,2.356194
74,43,-0.785398
74,45,-2.356194
74,48,-0.785398
74,51,2.356194
74,83,-1.570796
74,90,-0.321751
74,91,2.819842
75,14,2.356194
75,23,-0.785398
75,28,-0.785398
75,39,2.356194
75,50,-0.785398
75,58,-0.785398
75,60,-2.356194
75,74,2.819842
75,77,1.570796
75,81,1.570796
75,91,-2.356194
76,13,0.321751
76,14,-2.819842
76,20,2.356194
76,23,-1.570796
76,31,2.356194
76,34,2.356194
76,38,3.141593
76,42,2.356194
76,45,2.356194
76,62,0.785398
76,67,0.785398
76,74,-1.570796
76,77,-0.321751
76,78,2.819842
76,81,-0.321751
76,89,1.570796
77,16,0.785398
77,30,0.321751
77,31,-2.819842
77,33,0.321751
77,34,-2.819842
77,78,-1.570796
77,83,2.819842
77,90,-2.356194
78,12,0.321751
78,13,-2.819842
78,19,-1.892547
78,21,0.785398
78,22,2.356194
78,24,1.570796
78,33,-0.785398
78,36,0.321751
78,37,-2.819842
78,40,-0.785398
78,56,0.000000
78,57,3.141593
78,65,-2.356194
78,83,-1.570796
79,6,0.785398
79,24,-2.819842
79,29,0.321751
79,30,-2.819842
79,46,2.356194
79,54,2.356194
79,88,1.570796
80,6,0.000000
80,11,-0.785398
80,12,-2.356194
80,21,-2.819842
80,23,-0.785398
80,29,-0.785398
80,35,0.321751
80,36,-2.819842
80,53,-0.785398
80,62,0.785398
80,68,1.570796
80,88,-0.321751
81,6,-0.785398
81,17,-1.570796
81,29,2.356194
81,38,1.570796
81,48,1.570796
81,90,2.819842
82,16,1.570796
82,19,-0.785398
82,28,0.321751
82,29,-2.819842
82,34,0.321751
82,35,-2.819842
82,41,-0.785398
82,51,2.356194
82,55,0.000000
82,58,3.141593
82,73,-2.356194
82,79,1.570796
82,87,1.570796
82,90,-1.570796
83,12,0.321751
83,16,-2.819842
83,25,2.356194
83,47,1.570796
83,60,0.000000
83,61,0.785398
83,76,0.785398
83,79,-0.321751
83,84,1.570796
83,87,-0.321751
83,91,-2.356194
84,24,0.321751
84,25,-2.819842
84,27,0.321751
84,28,-2.819842
84,31,2.356194
84,33,0.321751
84,34,-2.819842
84,37,2.356194
84,46,0.321751
84,47,-2.819842
84,50,2.356194
84,53,1.570796
84,62,-1.570796
84,72,1.570796
84,76,-0.321751
84,84,-0.321751
85,14,-1.892547
85,24,-0.785398
85,27,-0.785398
85,30,0.321751
85,36,0.321751
85,37,-2.819842
85,46,-1.570796
85,49,0.000000
85,56,2.356194
85,72,0.000000
85,78,2.819842
85,90,2.819842
86,17,1.570796
86,30,-1.570796
86,33,-2.819842
86,36,-0.785398
86,48,-0.785398
86,55,-0.785398
86,59,0.785398
86,72,-0.785398
86,75,1.570796
86,78,-1.570796
86,83,2.819842
87,16,0.321751
87,17,-2.819842
87,20,2.356194
87,32,-0.785398
87,52,-1.570796
87,60,0.000000
87,61,1.892547
87,65,0.000000
87,66,1.892547
87,73,1.570796
87,75,-0.785398
87,76,3.141593
87,83,-2.356194
87,91,2.819842
88,7,0.000000
88,23,2.356194
88,38,1.570796
88,54,1.570796
88,61,-1.249046
88,62,3.141593
88,70,0.785398
88,73,-0.321751
88,91,-2.356194
89,15,0.000000
89,16,-1.570796
89,21,0.785398
89,35,-1.570796
89,47,1.570796
89,49,1.570796
89,51,1.570796
89,54,-1.570796
89,56,0.785398
89,74,-1.570796
89,81,1.570796
89,84,0.000000
89,85,1.892547
90,8,0.000000
90,31,0.321751
90,33,3.141593
90,49,-1.570796
90,57,0.000000
90,75,1.570796
90,81,-0.321751
91,8,-0.785398
91,21,0.000000
91,28,2.356194
91,31,-0.785398
91,58,-2.356194
91,64,-1.570796
91,69,-2.356194
91,73,2.819842
91,76,3.141593
92,18,2.356194
92,21,-0.785398
92,23,0.785398
92,31,2.356194
92,37,0.785398
92,73,-1.570796
92,80,1.570796
92,90,3.141593
93,17,0.321751
93,23,-0.785398
93,30,0.321751
93,31,-2.819842
93,37,-0.785398
93,38,3.141593
93,40,2.356194
93,43,-1.570796
93,48,1.570796
93,55,0.785398
93,60,3.141593
93,65,0.785398
93,70,0.000000
93,80,-0.321751
93,87,-1.570796
93,90,-2.356194
94,20,2.356194
94,23,0.785398
94,26,2.356194
94,30,-0.785398
94,33,2.356194
94,40,-2.819842
94,67,3.141593
94,71,-1.570796
95,16,-0.785398
95,23,0.000000
95,26,3.141593
95,32,0.321751
95,33,-2.819842
95,36,2.356194
95,48,2.356194
95,50,1.570796
95,53,-2.356194
95,57,1.570796
95,62,0.785398
95,76,1.570796
95,79,1.570796
95,90,-1.570796
96,18,-1.249046
96,23,-0.785398
96,32,-0.785398
96,35,0.321751
96,36,-2.819842
96,38,0.321751
96,39,-2.819842
96,47,0.321751
96,48,-2.819842
96,50,0.785398
96,58,3.141593
96,63,-2.356194
96,77,3.141593
96,80,2.819842
96,83,-1.249046
96,85,2.356194
96,88,2.819842
97,29,2.356194
97,32,-1.570796
97,35,-0.785398
97,38,-0.785398
97,41,1.570796
97,47,-0.785398
97,50,-0.785398
97,51,3.141593
97,55,1.570796
97,78,-0.785398
97,80,-2.356194
98,24,-0.785398
98,25,-1.892547
98,28,-0.785398
98,35,-1.570796
98,38,-1.570796
98,41,-1.570796
98,43,-0.785398
98,47,-1.570796
98,49,-0.785398
98,52,-2.356194
98,55,-1.570796
98,61,3.141593
98,74,-1.570796
98,86,-2.356194
98,87,-0.785398
