5,34,0.785398
5,35,1.570796
5,36,2.356194
5,41,0.785398
5,42,2.356194
5,58,1.249046
5,59,3.141593
5,68,2.356194
6,24,1.570796
6,42,-2.356194
6,50,2.819842
6,55,2.356194
6,57,-0.785398
6,66,0.321751
7,15,1.249046
7,16,2.356194
7,21,0.785398
7,22,1.570796
7,24,3.141593
7,47,0.321751
7,66,-0.785398
7,73,0.785398
7,74,2.356194
8,34,0.321751
8,41,0.321751
8,47,-1.570796
8,50,3.141593
9,22,-0.321751
9,24,-2.819842
9,34,-0.785398
9,37,2.819842
9,41,-0.785398
9,45,0.785398
9,52,1.249046
10,10,1.570796
10,14,-1.570796
10,46,-1.249046
10,47,-2.356194
10,49,-0.785398
10,62,0.000000
10,63,1.892547
10,65,1.570796
10,74,2.819842
11,9,0.321751
11,15,0.000000
11,16,1.570796
11,23,0.785398
11,32,1.249046
11,33,2.356194
11,34,-0.785398
11,35,-1.570796
11,58,1.570796
11,63,-1.249046
11,65,3.141593
11,70,-0.321751
11,74,-2.356194
12,9,-0.785398
12,23,-0.785398
12,24,3.141593
12,42,-0.785398
12,43,-2.356194
12,59,3.141593
13,32,-1.249046
13,33,-2.356194
13,34,0.785398
13,35,1.570796
13,37,-1.892547
13,45,0.785398
13,46,1.892547
13,52,3.141593
13,60,1.570796
13,66,-2.356194
13,71,-0.321751
14,46,-1.249046
14,47,3.141593
14,60,0.000000
14,68,1.570796
14,74,3.141593
15,20,2.356194
15,34,0.000000
15,35,-1.570796
15,36,-2.356194
15,49,0.785398
15,50,1.892547
15,57,0.785398
15,58,1.892547
15,60,-1.570796
15,63,0.000000
15,64,1.892547
15,68,-0.321751
15,75,0.000000
15,76,1.892547
16,50,-1.249046
16,52,1.892547
17,9,2.356194
17,16,0.000000
17,17,1.570796
17,52,-1.249046
17,54,1.892547
17,59,-1.249046
17,61,1.892547
17,82,0.000000
17,83,-1.570796
17,84,3.141593
18,43,3.141593
18,46,0.000000
18,47,1.570796
18,48,2.356194
18,54,-1.249046
18,55,3.141593
18,81,2.356194
19,30,1.249046
19,31,2.356194
19,34,0.785398
19,56,0.000000
19,57,1.892547
19,62,-1.249046
19,63,3.141593
20,6,0.321751
20,13,2.356194
20,17,-0.785398
20,18,-1.892547
20,29,-0.785398
20,30,-1.892547
20,35,-1.249046
20,36,3.141593
20,49,-0.785398
20,50,-1.570796
20,51,3.141593
20,57,-1.249046
20,58,3.141593
20,65,0.785398
20,66,2.356194
20,81,3.141593
21,6,-1.570796
21,52,0.000000
21,53,1.892547
21,69,-1.249046
21,70,3.141593
22,11,-0.785398
22,54,3.141593
22,61,0.000000
22,62,1.892547
22,66,-0.321751
22,71,1.570796
22,81,-2.819842
23,43,3.141593
23,52,1.570796
23,56,0.785398
23,57,1.892547
23,72,3.141593
24,14,0.785398
24,16,1.249046
24,17,2.356194
24,57,-1.249046
24,58,3.141593
24,69,2.819842
24,73,1.570796
25,59,0.000000
25,60,1.892547
25,62,1.570796
25,64,-1.249046
25,65,3.141593
25,69,-2.356194
25,73,-0.785398
25,74,3.141593
25,82,0.785398
25,83,1.892547
26,39,2.356194
26,40,3.141593
26,43,0.000000
26,44,3.141593
26,53,-1.249046
26,54,-2.356194
26,55,3.141593
26,71,1.249046
26,72,3.141593
26,75,1.570796
26,79,0.000000
26,80,2.356194
26,85,0.000000
27,5,0.785398
27,18,1.570796
27,19,3.141593
27,30,1.249046
27,31,2.356194
27,33,3.141593
27,38,-0.785398
27,48,1.570796
27,57,0.785398
27,60,-1.570796
27,67,0.000000
27,68,-0.785398
27,75,-0.321751
28,5,0.000000
28,7,0.785398
28,8,1.570796
28,9,2.356194
28,10,0.785398
28,29,-0.785398
28,30,-1.892547
28,63,-1.249046
28,64,-2.356194
29,18,2.356194
29,70,-0.785398
29,72,0.000000
29,73,1.892547
30,4,0.321751
30,18,-2.819842
30,22,1.249046
30,23,3.141593
30,31,0.000000
30,34,3.141593
30,38,-1.570796
30,84,2.819842
31,4,-1.570796
31,6,1.570796
31,16,-0.785398
31,17,-1.892547
31,29,3.141593
31,56,0.000000
31,69,1.570796
31,84,-2.356194
32,7,3.141593
32,14,-0.785398
32,20,0.000000
32,21,-1.892547
32,26,1.249046
32,27,3.141593
32,32,2.356194
32,35,1.570796
32,46,-0.785398
32,60,3.141593
32,66,0.000000
32,68,-0.785398
32,71,0.785398
33,8,0.785398
33,10,-1.892547
33,24,1.249046
33,38,0.000000
33,46,2.356194
33,49,0.000000
33,72,1.570796
33,81,-1.570796
34,3,0.785398
34,17,1.249046
34,18,3.141593
34,24,-1.892547
34,27,0.000000
34,45,0.321751
34,46,-2.819842
34,49,2.356194
34,62,1.570796
34,72,-0.321751
34,78,2.819842
34,82,-2.356194
35,3,-0.321751
35,5,2.356194
35,8,-2.819842
35,11,1.249046
35,22,-1.570796
35,45,-1.570796
35,48,0.321751
35,49,-2.819842
35,65,0.000000
35,67,3.141593
35,69,0.000000
35,78,-1.570796
35,84,0.785398
36,20,1.249046
36,21,3.141593
36,25,1.570796
36,28,2.356194
36,32,2.356194
36,37,2.356194
36,41,0.000000
36,48,-0.785398
36,53,0.000000
36,55,1.249046
36,56,2.356194
36,62,-1.570796
36,84,-0.321751
37,3,0.321751
37,10,-1.892547
37,12,-0.785398
37,20,-1.892547
37,30,1.249046
37,31,3.141593
37,34,0.000000
37,39,0.000000
37,44,-1.570796
37,57,2.356194
37,76,2.819842
37,89,2.356194
38,3,-0.785398
38,23,0.000000
38,35,0.000000
38,40,0.000000
38,48,0.785398
38,51,1.570796
38,55,-1.249046
38,65,0.000000
38,69,0.785398
38,76,-1.570796
38,81,1.570796
38,89,3.141593
39,8,2.356194
39,12,1.249046
39,13,3.141593
39,16,1.249046
39,18,-2.356194
39,28,0.785398
39,30,-2.356194
39,51,3.141593
39,62,3.141593
39,70,-2.356194
39,82,3.141593
39,86,-0.785398
39,89,-2.356194
40,8,-2.819842
40,11,0.321751
40,21,2.356194
40,25,-1.570796
40,43,1.570796
40,47,0.321751
40,51,-2.356194
40,78,1.570796
40,83,1.570796
41,6,0.321751
41,11,-1.570796
41,14,0.321751
41,21,-2.356194
41,34,2.356194
41,47,-0.785398
41,69,0.785398
41,78,-0.321751
41,79,2.819842
41,84,-2.356194
41,88,-0.785398
41,90,2.819842
42,2,0.785398
42,6,-1.570796
42,14,-1.570796
42,28,2.356194
42,31,0.000000
42,69,-0.321751
42,79,-1.570796
43,2,-0.321751
43,4,2.356194
43,13,1.570796
43,16,0.321751
43,25,-0.785398
43,27,0.000000
43,30,1.570796
43,35,0.000000
43,47,0.785398
43,52,3.141593
43,58,1.249046
43,59,2.356194
43,60,3.141593
43,80,1.570796
43,86,0.785398
43,90,3.141593
44,13,-2.819842
44,16,-1.570796
44,19,1.570796
44,29,0.321751
44,47,-0.321751
44,49,2.356194
44,50,0.000000
44,56,0.000000
44,57,-0.785398
44,66,0.785398
44,67,1.892547
44,76,0.000000
44,80,-0.321751
44,81,2.819842
44,86,-0.321751
44,88,3.141593
45,11,0.321751
45,15,1.570796
45,21,1.570796
45,24,2.356194
45,26,0.785398
45,32,-2.819842
45,51,0.000000
45,53,-2.356194
45,60,2.356194
45,61,3.141593
45,64,-0.785398
45,67,-1.249046
45,68,3.141593
45,84,0.785398
45,91,2.819842
46,7,1.570796
46,11,-0.785398
46,14,0.321751
46,20,-0.785398
46,23,-0.785398
46,31,-0.785398
46,49,1.570796
46,57,1.249046
46,59,-1.892547
46,69,1.570796
46,74,2.819842
46,77,-0.321751
46,82,2.819842
46,85,1.570796
46,87,-0.785398
47,6,0.321751
47,11,2.356194
47,25,0.321751
47,31,2.356194
47,49,-0.785398
47,50,-2.356194
47,55,0.000000
47,56,-0.785398
47,57,-1.892547
47,69,-0.321751
47,80,3.141593
47,82,-1.570796
47,91,-2.819842
48,6,-0.785398
48,8,0.000000
48,9,1.570796
48,11,-2.356194
48,25,-1.570796
48,27,-2.356194
48,30,0.321751
48,31,-2.819842
48,44,1.570796
48,53,3.141593
48,61,0.000000
48,71,2.819842
48,75,3.141593
48,83,0.785398
49,19,2.356194
49,22,2.356194
49,30,-0.785398
49,45,-2.356194
49,51,-0.785398
49,56,1.249046
49,57,2.356194
49,58,3.141593
49,71,-1.570796
49,76,1.570796
49,79,-0.321751
49,80,2.819842
49,83,-0.785398
49,90,0.785398
50,2,0.785398
50,5,0.000000
50,6,-1.570796
50,9,-2.819842
50,11,0.321751
50,21,-0.785398
50,49,3.141593
50,55,-0.785398
50,56,-1.892547
50,67,0.785398
50,68,2.356194
50,76,-0.321751
50,77,2.819842
50,91,2.819842
51,2,-0.321751
51,4,3.141593
51,11,-0.785398
51,14,-2.356194
51,18,2.356194
51,40,-2.356194
51,46,0.000000
51,52,0.000000
51,67,-0.785398
51,80,-0.321751
51,83,-1.570796
51,84,3.141593
51,91,-2.356194
52,7,0.321751
52,8,-2.819842
52,17,0.321751
52,18,-2.819842
52,20,1.570796
52,50,2.356194
52,61,0.785398
52,62,1.570796
52,63,2.356194
52,64,0.785398
52,65,1.892547
52,68,-0.785398
52,77,-0.321751
53,7,-0.785398
53,20,2.356194
53,26,-1.570796
53,48,0.000000
53,66,2.819842
53,89,-0.321751
54,2,0.321751
54,4,2.819842
54,16,0.321751
54,17,-2.819842
54,19,0.321751
54,20,-2.819842
54,45,2.356194
54,57,0.000000
54,62,0.000000
54,90,-2.356194
55,2,-0.785398
55,4,-2.356194
55,16,-0.785398
55,19,-0.785398
55,23,0.785398
55,25,2.356194
55,44,-0.785398
55,53,1.570796
55,66,-0.321751
55,67,2.819842
55,79,-0.321751
55,86,0.785398
56,4,2.356194
56,12,0.785398
56,23,0.000000
56,35,2.356194
56,42,2.356194
56,53,-1.570796
56,60,-0.785398
56,61,-1.570796
56,64,2.819842
57,6,2.356194
57,9,2.356194
57,12,-0.785398
57,14,1.570796
57,15,3.141593
57,29,0.785398
57,33,0.785398
57,41,-0.785398
57,55,0.000000
57,56,0.785398
57,57,2.356194
57,64,-1.570796
57,68,2.819842
57,80,-0.785398
57,88,0.785398
57,89,3.141593
58,3,-0.785398
58,6,-2.819842
58,8,0.321751
58,11,1.570796
58,23,-0.321751
58,24,2.819842
58,29,0.000000
58,47,2.356194
58,65,0.000000
58,66,2.356194
58,68,-2.356194
58,81,1.570796
59,5,-0.785398
59,11,-2.819842
59,24,-2.356194
59,29,-0.785398
59,36,0.000000
59,37,3.141593
59,42,3.141593
59,45,0.000000
59,57,-0.785398
59,58,-2.356194
59,59,3.141593
59,81,-0.321751
59,88,-1.570796
59,89,3.141593
60,5,2.356194
60,7,0.321751
60,8,-2.819842
60,10,-0.785398
60,30,1.570796
60,35,-2.356194
60,54,0.000000
60,69,2.819842
60,73,0.785398
61,2,0.785398
61,5,-2.819842
61,7,-0.785398
61,24,2.356194
61,30,0.000000
61,32,-0.785398
61,33,-1.892547
61,37,0.000000
61,45,2.356194
61,73,-0.321751
61,74,2.819842
62,2,0.000000
62,10,2.356194
62,24,-2.356194
62,30,-0.785398
62,40,2.356194
62,67,-1.570796
62,70,2.819842
62,79,1.570796
62,86,-1.570796
62,87,3.141593
63,2,-0.785398
63,7,2.356194
63,9,0.321751
63,10,-2.819842
63,18,-1.570796
63,22,-0.785398
63,39,-0.785398
63,60,0.785398
63,65,0.785398
63,70,-1.570796
63,74,0.000000
63,76,1.892547
63,79,-0.321751
63,80,2.819842
63,84,-0.785398
64,2,0.785398
64,6,-0.785398
64,7,-2.356194
64,34,2.356194
64,37,2.356194
64,53,-0.785398
64,61,-1.570796
64,68,-2.819842
64,74,-0.785398
64,77,2.819842
64,80,-2.356194
64,84,0.785398
64,91,-1.570796
65,2,-0.321751
65,9,-2.819842
65,36,-0.785398
65,42,-0.785398
65,46,0.000000
65,48,3.141593
65,84,-0.321751
65,85,2.819842
66,5,2.819842
66,8,-0.785398
66,30,-0.785398
66,67,-0.321751
66,68,2.819842
66,77,3.141593
66,85,-1.570796
67,3,-0.785398
67,5,-2.356194
67,18,2.356194
67,24,-0.785398
67,25,-1.570796
67,26,-2.356194
67,35,2.356194
67,58,0.785398
67,68,-2.356194
67,77,-2.356194
68,3,2.356194
68,32,0.785398
68,59,-1.570796
68,86,0.785398
69,2,0.321751
69,5,2.356194
69,31,-0.785398
69,33,-0.785398
69,60,1.570796
69,86,0.000000
69,90,2.356194
70,2,-0.785398
70,5,-2.819842
70,27,0.785398
70,29,2.356194
70,38,2.356194
70,60,-0.321751
70,61,2.819842
70,74,1.570796
70,82,0.785398
70,86,-1.570796
70,88,0.785398
71,2,0.785398
71,16,0.321751
71,19,1.570796
71,20,2.356194
71,22,2.356194
71,28,-2.356194
71,41,3.141593
71,48,1.249046
71,49,2.356194
71,51,0.785398
71,52,1.570796
71,53,2.356194
71,54,3.141593
71,61,-1.570796
71,76,1.570796
71,82,-0.785398
71,84,1.570796
71,85,3.141593
72,7,2.356194
72,16,-0.785398
72,27,0.785398
72,36,-2.356194
72,43,0.785398
72,46,2.356194
72,57,0.785398
72,81,3.141593
72,87,0.000000
72,88,-2.356194
73,7,3.141593
73,20,-0.785398
73,26,0.785398
73,28,2.356194
73,35,-2.356194
73,42,0.000000
73,48,-2.356194
73,67,1.570796
73,85,0.000000
73,86,2.356194
73,89,0.000000
74,4,-0.785398
74,7,-2.356194
74,27,-2.356194
74,43,-0.785398
74,45,-2.356194
74,53,0.785398
74,67,-0.321751
74,68,2.819842
74,86,-2.356194
74,90,-2.356194
75,16,-0.785398
75,24,0.321751
75,26,-2.356194
75,36,0.785398
75,37,2.356194
75,40,-1.570796
75,44,0.000000
75,53,-0.321751
75,56,2.356194
75,68,-2.356194
75,73,1.570796
75,81,0.785398
76,24,-0.785398
76,32,-2.356194
76,34,0.785398
76,35,3.141593
76,37,-1.570796
76,73,-0.321751
76,76,-1.570796
76,78,1.892547
76,81,-0.785398
76,87,1.570796
77,3,0.785398
77,7,2.356194
77,27,1.570796
77,34,-0.785398
77,55,-2.356194
77,80,3.141593
77,83,-1.570796
77,87,-0.321751
78,3,0.000000
78,7,3.141593
78,18,1.249046
78,19,2.356194
78,20,0.785398
78,21,1.570796
78,22,2.356194
78,27,-2.819842
78,30,-0.785398
78,44,0.785398
78,68,0.321751
78,70,2.819842
79,3,-0.785398
79,13,2.819842
79,17,0.321751
79,42,1.570796
79,45,2.819842
79,56,0.000000
79,60,0.785398
79,65,0.785398
79,68,-1.570796
79,70,-1.570796
79,75,1.570796
80,30,2.356194
80,42,0.000000
80,45,-2.356194
80,49,0.785398
80,61,-2.356194
80,62,3.141593
80,65,-0.321751
80,67,3.141593
80,75,0.000000
80,82,1.249046
80,84,-1.570796
80,86,1.892547
80,89,-0.785398
81,3,0.785398
81,5,1.249046
81,13,-2.819842
81,16,0.321751
81,18,2.819842
81,28,2.356194
81,42,-0.785398
81,50,3.141593
81,53,0.785398
81,54,1.892547
81,57,3.141593
81,75,-0.785398
81,77,2.356194
81,89,2.356194
82,3,-0.321751
82,16,-1.570796
82,18,-2.356194
82,21,0.785398
82,35,2.356194
82,51,0.785398
82,52,3.141593
82,57,-1.570796
82,71,0.785398
82,79,0.785398
82,87,-1.249046
82,89,-2.356194
83,12,2.356194
83,21,0.000000
83,34,-0.785398
83,35,-2.356194
83,54,-1.570796
83,66,-1.570796
83,68,1.892547
83,71,-0.785398
84,12,3.141593
84,16,1.570796
84,18,2.356194
84,21,-0.785398
84,31,-0.785398
84,49,0.785398
84,51,-0.785398
84,53,2.356194
84,64,-0.785398
84,70,3.141593
84,73,-1.570796
84,78,-1.249046
84,82,-1.892547
85,4,0.785398
85,6,1.249046
85,12,-2.356194
85,18,3.141593
85,50,0.000000
85,84,0.785398
86,53,-0.321751
86,54,2.819842
86,69,0.785398
86,91,-2.356194
87,8,3.141593
87,11,0.321751
87,17,0.321751
87,19,2.819842
87,22,-0.785398
87,24,0.000000
87,37,1.570796
87,41,0.785398
87,44,0.785398
87,48,1.570796
87,54,-1.570796
87,69,-0.785398
87,70,-2.356194
87,72,0.785398
87,75,-2.356194
87,82,0.785398
88,5,0.321751
88,11,-0.785398
88,14,-2.356194
88,17,-0.785398
88,19,-2.356194
88,25,-2.356194
88,37,-0.321751
88,38,2.819842
88,41,-0.321751
88,44,-0.785398
88,45,3.141593
88,49,2.819842
88,51,-1.570796
88,55,1.570796
88,66,0.000000
88,67,1.570796
88,68,3.141593
89,38,-1.570796
89,46,0.785398
89,47,3.141593
89,55,-0.321751
89,89,-2.356194
89,90,3.141593
90,4,0.321751
90,17,0.785398
90,23,0.785398
90,25,2.356194
90,42,-0.785398
90,46,-0.785398
90,49,-0.785398
90,50,3.141593
90,56,-1.249046
90,57,3.141593
90,62,0.000000
91,4,-0.785398
91,9,0.785398
91,12,2.819842
91,17,0.000000
91,20,2.819842
91,25,3.141593
91,47,0.785398
91,48,3.141593
91,68,0.000000
91,69,1.892547
92,9,-0.785398
92,12,-1.570796
92,15,0.785398
92,20,-1.570796
92,25,-2.356194
92,47,-0.785398
92,52,0.000000
92,76,0.000000
92,77,1.892547
92,83,3.141593
92,86,-1.570796
93,13,1.570796
93,18,2.819842
93,21,1.570796
93,25,2.356194
93,36,1.570796
93,53,-1.570796
93,65,-1.570796
93,70,-1.249046
93,71,3.141593
93,84,0.000000
93,90,3.141593
94,13,-0.321751
94,18,-2.356194
94,21,-0.321751
94,23,2.356194
94,31,0.000000
94,37,2.819842
94,41,1.570796
94,72,1.570796
94,86,2.819842
95,32,-1.570796
95,34,1.249046
95,35,3.141593
95,37,-1.570796
95,41,-0.321751
95,44,2.356194
95,72,0.000000
95,74,0.785398
95,79,0.785398
96,10,0.785398
96,13,0.000000
96,15,2.819842
96,25,-1.570796
96,44,-2.356194
96,61,0.000000
96,67,0.785398
96,81,0.785398
96,82,1.570796
96,83,2.356194
96,85,-0.785398
96,86,-1.570796
96,87,-2.356194
96,89,3.141593
97,15,-1.570796
97,21,-0.785398
97,22,-1.570796
97,23,-2.356194
97,32,-0.785398
97,33,-1.892547
97,57,-2.356194
97,61,-1.570796
97,71,-0.785398
97,78,-0.785398
97,79,-1.892547
98,9,-0.785398
98,10,-1.892547
98,16,-2.356194
98,47,-2.356194
98,54,-1.249046
98,55,-2.356194
98,66,-0.785398
98,67,-1.892547
98,83,-2.356194
