7,5,1.249046
7,6,3.141593
9,3,0.321751
10,3,-0.785398
12,44,1.249046
12,45,2.356194
14,23,1.249046
14,24,2.356194
14,42,-0.785398
14,69,2.356194
15,21,0.000000
18,22,2.356194
18,64,0.321751
19,64,-1.570796
20,81,3.141593
21,19,0.321751
22,19,-1.570796
22,45,0.785398
22,49,1.249046
22,51,1.570796
23,56,1.249046
23,58,1.570796
23,60,1.570796
24,40,1.892547
24,53,-1.570796
24,54,-2.356194
24,82,2.356194
25,17,0.000000
25,18,-1.570796
25,19,3.141593
25,56,-1.249046
25,64,-1.892547
25,66,-2.356194
26,15,1.249046
26,16,3.141593
26,38,0.000000
26,50,-2.356194
27,13,0.000000
27,66,2.356194
28,30,0.785398
28,32,1.249046
28,33,2.356194
28,34,0.785398
28,35,1.570796
28,36,2.356194
28,52,1.570796
28,53,2.356194
28,57,-0.785398
28,58,-1.570796
28,60,-1.570796
28,61,-2.356194
29,30,0.000000
29,69,1.249046
29,71,-1.892547
30,35,-0.321751
30,49,0.785398
30,54,1.249046
30,55,2.356194
31,38,-1.570796
31,39,-2.356194
31,59,0.785398
31,60,2.356194
31,63,0.785398
31,64,1.570796
31,65,2.356194
32,36,-1.892547
32,55,0.000000
32,59,-0.785398
32,61,0.000000
32,62,2.356194
32,71,2.356194
32,73,0.785398
33,14,2.356194
33,32,-0.321751
33,43,-0.785398
33,56,-2.356194
33,62,-2.356194
33,85,2.819842
34,13,0.321751
34,40,-0.785398
34,41,-1.892547
34,62,0.785398
34,68,-0.321751
34,71,2.819842
34,85,-1.570796
35,13,-0.785398
35,37,3.141593
35,51,2.819842
35,62,-0.321751
35,63,2.819842
35,71,-2.356194
35,74,0.785398
36,36,-1.892547
36,41,1.249046
36,42,2.356194
36,43,-0.785398
36,48,-2.356194
36,51,-2.356194
36,55,-0.785398
36,60,0.785398
36,63,-2.356194
36,65,0.785398
36,69,0.785398
36,74,-0.321751
36,75,2.819842
37,13,2.356194
37,34,-1.892547
37,39,1.249046
37,58,2.819842
37,60,-0.321751
37,61,2.819842
37,63,0.785398
37,69,-0.321751
37,72,2.819842
37,75,-2.356194
38,12,0.321751
38,37,0.785398
38,45,0.000000
38,48,-1.570796
38,58,-2.356194
38,61,-2.356194
38,63,-0.321751
38,67,2.819842
38,72,-2.356194
38,78,0.321751
39,12,-0.785398
39,26,2.356194
39,35,1.249046
39,36,3.141593
39,44,3.141593
39,52,0.785398
39,64,-2.356194
39,67,-2.356194
39,78,-0.785398
40,30,-1.892547
40,38,-0.785398
40,47,-2.356194
40,52,-0.321751
40,53,2.819842
40,56,1.570796
40,72,-1.570796
41,23,0.785398
41,32,0.000000
41,33,-1.892547
41,37,3.141593
41,50,1.570796
41,53,-2.356194
41,62,0.785398
41,64,2.356194
41,67,-1.570796
41,70,-1.570796
41,78,-1.570796
42,28,-2.356194
42,35,0.321751
42,40,-0.785398
42,43,-0.321751
42,44,2.819842
42,50,-1.570796
42,62,0.000000
43,24,-0.321751
43,29,0.000000
43,44,-2.356194
43,62,-0.785398
43,70,1.570796
43,73,1.570796
44,28,1.570796
44,32,1.249046
44,33,2.356194
44,35,3.141593
44,59,0.785398
44,62,2.356194
44,65,1.570796
44,78,0.000000
44,80,0.785398
45,26,-2.356194
45,30,1.249046
45,32,-1.892547
45,59,0.000000
45,61,-0.785398
45,73,-1.570796
45,81,-2.356194
45,88,2.356194
46,30,-1.892547
46,48,1.570796
46,51,1.570796
46,59,-0.785398
46,76,-2.356194
46,79,1.570796
46,85,0.785398
46,86,1.570796
47,32,1.249046
47,34,-1.892547
47,37,-2.356194
47,51,-1.570796
47,54,-1.570796
47,70,2.356194
47,73,1.570796
48,26,1.249046
48,36,1.570796
48,39,1.570796
48,57,0.785398
48,59,2.356194
48,62,1.570796
48,69,-0.785398
48,76,1.570796
48,82,0.000000
48,85,0.321751
49,24,0.785398
49,26,-1.892547
49,30,1.570796
49,32,-1.570796
49,35,0.000000
49,48,-1.570796
49,57,-0.785398
49,62,-1.570796
49,65,-1.570796
49,67,-0.785398
49,76,-1.570796
49,78,0.785398
50,29,0.000000
50,34,3.141593
50,38,-0.785398
50,41,-0.785398
50,78,0.000000
50,82,2.356194
50,85,0.000000
50,87,-1.892547
50,89,-2.356194
51,11,0.321751
51,13,-2.356194
51,20,0.785398
51,21,1.570796
51,22,2.356194
51,23,-0.785398
51,32,0.000000
51,33,-1.892547
51,43,2.356194
51,45,-1.570796
51,64,1.570796
51,73,2.356194
51,76,2.356194
51,78,-0.785398
51,82,-2.819842
51,85,-0.785398
52,11,-0.785398
52,27,0.000000
52,31,1.570796
52,36,2.356194
52,42,-0.785398
52,59,2.356194
52,69,1.570796
52,72,0.321751
52,73,-2.819842
52,81,-0.785398
53,26,1.570796
53,31,-2.356194
53,55,-0.785398
53,58,-0.785398
53,61,1.570796
53,64,-1.570796
53,69,2.356194
53,75,2.356194
53,78,0.785398
53,89,2.356194
54,26,-2.819842
54,32,2.356194
54,36,1.570796
54,40,1.570796
54,52,2.356194
54,61,-1.570796
54,66,2.356194
54,68,0.321751
54,69,-2.819842
54,75,-2.819842
54,81,2.356194
54,89,3.141593
55,28,0.321751
55,29,-2.819842
55,31,0.321751
55,32,-2.819842
55,37,3.141593
55,51,0.785398
55,54,1.570796
55,65,-0.785398
55,68,-0.785398
55,77,0.321751
55,81,-2.819842
56,31,-0.785398
56,38,0.000000
56,48,2.356194
56,52,3.141593
56,57,1.570796
56,77,-1.570796
56,80,-0.785398
56,87,-0.785398
56,90,2.819842
57,26,0.785398
57,27,3.141593
57,29,1.570796
57,31,2.356194
57,37,-0.785398
57,47,-0.785398
57,57,2.356194
57,67,-0.785398
57,90,-2.356194
58,11,0.785398
58,31,3.141593
58,40,-0.785398
58,55,0.000000
58,56,-0.785398
58,64,0.000000
58,71,2.356194
58,73,1.570796
58,79,0.321751
58,81,3.141593
58,83,2.356194
59,11,0.000000
59,26,-0.785398
59,70,-1.570796
59,72,-0.785398
59,79,-0.785398
59,83,-2.819842
59,86,0.000000
59,90,2.356194
60,11,-0.785398
60,22,-1.249046
60,23,3.141593
60,25,1.570796
60,41,-0.785398
60,45,2.356194
60,75,1.570796
60,82,-0.785398
60,88,0.785398
60,90,-2.819842
61,25,-2.819842
61,36,0.785398
61,44,-0.785398
61,48,2.356194
61,65,1.570796
61,68,-0.785398
61,72,2.356194
61,74,0.321751
61,75,-2.819842
61,79,2.356194
62,24,-0.785398
62,37,-2.356194
62,42,2.356194
62,47,-0.785398
62,51,2.356194
62,57,2.356194
62,60,2.356194
62,62,-0.785398
62,64,-0.785398
62,71,1.570796
62,74,-0.785398
62,79,-2.356194
62,85,2.356194
62,89,3.141593
63,24,2.356194
63,27,0.321751
63,40,0.000000
63,45,2.356194
63,56,1.570796
63,71,-2.819842
63,82,3.141593
64,23,0.321751
64,27,-0.785398
64,31,1.570796
64,48,0.000000
64,54,0.000000
64,55,-0.785398
64,56,-2.356194
64,69,0.321751
64,73,1.570796
64,76,0.321751
64,78,3.141593
64,89,3.141593
65,23,-1.570796
65,25,1.570796
65,27,2.356194
65,31,-2.819842
65,44,0.785398
65,57,0.000000
65,60,2.356194
65,62,1.570796
65,69,-1.570796
65,73,-2.819842
65,80,-2.819842
65,89,-1.570796
66,25,0.000000
66,27,-2.356194
66,40,2.356194
66,44,-0.321751
66,45,2.819842
66,51,2.356194
66,52,3.141593
66,59,-0.785398
66,62,0.785398
66,68,1.570796
66,71,0.321751
66,76,-2.819842
66,79,-1.570796
67,11,0.785398
67,42,2.356194
67,45,-2.356194
67,50,-1.570796
67,62,-0.321751
67,63,2.819842
67,68,-2.819842
67,74,0.321751
67,78,1.570796
67,82,0.321751
67,85,2.356194
68,11,0.000000
68,25,-2.819842
68,28,-0.785398
68,31,1.570796
68,34,1.570796
68,39,-1.570796
68,41,0.785398
68,54,0.000000
68,71,-2.819842
68,78,-2.819842
68,85,-2.819842
68,90,2.356194
69,11,-0.785398
69,42,-2.356194
69,43,0.785398
69,57,2.356194
69,63,-0.321751
69,66,-1.892547
69,74,-2.819842
69,76,0.321751
69,90,3.141593
70,23,-0.785398
70,31,2.356194
70,44,-1.249046
70,45,-2.356194
70,56,-0.785398
70,86,1.570796
70,90,-2.356194
71,23,2.356194
71,30,0.321751
71,36,2.356194
71,51,3.141593
71,59,1.570796
71,61,1.570796
71,79,1.570796
71,90,2.356194
72,11,0.785398
72,23,-2.819842
72,30,-1.570796
72,38,2.356194
72,42,2.356194
72,47,1.249046
72,48,2.356194
72,58,-0.785398
72,59,-2.356194
72,66,0.000000
72,67,-1.892547
72,73,0.785398
72,90,3.141593
73,11,-0.321751
73,29,1.570796
73,32,-0.785398
73,37,0.000000
73,41,-0.785398
73,46,0.000000
73,47,-1.892547
73,51,2.356194
73,56,1.570796
73,65,1.570796
73,73,-1.570796
74,20,-0.321751
74,22,-2.819842
74,28,0.321751
74,32,0.785398
74,56,-2.819842
74,65,-2.819842
74,90,-2.819842
75,11,0.321751
75,32,0.000000
75,37,1.570796
75,41,0.785398
75,42,2.356194
75,48,-0.785398
75,53,1.249046
75,76,-2.819842
75,84,-0.785398
76,11,-0.785398
76,24,1.570796
76,44,1.249046
76,45,2.356194
76,46,3.141593
76,52,0.000000
76,53,-1.892547
76,58,-1.892547
76,62,0.000000
76,70,3.141593
76,74,0.000000
76,75,-1.892547
76,89,3.141593
77,39,2.819842
77,42,0.000000
77,44,-1.892547
77,48,1.249046
77,49,2.356194
77,60,1.249046
77,61,3.141593
77,73,1.570796
77,78,-0.785398
77,79,-2.356194
77,83,0.000000
77,84,2.356194
78,11,0.785398
78,17,1.249046
78,18,3.141593
78,21,-1.249046
78,29,-0.785398
78,53,1.249046
78,55,-1.892547
78,64,-1.570796
78,67,0.321751
78,81,-2.356194
78,87,0.000000
78,90,2.819842
79,26,-1.249046
79,27,3.141593
79,31,2.356194
79,33,0.321751
79,45,1.249046
79,52,-0.785398
79,53,-1.892547
79,57,1.249046
79,59,-1.892547
79,63,1.570796
79,70,2.356194
79,71,-0.785398
79,79,0.785398
79,84,-0.785398
79,85,3.141593
80,17,-1.570796
80,31,-2.819842
80,33,-0.785398
80,48,0.785398
80,49,2.356194
80,56,0.000000
80,57,-1.892547
80,62,0.000000
80,69,-1.892547
80,76,-1.570796
80,77,-2.356194
80,83,-0.785398
80,86,-2.356194
80,90,3.141593
81,22,1.249046
81,24,1.892547
81,33,2.356194
81,55,2.356194
81,60,2.356194
81,73,-1.570796
81,81,2.356194
81,90,-2.356194
82,59,-1.570796
82,64,1.249046
82,71,1.249046
82,72,3.141593
82,82,1.570796
82,85,1.570796
82,87,0.785398
82,88,1.892547
82,90,2.356194
83,9,3.141593
83,22,-1.249046
83,45,0.321751
83,50,1.892547
83,58,1.570796
83,63,0.321751
83,68,2.356194
83,76,0.785398
83,82,-0.785398
83,83,3.141593
83,90,3.141593
84,9,-2.356194
84,27,-2.819842
84,32,-0.785398
84,73,0.000000
84,84,0.000000
84,86,-1.570796
84,88,-1.570796
84,90,-2.356194
85,23,0.321751
85,45,-1.570796
85,52,-2.356194
85,55,-0.785398
85,58,-1.249046
85,60,1.570796
85,61,2.356194
85,62,-0.785398
85,63,-1.570796
85,68,-0.785398
85,75,2.356194
85,81,-0.785398
85,82,3.141593
85,84,0.000000
86,9,0.785398
86,29,2.356194
86,39,1.249046
86,43,-1.892547
86,50,-2.356194
86,55,2.356194
86,71,-1.249046
86,72,3.141593
86,76,1.570796
86,79,0.000000
86,83,0.000000
86,90,2.356194
87,9,0.000000
87,23,-1.570796
87,28,0.321751
87,31,1.249046
87,55,-2.819842
87,65,-0.785398
87,66,-2.356194
87,68,0.785398
87,69,1.892547
87,73,-0.785398
87,76,-0.785398
87,77,3.141593
87,90,3.141593
88,21,-0.785398
88,39,-2.356194
88,50,-1.570796
88,57,1.570796
88,69,-1.249046
88,70,3.141593
88,74,0.000000
88,78,-2.356194
88,81,-1.249046
88,82,-2.356194
88,87,0.000000
88,90,-2.356194
89,9,0.000000
89,28,-2.819842
89,30,-0.785398
89,35,0.785398
89,37,2.356194
89,41,0.321751
89,43,2.819842
89,54,-2.356194
89,57,0.785398
89,59,1.570796
89,64,-1.570796
89,71,0.000000
89,72,1.892547
89,76,2.819842
89,85,1.570796
89,90,2.356194
90,30,2.356194
90,43,-2.356194
90,49,0.000000
90,57,0.000000
90,59,3.141593
90,67,0.000000
90,68,0.785398
90,69,1.892547
90,73,2.819842
90,76,-2.356194
90,79,0.785398
90,88,0.000000
90,90,-2.819842
91,25,0.321751
91,29,0.321751
91,32,2.356194
91,41,3.141593
91,43,0.785398
91,50,-2.356194
91,52,1.570796
91,57,-0.785398
91,59,-2.356194
91,62,1.570796
91,73,-1.570796
91,76,-1.570796
91,78,-0.785398
91,82,1.249046
91,83,2.356194
92,14,1.249046
92,21,0.785398
92,29,-0.785398
92,32,-2.819842
92,41,-2.356194
92,43,0.000000
92,45,1.892547
92,54,0.785398
92,57,0.785398
92,65,1.570796
92,68,-0.785398
92,84,1.570796
92,89,2.356194
93,6,-0.321751
93,23,2.356194
93,24,-0.785398
93,25,-1.570796
93,26,-2.356194
93,29,2.356194
93,31,-0.785398
93,34,0.321751
93,41,2.356194
93,43,-0.785398
93,47,0.785398
93,50,-1.570796
93,52,0.785398
93,55,2.819842
93,57,0.000000
93,60,2.819842
93,72,2.819842
93,77,0.785398
93,86,-1.570796
93,89,-2.819842
94,7,-1.249046
94,16,-1.570796
94,17,-2.356194
94,20,-0.785398
94,31,2.356194
94,34,-0.785398
94,41,-2.356194
94,43,2.356194
94,45,-0.785398
94,48,-2.356194
94,52,0.000000
94,60,-2.356194
94,72,-1.570796
94,78,-0.785398
95,43,-2.819842
95,52,-0.785398
95,66,0.785398
95,70,1.570796
95,88,2.356194
96,13,0.321751
96,15,2.819842
96,29,-1.570796
96,31,-1.249046
96,39,0.785398
96,42,-0.785398
96,50,0.785398
96,60,2.356194
96,66,-0.321751
96,67,2.819842
96,81,0.000000
96,88,-2.819842
97,39,-0.321751
97,42,2.356194
97,48,-1.570796
97,59,-0.785398
97,63,-1.570796
97,67,-1.570796
97,77,1.570796
97,79,2.356194
97,81,0.785398
97,83,-0.785398
97,84,-2.356194
97,86,-0.785398
97,87,-1.892547
98,33,-1.570796
98,40,-1.249046
98,44,-0.785398
98,51,-1.570796
98,53,-1.570796
98,56,-0.785398
98,68,-2.356194
98,71,-1.570796
98,74,-1.570796
98,78,-2.356194
98,82,-2.356194
