4,50,1.249046
4,51,2.356194
4,54,0.785398
4,55,1.570796
4,56,2.356194
4,60,0.785398
4,61,1.892547
5,38,1.249046
5,39,2.356194
6,50,-2.356194
6,61,-1.570796
7,27,1.249046
7,28,3.141593
7,38,-2.356194
7,60,1.570796
7,71,2.356194
8,26,0.321751
8,50,2.356194
8,60,3.141593
8,80,2.356194
8,83,0.785398
9,38,2.356194
9,84,-2.356194
10,13,1.249046
10,14,2.356194
10,24,0.785398
10,44,1.249046
10,45,2.356194
10,48,-0.785398
10,49,-1.892547
10,60,-1.570796
10,61,-2.356194
11,12,0.321751
11,40,1.570796
11,41,2.356194
11,65,-0.785398
11,68,-2.819842
12,12,-0.785398
12,38,-1.892547
12,44,-2.356194
13,29,0.785398
13,31,1.892547
13,34,1.249046
13,40,0.785398
13,51,0.785398
13,52,1.892547
13,67,3.141593
13,74,0.321751
13,84,2.356194
14,36,-1.570796
14,43,-0.785398
14,44,-1.570796
14,46,1.570796
14,47,2.356194
14,52,-1.249046
14,53,-2.356194
14,54,-0.785398
14,55,-1.570796
14,59,-2.356194
14,74,-0.785398
15,25,0.785398
15,34,-2.356194
15,37,0.785398
15,38,2.356194
15,39,-0.785398
15,40,-1.892547
15,67,-2.819842
15,86,1.570796
15,87,2.356194
16,25,0.000000
16,31,-1.570796
16,34,0.785398
16,46,0.785398
16,57,2.356194
16,78,0.785398
16,79,1.570796
16,81,-1.570796
17,25,-0.785398
17,32,1.570796
17,56,-0.785398
17,57,-2.356194
17,68,3.141593
17,84,-1.249046
18,32,-0.785398
18,40,2.356194
18,42,0.785398
18,43,1.570796
18,44,2.356194
18,45,-0.785398
18,46,-1.892547
18,63,-0.785398
18,64,-1.570796
18,77,-1.570796
19,25,2.356194
19,28,0.785398
19,30,1.249046
19,31,3.141593
19,39,-1.892547
19,68,1.570796
19,80,-1.249046
19,81,3.141593
20,25,-2.356194
20,34,0.000000
20,43,0.785398
20,49,3.141593
20,69,-2.356194
20,72,-0.785398
20,73,-1.570796
20,83,0.785398
20,84,1.892547
21,28,-1.892547
21,34,-1.570796
21,37,-1.570796
21,46,1.570796
21,47,3.141593
21,75,-1.249046
21,76,3.141593
22,26,-1.892547
22,30,0.000000
22,39,2.356194
22,42,-0.785398
22,54,1.570796
22,64,0.785398
22,87,1.892547
23,20,1.249046
23,30,-1.570796
23,37,0.000000
23,38,-1.892547
23,44,-2.356194
23,68,0.785398
23,69,1.570796
23,70,2.356194
23,90,2.819842
24,12,2.356194
24,19,0.321751
24,47,2.356194
24,73,3.141593
24,85,-1.249046
25,47,-2.819842
25,69,2.356194
25,88,-1.249046
25,90,3.141593
26,25,-1.892547
26,43,-0.785398
26,54,2.356194
26,63,0.000000
26,69,3.141593
26,79,0.000000
26,90,-1.570796
27,29,1.249046
27,30,2.356194
27,37,1.249046
27,38,2.356194
27,48,1.249046
27,49,2.356194
27,53,-0.785398
27,54,-2.356194
28,8,0.321751
28,28,0.000000
28,29,-1.892547
28,35,1.249046
28,37,-1.892547
28,55,0.000000
28,69,-0.321751
28,72,1.892547
28,91,2.356194
29,8,-0.785398
29,16,0.321751
29,43,1.249046
29,48,-1.570796
29,54,1.570796
29,63,1.249046
29,64,2.356194
29,65,3.141593
29,79,0.000000
29,91,-2.819842
30,20,-1.892547
30,35,-1.570796
30,42,-0.785398
30,43,-1.892547
30,45,-2.356194
30,53,-0.785398
30,72,-1.892547
30,74,1.570796
30,89,-0.785398
30,90,-1.892547
31,18,-1.892547
31,23,-2.356194
31,36,0.785398
31,37,2.356194
31,45,2.356194
31,74,-0.321751
32,29,1.249046
32,30,3.141593
32,36,-1.570796
32,45,-2.819842
32,62,-2.356194
32,76,2.819842
33,16,-1.570796
33,17,3.141593
33,27,0.785398
33,43,0.000000
33,44,-1.892547
33,76,-1.570796
34,8,2.356194
34,18,0.000000
34,19,1.570796
34,20,2.356194
34,32,1.249046
34,33,3.141593
34,40,0.000000
34,77,0.785398
34,78,2.356194
34,89,3.141593
35,7,0.321751
35,29,0.785398
35,30,2.356194
35,31,-0.785398
35,32,-1.892547
35,77,-1.570796
35,82,0.785398
35,83,1.892547
36,7,-0.785398
36,17,1.249046
36,29,-1.570796
36,38,3.141593
36,83,-1.249046
36,84,-2.356194
37,16,-0.785398
37,17,-1.892547
37,34,1.249046
37,35,3.141593
37,73,0.785398
38,19,-0.785398
38,33,0.000000
38,34,-1.892547
38,74,0.785398
38,80,3.141593
39,31,1.249046
39,32,3.141593
39,40,3.141593
39,83,0.785398
39,90,3.141593
40,19,2.356194
40,37,1.249046
40,38,3.141593
40,84,0.000000
40,85,1.892547
41,18,-0.785398
41,19,-2.356194
41,29,0.000000
41,30,-1.892547
41,36,-0.785398
41,78,2.356194
41,85,-1.249046
41,86,3.141593
42,20,0.785398
42,21,2.356194
42,27,1.249046
42,28,3.141593
42,47,2.356194
42,48,0.785398
42,49,1.570796
42,50,2.356194
42,52,0.785398
42,53,1.892547
42,62,-2.356194
42,64,3.141593
43,12,2.356194
43,14,1.249046
43,15,3.141593
43,20,-1.570796
43,46,-0.785398
43,53,-1.249046
43,54,3.141593
43,58,1.249046
43,60,-1.892547
43,77,2.356194
43,84,3.141593
44,24,1.249046
44,29,1.249046
44,30,2.356194
44,76,-0.785398
44,77,-2.356194
44,91,3.141593
45,11,0.000000
45,13,-1.892547
45,27,0.785398
45,29,-1.892547
45,34,1.249046
45,35,3.141593
45,44,0.785398
45,46,-1.570796
45,47,-2.356194
45,58,-2.356194
45,73,-0.785398
45,78,0.785398
45,79,2.356194
46,16,1.249046
46,17,3.141593
46,39,-2.819842
46,44,-0.785398
46,83,3.141593
46,87,0.785398
47,8,0.000000
47,15,0.000000
47,16,-1.892547
47,20,1.249046
47,22,-1.892547
47,25,1.249046
47,27,-1.570796
47,28,3.141593
47,32,-0.785398
47,37,0.000000
47,38,-1.892547
47,44,2.356194
47,89,3.141593
48,30,3.141593
48,35,2.356194
48,40,0.000000
48,43,-0.785398
48,44,-2.356194
48,76,0.785398
48,80,-2.356194
49,18,0.000000
49,19,-1.892547
49,33,0.000000
49,34,-1.892547
49,45,0.000000
49,59,0.785398
49,62,1.249046
49,63,2.356194
49,76,-0.785398
50,15,1.570796
50,17,1.570796
50,31,1.249046
50,32,3.141593
50,64,0.000000
50,65,1.892547
50,74,1.249046
50,75,3.141593
50,86,0.000000
51,17,-2.356194
51,20,1.249046
51,22,-1.892547
51,27,-1.892547
51,35,2.356194
51,46,-0.321751
51,73,-0.785398
51,74,-1.892547
52,7,0.785398
52,11,1.249046
52,13,1.570796
52,15,-1.892547
52,18,0.785398
52,20,-1.892547
52,25,-1.570796
52,33,1.249046
52,34,3.141593
52,61,0.000000
52,84,0.785398
53,7,0.000000
53,23,1.249046
53,24,3.141593
53,47,-0.785398
53,61,-0.785398
53,91,-2.356194
54,18,-2.819842
54,36,2.356194
54,61,0.785398
54,65,-2.819842
54,87,-2.356194
55,6,0.321751
55,31,-1.892547
55,47,-0.785398
55,61,0.000000
55,63,-0.785398
55,64,-1.892547
55,89,0.785398
56,6,-0.785398
56,12,-0.785398
56,16,-1.892547
56,33,1.249046
56,34,3.141593
56,43,1.249046
56,44,2.356194
56,49,-2.356194
56,54,0.000000
56,56,3.141593
56,61,-1.570796
56,81,0.785398
56,86,1.570796
57,23,1.249046
57,24,3.141593
57,28,-1.892547
57,38,0.000000
57,77,0.785398
57,82,-2.356194
57,91,-2.356194
58,18,0.000000
58,19,-1.892547
58,26,-0.785398
58,31,0.000000
58,32,-1.892547
58,35,1.249046
58,36,3.141593
58,87,-2.356194
59,13,-2.819842
59,17,1.570796
59,26,2.356194
59,30,1.570796
59,59,-1.570796
60,17,-2.819842
60,25,0.000000
60,30,-2.819842
60,37,1.249046
60,38,3.141593
60,43,-1.570796
60,45,1.892547
60,75,0.000000
60,81,-2.356194
61,24,1.570796
61,48,-0.785398
61,50,2.819842
61,77,-2.356194
62,24,-2.819842
62,28,-1.892547
62,35,0.000000
62,39,0.000000
62,45,-1.570796
62,73,0.785398
62,79,0.785398
63,10,0.000000
63,17,0.321751
63,22,0.000000
63,23,-1.892547
63,26,-0.785398
63,30,0.321751
63,44,-0.785398
63,74,-2.356194
63,80,-2.356194
64,17,-1.570796
64,21,3.141593
64,30,-1.570796
64,34,2.356194
64,52,-2.356194
64,64,3.141593
64,76,0.785398
64,82,0.785398
64,86,0.785398
65,7,1.570796
65,16,1.570796
65,24,1.249046
65,25,3.141593
65,28,1.249046
65,29,3.141593
65,34,-2.819842
65,39,1.249046
65,40,2.356194
65,41,3.141593
65,46,0.000000
65,50,-1.249046
65,51,-2.356194
65,61,1.570796
65,77,-2.356194
65,83,-2.356194
65,87,-2.356194
66,7,0.000000
66,14,1.249046
66,16,-2.356194
66,20,-2.819842
66,27,0.321751
66,59,2.356194
66,73,0.000000
67,7,-1.570796
67,14,-1.892547
67,17,0.785398
67,19,-1.892547
67,27,-1.570796
67,31,0.321751
67,58,-0.785398
67,75,1.570796
68,21,0.321751
68,26,3.141593
68,31,-1.570796
68,36,0.000000
68,37,-1.892547
68,41,2.356194
68,58,0.785398
68,64,3.141593
68,76,3.141593
69,16,0.321751
69,17,-2.819842
69,30,3.141593
69,35,3.141593
69,59,-2.356194
69,61,-0.785398
69,62,-1.892547
69,86,0.785398
70,16,-1.570796
70,21,-2.819842
70,25,-2.819842
70,29,-1.570796
70,34,-1.570796
71,15,1.570796
71,19,0.321751
71,28,3.141593
71,33,3.141593
71,37,1.249046
71,38,3.141593
71,73,0.000000
71,79,-2.356194
71,88,-2.356194
72,14,0.321751
72,15,-2.819842
72,19,-1.570796
72,32,-1.570796
72,36,0.321751
72,47,3.141593
72,64,3.141593
73,6,0.785398
73,14,-1.570796
73,21,0.321751
73,27,-2.819842
73,36,-1.570796
73,41,3.141593
73,68,0.000000
73,69,3.141593
74,6,-0.321751
74,8,2.356194
74,17,1.570796
74,26,-1.570796
74,30,1.570796
74,34,1.249046
74,35,3.141593
74,39,1.570796
74,44,0.785398
74,56,2.356194
74,57,0.785398
74,58,2.356194
74,77,-2.356194
75,17,-2.819842
75,21,-2.819842
75,29,0.321751
75,30,-2.819842
75,33,0.321751
75,38,0.000000
75,43,1.570796
75,54,0.000000
75,55,-1.892547
75,58,-2.356194
75,73,0.785398
75,90,0.785398
76,15,0.321751
76,24,1.570796
76,29,-1.570796
76,37,1.570796
76,42,0.321751
76,43,-2.819842
76,46,0.785398
76,47,3.141593
76,62,0.000000
76,65,3.141593
76,91,-2.356194
77,15,-1.570796
77,23,0.000000
77,28,1.570796
77,32,0.321751
77,33,-2.819842
77,36,0.321751
77,37,-2.819842
77,42,-1.570796
77,46,-1.570796
77,57,0.000000
77,58,-1.570796
77,59,-2.356194
77,60,3.141593
77,67,0.000000
78,7,0.785398
78,14,1.570796
78,17,0.321751
78,27,0.321751
78,28,-2.819842
78,36,-1.570796
78,40,1.249046
78,41,3.141593
78,50,1.570796
78,55,1.249046
78,56,3.141593
78,70,3.141593
78,76,-2.356194
79,7,0.000000
79,13,-0.785398
79,27,-1.570796
79,32,-2.819842
79,35,1.570796
79,39,0.321751
79,50,-2.819842
80,7,-0.785398
80,16,0.321751
80,17,-2.819842
80,20,3.141593
80,30,0.321751
80,34,0.321751
80,35,-2.819842
80,39,-1.570796
80,53,0.000000
80,54,-1.892547
80,62,0.000000
80,64,3.141593
81,16,-1.570796
81,19,-1.570796
81,22,1.570796
81,30,-0.785398
81,38,1.570796
81,42,0.000000
81,47,0.321751
81,66,0.000000
81,68,3.141593
82,7,0.785398
82,15,1.570796
82,33,0.321751
82,34,-2.819842
82,38,-2.819842
82,47,-1.570796
82,51,1.570796
83,7,-0.321751
83,9,2.356194
83,14,-0.785398
83,25,1.570796
83,33,-0.785398
83,36,0.321751
83,50,0.321751
83,51,-2.819842
83,71,0.785398
83,84,0.785398
84,24,0.321751
84,25,-2.819842
84,29,2.356194
84,36,-0.785398
84,46,-1.570796
84,50,-1.570796
84,54,1.570796
84,72,-2.356194
84,85,-2.356194
85,17,2.356194
85,28,0.321751
85,29,-2.819842
85,32,1.570796
85,36,2.356194
85,41,3.141593
85,65,0.000000
85,66,3.141593
86,16,0.321751
86,17,-2.819842
86,23,0.321751
86,24,-2.819842
86,28,-1.570796
86,31,0.321751
86,32,-2.819842
86,36,-2.819842
86,49,-1.570796
87,8,0.785398
87,13,1.249046
87,14,2.356194
87,16,-1.570796
87,31,-0.785398
87,34,0.321751
87,38,-0.785398
87,52,1.570796
88,8,0.000000
88,19,2.356194
88,22,0.321751
88,23,-2.819842
88,34,-0.785398
88,51,0.321751
88,52,-2.819842
89,8,-0.785398
89,13,-1.249046
89,19,-2.819842
89,26,1.570796
89,37,1.570796
89,47,2.356194
89,51,-0.785398
90,17,0.321751
90,21,0.321751
90,22,-2.819842
90,25,0.321751
90,26,-2.819842
90,37,-1.570796
90,46,-0.785398
90,51,-1.570796
91,17,-0.785398
91,21,-1.570796
91,29,1.570796
91,33,-1.570796
91,54,1.570796
92,24,0.321751
92,25,-2.819842
92,29,-2.819842
92,36,1.570796
92,39,1.570796
92,42,1.570796
92,54,-1.570796
92,91,1.570796
93,15,1.249046
93,16,3.141593
93,24,-1.570796
93,27,0.321751
93,32,1.570796
93,39,-1.570796
93,91,-1.570796
94,19,1.570796
94,42,-1.570796
94,53,1.570796
95,18,0.321751
95,19,-2.819842
95,23,2.356194
95,26,0.321751
95,27,-2.819842
95,83,0.785398
95,88,1.570796
96,14,-1.570796
96,22,0.000000
96,26,-0.785398
96,31,-1.570796
96,38,1.570796
96,48,1.570796
96,72,0.785398
97,17,-0.785398
97,18,-1.570796
97,19,-2.356194
97,26,-1.570796
97,41,1.570796
97,48,-1.570796
97,56,1.570796
97,79,0.785398
98,34,-1.570796
98,37,-0.785398
98,41,-1.570796
98,53,-1.570796
98,56,-1.570796
98,74,-2.356194
98,80,-2.356194
98,85,-2.356194
98,89,-1.570796
