13,49,1.249046
13,50,2.356194
14,35,0.785398
14,36,1.570796
14,37,2.356194
14,41,0.785398
14,42,1.570796
14,43,2.356194
14,70,2.356194
15,18,1.249046
15,19,3.141593
15,49,-2.356194
15,74,2.356194
16,15,1.249046
16,16,2.356194
16,17,-0.785398
18,13,0.321751
20,12,0.321751
20,13,-2.819842
20,79,2.356194
21,12,-0.785398
21,67,0.321751
22,67,-1.570796
22,80,1.570796
23,49,2.356194
23,76,0.321751
23,80,0.000000
24,49,3.141593
24,80,-0.785398
25,35,0.321751
25,37,2.819842
25,40,0.321751
25,47,-0.785398
25,58,0.321751
25,63,1.249046
25,67,2.819842
25,74,1.249046
25,76,3.141593
26,27,0.785398
26,40,-0.785398
26,51,1.570796
26,52,2.356194
26,73,0.321751
26,76,-2.356194
27,27,0.000000
27,35,0.000000
27,45,0.785398
27,55,0.785398
27,56,1.570796
27,58,3.141593
27,73,-0.785398
28,12,2.356194
28,35,-0.785398
28,45,-0.321751
28,51,-2.819842
28,71,1.892547
28,73,2.356194
29,26,0.321751
29,28,2.819842
29,60,-1.892547
29,69,-0.785398
29,73,3.141593
30,10,0.321751
30,26,-0.785398
30,32,0.785398
30,33,2.356194
30,38,1.249046
30,49,-1.892547
30,55,1.249046
30,57,-1.892547
30,73,-2.356194
31,10,-0.785398
31,28,-2.819842
31,32,-0.785398
31,42,-2.356194
31,54,0.000000
31,55,-1.892547
31,69,-0.785398
31,70,-1.892547
32,27,-1.570796
32,40,1.570796
32,51,0.000000
32,52,0.785398
32,53,2.356194
32,79,0.321751
32,81,2.819842
33,40,-2.819842
33,42,0.321751
33,49,2.356194
33,53,-2.356194
33,58,2.356194
33,79,-0.785398
33,88,3.141593
34,21,1.249046
34,22,2.356194
34,24,0.785398
34,25,2.356194
34,39,-1.892547
34,42,-1.570796
34,45,1.570796
34,48,1.570796
34,55,2.356194
34,57,-0.785398
34,62,2.356194
34,69,2.356194
34,73,-1.570796
34,81,3.141593
35,25,-2.356194
35,29,3.141593
35,48,-2.819842
35,61,-0.785398
35,83,1.249046
35,85,-1.892547
36,28,-1.570796
36,39,1.249046
36,40,3.141593
36,53,1.570796
36,70,1.570796
36,74,-0.785398
36,89,2.356194
37,20,0.321751
37,24,3.141593
37,27,1.570796
37,36,-2.819842
37,38,0.321751
37,46,-1.570796
37,52,0.321751
37,53,-2.819842
37,60,2.356194
37,70,-1.570796
37,78,1.249046
38,20,-0.785398
38,27,-2.819842
38,38,-1.570796
38,41,0.321751
38,52,-1.570796
38,55,1.570796
38,76,1.249046
38,85,1.570796
38,86,2.356194
38,87,-0.785398
38,88,-1.892547
39,10,2.356194
39,37,1.570796
39,41,-1.570796
39,47,1.570796
39,54,0.321751
39,55,-2.819842
39,58,1.570796
39,64,-0.785398
39,73,0.785398
39,74,1.570796
39,80,-2.356194
40,9,0.321751
40,21,-0.785398
40,37,-2.819842
40,46,0.321751
40,47,-2.819842
40,54,-1.570796
40,58,-2.819842
40,71,1.570796
40,85,2.356194
41,9,-0.785398
41,22,0.785398
41,24,-1.892547
41,27,0.321751
41,35,0.321751
41,42,-0.785398
41,46,-1.570796
41,56,0.321751
41,60,2.356194
41,67,1.249046
41,68,2.356194
41,84,-0.785398
41,85,-2.356194
41,90,2.356194
42,22,-1.570796
42,27,-1.570796
42,30,0.321751
42,35,-1.570796
42,38,1.570796
42,56,-1.570796
42,59,-0.785398
42,77,2.356194
42,90,3.141593
43,38,-2.819842
43,41,2.356194
43,63,1.249046
43,64,3.141593
43,67,-1.570796
43,70,0.000000
43,75,1.249046
43,77,-2.356194
43,90,-2.356194
44,25,3.141593
44,30,-2.819842
44,33,1.570796
44,36,0.321751
44,40,-0.785398
44,50,-0.785398
44,61,1.249046
44,68,0.000000
44,69,0.000000
44,75,-1.892547
44,79,2.356194
44,90,2.356194
45,24,-1.570796
45,33,-2.819842
45,36,-1.570796
45,46,-0.785398
45,53,0.785398
45,59,1.249046
45,63,-1.570796
45,66,1.249046
45,67,3.141593
45,77,0.000000
45,78,-1.892547
45,90,3.141593
46,22,1.249046
46,23,3.141593
46,35,1.570796
46,39,2.356194
46,42,-0.785398
46,52,0.785398
46,57,1.249046
46,61,-1.570796
46,74,0.000000
46,90,-2.356194
47,35,-2.819842
47,45,2.356194
47,52,0.000000
47,54,-1.570796
47,55,-2.356194
47,59,-1.570796
47,72,0.000000
47,81,0.000000
47,84,0.785398
47,85,1.892547
47,89,1.570796
48,37,1.570796
48,57,-1.570796
48,66,-1.892547
48,77,0.785398
48,78,1.892547
48,85,-1.249046
48,86,-2.356194
48,88,-0.785398
49,19,0.321751
49,32,0.321751
49,37,-2.819842
49,43,-0.785398
49,48,1.249046
49,49,2.356194
49,52,3.141593
49,60,-1.892547
49,64,-1.892547
49,68,0.000000
49,69,-1.892547
49,73,1.249046
49,74,2.356194
49,78,-1.249046
49,79,-2.356194
49,80,3.141593
50,16,2.356194
50,19,-1.570796
50,27,0.321751
50,32,-1.570796
50,35,0.321751
50,52,-2.356194
50,57,0.000000
50,58,-1.892547
50,62,-0.785398
50,71,1.249046
50,73,-1.892547
50,82,0.000000
50,83,0.785398
50,84,1.892547
50,89,0.785398
51,9,0.785398
51,18,3.141593
51,27,-1.570796
51,35,-1.570796
51,55,1.249046
51,56,3.141593
51,64,1.249046
51,65,3.141593
51,69,1.249046
51,71,-1.892547
51,84,-1.249046
51,85,-2.356194
51,90,-2.356194
52,9,0.000000
52,14,-0.785398
52,15,-1.570796
52,17,-1.892547
52,21,0.321751
52,30,1.570796
52,37,2.356194
52,43,1.249046
52,54,0.000000
52,63,0.000000
52,64,-1.892547
52,67,1.249046
52,69,-1.892547
52,73,1.249046
52,74,2.356194
52,79,0.785398
52,80,1.892547
53,9,-0.785398
53,21,-1.570796
53,30,-2.819842
53,36,-0.785398
53,42,-0.785398
53,53,-0.785398
53,66,0.000000
53,67,-1.892547
53,72,0.000000
53,73,-1.892547
53,80,-1.249046
53,81,-2.356194
53,82,0.785398
53,83,1.892547
54,28,0.321751
54,51,2.356194
54,55,0.000000
54,56,-1.892547
54,58,-0.785398
54,64,1.249046
54,65,3.141593
54,83,-1.249046
54,84,-2.356194
54,86,0.785398
54,87,1.570796
54,89,-1.570796
54,90,-2.356194
54,91,3.141593
55,9,0.785398
55,16,1.249046
55,17,2.356194
55,19,1.570796
55,28,-1.570796
55,37,0.785398
55,38,1.570796
55,39,3.141593
55,59,0.000000
55,60,0.000000
55,63,0.000000
55,64,-1.892547
56,9,0.000000
56,19,-2.819842
56,23,1.570796
56,34,1.249046
56,35,2.356194
56,36,0.000000
56,45,2.356194
56,49,3.141593
56,58,-0.785398
56,61,0.000000
56,81,0.785398
56,82,1.892547
56,88,3.141593
57,9,-0.785398
57,16,-1.249046
57,18,-1.892547
57,23,-2.819842
57,29,0.785398
57,37,-2.356194
57,47,0.000000
57,69,1.249046
57,70,3.141593
57,82,-1.249046
57,83,-2.356194
57,84,0.785398
57,85,1.892547
57,91,3.141593
58,28,0.785398
58,30,2.356194
58,35,0.785398
58,36,3.141593
58,40,3.141593
58,50,3.141593
58,59,-0.785398
58,63,-0.785398
58,67,1.249046
58,73,0.000000
58,85,-1.249046
58,87,1.892547
59,20,0.321751
59,24,0.785398
59,35,-1.570796
59,39,-0.785398
59,57,2.356194
59,66,0.000000
59,67,-1.892547
59,80,0.785398
59,81,1.892547
59,87,-1.249046
59,88,-2.356194
59,89,3.141593
60,24,0.000000
60,37,2.356194
60,41,3.141593
60,44,1.570796
60,47,0.321751
60,52,2.356194
60,64,0.000000
60,69,-0.785398
60,81,-1.249046
60,82,-2.356194
61,9,0.785398
61,19,0.000000
61,36,1.570796
61,39,0.321751
61,43,0.000000
61,47,-1.570796
61,55,-0.785398
61,58,2.356194
62,9,0.000000
62,13,0.785398
62,14,1.570796
62,15,2.356194
62,35,0.000000
62,36,-2.356194
62,39,-1.570796
62,46,-0.785398
62,50,-0.785398
62,53,2.356194
62,61,2.356194
62,65,2.356194
62,70,0.000000
62,87,0.785398
62,88,1.892547
63,9,-0.785398
63,34,1.570796
63,37,0.000000
63,38,2.356194
63,52,-0.785398
63,55,0.000000
63,88,-1.249046
63,89,3.141593
64,24,2.356194
64,31,-1.249046
64,34,-2.819842
64,38,-2.356194
64,47,2.356194
64,58,0.000000
64,63,-0.785398
64,90,-2.356194
65,18,0.785398
65,19,2.356194
65,24,-2.819842
65,28,-2.819842
65,53,2.356194
65,65,2.356194
65,70,0.000000
65,73,3.141593
65,75,0.000000
65,78,3.141593
66,19,-1.570796
66,21,1.249046
66,23,-1.892547
66,26,0.321751
66,32,3.141593
66,41,1.570796
66,45,-0.785398
66,52,-0.785398
66,56,2.356194
66,61,2.356194
66,90,0.785398
67,26,-1.570796
67,31,-1.570796
67,40,0.321751
67,41,-2.819842
67,60,-0.785398
67,65,-2.356194
67,84,0.785398
67,91,-2.356194
68,20,-1.570796
68,25,1.570796
68,29,1.249046
68,30,3.141593
68,34,1.249046
68,35,3.141593
68,40,-1.570796
68,54,-0.785398
68,63,2.356194
68,70,0.000000
68,76,3.141593
68,89,-2.356194
69,9,0.785398
69,25,-2.819842
69,28,0.321751
69,43,1.570796
69,49,2.356194
69,62,-0.785398
69,78,0.000000
70,9,0.000000
70,28,-1.570796
70,32,0.321751
70,38,3.141593
70,52,2.356194
70,84,0.785398
71,9,-0.785398
71,27,1.570796
71,32,-1.570796
71,37,-1.570796
71,74,3.141593
71,90,3.141593
72,21,0.321751
72,27,-2.819842
72,31,1.570796
72,54,2.356194
72,68,0.000000
73,21,-1.570796
73,31,-2.819842
73,35,1.570796
73,49,-0.785398
73,53,-0.785398
73,66,3.141593
74,24,0.321751
74,29,0.321751
74,35,-2.819842
74,44,-0.785398
74,63,-0.785398
74,80,0.785398
75,19,1.570796
75,29,-1.570796
75,33,0.321751
75,38,-0.785398
75,56,2.356194
75,69,0.000000
75,74,3.141593
75,90,3.141593
76,19,-2.819842
76,24,-2.819842
76,28,1.570796
76,33,-1.570796
76,55,-0.785398
76,76,0.000000
76,77,3.141593
77,16,1.249046
77,18,-1.892547
77,27,0.321751
77,28,-2.819842
77,32,1.570796
77,64,2.356194
78,21,0.321751
78,27,-1.570796
78,31,0.000000
78,57,2.356194
78,69,0.000000
79,14,0.321751
79,26,1.570796
79,61,0.000000
79,76,3.141593
80,21,-2.819842
80,26,-2.819842
80,34,2.356194
80,55,-0.785398
80,91,3.141593
81,12,1.249046
81,14,-1.570796
81,15,-2.356194
81,19,-0.785398
81,20,-1.892547
81,24,0.321751
81,29,1.570796
81,69,0.000000
82,9,0.785398
82,29,-2.819842
82,36,1.570796
82,78,0.785398
82,87,0.000000
83,9,-0.321751
83,23,0.321751
83,24,-2.819842
83,27,0.321751
83,88,-1.570796
84,35,1.570796
84,70,0.785398
84,71,1.892547
85,23,-2.819842
85,26,0.321751
85,27,-2.819842
85,30,1.570796
85,34,0.321751
85,35,-2.819842
85,55,2.356194
85,71,-1.249046
85,72,-2.356194
86,26,-1.570796
86,29,0.321751
86,30,-2.819842
86,34,-1.570796
86,54,-0.785398
86,78,-2.356194
87,22,-2.356194
87,25,1.570796
87,29,-1.570796
87,33,1.570796
87,61,-0.785398
87,90,0.785398
88,21,-2.356194
88,24,0.321751
88,25,-2.819842
88,28,1.570796
88,33,-2.819842
88,79,0.785398
88,83,1.570796
88,88,1.570796
88,90,-0.321751
88,91,2.819842
89,27,0.321751
89,28,-2.819842
89,31,0.321751
89,80,1.570796
89,83,-0.321751
89,88,0.785398
90,17,0.321751
90,23,0.321751
90,24,-2.819842
90,27,-1.570796
90,31,-1.570796
90,55,2.356194
90,80,-0.321751
90,81,2.819842
90,85,2.819842
90,91,-2.819842
91,23,-1.570796
91,35,2.356194
91,54,-0.785398
91,67,1.249046
91,68,2.356194
91,69,0.785398
91,70,1.892547
91,74,-2.356194
91,85,-1.570796
92,26,2.356194
92,38,1.570796
92,60,-0.785398
92,66,-0.785398
92,67,-1.892547
92,70,-1.249046
92,71,3.141593
92,81,-0.321751
92,82,2.819842
93,25,0.321751
93,26,-2.819842
93,82,-1.570796
94,37,-0.785398
94,63,-0.785398
94,69,0.785398
94,76,1.570796
94,79,0.785398
94,83,1.570796
95,25,-2.819842
95,28,2.356194
95,32,1.570796
95,40,2.356194
95,58,2.356194
95,70,-2.356194
95,73,1.570796
95,76,-1.570796
95,79,-0.321751
95,80,2.819842
95,83,-0.321751
96,27,0.321751
96,28,-2.819842
96,31,0.321751
96,32,-2.819842
96,39,-0.785398
96,61,2.356194
96,65,0.000000
96,73,-0.321751
96,74,2.819842
96,80,-2.356194
96,84,-1.249046
96,86,-1.570796
96,87,-2.356194
97,27,-1.570796
97,31,-1.570796
97,56,-0.785398
97,60,-0.785398
97,68,-2.356194
97,71,1.570796
97,74,-1.570796
97,77,1.570796
97,80,-1.570796
98,23,-1.249046
98,24,-2.356194
98,30,-0.785398
98,71,-1.570796
98,75,-2.356194
98,77,-1.570796
