10,41,1.249046
10,42,3.141593
11,37,1.249046
11,38,2.356194
11,40,-0.785398
11,61,1.570796
12,63,1.570796
12,64,2.356194
13,22,1.249046
13,23,3.141593
13,37,-2.356194
13,78,2.356194
14,37,0.785398
15,14,1.249046
15,15,2.356194
15,20,-0.785398
15,37,0.000000
15,58,0.321751
16,13,0.321751
16,37,-0.785398
16,46,1.570796
16,58,-1.570796
17,13,-1.570796
17,40,0.785398
17,46,0.000000
17,55,1.892547
17,57,1.570796
18,12,1.570796
18,80,2.356194
19,11,0.321751
19,12,-2.819842
19,40,0.000000
19,46,-0.321751
19,49,3.141593
19,58,2.819842
20,11,-0.785398
20,26,0.785398
20,27,2.356194
20,40,-0.785398
20,52,-0.785398
20,78,0.321751
21,26,-0.785398
21,46,1.570796
21,58,0.000000
21,78,-0.785398
22,46,-2.819842
22,54,0.321751
22,55,-2.819842
22,78,2.356194
23,11,2.356194
23,30,0.785398
23,54,-0.785398
23,63,2.356194
23,76,1.249046
23,78,3.141593
24,63,3.141593
24,66,0.321751
24,78,-2.356194
25,25,0.321751
25,27,2.819842
25,37,2.356194
25,45,-0.785398
25,46,-2.356194
25,47,3.141593
25,54,0.785398
25,60,-1.570796
26,35,1.570796
26,37,-2.356194
26,43,1.249046
26,44,3.141593
26,54,0.000000
26,59,0.000000
26,65,-0.785398
26,66,-2.356194
26,86,2.356194
27,7,0.321751
27,38,0.785398
27,39,2.356194
27,41,0.785398
27,54,-0.785398
27,60,0.000000
27,69,0.785398
27,70,1.570796
28,7,-0.785398
28,14,0.785398
28,35,-2.819842
28,38,-0.785398
28,64,2.819842
29,17,1.892547
29,32,-0.785398
29,40,2.356194
29,41,-0.785398
29,42,-1.570796
29,43,-2.356194
29,73,2.819842
29,77,0.321751
29,79,2.819842
30,13,0.321751
30,38,-0.785398
30,39,-1.892547
30,46,0.785398
30,47,2.356194
30,54,2.356194
30,64,-0.785398
30,65,-2.356194
30,73,-2.356194
30,79,-2.356194
31,17,-1.892547
31,19,-1.570796
31,53,-0.785398
31,54,-2.356194
31,63,-2.356194
31,73,2.356194
32,6,2.356194
32,13,-0.321751
32,21,1.570796
32,22,3.141593
32,46,3.141593
32,71,-2.356194
33,5,0.321751
33,17,1.249046
33,18,2.356194
33,41,0.785398
33,43,1.570796
33,44,3.141593
33,46,-2.356194
33,54,0.321751
33,56,2.819842
33,73,-1.249046
33,74,3.141593
33,88,2.356194
34,5,-0.785398
34,15,0.000000
34,16,-0.785398
34,17,-1.892547
34,82,-2.356194
34,88,3.141593
35,14,-0.785398
35,19,1.249046
35,21,-1.892547
35,31,1.249046
35,32,2.356194
35,40,-0.785398
35,54,0.000000
35,70,2.356194
35,88,-2.356194
36,18,-0.785398
36,19,-1.892547
36,30,-0.785398
36,31,-1.892547
36,42,-1.249046
36,43,3.141593
36,46,2.356194
36,62,-1.570796
36,88,2.356194
37,5,0.785398
37,9,0.785398
37,23,1.249046
37,24,2.356194
37,44,0.000000
37,46,-2.819842
37,53,0.321751
37,54,-2.819842
37,74,2.356194
37,85,0.785398
37,86,1.570796
37,88,3.141593
38,5,0.000000
38,7,1.892547
38,20,1.249046
38,21,2.356194
38,22,-0.785398
38,23,-1.892547
38,31,0.000000
38,34,0.785398
38,35,1.892547
38,53,-0.785398
38,70,-2.356194
38,84,0.785398
38,88,-1.570796
39,17,1.249046
39,18,2.356194
39,19,-0.785398
39,20,-1.892547
39,29,3.141593
39,35,-1.249046
39,36,-2.356194
39,37,3.141593
39,39,0.000000
39,41,3.141593
40,5,-1.570796
40,14,1.249046
40,15,2.356194
40,16,-0.785398
40,17,-1.892547
40,25,-0.785398
40,66,0.000000
40,67,-1.892547
41,3,-0.785398
41,8,-1.570796
41,13,-0.785398
41,14,-1.892547
41,21,1.249046
41,22,2.356194
41,29,3.141593
41,45,0.785398
41,53,0.321751
41,55,3.141593
41,74,0.000000
41,75,0.785398
41,76,1.570796
41,77,3.141593
41,82,0.000000
42,3,0.785398
42,10,2.356194
42,20,-0.785398
42,21,-1.892547
42,38,3.141593
42,45,0.000000
42,49,3.141593
42,53,-1.570796
42,56,0.785398
42,57,2.356194
42,84,-2.356194
43,3,0.000000
43,7,1.249046
43,9,-1.892547
43,16,1.249046
43,17,2.356194
43,52,1.570796
43,56,-0.785398
44,7,-1.892547
44,15,-0.785398
44,16,-1.892547
44,41,0.000000
44,52,3.141593
44,74,1.249046
44,75,3.141593
44,83,2.356194
45,3,0.000000
45,5,-1.892547
45,22,1.249046
45,23,2.356194
45,36,0.000000
45,38,3.141593
45,73,-0.785398
45,74,-1.892547
45,79,1.570796
45,82,-0.785398
46,3,-0.785398
46,18,1.249046
46,19,2.356194
46,21,-0.785398
46,22,-1.892547
46,33,3.141593
46,53,-2.356194
46,54,-0.785398
46,55,-1.570796
46,56,-2.356194
46,71,3.141593
47,6,1.249046
47,7,2.356194
47,15,1.249046
47,16,2.356194
47,17,-0.785398
47,18,-1.892547
47,25,1.249046
47,26,2.356194
47,44,-0.785398
47,46,1.570796
47,70,-0.785398
47,91,-2.356194
48,2,0.321751
48,13,1.249046
48,15,-1.892547
48,24,-0.785398
48,25,-1.892547
48,36,0.000000
48,40,3.141593
48,46,-0.321751
49,2,-0.785398
49,12,-0.785398
49,13,-1.892547
49,29,2.356194
49,31,0.000000
49,34,3.141593
49,48,2.819842
49,76,2.356194
49,88,0.785398
50,2,0.785398
50,7,2.356194
50,8,0.000000
50,15,1.249046
50,16,2.356194
50,26,0.000000
50,75,-0.785398
50,89,-2.356194
51,2,0.000000
51,5,-0.785398
51,6,-1.892547
51,14,-0.785398
51,15,-1.892547
51,23,0.000000
51,24,3.141593
51,31,0.000000
51,42,3.141593
51,47,-0.785398
51,58,-1.570796
51,65,0.000000
52,2,-0.785398
52,8,-0.785398
52,21,3.141593
52,50,2.819842
53,3,1.570796
53,14,0.000000
53,26,0.000000
53,28,3.141593
53,32,0.000000
53,36,3.141593
54,4,-2.356194
54,5,3.141593
54,9,1.249046
54,10,3.141593
54,23,3.141593
54,39,0.000000
54,40,3.141593
54,77,-2.356194
55,7,1.249046
55,9,-1.892547
55,15,1.249046
55,16,2.356194
55,29,3.141593
55,42,0.000000
55,49,0.321751
55,63,0.000000
55,74,0.785398
56,6,0.000000
56,7,-1.892547
56,14,-0.785398
56,15,-1.892547
56,22,0.000000
56,32,0.000000
56,46,3.141593
56,49,-0.785398
56,55,-2.356194
57,4,1.249046
57,5,3.141593
57,20,3.141593
57,49,-1.570796
57,61,3.141593
57,66,-2.356194
57,77,3.141593
58,3,0.000000
58,4,-1.892547
58,33,3.141593
58,43,3.141593
59,2,-0.785398
59,7,-0.785398
59,22,0.000000
59,35,0.000000
59,45,0.000000
59,46,3.141593
60,5,2.356194
60,19,3.141593
60,38,3.141593
60,54,0.785398
60,59,-1.570796
60,65,0.785398
61,3,0.000000
61,25,0.000000
61,28,3.141593
61,30,0.000000
61,32,3.141593
61,50,0.000000
61,56,3.141593
61,66,-2.356194
62,7,1.249046
62,8,3.141593
62,12,1.249046
62,13,2.356194
62,22,0.000000
62,23,3.141593
62,34,0.000000
62,35,3.141593
62,52,-2.356194
62,58,0.785398
63,5,1.249046
63,7,-1.892547
63,11,0.000000
63,12,-1.892547
63,18,0.000000
63,19,3.141593
63,49,0.785398
63,59,0.000000
63,60,1.892547
64,4,0.000000
64,5,-1.892547
64,15,0.000000
64,16,3.141593
64,31,0.000000
64,34,3.141593
64,45,0.000000
64,46,3.141593
64,56,0.785398
65,2,0.000000
65,8,-0.785398
65,13,2.356194
65,40,0.000000
65,90,0.785398
66,12,-0.785398
66,28,0.000000
66,33,3.141593
66,48,0.785398
66,53,0.000000
66,54,1.892547
66,62,-1.249046
66,63,3.141593
66,91,-2.356194
67,5,2.356194
67,15,0.000000
67,16,3.141593
67,35,0.000000
67,49,0.000000
67,50,1.892547
67,54,-1.249046
67,55,3.141593
67,87,0.785398
68,9,3.141593
68,13,2.356194
68,50,-1.249046
68,51,3.141593
69,11,0.000000
69,25,0.000000
69,26,3.141593
69,29,0.000000
69,57,1.570796
69,61,0.000000
70,2,-0.785398
70,37,3.141593
70,48,0.000000
70,49,1.892547
70,53,0.000000
70,54,1.892547
70,58,3.141593
70,62,-1.570796
70,67,-2.356194
71,39,0.785398
71,44,-2.356194
71,59,1.570796
71,91,-2.356194
72,3,0.000000
72,24,0.000000
72,35,0.000000
72,40,-2.356194
72,46,0.785398
72,50,-1.249046
72,51,3.141593
72,60,3.141593
72,64,-2.356194
72,83,0.785398
73,7,2.356194
73,33,3.141593
73,37,-2.356194
73,88,0.785398
74,6,3.141593
74,11,2.356194
74,35,0.785398
74,39,0.785398
74,48,0.000000
74,53,-2.356194
74,57,-1.249046
74,58,3.141593
75,5,-1.570796
75,10,-0.785398
75,27,0.000000
75,36,-2.356194
75,44,0.000000
75,49,-1.570796
75,81,0.785398
75,86,-2.356194
76,8,2.356194
76,32,-2.356194
76,64,-2.356194
76,82,-2.356194
76,90,-1.570796
77,2,-0.785398
77,18,2.356194
77,34,0.785398
77,38,0.000000
77,39,0.785398
77,40,2.356194
77,43,0.785398
77,52,3.141593
77,56,0.785398
77,87,0.785398
78,17,-0.785398
78,29,0.000000
78,30,3.141593
78,40,-1.570796
78,44,-2.356194
78,88,-2.356194
79,20,2.356194
79,37,-2.356194
79,48,-1.570796
79,53,0.785398
79,58,-2.356194
79,62,-2.356194
80,19,-0.785398
80,27,0.000000
80,28,3.141593
80,89,0.785398
81,7,2.356194
81,11,1.570796
81,30,0.000000
81,39,0.785398
81,43,-2.356194
81,50,0.785398
81,55,-2.356194
81,63,0.785398
81,77,0.785398
82,2,-0.785398
82,11,-1.570796
82,21,0.000000
82,22,3.141593
82,40,-2.356194
82,51,-2.356194
82,64,-2.356194
82,78,-2.356194
82,90,-1.570796
83,26,0.000000
83,33,-2.356194
84,3,0.000000
84,48,0.785398
85,30,-2.356194
87,22,1.570796
87,50,-1.570796
88,22,-1.570796
89,19,3.141593
90,7,2.356194
90,15,0.000000
90,25,0.000000
90,41,1.570796
90,65,1.570796
91,6,3.141593
91,35,1.570796
91,38,1.570796
91,41,-1.570796
91,55,1.570796
91,65,-1.570796
91,83,0.785398
92,3,0.785398
92,19,0.000000
92,20,3.141593
92,28,-2.356194
92,31,1.570796
92,35,-1.570796
92,38,-1.570796
92,74,1.570796
92,84,-2.356194
92,90,0.785398
93,15,0.000000
93,16,3.141593
93,31,-1.570796
93,41,0.785398
93,47,0.785398
93,61,1.570796
94,4,-1.570796
94,6,-2.356194
94,39,1.570796
94,53,1.570796
94,59,1.570796
94,66,1.570796
94,72,1.570796
94,91,-1.570796
95,8,2.356194
95,13,2.356194
95,19,0.000000
95,21,3.141593
95,27,1.570796
95,36,1.570796
95,39,-1.570796
95,45,1.570796
95,53,-1.570796
95,56,-1.570796
95,66,-1.570796
95,78,0.785398
96,3,-1.570796
96,12,-1.570796
96,14,-2.356194
96,36,-1.570796
96,51,1.570796
96,59,-1.570796
96,72,-1.570796
96,89,0.785398
97,7,2.356194
97,9,0.785398
97,24,0.000000
97,25,3.141593
97,32,1.570796
97,48,-1.570796
97,54,1.570796
97,67,1.570796
97,90,-2.356194
98,5,0.000000
98,6,-0.785398
98,28,-1.570796
98,32,-1.570796
98,42,-1.570796
98,45,-1.570796
98,51,-1.570796
98,54,-1.570796
98,62,-1.570796
98,67,-1.570796
98,76,-1.570796
98,79,-1.570796
