4,37,1.249046
4,38,2.356194
4,56,0.785398
4,57,2.356194
5,30,1.249046
5,31,2.356194
5,49,1.249046
5,50,3.141593
5,57,-2.356194
5,64,2.356194
6,37,-2.356194
7,23,1.249046
7,24,2.356194
7,28,-0.785398
7,65,2.819842
7,78,2.356194
8,37,0.785398
8,43,1.249046
8,62,-0.321751
9,19,1.249046
9,20,3.141593
9,23,-1.570796
9,31,0.785398
9,32,2.356194
9,45,-1.249046
9,50,0.785398
9,59,2.356194
9,65,-2.356194
10,31,-0.785398
10,36,-0.785398
10,37,-1.892547
10,39,-1.570796
10,57,-0.785398
10,58,-1.892547
10,62,-0.785398
10,63,-1.892547
10,67,2.356194
10,73,0.321751
11,49,0.321751
12,49,-1.570796
12,69,0.321751
12,75,-2.819842
13,33,2.356194
13,38,0.785398
13,41,-2.356194
13,42,0.785398
13,43,1.570796
13,45,1.570796
13,46,2.356194
13,48,0.000000
13,63,0.321751
13,86,2.819842
14,16,-1.570796
14,49,1.570796
14,60,0.785398
14,61,1.892547
14,80,1.249046
14,82,1.570796
15,36,0.785398
15,37,1.570796
15,57,2.356194
15,63,3.141593
15,74,-1.570796
15,75,-2.356194
15,77,0.785398
15,78,1.570796
15,86,-2.819842
16,51,-1.570796
16,56,-1.570796
16,63,-2.356194
16,72,-0.785398
16,80,-1.249046
17,28,1.249046
17,29,2.356194
17,42,1.249046
17,44,1.892547
17,66,0.321751
18,27,0.321751
18,31,-2.356194
18,36,0.321751
18,38,-2.356194
18,39,0.785398
18,49,0.785398
18,50,1.570796
18,57,2.356194
18,58,-0.785398
18,59,-1.892547
18,66,-0.785398
19,22,0.785398
19,23,1.570796
19,25,1.892547
19,76,1.249046
19,78,-1.570796
19,79,-2.356194
19,82,0.785398
19,83,1.570796
19,87,2.356194
20,27,-1.570796
20,28,-2.356194
20,35,-0.785398
20,36,-1.570796
20,37,-2.356194
20,38,0.785398
20,47,2.356194
20,57,-2.356194
21,39,-1.249046
21,49,0.000000
21,59,0.000000
21,60,0.000000
21,64,0.000000
21,65,0.000000
21,69,3.141593
21,83,-2.819842
22,31,2.356194
22,41,-1.570796
22,44,-0.785398
22,48,3.141593
22,53,-1.570796
22,61,0.000000
22,62,3.141593
22,66,0.000000
22,71,1.249046
22,72,2.356194
22,81,0.321751
22,91,3.141593
23,28,0.785398
23,29,1.570796
23,54,0.000000
23,55,3.141593
23,59,0.000000
23,60,0.000000
23,69,2.356194
23,70,-0.785398
23,71,-1.892547
23,78,0.000000
23,79,1.892547
24,13,2.356194
24,34,0.785398
24,41,0.785398
24,44,1.249046
24,53,0.000000
24,61,0.000000
24,62,3.141593
24,66,0.000000
24,75,-0.321751
25,49,-1.570796
25,50,-2.356194
25,51,0.000000
25,54,0.000000
25,55,3.141593
25,59,1.249046
25,65,0.000000
25,70,3.141593
25,76,-1.249046
25,77,-2.356194
25,78,0.000000
25,82,-2.356194
25,83,0.785398
25,84,1.570796
25,86,-1.570796
26,11,0.321751
26,34,0.785398
26,40,0.321751
26,53,3.141593
26,61,0.000000
26,63,0.000000
26,66,0.000000
26,67,3.141593
26,72,0.000000
26,73,3.141593
26,80,-1.892547
26,88,-2.356194
27,11,-1.570796
27,31,-1.249046
27,32,-2.356194
27,33,0.000000
27,47,-2.819842
27,51,0.000000
27,60,-2.356194
27,64,0.000000
27,65,0.000000
27,69,0.000000
27,70,3.141593
27,76,0.000000
27,78,0.000000
27,84,-0.321751
27,85,2.819842
27,88,2.356194
28,24,2.356194
28,28,3.141593
28,34,-0.785398
28,35,-1.570796
28,50,0.000000
28,53,0.000000
28,63,0.000000
28,66,0.000000
28,67,3.141593
28,73,0.000000
28,81,0.785398
28,82,1.892547
28,87,0.000000
28,88,-2.356194
29,43,0.000000
29,47,0.000000
29,48,0.000000
29,51,0.000000
29,65,3.141593
29,77,2.356194
29,78,-0.785398
29,82,-1.249046
29,83,-2.356194
29,84,-0.785398
29,89,0.000000
30,28,-0.785398
30,29,-2.356194
30,37,0.000000
30,46,-0.785398
30,62,0.000000
30,63,-0.785398
30,68,3.141593
30,80,-2.356194
30,90,-2.356194
31,27,3.141593
31,44,2.356194
31,53,0.785398
31,70,0.785398
31,71,1.892547
31,73,0.000000
31,74,-1.892547
31,76,-1.570796
31,84,0.000000
31,85,-0.785398
31,86,-1.570796
31,87,3.141593
32,36,-0.785398
32,37,-1.570796
32,42,0.000000
32,43,0.000000
32,53,-0.321751
32,55,2.356194
32,59,-0.785398
32,69,0.785398
32,79,-0.785398
32,80,-1.570796
32,81,-2.356194
32,82,3.141593
32,90,2.356194
33,29,2.356194
33,32,0.000000
33,41,-0.785398
33,57,-2.356194
33,71,-1.892547
33,90,3.141593
34,21,0.321751
34,28,0.000000
34,31,0.785398
34,39,2.356194
34,46,-2.356194
34,55,-2.356194
34,66,1.249046
34,67,2.356194
34,68,-0.785398
34,82,3.141593
34,90,-1.570796
35,9,0.321751
35,11,3.141593
35,26,-1.892547
35,29,0.000000
35,30,0.000000
35,38,-0.785398
35,57,2.356194
35,70,-2.356194
35,86,0.785398
35,87,1.892547
36,9,-0.785398
36,21,0.000000
36,34,0.785398
36,36,2.356194
36,56,0.785398
36,66,-1.249046
36,67,-2.356194
36,68,3.141593
36,83,0.785398
37,21,-1.570796
37,23,-1.570796
37,32,-2.356194
37,35,-0.785398
37,38,2.356194
37,55,0.785398
37,62,0.000000
37,63,-1.570796
37,64,3.141593
37,78,0.000000
37,79,0.785398
37,80,2.356194
37,84,-1.249046
37,86,2.356194
38,14,0.785398
38,15,2.356194
38,24,0.785398
38,25,2.356194
38,26,0.000000
38,65,0.785398
38,67,1.892547
38,69,1.249046
38,71,-1.570796
38,72,-2.356194
38,75,3.141593
38,86,-2.356194
38,89,-1.249046
38,90,-2.356194
39,14,-0.785398
39,24,-1.570796
39,35,0.000000
39,42,3.141593
39,58,-1.570796
39,59,-2.356194
39,60,-0.785398
39,61,-1.570796
39,62,-2.356194
39,69,-1.892547
39,80,-0.321751
40,31,0.785398
40,37,-2.356194
40,53,3.141593
40,65,-1.570796
40,67,-1.892547
40,73,0.000000
40,75,3.141593
40,87,0.000000
41,29,2.356194
41,36,3.141593
41,39,-0.785398
41,62,0.000000
41,69,0.000000
41,71,3.141593
41,82,-1.249046
41,83,3.141593
42,24,2.356194
42,34,0.000000
42,35,-1.892547
42,53,-2.356194
42,54,0.000000
42,65,0.000000
42,67,3.141593
42,75,3.141593
42,84,0.000000
42,85,1.892547
42,89,3.141593
43,22,1.249046
43,30,0.785398
43,44,1.892547
43,71,0.000000
43,79,0.000000
43,80,0.785398
43,85,-1.249046
43,90,0.000000
44,21,0.000000
44,24,0.000000
44,28,0.000000
44,31,0.000000
44,32,2.356194
44,51,-1.249046
44,52,-2.356194
44,54,0.000000
44,57,0.000000
44,59,3.141593
44,64,0.000000
44,75,0.785398
44,76,1.892547
44,91,-2.356194
45,19,1.249046
45,20,3.141593
45,23,-2.356194
45,34,1.249046
45,35,2.356194
45,36,0.785398
45,55,-2.356194
45,68,2.356194
45,76,-1.249046
45,77,3.141593
45,82,3.141593
45,87,-0.321751
45,91,2.356194
46,18,-0.785398
46,32,0.000000
46,65,0.000000
46,66,-0.785398
46,67,-1.892547
46,78,1.570796
46,83,0.000000
46,84,1.892547
46,91,-2.819842
47,8,0.785398
47,16,3.141593
47,32,-1.570796
47,34,-1.570796
47,37,-1.570796
47,43,0.000000
47,44,-0.785398
47,49,0.785398
47,53,2.356194
47,72,0.000000
47,73,0.785398
47,74,1.892547
47,78,-0.321751
47,87,1.570796
48,8,-0.785398
48,9,3.141593
48,19,0.000000
48,20,-1.892547
48,22,0.000000
48,23,1.570796
48,24,2.356194
48,31,0.785398
48,35,0.000000
48,36,0.000000
48,40,0.000000
48,41,0.785398
48,42,2.356194
48,47,0.785398
48,50,0.000000
48,58,3.141593
48,65,0.000000
48,69,3.141593
48,84,-0.785398
48,91,-2.356194
49,18,1.570796
49,29,1.570796
49,30,3.141593
49,32,0.785398
49,37,0.000000
49,38,0.785398
49,42,-2.356194
49,49,0.000000
49,54,0.000000
49,55,0.000000
49,60,0.000000
49,63,3.141593
49,75,-1.249046
49,76,3.141593
49,81,2.819842
50,22,-0.785398
50,23,-2.356194
50,26,0.000000
50,36,0.000000
50,40,-2.356194
50,50,-2.356194
50,56,0.000000
50,72,0.785398
50,81,-1.570796
50,88,0.785398
51,20,3.141593
51,24,0.000000
51,25,0.000000
51,29,-2.356194
51,37,0.000000
51,38,0.000000
51,47,2.356194
51,48,3.141593
51,52,0.000000
51,54,3.141593
51,60,0.000000
51,61,3.141593
51,82,0.000000
51,83,2.356194
51,86,2.819842
51,89,1.570796
52,22,0.785398
52,27,3.141593
52,30,0.000000
52,36,0.000000
52,39,0.000000
52,40,0.785398
52,46,-0.785398
52,56,-0.785398
52,58,-2.356194
52,70,1.570796
52,74,1.570796
52,83,-2.356194
52,86,-1.570796
52,89,-0.321751
53,29,1.570796
53,37,0.000000
53,38,0.000000
53,48,3.141593
53,62,2.356194
53,64,3.141593
53,74,-0.321751
53,83,0.785398
53,91,2.819842
54,27,0.000000
54,32,-0.785398
54,36,1.570796
54,39,0.785398
54,41,3.141593
54,76,2.819842
54,83,-0.321751
54,84,2.819842
54,91,-2.356194
55,17,0.785398
55,24,2.356194
55,30,1.570796
55,33,-0.785398
55,36,-2.819842
55,46,0.000000
55,47,0.785398
55,52,0.000000
55,53,3.141593
55,60,-0.785398
55,76,-1.570796
55,88,1.570796
55,91,-1.570796
56,7,0.785398
56,16,3.141593
56,28,2.356194
56,30,-0.321751
56,31,2.819842
56,48,-2.356194
56,55,0.785398
56,77,1.570796
56,81,1.570796
56,84,-0.321751
56,85,2.819842
56,88,-0.321751
56,89,2.819842
57,7,-0.785398
57,8,3.141593
57,15,-1.570796
57,21,0.321751
57,26,2.356194
57,27,-0.785398
57,28,-2.356194
57,31,-2.356194
57,36,-2.356194
57,37,0.785398
57,47,1.570796
57,56,-2.356194
57,58,0.000000
57,59,3.141593
57,69,0.000000
57,70,1.570796
57,72,-1.570796
57,77,-0.321751
57,78,2.819842
57,81,-0.321751
57,82,2.819842
57,85,-2.356194
57,89,-1.570796
58,13,1.249046
58,14,3.141593
58,21,-1.570796
58,30,3.141593
58,33,0.321751
58,46,-0.785398
58,47,-2.356194
58,53,1.570796
58,61,0.000000
58,63,3.141593
58,74,-1.570796
58,82,-2.356194
58,85,0.785398
59,20,1.570796
59,24,-1.570796
59,28,0.321751
59,33,-1.570796
59,42,-0.785398
59,53,-1.570796
59,56,0.785398
59,59,2.356194
59,78,-0.321751
59,79,2.819842
59,85,-0.321751
59,86,2.819842
59,90,-1.570796
60,15,2.356194
60,16,-0.785398
60,20,3.141593
60,28,-1.570796
60,30,1.570796
60,58,0.000000
60,79,-1.570796
60,86,-2.356194
61,22,1.570796
61,42,-1.570796
61,59,0.000000
61,60,0.785398
61,64,0.785398
61,66,-1.570796
61,68,-1.570796
61,76,-2.356194
61,86,-1.570796
62,20,-0.785398
62,22,3.141593
62,26,1.570796
62,29,0.321751
62,33,2.356194
62,53,0.000000
62,54,1.892547
62,58,-0.785398
62,61,-1.570796
62,83,-1.570796
63,6,0.785398
63,16,1.570796
63,19,1.570796
63,22,-1.570796
63,49,0.785398
63,55,2.819842
63,62,1.570796
63,65,-0.321751
63,66,2.819842
63,77,1.570796
63,90,1.570796
64,6,0.000000
64,8,1.892547
64,19,-2.819842
64,23,0.785398
64,25,-1.892547
64,27,0.000000
64,29,-2.819842
64,37,1.570796
64,43,1.570796
64,50,0.000000
64,51,1.892547
64,55,-1.570796
64,62,-0.321751
64,63,2.819842
64,66,-2.356194
64,77,0.785398
64,84,1.570796
65,37,-2.819842
65,51,-1.249046
65,52,3.141593
65,77,-0.321751
65,78,2.819842
65,84,-1.570796
65,88,1.570796
66,6,-0.321751
66,14,-0.785398
66,21,2.356194
66,23,3.141593
66,27,0.785398
66,35,0.321751
66,39,2.356194
66,47,0.785398
66,63,-0.321751
66,64,2.819842
66,78,-2.356194
67,14,0.000000
67,23,-2.356194
67,27,-0.785398
67,29,-1.570796
67,30,3.141593
67,35,-1.570796
67,60,0.785398
67,64,-2.356194
67,71,0.785398
67,78,0.785398
67,85,1.570796
67,91,-1.570796
68,11,1.249046
68,12,2.356194
68,17,3.141593
68,20,-2.819842
68,31,2.356194
68,34,-0.785398
68,50,3.141593
68,71,-0.321751
68,72,2.819842
68,75,1.570796
68,78,-0.321751
68,79,2.819842
68,85,-1.570796
69,6,0.321751
69,9,1.570796
69,15,-0.785398
69,26,2.356194
69,30,0.321751
69,41,2.356194
69,45,0.785398
69,72,-2.356194
69,75,-0.321751
69,76,2.819842
69,79,-2.356194
70,6,-1.570796
70,18,-0.785398
70,22,0.785398
70,26,-2.819842
70,30,-1.570796
70,46,-2.356194
70,76,-2.356194
70,79,-1.570796
70,86,1.570796
70,89,0.785398
71,51,0.785398
71,89,-0.321751
71,90,2.819842
72,14,1.570796
72,18,-1.570796
72,29,-1.570796
72,42,0.785398
72,49,1.570796
72,55,-1.570796
72,62,-1.570796
72,80,1.570796
72,90,-2.356194
73,13,0.321751
73,14,-2.819842
73,24,0.785398
73,59,-1.570796
73,69,0.785398
73,73,-1.570796
73,76,-1.570796
73,83,0.785398
73,90,-1.570796
74,24,0.000000
74,39,2.356194
74,43,-1.570796
74,56,1.570796
74,69,-0.321751
74,70,2.819842
74,83,-0.321751
74,84,2.819842
75,13,-0.785398
75,14,3.141593
75,19,0.785398
75,24,-0.785398
75,26,0.000000
75,38,0.321751
75,39,-2.819842
75,52,-1.570796
75,60,1.570796
75,70,-2.356194
75,73,1.570796
75,84,-2.356194
75,87,0.785398
76,15,0.785398
76,24,2.356194
76,27,-2.356194
76,38,-0.785398
76,42,1.570796
76,50,-2.356194
76,56,-1.570796
76,66,-1.570796
76,70,-1.570796
76,80,-1.570796
76,87,-0.321751
77,20,-1.570796
77,22,1.570796
77,24,3.141593
77,42,-1.570796
77,53,1.570796
77,77,1.570796
78,14,0.321751
78,24,-2.356194
78,27,-1.570796
78,57,1.570796
78,77,-1.570796
78,90,-2.356194
78,91,3.141593
79,14,-1.570796
79,17,-2.356194
79,22,-0.321751
79,42,1.570796
79,81,1.570796
79,84,-1.570796
79,88,-0.785398
80,5,0.785398
80,17,-1.570796
80,20,1.570796
80,23,-2.356194
80,38,-2.356194
80,46,-1.570796
80,50,1.570796
80,57,-1.570796
80,60,-1.570796
80,74,-1.570796
80,91,1.570796
81,5,0.000000
81,26,1.570796
81,34,-1.570796
81,50,-1.570796
81,77,1.570796
81,88,1.570796
81,91,-1.570796
82,5,-0.785398
82,16,1.570796
82,20,-1.570796
82,38,1.570796
82,42,-1.570796
82,77,0.785398
82,81,-1.570796
82,88,0.785398
83,23,-1.570796
83,38,-1.570796
83,58,1.570796
83,77,-0.321751
83,78,2.819842
83,88,-0.321751
83,89,2.819842
84,42,1.570796
84,81,1.570796
84,89,-2.356194
85,37,0.785398
85,77,0.321751
85,78,-2.819842
85,89,-1.570796
86,34,1.570796
86,42,-1.570796
86,51,1.570796
86,77,-0.785398
87,23,1.570796
87,26,0.000000
87,30,2.356194
87,38,-1.570796
87,58,-1.570796
87,81,-1.570796
87,84,1.570796
88,5,0.785398
88,11,1.570796
88,15,1.570796
88,30,3.141593
88,43,1.570796
88,51,-1.570796
88,84,-1.570796
88,90,1.570796
89,5,0.000000
89,7,1.570796
89,8,2.356194
89,15,3.141593
89,26,-0.785398
89,27,-1.570796
89,30,-2.356194
89,43,-1.570796
89,76,-0.785398
90,13,3.141593
90,15,-2.356194
90,29,0.000000
90,34,-1.570796
90,47,1.570796
90,87,1.570796
90,90,-1.570796
91,5,0.000000
91,15,0.785398
91,23,-1.570796
91,29,-1.570796
91,87,-1.570796
92,5,-0.785398
92,11,0.321751
92,15,-0.785398
92,16,-2.356194
92,17,0.785398
92,55,-2.356194
93,29,0.000000
93,30,3.141593
93,90,1.570796
94,8,1.249046
94,9,2.356194
94,10,-0.785398
94,11,-1.570796
94,19,2.819842
94,39,2.356194
94,48,-2.356194
95,7,-0.785398
95,15,1.570796
95,31,1.570796
96,17,-1.570796
96,26,3.141593
96,44,2.356194
96,90,-1.570796
97,14,0.000000
97,15,-1.892547
97,19,-1.249046
97,20,-2.356194
97,31,2.356194
97,72,1.570796
97,84,1.570796
98,28,-0.785398
98,30,-0.785398
98,39,-1.570796
98,43,-1.570796
98,72,-1.570796
98,84,-1.570796
