4,35,1.249046
4,36,2.356194
6,16,0.785398
6,17,1.570796
6,18,2.356194
6,23,0.785398
6,24,1.892547
6,27,1.249046
6,29,1.570796
6,30,3.141593
6,35,-1.570796
6,44,1.570796
7,9,3.141593
7,55,1.249046
7,56,3.141593
8,8,-0.785398
8,29,-1.570796
8,30,3.141593
8,71,1.249046
9,8,2.356194
9,24,0.000000
9,42,0.000000
9,43,-1.892547
9,49,2.356194
10,7,0.321751
10,27,-2.356194
10,36,0.321751
10,40,1.570796
10,41,3.141593
11,7,-0.785398
11,24,3.141593
12,52,-2.356194
12,78,0.785398
12,79,1.570796
12,80,2.356194
13,22,-0.785398
13,71,0.000000
13,73,-1.892547
14,13,0.785398
14,14,1.570796
14,15,2.356194
14,16,-0.785398
14,17,-1.570796
14,18,-2.356194
14,20,0.785398
14,21,2.356194
14,24,-1.249046
14,25,-2.356194
14,26,-0.785398
14,27,-1.570796
14,28,3.141593
14,31,0.000000
14,32,-1.570796
14,33,-2.356194
14,49,-2.819842
14,52,0.785398
15,21,-2.356194
15,38,-2.819842
15,52,-0.785398
15,53,3.141593
15,71,-2.819842
15,78,0.321751
15,80,2.819842
16,7,2.356194
16,51,1.570796
16,84,0.785398
17,6,0.321751
17,14,2.356194
17,37,-1.249046
17,38,-2.356194
17,45,-0.785398
17,46,-1.892547
17,77,0.321751
17,84,0.000000
18,6,-1.570796
18,8,0.785398
18,9,2.356194
18,22,-2.356194
18,26,0.785398
18,27,1.892547
18,52,2.819842
18,57,0.785398
18,58,1.570796
18,59,2.356194
18,66,-0.785398
18,69,-2.819842
18,77,-0.785398
19,8,-0.785398
19,16,1.570796
19,18,1.570796
19,31,-0.785398
19,32,-1.570796
19,35,2.819842
19,49,-0.321751
19,84,-0.321751
20,27,-0.785398
20,35,-2.356194
20,68,2.356194
21,18,-1.570796
21,27,2.356194
21,50,-0.785398
21,66,1.249046
22,20,-1.249046
22,21,-2.356194
22,22,0.785398
22,23,1.570796
22,24,2.356194
22,70,1.570796
22,76,0.321751
22,78,2.819842
22,82,1.249046
23,27,-1.249046
23,28,-2.356194
23,29,0.785398
23,30,1.892547
23,81,0.321751
24,5,0.785398
24,16,-1.570796
24,17,3.141593
24,23,2.356194
24,32,0.785398
24,33,1.570796
24,35,-1.570796
24,37,1.892547
24,57,0.321751
24,59,2.819842
24,72,-2.356194
24,84,-2.819842
25,5,0.000000
25,12,0.785398
25,18,0.785398
25,19,2.356194
25,23,3.141593
25,30,-0.785398
25,39,0.785398
25,40,1.570796
25,41,2.356194
25,49,-0.785398
25,50,-1.570796
25,51,3.141593
25,62,0.321751
25,73,2.356194
25,88,0.321751
25,90,2.819842
26,18,-0.785398
26,33,2.356194
26,37,-0.785398
26,52,0.000000
26,53,1.570796
26,54,2.356194
26,56,-0.785398
26,59,-2.819842
26,62,-0.785398
26,71,-2.356194
27,5,-0.785398
27,6,3.141593
27,18,2.356194
27,22,0.321751
27,24,-2.356194
27,27,0.785398
27,28,1.570796
27,30,-1.570796
27,31,-2.356194
27,32,-0.785398
27,33,-2.356194
27,37,2.356194
27,62,2.356194
27,73,-1.249046
27,74,-2.356194
28,87,-0.785398
28,88,-1.892547
29,12,-0.785398
29,13,-1.570796
29,14,-2.356194
29,18,-1.249046
29,19,-2.356194
29,21,-0.785398
29,39,-0.785398
29,40,-1.570796
29,41,-2.356194
29,62,-1.249046
29,63,-2.356194
29,65,0.785398
29,66,1.892547
30,37,-0.785398
30,44,0.785398
30,45,1.570796
30,46,2.356194
30,53,2.356194
30,66,-1.249046
30,68,1.892547
31,27,-0.785398
31,28,-1.570796
31,29,-2.356194
31,52,-0.785398
31,53,-2.356194
32,45,2.356194
32,75,0.785398
32,76,2.356194
32,78,-0.785398
32,79,-1.570796
32,80,-2.356194
33,35,1.892547
33,68,3.141593
33,75,-0.785398
33,88,3.141593
34,3,0.785398
34,37,-1.570796
34,38,-2.356194
34,46,-2.356194
34,54,-0.785398
34,57,2.356194
34,59,0.785398
34,60,2.356194
34,68,-1.570796
35,3,-0.321751
35,5,2.356194
35,30,-0.785398
35,31,-1.892547
35,44,1.570796
35,60,-1.570796
35,70,2.356194
35,71,3.141593
35,75,0.785398
36,19,1.249046
36,20,2.356194
36,33,-0.785398
36,44,-2.819842
36,68,0.000000
36,69,-1.892547
36,77,3.141593
37,16,1.249046
37,17,2.356194
37,37,1.892547
37,41,1.249046
37,43,-1.892547
37,47,1.249046
37,48,2.356194
37,50,3.141593
37,62,1.570796
37,66,1.249046
37,67,3.141593
37,74,-0.785398
37,75,-1.892547
38,4,0.785398
38,19,-2.356194
38,40,-0.785398
38,41,-1.892547
38,52,1.570796
38,64,2.356194
38,65,-0.785398
38,70,1.249046
38,71,2.356194
38,85,0.785398
38,86,1.892547
39,4,-0.321751
39,6,2.356194
39,16,-2.356194
39,19,0.785398
39,31,1.249046
39,43,1.249046
39,44,2.356194
39,45,-0.785398
39,50,3.141593
39,52,0.785398
39,61,-0.785398
39,68,2.356194
39,69,-0.785398
39,70,-1.892547
39,76,1.249046
39,77,2.356194
39,89,3.141593
40,19,-0.785398
40,20,-2.356194
40,36,-1.892547
40,41,1.249046
40,43,-1.892547
40,48,3.141593
40,58,1.249046
40,59,3.141593
40,67,-1.892547
40,74,1.249046
40,76,-1.892547
40,86,-0.785398
41,4,0.321751
41,6,2.819842
41,15,-0.785398
41,16,-1.570796
41,17,-2.356194
41,28,0.321751
41,34,-1.892547
41,39,1.249046
41,41,-1.892547
41,51,-0.785398
41,56,2.356194
41,57,-0.785398
41,58,-1.892547
41,63,-0.785398
41,70,0.785398
41,71,1.570796
41,72,2.356194
42,12,1.249046
42,13,3.141593
42,37,1.249046
42,39,-1.892547
42,43,1.249046
42,44,3.141593
42,49,3.141593
42,55,-1.892547
42,60,1.249046
42,61,3.141593
42,74,-1.570796
43,4,-0.785398
43,6,-1.570796
43,7,-2.356194
43,35,1.249046
43,37,-1.892547
43,41,1.249046
43,46,0.000000
43,51,1.249046
43,53,-1.892547
43,58,0.000000
43,67,2.356194
43,68,-0.785398
43,69,-1.570796
43,76,2.356194
43,85,-0.785398
43,86,-1.570796
43,87,-2.356194
43,89,3.141593
44,12,-2.356194
44,27,-0.785398
44,28,-1.892547
44,40,-0.785398
44,51,-1.892547
44,63,-0.785398
44,74,0.000000
44,75,-1.892547
45,12,0.785398
45,30,-0.785398
45,32,-1.892547
45,47,1.249046
45,49,-1.892547
45,53,1.249046
45,54,2.356194
45,55,3.141593
46,29,1.570796
46,36,3.141593
46,40,1.249046
46,46,0.000000
46,47,-1.892547
46,51,1.249046
46,53,-1.892547
46,57,1.249046
46,59,-1.892547
46,69,1.249046
46,70,2.356194
46,78,0.785398
46,79,1.570796
46,80,2.356194
46,81,0.785398
46,82,1.892547
47,3,0.785398
47,11,-0.785398
47,12,-1.892547
47,29,-2.819842
47,38,1.249046
47,40,-1.892547
47,44,2.356194
47,49,1.249046
47,51,-1.892547
47,55,1.249046
47,57,-1.892547
47,62,0.785398
47,82,-1.249046
47,83,-2.356194
47,85,0.785398
47,86,1.892547
48,3,0.000000
48,27,-0.785398
48,37,-0.785398
48,38,-1.892547
48,48,-0.785398
48,49,-1.892547
48,54,0.321751
48,62,-0.785398
48,63,-2.356194
48,73,0.785398
48,74,2.356194
48,86,-1.249046
48,87,-2.356194
49,3,-0.785398
49,20,1.249046
49,21,2.356194
49,29,0.000000
49,30,1.570796
49,31,3.141593
49,35,-1.570796
49,40,1.249046
49,42,-1.892547
49,46,-0.785398
49,61,1.570796
49,68,0.321751
49,70,-2.356194
49,79,2.356194
49,91,-2.356194
50,34,-0.785398
50,39,-0.785398
50,40,-1.892547
50,60,-0.785398
50,68,-1.570796
50,77,0.785398
51,20,-2.356194
51,27,1.249046
51,30,-2.819842
51,36,1.249046
51,37,3.141593
51,42,2.356194
51,48,3.141593
51,52,0.785398
51,65,1.249046
51,66,2.356194
51,73,0.000000
51,74,-1.892547
51,80,-2.356194
51,83,0.785398
51,84,1.892547
52,3,0.785398
52,7,1.249046
52,8,2.356194
52,26,-0.785398
52,27,-1.892547
52,35,0.000000
52,36,-1.892547
52,51,0.785398
52,55,-1.892547
52,64,-0.785398
52,65,-1.892547
52,78,-0.785398
52,84,-1.249046
52,85,-2.356194
52,87,0.785398
52,88,1.892547
53,3,0.000000
53,18,1.249046
53,20,-1.570796
53,21,-2.356194
53,33,1.249046
53,34,3.141593
53,41,0.785398
53,60,1.249046
53,61,2.356194
53,78,2.356194
53,88,-1.249046
53,89,-2.356194
53,90,3.141593
54,3,-1.570796
54,7,-2.356194
54,17,-0.785398
54,18,-1.892547
54,28,0.000000
54,31,1.249046
54,33,-1.892547
54,37,2.356194
54,59,-0.785398
54,60,-1.892547
54,65,1.249046
54,66,2.356194
54,77,-0.785398
54,78,-2.356194
55,7,0.785398
55,12,1.249046
55,13,2.356194
55,25,1.249046
55,26,3.141593
55,31,-1.892547
55,35,1.249046
55,39,1.249046
55,41,-1.892547
55,47,1.249046
55,56,1.249046
55,57,3.141593
55,64,-0.785398
55,65,-1.892547
56,11,-0.785398
56,12,-1.892547
56,23,1.249046
56,25,-1.892547
56,33,1.249046
56,39,-1.892547
56,46,-0.785398
56,54,2.356194
56,55,-0.785398
56,61,0.785398
56,62,2.356194
56,68,1.249046
56,69,2.356194
57,20,1.249046
57,21,2.356194
57,22,-0.785398
57,23,-1.892547
57,32,0.000000
57,33,-1.892547
57,37,-1.892547
57,51,-1.892547
57,58,2.356194
57,67,-0.785398
57,68,-1.892547
58,5,-0.785398
58,6,-1.892547
58,19,-0.785398
58,20,-1.892547
58,25,1.249046
58,27,-1.892547
58,46,1.249046
58,48,-1.892547
58,53,0.785398
58,56,0.000000
58,57,-1.892547
58,72,1.249046
58,73,2.356194
58,90,3.141593
59,3,0.000000
59,33,1.249046
59,34,3.141593
59,53,-0.785398
59,54,-2.356194
59,61,0.000000
59,62,-1.892547
59,71,-0.785398
59,72,-1.892547
60,27,1.249046
60,28,3.141593
60,32,0.000000
60,33,-1.892547
60,39,1.249046
60,41,-1.570796
60,42,-2.356194
60,49,1.249046
60,50,2.356194
60,51,0.785398
60,52,2.356194
60,58,1.249046
60,59,2.356194
60,81,0.785398
60,82,1.892547
61,3,0.785398
61,9,0.785398
61,10,2.356194
61,22,-0.785398
61,27,-1.892547
61,36,1.249046
61,37,2.356194
61,47,1.570796
61,57,-0.785398
61,58,-1.892547
61,64,1.249046
61,65,2.356194
61,82,-1.249046
61,83,-2.356194
62,10,-1.570796
62,25,-1.892547
62,33,0.785398
62,39,-1.570796
62,43,1.249046
62,49,-1.570796
62,54,2.356194
62,63,-0.785398
62,74,0.785398
62,75,1.892547
63,2,0.321751
63,11,1.570796
63,23,1.570796
63,28,-0.785398
63,41,2.356194
63,42,-0.785398
63,59,1.249046
63,60,3.141593
63,66,2.356194
63,75,-1.249046
63,76,-2.356194
64,2,-0.785398
64,11,-0.785398
64,12,-2.356194
64,21,1.249046
64,26,2.356194
64,32,1.249046
64,34,-1.892547
64,38,1.249046
64,40,-1.892547
64,44,0.000000
64,45,0.000000
64,53,-1.570796
64,57,1.249046
64,59,-1.892547
64,90,-2.356194
65,20,0.000000
65,21,-1.892547
65,30,1.249046
65,43,0.000000
65,47,2.356194
65,48,-0.785398
65,49,-1.892547
65,55,2.356194
65,56,-0.785398
65,57,-1.892547
65,62,1.249046
65,64,-1.892547
65,82,0.785398
65,83,1.892547
66,2,0.785398
66,29,-0.785398
66,34,1.570796
66,40,2.356194
66,41,0.000000
66,46,-1.892547
66,52,1.249046
66,54,-1.892547
66,59,1.249046
66,60,2.356194
66,61,-0.785398
66,62,-1.892547
66,67,1.249046
66,68,2.356194
66,83,-1.249046
66,84,3.141593
67,3,-2.356194
67,22,0.785398
67,26,1.249046
67,27,3.141593
67,44,-1.892547
67,50,1.249046
67,57,1.249046
67,59,-1.892547
67,66,-0.785398
67,67,-1.892547
67,86,0.785398
68,40,0.000000
68,41,-0.785398
68,42,-1.892547
68,49,-0.785398
68,53,1.570796
68,55,1.249046
68,57,-1.892547
68,62,1.249046
68,63,2.356194
68,87,-1.570796
69,21,-0.785398
69,22,-1.892547
69,27,0.000000
69,28,1.570796
69,29,2.356194
69,61,0.321751
70,16,1.249046
70,17,2.356194
70,24,0.785398
70,33,-1.570796
70,35,-1.570796
70,36,3.141593
70,38,1.570796
70,42,1.249046
70,43,2.356194
70,66,1.249046
70,67,2.356194
70,82,0.000000
70,83,1.892547
70,91,3.141593
71,24,0.000000
71,27,-0.785398
71,28,-1.570796
71,29,-2.356194
71,30,-0.785398
71,31,-1.892547
71,51,-0.785398
71,52,-1.892547
71,57,0.785398
71,58,1.570796
71,59,2.356194
72,14,-0.785398
72,20,0.785398
72,21,1.892547
72,24,-1.570796
72,46,1.570796
72,66,-1.249046
72,67,3.141593
72,83,-0.785398
73,18,0.000000
73,21,-1.249046
73,22,-2.356194
73,37,0.000000
73,61,0.785398
74,29,0.000000
74,44,-0.785398
74,45,-1.892547
74,47,-2.356194
74,50,0.785398
74,52,2.356194
74,58,-1.570796
74,62,3.141593
74,71,0.785398
74,72,1.892547
74,81,0.785398
74,90,3.141593
75,3,1.570796
75,27,3.141593
75,72,-1.249046
75,73,-2.356194
75,82,-1.249046
75,83,3.141593
76,3,-0.785398
76,4,-2.356194
76,12,1.249046
76,13,2.356194
76,55,0.000000
76,66,1.570796
76,76,0.785398
76,77,1.892547
77,2,-0.785398
77,10,2.356194
77,11,-0.785398
77,12,-1.892547
77,17,1.249046
77,18,2.356194
77,31,0.000000
77,34,3.141593
77,38,1.570796
77,42,0.000000
77,67,-2.356194
77,68,0.785398
77,69,1.892547
77,77,-1.249046
77,79,1.892547
77,86,0.000000
77,87,1.892547
78,9,-1.570796
78,16,0.000000
78,17,-1.892547
78,63,3.141593
78,69,-1.249046
78,70,-2.356194
78,79,-1.249046
78,80,3.141593
78,87,-1.249046
78,88,-2.356194
78,89,3.141593
79,8,-0.785398
79,26,2.356194
79,27,3.141593
79,38,-1.570796
79,56,3.141593
80,25,-0.785398
80,58,0.000000
80,75,0.785398
80,76,1.892547
80,83,0.000000
80,84,1.892547
81,4,3.141593
81,12,-1.570796
81,17,0.000000
81,20,3.141593
81,28,0.000000
81,33,3.141593
81,46,0.000000
81,52,0.785398
81,76,-1.249046
81,77,3.141593
82,2,-0.785398
82,24,1.570796
82,48,-2.356194
82,56,2.356194
82,63,-2.356194
82,78,-2.356194
82,85,-1.249046
82,86,-2.356194
83,22,0.000000
83,23,-0.785398
83,33,2.356194
83,58,0.000000
83,71,0.000000
83,72,3.141593
83,80,0.000000
83,81,3.141593
83,88,0.000000
83,89,1.892547
84,6,3.141593
84,12,0.000000
84,14,3.141593
84,30,0.000000
84,46,0.785398
84,61,3.141593
84,89,-1.249046
84,90,-2.356194
84,91,3.141593
85,19,3.141593
85,42,0.000000
85,43,3.141593
85,47,-2.356194
85,51,0.000000
85,53,3.141593
86,3,-0.785398
86,25,1.249046
86,26,2.356194
86,27,3.141593
86,64,0.000000
86,65,3.141593
87,24,-0.785398
87,25,-1.892547
87,58,0.000000
88,15,-1.570796
88,20,0.000000
88,88,0.000000
89,27,3.141593
89,53,-0.785398
89,57,3.141593
89,64,-2.356194
89,74,0.785398
89,91,3.141593
90,3,1.570796
90,11,2.356194
90,18,3.141593
90,24,0.785398
91,10,3.141593
91,25,-2.356194
91,45,0.785398
91,77,-2.356194
91,87,1.570796
92,2,-0.785398
92,9,-1.570796
92,46,-2.356194
92,51,0.000000
92,52,3.141593
92,55,0.000000
92,57,3.141593
93,5,0.785398
93,7,1.249046
93,8,3.141593
94,24,2.356194
94,76,0.785398
94,91,-2.356194
95,5,0.000000
95,6,-1.892547
95,11,1.570796
95,23,3.141593
95,54,1.570796
95,84,0.000000
96,2,0.000000
96,10,0.000000
96,15,0.000000
96,22,-1.570796
96,41,1.570796
96,54,-1.570796
96,58,0.000000
96,78,-2.356194
97,20,0.000000
97,27,3.141593
97,41,-1.570796
97,62,3.141593
97,89,3.141593
98,8,-0.785398
98,25,-0.785398
98,55,0.000000
98,56,3.141593
98,66,0.000000
98,67,3.141593
