5,43,1.249046
5,44,2.356194
6,36,1.249046
6,37,2.356194
6,50,0.785398
6,51,2.356194
6,64,0.785398
6,65,1.892547
6,67,1.249046
6,68,2.356194
7,43,-2.356194
8,50,3.141593
8,64,0.321751
8,67,-2.356194
8,77,1.570796
9,33,-0.785398
9,64,-0.785398
9,83,0.785398
10,35,1.570796
10,37,1.249046
10,38,2.356194
10,43,0.785398
10,47,0.000000
10,48,-1.570796
10,64,2.356194
10,84,-2.356194
11,62,1.249046
11,64,3.141593
11,67,0.785398
11,74,1.249046
12,13,2.356194
12,34,0.321751
12,42,-0.785398
12,43,-1.892547
12,61,-0.785398
12,62,-1.892547
12,64,-2.356194
12,67,0.000000
12,76,-2.356194
13,12,-0.785398
13,37,-2.819842
13,64,0.785398
13,72,0.000000
13,73,-1.892547
13,85,3.141593
14,36,-1.892547
14,54,0.785398
14,55,1.570796
14,56,3.141593
14,64,-0.321751
14,70,-2.356194
14,76,2.356194
15,12,2.356194
15,48,1.249046
15,49,2.356194
15,68,-1.892547
15,76,3.141593
16,47,-0.785398
16,48,-1.892547
16,64,-0.785398
16,65,-1.892547
17,10,0.321751
17,58,2.356194
18,10,-0.785398
18,73,0.000000
18,74,-1.892547
18,76,-1.249046
18,77,-2.356194
18,78,-0.785398
18,79,-1.892547
19,51,1.249046
19,52,2.356194
19,55,-0.785398
19,56,-1.892547
19,71,2.356194
20,10,2.356194
20,30,0.000000
20,50,-0.785398
20,51,-1.892547
20,87,3.141593
21,9,0.321751
21,70,3.141593
23,8,0.321751
23,9,-2.819842
23,19,0.785398
23,34,1.249046
23,35,2.356194
23,70,0.000000
23,75,0.785398
23,76,1.570796
23,77,2.356194
23,82,-0.785398
23,83,-1.892547
24,8,-0.785398
24,19,-0.785398
24,21,-1.570796
24,33,-0.785398
24,34,-1.892547
24,70,-0.785398
25,23,2.356194
25,70,2.356194
26,22,-1.892547
26,69,-0.785398
26,70,-2.356194
27,19,-0.785398
27,20,-1.892547
27,40,1.249046
27,41,2.356194
27,75,-0.785398
27,76,-1.570796
27,77,-2.356194
28,8,2.356194
28,39,-0.785398
28,40,-1.892547
28,53,0.785398
28,54,1.570796
28,55,2.356194
28,90,2.356194
29,7,0.321751
29,50,0.000000
29,51,2.356194
29,89,-0.785398
29,90,-2.356194
30,23,1.249046
30,24,2.356194
30,43,1.249046
30,44,2.356194
30,54,2.356194
31,6,0.321751
31,7,-2.819842
31,22,0.000000
31,23,-1.892547
31,42,-0.785398
31,43,-1.892547
31,50,0.000000
31,53,0.321751
31,54,-2.819842
32,6,-0.785398
32,57,1.249046
32,58,2.356194
32,90,1.570796
33,44,1.249046
33,45,2.356194
33,54,-2.356194
33,89,-0.785398
34,43,-0.785398
34,44,-1.892547
34,60,2.356194
34,84,0.785398
34,85,1.892547
35,38,1.249046
35,39,2.356194
35,50,3.141593
35,57,-0.785398
35,58,-2.356194
35,87,-1.570796
35,88,-2.356194
36,21,1.249046
36,22,2.356194
36,37,-0.785398
36,38,-1.892547
36,44,1.249046
36,45,2.356194
36,64,0.785398
36,65,1.892547
36,70,0.785398
36,71,1.892547
36,85,-0.785398
36,91,-2.356194
37,6,2.356194
37,18,1.249046
37,19,2.356194
37,20,-0.785398
37,21,-1.892547
37,42,1.249046
37,44,-1.892547
37,51,1.249046
37,52,2.356194
37,59,1.249046
37,60,2.356194
37,71,-1.249046
37,72,-2.356194
37,75,0.785398
37,76,1.892547
38,5,0.321751
38,9,1.249046
38,10,2.356194
38,17,-0.785398
38,18,-1.892547
38,41,-0.785398
38,42,-1.892547
38,48,1.249046
38,49,2.356194
38,50,-0.785398
38,51,-1.892547
38,58,-0.785398
38,59,-1.892547
38,76,-1.249046
38,77,-2.356194
38,85,2.356194
39,5,-0.785398
39,12,2.356194
39,47,-0.785398
39,48,-1.892547
39,64,-0.785398
39,85,-2.819842
39,87,0.000000
39,90,3.141593
40,9,-1.249046
40,11,-1.892547
40,24,0.000000
40,33,1.249046
40,34,2.356194
40,42,1.249046
40,43,2.356194
40,59,1.249046
40,60,2.356194
40,69,1.249046
40,70,2.356194
40,72,3.141593
41,31,1.249046
41,33,-1.892547
41,41,-0.785398
41,42,-1.892547
41,49,0.000000
41,56,1.249046
41,57,2.356194
41,58,-0.785398
41,59,-1.892547
41,68,-0.785398
41,69,-1.892547
41,84,-1.249046
41,85,3.141593
42,20,3.141593
42,28,1.249046
42,29,2.356194
42,30,-0.785398
42,31,-1.892547
42,37,1.249046
42,38,2.356194
42,45,0.000000
42,47,3.141593
42,55,-0.785398
42,56,-1.892547
42,76,3.141593
43,26,1.249046
43,28,-1.892547
43,36,-0.785398
43,37,-1.892547
43,51,1.249046
43,52,2.356194
43,60,1.249046
43,61,2.356194
44,4,0.321751
44,7,2.356194
44,25,-0.785398
44,26,-1.892547
44,32,1.249046
44,33,2.356194
44,40,1.249046
44,41,2.356194
44,42,3.141593
44,50,-0.785398
44,51,-1.892547
44,59,-0.785398
44,60,-1.892547
44,67,0.000000
44,79,0.785398
44,80,1.892547
45,4,-1.570796
45,9,2.356194
45,21,1.249046
45,22,2.356194
45,30,1.249046
45,32,-1.892547
45,39,-0.785398
45,40,-1.892547
45,47,0.000000
45,54,1.249046
45,55,2.356194
45,65,2.356194
45,75,0.000000
45,89,0.785398
46,8,-1.892547
46,20,-0.785398
46,21,-1.892547
46,29,-0.785398
46,30,-1.892547
46,45,3.141593
46,53,-0.785398
46,54,-1.892547
46,61,1.249046
46,62,2.356194
46,71,2.356194
46,72,3.141593
46,80,-1.570796
46,84,0.785398
46,85,2.356194
46,89,-0.785398
46,90,3.141593
47,25,1.249046
47,26,2.356194
47,33,0.000000
47,41,1.249046
47,42,2.356194
47,60,-0.785398
47,61,-1.892547
47,70,-0.785398
47,84,-1.570796
47,87,0.000000
47,91,2.356194
48,13,1.249046
48,14,2.356194
48,23,0.000000
48,24,-0.785398
48,25,-1.892547
48,38,1.249046
48,39,2.356194
48,47,0.000000
48,58,-0.785398
48,72,2.356194
48,78,-0.785398
48,79,-1.570796
48,80,3.141593
48,83,1.570796
48,89,-2.356194
48,90,-0.785398
49,10,1.249046
49,11,2.356194
49,12,-0.785398
49,21,2.356194
49,35,1.249046
49,36,2.356194
49,43,2.356194
49,50,0.000000
49,52,3.141593
49,70,-0.785398
49,71,-1.892547
49,82,-0.785398
49,83,-2.356194
49,87,1.570796
50,3,0.785398
50,7,1.249046
50,8,2.356194
50,9,-0.785398
50,10,-1.892547
50,14,0.000000
50,15,1.892547
50,20,-0.785398
50,29,1.249046
50,30,2.356194
50,34,-0.785398
50,35,-1.892547
50,38,-1.570796
50,48,3.141593
50,86,-0.785398
51,3,-0.785398
51,4,-2.356194
51,6,-0.785398
51,7,-1.892547
51,17,1.892547
51,28,-0.785398
51,29,-1.892547
51,40,2.356194
51,41,-0.785398
51,77,0.000000
51,82,3.141593
52,2,-0.785398
52,14,0.000000
52,15,-1.892547
52,17,-1.249046
52,18,-2.356194
52,19,0.785398
52,20,1.570796
52,21,2.356194
52,37,0.000000
52,38,-0.785398
52,39,-1.892547
52,67,0.000000
52,75,3.141593
53,12,0.000000
53,30,1.249046
53,31,2.356194
53,34,3.141593
53,45,1.249046
53,46,2.356194
53,60,1.249046
53,61,2.356194
53,65,3.141593
53,80,0.000000
53,89,3.141593
54,8,0.000000
54,10,3.141593
54,24,0.785398
54,25,1.570796
54,26,2.356194
54,29,-0.785398
54,30,-1.892547
54,38,0.785398
54,41,1.249046
54,42,2.356194
54,44,-0.785398
54,45,-1.892547
54,59,-0.785398
54,60,-1.892547
54,78,3.141593
55,19,0.000000
55,20,-1.570796
55,21,-2.356194
55,33,1.249046
55,34,2.356194
55,35,3.141593
55,40,-0.785398
55,41,-1.892547
55,50,0.785398
55,51,1.570796
55,52,2.356194
56,5,3.141593
56,30,0.785398
56,31,1.570796
57,2,-0.785398
57,24,0.000000
57,25,-1.570796
57,26,-2.356194
57,42,1.249046
57,43,2.356194
57,53,2.356194
57,81,0.785398
57,82,1.570796
57,83,2.356194
57,86,0.785398
57,87,1.892547
58,21,1.249046
58,22,2.356194
58,34,2.356194
58,39,1.249046
58,40,2.356194
58,41,-0.785398
58,42,-1.892547
58,51,0.000000
58,52,-1.892547
58,87,-1.249046
58,88,-2.356194
58,90,3.141593
59,7,0.000000
59,20,0.000000
59,21,-1.892547
59,37,1.249046
59,39,-1.892547
59,59,1.249046
59,60,2.356194
60,17,1.249046
60,18,2.356194
60,28,1.249046
60,29,2.356194
60,32,-0.785398
60,33,-1.892547
60,58,-0.785398
60,59,-1.892547
60,73,0.000000
60,84,0.785398
60,85,1.892547
61,2,0.000000
61,4,3.141593
61,16,-0.785398
61,17,-1.892547
61,27,-0.785398
61,28,-1.892547
61,40,1.249046
61,41,2.356194
61,51,1.249046
61,52,2.356194
61,70,3.141593
61,85,-1.249046
61,86,-2.356194
62,11,0.000000
62,23,1.249046
62,24,2.356194
62,37,1.570796
62,50,-0.785398
62,51,-1.892547
63,9,3.141593
63,21,1.249046
63,23,-1.892547
63,31,0.000000
63,33,-0.785398
63,34,-1.892547
63,45,2.356194
63,56,0.000000
64,5,1.249046
64,6,2.356194
64,19,1.249046
64,21,-1.892547
64,36,0.321751
64,40,0.000000
64,41,1.892547
64,54,3.141593
65,4,-0.785398
65,5,-1.892547
65,12,2.356194
65,16,1.249046
65,17,2.356194
65,18,-0.785398
65,19,-1.892547
65,27,1.249046
65,28,2.356194
65,29,3.141593
65,36,-1.570796
65,44,3.141593
65,60,1.249046
65,61,2.356194
65,91,-1.570796
66,2,-0.785398
66,15,0.000000
66,16,-1.892547
66,26,-0.785398
66,27,-1.892547
66,44,-1.570796
66,46,1.249046
66,47,3.141593
66,59,-0.785398
66,60,-1.892547
66,77,0.785398
66,78,1.892547
66,87,0.000000
66,88,1.892547
67,14,1.570796
67,22,1.249046
67,23,3.141593
67,52,1.249046
67,53,2.356194
67,78,-1.249046
67,79,3.141593
67,88,-1.249046
67,89,-2.356194
67,90,3.141593
68,5,0.000000
68,13,0.000000
68,19,1.249046
68,20,2.356194
68,21,-0.785398
68,22,-1.892547
68,29,0.000000
68,51,-0.785398
68,52,-1.892547
69,3,2.356194
69,27,2.356194
69,37,-0.785398
69,38,-1.892547
69,46,-0.785398
69,47,-2.356194
69,55,0.000000
69,85,0.785398
69,86,1.892547
70,2,-0.785398
70,16,1.249046
70,18,-1.892547
70,34,0.000000
70,42,1.249046
70,43,2.356194
70,76,0.000000
70,77,1.892547
70,86,-1.249046
70,87,3.141593
71,7,1.249046
71,8,2.356194
71,15,0.000000
71,16,-1.892547
71,32,3.141593
71,40,1.249046
71,42,-1.892547
71,55,3.141593
71,59,0.000000
71,77,-1.249046
71,78,-2.356194
71,79,0.785398
71,80,1.892547
72,6,0.000000
72,7,-1.892547
72,13,0.000000
72,29,0.000000
72,39,-0.785398
72,40,-1.892547
72,80,-1.249046
72,81,-2.356194
72,82,0.785398
72,83,1.892547
72,90,0.000000
73,4,0.000000
73,27,2.356194
73,83,-1.249046
73,84,-2.356194
73,91,-2.356194
74,25,0.000000
74,33,0.000000
74,43,0.000000
74,77,0.785398
74,78,1.892547
74,87,0.000000
74,88,1.892547
74,90,1.570796
75,8,2.356194
75,15,1.249046
75,16,3.141593
75,22,0.000000
75,23,3.141593
75,54,0.000000
75,78,-1.249046
75,79,-2.356194
75,81,3.141593
75,88,-1.249046
76,6,0.000000
76,14,0.000000
76,15,-1.892547
76,28,3.141593
76,50,3.141593
76,70,0.785398
76,71,1.892547
76,83,0.000000
76,84,3.141593
77,12,2.356194
77,26,-0.785398
77,45,2.356194
77,47,-0.785398
77,71,-1.249046
77,72,-2.356194
78,2,0.000000
78,3,3.141593
78,11,-1.570796
78,31,0.000000
78,32,3.141593
78,42,0.000000
78,78,3.141593
78,87,0.000000
78,89,3.141593
79,9,0.000000
79,15,2.356194
79,20,0.000000
79,21,3.141593
79,50,2.356194
79,54,0.000000
79,55,3.141593
79,57,0.000000
79,60,3.141593
79,62,0.000000
79,82,0.000000
80,7,2.356194
80,48,0.000000
80,86,3.141593
81,5,0.000000
81,12,0.000000
81,13,0.000000
81,73,3.141593
82,3,2.356194
82,21,0.000000
82,22,3.141593
83,2,-0.785398
83,9,0.000000
83,10,3.141593
83,14,-1.570796
83,51,0.000000
83,55,3.141593
83,59,0.000000
84,69,3.141593
84,80,0.000000
84,82,3.141593
84,85,0.785398
85,86,-2.356194
86,88,0.000000
87,54,0.000000
87,55,3.141593
87,58,0.000000
87,67,3.141593
87,91,-2.356194
88,81,1.570796
89,12,1.570796
90,12,-1.570796
90,82,-2.356194
91,10,2.356194
91,61,0.000000
91,62,3.141593
91,64,0.000000
91,66,3.141593
92,9,-0.785398
92,16,2.356194
92,85,0.000000
92,86,3.141593
93,15,-0.785398
94,6,2.356194
94,54,0.000000
94,56,3.141593
94,89,0.785398
95,59,0.000000
95,91,3.141593
96,3,0.000000
96,68,3.141593
96,79,0.785398
97,8,0.000000
97,9,3.141593
97,80,-2.356194
97,87,0.785398
98,14,0.000000
98,15,3.141593
98,52,0.000000
98,54,3.141593
98,56,0.000000
98,58,3.141593
98,89,3.141593
