7,26,1.249046
7,27,2.356194
7,35,0.785398
7,36,1.570796
7,37,2.356194
7,39,0.785398
7,40,2.356194
7,53,0.785398
7,54,1.570796
7,55,2.356194
8,40,-2.356194
8,70,2.356194
9,20,1.249046
9,21,2.356194
9,24,-0.785398
9,40,0.785398
10,40,0.000000
10,56,1.892547
11,18,-0.785398
11,36,2.356194
11,42,-2.356194
12,36,3.141593
12,40,-0.321751
13,34,-1.570796
13,36,-2.356194
13,41,-1.249046
13,42,-2.356194
13,53,-1.249046
13,55,-1.892547
14,22,0.785398
14,23,2.356194
14,46,0.785398
14,47,1.892547
15,22,-0.785398
15,32,-0.785398
15,33,-1.570796
15,34,-2.356194
15,35,-0.785398
15,36,-1.570796
15,37,3.141593
15,47,-1.249046
15,48,-2.356194
15,61,1.570796
15,65,3.141593
16,9,0.321751
16,11,3.141593
16,38,0.785398
16,39,2.356194
16,51,0.785398
16,52,2.356194
16,61,0.000000
16,63,-1.892547
16,65,-2.356194
17,9,-1.570796
17,38,-1.570796
17,51,-0.785398
17,55,0.785398
17,56,1.892547
17,82,3.141593
18,56,-1.249046
18,58,1.570796
18,59,2.356194
19,21,0.321751
19,23,2.819842
19,49,0.785398
19,61,-1.249046
19,62,3.141593
19,68,0.785398
19,69,2.356194
19,71,0.785398
19,72,1.570796
19,74,1.892547
20,37,-0.785398
20,38,-1.570796
20,39,3.141593
20,50,-1.249046
20,51,-2.356194
20,68,-1.570796
21,58,2.356194
21,66,0.785398
21,67,2.356194
22,9,3.141593
22,17,0.785398
22,18,2.356194
22,20,-0.785398
22,21,-1.892547
22,23,-1.249046
22,24,-2.356194
22,57,-0.785398
22,58,-2.356194
22,67,-1.570796
23,6,0.321751
23,17,-0.785398
23,49,3.141593
23,68,0.000000
23,69,1.892547
24,6,-1.570796
24,39,0.785398
24,40,1.892547
24,69,-1.249046
24,71,1.892547
25,5,1.570796
25,40,-1.249046
25,41,-2.356194
25,65,0.785398
25,66,1.892547
25,71,-1.249046
25,72,-2.356194
25,73,0.785398
26,4,0.321751
26,5,-2.819842
26,48,3.141593
26,66,-1.249046
26,67,3.141593
26,78,-1.570796
26,80,-1.570796
27,4,-0.785398
27,16,-0.785398
27,17,-1.570796
27,18,-2.356194
27,50,0.000000
27,52,-0.785398
27,54,2.819842
27,59,0.785398
27,61,1.892547
27,75,-1.249046
27,77,2.356194
27,81,1.570796
27,87,2.356194
28,54,-2.356194
28,77,-1.570796
28,82,-2.356194
28,87,3.141593
29,59,-0.321751
29,78,0.000000
29,79,1.892547
30,34,3.141593
30,37,0.785398
30,46,0.785398
30,47,2.356194
30,54,2.356194
30,60,-2.356194
30,63,0.000000
30,67,0.785398
31,41,3.141593
31,46,-0.785398
31,54,3.141593
31,60,0.785398
31,68,-1.570796
31,80,-1.249046
31,81,-2.356194
31,82,0.785398
31,83,1.570796
32,63,-2.819842
33,22,0.000000
33,54,0.000000
33,70,-2.356194
33,77,0.000000
33,78,1.892547
34,54,-0.785398
34,56,-2.356194
35,43,2.356194
35,56,2.356194
35,72,0.000000
35,73,0.785398
35,74,1.892547
35,80,3.141593
36,19,0.785398
36,20,1.892547
36,46,2.356194
36,53,0.321751
36,61,-0.785398
37,20,-1.249046
37,21,-2.356194
37,33,3.141593
37,35,0.000000
37,46,3.141593
37,53,-0.785398
37,75,-1.249046
37,77,2.356194
37,82,0.000000
37,83,1.892547
38,3,3.141593
38,41,-1.249046
38,43,-1.892547
38,46,-2.356194
38,69,1.249046
38,70,2.356194
38,77,-1.570796
38,83,-1.249046
38,84,3.141593
38,90,2.356194
39,2,-0.785398
39,67,1.249046
39,69,-1.892547
39,72,1.570796
39,90,3.141593
40,34,0.785398
40,46,0.785398
40,73,3.141593
40,86,0.000000
40,87,2.356194
40,90,-2.356194
41,35,-2.356194
41,46,0.000000
41,49,3.141593
41,53,0.321751
41,56,1.892547
41,74,1.570796
41,87,-1.570796
41,90,2.356194
42,35,2.356194
42,46,-0.785398
42,53,-1.570796
42,64,-0.785398
42,65,-1.892547
42,74,-0.321751
42,90,3.141593
43,35,3.141593
43,46,0.785398
43,52,1.570796
43,56,-0.785398
43,76,3.141593
43,90,-2.356194
44,9,1.249046
44,10,2.356194
44,35,-2.356194
44,46,-0.785398
44,47,-2.356194
44,52,3.141593
44,77,0.000000
44,83,1.570796
45,8,-0.785398
45,9,-1.892547
45,35,2.356194
45,41,0.000000
45,44,0.785398
45,45,2.356194
45,52,-2.356194
45,69,0.785398
45,78,-1.570796
45,84,3.141593
46,3,-0.785398
46,33,0.785398
46,35,-2.819842
46,45,-2.356194
46,70,0.785398
46,71,3.141593
46,79,0.000000
46,80,1.892547
47,12,1.249046
47,13,2.356194
47,54,-0.785398
47,55,-1.570796
47,57,1.892547
47,64,0.785398
47,70,-0.785398
47,81,2.819842
48,11,-0.785398
48,12,-1.892547
48,59,2.356194
48,61,3.141593
48,65,-2.356194
49,4,0.000000
49,31,3.141593
49,34,0.785398
49,40,0.000000
49,71,-2.356194
49,76,0.000000
49,81,-0.321751
49,88,1.570796
49,91,2.356194
50,15,1.249046
50,16,2.356194
50,36,1.892547
50,44,2.356194
50,46,-0.785398
50,64,0.785398
50,68,-0.785398
50,73,0.000000
50,78,1.570796
50,82,-1.249046
50,83,3.141593
50,91,-2.819842
51,12,1.249046
51,13,2.356194
51,14,-0.785398
51,15,-1.892547
51,36,-1.249046
51,37,-2.356194
51,38,3.141593
51,41,0.000000
51,42,-0.785398
51,43,-1.892547
51,49,2.819842
51,61,3.141593
51,70,1.570796
51,74,-1.570796
51,78,-0.321751
52,8,1.249046
52,9,2.356194
52,11,-0.785398
52,12,-1.892547
52,22,0.000000
52,28,3.141593
52,70,-0.321751
52,80,2.819842
53,7,-0.785398
53,8,-1.892547
53,30,0.000000
53,35,3.141593
53,71,-1.249046
53,72,3.141593
53,76,1.570796
53,80,-1.570796
54,2,0.000000
54,18,3.141593
54,38,0.785398
54,45,0.000000
54,47,0.785398
54,73,1.570796
54,76,-0.321751
54,77,2.819842
54,81,1.570796
55,12,1.249046
55,13,2.356194
55,20,0.000000
55,41,3.141593
55,48,-1.249046
55,50,-1.892547
55,63,0.000000
55,69,0.785398
55,74,3.141593
55,77,-1.570796
55,81,-0.321751
55,91,-1.570796
56,9,1.249046
56,10,2.356194
56,11,-0.785398
56,12,-1.892547
56,56,3.141593
56,75,-2.356194
57,5,1.249046
57,6,2.356194
57,8,-0.785398
57,9,-1.892547
57,60,1.249046
57,62,1.892547
57,71,0.000000
57,72,1.892547
57,79,1.570796
57,84,2.819842
57,89,1.570796
58,4,-0.785398
58,5,-1.892547
58,59,0.321751
58,79,-0.321751
58,80,2.819842
58,89,-0.321751
58,90,2.819842
59,2,-0.785398
59,21,0.000000
59,29,3.141593
59,40,0.000000
59,41,1.892547
59,53,0.785398
59,64,2.819842
59,73,-1.249046
59,75,1.892547
59,84,-0.321751
59,90,-1.570796
60,18,3.141593
60,32,0.000000
60,41,-1.249046
60,43,1.892547
60,59,-0.321751
60,64,-1.570796
60,69,1.570796
60,75,-1.249046
60,76,3.141593
60,80,-0.321751
60,86,2.819842
60,91,-2.356194
61,36,0.785398
61,37,1.892547
61,43,-1.249046
61,44,3.141593
61,55,0.000000
61,56,1.892547
61,61,2.819842
61,70,3.141593
61,82,2.819842
61,86,-1.570796
62,2,0.000000
62,37,-1.249046
62,39,1.892547
62,45,0.000000
62,46,1.892547
62,50,0.000000
62,51,0.785398
62,52,1.892547
62,61,-1.570796
62,66,1.570796
62,87,1.570796
63,18,0.000000
63,31,0.785398
63,32,1.892547
63,39,-1.249046
63,41,1.892547
63,53,2.819842
63,58,2.819842
63,62,1.570796
63,66,-0.321751
63,72,1.570796
63,82,-0.321751
63,83,2.819842
63,87,-0.321751
63,88,2.819842
64,11,1.249046
64,12,2.356194
64,13,3.141593
64,15,0.000000
64,16,3.141593
64,32,-1.249046
64,34,1.892547
64,58,-1.570796
64,62,-0.321751
64,68,2.819842
64,73,3.141593
64,83,-1.570796
64,88,-1.570796
65,7,1.249046
65,8,2.356194
65,10,-0.785398
65,11,-1.892547
65,34,-1.249046
65,35,-2.356194
65,42,-1.249046
65,44,1.892547
65,54,3.141593
65,64,2.819842
65,68,-1.570796
65,74,1.570796
65,79,1.570796
65,84,1.570796
66,5,1.249046
66,7,-1.892547
66,60,1.570796
66,64,-1.570796
66,69,1.570796
66,74,-0.321751
66,75,2.819842
66,79,-0.321751
66,84,-0.321751
67,2,0.000000
67,4,-0.785398
67,5,-1.892547
67,19,0.000000
67,39,0.000000
67,40,1.892547
67,50,-1.249046
67,51,3.141593
67,60,-0.321751
67,65,1.570796
67,69,-0.321751
67,75,-1.570796
67,81,2.819842
67,86,2.819842
67,91,-2.356194
68,17,3.141593
68,33,0.785398
68,34,1.892547
68,40,-1.249046
68,41,3.141593
68,57,0.000000
68,62,2.819842
68,65,-0.321751
68,66,2.819842
69,10,1.249046
69,11,2.356194
69,34,-1.249046
69,36,1.892547
69,42,0.000000
69,43,1.892547
69,58,-1.570796
69,62,-1.570796
69,72,2.819842
69,81,-0.321751
69,82,2.819842
69,86,-0.321751
69,87,2.819842
70,9,-0.785398
70,10,-1.892547
70,36,-1.249046
70,38,1.892547
70,59,1.570796
70,63,1.570796
70,66,-0.321751
70,82,-1.570796
70,87,-1.570796
71,29,0.785398
71,30,1.892547
71,49,-1.249046
71,50,3.141593
71,59,-0.321751
71,60,2.819842
71,63,-0.321751
71,64,2.819842
71,68,2.819842
71,72,-0.321751
71,78,1.570796
71,83,1.570796
71,88,0.000000
72,2,0.000000
72,17,1.249046
72,18,3.141593
72,30,-1.249046
72,31,-2.356194
72,32,0.785398
72,33,1.892547
72,39,-1.249046
72,40,3.141593
72,60,-1.570796
72,64,-2.356194
72,74,2.819842
72,78,-0.321751
72,79,2.819842
72,83,-0.321751
72,89,-1.570796
73,13,0.000000
73,16,-0.785398
73,17,-1.892547
73,47,2.819842
73,52,1.570796
73,68,-0.321751
73,79,-1.570796
73,85,2.819842
73,90,1.570796
74,34,-1.249046
74,35,-2.356194
74,42,0.000000
74,43,1.892547
74,47,-1.570796
74,52,-0.321751
74,61,-1.570796
74,70,2.819842
74,74,-0.321751
74,80,1.570796
74,90,-0.321751
74,91,2.819842
75,7,0.000000
75,9,3.141593
75,21,0.000000
75,37,0.000000
75,38,1.892547
75,54,2.819842
75,58,-1.570796
75,76,2.819842
75,80,-0.321751
75,81,2.819842
75,86,3.141593
75,91,-2.356194
76,30,0.000000
76,31,1.892547
76,38,-1.249046
76,39,3.141593
76,45,2.819842
76,70,-0.321751
76,87,1.570796
76,91,-1.570796
77,13,0.000000
77,14,3.141593
77,31,-1.249046
77,32,-2.356194
77,45,-1.570796
77,50,1.570796
77,54,-0.321751
77,72,2.819842
77,76,-0.321751
77,81,-0.321751
77,82,2.819842
77,87,-0.321751
77,88,2.819842
78,2,0.000000
78,3,3.141593
78,34,0.000000
78,35,1.892547
78,50,-0.321751
78,51,2.819842
78,60,0.000000
78,67,1.570796
78,72,-1.570796
78,78,2.819842
78,82,-1.570796
78,88,-1.570796
79,19,0.000000
79,22,3.141593
79,35,-1.249046
79,36,3.141593
79,51,-1.570796
79,57,2.819842
79,67,-0.321751
79,68,2.819842
79,78,-1.570796
80,25,0.000000
80,52,1.570796
80,57,-1.570796
80,68,-1.570796
80,79,1.570796
80,84,1.570796
81,14,3.141593
81,38,0.000000
81,52,-0.321751
81,53,2.819842
81,58,1.570796
81,64,1.570796
81,69,0.000000
81,79,-0.321751
81,80,2.819842
81,84,-0.321751
82,11,0.000000
82,39,-1.570796
82,48,2.356194
82,58,-0.321751
82,59,2.819842
82,64,-0.321751
82,65,2.819842
82,80,-1.570796
83,33,0.000000
83,34,1.892547
83,48,3.141593
83,53,-0.321751
83,54,2.819842
83,59,-1.570796
83,70,-0.321751
83,71,2.819842
83,81,1.570796
83,87,2.819842
84,8,2.356194
84,21,0.785398
84,34,-1.249046
84,35,3.141593
84,54,-1.570796
84,60,1.570796
84,65,-0.321751
84,66,2.819842
84,71,-1.570796
84,81,-0.321751
84,82,2.819842
84,87,-1.570796
85,6,1.249046
85,7,3.141593
85,18,3.141593
85,24,3.141593
85,48,-0.321751
85,49,2.819842
85,55,1.570796
85,60,-0.321751
85,61,2.819842
85,77,1.570796
85,82,-1.570796
85,88,1.570796
85,91,2.356194
86,5,-0.785398
86,6,-1.892547
86,15,0.000000
86,29,0.000000
86,30,3.141593
86,43,-2.356194
86,49,-1.570796
86,55,-0.321751
86,56,2.819842
86,66,-0.321751
86,77,-0.321751
86,83,1.570796
86,91,-2.819842
87,10,0.000000
87,12,3.141593
87,25,0.785398
87,38,1.570796
87,61,-0.321751
87,62,2.819842
87,68,2.819842
87,73,1.570796
87,79,2.819842
87,83,-0.321751
88,2,-0.785398
88,38,-0.321751
88,56,-0.321751
88,57,2.819842
88,62,-1.570796
88,68,-1.570796
88,73,-0.321751
88,79,-1.570796
88,85,2.819842
89,33,0.785398
89,40,2.819842
89,52,1.570796
89,75,2.819842
89,80,1.570796
89,85,-1.570796
90,17,3.141593
90,19,0.785398
90,27,-1.570796
90,34,1.570796
90,47,1.570796
90,52,-0.321751
90,53,2.819842
90,57,-0.321751
90,58,2.819842
90,80,-0.321751
90,81,2.819842
90,86,1.570796
91,9,1.249046
91,10,2.356194
91,22,3.141593
91,35,3.141593
91,41,3.141593
91,53,-1.570796
91,64,1.570796
91,75,-0.321751
91,76,2.819842
91,87,3.141593
92,7,1.249046
92,9,-1.892547
92,36,-2.356194
92,42,1.570796
92,58,-0.321751
92,59,2.819842
92,64,-0.321751
92,76,-2.356194
92,81,-0.321751
92,88,0.000000
92,89,2.356194
93,4,1.249046
93,5,2.356194
93,6,-0.785398
93,7,-1.892547
93,42,-0.321751
93,43,2.819842
93,48,0.000000
93,59,-1.570796
93,66,2.819842
93,71,0.785398
93,89,-2.356194
94,3,0.000000
94,4,-1.892547
94,37,0.785398
94,66,-1.570796
94,71,-0.321751
94,84,2.819842
95,2,-0.785398
95,18,0.000000
95,19,1.892547
95,43,-0.321751
95,44,2.819842
95,49,-0.321751
95,50,2.819842
95,73,2.819842
95,84,-1.570796
95,89,2.356194
96,8,1.249046
96,9,2.356194
96,19,-1.249046
96,20,3.141593
96,32,0.785398
96,44,-1.570796
96,50,-2.356194
96,55,-1.570796
96,73,-1.570796
96,88,-0.785398
97,7,0.000000
97,8,-1.892547
97,27,0.785398
97,62,-2.356194
98,4,0.000000
98,22,-2.356194
98,28,-2.356194
98,33,-1.570796
98,39,-2.356194
98,45,-1.570796
98,51,-2.356194
98,69,-2.356194
98,74,-1.570796
98,81,-2.356194
