3,44,1.249046
3,45,2.356194
3,48,0.785398
3,49,1.570796
3,50,2.356194
3,52,0.785398
3,53,1.570796
3,54,2.356194
3,56,0.785398
3,57,1.892547
4,32,1.249046
4,33,2.356194
4,34,0.785398
4,35,1.570796
4,36,2.356194
5,27,0.785398
5,28,1.570796
5,29,2.356194
5,44,-2.356194
5,57,-0.785398
5,63,1.570796
6,22,0.785398
6,23,2.356194
6,32,-2.356194
6,63,0.000000
6,69,0.785398
6,70,1.570796
6,71,2.356194
7,18,1.249046
7,19,3.141593
7,23,-1.570796
7,44,0.785398
7,63,-1.570796
8,14,1.249046
8,15,2.356194
8,17,-0.785398
8,44,-0.785398
8,45,-2.356194
8,48,-0.785398
8,49,-1.570796
8,50,-2.356194
8,52,-0.785398
8,53,-1.570796
8,57,-2.356194
8,62,1.570796
8,82,0.785398
8,83,2.356194
9,34,0.000000
9,35,-1.570796
9,36,-2.356194
9,39,0.785398
9,40,1.570796
9,41,2.356194
9,60,0.785398
9,70,2.356194
9,82,-0.785398
10,12,0.321751
10,30,2.356194
10,31,-0.785398
10,32,-1.570796
10,33,-2.356194
10,63,2.819842
10,70,3.141593
10,82,2.356194
11,26,0.785398
11,27,2.356194
11,28,-0.785398
11,29,-1.892547
11,82,3.141593
11,86,0.785398
12,10,1.249046
12,12,-2.356194
12,53,-0.785398
12,54,-1.570796
12,55,-2.356194
12,59,0.785398
12,63,-2.356194
12,86,0.000000
13,26,3.141593
13,39,-0.785398
13,40,-1.570796
13,41,-2.356194
13,64,0.785398
13,65,2.356194
13,71,0.000000
13,72,1.892547
13,86,-0.785398
14,8,0.321751
14,33,0.785398
14,34,2.356194
14,64,-0.785398
14,74,0.785398
14,75,1.570796
14,77,-1.892547
15,8,-0.785398
15,29,0.785398
15,30,1.570796
15,31,3.141593
15,34,-2.356194
15,60,2.356194
15,64,0.000000
15,72,-0.785398
16,16,0.785398
16,18,1.892547
16,25,0.000000
16,26,-1.892547
16,42,0.785398
16,43,1.892547
16,59,-0.785398
16,60,-2.356194
16,72,2.356194
16,80,0.000000
17,32,2.356194
17,33,-0.785398
17,34,-1.570796
17,36,1.570796
17,37,2.356194
17,62,-0.785398
17,63,-1.570796
17,65,-1.570796
17,66,-2.356194
17,71,-0.785398
17,72,-2.356194
17,82,2.356194
17,84,-0.785398
17,90,2.356194
18,16,0.000000
18,18,-1.892547
18,30,0.000000
18,31,-1.892547
18,73,0.000000
18,78,-0.785398
18,79,-1.570796
18,88,2.356194
18,90,3.141593
19,16,-0.785398
19,36,0.785398
19,42,-0.785398
19,69,0.000000
19,90,-2.356194
20,8,2.356194
20,38,3.141593
20,80,0.321751
21,7,0.321751
21,33,0.785398
21,34,1.570796
21,35,3.141593
21,53,0.785398
21,54,1.570796
21,55,2.356194
21,63,1.249046
21,64,2.356194
21,66,0.785398
21,72,-0.785398
21,73,-1.570796
21,84,1.892547
21,90,2.356194
22,7,-0.785398
22,18,0.785398
22,19,2.356194
22,39,2.356194
22,57,0.000000
22,58,1.570796
22,59,2.356194
22,75,-1.249046
22,77,1.892547
22,89,-0.785398
23,7,2.356194
23,36,2.356194
23,37,-0.785398
23,38,-1.892547
23,53,1.570796
23,63,-2.356194
24,6,0.321751
24,18,3.141593
24,34,0.000000
24,35,-1.892547
24,51,1.249046
24,77,-0.785398
24,83,-1.249046
24,88,2.819842
25,6,-1.570796
25,18,-1.570796
25,45,0.785398
25,46,1.570796
25,47,2.356194
25,63,2.356194
25,67,2.356194
25,70,0.321751
25,72,-2.356194
25,73,0.785398
25,78,0.000000
25,88,-2.356194
26,19,0.785398
26,20,2.356194
26,29,1.249046
26,30,3.141593
26,40,0.785398
26,41,1.570796
26,42,3.141593
26,50,-1.892547
26,63,-2.819842
26,66,0.321751
26,67,-2.819842
26,70,-0.785398
26,85,2.356194
27,19,-1.570796
27,46,0.000000
27,48,-1.892547
27,66,-1.570796
27,70,2.356194
27,74,0.000000
27,81,1.249046
27,82,2.356194
28,29,-1.570796
28,33,0.785398
28,34,1.570796
28,35,3.141593
28,42,1.570796
28,46,-1.570796
28,69,0.321751
28,70,-2.819842
28,74,-1.570796
28,79,-2.356194
28,85,-1.249046
28,87,2.356194
29,32,3.141593
29,59,0.000000
29,60,-1.892547
29,64,1.570796
29,76,0.321751
29,81,-2.356194
30,13,0.785398
30,14,3.141593
30,29,-0.785398
30,41,-0.785398
30,42,-1.892547
30,63,0.321751
30,64,-2.819842
30,69,-2.819842
30,76,-0.785398
30,87,-0.785398
30,89,1.892547
31,13,-1.570796
31,34,-1.892547
31,63,-1.570796
31,83,1.570796
31,84,2.356194
31,85,0.785398
32,11,1.249046
32,12,3.141593
32,49,-0.785398
32,79,0.321751
32,86,-1.249046
32,87,-2.356194
32,88,-0.785398
32,89,-1.892547
32,91,-2.356194
33,11,-1.892547
33,22,1.249046
33,23,3.141593
33,30,0.000000
33,31,-1.892547
33,39,1.249046
33,41,1.892547
33,46,2.356194
33,54,0.000000
33,65,0.321751
33,79,-1.570796
34,21,0.000000
34,22,-1.892547
34,27,1.249046
34,28,2.356194
34,38,-0.785398
34,65,-1.570796
34,69,1.570796
35,5,0.785398
35,13,0.785398
35,19,1.249046
35,20,3.141593
35,26,0.000000
35,27,-1.892547
35,58,1.249046
35,59,3.141593
35,63,1.249046
35,64,3.141593
35,68,0.000000
36,5,0.000000
36,11,2.356194
36,18,0.000000
36,19,-1.892547
36,30,1.249046
36,31,2.356194
36,40,-1.570796
36,56,1.249046
36,58,-1.892547
36,75,2.356194
36,82,-0.785398
36,83,-1.570796
36,85,1.570796
36,86,2.356194
36,88,0.785398
37,5,-1.570796
37,16,2.356194
37,22,1.249046
37,23,3.141593
37,28,1.249046
37,30,-1.892547
37,49,3.141593
37,80,1.570796
38,9,-1.892547
38,21,0.000000
38,22,-1.892547
38,28,-1.892547
38,44,1.249046
38,45,2.356194
38,53,1.249046
38,55,-1.892547
38,65,1.249046
38,66,3.141593
38,79,0.321751
38,80,-2.819842
38,85,2.356194
38,90,3.141593
39,42,2.356194
39,43,-0.785398
39,44,-1.892547
39,52,0.000000
39,53,-1.892547
39,59,0.000000
39,60,-1.892547
39,75,-0.785398
39,85,3.141593
40,12,0.000000
40,13,-1.892547
40,24,1.249046
40,26,-2.356194
40,29,1.249046
40,30,2.356194
40,39,-0.785398
40,41,-1.892547
40,63,0.000000
40,64,-1.892547
40,78,0.000000
40,79,-2.356194
41,10,1.249046
41,11,3.141593
41,23,-0.785398
41,29,-1.892547
41,37,0.785398
41,38,2.356194
41,56,1.249046
41,57,3.141593
41,67,3.141593
41,71,2.356194
41,80,0.785398
41,81,2.356194
41,82,-0.785398
41,83,-1.570796
42,25,0.785398
42,27,-1.892547
42,38,-2.356194
42,54,1.249046
42,56,-1.892547
42,61,1.570796
42,66,-1.570796
42,70,0.000000
42,71,-2.356194
42,76,1.570796
42,87,1.570796
42,88,2.356194
43,4,0.785398
43,25,-1.570796
43,31,1.249046
43,32,3.141593
43,38,0.785398
43,53,-0.785398
43,54,-1.892547
43,59,1.249046
43,69,3.141593
43,76,-2.819842
44,4,-0.785398
44,6,1.570796
44,8,-1.892547
44,12,1.249046
44,13,3.141593
44,23,1.249046
44,24,3.141593
44,30,0.000000
44,31,-1.892547
44,63,0.000000
44,72,0.785398
44,74,0.000000
44,75,-1.892547
44,78,0.321751
44,84,-1.892547
45,11,0.321751
45,16,1.249046
45,17,3.141593
45,22,0.000000
45,23,-1.892547
45,48,1.249046
45,49,2.356194
45,68,-2.819842
45,72,-0.785398
45,73,-2.356194
45,87,0.785398
46,11,-1.570796
46,21,1.570796
46,27,1.570796
46,33,1.249046
46,34,2.356194
46,38,-2.356194
46,46,1.249046
46,48,-1.892547
46,56,-0.785398
46,57,-1.892547
46,66,0.000000
46,67,-1.892547
46,70,1.249046
46,71,3.141593
46,76,1.249046
46,87,0.000000
46,90,3.141593
47,3,0.785398
47,8,0.785398
47,9,2.356194
47,14,0.000000
47,15,-1.892547
47,19,1.249046
47,25,1.249046
47,32,-0.785398
47,33,-1.892547
47,45,0.000000
47,46,-1.892547
47,64,1.249046
47,65,3.141593
47,84,3.141593
47,87,-1.570796
48,3,-0.321751
48,5,2.356194
48,12,1.249046
48,13,3.141593
48,23,1.249046
48,25,-1.892547
48,51,1.249046
48,52,3.141593
48,63,0.000000
48,64,-1.892547
48,73,1.249046
49,16,1.249046
49,18,-1.892547
49,28,1.249046
49,29,3.141593
49,37,-0.785398
49,67,0.000000
49,68,-1.892547
50,3,0.321751
50,6,-1.892547
50,21,0.000000
50,22,-1.892547
50,26,1.249046
50,28,-1.892547
50,39,-2.356194
50,48,1.249046
50,50,-1.892547
50,55,1.249046
50,56,2.356194
50,57,3.141593
50,66,1.570796
50,71,0.000000
50,72,-1.892547
50,75,0.321751
50,90,3.141593
51,3,-0.785398
51,20,1.570796
51,31,1.249046
51,32,3.141593
51,39,2.356194
51,47,-0.785398
51,48,-1.892547
51,65,-0.785398
51,66,-2.356194
51,69,1.249046
51,70,3.141593
52,30,-0.785398
52,31,-1.892547
52,38,-0.785398
52,39,-2.356194
52,53,0.000000
52,54,-1.892547
52,58,0.000000
52,67,0.785398
52,69,-1.892547
52,73,1.249046
52,75,-2.356194
53,3,0.785398
53,18,-1.570796
53,34,1.249046
53,35,2.356194
53,40,0.000000
53,50,1.249046
53,51,2.356194
53,72,0.000000
53,73,-1.892547
53,86,-1.570796
53,87,3.141593
54,3,-0.785398
54,4,-2.356194
54,10,1.249046
54,12,-1.892547
54,16,1.249046
54,17,3.141593
54,49,0.000000
54,50,-1.892547
54,61,-0.785398
54,71,1.570796
54,88,0.000000
54,89,1.892547
55,21,0.000000
55,22,-1.892547
55,25,-0.785398
55,32,-0.785398
55,33,-1.892547
55,40,2.356194
55,54,2.356194
55,58,1.570796
55,63,1.249046
55,64,2.356194
55,65,-0.785398
55,70,0.000000
55,74,1.249046
55,76,-2.356194
55,78,1.249046
55,79,3.141593
55,89,-1.249046
55,90,-2.356194
55,91,3.141593
56,7,0.000000
56,9,-1.892547
56,29,1.249046
56,30,3.141593
56,37,1.249046
56,38,2.356194
56,39,-0.785398
56,40,-2.356194
56,52,1.249046
56,53,3.141593
56,62,0.000000
56,63,-1.892547
56,69,-2.356194
56,83,0.000000
56,85,2.819842
57,7,-1.570796
57,13,0.000000
57,14,-1.892547
57,26,1.249046
57,27,2.356194
57,28,-0.785398
57,29,-1.892547
57,36,-0.785398
57,37,-1.892547
57,41,0.000000
57,51,0.000000
57,52,-1.892547
57,60,2.356194
57,67,-1.570796
57,72,0.000000
57,73,-1.892547
57,77,-1.570796
57,82,0.785398
58,12,3.141593
58,17,1.249046
58,18,3.141593
58,25,-0.785398
58,26,-1.892547
58,32,1.249046
58,33,2.356194
58,41,2.356194
58,58,0.000000
58,59,-1.892547
58,66,1.570796
58,70,1.249046
58,71,3.141593
58,76,3.141593
59,3,0.785398
59,4,3.141593
59,11,-1.570796
59,22,1.249046
59,23,3.141593
59,29,1.249046
59,30,2.356194
59,31,-0.785398
59,32,-1.892547
59,65,-0.785398
59,66,-2.356194
59,79,1.249046
59,80,3.141593
59,88,1.570796
60,3,-0.785398
60,9,1.249046
60,10,3.141593
60,45,1.570796
60,69,-1.892547
60,78,0.000000
60,79,-1.892547
60,84,-0.785398
60,89,3.141593
61,8,0.000000
61,9,-1.892547
61,20,0.000000
61,21,-1.892547
61,27,0.000000
61,28,-1.892547
61,45,3.141593
61,77,3.141593
61,91,3.141593
62,25,1.249046
62,26,3.141593
62,32,1.249046
62,33,3.141593
62,40,1.249046
62,42,-1.892547
62,45,-2.356194
62,72,-0.785398
62,83,-0.785398
62,84,-1.570796
62,85,3.141593
63,3,0.785398
63,12,0.000000
63,13,-1.892547
63,24,0.000000
63,25,-1.892547
63,31,0.000000
63,32,-1.892547
63,39,0.000000
63,40,-1.892547
63,45,0.785398
63,47,1.249046
63,48,3.141593
63,64,0.000000
63,65,-1.892547
63,81,1.570796
64,3,0.000000
64,11,1.570796
64,16,1.249046
64,17,3.141593
64,22,1.249046
64,23,3.141593
64,29,1.249046
64,30,3.141593
64,36,1.249046
64,37,2.356194
64,54,1.249046
64,55,2.356194
64,62,1.249046
64,63,3.141593
64,68,0.785398
64,69,2.356194
64,78,0.785398
64,79,2.356194
65,3,-0.785398
65,11,-2.819842
65,35,0.000000
65,36,-1.892547
65,44,0.000000
65,45,-1.892547
65,47,-2.356194
65,52,2.356194
65,53,-0.785398
65,54,-1.892547
65,69,-1.570796
66,9,0.000000
66,10,-1.892547
66,14,0.321751
66,20,0.000000
66,21,-1.892547
66,27,0.000000
66,28,-1.892547
66,33,1.249046
66,34,3.141593
66,41,1.249046
66,42,2.356194
66,60,-0.785398
66,61,-1.892547
66,72,1.249046
66,76,-1.570796
66,78,3.141593
67,14,-1.570796
67,25,1.249046
67,26,3.141593
67,31,1.249046
67,33,-1.892547
67,40,-0.785398
67,41,-1.892547
67,49,2.356194
67,51,3.141593
67,83,-1.249046
67,84,3.141593
67,91,3.141593
68,7,1.570796
68,12,1.249046
68,13,3.141593
68,19,2.356194
68,37,1.249046
68,38,3.141593
68,51,-1.570796
68,57,1.570796
68,63,0.321751
68,65,2.819842
68,74,3.141593
68,78,-0.321751
69,3,0.785398
69,6,-0.785398
69,11,0.321751
69,23,0.000000
69,24,-1.892547
69,35,0.000000
69,36,-0.785398
69,37,-1.892547
69,46,-0.785398
69,47,-1.892547
69,57,3.141593
69,70,0.000000
69,71,-1.892547
69,86,0.000000
69,87,1.892547
70,3,0.000000
70,11,-1.570796
70,16,1.570796
70,21,2.356194
70,28,0.000000
70,29,-1.892547
70,42,1.249046
70,43,2.356194
70,63,0.000000
70,65,-1.570796
70,66,-2.356194
70,68,0.785398
70,69,2.356194
70,74,-0.321751
71,15,0.000000
71,27,1.570796
71,33,2.356194
71,41,0.000000
71,42,-1.892547
71,60,0.785398
71,61,1.892547
71,69,-2.356194
71,75,-1.249046
71,77,1.892547
71,81,-1.249046
71,82,3.141593
71,88,-1.249046
71,89,3.141593
72,3,0.000000
72,8,1.249046
72,9,3.141593
72,18,0.785398
72,20,-2.356194
72,26,-0.785398
72,31,1.249046
72,32,3.141593
72,50,1.249046
72,51,2.356194
72,56,-0.785398
72,57,-1.892547
72,63,3.141593
72,69,0.785398
72,77,-1.249046
72,78,3.141593
73,3,-0.785398
73,6,0.785398
73,8,-1.892547
73,37,1.249046
73,38,3.141593
73,49,-0.785398
73,50,-1.892547
73,61,-0.785398
73,63,-2.356194
73,70,-2.356194
73,71,0.785398
73,72,1.892547
73,91,-2.356194
74,12,1.570796
74,16,1.249046
74,18,-1.892547
74,36,0.000000
74,37,-1.892547
74,72,-1.249046
74,73,-2.356194
74,81,-2.356194
75,3,0.785398
75,5,0.000000
75,11,0.000000
75,34,1.249046
75,35,3.141593
75,42,1.249046
75,43,3.141593
75,64,0.785398
75,83,0.000000
75,84,-0.785398
75,85,-1.570796
75,86,3.141593
76,3,0.000000
76,10,1.570796
76,14,0.321751
76,23,1.570796
76,33,0.000000
76,34,-1.892547
76,40,0.000000
76,41,-0.785398
76,42,-1.892547
76,53,0.000000
76,55,3.141593
77,3,-0.785398
77,9,0.000000
77,14,-1.570796
77,23,-2.819842
77,49,1.249046
77,50,2.356194
77,51,3.141593
77,66,1.570796
77,72,0.000000
77,79,0.000000
77,80,1.892547
77,89,3.141593
78,8,1.570796
78,25,0.321751
78,32,-1.570796
78,37,1.570796
78,48,-0.785398
78,49,-1.892547
78,68,1.892547
78,75,3.141593
78,80,-1.249046
78,82,1.892547
79,3,0.785398
79,8,-2.819842
79,20,0.321751
79,25,-1.570796
79,37,-1.570796
79,43,0.000000
79,68,-1.249046
79,69,3.141593
79,82,-1.249046
79,84,1.892547
80,3,0.000000
80,6,-0.785398
80,7,-1.892547
80,11,1.570796
80,20,-1.570796
80,24,1.570796
80,35,2.356194
81,3,-0.785398
81,10,0.000000
81,23,0.321751
81,24,-2.819842
81,33,1.249046
81,34,3.141593
81,50,0.000000
81,51,3.141593
81,72,0.785398
81,73,1.892547
82,13,1.570796
82,23,-1.570796
82,32,0.321751
82,73,-1.249046
82,74,3.141593
83,9,-1.570796
83,13,2.356194
83,32,-1.570796
83,39,3.141593
83,47,3.141593
83,65,0.000000
83,67,3.141593
83,75,-2.356194
83,87,-1.249046
83,88,3.141593
84,3,0.785398
84,13,-2.819842
84,17,1.570796
84,45,-0.785398
85,3,-0.321751
85,5,2.356194
85,7,3.141593
85,11,0.000000
85,12,-1.892547
85,16,0.321751
85,17,-2.819842
85,21,-1.570796
85,36,-0.785398
86,16,-1.570796
86,25,3.141593
86,70,0.000000
86,71,3.141593
86,91,-2.356194
87,9,1.570796
87,15,3.141593
87,54,2.356194
88,8,0.000000
88,19,2.356194
88,23,-1.570796
88,28,-1.570796
88,53,-0.785398
89,4,0.785398
89,6,1.249046
89,7,3.141593
89,13,0.321751
89,14,-2.819842
89,18,1.570796
89,86,1.570796
90,4,-0.321751
90,13,-1.570796
90,17,0.321751
90,18,-2.819842
90,57,0.000000
90,58,3.141593
90,86,-1.570796
91,17,-1.570796
91,68,0.785398
91,88,0.000000
92,10,1.570796
92,91,3.141593
93,10,-2.819842
93,22,1.570796
93,29,1.570796
93,72,3.141593
94,5,0.785398
94,59,0.000000
94,60,3.141593
94,62,0.000000
94,65,3.141593
95,5,-0.321751
95,15,1.570796
95,75,0.000000
95,85,0.000000
96,14,0.321751
96,15,-2.819842
97,14,-1.570796
97,20,-1.570796
97,25,0.000000
97,32,2.356194
97,80,3.141593
98,13,-0.785398
98,31,-0.785398
98,60,0.000000
98,61,3.141593
98,66,0.000000
98,71,3.141593
98,90,-2.356194
