12,32,1.249046
12,33,2.356194
12,43,0.785398
12,44,1.570796
12,45,2.356194
12,54,0.785398
12,55,1.570796
12,56,2.356194
14,22,1.249046
14,23,3.141593
14,32,-1.570796
14,74,2.356194
15,78,2.356194
17,16,1.249046
17,17,2.356194
17,19,-0.785398
18,44,2.356194
19,36,0.785398
19,44,3.141593
20,55,2.356194
21,42,-0.321751
22,11,0.321751
22,39,-2.819842
23,11,-0.785398
23,29,1.249046
23,34,-0.321751
23,70,0.321751
23,81,2.356194
24,27,1.249046
24,39,-2.356194
24,40,0.785398
24,41,1.570796
24,49,-2.356194
24,58,1.570796
24,70,-0.785398
25,32,2.819842
25,47,-1.892547
25,60,2.356194
25,70,2.356194
26,34,1.249046
26,63,-2.356194
26,68,1.249046
26,70,3.141593
27,46,-2.356194
27,55,2.356194
27,63,2.356194
28,31,-1.892547
28,60,-2.356194
28,70,-2.819842
29,11,2.356194
29,40,0.000000
29,41,-1.570796
29,42,-2.356194
29,43,-0.785398
29,48,1.570796
29,49,2.356194
29,50,-0.785398
29,51,-1.570796
29,54,-2.819842
30,38,2.356194
30,63,-0.785398
30,73,1.570796
30,75,-1.892547
31,9,0.321751
31,49,-2.356194
31,52,-0.785398
31,53,-1.570796
31,54,-2.356194
31,55,0.785398
31,56,1.570796
31,58,-1.570796
31,59,-2.356194
32,9,-1.570796
32,35,3.141593
32,39,2.356194
32,44,-0.785398
32,45,-1.570796
32,47,-1.892547
32,62,-0.785398
32,63,-1.570796
32,64,-2.356194
33,19,1.892547
33,74,2.819842
34,15,1.570796
34,44,0.785398
34,45,1.570796
34,46,2.356194
34,70,-1.570796
35,15,0.000000
35,39,2.356194
35,65,0.785398
36,32,0.000000
36,33,-1.892547
36,72,-1.570796
37,15,-0.321751
37,42,1.249046
37,43,2.356194
37,44,-0.785398
37,45,-1.892547
37,56,-1.249046
37,57,-2.356194
37,69,2.356194
37,70,0.785398
37,77,2.356194
37,83,-0.785398
37,85,2.819842
38,22,0.000000
38,33,2.356194
38,34,-0.785398
38,35,-1.892547
38,39,2.356194
38,41,-0.785398
38,42,-1.892547
38,65,0.785398
38,71,-1.249046
38,72,3.141593
38,85,-2.356194
39,7,0.321751
39,9,3.141593
39,21,-2.356194
39,28,0.000000
39,54,0.785398
39,55,1.570796
39,56,2.356194
39,66,-1.249046
39,73,0.000000
40,7,-0.785398
40,13,1.249046
40,15,1.570796
40,17,-1.892547
40,27,1.570796
40,35,1.249046
40,61,0.785398
40,62,1.892547
40,68,-1.249046
40,70,1.892547
40,79,0.785398
41,11,0.000000
41,34,0.000000
41,35,-1.892547
41,39,2.356194
41,51,0.000000
41,62,-1.249046
41,63,-2.356194
41,64,0.785398
41,65,1.892547
41,70,-1.249046
41,71,-2.356194
41,72,0.785398
42,15,-2.819842
42,18,1.570796
42,29,3.141593
42,32,0.785398
42,33,3.141593
42,44,1.249046
42,45,2.356194
42,47,0.785398
42,56,1.249046
42,57,2.356194
42,65,-1.249046
42,66,-2.356194
42,67,0.785398
42,68,1.892547
42,80,-2.819842
42,85,2.356194
43,14,-1.892547
43,32,-1.570796
43,35,1.249046
43,41,1.570796
43,42,2.356194
43,43,-0.785398
43,44,-1.892547
43,48,-2.356194
43,52,0.000000
43,55,-0.785398
43,62,0.785398
43,63,1.892547
43,68,-1.249046
43,69,-2.356194
43,70,0.785398
43,71,1.892547
43,82,1.249046
43,83,2.356194
43,84,-0.785398
43,85,-2.356194
44,48,-1.570796
44,63,-1.249046
44,64,-2.356194
44,65,0.785398
44,66,1.892547
44,71,-1.249046
44,72,-2.356194
44,73,0.000000
45,15,0.321751
45,30,3.141593
45,52,1.249046
45,53,2.356194
45,54,3.141593
45,66,-1.249046
45,67,-2.356194
45,68,0.785398
45,69,1.892547
45,74,0.000000
45,75,0.000000
45,83,2.819842
46,28,0.321751
46,39,-2.356194
46,62,0.785398
46,63,1.892547
46,73,0.000000
46,76,0.000000
47,11,1.249046
47,12,2.356194
47,17,0.000000
47,18,-2.356194
47,25,2.356194
47,28,-1.570796
47,37,-0.785398
47,55,3.141593
47,65,1.892547
48,6,0.321751
48,8,-2.356194
48,27,1.570796
48,30,0.321751
48,38,-2.356194
48,43,0.000000
48,49,0.000000
48,51,-0.785398
48,52,-1.892547
48,60,0.000000
48,61,3.141593
49,6,-0.785398
49,11,-1.249046
49,13,-1.892547
49,16,-2.819842
49,23,0.321751
49,27,-2.819842
49,30,-1.570796
49,32,0.000000
49,47,3.141593
49,58,3.141593
49,63,-0.321751
49,69,1.892547
49,72,-1.249046
49,73,3.141593
49,87,2.356194
50,18,0.321751
50,23,-0.785398
50,33,-2.356194
50,45,1.570796
50,54,3.141593
50,64,-1.249046
50,69,-1.249046
50,70,3.141593
50,82,1.570796
50,83,2.356194
50,87,3.141593
51,14,0.321751
51,15,-2.819842
51,18,-1.570796
51,25,-0.785398
51,36,1.570796
51,44,0.321751
51,45,-2.819842
51,53,-1.570796
51,60,3.141593
51,71,0.000000
51,72,1.892547
51,87,-2.356194
52,44,-0.785398
52,47,1.570796
52,52,1.570796
52,57,1.570796
52,63,0.000000
52,65,-0.785398
52,66,-1.892547
52,68,1.570796
52,79,1.570796
53,13,0.321751
53,14,-2.819842
53,44,-1.570796
53,51,0.321751
53,52,-2.819842
53,56,0.321751
53,57,-2.819842
53,69,3.141593
53,77,1.570796
54,6,0.785398
54,13,-1.570796
54,21,-0.785398
54,29,-2.356194
54,51,-0.785398
54,56,-0.785398
54,60,0.000000
54,61,3.141593
54,77,-0.785398
54,81,-1.249046
54,82,-2.356194
54,86,-0.785398
54,88,2.819842
55,6,-0.321751
55,8,2.356194
55,19,-1.570796
55,43,1.570796
55,51,0.785398
55,88,-2.356194
56,16,-1.570796
56,33,-2.356194
56,51,-0.321751
56,56,-1.570796
56,77,1.570796
56,79,-0.785398
56,80,3.141593
57,23,1.570796
57,26,-2.356194
57,29,0.000000
57,81,1.570796
58,6,0.321751
58,8,-2.356194
58,46,-1.570796
58,54,2.819842
58,61,0.785398
58,81,-0.321751
59,6,-0.785398
59,19,1.892547
59,23,0.000000
59,31,2.356194
59,35,1.570796
59,43,0.785398
59,54,-1.570796
59,66,0.000000
59,76,-1.249046
59,78,-1.570796
59,79,3.141593
60,17,-0.785398
60,30,-0.785398
60,31,-2.356194
60,35,0.785398
60,44,3.141593
60,72,0.000000
60,74,3.141593
60,80,0.000000
60,81,2.356194
61,17,0.000000
61,35,-0.785398
61,36,3.141593
61,45,1.570796
61,48,0.785398
61,86,2.356194
61,87,-0.785398
61,89,2.819842
62,14,2.356194
62,21,1.570796
62,22,2.356194
62,39,-0.785398
62,40,-1.570796
62,41,-2.356194
62,43,3.141593
62,45,-0.321751
62,49,2.356194
62,69,-2.356194
62,76,0.000000
62,78,3.141593
62,89,-2.356194
63,13,0.321751
63,14,-2.819842
63,49,3.141593
63,66,-2.356194
63,85,-2.819842
64,13,-0.785398
64,16,2.356194
64,19,0.000000
64,21,-1.570796
64,22,-2.356194
64,23,0.785398
64,28,0.000000
64,29,3.141593
64,45,-0.785398
64,46,-1.892547
64,89,2.356194
65,6,0.785398
65,16,-2.819842
65,19,-1.570796
65,49,0.000000
65,61,1.249046
65,62,2.356194
65,63,0.785398
65,85,1.570796
66,6,-0.321751
66,8,2.356194
66,12,-0.785398
66,13,-1.570796
66,26,1.570796
66,27,2.356194
66,35,0.000000
66,36,0.785398
66,37,1.570796
66,38,2.356194
66,46,3.141593
66,57,1.249046
66,58,2.356194
66,60,-0.785398
66,61,-1.892547
66,64,-2.356194
66,71,1.570796
66,85,-0.321751
66,88,-1.892547
67,15,-2.356194
67,22,-1.570796
67,32,-2.356194
67,50,-2.356194
67,56,0.000000
67,57,-1.892547
68,24,0.000000
68,26,3.141593
68,35,0.000000
68,36,-0.785398
68,37,-1.570796
68,38,-2.356194
68,44,3.141593
68,60,0.000000
68,68,0.000000
68,75,1.249046
68,77,1.892547
68,82,1.249046
68,83,2.356194
68,84,0.785398
69,24,-0.785398
69,26,-2.356194
69,47,0.000000
69,50,3.141593
69,65,0.000000
69,66,3.141593
69,79,2.356194
69,81,-0.785398
69,88,1.892547
69,90,2.356194
70,18,2.356194
70,24,2.356194
70,30,2.356194
70,43,3.141593
70,55,3.141593
70,61,0.000000
70,69,0.000000
70,71,0.000000
70,83,0.000000
71,14,1.570796
71,17,0.321751
71,18,-2.819842
71,20,0.321751
71,24,-2.819842
71,46,0.000000
71,51,0.000000
71,58,3.141593
71,64,0.000000
71,72,0.000000
71,73,0.785398
71,74,2.356194
71,81,0.785398
71,86,-2.356194
72,14,-2.819842
72,17,-0.785398
72,20,-0.785398
72,29,0.000000
72,31,1.892547
72,37,3.141593
72,70,0.785398
72,84,2.356194
73,29,-0.785398
73,31,-1.249046
73,46,0.000000
73,60,0.785398
73,65,0.000000
73,72,-2.356194
73,73,-0.785398
73,74,-1.570796
73,75,-2.356194
73,76,0.785398
73,82,-0.785398
73,84,-1.570796
73,87,0.000000
73,89,2.819842
74,61,-2.356194
74,70,0.000000
74,85,0.000000
74,86,2.356194
74,89,-2.356194
75,32,0.321751
75,34,-2.356194
75,37,0.785398
75,43,0.000000
75,47,3.141593
75,71,0.000000
75,72,1.892547
75,77,0.000000
75,79,0.785398
75,80,1.892547
75,89,2.356194
76,7,0.785398
76,32,-0.785398
76,36,-0.785398
76,49,0.000000
76,51,3.141593
76,59,3.141593
76,67,3.141593
76,72,-1.249046
76,73,3.141593
76,81,2.819842
76,83,0.785398
76,89,-2.819842
77,7,-0.321751
77,44,0.000000
77,45,3.141593
77,53,0.000000
77,69,0.785398
77,74,1.570796
77,76,0.000000
77,77,-1.570796
77,78,3.141593
78,37,-0.785398
78,39,0.000000
78,40,1.570796
78,41,2.356194
78,47,0.000000
78,49,3.141593
78,56,3.141593
78,74,0.000000
78,79,1.570796
78,88,3.141593
79,35,1.570796
79,42,2.356194
79,51,0.000000
79,52,3.141593
79,62,0.785398
79,67,1.570796
79,74,-0.785398
79,79,-0.321751
80,29,0.785398
80,46,2.356194
80,48,3.141593
80,80,-2.356194
80,82,-0.321751
80,83,2.819842
80,86,-1.249046
80,89,2.819842
81,17,2.356194
81,29,-0.321751
81,30,2.819842
81,35,-1.570796
81,57,0.000000
81,58,3.141593
81,63,-1.570796
81,77,1.570796
81,83,-1.570796
81,89,-2.356194
82,16,0.321751
82,17,-2.819842
82,30,-2.356194
82,43,-1.249046
82,77,-1.570796
83,19,1.570796
83,32,-1.570796
83,49,3.141593
83,84,0.785398
84,16,-0.321751
84,19,3.141593
84,27,-1.570796
84,36,1.570796
84,39,-1.570796
84,46,-1.249046
84,47,-2.356194
84,58,1.570796
84,63,0.000000
84,70,-1.570796
84,74,0.000000
84,84,-0.321751
84,89,2.356194
85,36,-1.570796
85,60,2.356194
85,75,-2.356194
85,78,1.570796
85,85,-1.249046
85,86,-2.356194
85,87,0.785398
85,89,-2.819842
86,20,2.819842
86,34,1.570796
87,16,0.000000
87,27,1.570796
87,53,0.785398
87,73,-1.570796
88,14,1.249046
88,15,3.141593
88,18,-1.249046
88,23,2.356194
88,31,-2.356194
89,20,-1.249046
89,21,-2.356194
89,34,-1.570796
89,38,1.570796
89,44,1.570796
89,56,-2.356194
89,83,-1.570796
90,12,-0.785398
90,24,2.819842
90,51,0.000000
90,75,2.356194
90,79,3.141593
91,24,-2.356194
91,42,1.570796
91,53,-2.356194
91,73,0.000000
92,14,0.785398
92,24,2.356194
92,36,1.570796
92,70,0.000000
92,71,3.141593
92,82,0.785398
92,83,1.892547
93,14,0.000000
93,16,1.892547
93,18,1.249046
93,19,2.356194
93,23,-0.785398
93,36,-1.570796
93,46,-2.356194
93,77,0.000000
94,29,0.785398
94,33,1.570796
94,43,-1.570796
94,51,0.785398
94,88,2.356194
95,26,2.356194
95,29,-0.321751
95,30,2.819842
95,48,0.785398
95,52,-2.356194
95,82,0.785398
95,87,-0.785398
96,16,-1.249046
96,18,-1.892547
96,25,1.570796
96,30,-2.356194
96,33,-1.570796
96,77,0.000000
96,83,-1.249046
96,85,-1.892547
97,24,-0.785398
97,63,1.570796
97,73,0.000000
97,74,3.141593
98,30,-1.570796
98,43,-2.356194
98,51,-2.356194
98,63,-1.570796
98,65,0.000000
98,67,3.141593
