15,44,1.249046
15,45,2.356194
15,55,0.785398
15,56,1.570796
15,57,2.356194
15,72,0.785398
15,73,1.892547
16,24,1.249046
16,25,2.356194
16,76,0.785398
17,18,1.249046
17,19,2.356194
17,23,-0.785398
17,44,-2.356194
17,77,-1.570796
18,17,0.321751
19,17,-1.570796
21,44,0.785398
22,15,0.321751
22,17,3.141593
22,44,0.000000
23,15,-0.785398
23,44,-0.785398
27,49,0.785398
27,81,3.141593
28,14,0.785398
28,35,1.570796
28,49,0.000000
28,61,0.321751
29,14,-0.785398
29,15,3.141593
29,35,0.000000
29,61,-0.785398
30,13,1.570796
30,35,-0.785398
30,51,3.141593
31,12,0.321751
31,13,-2.819842
31,59,0.785398
31,60,2.356194
32,12,-1.570796
32,51,-0.321751
32,53,2.356194
32,60,-1.570796
33,61,0.000000
34,56,1.570796
35,32,-0.785398
35,33,-1.570796
35,42,1.249046
35,44,-1.570796
35,46,1.570796
35,47,2.356194
35,51,-0.785398
35,52,-1.570796
35,53,3.141593
35,56,-0.785398
35,57,3.141593
35,60,1.249046
35,71,0.321751
36,11,0.785398
36,71,-0.785398
37,11,-0.785398
37,12,3.141593
37,36,-0.785398
37,42,-2.356194
37,46,0.785398
38,47,-2.356194
38,59,0.321751
38,63,-2.819842
39,33,2.356194
39,42,2.819842
39,50,3.141593
39,59,-1.570796
39,84,2.819842
40,28,0.785398
40,29,1.570796
40,30,2.356194
40,31,0.785398
40,38,-1.570796
40,42,-2.356194
40,52,0.000000
40,53,3.141593
40,63,-2.356194
40,76,0.785398
40,77,1.892547
40,81,-0.785398
40,82,-1.892547
40,84,-1.570796
41,33,-2.356194
41,34,3.141593
41,42,0.785398
41,57,-0.785398
41,66,0.785398
41,67,2.356194
41,74,0.000000
42,29,-0.321751
42,42,-0.785398
42,43,-2.356194
42,75,-1.249046
42,77,-1.892547
43,41,-0.785398
43,45,-2.356194
43,66,0.000000
43,67,-1.570796
43,68,-2.356194
44,26,0.785398
44,30,-1.570796
44,32,1.570796
44,47,0.785398
44,60,0.000000
44,61,3.141593
44,65,-0.785398
45,9,0.321751
45,11,3.141593
45,21,0.785398
45,29,1.570796
45,33,3.141593
45,51,3.141593
45,69,0.321751
46,9,-0.785398
46,41,0.785398
46,73,1.892547
47,26,0.785398
47,43,3.141593
47,61,1.570796
47,66,0.000000
48,9,2.356194
48,18,1.249046
48,19,2.356194
48,30,-1.249046
48,31,3.141593
48,38,-2.356194
48,61,2.356194
48,72,-2.356194
48,75,2.819842
49,8,0.321751
49,15,0.000000
49,16,1.570796
49,32,0.000000
49,33,1.892547
49,57,0.000000
49,60,-0.785398
49,66,0.000000
49,68,-0.785398
49,75,-2.356194
50,8,-1.570796
50,29,1.892547
50,33,-1.249046
50,34,-2.356194
50,41,0.000000
50,43,0.785398
50,44,2.356194
50,49,0.785398
50,50,1.892547
51,23,0.785398
51,29,-1.249046
51,30,3.141593
51,36,0.000000
51,37,1.892547
51,44,-1.570796
51,50,-1.249046
51,51,-2.356194
51,52,0.785398
51,53,1.892547
52,19,-1.570796
52,37,-1.249046
52,38,3.141593
52,55,2.356194
52,65,3.141593
52,77,1.570796
53,21,2.356194
53,26,0.000000
53,27,1.892547
53,33,3.141593
53,72,2.356194
53,77,-0.321751
53,78,2.819842
53,86,2.356194
54,24,-2.356194
54,27,-1.249046
54,28,3.141593
54,72,3.141593
54,78,-1.570796
54,81,0.785398
54,82,1.570796
54,83,2.356194
54,86,3.141593
55,20,-2.356194
55,24,0.785398
55,43,0.785398
55,44,1.892547
55,63,0.785398
55,64,1.570796
55,65,2.356194
55,79,0.000000
55,86,-2.356194
56,25,2.819842
56,30,0.000000
56,44,-1.249046
56,45,-2.356194
56,54,-0.785398
56,74,2.356194
56,75,0.785398
56,76,1.892547
56,80,-1.249046
57,21,-2.356194
57,31,-1.570796
57,38,0.000000
57,70,1.249046
57,77,2.819842
58,7,0.785398
58,16,1.249046
58,17,2.356194
58,18,-0.785398
58,19,-1.892547
58,25,0.000000
58,41,0.000000
58,42,1.892547
58,53,-0.785398
58,54,-1.570796
58,55,3.141593
58,64,2.356194
58,68,0.000000
58,69,-0.785398
58,70,-1.892547
58,73,-2.356194
58,77,-1.570796
59,7,0.000000
59,13,0.785398
59,14,1.570796
59,36,0.785398
59,37,1.892547
59,42,-1.249046
59,43,-2.356194
59,44,0.785398
59,45,1.892547
59,63,-0.785398
60,7,-0.785398
60,21,0.785398
60,22,1.570796
60,23,2.356194
60,25,3.141593
60,28,0.785398
60,37,-1.249046
60,39,1.892547
60,45,-1.249046
60,46,3.141593
60,73,0.785398
60,82,0.785398
60,83,1.892547
60,86,2.356194
61,17,-2.356194
61,25,-2.356194
61,28,-0.321751
61,39,-1.249046
61,40,3.141593
61,75,0.785398
61,76,1.892547
61,80,0.000000
61,86,3.141593
62,15,-1.570796
62,22,0.785398
62,81,-1.249046
62,83,-1.892547
62,86,-2.356194
63,6,0.321751
63,8,-2.356194
63,24,-0.785398
63,26,2.819842
63,30,-1.249046
63,32,2.356194
63,36,0.000000
63,37,1.892547
63,44,0.785398
63,45,1.892547
64,6,-0.785398
64,20,0.785398
64,37,-1.249046
64,38,-2.356194
64,45,-1.249046
64,46,-2.356194
64,69,0.000000
64,79,2.819842
65,6,0.785398
65,16,0.785398
65,17,2.356194
65,26,0.000000
65,33,3.141593
66,6,0.000000
66,13,0.785398
66,14,2.356194
66,17,-1.570796
66,42,0.000000
66,43,1.892547
66,64,0.785398
66,65,1.892547
66,72,-0.785398
66,76,0.000000
66,77,1.892547
66,79,-0.785398
66,80,-2.356194
66,81,0.785398
66,82,1.570796
66,83,2.356194
66,85,-0.785398
66,87,2.819842
67,6,-0.785398
67,14,-2.356194
67,19,2.356194
67,21,-0.785398
67,22,-1.570796
67,24,1.892547
67,28,-1.570796
67,30,1.892547
67,35,0.000000
67,43,-1.249046
67,44,3.141593
67,67,1.892547
67,87,-2.356194
68,17,0.000000
68,18,-1.892547
68,30,-1.249046
68,31,3.141593
68,36,-1.570796
68,46,0.785398
68,47,1.892547
68,65,-0.785398
68,72,-1.570796
68,73,3.141593
68,81,0.000000
69,23,0.000000
69,27,2.819842
69,37,0.000000
69,38,1.892547
69,47,-1.249046
69,48,-2.356194
69,74,0.000000
69,75,1.892547
69,80,2.356194
70,10,2.356194
70,11,0.785398
70,12,2.356194
70,20,1.249046
70,21,2.356194
70,33,1.570796
70,65,-0.785398
70,69,-1.892547
70,76,2.819842
71,12,-1.570796
71,18,1.249046
71,20,-1.892547
71,28,2.819842
71,33,-0.321751
71,39,-1.249046
71,40,-2.356194
71,81,3.141593
71,87,2.356194
72,10,2.819842
72,13,0.785398
72,15,-1.570796
72,16,-2.356194
72,17,-0.785398
72,23,0.000000
72,24,-1.892547
72,70,0.321751
72,73,1.892547
72,87,3.141593
73,19,1.570796
73,29,3.141593
73,35,-1.249046
73,36,3.141593
73,75,3.141593
73,87,-2.356194
74,11,-2.356194
74,12,-0.785398
74,19,-0.785398
74,20,-2.356194
74,27,-1.570796
74,30,0.785398
74,31,2.356194
74,38,0.785398
74,39,1.892547
74,67,0.785398
74,68,1.570796
74,70,3.141593
74,79,2.819842
75,5,-0.785398
75,7,-1.249046
75,9,-1.892547
75,32,2.356194
75,39,-1.249046
75,40,-2.356194
75,70,-1.570796
75,79,-1.570796
76,32,3.141593
76,68,2.356194
77,5,2.356194
77,13,1.570796
77,32,-1.570796
77,65,1.249046
77,66,2.356194
77,77,1.570796
78,4,0.321751
78,11,1.249046
78,73,0.000000
78,77,-0.321751
79,4,-0.785398
79,10,-0.785398
79,11,-1.892547
79,17,1.570796
79,33,2.356194
79,61,0.785398
79,62,1.570796
79,74,-1.570796
79,79,2.819842
80,15,1.249046
80,29,3.141593
80,39,1.249046
80,40,2.356194
80,41,0.785398
80,42,1.892547
80,75,1.570796
80,79,-1.570796
81,13,1.249046
81,15,-1.892547
81,20,1.249046
81,21,3.141593
81,37,0.785398
81,66,0.000000
81,67,1.892547
81,72,2.819842
81,75,-0.321751
81,84,-0.785398
82,12,0.000000
82,13,-1.892547
82,18,1.249046
82,20,-1.892547
82,33,-1.892547
82,42,-0.785398
82,60,1.249046
82,77,2.819842
82,86,-2.356194
83,56,1.249046
83,57,2.356194
83,69,2.819842
83,73,3.141593
83,77,-1.570796
84,4,0.785398
84,16,-0.785398
84,17,-1.892547
84,29,-0.785398
84,30,-1.892547
84,41,-0.785398
84,42,-1.570796
84,43,-2.356194
84,44,0.785398
84,45,1.892547
84,51,2.356194
84,53,0.785398
84,54,1.570796
84,60,-2.356194
84,74,1.570796
84,86,2.356194
85,4,0.000000
85,13,1.249046
85,14,3.141593
85,20,2.356194
85,25,1.249046
85,26,3.141593
85,33,0.000000
85,35,-0.785398
85,36,-1.892547
85,47,0.785398
85,56,-1.570796
85,66,2.819842
85,70,3.141593
85,74,-0.321751
85,84,0.785398
85,86,-2.819842
86,4,-0.785398
86,12,0.000000
86,13,-1.892547
86,18,0.000000
86,24,0.000000
86,25,-1.892547
86,45,-0.785398
86,66,-1.570796
86,71,1.570796
87,4,0.785398
87,49,-0.785398
87,63,-2.356194
87,71,-0.321751
87,72,2.819842
87,77,2.819842
88,4,-0.321751
88,6,2.356194
88,16,3.141593
88,42,0.000000
88,43,3.141593
88,55,1.570796
88,60,-2.356194
88,72,-1.570796
88,77,-1.570796
89,8,3.141593
89,13,0.000000
89,20,-0.785398
89,27,3.141593
89,35,3.141593
89,55,-0.321751
89,67,-1.570796
89,85,2.356194
90,5,-0.321751
90,24,1.249046
90,25,3.141593
90,31,0.000000
90,47,-2.356194
90,56,-1.249046
90,57,3.141593
90,74,-2.356194
90,85,3.141593
91,11,0.785398
91,23,0.000000
91,24,-1.892547
91,29,2.356194
91,36,1.249046
91,37,2.356194
91,50,0.000000
91,51,0.785398
91,52,1.570796
91,53,2.356194
91,58,0.000000
91,59,1.892547
91,63,0.785398
91,85,-2.356194
92,6,0.000000
92,10,0.000000
92,22,-0.785398
92,27,1.249046
92,28,3.141593
92,35,-0.785398
92,36,-1.892547
92,54,2.356194
93,6,-0.785398
93,26,0.000000
93,27,-1.892547
93,32,1.249046
93,33,3.141593
93,43,-0.785398
93,44,-1.570796
93,45,-2.356194
93,53,-0.785398
93,60,-1.249046
93,61,3.141593
93,66,1.570796
93,74,0.000000
93,75,0.785398
93,76,1.892547
93,84,2.356194
94,14,1.570796
94,30,1.249046
94,32,-1.892547
94,62,1.570796
94,66,-0.321751
94,67,2.819842
94,76,-1.249046
94,77,3.141593
94,82,1.249046
95,6,2.356194
95,11,1.570796
95,24,-0.785398
95,36,2.356194
95,39,-0.785398
95,52,3.141593
95,57,0.000000
95,63,3.141593
95,67,-1.570796
95,72,1.570796
95,78,1.570796
95,81,0.000000
95,82,-1.892547
96,10,-0.785398
96,28,0.000000
96,29,-1.892547
96,43,0.785398
96,44,1.892547
96,79,-2.356194
97,19,2.356194
97,23,1.570796
97,27,-0.785398
97,32,0.000000
97,44,-1.249046
97,45,-2.356194
97,60,-2.356194
97,64,-1.570796
97,68,-1.570796
98,6,-1.892547
98,14,-0.785398
98,23,-1.570796
98,36,0.000000
98,37,3.141593
98,41,-0.785398
98,49,3.141593
98,55,0.000000
98,56,3.141593
98,73,-2.356194
