3,50,0.785398
3,51,1.892547
4,46,0.785398
4,47,2.356194
4,56,0.785398
4,57,1.892547
4,59,1.249046
4,60,2.356194
4,62,0.785398
4,63,1.892547
5,40,0.785398
5,41,1.570796
5,42,3.141593
5,47,-2.356194
5,51,-0.785398
5,65,1.892547
6,32,1.249046
6,33,3.141593
6,47,0.785398
6,51,2.356194
7,30,0.785398
7,41,0.000000
7,47,0.000000
7,49,1.570796
7,57,-0.321751
7,79,2.356194
8,22,1.249046
8,23,3.141593
8,33,3.141593
8,51,-1.249046
8,52,-2.356194
8,53,0.785398
8,54,1.892547
8,77,0.321751
9,41,-0.321751
9,77,-0.785398
10,30,0.321751
10,32,2.819842
10,49,-1.249046
10,50,-2.356194
10,71,2.819842
10,77,2.356194
10,85,2.356194
11,47,2.356194
11,54,-1.249046
11,55,-2.356194
11,60,0.000000
11,71,-2.356194
11,75,1.249046
11,77,3.141593
12,13,1.249046
12,14,2.356194
12,18,-0.785398
12,32,3.141593
12,38,0.785398
12,39,2.356194
12,40,-0.785398
12,41,-1.570796
12,43,-1.570796
12,44,-2.356194
12,58,0.785398
12,64,-2.356194
12,73,0.785398
12,77,-2.356194
13,38,-0.785398
13,47,-1.249046
13,48,-2.356194
13,59,-1.249046
13,71,0.000000
14,11,0.321751
14,27,1.892547
14,34,2.356194
14,35,0.785398
14,36,1.892547
14,53,0.785398
14,54,2.356194
14,63,1.892547
14,79,0.785398
14,80,1.570796
14,82,-1.892547
15,11,-1.570796
15,59,0.785398
15,75,-0.785398
16,27,-1.892547
16,35,0.000000
16,36,-1.892547
16,52,-0.785398
16,60,-1.249046
16,61,3.141593
16,71,1.892547
16,80,-2.819842
17,23,0.321751
17,29,-0.785398
17,34,-2.356194
17,38,-0.785398
17,39,3.141593
17,57,0.000000
17,63,0.000000
17,87,2.356194
18,37,1.570796
18,46,1.249046
18,47,2.356194
19,25,-1.892547
19,27,1.570796
19,34,2.356194
19,36,-0.785398
19,44,0.785398
19,62,0.785398
19,66,3.141593
19,77,-2.356194
19,85,-0.785398
19,86,-1.892547
20,31,0.000000
20,32,-0.785398
20,33,-1.892547
20,59,0.785398
20,67,0.000000
20,72,2.356194
21,9,0.321751
21,11,3.141593
21,21,0.785398
21,22,2.356194
21,25,1.249046
21,27,-1.892547
21,38,3.141593
21,46,1.570796
21,57,3.141593
21,64,-1.249046
21,65,3.141593
21,68,-1.249046
21,72,-1.570796
21,76,3.141593
21,79,-0.321751
21,80,2.819842
22,9,-0.785398
22,25,-1.892547
22,47,-2.356194
22,51,3.141593
22,62,-2.356194
22,70,1.570796
22,73,0.000000
22,74,2.356194
23,23,-1.892547
23,40,0.000000
23,41,3.141593
23,64,0.785398
23,70,-0.785398
23,71,3.141593
23,80,0.000000
23,82,1.892547
24,26,1.249046
24,27,3.141593
24,34,1.249046
24,35,2.356194
24,36,3.141593
24,57,0.000000
24,65,-2.356194
24,69,-0.785398
24,83,3.141593
24,88,2.356194
25,24,0.785398
25,33,-0.785398
25,34,-1.892547
25,44,0.000000
25,45,3.141593
25,60,0.785398
25,63,2.356194
25,67,0.785398
25,70,0.000000
25,85,0.785398
25,86,1.570796
25,88,-2.356194
26,27,-2.356194
26,30,1.570796
26,38,1.570796
26,61,-1.249046
26,63,-2.356194
26,82,1.570796
27,17,0.000000
27,18,1.570796
27,20,1.570796
27,21,3.141593
27,30,-2.819842
27,34,0.000000
27,35,3.141593
27,38,-1.570796
27,70,3.141593
27,72,-1.249046
27,82,-0.785398
27,83,3.141593
27,85,0.000000
28,23,1.249046
28,58,0.000000
28,59,3.141593
28,68,-0.785398
28,69,-1.892547
28,74,-0.785398
28,77,-0.321751
29,27,-0.785398
29,28,-1.892547
29,35,0.000000
29,36,3.141593
29,82,3.141593
30,21,-1.892547
30,33,3.141593
30,83,1.570796
30,89,2.356194
31,76,-1.570796
31,80,-1.249046
31,81,3.141593
31,83,-0.785398
31,84,-2.356194
31,85,0.785398
31,86,1.570796
32,8,0.321751
32,10,-2.356194
32,16,0.785398
32,22,0.000000
32,49,0.000000
32,50,3.141593
33,8,-0.785398
33,25,2.356194
33,33,3.141593
33,40,3.141593
33,81,0.321751
33,82,-2.819842
33,86,-0.321751
34,19,3.141593
34,43,3.141593
34,50,2.356194
34,81,-0.785398
34,87,-1.249046
34,89,3.141593
35,8,0.785398
35,17,0.000000
35,18,-1.892547
35,22,-0.785398
35,23,-1.892547
35,27,1.249046
35,28,2.356194
35,76,1.570796
35,89,-1.570796
36,26,0.000000
36,27,-1.892547
36,35,-0.785398
36,48,-0.785398
37,7,0.321751
37,40,-0.785398
37,72,0.000000
37,75,-0.785398
37,76,-1.570796
37,78,1.570796
37,79,2.356194
37,81,-0.785398
37,82,-1.570796
37,84,1.892547
38,7,-0.785398
38,21,2.356194
38,28,2.356194
38,36,3.141593
38,90,2.356194
39,16,1.570796
39,19,1.249046
39,20,3.141593
39,31,2.356194
39,34,-0.785398
39,48,2.356194
39,63,2.356194
39,64,3.141593
39,69,0.000000
39,70,3.141593
39,72,0.000000
39,90,3.141593
40,12,0.785398
40,13,1.570796
40,14,2.356194
40,15,-0.785398
40,16,-2.356194
40,22,-0.785398
40,26,1.570796
40,36,2.356194
40,40,2.356194
40,62,-0.785398
40,79,0.000000
40,80,0.785398
40,81,1.892547
40,85,-0.785398
40,87,0.000000
41,20,-2.356194
41,25,0.321751
41,26,-2.819842
41,42,1.570796
41,58,0.785398
41,60,2.356194
41,62,-1.570796
41,71,0.000000
41,74,0.785398
41,75,1.892547
41,82,2.819842
41,85,0.785398
41,88,-1.249046
41,90,3.141593
42,28,1.570796
42,34,-0.785398
42,42,2.356194
42,46,-0.785398
42,78,0.785398
42,79,1.892547
42,82,-1.570796
42,85,-0.321751
42,86,2.819842
42,90,-2.356194
43,15,0.785398
43,16,3.141593
43,22,0.785398
43,23,1.892547
43,27,-0.785398
43,41,0.321751
43,42,-2.819842
43,52,0.000000
43,54,3.141593
43,69,0.000000
43,71,3.141593
43,83,1.570796
43,86,-1.570796
44,15,-1.570796
44,37,0.000000
44,41,-1.570796
44,77,1.892547
44,81,2.819842
44,83,-0.321751
44,84,2.819842
44,87,1.570796
44,90,2.356194
45,25,-2.356194
45,63,0.000000
45,65,3.141593
45,78,2.819842
45,81,-2.356194
45,90,-2.819842
46,11,2.356194
46,19,2.356194
46,21,0.321751
46,25,2.356194
46,28,2.356194
46,32,2.356194
46,36,-1.570796
46,67,0.000000
46,71,3.141593
46,78,-2.356194
46,84,-0.321751
46,85,2.819842
47,6,0.785398
47,24,0.321751
47,25,-2.819842
47,53,0.000000
47,55,3.141593
47,57,0.000000
47,62,3.141593
47,75,1.570796
47,78,0.785398
48,6,-0.321751
48,8,2.356194
48,9,-0.785398
48,10,-1.570796
48,15,0.000000
48,17,1.570796
48,20,0.321751
48,21,-2.819842
48,24,-0.785398
48,27,0.785398
48,66,0.000000
48,67,3.141593
48,75,0.785398
48,78,-0.321751
48,79,2.819842
48,82,0.785398
48,85,-0.321751
48,86,2.819842
49,17,-2.819842
49,24,-1.570796
49,28,-2.356194
49,69,0.000000
49,75,-0.321751
49,76,2.819842
49,79,-2.356194
49,82,0.000000
50,13,1.570796
50,61,0.000000
50,62,3.141593
50,72,0.000000
50,76,-2.356194
50,82,-0.785398
50,86,-0.321751
50,87,2.819842
50,90,2.356194
51,12,0.321751
51,16,-2.819842
51,18,0.321751
51,55,0.000000
51,56,3.141593
51,65,0.000000
51,67,3.141593
51,76,0.785398
51,84,0.785398
51,90,3.141593
52,70,1.570796
52,73,-0.321751
52,74,2.819842
52,76,-0.321751
52,77,2.819842
52,82,0.785398
52,85,2.819842
52,87,-0.321751
53,11,0.321751
53,14,-1.892547
53,17,0.321751
53,18,-2.819842
53,31,0.785398
53,74,-2.356194
53,77,-2.356194
53,82,-0.321751
53,85,-2.356194
53,88,-1.249046
53,90,3.141593
54,17,-1.570796
54,27,0.000000
54,32,-1.570796
54,45,0.000000
54,47,3.141593
54,63,0.000000
54,65,3.141593
54,83,-2.356194
54,85,0.785398
54,90,-2.356194
55,12,2.819842
55,16,1.570796
55,19,0.321751
55,21,2.819842
55,29,-2.819842
55,33,1.570796
55,37,2.356194
55,55,0.000000
55,59,3.141593
55,85,-0.321751
55,86,2.819842
56,15,0.321751
56,16,-2.819842
56,19,-1.570796
56,21,-2.356194
56,28,-1.570796
56,68,1.570796
56,77,0.785398
56,86,-2.356194
57,12,-2.819842
57,15,-1.570796
57,33,-1.892547
57,37,3.141593
57,42,0.000000
57,43,3.141593
57,52,0.000000
57,55,3.141593
57,61,0.000000
57,62,3.141593
57,77,-0.321751
57,78,2.819842
57,86,0.785398
58,6,0.321751
58,18,2.356194
58,21,2.356194
58,35,-1.570796
58,38,-2.356194
58,78,-2.356194
58,83,0.785398
58,87,3.141593
59,6,-1.570796
59,14,2.356194
59,17,0.000000
59,18,-2.356194
59,20,0.000000
59,30,0.321751
59,31,-2.819842
59,34,-0.785398
59,43,1.570796
59,51,0.785398
59,52,1.892547
59,57,0.785398
59,58,1.892547
59,83,-0.321751
59,84,2.819842
59,88,0.000000
59,89,2.356194
60,10,0.000000
60,14,-2.819842
60,16,0.785398
60,19,0.000000
60,23,2.356194
60,26,-0.785398
60,30,-0.785398
60,43,-1.570796
60,49,-0.785398
60,60,2.356194
60,84,-2.356194
60,89,-2.356194
61,16,0.000000
61,19,2.356194
61,22,0.321751
61,23,-2.819842
61,33,1.570796
61,39,1.570796
61,46,1.570796
61,55,-0.785398
61,56,-1.570796
61,65,1.570796
62,19,-2.819842
62,22,-0.785398
62,36,1.570796
62,53,-0.785398
62,62,2.819842
63,12,-2.356194
63,15,0.321751
63,25,1.570796
63,33,-1.570796
63,43,1.570796
63,49,1.570796
63,62,-2.356194
63,69,-1.570796
63,84,0.785398
64,15,-1.570796
64,18,-2.819842
64,84,-0.321751
64,85,2.819842
65,11,0.785398
65,17,-0.785398
65,36,2.356194
65,46,-1.570796
65,53,-1.570796
65,85,-2.356194
66,11,-0.785398
66,12,3.141593
66,14,2.356194
66,35,0.321751
66,36,-2.819842
66,56,1.570796
66,69,1.570796
67,10,1.570796
67,21,0.785398
67,24,2.356194
67,35,-0.785398
67,46,1.570796
67,52,1.570796
68,5,0.785398
68,7,1.249046
68,16,2.356194
68,24,-2.819842
68,66,2.356194
68,86,1.570796
69,5,-0.321751
69,16,-2.356194
69,20,0.321751
69,42,-1.570796
69,65,0.321751
69,66,-2.819842
69,69,2.356194
69,87,3.141593
69,89,2.356194
70,13,-2.819842
70,20,-0.785398
70,31,2.356194
70,35,-1.570796
70,38,-0.785398
70,65,-0.785398
70,68,0.321751
70,72,-1.570796
70,89,-2.819842
71,6,-0.785398
71,9,-1.249046
71,23,2.356194
71,42,1.570796
71,56,-1.570796
71,68,-0.785398
71,75,-1.570796
71,88,-0.785398
72,12,-2.356194
72,19,0.321751
72,21,-2.356194
72,23,3.141593
72,68,-1.570796
72,81,1.570796
73,12,2.356194
73,19,-0.785398
73,23,-2.356194
73,38,2.356194
73,42,-1.570796
73,48,-0.785398
73,52,-1.570796
73,55,1.570796
73,62,-1.570796
73,73,1.570796
74,12,-2.819842
74,33,0.000000
74,34,3.141593
74,70,-1.570796
74,75,1.570796
75,6,0.785398
75,41,1.570796
75,48,1.570796
75,52,1.570796
75,81,2.356194
76,6,-0.785398
76,7,-2.356194
76,8,-0.785398
76,11,-2.819842
76,52,2.356194
76,55,2.356194
76,64,-0.785398
76,70,1.570796
76,81,-2.819842
76,84,0.785398
77,33,1.570796
77,51,0.321751
77,52,-2.819842
77,54,0.321751
77,55,-2.819842
77,60,1.570796
77,73,-1.570796
77,85,3.141593
78,16,0.785398
78,19,2.356194
78,26,-1.570796
78,37,2.356194
78,48,-1.570796
78,51,-0.785398
78,54,-0.785398
78,63,1.570796
78,78,0.321751
78,81,2.819842
78,88,2.356194
79,16,-0.321751
79,19,3.141593
79,36,0.321751
79,37,-2.819842
79,63,-1.570796
79,78,-0.785398
79,81,-2.356194
79,88,-2.819842
80,36,-0.785398
80,40,-1.570796
80,51,-1.570796
80,57,-1.570796
80,60,2.356194
80,73,1.570796
80,87,-0.785398
81,16,0.321751
81,19,3.141593
81,32,-1.570796
81,36,-1.570796
81,54,2.356194
81,59,0.321751
81,60,-2.819842
81,63,2.356194
81,65,1.570796
82,16,-0.785398
82,19,-1.570796
82,26,1.570796
82,39,1.570796
82,43,2.356194
82,50,1.570796
82,53,0.321751
82,54,-2.819842
82,59,-0.785398
82,73,-1.570796
83,42,0.321751
83,43,-2.819842
83,53,-0.785398
83,56,1.570796
83,70,-1.570796
84,32,1.570796
84,35,1.570796
84,42,-0.785398
84,72,1.570796
85,12,0.785398
85,53,2.356194
85,62,-1.570796
86,12,-0.321751
86,16,2.356194
86,32,-1.570796
86,35,-1.570796
86,45,1.570796
86,52,0.321751
86,53,-2.819842
86,55,-0.785398
86,59,2.356194
86,76,2.356194
87,16,-2.819842
87,29,-1.570796
87,45,-1.570796
87,49,-1.570796
87,52,-0.785398
87,58,0.321751
87,65,-1.570796
87,67,1.570796
87,75,0.321751
87,76,-2.819842
87,83,2.356194
88,58,-0.785398
88,61,3.141593
88,75,-0.785398
88,87,2.356194
89,13,-0.321751
89,16,3.141593
89,20,0.000000
89,24,3.141593
89,27,-1.570796
89,38,-1.570796
89,51,-0.785398
89,54,0.000000
89,55,3.141593
89,58,-1.570796
89,85,0.785398
89,87,-2.819842
90,6,0.785398
90,8,-1.570796
90,17,0.000000
90,18,1.570796
90,19,3.141593
90,69,1.570796
90,83,-1.892547
91,6,-0.785398
91,25,0.785398
91,57,1.570796
91,60,1.570796
91,63,1.570796
91,66,-1.570796
92,14,0.785398
92,25,-0.321751
92,26,2.819842
92,50,1.570796
92,54,2.356194
92,57,-1.570796
92,63,-1.570796
92,69,-1.570796
93,14,-0.321751
93,15,2.819842
93,22,0.785398
93,26,-2.356194
93,36,2.356194
93,39,2.356194
93,60,-1.570796
93,65,1.570796
93,85,1.570796
94,15,-2.356194
94,22,-0.321751
94,31,1.570796
94,38,0.321751
94,39,-2.819842
94,42,1.570796
94,50,-1.570796
94,85,-2.819842
95,15,0.785398
95,18,2.356194
95,23,-1.249046
95,24,3.141593
95,26,2.356194
95,35,-1.570796
95,42,2.356194
95,62,1.570796
95,65,-1.570796
95,71,2.356194
96,10,0.000000
96,11,1.570796
96,15,0.000000
96,37,0.321751
96,38,-2.819842
96,41,0.321751
96,42,-2.819842
96,45,2.356194
96,48,1.570796
96,59,2.356194
96,67,1.570796
96,70,0.321751
96,71,-2.819842
97,15,-0.785398
97,27,-2.356194
97,37,-1.570796
97,41,-0.785398
97,44,-0.785398
97,62,-1.570796
97,64,1.570796
97,70,-0.785398
97,80,1.249046
97,82,-1.892547
98,16,-0.785398
98,23,-0.785398
98,24,-1.892547
98,36,-0.785398
98,41,-1.570796
98,47,-0.785398
98,51,-0.785398
98,58,-1.570796
98,64,-1.570796
98,67,-1.570796
98,70,-1.570796
98,74,-1.570796
98,79,-0.785398
98,80,-1.892547
