16,19,1.249046
16,20,2.356194
16,38,0.785398
16,39,1.570796
16,40,2.356194
16,76,0.785398
17,18,-0.785398
20,17,3.141593
21,14,0.321751
22,14,-0.785398
25,69,0.321751
26,69,-0.785398
29,39,2.356194
30,39,-2.819842
31,83,3.141593
32,28,0.785398
33,28,0.000000
33,34,0.000000
33,35,-0.785398
33,36,-1.892547
34,28,-0.785398
34,74,1.249046
34,76,1.892547
35,13,3.141593
35,37,0.000000
35,61,3.141593
36,14,0.785398
36,15,2.356194
36,29,-2.819842
36,34,0.000000
36,35,3.141593
36,65,0.000000
37,14,-0.785398
37,32,2.356194
37,39,0.000000
38,8,0.321751
38,18,0.785398
38,19,1.570796
38,31,3.141593
38,37,3.141593
38,59,3.141593
38,61,0.000000
38,63,3.141593
38,76,-1.249046
39,8,-0.785398
39,30,-1.570796
39,65,0.000000
39,66,3.141593
39,73,0.000000
39,74,1.892547
40,21,-2.819842
40,24,0.321751
40,28,1.249046
40,29,3.141593
40,39,0.000000
40,41,3.141593
40,45,0.000000
40,55,3.141593
41,17,0.321751
41,24,-1.570796
41,27,0.321751
41,61,0.000000
41,62,3.141593
41,70,0.785398
41,75,-1.249046
41,76,3.141593
42,17,-0.785398
42,20,-2.819842
42,27,-1.570796
42,30,1.249046
42,31,3.141593
42,36,3.141593
42,42,3.141593
42,64,0.000000
42,77,-2.356194
43,15,1.570796
43,29,0.000000
43,33,1.249046
43,34,3.141593
43,73,-2.356194
43,79,0.785398
43,82,0.785398
43,83,1.892547
43,86,2.356194
44,16,3.141593
44,25,1.570796
44,28,-0.785398
44,33,-1.892547
44,49,0.000000
44,56,3.141593
44,62,1.570796
44,80,0.000000
45,18,-2.819842
45,24,0.321751
45,25,-2.819842
45,62,-1.570796
45,64,0.785398
46,24,-1.570796
46,29,0.000000
46,30,-1.892547
46,34,1.570796
46,40,3.141593
46,72,-2.356194
47,16,0.321751
47,17,-2.819842
47,33,-0.785398
47,34,-2.356194
47,46,1.249046
47,47,2.356194
47,52,3.141593
47,83,-1.249046
48,16,-1.570796
48,19,1.570796
48,27,3.141593
48,36,3.141593
48,79,0.000000
49,18,0.321751
49,19,-2.819842
49,22,-0.785398
49,26,-1.570796
49,30,-0.785398
49,34,0.000000
49,35,-1.892547
49,57,0.000000
49,58,3.141593
49,64,0.785398
49,71,-2.356194
50,7,0.785398
50,11,1.249046
50,12,2.356194
50,18,-1.570796
50,33,-0.785398
50,44,0.000000
50,46,-1.570796
50,47,-2.356194
50,49,3.141593
50,66,3.141593
50,73,0.785398
51,7,-0.785398
51,8,-2.356194
51,24,-0.785398
51,68,0.000000
51,75,3.141593
51,83,1.570796
52,43,0.321751
52,44,-2.819842
52,57,0.000000
52,63,3.141593
52,70,-2.356194
52,83,-0.321751
53,13,2.356194
53,43,-1.570796
53,65,0.000000
53,89,2.356194
54,67,-2.356194
54,85,-1.249046
54,86,-2.356194
54,89,3.141593
55,61,0.000000
55,62,3.141593
55,69,0.785398
55,89,-2.356194
56,77,0.785398
57,42,2.356194
57,89,2.356194
58,41,-0.785398
58,42,-2.356194
58,62,0.000000
58,63,3.141593
58,69,0.785398
58,81,3.141593
58,87,0.785398
58,89,-2.819842
59,39,1.570796
59,70,-2.356194
59,86,0.785398
60,16,1.570796
60,25,2.356194
60,26,3.141593
60,38,0.321751
60,39,-2.819842
60,89,2.819842
61,13,2.356194
61,16,2.356194
61,20,2.356194
61,24,-0.785398
61,38,-0.785398
61,89,-1.570796
62,12,0.321751
62,13,-2.819842
62,15,0.321751
62,16,-2.819842
62,19,1.570796
62,25,-2.356194
62,78,-2.356194
63,15,-1.570796
63,18,0.321751
63,19,-2.819842
63,66,0.785398
64,12,-2.819842
64,60,0.000000
64,61,0.785398
64,62,1.892547
64,72,0.785398
65,6,0.785398
65,17,0.321751
65,18,-2.819842
65,47,-2.356194
65,62,-1.249046
65,63,3.141593
65,73,-2.356194
66,6,0.000000
66,8,-0.785398
66,13,1.570796
66,70,-2.356194
66,87,0.785398
66,90,2.356194
67,6,-0.785398
67,13,-2.819842
67,17,-2.819842
67,58,0.000000
67,60,3.141593
67,90,3.141593
68,20,2.356194
68,62,0.785398
68,72,0.785398
68,81,0.785398
68,90,-2.356194
69,13,0.000000
69,82,-2.356194
71,14,-0.785398
71,18,1.570796
71,21,1.570796
71,70,-2.356194
71,74,-1.570796
72,14,2.356194
72,18,-2.819842
72,62,0.785398
72,80,0.785398
73,13,0.321751
73,14,-2.819842
73,40,0.785398
73,53,0.000000
73,54,3.141593
73,58,0.000000
73,59,3.141593
73,63,-2.356194
73,68,-2.356194
73,72,1.570796
73,77,1.570796
73,81,-2.356194
74,16,0.321751
74,17,-2.819842
74,48,2.356194
74,77,-1.570796
74,86,1.570796
75,12,0.321751
75,13,-2.819842
75,16,-0.785398
75,43,0.785398
75,44,1.570796
75,45,2.356194
76,19,-0.785398
76,23,1.570796
76,53,1.249046
76,54,2.356194
76,87,1.570796
76,90,2.356194
77,14,1.570796
77,15,3.141593
77,23,-1.570796
77,37,0.321751
77,44,0.785398
77,51,1.249046
77,53,-1.892547
77,70,1.570796
77,90,-2.819842
78,37,-1.570796
78,44,0.000000
78,50,0.000000
78,51,-1.892547
78,65,-2.356194
78,70,-1.570796
78,84,0.785398
79,8,1.249046
79,9,3.141593
79,12,-1.249046
79,22,1.570796
79,44,-0.785398
79,49,-0.785398
79,55,1.249046
79,56,2.356194
79,76,-1.570796
80,16,1.570796
80,19,1.570796
80,22,-1.570796
80,36,2.356194
80,47,-2.356194
80,54,-0.785398
80,55,-1.892547
80,63,3.141593
80,73,1.570796
80,89,2.356194
81,7,-0.785398
81,35,0.321751
81,36,-2.819842
81,44,-1.570796
81,51,1.249046
81,52,3.141593
81,68,0.000000
81,69,3.141593
81,73,-1.570796
81,78,1.570796
81,86,1.570796
81,89,3.141593
82,16,2.356194
82,21,1.570796
82,24,1.570796
82,50,0.000000
82,51,-1.892547
82,56,0.000000
82,59,3.141593
82,86,-0.321751
83,15,0.321751
83,16,-2.819842
83,21,2.356194
83,24,-1.570796
83,34,0.321751
83,35,-2.819842
83,75,1.570796
83,87,-1.249046
83,89,3.141593
84,20,0.321751
84,21,-2.819842
84,38,2.356194
84,48,-0.785398
84,79,-1.570796
84,89,-2.356194
85,15,-2.819842
85,18,-1.570796
85,20,-0.785398
85,23,1.570796
85,33,0.321751
85,34,-2.819842
85,72,1.570796
85,76,-2.356194
86,20,-1.570796
86,33,-0.785398
86,37,-1.570796
86,52,0.000000
86,57,3.141593
86,59,0.785398
86,68,0.000000
86,69,3.141593
86,72,-1.570796
86,85,0.785398
87,33,-1.570796
87,89,2.356194
88,22,2.356194
88,25,1.570796
88,62,3.141593
88,89,3.141593
89,21,0.321751
89,22,-2.819842
89,28,1.570796
89,89,-2.356194
90,35,1.570796
91,20,0.321751
91,21,-2.819842
91,24,-1.570796
91,27,-0.785398
91,35,-1.570796
91,38,1.570796
91,54,1.570796
92,9,-1.570796
92,38,-1.570796
92,54,-1.570796
93,17,1.249046
93,20,-2.819842
93,72,1.570796
94,23,2.356194
94,45,1.570796
94,50,2.356194
94,72,-1.570796
95,19,-2.819842
95,28,1.570796
96,16,-1.249046
96,22,2.356194
96,25,1.570796
96,28,-1.570796
96,49,-1.570796
96,87,-0.785398
97,18,-1.249046
97,19,-2.356194
97,21,-0.785398
97,55,0.000000
97,57,3.141593
98,24,-0.785398
98,44,-1.570796
