13,41,0.785398
13,42,2.356194
13,68,2.356194
14,17,1.249046
14,18,3.141593
14,42,-1.570796
14,77,2.356194
15,14,1.249046
15,15,2.356194
15,16,-0.785398
15,43,1.570796
16,43,0.000000
17,43,-0.785398
18,11,0.321751
19,11,-1.570796
19,21,0.785398
19,22,2.356194
20,21,-0.785398
20,60,0.321751
20,81,3.141593
21,60,-0.785398
23,60,2.356194
23,67,0.321751
24,48,0.321751
24,52,1.892547
24,60,3.141593
24,67,-0.785398
25,10,2.356194
25,27,0.785398
25,48,-0.785398
25,58,-0.785398
25,73,1.249046
26,27,0.000000
26,44,1.570796
26,50,3.141593
26,53,-1.249046
26,55,1.892547
26,75,-2.356194
27,27,-0.785398
27,29,-1.570796
27,45,-2.356194
27,55,-1.249046
27,57,1.892547
27,61,2.819842
27,71,0.321751
28,7,0.321751
28,30,0.000000
28,49,-0.785398
28,58,2.819842
28,71,-0.785398
29,7,-1.570796
29,13,1.570796
29,22,-2.356194
29,26,0.000000
29,27,-1.570796
29,28,-2.356194
29,37,0.785398
29,38,2.356194
29,41,0.785398
29,42,1.892547
29,53,0.785398
29,58,-1.570796
29,60,0.000000
29,61,-1.570796
29,63,1.892547
29,68,-2.356194
30,42,-1.249046
30,43,-2.356194
30,45,0.785398
30,46,1.892547
30,55,0.785398
30,56,1.892547
31,12,0.321751
31,16,-2.356194
31,31,0.000000
31,36,-0.785398
31,37,-2.356194
31,46,-1.249046
31,47,-2.356194
31,56,-1.249046
31,57,3.141593
31,72,0.785398
32,15,-2.356194
32,21,-0.785398
32,28,0.000000
32,29,3.141593
32,38,0.000000
32,39,1.892547
32,59,0.785398
32,60,1.892547
32,65,-1.249046
32,67,1.892547
32,75,-1.249046
32,76,3.141593
33,13,-2.356194
33,39,-1.249046
33,40,-2.356194
33,42,3.141593
33,52,-2.356194
33,67,-1.249046
33,68,3.141593
33,72,0.321751
34,5,2.356194
34,30,0.000000
34,33,3.141593
34,44,0.000000
34,62,2.819842
34,72,-0.785398
34,74,1.570796
34,78,2.356194
35,4,0.321751
35,5,-2.819842
35,48,3.141593
36,4,-0.785398
36,14,2.356194
36,21,2.356194
36,39,0.000000
36,40,3.141593
36,71,-0.785398
36,79,-1.570796
37,20,-0.785398
37,30,0.000000
37,31,3.141593
37,59,0.000000
37,60,0.785398
37,66,0.000000
37,67,3.141593
37,73,-2.356194
37,76,-2.356194
38,18,2.356194
38,46,0.000000
38,76,-1.570796
38,85,0.785398
38,86,1.892547
38,88,2.356194
39,49,3.141593
39,61,-0.785398
39,78,0.785398
39,80,2.356194
39,84,0.785398
39,88,3.141593
40,10,-0.785398
40,16,-0.785398
40,31,0.000000
40,32,3.141593
40,36,2.356194
40,40,3.141593
40,58,0.785398
40,59,1.892547
40,61,2.356194
40,70,0.000000
40,79,-0.785398
40,86,-1.892547
40,88,-1.570796
41,35,-0.785398
41,80,-2.356194
42,13,2.356194
42,17,0.000000
42,18,3.141593
42,35,2.356194
42,56,-0.785398
42,61,-1.249046
42,62,-2.356194
42,63,3.141593
42,73,-2.356194
43,3,0.785398
43,7,2.356194
43,12,3.141593
43,32,1.249046
43,33,2.356194
43,46,1.570796
43,76,0.000000
43,82,0.785398
44,3,0.000000
44,11,-1.570796
44,15,2.356194
44,28,0.000000
44,31,-0.785398
44,46,-2.819842
44,75,-0.785398
44,83,1.570796
45,3,-0.785398
45,14,1.570796
45,25,0.000000
45,26,3.141593
45,33,1.570796
45,35,-1.570796
45,43,0.785398
45,52,0.321751
45,83,-0.321751
46,9,-0.785398
46,13,0.000000
46,33,-0.785398
46,34,-2.356194
46,52,-1.570796
46,59,-1.570796
46,79,1.570796
46,84,-1.249046
46,85,3.141593
47,12,-0.785398
47,17,3.141593
47,51,-0.785398
47,79,-0.785398
47,80,3.141593
47,89,2.356194
48,25,3.141593
48,27,0.000000
48,53,1.570796
48,78,1.570796
48,81,-2.356194
48,85,0.000000
48,86,-1.570796
48,87,-2.356194
48,89,3.141593
49,23,-0.785398
49,45,0.785398
49,53,-1.570796
49,70,1.570796
49,76,0.000000
49,77,-0.785398
49,89,-2.356194
50,8,2.356194
50,13,-0.785398
50,21,3.141593
50,45,-0.321751
50,47,2.356194
50,58,-1.570796
50,70,-1.570796
50,83,0.785398
51,7,-0.785398
51,18,1.249046
51,19,3.141593
51,76,2.356194
51,79,1.570796
51,83,-0.321751
51,89,2.356194
52,16,0.000000
52,23,3.141593
52,45,0.321751
52,75,-0.785398
52,84,-1.249046
52,85,-2.356194
52,87,0.785398
52,89,-2.819842
53,20,2.356194
53,45,-0.785398
53,50,1.570796
53,80,1.570796
53,82,2.356194
54,26,3.141593
54,48,-1.249046
54,50,3.141593
54,80,-0.321751
55,18,-0.785398
55,45,-1.570796
55,50,-1.570796
55,81,-1.570796
56,23,-0.785398
56,33,1.570796
57,21,2.356194
58,20,-0.785398
58,53,-2.356194
58,78,0.000000
58,79,0.785398
58,83,-1.570796
59,25,1.570796
59,34,2.356194
60,32,0.785398
60,34,-2.819842
60,38,1.249046
60,39,3.141593
60,69,0.785398
60,81,3.141593
61,16,1.570796
61,21,2.356194
61,30,0.000000
61,31,0.000000
61,49,0.000000
61,70,-2.356194
62,11,1.570796
62,25,-0.785398
62,32,-0.785398
62,35,2.356194
62,50,-2.356194
62,82,-1.570796
63,11,-1.570796
63,15,-0.785398
63,19,-0.785398
63,37,-2.356194
63,72,0.785398
64,27,0.785398
64,28,1.570796
64,29,2.356194
64,31,3.141593
64,33,-0.785398
64,51,-2.356194
64,52,3.141593
65,47,0.000000
65,48,-0.785398
65,49,-1.892547
66,20,0.000000
66,64,0.785398
66,75,-2.356194
67,55,0.785398
67,65,-2.356194
67,69,0.785398
68,15,2.356194
68,26,-0.785398
68,36,-1.570796
68,61,1.570796
69,14,3.141593
69,18,2.356194
69,24,2.356194
69,61,-1.570796
69,81,1.892547
69,88,2.356194
70,13,-1.570796
70,17,-0.785398
70,22,0.000000
70,63,1.570796
70,73,-2.356194
70,88,3.141593
71,12,-0.785398
71,34,0.000000
71,63,-1.570796
71,81,-1.892547
71,88,-2.356194
72,27,2.356194
72,38,0.785398
72,39,1.892547
72,59,0.785398
72,72,1.570796
72,77,2.356194
73,25,1.249046
73,26,3.141593
73,39,-1.249046
73,40,3.141593
73,45,2.356194
73,51,1.570796
73,59,-0.785398
73,60,-2.356194
73,63,2.356194
73,65,0.785398
73,72,-1.570796
73,75,0.000000
74,24,0.000000
74,25,-1.892547
74,42,3.141593
74,44,-0.785398
74,58,-0.785398
74,62,-0.785398
75,6,1.249046
75,23,1.570796
75,63,1.570796
76,8,-2.356194
76,22,0.000000
76,43,0.785398
76,63,-0.321751
76,64,2.819842
76,67,-1.570796
77,7,-2.356194
77,31,2.356194
77,36,-1.570796
77,37,-2.356194
77,40,1.570796
77,44,-0.785398
77,53,-2.356194
77,64,-2.356194
78,5,-0.785398
78,16,0.785398
78,20,0.321751
78,24,1.570796
78,25,2.356194
78,26,3.141593
78,34,-1.892547
78,40,-0.321751
78,50,-2.356194
79,41,-1.249046
79,42,3.141593
79,65,-2.356194
80,29,1.570796
80,48,1.570796
80,59,0.785398
80,63,1.570796
80,73,0.000000
80,75,3.141593
80,80,0.000000
81,22,-0.785398
81,23,-1.892547
81,25,0.000000
81,26,1.570796
81,27,2.356194
81,29,3.141593
81,32,2.356194
81,60,-2.356194
81,63,-1.570796
82,14,1.249046
82,29,-1.570796
82,32,-2.819842
82,39,0.000000
82,40,0.785398
82,47,0.785398
82,50,2.819842
82,80,3.141593
82,84,2.356194
83,13,0.321751
83,26,2.356194
83,41,-1.570796
83,48,-2.356194
83,50,-2.356194
83,54,2.356194
83,83,-0.785398
83,84,-2.356194
83,86,1.570796
84,13,-0.785398
84,17,0.000000
84,24,0.000000
84,26,3.141593
84,36,0.000000
84,39,2.356194
84,42,-2.356194
84,65,3.141593
84,77,1.570796
84,86,-2.819842
85,30,-0.785398
85,32,-1.570796
85,33,3.141593
85,62,1.570796
85,77,2.356194
85,85,-0.785398
86,26,-0.321751
86,29,2.356194
86,43,0.785398
86,53,-1.570796
86,61,0.321751
86,62,-2.819842
86,72,1.570796
86,77,3.141593
87,13,0.321751
87,44,-0.785398
87,51,0.785398
87,61,-0.785398
87,65,1.570796
87,68,1.570796
88,13,-1.570796
88,17,3.141593
88,29,-2.819842
88,35,-2.356194
88,75,-2.356194
88,76,-0.785398
88,77,-2.356194
88,85,2.356194
89,28,-0.785398
89,39,0.785398
89,65,0.785398
89,68,2.356194
89,85,3.141593
90,12,0.785398
90,16,0.000000
90,36,1.570796
90,40,-2.356194
90,46,0.785398
90,65,0.000000
90,67,-0.785398
90,68,-2.356194
90,73,-0.321751
90,74,2.819842
90,85,-2.356194
91,36,0.785398
91,65,-0.785398
91,69,0.000000
91,74,-2.356194
92,6,0.785398
92,20,-2.819842
92,36,-0.321751
92,37,2.819842
92,41,1.570796
92,74,0.000000
92,84,1.570796
93,7,-2.356194
93,19,-0.785398
93,37,-2.356194
93,41,0.785398
93,44,0.000000
93,45,-1.570796
93,63,-2.356194
93,68,1.249046
93,73,0.785398
93,84,-2.819842
94,11,-1.570796
94,23,1.570796
94,37,0.785398
94,41,0.000000
94,49,3.141593
94,61,3.141593
94,63,2.356194
95,19,2.356194
95,39,1.892547
95,73,-1.892547
95,76,-1.249046
95,77,3.141593
96,22,1.570796
96,41,3.141593
96,49,-1.570796
96,51,1.570796
96,56,-0.785398
96,66,1.570796
96,71,-1.892547
96,80,-0.785398
96,81,-1.892547
97,19,-1.249046
97,20,-2.356194
97,21,-0.785398
97,22,-2.356194
97,27,-1.570796
97,39,-0.785398
98,23,-2.356194
98,40,-0.785398
98,60,-1.570796
98,61,-2.356194
98,63,-0.785398
98,64,-1.570796
98,66,-1.570796
