5,72,2.356194
6,41,0.785398
6,42,1.892547
6,62,0.785398
6,63,1.892547
6,77,1.570796
7,34,0.785398
7,35,2.356194
7,52,1.249046
7,53,3.141593
7,68,0.785398
7,69,1.570796
7,71,3.141593
7,77,0.000000
7,85,0.785398
8,12,1.249046
8,13,2.356194
8,26,0.785398
8,27,1.570796
8,28,3.141593
8,35,-1.570796
8,42,-0.785398
8,63,-0.785398
8,77,-1.570796
8,86,-2.356194
9,11,0.321751
9,63,2.356194
10,11,-1.570796
10,63,3.141593
10,67,0.321751
11,67,-0.785398
11,75,0.321751
11,77,2.819842
13,47,1.570796
13,72,1.570796
14,50,-1.249046
14,72,0.000000
15,47,-2.819842
15,58,-0.785398
15,66,0.000000
16,29,1.249046
16,63,0.785398
16,64,2.356194
16,70,0.785398
16,72,-2.819842
16,80,1.570796
16,87,2.356194
17,50,1.249046
17,64,-2.356194
17,80,0.000000
17,87,3.141593
18,49,0.321751
18,71,0.785398
18,76,0.000000
18,77,-1.570796
18,78,3.141593
18,87,-2.356194
19,27,1.249046
19,32,2.819842
19,49,-0.785398
19,64,0.785398
19,73,0.785398
19,74,1.570796
19,75,3.141593
19,80,-2.819842
20,36,2.356194
20,40,-0.785398
20,52,2.356194
20,64,0.000000
20,66,1.892547
20,87,2.356194
21,23,1.249046
21,24,3.141593
21,27,-1.249046
21,47,1.249046
21,49,-1.570796
21,50,-2.356194
21,71,-1.570796
21,84,0.785398
21,85,1.570796
21,87,-2.356194
22,9,0.321751
22,11,3.141593
22,35,3.141593
22,55,-0.785398
22,56,-1.570796
22,57,3.141593
22,61,2.819842
22,64,-0.321751
22,78,-0.785398
23,9,-0.785398
23,15,0.785398
23,16,1.892547
23,18,1.249046
23,19,2.356194
23,21,-0.785398
23,43,0.785398
23,52,-0.785398
23,84,0.321751
23,85,-2.819842
24,43,-0.321751
24,61,3.141593
24,64,0.321751
24,80,0.785398
24,84,-1.570796
25,28,1.249046
25,29,2.356194
25,30,0.785398
25,31,1.570796
25,51,1.570796
25,68,1.892547
25,82,2.356194
25,83,0.000000
26,16,-0.321751
26,26,1.249046
26,44,2.356194
26,57,0.000000
26,58,-1.892547
26,70,2.356194
26,71,-0.785398
26,74,2.356194
26,75,0.785398
26,76,1.892547
27,19,2.819842
27,31,-0.321751
27,40,1.249046
27,42,1.570796
27,46,1.249046
27,47,3.141593
27,53,0.785398
27,54,1.570796
27,55,2.356194
27,60,0.321751
27,76,-1.249046
27,77,-2.356194
27,81,-2.356194
28,51,-0.785398
28,84,0.785398
29,23,1.249046
29,30,1.570796
29,44,-1.892547
29,59,0.321751
29,62,-1.892547
29,69,2.819842
29,73,0.785398
29,78,0.321751
29,87,1.892547
29,89,1.570796
30,22,0.321751
30,39,0.321751
30,51,2.356194
30,54,0.785398
30,69,-2.356194
30,73,-0.785398
30,74,-2.356194
31,30,-2.356194
31,48,-2.356194
31,51,-2.819842
31,54,0.000000
31,56,0.785398
31,57,1.570796
31,59,3.141593
31,69,0.785398
31,71,1.249046
31,72,3.141593
32,24,-1.892547
32,32,0.785398
32,33,1.570796
32,34,2.356194
32,35,0.785398
32,36,1.570796
32,37,2.356194
32,39,3.141593
32,54,-0.785398
32,71,-1.892547
32,77,-0.785398
32,88,2.356194
32,91,-2.356194
33,9,0.785398
33,18,1.249046
33,19,2.356194
33,29,2.819842
33,39,-2.356194
33,48,0.000000
33,54,0.785398
33,57,0.000000
33,59,3.141593
33,66,2.356194
33,82,0.785398
33,86,-1.249046
33,88,3.141593
34,9,0.000000
34,25,1.249046
34,39,2.356194
34,43,-2.356194
34,50,-2.356194
34,54,0.000000
34,59,-2.356194
34,62,0.321751
34,76,0.000000
35,18,-1.570796
35,23,0.785398
35,27,-1.249046
35,29,3.141593
35,37,0.785398
35,47,0.785398
35,54,-1.570796
35,59,2.356194
35,62,-0.785398
35,65,-2.819842
35,69,-0.321751
35,71,3.141593
35,77,0.000000
35,78,1.892547
35,83,-0.321751
36,10,3.141593
36,19,0.000000
36,29,-2.356194
36,37,-1.570796
36,47,0.000000
36,51,-2.356194
36,52,0.785398
36,53,2.356194
36,59,-2.819842
36,64,-0.785398
36,78,-1.249046
36,79,3.141593
36,84,-1.249046
36,85,-2.356194
36,86,3.141593
36,90,-1.570796
37,11,0.785398
37,13,1.570796
37,14,2.356194
37,23,1.570796
37,31,1.249046
37,33,-1.570796
37,34,-2.356194
37,47,-0.785398
37,62,2.356194
37,68,0.785398
37,80,0.000000
37,91,-2.356194
38,21,-2.356194
38,23,3.141593
38,41,3.141593
38,49,-2.819842
38,52,0.321751
38,60,0.785398
38,66,2.356194
38,71,2.819842
39,11,0.000000
39,58,-0.785398
39,63,0.000000
39,74,1.249046
39,83,1.570796
40,4,0.321751
40,11,-0.785398
40,25,3.141593
40,31,3.141593
40,37,1.249046
40,38,3.141593
40,48,-2.819842
40,51,0.321751
40,52,-2.819842
40,54,-0.785398
40,69,0.000000
40,78,1.249046
40,85,-1.570796
41,4,-0.785398
41,17,0.321751
41,20,1.570796
41,21,2.356194
41,36,-0.785398
41,37,-1.892547
41,46,-0.785398
41,47,-1.892547
41,51,-1.570796
41,61,2.356194
41,63,0.321751
41,74,-1.249046
41,76,-1.570796
41,87,3.141593
41,90,1.570796
42,17,-1.570796
42,25,2.819842
42,43,0.000000
42,49,1.249046
42,50,3.141593
42,54,2.356194
42,71,-2.819842
43,12,0.785398
43,16,1.570796
43,23,-1.570796
43,25,-1.570796
43,40,0.000000
43,41,3.141593
43,53,0.000000
43,54,-2.356194
43,56,1.570796
43,59,0.321751
43,63,-2.819842
43,68,-0.785398
43,77,0.321751
44,14,2.356194
44,29,-2.356194
44,32,3.141593
44,47,-0.785398
44,51,1.249046
44,52,3.141593
44,56,-2.819842
44,59,-1.570796
44,65,1.570796
44,70,0.785398
44,85,3.141593
45,9,1.249046
45,10,2.356194
45,11,-0.785398
45,18,2.356194
45,19,-0.785398
45,20,-1.570796
45,24,0.785398
45,25,2.356194
45,44,0.000000
45,50,-0.785398
45,51,-1.892547
45,55,-1.570796
45,62,0.000000
45,65,-2.819842
45,67,1.570796
45,70,0.000000
45,76,0.321751
45,79,-1.892547
45,86,0.000000
45,90,-1.570796
46,13,-2.356194
46,27,2.356194
46,54,3.141593
46,58,2.356194
46,62,-1.570796
46,67,0.785398
46,76,-1.570796
47,13,2.356194
47,27,-2.819842
47,56,1.249046
47,58,-2.356194
47,61,1.570796
47,67,-0.321751
47,72,-2.819842
47,75,1.570796
48,11,1.249046
48,41,0.000000
48,43,3.141593
48,46,0.785398
48,49,2.356194
48,59,0.000000
48,61,-2.819842
48,74,0.321751
48,75,-2.819842
48,83,1.570796
49,15,1.570796
49,19,0.785398
49,48,3.141593
49,64,2.356194
49,69,-2.356194
50,13,-1.892547
50,45,0.000000
50,46,-0.785398
50,47,-1.892547
50,64,-2.356194
50,75,-2.356194
51,5,0.000000
51,15,0.000000
51,17,3.141593
51,20,-0.785398
51,27,-2.356194
51,29,3.141593
51,43,3.141593
51,50,0.000000
51,51,-1.892547
51,79,0.785398
51,91,-2.356194
52,5,-0.785398
52,40,0.000000
52,47,0.785398
52,48,1.570796
52,49,3.141593
52,55,-0.785398
52,70,0.000000
52,71,-1.570796
52,91,2.356194
53,9,-0.785398
53,15,-0.321751
53,17,-2.819842
53,23,2.819842
53,44,0.000000
53,54,-0.785398
53,65,-2.819842
53,69,0.785398
53,86,0.785398
53,91,-2.819842
54,59,-2.819842
54,79,0.321751
54,87,2.819842
55,4,0.321751
55,6,-2.356194
55,9,-0.785398
55,17,-2.356194
55,20,-0.785398
55,63,0.000000
55,67,1.570796
55,72,-0.785398
55,79,-1.570796
55,87,-1.570796
55,90,3.141593
56,4,-0.785398
56,55,1.249046
56,57,-1.892547
56,61,1.249046
56,62,3.141593
56,67,-2.819842
57,10,0.321751
57,21,0.321751
57,54,-0.785398
57,55,-1.892547
57,59,0.785398
57,85,3.141593
58,3,0.321751
58,5,2.819842
58,17,2.356194
58,21,-1.570796
58,24,0.785398
58,36,0.000000
58,49,1.249046
58,50,2.356194
58,58,0.000000
58,64,1.249046
58,69,0.785398
58,70,1.570796
58,71,2.356194
58,73,-0.785398
58,74,-1.570796
59,12,-1.892547
59,20,1.570796
59,24,0.000000
59,48,-0.785398
59,49,-1.892547
59,56,-0.785398
59,63,0.000000
59,76,-2.356194
59,90,-2.356194
60,18,-2.356194
60,20,3.141593
60,54,0.785398
60,58,0.000000
60,59,-2.356194
60,62,1.570796
60,67,2.819842
60,70,2.356194
60,88,0.785398
60,90,2.356194
61,26,-2.819842
61,41,0.000000
61,49,0.000000
61,51,3.141593
61,56,2.356194
61,60,0.785398
61,67,-1.570796
61,88,-0.321751
61,90,-2.819842
62,11,-2.356194
62,20,0.000000
62,31,0.000000
62,33,3.141593
62,37,0.000000
62,38,3.141593
62,55,-1.892547
62,71,2.356194
63,7,1.249046
63,53,-0.785398
63,59,0.321751
63,71,-2.819842
63,75,0.321751
63,77,-2.356194
64,39,0.000000
64,42,3.141593
64,48,0.000000
64,50,3.141593
64,67,1.892547
64,79,0.000000
64,80,1.892547
65,10,3.141593
65,13,0.321751
65,28,1.570796
65,29,2.356194
65,35,3.141593
65,52,1.249046
65,53,3.141593
65,55,-1.570796
65,58,0.000000
65,59,-2.356194
65,75,-2.819842
65,83,-0.785398
65,84,-1.570796
65,85,3.141593
65,89,2.356194
66,11,1.570796
66,15,0.785398
66,16,2.356194
66,17,-0.785398
66,18,-2.356194
66,45,3.141593
66,51,-0.785398
66,52,-1.892547
66,57,3.141593
66,67,-1.892547
66,73,-0.785398
66,80,-0.785398
66,86,0.785398
67,8,-2.356194
67,11,0.000000
67,19,0.785398
67,20,2.356194
67,21,-0.785398
67,49,-0.785398
67,54,1.249046
67,56,-1.892547
67,69,-0.321751
67,75,0.785398
67,76,2.356194
68,11,-1.570796
68,19,-1.570796
68,28,0.785398
68,37,2.356194
68,41,3.141593
68,53,0.000000
68,54,-1.892547
68,75,-0.785398
68,78,3.141593
68,82,-2.356194
68,86,-0.321751
69,2,0.321751
69,5,3.141593
69,18,1.570796
69,21,0.000000
69,30,2.356194
69,31,0.785398
69,32,1.892547
69,44,0.785398
69,51,1.249046
69,52,3.141593
69,58,0.785398
69,59,1.570796
69,60,3.141593
69,69,-0.785398
69,71,2.819842
70,2,-0.785398
70,6,0.785398
70,13,-1.892547
70,15,-1.570796
70,24,1.249046
70,25,2.356194
70,26,0.785398
70,46,1.570796
70,48,1.570796
70,49,2.356194
70,50,-0.785398
70,54,1.249046
70,55,2.356194
70,71,-2.356194
70,83,1.570796
71,19,2.356194
71,23,0.321751
71,32,-1.892547
71,36,-1.249046
71,37,-2.356194
71,40,0.785398
71,41,1.570796
71,42,2.356194
71,43,-0.785398
71,44,-1.892547
71,54,-1.892547
71,59,2.356194
71,71,2.356194
72,8,3.141593
72,11,0.000000
72,14,1.249046
72,19,-2.819842
72,46,0.000000
72,51,0.321751
72,56,1.249046
72,57,2.356194
72,59,3.141593
72,88,1.570796
72,90,2.356194
73,2,0.785398
73,8,-1.570796
73,23,-2.819842
73,25,0.321751
73,28,0.785398
73,46,-1.570796
73,51,-1.570796
73,59,-1.570796
73,61,1.249046
73,63,1.892547
73,72,0.000000
73,73,1.892547
73,77,-2.356194
73,88,-0.321751
73,90,-2.819842
74,2,-0.321751
74,4,3.141593
74,6,-2.356194
74,10,-0.785398
74,11,-1.570796
74,15,0.000000
74,16,-0.785398
74,17,-1.892547
74,22,-1.892547
74,25,-1.570796
74,28,-0.785398
74,45,1.570796
74,53,1.249046
74,55,-1.892547
74,73,-1.249046
74,74,3.141593
75,6,0.000000
75,45,-2.819842
75,70,3.141593
76,3,-0.321751
76,5,3.141593
76,14,-2.356194
76,19,0.321751
76,20,-2.819842
76,24,-1.570796
76,32,1.570796
76,33,2.356194
76,38,0.785398
76,39,1.570796
76,48,1.249046
76,50,-1.570796
76,57,2.356194
76,70,-1.570796
76,85,2.356194
77,7,2.356194
77,14,0.000000
77,17,2.356194
77,19,-0.785398
77,30,-1.570796
77,52,-2.356194
77,65,-1.892547
77,67,-2.356194
77,84,0.321751
77,89,2.356194
78,4,-1.570796
78,7,-2.819842
78,13,-0.785398
78,15,0.000000
78,16,2.356194
78,19,-1.570796
78,26,2.356194
78,29,1.570796
78,38,0.321751
78,52,2.356194
78,55,0.321751
78,56,-2.819842
78,67,-1.570796
78,84,-0.785398
78,87,2.356194
78,89,3.141593
79,2,-0.785398
79,16,-2.356194
79,25,0.321751
79,29,-2.819842
79,32,0.000000
79,38,-0.785398
79,43,0.321751
79,50,1.249046
79,52,3.141593
79,58,1.249046
79,59,2.356194
79,61,3.141593
79,64,-2.356194
79,81,1.249046
79,82,2.356194
79,89,-2.356194
80,5,0.321751
80,6,-2.819842
80,11,1.570796
80,15,-0.785398
80,22,2.356194
80,43,-0.785398
80,47,0.000000
80,56,-2.356194
80,57,-0.785398
80,58,-1.892547
80,61,-1.570796
81,5,-0.785398
81,8,0.785398
81,17,1.570796
81,21,-1.570796
81,23,0.785398
81,25,-2.356194
81,28,-2.356194
81,47,-0.785398
81,50,-1.249046
81,80,-0.785398
81,82,-0.785398
81,83,-1.570796
81,85,-1.570796
81,86,3.141593
82,9,0.000000
82,10,2.356194
82,17,0.785398
82,26,0.785398
82,27,3.141593
82,30,1.570796
82,47,0.785398
82,80,-1.570796
82,89,2.356194
83,3,0.785398
83,4,3.141593
83,7,2.356194
83,17,-0.785398
83,23,-2.819842
83,29,0.321751
83,30,-2.819842
83,35,1.570796
83,39,-1.570796
83,69,1.570796
83,72,-2.356194
83,89,-2.819842
84,13,1.249046
84,15,1.570796
84,16,3.141593
84,26,-2.819842
84,46,-0.785398
84,49,2.819842
84,66,1.570796
84,88,-0.785398
85,3,0.000000
85,5,-0.785398
85,22,0.000000
85,28,0.321751
85,29,-2.819842
85,35,-1.570796
85,43,-1.570796
85,49,-2.356194
85,59,1.570796
86,18,1.570796
86,25,-2.356194
86,28,-0.785398
86,40,1.570796
86,66,-1.570796
86,82,0.000000
87,14,-1.570796
87,16,0.785398
87,21,0.000000
87,25,2.356194
87,43,1.570796
87,49,-1.570796
87,56,1.570796
87,59,-1.570796
87,79,0.785398
87,88,2.356194
88,2,0.321751
88,13,1.570796
88,16,-0.785398
88,24,0.321751
88,25,-2.819842
88,43,-1.570796
88,53,1.570796
88,70,-1.570796
88,88,-2.819842
89,2,-0.785398
89,13,-2.819842
89,24,-1.570796
89,40,-1.570796
89,56,-1.570796
89,87,-0.785398
90,15,-0.785398
90,23,-0.785398
90,53,-1.570796
90,64,-1.570796
90,72,1.570796
91,2,0.785398
91,7,0.000000
91,11,-0.785398
91,36,1.570796
91,61,1.570796
91,72,0.785398
91,74,2.356194
92,2,-0.321751
92,23,1.570796
92,36,-1.570796
92,64,0.785398
92,73,-2.356194
93,11,-1.570796
93,20,-1.570796
93,54,0.785398
93,61,-1.570796
94,3,0.000000
94,16,-2.356194
94,27,-2.356194
94,30,0.785398
94,84,1.570796
95,3,-0.785398
95,9,3.141593
95,15,-2.356194
95,22,1.570796
95,31,2.819842
95,35,1.570796
96,9,-2.356194
96,13,-0.321751
96,22,3.141593
96,29,0.785398
96,40,1.570796
96,59,0.785398
96,70,0.000000
96,73,3.141593
96,79,0.785398
96,83,0.000000
96,84,-1.892547
97,9,2.356194
97,19,-0.785398
97,22,-2.356194
97,40,-1.570796
97,60,1.570796
97,63,3.141593
98,8,-0.785398
98,15,-2.356194
98,16,3.141593
98,22,-1.570796
98,36,-1.570796
98,54,-1.570796
98,61,-2.356194
98,67,-2.356194
