9,26,1.249046
9,27,3.141593
10,20,1.249046
10,21,2.356194
10,25,-0.785398
10,45,2.356194
10,49,0.785398
10,50,1.570796
10,51,2.356194
12,40,1.249046
13,42,-1.249046
14,16,0.321751
14,30,1.570796
14,73,2.356194
15,16,-1.570796
15,30,0.000000
15,49,0.321751
15,51,2.819842
16,35,0.785398
16,36,1.570796
17,30,-0.321751
17,51,-2.819842
18,34,-1.570796
18,46,1.249046
18,53,1.249046
19,31,-0.785398
19,44,1.570796
19,62,1.892547
19,81,3.141593
20,35,0.321751
20,37,2.819842
20,46,-1.249046
20,55,-2.819842
20,64,1.892547
21,25,1.892547
21,31,0.785398
21,44,-2.819842
22,29,1.892547
22,33,1.892547
22,38,-2.356194
22,40,0.785398
22,49,0.000000
22,58,1.249046
22,76,0.321751
22,83,2.356194
23,16,3.141593
23,23,-0.321751
23,49,-0.785398
23,51,-1.249046
24,40,0.321751
24,49,2.356194
24,55,-1.892547
24,74,1.249046
24,76,3.141593
25,23,-0.785398
25,24,-1.892547
25,46,-2.356194
25,47,0.785398
25,49,-2.819842
25,67,-2.819842
25,73,0.321751
26,11,0.321751
26,51,0.321751
26,76,-2.819842
27,11,-1.570796
27,73,0.000000
27,75,-1.892547
28,24,1.570796
28,44,-2.819842
28,49,0.785398
28,59,0.000000
28,66,-1.570796
28,67,3.141593
28,73,-0.785398
29,56,-2.819842
29,59,-0.785398
30,21,0.321751
30,38,-1.570796
30,59,2.356194
30,62,0.000000
30,64,3.141593
30,69,1.570796
31,34,-1.570796
31,35,-2.356194
31,36,0.785398
31,45,2.356194
31,47,0.785398
31,52,3.141593
31,55,0.000000
31,59,3.141593
31,62,-1.570796
31,64,-2.356194
31,69,-0.321751
31,71,2.356194
31,72,-0.785398
32,21,3.141593
32,32,-0.785398
32,52,-1.570796
32,61,1.570796
32,64,2.356194
33,24,-0.321751
33,32,0.000000
33,47,0.321751
33,53,0.785398
33,63,0.000000
33,78,0.785398
34,22,2.819842
34,30,2.356194
34,33,0.785398
34,34,2.356194
34,37,3.141593
34,42,-0.785398
34,49,-2.356194
34,53,-1.570796
34,55,-1.249046
34,61,-1.249046
34,62,-2.356194
34,70,0.785398
34,72,1.249046
34,76,0.785398
35,22,-2.356194
35,25,-0.785398
35,33,-0.785398
35,42,2.356194
35,57,-1.249046
35,77,-1.249046
35,84,2.356194
36,37,-0.321751
36,39,2.356194
36,41,-0.785398
36,42,-2.356194
36,46,0.321751
36,52,0.785398
36,69,0.785398
36,74,-2.819842
36,84,3.141593
37,10,0.785398
37,20,1.249046
37,22,-1.570796
37,23,-2.356194
37,33,2.356194
37,43,1.570796
37,52,-0.321751
37,53,2.819842
37,84,-2.356194
38,10,0.000000
38,25,0.785398
38,35,1.249046
38,46,-2.819842
38,53,-2.356194
38,75,2.356194
38,76,0.785398
39,10,-0.785398
39,20,-1.570796
39,39,-1.249046
39,40,-2.356194
39,42,-0.785398
39,67,0.785398
39,68,2.356194
39,70,-1.249046
39,77,-1.249046
40,23,2.356194
40,25,3.141593
40,28,0.000000
40,33,-1.892547
40,45,3.141593
40,54,1.570796
41,19,1.249046
41,25,-2.356194
41,28,-0.785398
41,36,-1.249046
41,37,3.141593
41,45,-2.356194
41,55,-2.356194
41,56,3.141593
41,68,3.141593
41,73,-1.570796
42,10,0.785398
42,17,1.249046
42,22,-2.356194
42,31,0.000000
42,61,0.000000
42,64,-0.785398
42,65,-1.892547
42,77,0.785398
42,78,1.892547
42,84,2.356194
43,10,0.000000
43,22,0.785398
43,41,1.570796
43,68,-0.321751
43,75,0.000000
43,80,2.356194
43,84,3.141593
44,10,-0.785398
44,17,-1.249046
44,19,-1.570796
44,20,3.141593
44,32,-1.570796
44,33,-2.356194
44,42,3.141593
44,49,2.356194
44,70,3.141593
44,84,-2.356194
45,36,0.785398
45,37,1.892547
45,44,0.785398
45,47,-2.356194
45,71,1.570796
45,77,-1.249046
46,30,-2.356194
46,38,3.141593
46,59,2.356194
46,71,-0.321751
46,72,2.819842
47,10,0.785398
47,17,1.249046
47,19,1.570796
47,39,2.356194
47,52,0.000000
47,57,0.785398
47,58,2.356194
48,10,0.000000
48,29,-0.785398
48,30,-1.570796
48,32,1.570796
48,33,2.356194
48,35,-0.785398
48,36,-1.570796
48,37,-2.356194
48,39,3.141593
48,58,-2.356194
48,74,1.892547
49,10,-0.785398
49,22,2.819842
49,27,-1.892547
49,39,-1.570796
49,46,0.785398
50,18,-1.249046
50,22,-2.356194
50,47,3.141593
50,76,-2.356194
50,83,-0.785398
50,85,2.819842
51,27,0.785398
51,28,1.570796
51,29,2.356194
51,30,0.785398
51,33,-2.356194
51,44,3.141593
51,48,0.000000
51,49,1.892547
51,58,-1.570796
51,65,0.000000
51,67,-0.785398
51,68,-1.892547
51,85,-2.356194
52,25,2.356194
52,35,0.785398
52,36,2.356194
52,37,3.141593
52,50,2.819842
52,74,-2.819842
53,35,-1.570796
54,10,0.785398
54,26,1.570796
54,28,-1.570796
54,32,-2.356194
54,33,0.785398
55,10,0.000000
55,16,-0.785398
55,17,-1.570796
55,34,-1.249046
55,35,-2.356194
55,41,0.000000
55,49,-0.785398
55,50,-1.892547
55,54,-2.356194
55,70,0.785398
56,10,-0.785398
56,72,2.356194
56,76,0.785398
56,85,2.356194
57,19,0.321751
57,24,-2.356194
57,25,-0.785398
57,26,-1.570796
57,27,-2.356194
57,39,0.000000
57,61,2.356194
57,62,0.785398
57,63,1.892547
57,66,1.249046
57,67,2.356194
57,68,0.785398
57,73,1.570796
57,85,3.141593
58,19,-0.785398
58,40,-2.356194
58,63,-1.249046
58,73,0.000000
58,85,-2.356194
59,30,2.356194
59,35,0.000000
59,36,1.892547
59,39,1.570796
59,60,3.141593
59,73,-0.785398
60,10,0.785398
60,27,0.785398
60,28,1.570796
60,30,-2.356194
60,38,-0.785398
60,39,-2.356194
60,50,0.785398
60,51,1.892547
60,73,2.356194
60,77,3.141593
60,85,2.356194
61,10,0.000000
61,19,-0.785398
61,22,2.356194
61,31,1.570796
61,36,-0.785398
61,47,1.570796
61,53,1.892547
61,58,0.785398
61,67,0.000000
61,68,1.570796
61,69,3.141593
61,71,-1.249046
61,85,3.141593
62,10,-0.785398
62,31,0.000000
62,33,1.892547
62,42,0.000000
62,43,1.892547
62,53,-1.249046
62,54,3.141593
62,58,-0.321751
62,74,2.819842
62,85,-2.356194
63,22,-2.356194
63,35,-0.785398
63,50,-1.570796
63,55,1.570796
63,64,1.570796
63,68,0.000000
64,24,0.000000
64,25,1.570796
64,40,0.785398
64,41,1.570796
64,42,3.141593
64,51,1.570796
64,59,-0.785398
64,61,1.892547
64,64,0.000000
64,66,1.892547
64,68,-1.570796
64,70,0.000000
64,74,0.000000
64,76,1.892547
65,18,0.321751
65,47,3.141593
65,51,-0.321751
65,64,-1.570796
65,74,-1.570796
65,76,-1.249046
65,77,3.141593
66,23,1.249046
66,25,-1.570796
66,29,2.356194
66,35,0.000000
66,41,0.785398
66,48,0.000000
66,59,2.819842
67,10,0.785398
67,21,1.570796
67,23,-1.892547
67,29,-2.819842
67,59,-1.570796
67,65,3.141593
67,73,-1.249046
67,74,3.141593
67,85,2.356194
68,10,0.000000
68,31,0.321751
68,33,-2.356194
68,38,-1.249046
68,46,1.249046
68,47,2.356194
68,51,2.356194
68,61,0.785398
68,68,-1.570796
68,78,-0.785398
68,79,-1.570796
68,80,-2.356194
68,83,0.785398
68,85,-2.819842
69,10,-0.785398
69,54,-1.570796
69,56,-0.321751
69,65,-2.356194
69,66,0.785398
69,67,2.356194
69,71,3.141593
70,22,-2.356194
70,24,0.785398
70,28,-1.570796
70,29,-2.356194
70,36,-0.321751
70,46,-1.249046
70,48,2.356194
70,51,-0.321751
70,61,0.000000
71,37,-1.249046
71,48,-2.356194
71,52,-1.249046
71,60,3.141593
71,67,-0.321751
71,68,2.819842
71,73,1.570796
72,31,-1.570796
72,39,-1.249046
72,40,-2.356194
72,43,-1.570796
72,48,0.785398
72,56,1.249046
72,64,3.141593
72,73,-0.321751
72,74,2.819842
73,24,-0.785398
73,25,-1.570796
73,26,-2.356194
73,29,0.785398
73,36,0.785398
73,60,2.819842
73,74,-1.570796
74,19,1.249046
74,20,2.356194
74,44,0.785398
74,46,1.249046
74,48,-1.892547
74,58,3.141593
74,60,-2.356194
74,65,0.785398
75,33,0.785398
75,34,1.892547
75,39,2.356194
75,44,-0.785398
75,71,3.141593
75,84,2.356194
76,24,1.249046
76,25,2.356194
76,31,-1.570796
76,34,-1.249046
76,42,0.785398
76,58,1.570796
76,63,2.356194
76,76,0.000000
76,77,-1.570796
76,78,-2.356194
76,84,3.141593
77,21,1.249046
77,22,2.356194
77,23,-0.785398
77,24,-1.892547
77,48,0.000000
77,49,1.892547
77,55,2.819842
77,60,-0.785398
77,67,-1.249046
77,68,3.141593
77,73,0.000000
77,74,1.570796
77,75,3.141593
77,84,-2.356194
78,20,0.321751
78,45,2.356194
78,62,-2.356194
78,84,2.356194
79,14,0.321751
79,37,-0.321751
79,38,2.819842
79,55,-0.321751
79,82,0.785398
79,84,-2.819842
80,18,1.249046
80,20,-1.570796
80,21,-2.356194
80,34,0.785398
80,42,0.785398
80,47,1.570796
80,48,2.356194
80,64,2.356194
80,65,0.785398
80,66,1.892547
81,10,0.785398
81,12,1.249046
81,14,-1.570796
81,15,-2.356194
81,33,0.000000
81,40,1.570796
81,41,3.141593
81,51,-1.570796
81,53,0.000000
81,54,1.570796
81,55,3.141593
81,61,1.249046
82,10,-0.321751
82,18,-1.570796
82,49,1.570796
82,50,3.141593
82,58,-1.249046
82,72,1.892547
82,82,0.321751
82,84,2.819842
83,35,-1.249046
83,41,0.000000
83,42,1.892547
83,54,-0.321751
83,55,2.819842
83,63,-0.785398
83,64,-2.356194
83,65,0.000000
83,72,-1.249046
83,73,3.141593
84,27,0.785398
84,28,1.892547
84,37,-2.356194
84,44,1.892547
84,49,-0.321751
84,61,0.000000
84,66,-0.785398
84,67,-1.570796
84,68,-2.356194
84,70,3.141593
84,74,0.785398
84,75,2.356194
84,81,-0.785398
84,84,-2.819842
85,22,0.785398
85,23,1.570796
85,24,3.141593
85,42,-0.785398
85,45,2.819842
85,54,0.000000
85,55,-1.570796
85,57,1.892547
85,74,-1.570796
86,28,-0.785398
86,34,0.000000
86,35,1.570796
86,45,-1.570796
86,53,3.141593
86,64,2.819842
86,70,0.000000
86,72,1.570796
86,73,3.141593
87,23,0.785398
87,38,-1.249046
87,64,-1.570796
87,70,-0.785398
88,11,0.785398
88,16,1.249046
88,23,0.000000
88,47,1.570796
88,53,3.141593
88,73,0.785398
89,11,-0.321751
89,13,2.356194
89,23,-1.570796
89,27,-0.785398
89,29,2.819842
89,40,-0.785398
89,48,2.819842
89,56,-0.785398
89,57,-1.570796
89,67,1.570796
90,16,-1.249046
90,29,-2.356194
90,41,-0.785398
90,43,2.819842
90,46,-0.785398
90,48,-1.570796
90,67,-0.321751
90,73,-0.321751
90,76,2.819842
90,82,1.570796
91,21,0.321751
91,23,2.819842
91,43,-1.570796
91,63,1.892547
91,69,2.819842
91,81,0.000000
92,38,1.570796
92,51,1.570796
92,57,0.000000
92,58,-1.892547
92,63,-1.249046
92,64,3.141593
93,23,-2.819842
93,38,-0.321751
93,46,1.570796
94,20,-0.785398
94,32,1.570796
94,35,2.356194
94,47,3.141593
94,50,0.785398
94,53,-2.356194
94,55,0.000000
94,59,0.321751
94,67,0.785398
95,25,0.785398
95,29,-2.819842
95,32,0.000000
95,34,0.000000
95,37,1.249046
95,41,-2.356194
95,42,0.785398
95,48,0.000000
95,56,1.570796
95,59,-1.570796
95,62,2.819842
96,49,-1.249046
96,58,2.356194
96,62,-1.570796
96,68,-0.321751
96,73,0.000000
96,74,-1.892547
97,28,-1.570796
97,29,-2.356194
97,31,-0.785398
97,37,-1.249046
97,43,-0.785398
97,44,-2.356194
97,45,3.141593
97,51,-1.249046
97,52,3.141593
98,42,-0.785398
98,55,3.141593
98,59,-2.356194
98,62,-0.785398
98,63,-1.570796
98,64,-2.356194
98,68,-0.785398
98,69,-1.892547
