10,60,1.249046
10,61,2.356194
11,48,1.249046
11,49,2.356194
12,28,1.249046
12,29,2.356194
12,44,0.785398
12,45,1.570796
12,46,2.356194
12,47,-0.785398
12,60,-2.356194
12,75,2.356194
13,24,1.249046
13,25,2.356194
13,27,-0.785398
15,14,1.249046
15,15,2.356194
15,22,-0.785398
16,13,0.321751
17,13,-1.570796
17,25,0.785398
17,26,2.356194
18,25,-0.785398
18,51,0.321751
18,80,2.356194
19,79,0.321751
20,46,2.819842
20,51,0.000000
20,53,-1.892547
20,55,-2.356194
20,60,0.785398
20,79,-1.570796
21,51,-0.785398
21,55,0.785398
21,63,1.570796
22,44,-1.249046
22,47,2.819842
22,58,0.785398
23,13,3.141593
23,41,0.321751
23,42,-2.819842
23,47,-1.570796
23,52,-2.356194
23,54,-0.785398
23,55,-1.892547
23,61,-1.249046
23,65,-2.819842
24,38,0.785398
24,41,-1.570796
24,50,-1.892547
24,78,2.356194
25,40,2.356194
25,47,-0.785398
25,48,-1.892547
25,58,0.000000
25,59,-1.570796
25,60,-2.356194
25,63,-0.785398
25,64,-1.570796
25,65,-2.356194
25,66,0.785398
25,67,1.570796
25,68,2.356194
25,69,-0.785398
25,70,-1.570796
25,75,1.249046
26,8,0.321751
26,23,-0.785398
26,31,0.321751
26,34,2.356194
26,35,0.785398
26,36,1.570796
26,40,-1.570796
26,80,1.249046
27,8,-0.785398
27,28,2.819842
27,38,-1.570796
27,43,3.141593
27,69,1.249046
27,70,2.356194
27,71,-0.785398
27,72,-1.892547
28,21,2.356194
28,28,-1.570796
28,47,0.785398
28,48,1.570796
28,49,3.141593
28,64,0.785398
28,65,1.570796
28,67,-1.570796
28,74,-0.785398
28,82,-2.819842
29,24,-1.892547
29,26,-1.570796
29,31,-1.892547
29,44,2.356194
30,8,2.356194
30,27,0.785398
30,35,1.249046
30,42,0.000000
30,43,-1.892547
30,51,1.249046
30,52,3.141593
30,70,-2.356194
30,81,2.356194
31,7,0.321751
31,15,-0.785398
31,29,-1.570796
31,33,1.249046
31,35,-1.892547
31,40,2.356194
31,48,0.000000
31,49,-1.570796
31,63,0.785398
31,66,-2.356194
31,77,-1.249046
31,78,-2.356194
31,88,3.141593
32,7,-1.570796
32,31,2.356194
32,32,-0.785398
32,33,-1.892547
32,51,-1.249046
32,52,-2.356194
32,71,1.570796
32,72,2.356194
32,81,-1.249046
32,82,-2.356194
32,85,-0.785398
32,86,-1.892547
33,30,-1.892547
33,35,1.249046
33,36,2.356194
34,15,-0.785398
34,16,-1.892547
34,18,-1.570796
34,22,-1.570796
34,24,-1.570796
34,33,1.249046
34,61,0.785398
34,62,1.570796
34,64,-1.570796
34,65,-2.356194
34,68,-0.785398
34,74,-0.785398
34,77,0.785398
34,79,1.892547
35,19,0.785398
35,20,2.356194
35,31,1.249046
35,38,-1.892547
35,70,-1.249046
35,71,3.141593
35,77,-0.785398
35,82,0.785398
35,83,1.892547
36,19,-1.570796
36,24,0.321751
36,31,-1.892547
36,36,-1.892547
36,72,1.570796
36,74,2.356194
36,77,0.785398
36,83,-1.249046
36,84,-2.356194
37,27,-0.785398
37,52,0.000000
37,53,0.785398
37,54,1.570796
37,55,2.356194
37,61,-0.785398
37,62,-1.570796
37,63,-2.356194
37,74,-2.356194
37,86,1.570796
38,22,0.785398
38,24,-2.819842
38,31,2.356194
38,32,-0.785398
38,33,-1.892547
38,71,-0.785398
38,72,-1.892547
38,81,1.892547
39,5,0.321751
39,7,3.141593
39,14,0.785398
39,15,2.356194
39,20,0.785398
39,21,2.356194
39,48,0.785398
39,49,1.892547
39,82,-2.356194
40,5,-0.785398
40,13,3.141593
40,15,-1.570796
40,21,-1.570796
40,25,2.356194
40,30,-1.570796
40,49,-1.249046
40,50,-2.356194
40,86,-1.249046
40,88,-1.892547
41,9,0.000000
41,10,1.892547
41,17,2.356194
41,22,0.785398
41,24,-1.892547
41,32,2.356194
41,40,1.249046
41,41,3.141593
42,22,-1.570796
42,30,-0.785398
42,31,-1.892547
42,37,1.249046
42,38,2.356194
42,39,-0.785398
42,40,-1.892547
42,55,3.141593
42,79,0.000000
42,81,1.570796
42,82,2.356194
42,83,0.785398
42,84,1.892547
43,10,-0.785398
43,14,-0.785398
43,15,-1.892547
43,26,1.249046
43,27,2.356194
43,36,-0.785398
43,37,-1.892547
43,46,0.785398
43,47,2.356194
43,86,1.892547
43,91,2.356194
44,32,1.249046
44,33,2.356194
44,79,0.000000
44,84,-1.570796
44,89,1.570796
45,11,-1.570796
45,16,1.249046
45,17,2.356194
45,24,-0.785398
45,31,-0.785398
45,32,-1.892547
45,37,1.249046
45,38,2.356194
45,55,3.141593
45,79,-0.785398
45,81,-1.249046
45,83,2.356194
46,4,0.321751
46,6,-2.356194
46,9,0.785398
46,10,2.356194
46,15,0.000000
46,16,-1.892547
46,21,1.249046
46,22,3.141593
46,28,3.141593
46,34,1.249046
46,35,2.356194
46,36,-0.785398
46,37,-1.892547
46,46,-0.785398
46,47,-1.892547
46,83,-1.570796
46,90,3.141593
47,4,-0.785398
47,10,-1.570796
47,14,1.570796
47,20,-0.785398
47,21,-1.892547
47,31,1.249046
47,32,2.356194
47,33,-0.785398
47,34,-1.892547
47,78,0.785398
47,84,1.570796
48,11,0.785398
48,12,2.356194
48,13,-0.785398
48,14,-2.356194
48,17,1.249046
48,18,3.141593
48,23,1.249046
48,25,-1.892547
48,29,2.356194
48,30,-0.785398
48,31,-1.892547
48,79,-2.356194
48,80,3.141593
48,84,0.000000
48,91,2.356194
49,4,0.785398
49,11,-1.570796
49,17,-1.892547
49,21,1.249046
49,23,-1.892547
49,34,1.249046
49,35,2.356194
49,46,0.785398
49,49,2.356194
49,50,3.141593
49,88,1.570796
49,91,-2.819842
50,4,-0.785398
50,5,-2.356194
50,19,1.249046
50,21,-1.892547
50,25,1.249046
50,27,-1.892547
50,31,1.249046
50,32,2.356194
50,33,-0.785398
50,34,-1.892547
50,84,-0.321751
51,13,0.000000
51,14,-1.892547
51,17,1.249046
51,19,-1.892547
51,23,1.249046
51,25,-1.892547
51,29,1.249046
51,31,-1.892547
51,91,2.819842
52,21,1.249046
52,27,1.249046
52,34,1.249046
52,35,2.356194
52,46,-0.785398
52,47,-1.570796
52,49,-1.570796
52,50,-2.356194
52,51,3.141593
53,9,1.249046
53,10,3.141593
53,14,1.249046
53,25,2.356194
53,26,-0.785398
53,31,2.356194
53,33,-0.785398
53,34,-1.892547
53,40,1.249046
53,41,2.356194
53,67,1.570796
54,3,0.785398
54,7,1.249046
54,9,-1.892547
54,18,2.356194
54,19,-0.785398
54,23,0.000000
54,24,-1.892547
54,28,0.000000
54,37,1.249046
54,38,2.356194
54,39,-0.785398
54,40,-1.892547
54,50,3.141593
54,67,0.785398
55,3,-0.321751
55,5,2.356194
55,6,-0.785398
55,7,-1.892547
55,11,1.249046
55,22,3.141593
55,30,-2.356194
55,35,1.249046
55,37,-1.892547
55,44,1.249046
55,45,2.356194
55,67,0.000000
55,81,-1.570796
55,83,-1.570796
55,89,2.819842
56,10,0.000000
56,11,-1.892547
56,24,1.249046
56,25,3.141593
56,33,1.249046
56,35,-1.892547
56,40,1.249046
56,41,2.356194
56,43,-0.785398
56,44,-1.892547
56,67,-1.570796
56,73,0.000000
56,74,1.570796
56,75,2.356194
56,79,0.785398
56,80,2.356194
57,4,0.000000
57,18,1.249046
57,23,0.000000
57,24,-1.892547
57,28,0.000000
57,31,1.249046
57,33,-1.892547
57,39,-0.785398
57,40,-1.892547
57,47,1.249046
57,48,2.356194
57,51,3.141593
57,80,-2.356194
58,6,0.000000
58,11,1.249046
58,13,-1.892547
58,22,3.141593
58,31,-1.892547
58,36,1.249046
58,37,3.141593
58,43,1.249046
58,44,2.356194
58,46,-0.785398
58,47,-1.892547
58,80,0.785398
58,85,-2.356194
59,4,0.000000
59,9,1.249046
59,11,-1.892547
59,20,0.000000
59,21,-1.892547
59,25,-0.785398
59,35,-0.785398
59,36,-1.892547
59,41,1.249046
59,43,-1.892547
59,74,0.785398
59,91,2.356194
60,7,1.249046
60,9,-1.892547
60,13,1.249046
60,15,-1.892547
60,19,3.141593
60,23,2.356194
60,27,0.000000
60,32,1.249046
60,33,3.141593
60,39,1.249046
60,41,-1.892547
60,51,3.141593
60,74,0.000000
60,79,-0.785398
60,80,-1.892547
60,84,3.141593
60,88,-1.249046
60,89,-2.356194
60,90,-0.785398
61,3,0.321751
61,5,-2.356194
61,6,-0.785398
61,7,-1.892547
61,17,0.000000
61,18,-1.892547
61,22,0.000000
61,30,2.356194
61,31,-0.785398
61,38,-0.785398
61,39,-1.892547
61,74,-0.785398
61,85,0.000000
62,3,-0.785398
62,10,1.249046
62,15,1.249046
62,16,3.141593
62,24,3.141593
62,34,2.356194
62,41,1.249046
62,42,2.356194
62,74,0.785398
62,87,0.000000
62,88,1.892547
63,9,0.000000
63,10,-1.892547
63,19,0.785398
63,22,0.000000
63,23,-1.892547
63,26,1.249046
63,28,-1.892547
63,32,0.000000
63,33,-1.892547
63,40,0.000000
63,41,-1.892547
63,51,3.141593
63,66,0.000000
63,78,0.785398
63,79,1.892547
63,84,-1.249046
63,85,3.141593
63,91,3.141593
64,3,0.785398
64,7,1.249046
64,8,3.141593
64,17,1.249046
64,18,3.141593
64,38,0.785398
64,39,2.356194
64,79,-1.249046
64,80,-2.356194
64,81,0.785398
64,82,1.892547
65,3,0.000000
65,6,-0.785398
65,7,-1.892547
65,11,0.000000
65,12,-1.892547
65,17,-1.892547
65,23,1.249046
65,28,1.249046
65,29,2.356194
65,39,-1.570796
65,68,-2.356194
65,71,0.785398
65,82,-1.249046
65,84,1.892547
65,88,-1.249046
65,89,3.141593
66,3,-0.785398
66,10,3.141593
66,22,0.000000
66,23,-1.892547
66,28,-1.892547
66,41,2.356194
66,49,2.356194
66,84,-1.249046
66,86,1.892547
66,90,0.000000
67,19,0.785398
67,20,1.570796
67,21,3.141593
67,45,1.249046
67,46,2.356194
67,91,-2.356194
68,3,0.785398
68,7,1.249046
68,9,-2.356194
68,12,0.000000
68,13,-1.892547
68,30,1.249046
68,31,3.141593
68,38,-0.785398
68,39,-1.892547
68,43,1.249046
68,45,-1.892547
68,87,-1.249046
68,88,-2.356194
68,89,0.785398
68,90,2.356194
69,3,0.000000
69,5,0.785398
69,15,1.249046
69,16,3.141593
69,22,2.356194
69,23,-0.785398
69,24,-1.892547
69,28,1.249046
69,30,-1.892547
69,35,1.249046
69,36,3.141593
69,41,1.249046
69,43,-1.892547
69,84,0.000000
69,90,-1.570796
70,3,-0.785398
70,26,1.249046
70,28,-1.892547
70,32,1.249046
70,33,2.356194
70,34,-0.785398
70,35,-1.892547
70,39,1.249046
70,41,-1.892547
70,46,1.249046
70,47,2.356194
70,49,3.141593
70,72,-1.570796
71,12,0.785398
71,17,1.249046
71,18,3.141593
71,30,1.249046
71,32,-1.892547
71,38,0.000000
71,39,-1.892547
71,44,1.249046
71,46,-1.892547
71,87,0.000000
71,88,1.892547
72,15,0.785398
72,17,-1.892547
72,23,1.249046
72,25,-1.892547
72,28,1.249046
72,30,-1.892547
72,41,1.249046
72,42,2.356194
72,43,-0.785398
72,44,-1.892547
72,88,-1.249046
72,90,2.356194
73,10,1.249046
73,12,-2.356194
73,19,0.321751
73,23,-1.892547
73,27,0.000000
73,28,-1.892547
73,33,1.249046
73,34,3.141593
73,40,0.000000
73,41,-1.892547
73,53,3.141593
73,90,-2.356194
74,4,0.000000
74,10,-1.892547
74,13,0.785398
74,19,-1.570796
74,25,1.249046
74,26,3.141593
74,31,1.249046
74,33,-1.892547
74,37,1.249046
74,38,2.356194
75,36,0.000000
75,37,-1.892547
75,43,1.249046
75,44,3.141593
75,90,2.356194
76,4,0.000000
76,5,-1.570796
76,7,-1.892547
76,12,0.000000
76,23,0.000000
76,24,-1.892547
76,29,-0.785398
76,34,1.249046
76,35,3.141593
76,42,-0.785398
76,43,-1.892547
76,51,0.785398
76,52,1.570796
76,58,2.356194
76,83,0.000000
76,90,3.141593
77,32,2.356194
77,33,-0.785398
77,34,-1.892547
77,54,-2.356194
77,56,0.000000
77,86,0.785398
77,87,2.356194
78,25,1.249046
78,26,3.141593
78,51,0.000000
78,52,-1.570796
78,53,-2.356194
78,64,0.000000
78,91,2.819842
79,8,1.249046
79,9,3.141593
79,19,3.141593
79,24,0.000000
79,25,-1.892547
79,35,1.249046
79,36,3.141593
79,42,1.249046
79,43,3.141593
79,81,0.000000
79,82,0.785398
79,83,1.892547
79,91,-2.356194
80,3,0.785398
80,13,3.141593
80,18,-1.570796
80,22,1.249046
80,23,3.141593
80,33,1.249046
80,35,-1.892547
80,41,0.000000
80,42,-1.892547
80,47,0.000000
80,56,2.356194
80,63,0.785398
80,70,0.000000
80,71,1.892547
80,77,0.000000
80,78,0.785398
80,79,1.892547
80,83,-1.249046
80,84,3.141593
81,3,0.000000
81,6,-0.785398
81,7,-1.892547
81,27,0.000000
81,28,-1.892547
81,51,1.249046
81,52,2.356194
81,65,0.785398
81,66,1.892547
81,73,1.892547
81,79,-1.249046
81,80,3.141593
81,85,0.000000
81,86,1.892547
82,3,-0.785398
82,11,-0.785398
82,12,-2.356194
82,15,1.249046
82,16,3.141593
82,37,1.249046
82,38,3.141593
82,50,-0.785398
82,51,-1.892547
82,66,-1.249046
82,67,-2.356194
82,69,0.785398
82,74,-2.356194
82,86,-1.249046
82,90,-2.356194
83,13,0.785398
83,15,-1.892547
83,24,1.249046
83,25,3.141593
83,30,0.000000
83,31,-1.892547
83,36,-0.785398
83,37,-1.892547
83,70,-1.249046
83,72,2.356194
84,13,-1.570796
84,41,1.249046
84,42,2.356194
84,72,-1.570796
84,89,-1.570796
85,3,0.785398
85,22,0.000000
85,23,-1.892547
85,27,1.570796
85,41,-1.892547
85,50,0.000000
85,79,1.570796
85,85,0.000000
85,86,1.892547
86,3,-0.321751
86,5,3.141593
86,12,2.356194
86,26,0.000000
86,39,-1.570796
86,46,2.356194
86,67,0.785398
86,68,1.570796
86,69,2.356194
86,79,-0.785398
86,80,-2.356194
86,81,0.785398
86,82,1.892547
87,11,-0.785398
87,12,-2.356194
87,14,1.249046
87,16,-1.892547
87,25,1.570796
87,30,1.570796
87,42,1.249046
87,43,2.356194
87,54,1.249046
87,55,2.356194
87,76,0.000000
87,77,1.570796
87,78,3.141593
87,91,2.356194
88,4,-0.321751
88,6,2.356194
88,9,1.570796
88,25,-2.819842
88,29,0.321751
88,30,-2.819842
88,53,-0.785398
88,54,-1.892547
88,61,0.785398
88,62,1.892547
88,69,-0.785398
88,70,-1.570796
88,71,3.141593
88,82,-0.785398
88,88,-1.249046
88,91,-2.819842
89,13,-1.570796
89,18,0.785398
89,19,2.356194
89,23,0.000000
89,24,-1.892547
89,29,-1.570796
89,35,-1.570796
89,40,0.000000
89,41,-1.892547
89,62,-1.249046
89,63,-2.356194
89,72,0.000000
89,77,-0.785398
89,78,-2.356194
89,83,-0.785398
89,85,2.819842
90,4,0.321751
90,7,-1.892547
90,19,-1.570796
90,21,0.785398
90,22,2.356194
90,27,1.249046
90,28,3.141593
90,45,1.249046
90,46,2.356194
90,73,-1.570796
90,76,1.570796
90,85,-1.570796
90,89,0.321751
91,4,-0.785398
91,22,-2.356194
91,31,1.570796
91,37,0.785398
91,75,-0.785398
91,76,-2.356194
91,86,0.000000
91,87,1.892547
91,89,-1.570796
92,20,-0.785398
92,21,-2.356194
92,31,-1.570796
92,63,0.785398
92,77,0.785398
92,78,2.356194
92,83,1.570796
93,15,-0.785398
93,35,-0.785398
93,43,-2.356194
93,47,0.785398
93,48,1.570796
93,49,2.356194
93,64,-1.570796
93,77,-0.785398
93,79,2.356194
93,83,-0.321751
93,84,2.819842
93,88,-1.570796
93,91,2.356194
94,19,2.356194
94,23,0.785398
94,25,-2.356194
94,84,-1.570796
94,89,0.000000
94,91,-2.819842
95,4,0.785398
95,7,1.249046
95,8,3.141593
95,18,0.000000
95,22,0.785398
95,24,-2.356194
95,34,-0.785398
95,45,0.321751
95,55,0.785398
95,56,1.570796
95,57,2.356194
95,74,0.000000
95,75,1.892547
95,78,-1.570796
95,85,0.000000
95,86,1.892547
96,5,-2.356194
96,6,-0.785398
96,7,-1.892547
96,22,-0.785398
96,23,-2.356194
96,27,2.356194
96,45,-1.570796
96,51,1.249046
96,52,3.141593
96,59,2.356194
96,61,0.785398
96,62,1.892547
96,75,-1.249046
96,76,-2.356194
96,81,0.000000
96,82,1.892547
96,87,3.141593
96,91,2.819842
97,31,0.785398
97,37,3.141593
97,50,-0.785398
97,51,-1.892547
97,57,-0.785398
97,58,-1.892547
97,62,-1.249046
97,63,-2.356194
97,65,3.141593
97,82,-1.249046
97,83,-2.356194
97,84,0.785398
98,16,-1.570796
98,21,-1.570796
98,26,-1.570796
98,30,-0.785398
98,35,-0.785398
98,41,-0.785398
98,46,0.000000
98,54,0.000000
98,55,3.141593
98,72,-2.356194
98,85,-1.249046
98,86,-2.356194
98,87,-0.785398
