13,29,1.249046
13,30,2.356194
13,43,0.785398
13,44,1.570796
13,45,2.356194
13,50,0.785398
13,51,1.892547
14,53,0.785398
14,54,1.570796
14,55,2.356194
14,69,0.785398
14,70,1.892547
15,22,1.249046
15,23,2.356194
15,26,0.785398
15,51,-0.785398
16,15,1.249046
16,16,2.356194
16,77,2.356194
17,22,-2.356194
17,27,-0.785398
18,30,0.785398
18,31,2.356194
19,30,-0.785398
20,11,0.321751
20,33,1.570796
21,11,-0.785398
21,33,0.000000
22,33,-0.785398
23,51,2.819842
24,37,1.570796
24,61,0.321751
24,82,2.356194
25,11,2.356194
25,40,1.892547
25,44,2.356194
25,47,-0.785398
25,49,-1.249046
25,54,2.356194
26,36,0.321751
26,42,2.356194
26,47,2.356194
26,61,3.141593
26,67,0.321751
27,9,0.321751
27,44,-1.249046
27,45,-2.356194
27,47,3.141593
27,67,-0.785398
28,9,-0.785398
28,36,0.000000
28,38,-1.570796
28,40,2.356194
28,47,-1.570796
28,49,1.249046
28,57,0.785398
28,61,-2.819842
28,67,2.356194
29,30,0.785398
29,51,-1.249046
29,58,-1.249046
29,63,1.249046
29,65,1.570796
29,67,3.141593
30,9,2.356194
30,32,-0.785398
30,33,-1.570796
30,34,-2.356194
30,35,-0.785398
30,36,-1.570796
30,37,-2.356194
30,39,-0.785398
30,40,-1.570796
30,41,-2.356194
30,45,0.785398
30,46,1.570796
30,53,-1.249046
30,55,1.892547
30,67,-2.356194
31,8,0.321751
31,16,0.000000
31,17,1.570796
31,19,1.892547
31,67,2.356194
32,8,-0.785398
32,21,-0.785398
32,22,-1.570796
32,23,-2.356194
32,25,-0.785398
32,26,-1.892547
32,33,0.000000
32,46,2.356194
32,50,-1.249046
32,51,-2.356194
32,53,3.141593
32,56,-1.249046
32,57,-2.356194
32,65,-2.356194
33,19,-1.892547
33,45,-0.785398
33,67,-1.249046
33,69,1.892547
33,73,0.321751
34,31,2.356194
34,54,0.785398
34,63,-1.249046
34,64,3.141593
34,69,-1.249046
34,70,3.141593
34,73,-1.570796
35,22,1.249046
35,23,2.356194
35,26,0.785398
35,27,1.570796
35,28,2.356194
35,29,-0.785398
35,30,-1.892547
35,40,3.141593
35,56,0.785398
35,57,1.892547
35,65,-2.356194
35,71,0.000000
36,19,1.249046
36,20,2.356194
36,21,-0.785398
36,22,-1.892547
36,45,2.356194
36,46,3.141593
36,57,-1.249046
36,59,1.892547
36,67,0.785398
36,72,-1.249046
36,73,-2.356194
36,75,0.785398
36,76,1.570796
36,78,1.892547
37,7,2.356194
37,18,-0.785398
37,19,-1.892547
37,48,2.356194
37,52,0.785398
37,59,-1.249046
37,60,-2.356194
37,62,3.141593
37,68,1.570796
37,83,2.356194
38,6,0.321751
38,33,0.785398
38,34,1.570796
38,35,2.356194
38,43,-0.785398
38,46,2.356194
38,68,0.000000
38,76,-0.321751
38,82,-0.785398
38,83,-2.356194
39,6,-0.785398
39,19,1.249046
39,20,2.356194
39,27,1.249046
39,28,3.141593
39,64,0.000000
39,65,0.785398
39,66,1.892547
39,71,0.000000
39,72,1.892547
40,17,1.249046
40,19,-1.892547
40,25,1.249046
40,27,-1.892547
40,33,0.000000
40,35,2.819842
40,54,1.570796
40,72,-1.249046
40,74,1.892547
41,23,1.249046
41,25,-1.892547
41,35,-2.356194
41,56,1.892547
41,65,0.000000
41,66,-1.892547
41,74,-1.249046
41,75,-2.356194
41,76,0.785398
42,15,0.000000
42,21,1.249046
42,23,-1.892547
42,56,-1.249046
42,57,-2.356194
43,12,0.785398
43,13,2.356194
43,17,1.570796
43,19,1.249046
43,21,-1.892547
43,52,2.356194
43,68,0.785398
43,73,0.785398
44,6,0.785398
44,19,-1.892547
44,49,2.356194
44,51,-0.785398
44,74,0.000000
44,81,-2.819842
45,6,0.000000
45,11,-0.785398
45,22,1.249046
45,23,2.356194
45,25,-0.785398
45,26,-1.570796
45,27,-2.356194
45,28,3.141593
45,35,2.356194
45,42,0.000000
45,44,0.785398
45,47,-2.356194
45,71,1.249046
45,73,2.356194
45,77,-0.785398
46,6,-0.785398
46,21,0.000000
46,22,-1.892547
46,33,0.785398
46,35,-2.819842
46,53,0.000000
46,73,-1.570796
46,80,-2.819842
47,19,1.249046
47,20,3.141593
47,57,0.785398
47,74,-2.356194
47,79,-0.785398
48,6,0.785398
48,8,1.249046
48,10,1.892547
48,13,0.000000
48,14,-1.892547
48,28,-0.785398
48,58,-2.356194
48,70,0.000000
48,76,0.785398
48,81,3.141593
49,6,-0.785398
49,12,2.356194
49,16,1.249046
49,18,-1.892547
49,22,1.249046
49,23,2.356194
49,24,3.141593
49,35,-2.356194
49,39,0.000000
49,70,-1.570796
49,73,-2.356194
50,8,-1.249046
50,10,-1.892547
50,12,-1.570796
50,21,0.000000
50,22,-1.892547
50,69,2.356194
50,75,0.785398
50,79,-2.356194
50,84,2.356194
50,86,-0.785398
50,88,2.819842
51,13,0.785398
51,15,-1.892547
51,19,1.249046
51,20,3.141593
51,30,3.141593
51,36,0.000000
51,37,3.141593
51,42,0.785398
51,43,2.356194
51,46,-0.785398
51,47,-1.570796
51,83,-0.785398
51,88,-2.356194
52,5,0.785398
52,13,-1.570796
52,24,1.249046
52,25,3.141593
52,69,-2.356194
52,83,0.785398
52,88,2.356194
53,5,0.000000
53,7,1.570796
53,8,2.356194
53,12,1.570796
53,16,1.249046
53,18,-1.892547
53,23,-0.785398
53,24,-1.892547
53,40,0.000000
53,41,-0.785398
53,42,-2.356194
53,70,-2.356194
53,79,0.000000
53,80,1.892547
53,83,0.000000
53,88,3.141593
54,5,-1.570796
54,10,2.356194
54,11,-0.785398
54,12,-2.356194
54,20,1.249046
54,21,3.141593
54,27,1.249046
54,28,2.356194
54,31,3.141593
54,44,0.785398
54,45,1.892547
54,57,-0.785398
54,75,1.249046
54,77,1.892547
54,83,-1.570796
54,88,-2.356194
55,9,-1.892547
55,13,0.785398
55,15,-1.892547
55,25,1.249046
55,27,-1.892547
55,45,-1.249046
55,46,-2.356194
55,47,-0.785398
55,48,-1.570796
55,50,-1.892547
55,54,-2.356194
55,67,1.570796
55,81,-1.249046
56,13,-1.570796
56,17,1.249046
56,19,-1.892547
56,22,1.249046
56,23,2.356194
56,24,-0.785398
56,25,-1.892547
56,33,0.000000
56,35,3.141593
56,61,1.249046
56,62,2.356194
56,63,0.785398
56,64,1.892547
56,73,1.570796
56,75,-1.570796
56,78,-1.249046
56,79,3.141593
56,83,0.000000
56,84,0.785398
57,31,3.141593
57,40,2.356194
57,60,0.000000
57,61,-1.892547
57,64,-1.249046
57,65,3.141593
57,69,1.249046
57,70,2.356194
57,73,3.141593
57,76,-2.356194
57,80,0.000000
57,87,1.570796
58,19,1.249046
58,21,-1.892547
58,26,1.249046
58,27,2.356194
58,39,-0.785398
58,67,-1.570796
58,73,-2.356194
58,87,-2.819842
59,4,0.785398
59,24,1.249046
59,26,-1.892547
59,33,3.141593
59,69,-1.570796
59,80,0.785398
60,4,-0.321751
60,6,2.356194
60,17,0.000000
60,18,-1.892547
60,23,0.000000
60,24,-1.892547
60,70,-2.356194
60,73,0.785398
60,80,-0.321751
60,84,-1.249046
61,20,1.249046
61,21,2.356194
61,45,1.570796
61,50,0.000000
61,51,3.141593
61,55,0.785398
61,65,-1.570796
61,73,-0.785398
61,75,1.892547
62,19,0.000000
62,20,-1.892547
62,35,3.141593
62,58,1.570796
63,4,0.321751
63,14,1.570796
63,24,1.249046
63,25,3.141593
63,31,0.000000
63,46,1.570796
63,58,3.141593
63,78,0.785398
63,79,1.892547
63,83,-1.249046
63,85,1.570796
63,89,-2.819842
64,4,-1.570796
64,14,-2.819842
64,23,0.321751
64,37,0.000000
64,39,3.141593
64,47,3.141593
64,71,0.785398
64,76,-0.785398
64,79,-1.249046
65,6,-0.785398
65,10,-2.356194
65,20,2.356194
65,23,-1.570796
65,34,0.000000
65,35,3.141593
65,48,2.356194
65,58,0.000000
65,60,0.785398
65,61,1.892547
65,72,3.141593
65,85,-0.321751
66,32,2.356194
66,48,-2.819842
66,58,-0.785398
66,61,-1.249046
66,63,1.892547
66,78,1.570796
66,86,-1.249046
66,88,-1.570796
66,89,3.141593
67,11,-1.570796
67,37,0.000000
67,40,3.141593
67,45,0.000000
67,46,-0.785398
67,47,-1.892547
67,58,0.785398
67,63,-1.249046
67,64,-2.356194
67,67,0.785398
67,68,1.570796
67,69,2.356194
67,79,3.141593
68,3,0.785398
68,6,0.000000
68,20,1.570796
68,59,3.141593
68,71,2.356194
68,76,3.141593
69,3,0.000000
69,10,0.000000
69,19,0.321751
69,20,-2.819842
69,61,0.785398
69,62,1.892547
69,68,-0.321751
69,85,0.000000
69,86,1.892547
70,3,-0.785398
70,9,0.785398
70,15,1.570796
70,31,2.356194
70,41,3.141593
70,43,0.000000
70,46,3.141593
70,48,1.570796
70,62,-1.249046
70,63,3.141593
70,73,0.000000
70,74,1.892547
70,82,0.000000
70,87,2.819842
71,3,0.785398
71,14,-0.785398
71,19,-2.819842
71,22,2.356194
71,48,-1.570796
71,64,0.000000
71,65,1.892547
71,69,-0.321751
71,83,-1.570796
71,87,-1.570796
71,90,2.356194
72,3,-0.321751
72,5,2.356194
72,17,0.321751
72,25,-0.785398
72,29,-0.785398
72,51,0.000000
72,52,0.785398
72,53,1.892547
72,65,-1.249046
72,66,3.141593
72,70,-1.249046
72,71,3.141593
72,90,3.141593
73,11,0.321751
73,13,2.819842
73,20,1.570796
73,27,2.356194
73,40,3.141593
73,53,-1.249046
73,55,1.892547
73,67,0.000000
73,68,1.892547
73,76,-1.249046
73,77,3.141593
73,85,1.570796
73,90,-2.356194
74,4,0.000000
74,8,1.892547
74,17,-2.819842
74,19,0.321751
74,20,-2.819842
74,23,2.356194
74,36,0.000000
74,55,-1.249046
74,57,1.892547
74,63,0.785398
74,69,3.141593
74,73,0.000000
74,74,1.892547
74,82,0.785398
74,85,-0.321751
75,4,-0.785398
75,15,-0.785398
75,16,-1.892547
75,19,-1.570796
75,22,1.570796
75,30,-0.785398
75,57,-1.249046
75,59,1.892547
75,64,0.000000
75,65,1.892547
75,79,1.570796
75,83,1.570796
76,18,1.570796
76,21,0.321751
76,22,-2.819842
76,24,-0.785398
76,28,2.356194
76,37,1.249046
76,38,2.356194
76,42,3.141593
76,59,-1.249046
76,61,1.892547
76,65,-1.249046
76,75,-1.249046
76,76,3.141593
76,80,3.141593
76,83,-0.321751
76,90,2.356194
77,3,0.321751
77,5,3.141593
77,17,0.321751
77,18,-2.819842
77,21,-1.570796
77,36,-0.785398
77,37,-1.892547
77,54,0.000000
77,67,0.000000
77,68,1.892547
77,81,1.570796
77,88,-1.249046
77,90,3.141593
78,3,-0.785398
78,7,-2.819842
78,10,2.356194
78,30,1.570796
78,32,0.785398
78,33,2.356194
78,48,0.785398
78,56,-2.356194
78,62,-1.249046
78,63,3.141593
78,73,0.000000
78,74,1.892547
78,78,1.570796
78,81,-0.321751
78,82,2.819842
78,90,-2.356194
79,9,0.321751
79,10,-2.819842
79,13,2.356194
79,16,0.321751
79,17,-2.819842
79,22,2.356194
79,30,-2.819842
79,32,-0.785398
79,39,0.000000
79,40,3.141593
79,50,3.141593
79,69,-1.249046
79,70,3.141593
79,78,-0.321751
79,82,-1.570796
80,3,0.785398
80,5,0.000000
80,12,0.321751
80,13,-2.819842
80,21,-0.785398
80,24,1.570796
80,32,0.000000
80,59,0.000000
80,71,2.356194
80,88,2.819842
81,3,0.000000
81,8,0.321751
81,9,-2.819842
81,12,-0.785398
81,15,0.321751
81,16,-2.819842
81,23,0.321751
81,24,-2.819842
81,27,0.000000
81,28,-1.892547
81,31,0.785398
81,40,0.000000
81,41,3.141593
81,45,0.000000
81,61,0.000000
81,62,1.892547
81,81,2.819842
81,84,1.570796
81,88,-1.570796
81,91,2.356194
82,3,-0.785398
82,8,-0.785398
82,23,-0.785398
82,32,-0.785398
82,33,-1.892547
82,35,-1.570796
82,38,2.356194
82,57,0.785398
82,62,-1.249046
82,63,3.141593
82,68,0.000000
82,81,-1.570796
82,84,-0.321751
82,89,0.785398
83,14,0.321751
83,15,-2.819842
83,29,1.570796
83,36,0.000000
83,50,-2.356194
83,64,0.000000
83,65,1.892547
83,79,2.819842
83,82,1.570796
83,85,-1.249046
83,86,3.141593
84,7,1.570796
84,11,2.356194
84,19,1.570796
84,22,-0.785398
84,25,1.570796
84,28,0.321751
84,29,-2.819842
84,35,-0.785398
84,40,0.000000
84,41,3.141593
84,43,0.000000
84,45,3.141593
84,65,-1.249046
84,66,3.141593
84,75,0.000000
84,79,-1.570796
84,82,-0.321751
84,89,3.141593
85,11,-2.819842
85,13,0.321751
85,14,-2.819842
85,19,-1.570796
85,24,0.321751
85,25,-2.819842
85,53,0.000000
85,76,-1.570796
85,84,2.819842
85,89,-2.356194
86,4,0.000000
86,7,-1.249046
86,13,-0.785398
86,21,2.356194
86,27,0.321751
86,28,-2.819842
86,31,1.570796
86,37,3.141593
86,48,0.000000
86,49,0.785398
86,50,1.892547
86,63,0.000000
86,68,0.000000
86,69,1.892547
86,81,1.570796
86,84,-1.570796
87,13,2.356194
87,16,-1.570796
87,23,0.321751
87,24,-2.819842
87,41,3.141593
87,43,0.000000
87,52,2.356194
87,78,1.570796
87,81,-0.321751
87,82,2.819842
88,12,0.321751
88,13,-2.819842
88,23,-0.785398
88,26,0.321751
88,27,-2.819842
88,34,1.570796
88,46,0.000000
88,47,1.892547
88,57,0.000000
88,58,1.892547
88,62,-2.356194
88,66,1.570796
88,78,-0.321751
88,79,2.819842
88,82,-2.356194
88,85,0.785398
89,7,1.249046
89,8,3.141593
89,12,-0.785398
89,15,1.570796
89,26,-0.785398
89,33,0.321751
89,34,-2.819842
89,37,1.570796
89,54,-2.356194
89,66,-0.321751
89,67,2.819842
89,72,2.819842
89,76,2.819842
89,79,-1.570796
89,82,0.785398
89,85,-0.785398
89,86,-2.356194
89,87,0.785398
89,90,2.819842
90,4,0.785398
90,19,1.570796
90,33,-0.785398
90,36,0.321751
90,37,-2.819842
90,40,0.000000
90,43,3.141593
90,49,2.819842
90,52,1.570796
90,56,0.785398
90,67,-1.570796
90,72,-1.570796
90,76,-1.570796
90,80,1.570796
90,82,-0.785398
90,84,2.356194
91,4,-0.321751
91,18,0.321751
91,19,-2.819842
91,22,-1.570796
91,29,2.356194
91,33,-1.570796
91,36,-0.785398
91,45,0.785398
91,52,-0.321751
91,61,2.819842
91,65,1.570796
91,68,0.000000
91,73,1.570796
91,77,1.570796
91,80,-0.321751
92,18,-0.785398
92,28,0.321751
92,29,-2.819842
92,46,-2.356194
92,49,-0.321751
92,61,-1.570796
92,65,0.785398
92,69,-1.570796
92,73,-0.321751
92,78,2.819842
92,85,-2.356194
92,86,0.785398
93,10,1.570796
93,21,1.570796
93,28,-0.785398
93,36,-1.570796
93,51,2.819842
93,65,-0.321751
93,76,3.141593
93,78,-1.570796
93,81,0.000000
93,89,2.819842
94,5,0.785398
94,10,-2.819842
94,31,1.570796
94,39,1.570796
94,43,0.000000
94,48,1.570796
94,51,-1.570796
94,55,-1.249046
94,56,3.141593
94,67,2.819842
94,79,1.570796
94,81,-1.570796
95,6,-2.356194
95,45,1.570796
95,67,-1.570796
95,79,-0.321751
95,84,3.141593
96,9,-1.570796
96,45,-0.321751
96,46,2.819842
96,52,-1.570796
96,64,-2.356194
96,87,-1.892547
97,13,2.356194
97,17,-1.570796
97,27,-0.785398
97,42,0.000000
97,43,3.141593
97,46,-2.356194
97,49,-1.570796
97,58,-1.570796
97,61,-0.785398
97,68,-1.570796
97,77,-1.570796
98,12,-0.785398
98,20,-1.570796
98,24,-1.570796
98,31,-1.570796
98,40,-2.356194
98,46,-1.570796
98,73,-1.570796
98,82,-1.249046
98,84,-1.892547
