9,25,1.249046
9,26,2.356194
9,33,0.785398
9,34,1.570796
9,35,2.356194
9,39,0.785398
9,40,1.892547
9,48,1.249046
9,49,2.356194
10,13,1.249046
10,14,2.356194
11,12,0.321751
11,25,-2.356194
11,40,-0.785398
11,48,-2.356194
12,12,-0.785398
12,64,1.570796
14,12,2.356194
14,34,0.785398
14,49,3.141593
14,63,0.321751
15,34,0.000000
15,50,1.570796
15,63,-0.785398
16,50,0.000000
17,9,0.321751
17,32,1.249046
17,34,3.141593
17,52,-2.356194
17,78,3.141593
18,9,-1.570796
18,25,0.785398
18,63,0.785398
19,25,0.000000
19,32,-1.249046
19,35,2.819842
19,38,0.785398
19,39,3.141593
19,42,0.321751
20,25,-1.570796
20,42,-1.570796
20,48,-0.321751
20,52,0.000000
20,53,1.570796
20,54,2.356194
20,57,0.785398
20,58,1.892547
20,61,1.249046
20,79,2.356194
21,7,0.321751
21,9,3.141593
21,18,0.785398
21,20,1.570796
21,22,1.892547
21,24,1.570796
21,30,-1.249046
21,31,3.141593
21,41,1.570796
21,63,-1.249046
22,7,-1.570796
22,33,0.785398
22,40,-0.785398
22,41,-2.356194
22,44,0.785398
22,45,1.892547
22,50,2.819842
22,57,0.321751
23,18,-0.321751
23,34,-1.249046
23,42,0.000000
23,52,1.570796
23,61,-2.819842
23,69,1.570796
23,71,-1.892547
24,27,2.356194
24,29,0.785398
24,30,1.892547
24,38,3.141593
24,50,-1.570796
24,55,1.249046
25,6,0.785398
25,19,-0.785398
25,21,-1.249046
25,36,-1.570796
25,38,-1.570796
25,43,-1.570796
25,52,-1.249046
25,61,2.819842
25,82,2.356194
26,6,-0.785398
26,7,3.141593
26,13,0.785398
26,30,-0.785398
26,34,0.785398
26,35,2.356194
26,39,0.000000
26,40,1.892547
26,42,1.570796
27,13,0.000000
27,15,1.892547
27,18,1.570796
27,26,-1.249046
27,27,-2.356194
27,30,2.356194
27,42,-2.356194
27,46,0.000000
27,48,0.785398
27,49,1.892547
27,55,0.000000
28,13,-1.570796
28,17,-0.785398
28,18,-2.356194
28,23,-0.321751
28,29,-0.785398
28,40,-1.570796
28,43,1.570796
28,49,-1.249046
28,50,3.141593
28,79,0.321751
29,5,0.785398
29,10,1.570796
29,19,1.570796
29,24,-1.249046
29,25,3.141593
29,33,0.785398
29,37,1.570796
29,44,-2.356194
29,52,0.785398
29,53,1.892547
29,70,0.321751
29,79,-0.785398
30,5,0.000000
30,10,0.000000
30,12,-1.570796
30,13,-2.356194
30,19,-0.785398
30,21,1.892547
30,39,-1.249046
30,40,-2.356194
30,41,3.141593
30,53,-1.249046
30,54,-2.356194
30,62,-1.249046
30,64,3.141593
30,70,-1.570796
31,10,-1.570796
31,15,-1.249046
31,16,-2.356194
31,17,0.785398
31,18,2.356194
31,21,-1.249046
31,23,1.892547
31,28,0.785398
31,30,1.892547
31,35,-1.249046
31,37,3.141593
31,47,-1.249046
31,48,3.141593
31,56,-1.570796
31,60,2.356194
31,64,-2.356194
32,18,-1.570796
32,23,-1.249046
32,25,1.892547
32,28,-1.570796
32,30,-1.249046
32,32,1.892547
32,37,-2.356194
32,60,3.141593
32,64,0.785398
33,7,-1.249046
33,9,-1.570796
33,10,-2.356194
33,19,0.000000
33,20,1.892547
33,25,-1.249046
33,26,-2.356194
33,27,0.000000
33,37,2.356194
33,43,0.000000
33,45,3.141593
33,51,0.000000
33,52,1.892547
33,55,2.356194
33,60,-1.570796
33,64,0.000000
33,67,0.785398
33,70,2.819842
33,77,1.892547
34,35,2.356194
34,37,3.141593
34,52,-1.249046
35,16,0.785398
35,17,2.356194
35,31,0.785398
35,37,-1.570796
35,48,0.785398
35,54,-1.249046
35,55,3.141593
35,69,-0.785398
35,82,-2.356194
36,2,0.321751
36,8,0.785398
36,9,1.892547
36,16,-1.570796
36,18,0.000000
36,19,1.892547
36,24,0.785398
36,26,1.892547
36,32,-1.249046
36,34,3.141593
36,46,1.570796
36,49,-2.356194
36,56,0.785398
36,58,1.892547
36,64,-1.249046
36,65,-2.356194
36,72,2.819842
37,2,-0.785398
37,5,-0.785398
37,9,-1.249046
37,10,-2.356194
37,14,0.785398
37,15,2.356194
37,26,-1.249046
37,27,3.141593
37,37,-0.785398
37,38,-1.570796
37,39,-2.356194
37,49,0.785398
37,56,-1.570796
37,72,-1.570796
37,76,0.000000
37,77,-1.892547
38,2,0.785398
38,5,2.356194
38,15,-1.570796
38,23,-0.785398
38,24,-2.356194
38,54,1.249046
38,55,3.141593
38,58,-0.785398
38,68,0.000000
38,69,1.892547
38,73,0.785398
38,74,2.356194
38,81,3.141593
38,88,3.141593
39,3,-2.356194
39,4,-0.785398
39,5,-2.356194
39,31,2.356194
39,32,0.785398
39,64,-2.356194
39,69,-1.249046
39,70,3.141593
39,73,-1.570796
39,81,-1.570796
40,19,-0.785398
40,25,0.785398
40,49,-2.356194
40,54,-2.356194
40,71,0.000000
40,82,0.000000
40,83,1.570796
41,22,-2.356194
41,30,-2.356194
41,47,0.000000
41,72,-1.249046
41,73,3.141593
41,85,-2.356194
42,14,0.785398
42,15,2.356194
42,20,1.570796
42,36,-1.570796
42,45,1.570796
42,47,-0.785398
42,55,-2.356194
42,56,0.785398
42,64,0.000000
42,65,0.785398
42,66,1.570796
42,67,2.356194
42,68,0.785398
42,69,1.892547
43,3,-0.785398
43,14,-0.785398
43,19,-0.785398
43,20,-2.356194
43,33,-1.570796
43,40,0.000000
43,42,3.141593
43,45,-1.570796
43,52,0.321751
43,59,1.249046
43,61,2.356194
43,69,-1.249046
43,70,3.141593
43,78,1.249046
43,79,2.356194
43,80,0.785398
43,81,1.570796
43,89,2.356194
44,8,2.356194
44,22,0.785398
44,24,-2.819842
44,30,0.785398
44,37,1.570796
44,52,-0.785398
44,56,0.321751
44,61,-2.356194
44,65,0.785398
44,71,0.000000
44,72,1.892547
44,89,3.141593
45,6,-0.785398
45,7,-1.892547
45,11,0.785398
45,12,2.356194
45,13,-0.785398
45,14,-1.570796
45,15,3.141593
45,28,1.570796
45,31,2.819842
45,37,-1.570796
45,65,-0.321751
45,72,-1.249046
45,73,-2.356194
45,78,-2.356194
46,2,-0.785398
46,11,-0.785398
46,29,-2.356194
46,31,-1.570796
46,41,1.570796
46,45,0.000000
46,46,3.141593
46,54,1.570796
46,56,-0.785398
46,58,-1.892547
46,61,2.819842
46,66,-1.249046
46,68,1.892547
46,80,0.785398
47,19,0.785398
47,20,2.356194
47,25,0.000000
47,26,3.141593
47,41,-1.570796
47,54,-0.321751
47,61,-1.570796
47,68,-1.249046
47,69,-2.356194
47,82,0.785398
47,87,0.321751
48,10,0.785398
48,13,-2.356194
48,14,0.785398
48,19,-0.785398
48,23,-1.249046
48,24,-2.356194
48,32,2.356194
48,55,-2.356194
49,3,0.000000
49,15,-1.570796
49,29,0.000000
49,31,-0.785398
49,36,1.570796
49,44,0.000000
49,55,-1.570796
49,61,0.000000
49,62,-1.570796
49,63,3.141593
49,72,0.000000
49,79,1.570796
49,83,0.000000
49,85,1.570796
49,87,3.141593
50,19,2.356194
50,60,-0.785398
50,75,2.356194
50,79,-0.321751
50,80,2.819842
50,83,-1.570796
50,91,2.356194
51,10,0.000000
51,13,2.356194
51,15,-0.785398
51,16,-1.570796
51,19,-2.819842
51,36,-1.570796
51,64,2.356194
51,68,0.785398
51,74,-0.785398
51,75,-2.356194
51,80,-1.570796
51,88,-2.356194
51,89,0.785398
51,91,-2.819842
52,7,0.785398
52,8,1.570796
52,9,3.141593
52,25,1.570796
52,49,0.785398
52,64,3.141593
52,69,0.000000
52,83,3.141593
52,86,-1.570796
53,2,0.000000
53,25,-1.570796
53,49,-0.321751
53,50,2.819842
53,62,0.785398
53,70,-1.570796
53,77,0.000000
53,78,1.892547
53,84,0.000000
53,85,2.356194
54,15,0.785398
54,32,1.570796
54,50,-1.570796
54,62,0.000000
54,64,-2.356194
54,71,-2.356194
54,78,-1.249046
54,79,-2.356194
54,81,3.141593
54,85,-1.570796
55,26,0.785398
55,32,0.785398
55,62,-1.570796
55,73,0.000000
55,81,-1.570796
56,12,2.356194
56,27,-2.356194
56,32,-0.321751
56,33,2.819842
56,59,0.000000
56,60,0.785398
56,61,2.356194
56,66,0.000000
56,67,1.570796
56,69,1.892547
56,75,1.570796
56,88,1.570796
56,90,2.356194
57,4,0.785398
57,10,0.785398
57,20,2.356194
57,23,0.785398
57,33,-2.356194
57,42,1.570796
57,56,3.141593
57,61,-2.356194
57,71,1.892547
57,76,-2.356194
57,83,0.000000
57,84,1.892547
57,88,0.000000
57,90,-2.356194
58,7,-0.785398
58,8,-1.892547
58,19,-0.785398
58,20,-2.356194
58,33,-1.570796
58,42,-1.570796
58,53,-0.785398
58,54,-1.892547
58,57,1.570796
58,64,0.785398
58,65,1.570796
58,67,-1.570796
58,68,-2.356194
59,2,0.000000
59,3,-0.785398
59,4,-1.892547
59,16,-2.356194
59,57,-0.321751
59,58,2.819842
59,62,0.000000
59,72,-1.249046
59,74,1.892547
59,85,-1.249046
59,86,-2.356194
59,88,3.141593
60,11,-0.785398
60,51,1.570796
60,58,-1.570796
60,63,-1.249046
60,65,-1.570796
60,66,3.141593
60,81,1.570796
60,91,2.356194
61,7,0.785398
61,8,1.570796
61,9,2.356194
61,14,-2.356194
61,59,1.570796
61,67,0.785398
61,68,2.356194
61,75,-1.249046
61,77,1.892547
61,91,-2.819842
62,3,0.000000
62,14,2.356194
62,25,0.785398
62,38,0.785398
62,41,0.785398
62,44,0.785398
62,56,1.570796
62,59,-0.321751
62,67,-0.785398
62,71,0.000000
62,72,1.892547
63,14,3.141593
63,22,-1.570796
63,25,-0.321751
63,26,2.819842
63,30,1.570796
63,39,-2.356194
63,72,-1.249046
63,74,1.892547
63,78,-1.249046
63,85,0.000000
63,86,1.892547
64,9,-2.356194
64,14,-1.570796
64,46,0.000000
64,49,-2.356194
64,56,-1.570796
64,61,-1.249046
64,62,3.141593
64,67,0.785398
65,6,-0.785398
65,7,-1.892547
65,26,-0.321751
65,27,2.819842
65,30,-1.570796
65,37,0.785398
65,43,-2.356194
65,63,0.000000
65,64,1.892547
65,81,-1.249046
65,82,3.141593
65,91,2.356194
66,14,-0.785398
66,17,2.356194
66,50,0.785398
66,54,-2.356194
66,60,0.785398
66,71,1.570796
66,83,0.000000
66,84,1.892547
66,90,-0.785398
67,2,-0.785398
67,8,1.249046
67,9,2.356194
67,18,2.356194
67,27,-0.321751
67,28,2.819842
67,40,0.000000
67,64,-1.570796
67,67,-2.356194
67,72,-2.356194
67,77,-1.249046
67,79,1.892547
67,88,-1.570796
68,7,-0.785398
68,8,-1.892547
68,28,-2.356194
68,42,1.570796
68,51,-1.570796
68,62,0.000000
68,67,0.785398
68,74,0.000000
68,75,1.892547
68,79,-1.249046
68,80,3.141593
68,85,-1.249046
69,5,3.141593
69,15,-0.785398
69,42,0.000000
69,45,0.785398
69,55,0.000000
69,58,2.356194
69,81,0.000000
69,82,1.892547
70,4,-0.785398
70,10,1.249046
70,11,2.356194
70,19,2.356194
70,25,1.570796
70,29,-2.356194
70,39,-2.356194
70,42,-0.785398
70,49,2.819842
70,64,-1.249046
70,71,0.000000
70,72,1.892547
70,76,-1.249046
70,77,3.141593
70,82,-1.249046
70,84,1.892547
70,88,-1.249046
70,89,3.141593
71,4,0.785398
71,8,0.785398
71,16,0.321751
71,22,0.785398
71,46,-0.321751
71,72,-1.249046
71,73,3.141593
71,78,0.000000
71,79,1.892547
71,90,-2.356194
72,4,0.000000
72,37,0.785398
72,40,0.785398
72,47,-2.356194
72,49,-0.321751
72,50,2.819842
72,57,1.892547
72,68,0.000000
72,69,1.892547
72,74,0.000000
72,79,-1.249046
72,81,1.892547
73,4,-0.785398
73,10,0.785398
73,11,2.356194
73,14,0.785398
73,16,-2.819842
73,44,-2.356194
73,50,-1.570796
73,57,-1.249046
73,58,-2.356194
73,59,0.785398
73,69,-1.249046
73,70,3.141593
73,86,-1.249046
73,87,3.141593
74,4,-1.570796
74,10,-1.570796
74,41,-1.570796
74,48,1.570796
74,51,0.000000
74,52,1.892547
74,55,3.141593
74,77,0.785398
74,78,1.892547
74,88,1.570796
75,16,2.819842
75,30,0.785398
75,35,1.570796
75,45,0.785398
75,48,-0.321751
75,49,2.819842
75,55,-1.570796
75,61,3.141593
75,64,0.000000
75,65,-1.570796
75,66,-2.356194
75,67,0.785398
75,68,1.892547
75,88,0.000000
76,27,0.785398
76,35,0.785398
76,42,0.785398
76,46,1.570796
76,49,-1.570796
76,56,0.000000
76,62,0.000000
76,63,2.356194
76,68,-1.249046
76,69,3.141593
76,88,-1.570796
77,6,1.570796
77,11,1.249046
77,13,-1.892547
77,27,-0.321751
77,28,2.819842
77,35,-0.321751
77,36,2.819842
77,43,1.570796
77,46,-0.321751
77,47,2.819842
77,50,0.000000
77,51,2.356194
77,53,-1.249046
77,55,2.356194
77,58,1.570796
77,76,3.141593
77,80,-1.249046
77,85,-1.249046
78,6,-2.356194
78,22,0.321751
78,32,1.570796
78,43,-0.321751
78,44,2.819842
78,47,-1.570796
78,58,-0.785398
78,59,-2.356194
78,61,0.785398
78,64,-2.356194
78,72,0.785398
78,73,1.892547
78,77,0.000000
78,78,1.892547
78,82,-1.570796
78,89,3.141593
79,4,-1.570796
79,7,0.000000
79,8,1.570796
79,10,-1.892547
79,19,0.785398
79,25,2.819842
79,28,-0.321751
79,29,2.819842
79,32,-0.321751
79,33,2.819842
79,36,-0.321751
79,37,2.819842
79,44,-1.570796
79,48,1.570796
79,51,-0.321751
79,52,2.819842
79,57,2.356194
79,67,1.570796
79,83,0.000000
79,84,1.892547
80,14,-1.892547
80,25,-2.356194
80,37,-2.356194
80,45,1.570796
80,48,-0.321751
80,49,2.819842
80,62,0.785398
80,67,-0.785398
80,68,-2.356194
80,69,0.785398
80,70,1.892547
80,74,-1.249046
80,75,3.141593
80,88,-0.785398
80,89,-2.356194
80,90,3.141593
81,7,1.570796
81,12,-0.785398
81,29,-0.321751
81,32,0.000000
81,34,2.819842
81,45,-0.321751
81,46,2.819842
81,49,-1.570796
81,52,-0.785398
81,53,3.141593
81,57,-0.321751
81,58,2.819842
81,62,-0.785398
81,63,-2.356194
81,65,0.785398
81,66,2.356194
81,70,-1.249046
81,72,1.892547
81,85,-1.249046
81,87,2.356194
82,2,0.321751
82,5,1.570796
82,12,0.785398
82,16,1.249046
82,18,-1.892547
82,34,-1.570796
82,46,-1.570796
82,50,0.000000
82,51,2.356194
82,54,1.570796
82,61,1.570796
82,66,-1.570796
82,77,0.000000
82,78,1.892547
83,2,-0.785398
83,12,0.000000
83,15,-0.785398
83,16,-1.892547
83,22,0.785398
83,31,-1.570796
83,43,1.570796
83,47,1.570796
83,51,-2.356194
83,54,0.000000
83,56,1.892547
83,60,-0.785398
83,73,-1.249046
83,74,3.141593
83,84,1.892547
83,89,3.141593
84,2,0.785398
84,5,-2.819842
84,12,-1.570796
84,24,-0.785398
84,26,2.819842
84,35,2.356194
84,43,-0.321751
84,47,-0.321751
84,51,0.785398
84,69,0.000000
84,70,1.892547
84,75,1.570796
84,79,-1.249046
84,84,-1.249046
85,2,0.000000
85,4,-1.892547
85,9,1.249046
85,10,2.356194
85,35,-2.819842
85,45,2.819842
85,56,-1.892547
85,77,1.892547
86,2,-0.785398
86,8,0.000000
86,9,-1.892547
86,15,1.249046
86,16,2.356194
86,37,0.785398
86,45,-2.356194
86,65,0.000000
86,66,0.785398
86,67,1.892547
86,81,-0.321751
86,86,0.000000
87,2,0.785398
87,7,0.785398
87,12,1.249046
87,13,2.356194
87,14,-0.785398
87,15,-1.892547
87,61,0.000000
87,62,1.892547
87,67,-1.249046
87,68,3.141593
87,88,0.000000
87,89,1.892547
88,2,-0.321751
88,5,1.570796
88,6,3.141593
88,8,1.570796
88,22,-2.356194
88,24,-0.785398
88,25,-1.892547
88,36,-1.570796
88,53,-2.356194
88,62,-1.249046
88,64,1.892547
88,71,1.570796
88,74,-0.321751
88,84,0.785398
88,86,3.141593
89,8,0.000000
89,10,-0.785398
89,11,-1.892547
89,16,3.141593
89,19,0.321751
89,38,-1.249046
89,39,-2.356194
89,41,-0.785398
89,42,-1.570796
89,43,-2.356194
89,50,3.141593
89,84,-1.570796
90,3,0.000000
90,19,-1.570796
90,50,-2.356194
90,53,0.785398
90,59,0.000000
90,60,1.892547
90,72,2.819842
90,76,-1.249046
90,82,0.000000
90,83,2.356194
90,86,-0.321751
91,8,-2.819842
91,17,1.249046
91,18,3.141593
91,27,0.000000
91,31,0.000000
91,32,-1.892547
91,50,0.785398
91,55,1.892547
91,83,-2.356194
92,3,0.000000
92,5,0.785398
92,11,1.249046
92,12,3.141593
92,16,0.000000
92,17,-1.892547
92,50,-0.321751
92,55,-1.249046
92,56,3.141593
92,61,-1.249046
92,62,3.141593
92,67,-1.249046
92,68,3.141593
92,73,3.141593
92,88,0.000000
92,89,1.570796
92,90,3.141593
93,3,-0.785398
93,10,0.000000
93,11,-1.892547
93,15,1.570796
93,20,1.249046
93,21,2.356194
93,23,0.785398
93,24,1.892547
93,34,0.000000
93,36,-1.570796
93,37,-2.356194
93,46,-2.356194
93,57,0.000000
93,58,1.892547
93,64,3.141593
93,74,0.000000
93,75,1.892547
94,6,2.356194
94,9,-0.785398
94,13,1.249046
94,19,0.321751
94,34,-0.785398
94,42,0.000000
94,52,-1.249046
94,53,3.141593
94,58,-1.249046
94,60,1.892547
94,71,1.570796
94,80,0.785398
95,6,-2.819842
95,12,0.000000
95,13,-1.892547
95,19,-1.570796
95,28,2.356194
95,34,0.785398
95,43,-1.570796
95,55,3.141593
95,71,-0.321751
95,72,2.819842
95,80,-0.785398
96,10,1.249046
96,11,3.141593
96,16,1.249046
96,17,2.356194
96,18,0.000000
96,22,1.249046
96,35,-2.356194
96,36,3.141593
96,44,0.000000
96,47,0.785398
96,61,-1.249046
96,62,3.141593
96,66,0.000000
96,77,-1.249046
96,79,2.356194
97,5,-1.570796
97,9,0.000000
97,10,-1.892547
97,14,0.000000
97,15,-0.785398
97,16,-1.892547
97,21,-0.785398
97,22,-1.892547
97,39,0.000000
97,55,0.000000
97,57,3.141593
97,63,-2.356194
97,74,3.141593
97,82,-0.785398
97,83,-2.356194
97,84,-0.785398
97,85,-1.570796
97,86,-2.356194
97,87,3.141593
97,90,-1.570796
98,26,0.000000
98,33,3.141593
98,41,-2.356194
98,43,0.000000
98,44,-0.785398
98,51,3.141593
98,71,-0.785398
98,72,-1.892547
98,80,-2.356194
