9,40,1.249046
9,41,2.356194
9,50,0.785398
9,51,1.570796
9,52,2.356194
9,58,0.785398
9,59,1.570796
9,60,2.356194
9,67,1.570796
10,65,0.785398
10,67,-2.356194
11,84,3.141593
12,31,0.785398
12,32,2.356194
12,39,-1.570796
12,66,2.819842
13,32,-1.570796
14,24,1.249046
14,25,3.141593
14,59,2.356194
14,62,-0.785398
14,64,-1.249046
14,67,2.819842
15,50,0.321751
15,52,2.819842
15,57,1.249046
15,59,3.141593
15,67,-2.356194
15,86,3.141593
16,50,-0.785398
16,59,-2.356194
17,20,2.356194
17,21,-0.785398
17,44,1.570796
17,52,-2.819842
17,59,0.785398
17,76,-0.785398
17,77,-1.892547
17,87,2.356194
18,19,-1.570796
18,50,0.321751
18,62,2.356194
18,68,3.141593
18,74,0.000000
19,18,0.785398
19,43,0.321751
19,54,-1.892547
19,62,-2.819842
19,65,0.321751
19,69,0.785398
19,70,2.356194
19,80,0.000000
19,81,-1.892547
20,18,-0.785398
20,19,3.141593
20,43,-0.785398
20,47,3.141593
20,50,-0.321751
20,56,1.249046
21,58,-1.249046
21,69,-0.785398
21,77,3.141593
21,88,2.356194
22,44,-1.570796
22,49,0.785398
22,64,-1.892547
22,68,1.570796
22,82,-0.785398
22,83,-1.892547
23,42,0.000000
23,43,2.356194
23,49,-0.785398
23,51,-1.249046
23,68,-2.819842
23,76,-1.570796
23,80,1.570796
24,43,-2.356194
24,47,1.892547
24,59,-0.785398
24,60,-1.892547
24,72,0.000000
24,73,-1.892547
24,77,0.785398
24,78,2.356194
24,79,-0.785398
24,85,0.000000
24,86,-1.892547
25,43,2.356194
25,45,-0.785398
25,50,2.819842
25,55,-1.892547
25,63,-2.356194
25,69,1.249046
25,71,2.356194
25,77,-1.570796
25,84,1.570796
25,89,2.356194
26,82,1.249046
26,84,-2.356194
26,88,0.321751
26,89,-2.819842
27,46,-1.892547
27,66,0.321751
27,73,1.249046
27,74,3.141593
27,81,0.000000
27,82,-1.892547
27,85,1.570796
27,88,-1.570796
28,34,0.785398
28,35,1.570796
28,36,2.356194
28,40,0.000000
28,44,-1.892547
28,48,-0.785398
28,66,-0.785398
28,87,3.141593
29,38,2.356194
29,76,1.570796
29,77,3.141593
29,84,0.000000
30,37,-1.892547
30,66,-1.570796
30,69,-0.785398
30,82,1.249046
30,83,3.141593
30,86,-2.356194
31,43,2.356194
31,47,-0.785398
31,72,-0.785398
31,76,3.141593
31,81,-0.785398
31,82,-1.892547
31,86,2.356194
31,89,0.000000
31,91,3.141593
32,69,-1.570796
32,76,-1.570796
32,78,1.249046
32,79,3.141593
32,86,-2.819842
33,33,0.785398
33,34,1.570796
33,35,2.356194
33,88,0.785398
34,71,-1.570796
34,75,2.356194
34,76,-0.785398
34,82,1.249046
34,83,3.141593
34,89,2.356194
35,38,3.141593
35,48,2.356194
35,74,-1.570796
35,80,1.249046
35,82,-1.892547
36,62,2.356194
36,73,-0.785398
37,41,0.000000
37,42,3.141593
37,46,-0.785398
37,58,2.356194
37,76,0.321751
38,57,0.785398
38,72,2.356194
38,76,-0.785398
38,82,2.356194
39,36,1.570796
39,39,1.570796
39,44,2.356194
39,57,0.000000
39,63,1.570796
39,76,0.785398
39,79,-0.785398
39,80,-1.892547
39,82,-2.356194
40,43,-0.785398
40,63,2.356194
40,66,1.570796
40,71,0.785398
40,76,0.000000
41,17,0.785398
41,32,1.249046
41,33,2.356194
41,55,0.000000
41,56,-0.785398
41,57,-1.570796
41,63,-2.819842
41,73,1.892547
42,35,-2.356194
42,41,2.356194
42,61,0.321751
42,66,-1.570796
43,16,0.321751
43,32,-1.249046
43,33,3.141593
43,35,2.356194
43,40,-0.785398
43,61,-1.570796
43,79,0.785398
43,80,2.356194
43,81,-0.785398
43,83,2.819842
44,16,-0.785398
44,52,0.000000
44,53,3.141593
44,79,-0.785398
44,83,-2.356194
45,39,2.356194
45,56,2.356194
45,71,0.321751
45,72,-2.819842
45,79,2.356194
46,33,0.321751
46,34,-2.819842
46,37,0.000000
46,79,-2.819842
46,83,0.785398
47,36,1.570796
47,58,-0.785398
47,67,-1.570796
47,70,0.321751
47,71,-2.819842
47,74,1.570796
47,86,1.570796
47,87,2.356194
48,34,-2.356194
48,35,-0.785398
48,54,-1.570796
48,70,-0.785398
48,73,0.321751
48,74,-2.819842
48,76,0.321751
48,88,-2.356194
49,61,1.570796
49,76,-0.785398
49,80,1.570796
49,84,0.000000
50,64,1.570796
50,76,2.356194
50,79,0.321751
50,80,-2.819842
50,84,-0.785398
51,71,-0.785398
51,72,-1.892547
51,74,0.785398
51,76,-2.356194
51,79,-1.570796
52,30,-1.570796
52,55,2.356194
52,61,-1.570796
52,68,1.570796
52,74,-0.785398
52,77,0.785398
52,78,3.141593
53,54,-0.785398
53,68,2.356194
53,77,-0.785398
54,32,0.785398
54,34,1.892547
54,67,0.321751
54,68,-2.819842
54,74,2.356194
55,53,1.570796
55,67,-0.785398
55,73,0.321751
55,89,3.141593
56,34,-1.892547
56,59,1.570796
56,67,-1.570796
56,73,-1.570796
56,77,2.356194
56,87,1.570796
57,55,1.570796
57,62,1.570796
57,71,2.356194
57,86,0.000000
58,36,2.356194
58,61,0.321751
58,62,-2.819842
58,70,-0.785398
58,82,-0.785398
58,83,-1.570796
58,84,-2.356194
59,34,1.249046
59,47,2.356194
59,51,-0.785398
59,55,-1.570796
59,61,-0.785398
59,76,-1.570796
59,80,3.141593
60,33,-0.785398
60,61,2.356194
60,65,1.570796
60,74,-0.785398
61,15,0.321751
61,17,-2.356194
61,38,-2.356194
61,50,2.356194
61,60,0.321751
61,61,-2.819842
61,69,0.785398
61,79,0.785398
62,15,-0.785398
62,35,-0.785398
62,46,-1.570796
62,49,-0.785398
62,81,1.892547
62,83,2.356194
62,85,0.000000
62,86,3.141593
63,35,-1.570796
63,59,0.321751
63,60,-2.819842
63,71,2.356194
63,74,0.785398
63,76,1.249046
64,44,3.141593
64,48,2.356194
64,59,-1.570796
64,81,-1.892547
65,38,0.000000
65,39,-1.570796
65,41,1.570796
65,42,3.141593
65,47,1.570796
65,51,2.356194
65,54,1.570796
65,58,1.570796
65,65,2.356194
65,68,0.321751
65,72,-2.356194
65,73,-0.785398
65,74,-1.892547
65,88,3.141593
66,15,0.785398
66,36,1.249046
66,37,3.141593
66,47,-2.819842
66,50,-0.785398
66,53,0.321751
66,54,-2.819842
66,57,0.321751
66,58,-2.819842
66,61,0.321751
66,65,3.141593
66,81,2.356194
66,84,-0.785398
67,15,0.000000
67,41,-0.785398
67,43,1.892547
67,53,-1.570796
67,57,-1.570796
67,65,-2.356194
67,68,0.000000
67,70,3.141593
67,78,-2.356194
68,15,-0.785398
68,31,0.000000
68,32,1.892547
68,34,0.000000
68,35,-1.892547
68,45,-1.892547
68,60,0.321751
68,89,0.000000
68,91,3.141593
69,39,-0.785398
69,43,-1.570796
69,60,-1.570796
69,68,-1.570796
69,85,3.141593
70,15,0.785398
70,31,-0.785398
70,32,-1.892547
70,37,1.570796
70,51,1.570796
70,63,0.785398
70,64,2.356194
70,65,-0.785398
70,66,-1.892547
70,77,0.000000
71,15,0.000000
71,55,2.356194
71,59,0.785398
71,63,-1.570796
71,86,0.000000
71,87,3.141593
72,15,-0.785398
72,44,-0.785398
72,54,-0.785398
72,55,-2.356194
72,59,-0.785398
72,60,-2.356194
72,82,0.000000
72,83,3.141593
73,35,3.141593
73,51,-1.570796
73,58,3.141593
73,70,0.000000
73,71,3.141593
74,15,0.785398
74,34,-1.570796
74,50,-0.785398
74,55,0.321751
75,15,0.000000
75,32,1.249046
75,33,3.141593
75,55,-0.785398
75,66,3.141593
76,15,-0.785398
76,40,3.141593
76,44,2.356194
77,35,-0.785398
77,38,-0.785398
77,47,2.356194
77,55,-0.785398
77,61,0.000000
78,14,0.321751
78,16,-2.356194
78,29,-0.785398
78,30,-1.892547
78,46,1.570796
78,90,0.000000
78,91,3.141593
79,14,-0.785398
79,39,2.356194
79,45,0.000000
80,33,1.249046
80,34,2.356194
80,35,3.141593
80,44,-2.356194
81,37,1.570796
81,82,0.000000
81,83,3.141593
81,90,1.570796
82,31,0.321751
82,36,0.000000
82,37,-2.356194
82,78,0.000000
82,79,3.141593
83,31,-1.570796
83,35,1.570796
83,47,2.356194
84,14,0.785398
84,35,-2.819842
84,90,2.356194
85,16,1.570796
85,17,2.356194
85,82,0.000000
85,90,3.141593
86,32,0.321751
86,36,1.570796
86,40,-0.785398
86,90,-2.356194
87,32,-1.570796
87,35,0.000000
87,43,-0.785398
87,52,2.356194
87,56,2.356194
87,84,2.356194
87,89,1.570796
88,30,1.249046
88,31,3.141593
88,34,1.570796
88,47,2.356194
88,54,0.000000
88,83,-1.570796
88,85,0.000000
88,86,1.892547
88,89,3.141593
89,29,0.000000
89,30,-1.892547
89,33,0.321751
89,34,-2.819842
89,38,2.356194
89,41,1.570796
89,46,-0.785398
90,20,0.000000
90,21,1.570796
90,22,2.356194
90,33,-0.785398
90,49,-0.785398
90,76,-0.785398
91,36,1.570796
91,42,-2.356194
92,35,0.321751
92,36,-2.819842
92,70,0.000000
92,72,3.141593
92,82,1.570796
92,84,0.000000
93,31,1.570796
93,35,-1.570796
93,77,2.356194
93,78,3.141593
93,90,2.819842
94,30,0.321751
94,31,-2.819842
94,38,2.356194
94,74,2.356194
94,82,-1.570796
94,90,-2.356194
95,33,1.570796
95,76,3.141593
96,29,-0.785398
96,30,-2.356194
96,33,-2.819842
96,73,0.000000
96,90,2.356194
97,31,-0.785398
97,32,-1.892547
97,37,-1.570796
97,40,0.000000
97,41,3.141593
97,44,2.356194
97,47,1.570796
97,77,-2.356194
97,84,-0.785398
97,88,-2.356194
97,89,-0.785398
98,43,-0.785398
98,47,-1.570796
98,68,0.000000
98,69,3.141593
98,75,-1.892547
