4,44,0.785398
4,45,1.570796
4,46,2.356194
4,49,0.785398
4,50,1.570796
4,51,2.356194
4,52,0.785398
4,53,1.892547
4,55,1.249046
4,56,2.356194
5,36,1.249046
5,38,2.356194
5,63,0.785398
5,64,2.356194
6,30,0.785398
6,31,1.570796
6,32,2.356194
6,38,-1.570796
6,53,-0.785398
7,23,1.249046
7,24,3.141593
7,36,-2.356194
7,44,0.321751
7,63,3.141593
7,72,1.570796
7,74,1.249046
7,75,2.356194
8,40,1.570796
8,57,0.785398
8,61,-1.570796
8,63,-2.356194
9,40,-0.321751
9,42,2.356194
9,51,2.356194
9,52,-0.785398
9,57,-0.785398
9,58,-2.356194
10,36,0.785398
10,54,-1.249046
10,55,-2.356194
10,56,0.000000
10,64,-2.356194
10,74,0.000000
11,19,-0.785398
11,36,0.000000
11,40,-0.785398
11,41,-1.570796
11,42,3.141593
11,57,-2.356194
11,67,0.785398
11,68,1.570796
11,70,-1.892547
11,76,-2.356194
12,49,-2.356194
12,73,0.321751
12,75,-2.356194
13,22,1.570796
13,30,0.321751
13,34,1.570796
13,36,-2.356194
13,48,-2.356194
13,67,-0.785398
13,69,2.819842
13,73,-0.785398
14,22,0.000000
14,24,1.892547
14,38,0.785398
14,39,1.570796
14,40,2.356194
14,42,-0.785398
14,43,-1.570796
14,47,-2.356194
14,69,-2.356194
14,78,0.785398
14,79,1.892547
15,32,-1.570796
15,35,2.819842
15,73,2.356194
15,80,2.819842
16,22,0.000000
16,39,2.356194
16,69,0.785398
16,75,1.249046
17,29,0.321751
17,36,-2.356194
17,39,3.141593
17,60,0.785398
17,84,2.356194
18,21,0.321751
18,23,2.819842
18,68,0.785398
18,73,-1.892547
19,12,3.141593
19,21,-0.785398
19,45,2.356194
20,9,0.321751
20,18,1.249046
20,19,2.356194
20,38,-0.785398
20,39,-1.892547
20,45,3.141593
20,70,-2.356194
20,76,3.141593
20,83,-1.892547
21,9,-0.785398
21,45,-2.356194
22,15,0.785398
22,21,-2.356194
22,22,-0.785398
22,23,-1.570796
22,65,1.249046
22,67,3.141593
23,25,-1.570796
23,40,-0.785398
23,41,-1.892547
23,78,1.892547
23,80,1.249046
23,82,1.892547
24,65,-1.249046
24,67,-1.570796
24,68,-2.356194
24,69,0.785398
24,70,1.570796
24,83,2.819842
25,22,2.356194
25,46,0.785398
25,54,2.356194
25,76,-0.321751
25,83,-2.356194
26,25,1.570796
26,39,3.141593
26,47,3.141593
26,53,1.570796
26,63,-1.570796
26,70,-0.321751
27,29,-1.892547
27,77,-0.321751
28,53,-1.249046
28,54,-2.356194
28,75,2.819842
28,82,3.141593
29,20,1.249046
29,38,3.141593
29,70,-0.785398
29,83,1.570796
30,83,-0.785398
30,84,3.141593
31,60,0.785398
31,75,-1.249046
31,76,-2.356194
31,82,3.141593
31,89,2.356194
32,35,2.356194
32,38,3.141593
32,61,3.141593
32,65,0.785398
32,71,1.249046
32,73,3.141593
32,87,0.785398
32,89,-2.819842
33,31,-1.249046
33,32,-2.356194
33,33,-0.785398
33,34,-1.892547
33,70,-0.785398
33,71,-1.892547
33,73,-1.570796
34,26,-1.570796
34,29,-2.356194
34,64,-0.785398
34,65,-1.892547
34,80,-2.356194
34,83,2.819842
35,38,3.141593
35,74,0.785398
35,83,-1.570796
36,14,-0.321751
36,27,1.249046
36,84,1.570796
36,88,2.356194
37,84,-0.785398
37,86,1.570796
37,88,3.141593
38,11,1.249046
38,12,2.356194
38,13,0.785398
38,28,-2.356194
38,39,3.141593
38,77,1.570796
38,81,1.249046
38,82,2.356194
39,27,1.570796
39,31,2.356194
39,35,1.249046
39,36,3.141593
39,77,-0.321751
39,89,2.819842
40,14,-0.321751
40,30,1.570796
40,34,0.000000
40,78,-1.249046
40,89,-2.356194
41,21,-0.785398
41,29,0.000000
41,30,-2.356194
41,32,1.249046
41,33,3.141593
41,80,-2.356194
42,15,-0.785398
42,18,-2.819842
42,21,2.356194
42,25,-2.819842
42,32,-1.892547
42,38,1.249046
42,39,3.141593
42,46,0.785398
42,80,0.785398
43,10,0.000000
43,21,-2.819842
43,24,-1.570796
43,47,-2.356194
43,80,0.000000
44,20,-1.892547
44,44,0.785398
44,45,1.570796
44,46,3.141593
44,80,-0.785398
44,85,0.785398
45,11,3.141593
45,22,1.570796
45,25,0.321751
45,32,0.000000
45,35,0.000000
45,39,1.249046
45,40,3.141593
45,88,1.570796
46,6,1.249046
46,19,3.141593
46,22,-2.819842
46,25,-1.570796
46,27,0.000000
46,30,-2.356194
46,34,3.141593
46,39,-1.892547
47,5,0.321751
47,10,2.819842
47,17,-1.892547
47,29,-0.785398
47,48,-2.356194
47,83,0.000000
48,5,-0.785398
48,26,0.785398
48,86,-2.819842
49,15,2.356194
49,21,-0.785398
49,27,2.819842
49,30,0.321751
49,34,0.000000
49,35,-1.892547
49,45,0.785398
49,46,1.892547
50,15,3.141593
50,25,0.785398
50,27,-2.356194
50,30,-1.570796
50,33,1.570796
50,37,1.249046
50,38,3.141593
50,41,0.785398
50,42,2.356194
51,24,-0.785398
51,26,0.000000
51,29,1.570796
51,32,0.321751
51,33,-2.819842
51,46,-0.785398
51,49,-2.356194
52,15,-2.819842
52,26,-1.570796
52,28,0.321751
52,29,-2.819842
52,32,-1.570796
52,35,0.321751
52,40,0.000000
52,46,0.000000
52,67,1.249046
52,68,2.356194
52,83,-0.321751
53,28,-0.785398
53,35,-1.570796
53,65,1.249046
53,71,0.785398
53,72,1.892547
53,80,0.785398
54,10,0.321751
54,11,-2.819842
54,34,1.570796
54,42,1.249046
54,43,3.141593
54,49,0.000000
54,50,1.892547
54,67,-2.356194
54,74,1.570796
54,75,2.356194
54,76,0.785398
54,77,1.892547
54,81,0.000000
54,82,1.570796
55,10,-1.570796
55,14,0.785398
55,21,2.819842
55,33,0.321751
55,34,-2.819842
55,41,0.321751
55,61,0.000000
55,63,-0.785398
55,64,-1.892547
55,72,-0.785398
55,78,2.819842
55,85,-2.356194
56,14,-0.321751
56,16,2.356194
56,17,0.785398
56,21,-2.356194
56,33,-0.785398
56,37,2.356194
56,41,-1.570796
56,51,-1.249046
56,52,3.141593
56,68,1.570796
56,78,-1.570796
56,82,0.785398
57,33,2.356194
57,36,0.321751
57,37,-2.819842
57,44,1.249046
57,45,2.356194
57,68,-0.321751
57,69,2.819842
57,79,1.570796
57,82,-0.321751
57,85,-1.570796
57,86,3.141593
57,89,2.356194
58,13,1.249046
58,15,-1.570796
58,16,3.141593
58,18,2.356194
58,24,1.249046
58,25,3.141593
58,32,0.321751
58,33,-2.819842
58,43,0.321751
58,49,0.000000
58,57,0.785398
58,69,-2.356194
58,79,-0.321751
58,80,2.819842
58,87,0.000000
59,12,0.321751
59,29,-0.785398
59,32,-0.785398
59,35,0.321751
59,36,-2.819842
59,43,-1.570796
59,50,-1.570796
59,54,1.570796
59,80,-1.570796
60,25,-2.356194
60,27,3.141593
60,35,-0.785398
60,46,2.356194
60,54,-0.321751
60,55,2.819842
60,68,-1.570796
60,73,0.000000
60,77,1.570796
60,81,0.000000
60,82,2.356194
60,87,0.000000
60,88,-1.892547
61,11,-0.785398
61,12,-1.570796
61,13,-2.356194
61,15,0.785398
61,16,1.570796
61,42,2.356194
61,52,1.570796
61,55,-2.356194
61,72,1.570796
61,74,0.000000
61,75,1.892547
61,82,-1.570796
61,85,0.785398
61,86,2.356194
62,29,1.570796
62,42,-2.819842
62,48,1.570796
62,52,-0.321751
62,53,2.819842
62,66,2.356194
62,72,3.141593
62,79,2.819842
62,83,0.785398
62,84,3.141593
62,86,-1.570796
62,90,2.356194
63,10,1.570796
63,24,1.570796
63,27,1.570796
63,37,2.356194
63,53,-2.356194
63,62,1.570796
63,70,-0.785398
63,72,-1.570796
63,83,-0.785398
63,88,0.785398
63,90,-2.819842
64,4,0.321751
64,10,0.000000
64,21,-2.356194
64,27,-1.570796
64,32,0.785398
64,35,0.000000
64,36,-1.892547
64,48,0.785398
64,50,2.356194
64,53,-1.570796
64,62,-1.570796
64,73,1.570796
64,76,-0.321751
64,84,1.570796
65,4,-0.785398
65,29,2.356194
65,32,0.000000
65,34,2.356194
65,39,-0.321751
65,41,-2.819842
65,48,0.000000
65,65,-1.570796
65,68,1.570796
65,73,-0.321751
65,74,2.819842
65,85,2.819842
66,9,0.321751
66,18,2.356194
66,26,1.249046
66,29,-2.819842
66,32,-0.785398
66,34,-2.356194
66,48,-0.785398
66,51,1.570796
66,54,1.570796
66,56,-1.570796
66,60,0.000000
66,68,-1.570796
66,81,-1.249046
66,83,2.356194
66,85,-1.570796
66,89,2.356194
67,9,-0.785398
67,18,-2.819842
67,21,-1.570796
67,40,0.785398
67,61,-1.570796
67,74,-0.321751
67,75,2.819842
67,78,-0.321751
67,79,2.819842
67,83,-2.356194
67,89,3.141593
68,40,0.000000
68,45,0.785398
68,51,-1.570796
68,54,-1.570796
68,57,1.570796
68,64,1.249046
68,69,1.570796
68,75,-1.570796
68,89,-2.356194
69,4,0.785398
69,8,-0.785398
69,9,-1.570796
69,20,1.570796
69,23,1.570796
69,26,3.141593
69,40,-0.785398
69,45,-0.321751
69,46,2.819842
69,57,-1.570796
69,79,-0.321751
69,80,2.819842
70,4,0.000000
70,14,-2.356194
70,48,2.356194
70,60,2.356194
70,61,0.785398
70,73,1.570796
70,76,0.785398
71,4,-0.785398
71,11,0.785398
71,13,1.570796
71,31,-1.570796
71,34,0.785398
71,59,-0.785398
71,67,0.785398
71,73,-0.321751
71,74,2.819842
71,76,-0.321751
71,80,-0.321751
71,81,2.819842
71,85,1.570796
72,13,-2.819842
72,16,0.000000
72,17,-1.570796
72,19,2.356194
72,22,-1.570796
72,24,1.570796
72,34,0.000000
72,57,1.570796
72,62,-0.785398
72,64,-1.570796
72,68,3.141593
72,70,2.356194
72,74,-2.356194
72,78,2.819842
72,81,-1.570796
72,85,-0.321751
72,89,2.356194
73,6,1.249046
73,7,2.356194
73,8,0.785398
73,9,1.570796
73,10,3.141593
73,19,-2.356194
73,24,-1.570796
73,26,1.570796
73,34,-0.785398
73,41,0.785398
73,44,2.356194
73,48,-0.785398
73,50,-1.570796
73,54,1.570796
73,59,-1.570796
73,78,-2.356194
73,82,1.570796
73,86,-1.249046
73,87,-2.356194
73,89,3.141593
74,12,0.785398
74,15,2.356194
74,26,-1.570796
74,57,2.356194
74,62,-1.570796
74,82,-0.321751
74,83,2.819842
74,89,-2.356194
75,7,-2.356194
75,8,-0.785398
75,9,-1.570796
75,10,3.141593
75,15,-2.819842
75,29,2.356194
75,32,1.570796
75,35,-0.785398
75,54,0.785398
75,57,-2.819842
75,60,1.570796
75,69,0.321751
76,5,-0.785398
76,26,2.356194
76,39,-0.321751
76,54,-0.785398
76,56,-1.892547
76,76,-2.356194
76,83,-0.321751
76,84,2.819842
77,32,2.356194
77,40,-2.356194
77,47,1.570796
77,50,0.000000
77,63,1.570796
77,65,0.785398
77,80,-2.356194
78,4,0.321751
78,6,-2.356194
78,9,0.785398
78,11,-2.819842
78,21,1.249046
78,23,1.892547
78,25,2.356194
78,32,3.141593
78,47,-0.321751
78,48,2.819842
78,66,-2.356194
78,74,2.356194
78,77,1.570796
78,84,-0.321751
78,89,2.356194
79,4,-0.785398
79,13,0.321751
79,16,1.570796
79,25,3.141593
79,30,-0.785398
79,32,-2.356194
79,37,0.785398
79,50,1.570796
79,52,-1.570796
79,73,-0.785398
79,74,-2.356194
79,81,0.785398
79,85,-1.249046
79,86,-2.356194
79,87,0.785398
79,89,-2.819842
80,13,-0.785398
80,22,-0.785398
80,23,-1.892547
80,25,-2.356194
80,27,0.785398
80,30,2.356194
80,37,-0.321751
80,38,2.819842
80,48,-0.321751
80,50,-2.819842
80,68,-0.321751
80,82,0.000000
81,27,0.000000
81,32,2.356194
81,38,-2.356194
81,45,1.570796
81,60,0.785398
81,66,1.570796
81,71,0.000000
81,75,0.000000
81,83,-2.356194
82,13,0.785398
82,25,2.356194
82,38,0.785398
82,45,-0.785398
82,46,3.141593
82,49,0.785398
82,54,2.356194
82,57,0.785398
82,61,2.819842
82,63,-1.570796
82,72,-1.570796
82,83,-1.570796
83,13,0.000000
83,19,-0.785398
83,25,3.141593
83,27,-0.321751
83,34,-0.785398
83,36,2.819842
83,38,-0.321751
83,39,2.819842
83,42,0.000000
83,43,1.570796
83,44,3.141593
83,51,1.570796
83,52,2.356194
83,54,3.141593
83,58,0.785398
83,59,3.141593
83,61,-2.356194
83,69,0.785398
83,73,0.000000
83,76,0.785398
83,80,0.785398
84,17,-2.819842
84,23,-0.785398
84,25,-2.356194
84,36,-2.356194
84,39,-2.356194
84,58,-0.785398
84,63,0.785398
84,69,-0.321751
84,70,2.819842
84,73,0.785398
84,76,-0.321751
84,80,-0.321751
84,81,2.819842
85,7,1.249046
85,8,2.356194
85,9,-0.785398
85,13,3.141593
85,28,-1.570796
85,33,1.570796
85,36,2.356194
85,39,0.785398
85,54,-0.321751
85,58,-1.570796
85,66,0.785398
85,70,-2.356194
85,73,-0.321751
85,74,2.819842
85,78,2.819842
86,5,0.000000
86,16,2.356194
86,25,0.785398
86,33,0.000000
86,35,-0.785398
86,36,-2.356194
86,39,-0.321751
86,40,2.819842
86,44,1.570796
86,56,2.819842
86,66,-0.321751
86,67,2.819842
86,74,-2.356194
86,78,-2.356194
86,82,3.141593
87,15,-0.785398
87,19,2.356194
87,25,0.000000
87,28,2.819842
87,33,-0.785398
87,44,-0.321751
87,45,2.819842
87,48,0.321751
87,50,3.141593
87,54,1.570796
87,56,-1.570796
87,67,-2.356194
87,78,0.785398
88,21,-0.785398
88,25,-0.785398
88,28,-2.356194
88,40,-0.321751
88,41,2.819842
88,45,-1.570796
88,48,-1.570796
88,54,3.141593
88,61,-1.570796
88,78,-0.321751
88,79,2.819842
88,83,0.785398
89,14,2.819842
89,41,-1.570796
89,46,0.000000
89,58,0.000000
89,59,1.892547
89,79,-2.356194
89,83,-0.785398
89,84,-2.356194
90,14,-2.356194
90,42,1.570796
90,47,-1.249046
90,54,-2.819842
90,71,1.570796
90,82,1.570796
90,88,2.356194
91,14,0.785398
91,22,0.785398
91,28,0.785398
91,43,3.141593
91,61,2.819842
91,71,-0.321751
91,72,2.819842
91,80,0.000000
91,82,-2.819842
91,88,-2.819842
92,9,0.321751
92,14,0.000000
92,17,1.570796
92,23,-2.356194
92,28,-0.321751
92,29,2.819842
92,61,-1.570796
92,72,-2.356194
92,76,0.785398
92,87,-0.785398
93,6,0.785398
93,17,-2.819842
93,29,-2.356194
93,40,0.000000
93,76,-0.321751
94,7,-2.356194
94,8,-0.785398
94,9,-1.570796
94,10,-2.356194
94,13,-0.785398
94,14,-1.570796
94,20,2.356194
94,41,-1.570796
94,50,-0.785398
94,52,-1.892547
94,56,1.570796
94,63,0.785398
94,66,2.819842
94,69,0.785398
94,73,1.570796
94,77,-1.249046
94,78,3.141593
94,87,2.356194
95,18,2.356194
95,23,2.356194
95,29,0.785398
95,32,0.785398
95,48,0.785398
95,49,2.356194
95,58,-0.785398
95,69,-0.321751
95,70,2.819842
95,73,-0.321751
95,74,2.819842
95,81,-1.570796
95,82,-2.356194
95,86,-0.785398
96,23,3.141593
96,29,-0.321751
96,30,2.819842
96,32,-0.321751
96,33,2.819842
96,42,-1.570796
96,49,-1.570796
96,61,2.819842
96,63,-0.321751
96,67,2.819842
96,70,-1.570796
96,74,-1.570796
96,78,0.321751
97,20,-0.785398
97,23,-2.356194
97,27,-2.356194
97,30,-2.356194
97,33,-2.356194
97,56,-2.356194
97,57,3.141593
97,61,-2.356194
97,64,-1.249046
97,65,-2.356194
97,67,-1.570796
97,75,1.570796
97,78,-1.570796
98,17,-1.570796
98,20,-1.570796
98,23,-1.570796
98,30,-1.570796
98,33,-1.570796
98,38,-1.570796
98,52,-0.785398
98,53,-1.892547
98,61,-1.570796
98,68,-2.356194
98,72,-2.356194
98,76,-2.356194
