6,46,1.249046
6,47,2.356194
6,52,0.785398
6,53,1.570796
6,54,2.356194
7,38,1.249046
7,39,2.356194
7,45,-0.785398
8,61,2.356194
8,70,1.249046
8,71,2.356194
8,84,0.785398
9,61,-2.819842
9,85,-2.356194
11,63,1.249046
11,65,1.892547
11,85,2.356194
12,18,1.249046
12,19,3.141593
12,35,-2.356194
12,53,0.785398
12,67,-1.892547
13,46,0.785398
13,51,1.892547
13,56,0.785398
13,60,0.321751
14,45,0.785398
15,14,1.249046
15,43,1.892547
15,47,-1.892547
15,49,-1.249046
15,51,-1.892547
15,56,-0.785398
15,79,0.785398
15,80,1.570796
15,82,-1.892547
16,13,0.321751
16,36,3.141593
16,78,0.785398
17,13,-1.570796
17,52,0.321751
17,76,1.892547
17,80,-2.356194
18,56,1.570796
18,58,-1.570796
18,60,-1.570796
18,70,1.892547
19,52,0.000000
19,63,-1.249046
19,72,1.892547
20,30,-0.785398
20,52,-0.785398
20,54,-1.249046
20,70,-1.892547
20,77,-1.570796
20,82,0.785398
20,88,2.356194
21,32,3.141593
21,45,1.570796
21,47,1.570796
21,48,2.356194
21,52,2.356194
21,56,-1.249046
21,58,1.570796
21,59,2.356194
21,65,-1.570796
21,74,-2.356194
21,82,-0.785398
21,83,-2.356194
21,86,0.785398
21,88,-2.819842
22,32,-2.356194
22,63,0.785398
22,81,1.570796
23,41,0.321751
23,45,-0.321751
23,47,-2.819842
23,52,-1.249046
23,54,1.892547
23,58,2.356194
23,64,-1.249046
23,65,-2.356194
23,77,0.321751
23,79,-2.356194
23,81,3.141593
23,88,3.141593
24,13,3.141593
24,25,0.000000
24,26,1.570796
24,28,1.570796
24,30,1.570796
24,31,3.141593
24,41,-0.785398
24,57,-0.785398
24,58,-2.356194
24,67,0.785398
24,68,2.356194
24,69,0.785398
24,77,-1.570796
24,84,0.785398
25,10,0.321751
25,41,2.356194
25,47,0.785398
25,48,2.356194
25,59,0.000000
25,60,1.892547
25,67,-1.570796
25,75,0.000000
25,76,2.356194
26,10,-0.785398
26,26,0.000000
26,28,-1.570796
26,41,3.141593
26,47,-0.785398
26,50,0.785398
26,51,1.570796
26,52,2.356194
26,62,0.785398
26,63,1.570796
26,64,2.356194
26,65,0.785398
26,76,-1.570796
26,86,-2.356194
27,26,-0.785398
27,33,0.785398
27,34,1.570796
27,36,1.570796
27,37,3.141593
27,54,-1.249046
27,55,-2.356194
27,68,1.892547
28,42,-2.356194
28,46,-0.785398
28,49,2.356194
28,50,-0.785398
28,84,-0.785398
29,26,0.785398
29,31,3.141593
29,34,0.785398
29,38,2.356194
29,39,-0.785398
29,40,-1.892547
29,71,-2.356194
29,85,1.570796
30,19,0.000000
30,20,1.570796
30,22,1.892547
30,28,2.356194
30,34,-0.785398
30,35,-2.356194
30,36,-0.785398
30,37,-1.892547
30,67,-2.356194
30,74,0.000000
30,87,0.785398
30,90,2.819842
31,25,-0.785398
31,26,-1.892547
31,28,-1.570796
31,33,3.141593
31,47,-0.785398
31,48,-1.570796
31,49,-2.356194
31,74,-1.570796
31,83,0.785398
32,22,-1.892547
32,58,0.000000
32,59,1.892547
32,61,1.570796
32,69,-0.785398
32,70,-2.356194
32,72,0.785398
32,73,2.356194
32,88,-0.321751
32,90,-2.819842
33,59,-1.249046
33,64,-1.570796
33,67,0.785398
33,68,2.356194
33,73,-1.570796
33,79,1.570796
33,84,2.356194
34,25,1.249046
34,26,2.356194
34,27,-0.785398
34,40,1.249046
34,41,2.356194
34,61,-1.249046
34,68,-1.570796
34,79,-0.321751
34,86,1.249046
34,90,2.819842
35,29,1.570796
35,35,0.785398
35,36,1.570796
35,37,2.356194
35,80,-1.249046
35,90,-2.356194
36,10,0.785398
36,17,1.249046
36,18,2.356194
36,58,0.785398
36,59,1.892547
36,70,0.000000
36,71,1.892547
36,87,-2.356194
36,90,0.785398
37,20,3.141593
37,25,0.000000
37,28,-0.785398
37,29,-1.892547
37,37,0.000000
37,39,-0.785398
37,40,-1.570796
37,41,-2.356194
37,59,-1.249046
37,61,1.892547
37,83,-1.249046
37,91,2.819842
38,9,0.000000
38,17,-1.249046
38,19,-1.892547
38,55,0.785398
38,56,1.892547
38,66,-1.249046
38,67,3.141593
39,23,1.249046
39,30,1.249046
39,31,2.356194
39,42,0.000000
39,56,-1.249046
39,57,3.141593
39,62,-1.249046
39,64,1.892547
39,68,0.000000
39,69,1.892547
39,85,-0.785398
39,88,-0.785398
39,91,-2.819842
40,21,1.249046
40,23,-1.892547
40,29,-0.785398
40,30,-1.892547
40,35,1.249046
40,36,2.356194
40,40,3.141593
40,50,0.785398
40,51,1.892547
40,58,1.570796
40,80,1.570796
41,20,0.000000
41,21,-1.892547
41,33,1.249046
41,35,-1.892547
41,51,-1.249046
41,52,-2.356194
41,53,0.785398
41,54,1.892547
41,58,-0.785398
41,59,-2.356194
41,80,-0.321751
42,8,0.785398
42,15,0.785398
42,16,1.570796
42,17,2.356194
42,18,0.785398
42,19,2.356194
42,46,0.785398
42,47,1.892547
42,56,0.785398
42,57,2.356194
42,61,0.785398
42,67,2.819842
42,72,2.819842
42,77,2.819842
42,86,0.000000
42,87,1.892547
42,90,2.356194
43,8,-0.785398
43,9,3.141593
43,19,-1.570796
43,22,0.785398
43,23,2.356194
43,27,1.249046
43,28,2.356194
43,36,1.249046
43,37,2.356194
43,47,-1.249046
43,53,0.321751
43,57,-2.356194
43,61,-0.785398
43,63,-1.570796
43,72,-1.570796
43,77,-1.570796
43,87,-1.249046
43,88,-2.356194
43,90,3.141593
44,17,1.570796
44,21,3.141593
44,26,0.000000
44,27,-1.892547
44,34,-2.356194
44,35,-0.785398
44,36,-1.892547
44,49,-2.356194
44,53,-0.785398
44,64,0.000000
44,65,1.570796
44,67,-1.570796
44,78,0.000000
44,79,1.892547
44,83,-1.249046
44,84,3.141593
44,90,-2.356194
45,17,0.000000
45,19,-0.785398
45,20,-1.892547
45,31,-0.785398
45,32,-1.892547
45,42,1.249046
45,44,1.570796
45,45,2.356194
45,57,-1.570796
45,74,0.000000
45,75,1.892547
45,85,0.000000
46,28,1.249046
46,29,3.141593
46,41,-0.785398
46,42,-1.892547
46,69,-0.321751
46,76,2.819842
46,88,1.249046
46,89,3.141593
47,14,0.785398
47,15,1.570796
47,21,0.000000
47,22,-1.892547
47,26,1.249046
47,28,-1.892547
47,34,1.249046
47,35,2.356194
47,50,1.570796
47,57,1.570796
48,19,1.249046
48,20,3.141593
48,31,1.249046
48,32,2.356194
48,33,-0.785398
48,34,-1.892547
48,41,0.785398
48,50,-1.570796
48,61,-1.570796
48,70,-0.785398
48,73,-2.356194
48,88,-1.570796
49,24,0.000000
49,25,-1.892547
49,29,1.249046
49,31,-1.892547
49,42,-2.356194
49,45,-1.570796
49,75,0.785398
49,79,1.892547
49,83,-1.249046
49,89,1.570796
50,16,0.785398
50,18,-1.892547
50,22,1.249046
50,23,3.141593
50,28,0.000000
50,29,-1.892547
50,38,0.785398
50,57,-1.570796
50,70,-1.570796
50,80,2.819842
50,89,0.000000
51,20,1.249046
51,22,-1.892547
51,26,1.249046
51,27,3.141593
51,39,-2.356194
51,65,-1.570796
51,78,2.356194
51,89,-1.570796
51,91,-2.356194
52,7,0.785398
52,16,-2.819842
52,25,0.000000
52,26,-1.892547
52,31,1.249046
52,32,3.141593
52,39,-1.570796
52,44,0.785398
52,49,0.785398
52,61,0.785398
52,70,1.570796
52,80,-0.785398
52,81,-2.356194
52,82,0.785398
52,86,-2.356194
52,87,0.785398
52,88,2.356194
52,91,-1.570796
53,7,0.000000
53,14,-0.785398
53,15,-1.892547
53,29,1.249046
53,31,-1.892547
53,50,1.570796
53,54,0.785398
53,58,1.570796
53,74,-1.570796
53,88,-1.570796
54,7,-0.785398
54,17,0.000000
54,18,-1.892547
54,28,0.000000
54,29,-1.892547
54,35,3.141593
54,39,1.570796
54,42,0.785398
54,50,-0.321751
54,51,2.819842
54,54,-0.321751
54,55,2.819842
54,84,-2.356194
55,7,0.785398
55,20,1.249046
55,21,3.141593
55,26,1.249046
55,27,3.141593
55,46,-1.570796
55,55,-2.356194
55,70,-1.570796
55,81,2.819842
56,7,0.000000
56,25,0.000000
56,26,-1.892547
56,36,2.356194
56,40,-2.356194
56,51,-0.321751
56,52,2.819842
56,55,-1.570796
56,67,0.785398
56,81,-2.356194
57,7,-0.785398
57,17,1.249046
57,19,-1.892547
57,23,1.249046
57,24,3.141593
57,30,-0.785398
57,38,0.785398
57,48,0.785398
57,52,-2.356194
57,72,0.000000
57,81,0.000000
58,16,0.321751
58,22,0.000000
58,23,-1.892547
58,28,2.356194
58,36,3.141593
58,39,1.570796
58,60,-1.570796
58,79,1.249046
58,80,3.141593
58,82,0.000000
58,91,-1.570796
59,7,0.785398
59,16,-1.570796
59,21,3.141593
59,37,1.570796
59,45,-2.356194
59,69,1.570796
59,83,-2.356194
60,20,-1.570796
60,37,-0.785398
60,39,-1.892547
60,50,1.570796
60,61,0.785398
60,65,-2.356194
60,70,3.141593
61,6,0.321751
61,18,1.249046
61,19,3.141593
61,23,1.249046
61,24,3.141593
61,29,1.249046
61,30,3.141593
61,35,0.000000
61,42,0.000000
61,43,1.892547
61,50,-0.321751
61,51,2.819842
61,54,1.570796
61,76,-0.785398
61,77,-1.892547
62,6,-0.785398
62,22,0.000000
62,23,-1.892547
62,27,1.249046
62,29,-1.892547
62,48,1.570796
62,54,-0.321751
62,67,1.570796
62,82,-1.892547
62,90,1.570796
63,32,1.249046
63,37,0.000000
63,38,3.141593
63,45,2.819842
63,51,-0.321751
63,59,0.000000
63,60,3.141593
63,86,2.819842
63,90,-0.321751
63,91,2.819842
64,20,1.570796
64,25,0.000000
64,26,-1.892547
64,31,0.000000
64,32,-1.892547
64,40,0.785398
64,45,-1.570796
64,49,-2.356194
64,52,-1.249046
64,53,3.141593
64,57,2.819842
64,68,1.570796
64,79,-0.785398
64,91,-2.356194
65,19,0.000000
65,24,1.570796
65,30,3.141593
65,36,3.141593
65,41,0.000000
65,42,1.892547
65,57,-1.570796
65,65,-2.356194
65,69,-2.356194
65,85,-2.356194
65,87,1.570796
65,91,-1.570796
66,12,0.785398
66,14,-1.892547
66,23,0.000000
66,29,-1.570796
66,37,0.000000
66,38,1.892547
66,47,0.000000
66,51,0.785398
66,58,0.000000
66,62,0.785398
66,83,-0.321751
66,88,2.819842
67,12,-0.785398
67,18,-1.570796
67,22,3.141593
67,33,0.785398
67,55,1.570796
67,59,-1.570796
67,64,0.785398
67,65,1.892547
67,80,2.356194
67,88,-2.356194
68,6,0.785398
68,12,2.356194
68,21,-1.570796
68,34,0.000000
68,35,1.892547
68,48,-0.321751
68,52,-1.570796
68,56,3.141593
68,60,0.000000
68,61,1.892547
68,65,-1.249046
68,67,1.892547
68,78,1.249046
68,79,3.141593
68,83,1.570796
68,85,0.000000
69,6,0.000000
69,11,-0.785398
69,15,1.570796
69,20,1.570796
69,26,2.356194
69,40,-1.249046
69,41,3.141593
69,49,-1.249046
69,50,3.141593
69,67,-1.249046
69,68,-2.356194
69,71,3.141593
69,77,0.000000
69,78,-1.892547
69,82,0.000000
69,85,0.785398
70,6,-0.785398
70,15,2.356194
70,20,-2.819842
70,26,3.141593
70,30,-1.570796
70,37,3.141593
70,42,0.000000
70,62,-1.249046
70,63,3.141593
70,74,0.000000
70,85,-0.321751
70,86,2.819842
71,15,-2.819842
71,18,0.321751
71,23,1.570796
71,26,-2.356194
71,35,3.141593
71,38,0.000000
71,39,1.892547
71,43,-1.570796
71,52,-2.356194
71,56,1.570796
71,64,0.000000
71,65,1.892547
71,86,-1.570796
71,90,-1.570796
72,13,0.321751
72,23,-2.819842
72,26,-1.570796
72,44,0.000000
72,45,1.892547
72,48,-1.249046
72,49,3.141593
72,61,3.141593
72,78,1.249046
72,79,3.141593
73,17,0.321751
73,18,-2.819842
73,21,0.321751
73,28,1.570796
73,34,-0.785398
73,35,-2.356194
73,50,0.000000
73,51,1.892547
73,58,3.141593
73,65,-1.570796
73,77,-0.785398
73,78,-1.892547
73,83,0.785398
74,6,0.785398
74,9,1.249046
74,10,2.356194
74,13,-2.819842
74,17,-1.570796
74,21,-0.785398
74,25,2.356194
74,33,1.570796
74,37,1.570796
74,46,-1.249046
74,47,3.141593
74,51,-1.249046
74,53,1.892547
74,63,0.000000
74,64,0.000000
74,88,1.570796
75,6,0.000000
75,21,-1.570796
75,28,2.356194
75,32,0.321751
75,38,3.141593
75,42,-1.249046
75,43,3.141593
75,53,-1.249046
75,54,-2.356194
75,65,0.000000
75,66,1.892547
75,84,0.785398
75,89,3.141593
76,6,-0.785398
76,9,-1.249046
76,11,-1.892547
76,27,0.321751
76,28,-2.819842
76,32,-1.570796
76,34,0.000000
76,44,0.000000
76,45,1.892547
76,49,0.000000
76,50,1.892547
76,66,-1.249046
76,67,-2.356194
76,77,1.249046
76,78,3.141593
76,81,1.570796
76,85,2.819842
76,90,1.570796
77,23,-1.570796
77,27,-1.570796
77,31,1.570796
77,40,0.000000
77,41,1.892547
77,50,-1.249046
77,51,-2.356194
77,60,3.141593
77,76,-0.785398
77,77,-1.892547
77,81,-0.785398
77,90,-0.321751
77,91,2.819842
78,14,1.570796
78,19,1.570796
78,30,0.321751
78,41,-1.249046
78,42,3.141593
78,46,-1.249046
78,47,3.141593
78,54,0.785398
78,55,1.892547
78,62,0.000000
78,80,-0.785398
78,91,-2.356194
79,14,-2.819842
79,19,-1.570796
79,22,1.570796
79,30,-0.785398
79,32,-2.356194
79,34,0.321751
79,37,0.000000
79,43,0.000000
79,44,1.892547
79,55,-1.249046
79,56,-2.356194
79,57,0.785398
79,58,1.892547
79,67,0.785398
79,68,1.892547
79,83,-0.785398
79,87,1.570796
80,6,0.785398
80,11,1.249046
80,13,-1.892547
80,25,1.570796
80,30,2.356194
80,38,-2.356194
80,51,0.785398
80,52,1.892547
80,58,-1.249046
80,60,1.892547
80,68,-1.249046
80,69,-2.356194
80,73,3.141593
80,83,0.785398
80,87,-0.321751
80,91,2.356194
81,6,0.000000
81,10,-0.785398
81,11,-1.892547
81,18,1.570796
81,21,-0.785398
81,24,0.321751
81,25,-2.819842
81,30,-2.819842
81,34,-2.819842
81,37,-0.785398
81,41,0.785398
81,45,-1.249046
81,46,3.141593
81,52,-1.249046
81,54,1.892547
81,60,-1.249046
81,61,-2.356194
81,62,0.785398
81,63,1.892547
81,76,1.249046
81,78,1.570796
81,83,-0.321751
82,6,-0.785398
82,14,1.570796
82,24,-0.785398
82,28,0.321751
82,32,0.321751
82,43,3.141593
82,54,-1.249046
82,56,1.892547
82,63,-1.249046
82,64,-2.356194
82,65,0.785398
82,66,1.892547
82,74,1.249046
83,32,-0.785398
83,49,0.000000
83,50,1.892547
83,56,-1.249046
83,57,-2.356194
83,66,-1.249046
83,67,-2.356194
83,73,-0.785398
83,74,-1.892547
83,81,2.819842
83,86,2.819842
83,90,1.570796
84,17,-1.570796
84,23,1.570796
84,27,0.321751
84,28,-2.819842
84,32,2.356194
84,38,0.785398
84,50,-1.249046
84,51,-2.356194
84,60,0.785398
84,61,1.892547
84,90,-0.321751
84,91,2.819842
85,22,0.321751
85,23,-2.819842
85,31,0.321751
85,32,-2.819842
85,39,-1.570796
85,53,0.000000
85,54,1.892547
85,61,-1.249046
85,62,-2.356194
85,63,0.785398
85,64,1.892547
85,75,0.321751
85,78,2.356194
85,81,-0.321751
85,82,2.819842
85,86,-0.321751
85,87,2.819842
85,91,-2.356194
86,22,-1.570796
86,27,-2.819842
86,31,-1.570796
86,40,1.570796
86,43,0.785398
86,44,1.892547
86,48,0.000000
86,54,-1.249046
86,55,-2.356194
86,64,-1.249046
86,65,-2.356194
86,75,-0.785398
86,78,-2.356194
86,82,-1.570796
86,87,-1.570796
86,91,-1.570796
87,25,0.321751
87,45,3.141593
87,50,0.000000
87,51,1.892547
87,70,0.785398
87,75,2.356194
88,11,1.249046
88,13,-1.570796
88,14,-2.356194
88,15,3.141593
88,19,1.249046
88,20,3.141593
88,25,-1.570796
88,30,2.356194
88,39,0.321751
88,46,0.000000
88,51,-1.249046
88,53,1.892547
88,73,1.249046
89,24,1.570796
89,30,-2.819842
89,39,-1.570796
89,47,-2.356194
89,53,-1.249046
89,54,3.141593
89,64,0.785398
89,76,2.819842
89,84,1.570796
90,24,-2.819842
90,28,0.321751
90,43,2.356194
90,57,0.785398
90,58,1.892547
90,65,-1.570796
90,67,1.249046
90,68,2.356194
90,76,-2.356194
90,80,1.570796
90,84,-0.321751
90,85,2.819842
90,89,0.785398
91,13,2.356194
91,16,0.000000
91,17,-1.892547
91,28,-1.570796
91,32,1.570796
91,43,-2.819842
91,47,0.785398
91,49,1.892547
91,58,-1.249046
91,59,-2.356194
91,60,0.785398
91,61,1.892547
91,80,-0.321751
91,81,2.819842
91,85,-1.570796
91,89,-0.321751
91,90,2.819842
92,15,3.141593
92,20,0.785398
92,27,3.141593
92,31,0.321751
92,32,-2.819842
92,41,0.321751
92,47,-1.570796
92,51,1.570796
92,52,2.356194
92,63,1.570796
92,64,2.356194
92,74,2.819842
92,77,1.570796
92,90,-2.356194
93,8,-1.249046
93,10,1.570796
93,12,-1.570796
93,14,-1.892547
93,18,1.570796
93,31,-1.570796
93,36,1.570796
93,46,1.570796
93,49,-0.785398
93,53,0.000000
93,54,1.570796
93,55,2.356194
93,56,0.785398
93,57,1.570796
93,58,2.356194
93,59,0.785398
93,68,0.000000
93,71,0.000000
93,77,-0.321751
93,78,2.819842
93,81,-0.321751
93,82,2.819842
93,86,0.785398
94,18,-2.819842
94,21,2.356194
94,26,-2.819842
94,30,1.570796
94,36,-2.819842
94,40,0.321751
94,41,-2.819842
94,45,0.321751
94,46,-2.819842
94,69,-2.356194
94,71,-0.785398
94,82,-2.356194
94,86,-0.321751
94,87,2.819842
95,20,0.321751
95,21,-2.819842
95,24,0.321751
95,30,-2.819842
95,34,0.321751
95,40,-1.570796
95,45,-1.570796
95,49,0.321751
95,50,-2.819842
95,53,0.321751
95,54,-2.819842
95,75,2.819842
95,78,-0.321751
95,79,2.819842
95,87,-1.570796
95,90,2.356194
96,15,-0.785398
96,16,-1.892547
96,20,-1.570796
96,24,-1.570796
96,28,0.321751
96,34,-1.570796
96,49,-0.785398
96,53,-0.785398
96,72,-0.785398
96,75,-1.570796
96,79,-2.356194
96,89,-0.785398
97,39,-1.570796
97,44,-1.570796
97,49,-1.570796
97,53,-1.570796
97,59,-0.785398
97,69,-1.570796
97,76,-2.356194
97,79,-1.570796
98,18,-0.785398
98,23,-1.570796
98,26,0.000000
98,27,-0.785398
98,32,-0.785398
98,56,-1.570796
98,63,-1.570796
98,66,-1.570796
98,73,-1.570796
98,84,-2.356194
