13,40,1.249046
13,41,2.356194
13,46,0.785398
13,47,1.570796
13,48,2.356194
14,15,1.249046
14,16,2.356194
14,66,2.356194
15,14,0.321751
15,40,-2.356194
15,77,0.785398
16,14,-0.785398
16,78,-1.570796
17,14,0.785398
18,14,-0.785398
18,15,3.141593
21,14,3.141593
21,58,0.321751
22,11,0.321751
22,58,-0.785398
23,39,0.321751
23,41,2.819842
23,80,2.356194
24,10,0.321751
24,11,-2.819842
24,48,2.819842
25,10,-0.785398
25,44,1.249046
26,43,0.321751
26,46,-1.249046
27,43,-1.570796
27,48,-1.249046
27,50,1.892547
27,59,2.819842
28,10,2.356194
28,25,0.000000
28,26,1.892547
28,37,0.000000
28,50,-1.249046
28,51,-2.356194
29,28,2.356194
29,59,-2.356194
29,81,2.356194
30,8,0.321751
30,36,0.785398
30,37,1.892547
30,57,-0.785398
31,8,-0.785398
31,24,0.785398
31,25,2.356194
31,26,-0.785398
31,37,-1.249046
31,38,-2.356194
31,39,3.141593
31,44,0.000000
32,24,-0.785398
32,52,0.785398
32,53,1.892547
32,71,-0.785398
32,72,-1.892547
33,24,0.785398
33,53,-1.249046
33,54,-2.356194
33,56,-0.785398
33,57,-1.570796
33,58,3.141593
34,8,2.356194
34,34,3.141593
34,76,0.321751
35,23,-0.785398
35,24,-1.892547
35,76,-0.785398
36,6,0.321751
36,76,2.356194
37,6,-0.785398
37,73,0.785398
37,74,1.570796
37,76,3.141593
38,20,1.249046
38,21,2.356194
38,32,3.141593
39,61,0.000000
39,62,3.141593
40,6,2.356194
40,20,-2.356194
40,64,0.000000
41,5,0.321751
41,68,0.785398
41,69,1.892547
42,5,-1.570796
42,7,0.000000
42,8,1.570796
42,9,2.356194
42,19,0.000000
42,20,-1.570796
42,21,-2.356194
42,69,-1.249046
42,70,-2.356194
43,11,2.356194
43,60,0.000000
43,61,3.141593
43,73,0.785398
43,74,1.892547
44,10,-1.892547
44,74,-1.249046
44,76,1.892547
44,87,2.356194
45,26,0.000000
45,32,-0.785398
45,33,-1.570796
45,34,-2.356194
45,76,-1.249046
45,77,-2.356194
46,23,3.141593
46,85,-0.785398
46,86,-1.892547
48,3,0.321751
48,5,-2.356194
48,63,0.000000
48,65,3.141593
48,75,0.785398
49,3,-0.785398
50,22,3.141593
50,79,-2.356194
51,88,2.356194
52,63,1.892547
52,82,0.000000
52,88,3.141593
53,3,0.785398
53,19,1.249046
53,20,2.356194
53,23,3.141593
53,88,-2.356194
54,3,0.000000
54,18,-0.785398
54,19,-1.892547
54,63,-1.892547
54,66,0.000000
54,67,1.892547
54,78,0.000000
56,2,0.321751
56,41,2.356194
56,66,0.321751
56,72,0.785398
56,73,1.570796
56,74,2.356194
56,83,0.000000
56,84,1.892547
57,5,2.356194
57,22,3.141593
57,40,0.321751
57,41,-2.819842
57,66,-0.785398
57,77,0.000000
57,78,1.892547
57,84,-1.249046
57,85,-2.356194
57,87,-0.785398
57,89,2.819842
58,2,-0.321751
58,40,-1.570796
58,78,-1.249046
58,79,-2.356194
58,89,-2.356194
59,25,0.000000
59,26,3.141593
60,20,1.249046
60,21,2.356194
60,22,3.141593
60,84,0.785398
60,85,1.892547
60,89,2.356194
61,19,-0.785398
61,20,-1.892547
61,85,-1.249046
61,86,-2.356194
61,89,3.141593
62,6,1.249046
62,7,3.141593
62,65,0.785398
62,80,0.000000
62,89,-2.356194
63,5,0.000000
63,6,-1.892547
63,21,1.249046
63,22,2.356194
63,23,3.141593
63,66,3.141593
63,74,2.356194
64,19,0.000000
64,20,-0.785398
64,21,-1.892547
64,38,-1.570796
64,67,0.000000
64,68,1.892547
64,72,1.249046
64,74,3.141593
64,84,0.000000
64,85,1.892547
64,89,2.356194
65,68,-1.249046
65,69,-2.356194
65,71,-0.785398
65,72,-1.892547
65,74,-2.356194
65,85,-1.249046
65,86,-2.356194
65,88,-0.785398
65,89,-2.356194
66,15,1.249046
66,16,2.356194
66,17,3.141593
66,23,2.356194
67,13,1.249046
67,15,-1.892547
67,20,0.000000
67,65,0.000000
67,67,3.141593
67,75,-2.356194
68,4,1.249046
68,5,3.141593
68,12,-0.785398
68,13,-1.892547
69,3,0.000000
69,4,-1.892547
69,9,1.249046
69,10,3.141593
69,25,3.141593
69,85,0.000000
69,91,2.356194
70,2,-0.785398
70,15,1.249046
70,16,2.356194
70,17,3.141593
70,22,1.249046
70,23,3.141593
70,44,1.892547
70,91,3.141593
71,6,1.249046
71,8,-1.892547
71,14,-0.785398
71,15,-1.892547
71,21,-0.785398
71,22,-1.892547
71,47,3.141593
71,91,-2.356194
72,11,1.249046
72,12,3.141593
72,18,1.249046
72,19,3.141593
72,83,0.000000
72,85,0.785398
72,86,1.892547
73,9,1.249046
73,11,-1.892547
73,35,0.000000
73,40,0.785398
73,86,-1.249046
73,87,-2.356194
73,91,2.356194
74,4,-1.892547
74,16,-0.785398
74,17,-1.892547
74,43,-1.249046
74,44,-2.356194
74,47,3.141593
74,90,-0.785398
75,2,-0.785398
75,7,0.000000
75,8,-1.892547
75,50,0.000000
75,51,3.141593
76,2,-1.570796
76,42,3.141593
76,70,0.785398
76,85,0.000000
77,10,1.570796
77,27,3.141593
77,43,0.785398
77,44,2.356194
77,47,3.141593
77,64,0.000000
77,71,-2.356194
77,81,1.570796
77,87,0.000000
77,88,1.892547
78,3,0.000000
78,10,-2.819842
78,43,-0.785398
78,66,-2.356194
78,81,-1.570796
78,88,-1.249046
78,89,-2.356194
79,8,0.000000
79,9,-1.892547
79,13,1.570796
79,36,0.000000
79,37,-0.785398
79,38,-1.892547
79,43,0.785398
79,84,0.000000
79,91,-2.356194
80,6,1.249046
80,7,3.141593
80,27,0.000000
80,28,3.141593
80,44,-2.356194
80,70,0.785398
80,79,0.785398
81,32,3.141593
81,47,3.141593
81,71,0.000000
81,72,1.892547
81,81,3.141593
81,89,3.141593
82,4,0.321751
82,9,1.249046
82,10,3.141593
82,24,3.141593
82,29,0.000000
82,36,1.249046
82,37,2.356194
82,40,3.141593
82,72,-1.249046
82,73,3.141593
83,4,-1.570796
83,17,-0.785398
83,22,-0.785398
83,35,-0.785398
83,36,-1.892547
83,42,0.000000
83,44,3.141593
83,69,0.785398
83,79,0.785398
84,7,0.000000
84,8,-1.892547
84,15,1.570796
84,29,0.000000
84,87,0.785398
85,6,-0.785398
85,50,0.000000
85,51,3.141593
85,67,0.785398
85,72,1.570796
86,2,-1.570796
86,14,1.570796
86,24,3.141593
86,31,1.249046
86,32,2.356194
86,38,-2.356194
86,73,3.141593
86,78,0.000000
86,79,1.892547
86,84,0.000000
86,85,1.892547
86,91,3.141593
87,10,3.141593
87,14,-2.819842
87,21,1.249046
87,22,3.141593
87,30,-0.785398
87,31,-1.892547
87,79,-1.249046
87,80,3.141593
87,85,-1.249046
87,86,3.141593
88,4,2.356194
88,12,0.000000
88,13,-1.892547
88,16,1.570796
88,25,1.249046
88,26,2.356194
88,81,0.000000
88,82,1.892547
88,87,0.000000
88,88,1.892547
89,11,1.570796
89,32,1.249046
89,33,2.356194
89,40,3.141593
89,72,0.000000
89,73,1.892547
89,82,-1.249046
89,83,3.141593
89,88,-1.249046
89,89,3.141593
90,10,0.000000
90,18,0.321751
90,23,0.000000
90,24,-1.892547
90,29,1.249046
90,30,2.356194
90,31,-0.785398
90,32,-1.892547
90,68,0.000000
90,73,-1.249046
90,74,3.141593
90,91,3.141593
91,2,-1.570796
91,5,-0.785398
91,9,1.570796
91,14,-0.785398
91,18,-1.570796
91,22,1.570796
91,27,1.249046
91,29,-1.892547
91,80,0.000000
91,81,1.892547
92,8,0.321751
92,9,-2.819842
92,12,1.570796
92,22,-2.819842
92,35,1.249046
92,36,2.356194
92,39,3.141593
92,71,-2.356194
92,76,-2.356194
92,81,-1.249046
92,82,3.141593
93,4,2.356194
93,8,-1.570796
93,25,0.000000
93,26,-1.892547
93,31,1.249046
93,32,2.356194
93,34,-0.785398
93,35,-1.892547
93,83,1.570796
94,7,-0.785398
94,19,0.000000
94,20,-1.892547
94,24,1.570796
94,29,1.249046
94,31,-1.892547
94,65,0.785398
94,74,0.785398
94,79,0.785398
94,84,3.141593
94,91,3.141593
95,3,-1.570796
95,10,1.570796
95,18,3.141593
95,23,0.321751
95,24,-2.819842
95,66,-2.356194
95,85,0.000000
95,86,1.892547
96,9,0.321751
96,10,-2.819842
96,17,-0.785398
96,23,-1.570796
96,27,0.000000
96,28,-1.892547
96,63,0.785398
96,76,0.000000
96,77,1.892547
96,86,-1.249046
96,87,3.141593
97,9,-0.785398
97,33,0.000000
97,34,3.141593
97,37,0.000000
97,38,3.141593
97,46,0.785398
97,77,-1.249046
97,78,3.141593
97,82,-2.356194
98,9,-1.570796
98,13,-1.570796
98,16,-0.785398
98,22,-1.570796
98,26,-1.570796
98,40,0.000000
98,41,3.141593
98,48,3.141593
98,65,-2.356194
98,79,-2.356194
98,90,3.141593
