6,50,1.249046
6,51,3.141593
6,63,1.249046
6,64,2.356194
7,59,2.356194
7,62,0.321751
8,25,1.249046
8,26,2.356194
8,43,3.141593
8,59,-2.819842
9,52,-2.356194
9,62,-0.321751
9,70,1.892547
9,72,2.356194
10,50,0.000000
10,56,-0.321751
10,58,-2.819842
10,65,-2.356194
11,17,1.249046
11,18,3.141593
11,24,-1.570796
11,50,-0.785398
11,60,1.249046
11,67,0.000000
12,38,1.892547
12,66,1.570796
13,13,2.356194
13,15,-0.785398
13,46,-1.570796
13,52,0.000000
13,53,1.570796
13,60,-1.249046
13,68,1.570796
14,12,-0.785398
14,58,3.141593
14,62,-1.249046
14,68,3.141593
14,78,1.892547
15,58,-2.356194
15,79,2.819842
16,49,0.785398
16,50,1.570796
16,54,-1.249046
16,55,3.141593
16,68,-1.570796
16,69,3.141593
17,30,0.785398
17,31,2.356194
17,33,-0.785398
17,34,-1.570796
17,44,-1.570796
17,56,0.000000
17,60,1.570796
17,62,1.570796
17,70,-0.785398
17,71,-1.570796
17,85,1.892547
18,30,-0.785398
18,50,0.000000
18,80,2.819842
19,12,2.356194
19,22,0.000000
19,23,1.570796
19,36,-1.570796
19,38,-2.356194
19,41,0.000000
19,44,-2.356194
19,45,0.785398
19,50,-1.570796
19,52,-1.249046
19,53,3.141593
19,62,3.141593
19,66,2.819842
20,11,0.321751
20,30,2.356194
20,46,-1.249046
20,47,-2.356194
20,48,0.785398
20,49,2.356194
20,62,-1.570796
20,66,-1.570796
20,78,-1.249046
20,86,-1.892547
20,88,-2.356194
21,11,-0.785398
21,23,-0.321751
21,28,1.570796
21,33,1.249046
21,57,3.141593
21,63,1.570796
21,67,2.356194
21,76,3.141593
22,49,-0.785398
22,50,-2.356194
22,63,0.000000
22,65,1.570796
22,69,1.249046
22,76,-1.570796
23,24,-0.321751
23,28,-1.570796
23,33,-1.249046
23,55,-2.819842
23,59,-2.356194
23,74,-2.356194
24,11,2.356194
24,31,-2.356194
24,35,-1.249046
24,36,-2.356194
24,37,-0.785398
24,38,-1.892547
24,41,-1.249046
24,42,-2.356194
24,43,-0.785398
24,44,-1.570796
24,45,3.141593
24,63,0.000000
24,67,-1.570796
24,74,0.785398
24,84,1.892547
25,10,0.321751
25,18,0.785398
25,19,1.570796
25,51,0.785398
25,52,1.892547
25,57,1.892547
25,74,-0.785398
25,75,-2.356194
25,88,-1.570796
25,89,3.141593
26,10,-1.570796
26,33,2.356194
26,34,0.785398
26,35,1.570796
26,36,2.356194
26,58,3.141593
26,63,0.000000
26,65,-0.785398
26,73,3.141593
27,21,-2.356194
27,26,-2.356194
27,49,-1.249046
27,50,-2.356194
27,51,-0.785398
27,52,-1.892547
27,63,-1.570796
27,80,-2.819842
28,9,0.785398
28,43,1.570796
28,62,1.570796
28,67,-1.570796
28,72,-1.570796
28,74,1.570796
28,86,-2.819842
29,9,-0.785398
29,10,3.141593
29,15,0.000000
29,16,1.570796
29,18,1.892547
29,34,-1.249046
29,35,-2.356194
29,37,0.785398
29,38,1.892547
29,55,0.000000
29,58,-0.785398
29,59,-1.570796
29,60,-2.356194
29,69,-1.570796
29,79,0.000000
30,21,-0.785398
30,22,-1.892547
30,25,0.785398
30,26,1.570796
30,27,2.356194
30,42,-0.785398
30,43,-1.892547
30,46,-2.356194
30,55,-1.570796
30,65,-0.785398
30,66,-1.570796
30,73,0.321751
30,76,3.141593
30,79,-1.570796
30,81,0.785398
30,87,1.892547
30,89,1.570796
31,18,-1.892547
31,32,2.819842
31,38,-0.785398
31,62,-0.785398
31,68,-1.249046
31,70,1.892547
31,76,-1.570796
31,78,1.570796
31,81,-1.570796
31,83,-1.249046
31,89,3.141593
32,70,-1.249046
32,71,-2.356194
32,80,1.570796
32,85,-1.249046
32,87,-1.892547
32,89,-1.570796
33,37,-0.785398
33,38,-1.570796
33,39,3.141593
33,46,-1.570796
33,73,-1.249046
33,74,-2.356194
33,75,0.785398
33,80,-2.356194
34,25,-0.785398
34,26,-1.570796
34,27,-2.356194
34,29,0.785398
34,30,1.570796
34,43,3.141593
34,81,0.000000
35,76,0.785398
35,82,-1.570796
36,32,-2.819842
36,35,0.000000
36,36,3.141593
36,76,0.000000
36,90,2.356194
37,19,1.249046
37,20,2.356194
37,21,0.785398
37,22,1.892547
37,29,-0.785398
37,76,-0.785398
37,79,0.000000
37,80,1.570796
37,85,2.356194
37,89,-0.785398
38,8,0.785398
38,17,1.249046
38,19,-1.892547
38,31,-2.356194
38,62,0.785398
39,8,-0.785398
39,10,1.570796
39,11,2.356194
39,16,-0.785398
39,17,-1.892547
39,40,1.570796
39,62,0.000000
39,80,0.000000
39,82,-1.892547
40,30,-0.785398
40,31,-1.570796
40,32,-2.356194
40,40,2.356194
40,64,-2.356194
40,80,-0.785398
40,84,-1.570796
40,86,0.000000
40,87,1.892547
41,18,1.249046
41,19,3.141593
41,35,0.785398
41,36,2.356194
41,40,3.141593
41,62,-0.785398
41,63,-2.356194
41,76,0.785398
41,80,2.356194
41,88,2.819842
42,16,1.249046
42,35,-0.785398
42,40,-2.356194
42,50,1.249046
42,51,2.356194
42,52,0.785398
42,53,1.892547
42,76,-0.321751
43,13,0.000000
43,14,1.570796
43,19,0.785398
43,20,2.356194
43,22,3.141593
43,35,2.356194
43,53,-1.249046
43,54,3.141593
43,57,1.249046
43,58,2.356194
43,87,-0.785398
43,89,2.819842
44,19,-1.570796
44,34,0.000000
44,35,-2.356194
44,45,1.249046
44,46,2.356194
44,48,-0.785398
44,49,-1.892547
44,56,-0.785398
44,89,-2.356194
45,17,-2.356194
45,24,2.356194
45,33,-2.356194
45,40,-0.785398
45,41,-1.570796
45,42,-2.356194
45,43,0.785398
45,84,-2.356194
46,7,0.785398
46,14,0.000000
46,15,-1.892547
46,21,0.321751
46,32,1.570796
46,75,-0.321751
46,84,0.785398
46,90,2.819842
47,7,-0.321751
47,9,2.356194
47,31,-0.785398
47,84,-0.785398
47,85,-2.356194
47,90,-2.356194
48,19,1.249046
48,79,2.356194
48,82,0.000000
49,23,-1.892547
49,79,-2.356194
50,7,0.321751
50,9,-2.356194
50,45,0.785398
50,59,0.000000
50,60,1.892547
50,75,0.321751
50,76,-2.819842
50,79,-1.570796
50,84,-1.249046
50,85,-2.356194
51,7,-0.785398
51,25,0.000000
51,27,0.785398
51,45,0.000000
52,21,-2.356194
52,23,3.141593
52,45,-0.785398
52,60,-0.785398
52,65,0.000000
52,66,1.570796
52,67,2.356194
52,76,-2.356194
52,91,-2.356194
53,17,1.249046
53,28,-0.785398
53,29,-2.356194
53,32,0.785398
53,74,-0.785398
53,79,0.000000
53,80,1.892547
53,82,1.249046
53,83,2.356194
53,84,0.785398
53,85,1.892547
53,89,-0.321751
54,13,2.356194
54,14,0.785398
54,15,1.570796
54,19,-1.570796
54,23,1.249046
54,24,2.356194
54,33,-2.356194
54,45,0.785398
54,49,2.356194
54,61,0.785398
54,64,1.249046
54,66,3.141593
54,74,0.785398
54,90,-2.356194
55,46,-2.356194
55,48,-0.785398
55,61,0.000000
55,63,-0.785398
55,64,-1.892547
55,66,-2.356194
55,75,-2.356194
55,89,1.570796
56,7,0.785398
56,17,-2.356194
56,32,-0.785398
56,33,-1.570796
56,34,-2.356194
56,35,3.141593
56,61,-1.570796
56,81,-0.785398
56,83,0.000000
56,84,1.892547
57,7,0.000000
57,24,2.356194
57,67,-2.356194
57,81,2.356194
57,84,-1.249046
58,7,-0.785398
58,22,0.000000
58,23,-1.892547
58,81,-2.819842
58,91,2.819842
59,20,1.249046
59,21,3.141593
59,80,-0.785398
59,91,-2.356194
60,15,-1.892547
60,20,-1.892547
60,59,-1.570796
60,65,1.570796
60,81,0.785398
60,82,2.356194
61,37,1.570796
61,49,0.000000
61,75,1.570796
61,85,0.000000
61,86,1.892547
62,16,1.249046
62,18,-2.356194
62,21,1.249046
62,22,3.141593
62,34,-0.785398
62,35,-1.570796
62,37,-2.356194
62,50,-2.356194
62,75,-1.570796
62,82,3.141593
62,86,-1.249046
62,91,2.819842
63,7,0.785398
63,19,0.785398
63,21,-1.892547
63,29,0.785398
63,30,1.570796
63,31,2.356194
63,64,-1.570796
63,78,0.000000
63,91,-2.356194
64,7,0.000000
64,9,0.785398
64,10,1.570796
64,11,2.356194
64,14,-0.785398
64,15,-1.892547
64,19,-1.570796
64,39,-2.356194
64,50,-1.570796
64,84,0.000000
64,85,1.892547
64,90,-2.356194
65,7,-1.570796
65,18,1.570796
65,30,2.356194
65,75,2.356194
65,76,3.141593
65,80,-0.321751
65,85,-1.249046
65,87,2.356194
66,16,1.249046
66,18,-2.356194
66,21,1.249046
66,22,3.141593
66,29,0.000000
66,34,0.000000
66,74,-0.785398
66,81,-1.249046
66,82,3.141593
66,87,-1.570796
67,15,-0.785398
67,16,-1.892547
67,21,-1.892547
67,37,3.141593
67,59,1.570796
67,79,0.785398
67,83,1.570796
68,23,1.249046
68,25,2.356194
68,59,0.785398
68,80,1.570796
68,83,-0.785398
68,85,1.892547
68,90,3.141593
69,25,-2.356194
69,59,0.000000
69,73,0.321751
69,75,-2.356194
70,23,-2.356194
70,25,-1.570796
70,31,0.785398
70,32,1.570796
70,33,2.356194
70,34,3.141593
70,73,-0.785398
70,87,3.141593
71,61,-2.819842
71,74,1.570796
71,83,-1.249046
71,85,2.356194
71,89,3.141593
72,19,0.000000
72,22,3.141593
72,33,3.141593
72,44,1.570796
72,75,3.141593
72,80,0.000000
73,6,0.785398
73,13,-0.785398
73,14,-1.892547
73,18,1.570796
73,28,1.249046
73,29,2.356194
73,30,3.141593
73,38,0.785398
73,39,1.892547
73,44,2.356194
73,50,2.356194
73,56,1.892547
73,61,0.000000
73,76,0.000000
73,77,1.892547
73,81,-1.570796
73,86,3.141593
74,6,-0.321751
74,8,2.356194
74,17,0.000000
74,23,3.141593
74,27,0.000000
74,28,-1.892547
74,39,-1.249046
74,40,-2.356194
74,44,3.141593
74,58,-1.892547
74,62,-1.570796
74,72,0.000000
74,73,0.785398
74,82,1.570796
75,15,1.249046
75,16,3.141593
75,20,1.249046
75,33,0.000000
75,35,3.141593
75,44,-1.570796
75,52,3.141593
75,63,1.570796
75,74,-1.570796
75,82,-0.321751
75,83,2.819842
76,23,0.785398
76,24,2.356194
76,30,0.000000
76,31,3.141593
76,38,0.000000
76,46,2.356194
76,47,-0.785398
76,48,-1.570796
76,50,-1.892547
76,63,-0.321751
76,75,-2.356194
76,80,2.819842
76,83,-1.570796
77,6,0.321751
77,8,-2.356194
77,13,-0.785398
77,14,-1.892547
77,18,0.000000
77,19,-1.892547
77,23,-1.570796
77,28,2.356194
77,44,-0.785398
77,45,-1.892547
77,52,0.321751
77,66,0.785398
77,70,0.000000
77,80,-1.570796
77,84,1.570796
77,91,-2.356194
78,6,-0.785398
78,17,1.570796
78,26,1.249046
78,27,3.141593
78,37,0.000000
78,39,3.141593
78,52,-0.785398
78,54,-1.570796
78,57,-2.356194
78,64,-1.570796
78,67,-2.356194
78,72,-2.356194
78,81,1.570796
78,84,-0.321751
78,89,1.570796
79,17,-2.819842
79,21,1.570796
79,55,-2.356194
79,78,0.785398
79,81,-0.321751
79,82,2.819842
80,15,0.321751
80,24,0.000000
80,25,-1.892547
80,29,2.356194
80,51,0.785398
80,79,1.570796
80,82,-1.570796
80,87,2.819842
81,28,-0.785398
81,32,1.249046
81,33,2.356194
81,34,0.785398
81,37,0.000000
81,52,3.141593
81,70,0.785398
81,75,0.785398
81,79,-0.321751
81,80,2.819842
81,90,-1.570796
82,19,-2.819842
82,26,2.356194
82,31,0.000000
82,32,-1.892547
82,35,-2.356194
82,46,-2.356194
82,71,-1.570796
82,80,-2.356194
82,84,1.570796
82,87,-0.321751
83,18,-1.892547
83,21,1.570796
83,34,-0.785398
83,54,0.000000
83,68,0.785398
83,76,-1.570796
83,84,-0.321751
83,85,2.819842
83,89,2.819842
84,10,1.249046
84,11,3.141593
84,20,0.321751
84,21,-2.819842
84,32,2.356194
84,37,1.249046
84,38,2.356194
84,41,3.141593
84,50,0.785398
84,68,-0.321751
84,73,-2.356194
84,81,1.570796
85,23,1.249046
85,24,3.141593
85,35,1.249046
85,37,-1.892547
85,55,-0.785398
85,56,-2.356194
85,57,0.785398
85,60,0.785398
85,70,2.819842
85,81,-0.321751
85,82,2.819842
85,85,-0.321751
85,86,2.819842
85,89,-0.321751
85,90,2.819842
86,15,2.356194
86,19,0.000000
86,20,-2.356194
86,26,1.570796
86,30,-2.356194
86,34,0.000000
86,35,-1.892547
86,53,0.785398
86,54,2.356194
86,58,-1.570796
86,70,-1.570796
86,78,0.785398
86,82,-1.570796
86,90,-2.356194
87,14,0.321751
87,15,-2.819842
87,54,-2.356194
87,59,-2.356194
87,71,1.570796
87,83,1.570796
87,86,-0.321751
87,87,2.819842
88,7,-0.785398
88,21,-1.570796
88,25,1.570796
88,37,1.249046
88,38,2.356194
88,40,3.141593
88,54,-1.570796
88,63,-2.356194
88,71,-0.321751
88,79,0.785398
88,83,-0.321751
88,84,2.819842
88,87,-1.570796
88,90,-1.570796
89,20,1.570796
89,35,0.000000
89,36,-0.785398
89,37,-1.892547
89,45,0.785398
89,73,2.819842
89,79,-0.321751
89,80,2.819842
90,19,0.321751
90,20,-2.819842
90,23,-1.570796
90,47,3.141593
90,61,1.570796
90,70,1.570796
90,73,-2.356194
90,80,-1.570796
90,84,-0.321751
90,85,2.819842
91,7,0.785398
91,10,1.249046
91,11,3.141593
91,14,-1.249046
91,25,-0.785398
91,30,1.570796
91,41,3.141593
91,61,-1.570796
91,70,0.785398
91,89,1.570796
92,8,-2.356194
92,18,0.321751
92,19,-2.819842
92,25,2.356194
92,30,-2.819842
92,38,3.141593
92,67,1.570796
92,70,-0.321751
92,71,2.819842
92,78,1.570796
92,85,-0.321751
92,86,2.819842
92,89,-0.321751
93,10,-1.570796
93,18,-1.570796
93,21,1.570796
93,24,0.321751
93,25,-2.819842
93,28,0.321751
93,33,2.356194
93,37,-1.570796
93,67,0.785398
93,78,0.785398
93,82,1.570796
93,86,-1.570796
93,91,2.819842
94,17,1.570796
94,20,0.321751
94,21,-2.819842
94,24,-0.785398
94,32,1.570796
94,36,3.141593
94,46,0.785398
94,67,-0.321751
94,68,2.819842
94,71,-0.321751
94,78,-0.321751
94,79,2.819842
94,82,-0.321751
94,83,2.819842
94,87,1.570796
94,91,-2.356194
95,16,0.000000
95,27,0.321751
95,28,-2.819842
95,31,0.321751
95,32,-2.819842
95,42,0.000000
95,43,3.141593
95,52,1.570796
95,68,-1.570796
95,73,2.819842
95,79,-1.570796
95,87,-0.321751
95,88,2.819842
96,19,0.321751
96,20,-2.819842
96,24,-1.570796
96,27,-1.570796
96,31,-0.785398
96,34,0.321751
96,35,-2.819842
96,38,1.570796
96,47,-1.570796
96,57,1.570796
96,61,1.570796
96,65,1.570796
96,73,-2.356194
96,76,-1.570796
96,83,-0.321751
96,84,2.819842
96,88,-2.356194
97,19,-0.785398
97,26,-0.785398
97,31,-1.570796
97,34,-0.785398
97,73,-1.570796
97,80,-1.570796
97,84,-2.356194
97,88,-1.570796
97,91,-1.570796
98,19,-1.570796
98,34,-1.570796
98,38,-1.570796
98,54,-2.356194
98,57,-1.570796
98,62,-2.356194
98,66,-2.356194
98,70,-2.356194
98,84,-1.570796
