9,52,0.785398
9,53,2.356194
9,67,1.570796
10,38,1.249046
10,39,3.141593
10,53,-1.570796
11,29,1.249046
11,30,2.356194
12,38,-2.356194
12,54,2.356194
13,14,1.249046
13,15,2.356194
14,13,0.321751
14,28,-1.570796
14,37,0.321751
14,39,2.819842
14,52,0.321751
14,55,0.785398
14,77,1.570796
15,13,-0.785398
15,52,-0.785398
15,62,0.321751
16,42,1.249046
17,52,2.356194
17,60,1.249046
17,62,3.141593
18,14,3.141593
18,40,-0.785398
18,42,-1.249046
18,62,-2.356194
19,11,0.321751
19,45,-1.249046
19,46,-2.356194
19,47,0.785398
19,48,1.892547
19,55,1.892547
20,11,-1.570796
20,65,0.785398
20,66,1.892547
21,33,0.785398
21,42,2.356194
21,46,0.785398
21,53,-1.249046
21,67,2.819842
22,47,-1.249046
22,55,-1.249046
22,64,-1.249046
23,30,1.249046
23,38,-1.249046
23,42,3.141593
23,50,-1.249046
23,52,1.892547
23,66,-0.785398
23,83,3.141593
24,52,-1.249046
24,53,-2.356194
25,32,-1.570796
25,34,-1.892547
25,59,-1.249046
25,67,0.000000
25,71,1.892547
26,11,3.141593
26,21,0.785398
26,30,-1.892547
26,66,2.356194
26,72,2.819842
27,21,0.000000
27,23,1.570796
27,24,2.356194
27,26,-0.785398
27,27,-1.892547
27,34,0.000000
27,46,0.785398
27,47,1.892547
27,54,0.000000
27,58,0.000000
27,59,1.892547
27,66,-1.570796
27,69,-0.321751
28,7,0.321751
28,31,2.356194
28,47,-1.249046
28,49,1.892547
28,52,0.000000
28,53,0.000000
28,56,-2.356194
28,63,-1.249046
28,64,3.141593
28,70,-1.249046
28,72,3.141593
29,7,-0.785398
29,21,0.000000
29,28,1.249046
29,29,2.356194
29,49,-1.249046
29,50,3.141593
29,61,3.141593
29,65,-2.356194
29,68,-2.356194
29,74,0.785398
30,15,0.000000
30,18,2.356194
30,26,1.249046
30,28,-1.892547
30,33,1.249046
30,34,2.356194
30,43,3.141593
30,46,0.000000
30,55,-2.356194
30,59,-0.785398
30,72,-0.321751
30,85,3.141593
31,21,-2.819842
31,25,0.000000
31,26,-1.892547
31,32,-0.785398
31,33,-1.892547
31,53,-2.356194
31,57,0.785398
31,75,3.141593
32,23,1.249046
32,24,3.141593
32,55,0.785398
32,61,-2.356194
32,71,1.570796
32,73,-0.785398
32,75,-1.570796
32,78,0.785398
32,79,1.570796
32,80,2.356194
32,81,-0.785398
32,82,-1.892547
33,15,0.321751
33,23,-1.892547
33,36,0.000000
33,44,0.785398
33,45,1.892547
33,51,0.000000
33,52,1.892547
33,71,0.785398
33,73,0.000000
33,76,0.000000
34,15,-0.785398
34,31,3.141593
34,45,-1.249046
34,46,-2.356194
34,48,3.141593
34,68,0.785398
34,72,-2.356194
34,80,2.819842
35,15,2.356194
35,24,1.249046
35,25,3.141593
35,58,-2.356194
35,61,0.000000
35,62,1.892547
35,75,1.570796
36,15,-2.819842
36,22,1.249046
36,24,-1.892547
36,32,1.249046
36,33,2.356194
36,50,0.000000
36,75,-0.321751
36,76,2.819842
36,78,-0.321751
36,80,-2.819842
37,6,0.785398
37,10,1.249046
37,11,2.356194
37,29,2.356194
37,31,-0.785398
37,32,-1.892547
37,45,-2.356194
37,64,2.819842
37,67,1.570796
37,76,-1.570796
38,6,-0.785398
38,7,-2.356194
38,8,0.785398
38,25,0.000000
38,27,-0.785398
38,28,-1.892547
38,47,0.000000
38,53,1.570796
38,61,1.570796
38,64,-1.570796
38,67,-0.321751
38,68,2.819842
38,79,-0.321751
38,81,2.356194
38,83,0.785398
38,84,1.892547
38,86,2.356194
39,15,0.321751
39,19,0.000000
39,20,-1.892547
39,41,3.141593
39,50,3.141593
39,53,-0.321751
39,54,2.819842
39,58,2.819842
39,68,-1.570796
39,74,0.785398
40,11,-1.892547
40,15,-1.570796
40,54,-1.570796
40,58,-2.356194
40,69,-2.356194
40,75,1.570796
40,78,1.570796
41,18,-1.570796
41,38,0.000000
41,39,3.141593
41,46,0.000000
41,55,1.570796
41,66,0.000000
41,75,-0.321751
41,76,2.819842
41,78,-0.321751
42,13,1.570796
42,20,1.570796
42,27,-1.570796
42,34,0.000000
42,36,3.141593
42,41,0.000000
42,42,0.785398
42,43,1.892547
42,55,-0.321751
42,56,2.819842
42,59,-2.356194
42,65,0.785398
42,67,2.356194
42,70,0.785398
42,73,0.785398
42,76,-2.356194
42,79,-2.356194
42,82,-1.249046
43,12,0.321751
43,13,-2.819842
43,31,2.356194
43,43,-1.249046
43,44,-2.356194
43,45,3.141593
43,48,0.785398
43,53,1.570796
43,73,-0.321751
43,74,2.819842
43,79,0.785398
44,12,-1.570796
44,15,1.570796
44,19,-0.785398
44,34,2.356194
44,48,-0.785398
44,50,1.892547
44,53,0.785398
44,56,-0.321751
44,57,2.819842
44,60,0.785398
44,64,0.000000
44,74,-2.356194
44,77,1.570796
44,87,-2.356194
45,15,-1.570796
45,32,0.000000
45,37,0.000000
45,42,3.141593
45,47,0.785398
45,51,2.819842
45,53,-0.321751
45,54,2.819842
45,57,-2.356194
45,61,-2.356194
45,66,-0.321751
45,67,2.819842
45,77,-0.321751
46,17,1.570796
46,22,2.356194
46,48,-2.356194
46,51,-1.570796
46,54,-1.570796
46,57,-1.570796
46,59,0.785398
46,67,-2.356194
46,78,-2.356194
47,10,2.356194
47,13,1.570796
47,36,3.141593
47,62,0.785398
47,78,0.785398
48,24,1.570796
48,55,-1.570796
48,58,1.570796
48,60,-1.570796
48,65,-1.570796
48,76,1.570796
49,5,0.785398
49,12,1.570796
49,20,-1.570796
49,23,0.000000
49,27,2.356194
49,30,-0.785398
49,58,-1.570796
49,63,-1.570796
49,85,1.892547
49,87,2.356194
50,5,-0.785398
50,6,-2.356194
50,11,0.000000
50,26,-0.785398
50,53,-2.356194
50,56,2.356194
50,61,1.570796
50,66,1.570796
50,74,0.785398
50,87,3.141593
51,16,-1.570796
51,22,-1.570796
51,58,0.785398
51,59,1.892547
51,66,-1.570796
51,74,-0.785398
51,85,-1.892547
51,87,-2.356194
52,24,0.785398
52,56,0.000000
52,78,-2.356194
52,80,-0.321751
52,81,2.819842
53,17,1.570796
53,25,-2.356194
53,34,1.570796
53,57,-1.249046
53,67,1.570796
54,43,0.000000
54,49,1.570796
54,75,0.785398
54,81,-0.321751
54,87,2.356194
55,17,-1.570796
55,21,0.785398
55,29,0.785398
55,35,-2.356194
55,49,-1.570796
55,63,2.819842
55,75,-0.321751
55,76,2.819842
55,82,-1.249046
55,83,-2.356194
55,87,3.141593
56,9,1.570796
56,23,3.141593
56,25,0.000000
56,26,3.141593
56,54,0.785398
56,60,-0.321751
56,76,-2.356194
56,87,-2.356194
57,30,-1.570796
57,49,0.000000
57,51,3.141593
57,55,0.000000
57,76,0.785398
57,87,2.356194
58,6,1.249046
58,10,-2.356194
58,11,0.785398
58,12,1.570796
58,13,2.356194
58,20,1.570796
58,70,0.785398
58,73,0.785398
58,76,0.000000
58,78,-0.785398
58,79,-1.570796
58,81,1.570796
58,82,2.356194
58,87,3.141593
59,15,1.570796
59,20,0.785398
59,41,1.570796
59,56,-0.321751
59,57,2.819842
59,62,-0.785398
59,64,-1.249046
59,65,3.141593
59,70,-0.321751
59,71,2.819842
59,73,-0.321751
59,74,2.819842
59,87,-2.356194
60,8,-2.819842
60,15,0.000000
60,21,2.819842
60,26,1.570796
60,51,0.000000
60,52,0.785398
60,66,0.000000
60,67,2.356194
60,71,-2.356194
60,74,-2.356194
60,76,-0.321751
61,5,0.321751
61,10,1.249046
61,11,3.141593
61,15,-1.570796
61,41,0.785398
61,53,-2.356194
61,57,-0.785398
61,58,3.141593
61,67,-2.356194
61,79,1.892547
62,5,-0.785398
62,7,-1.249046
62,8,-2.356194
62,31,0.000000
62,41,-0.321751
62,42,2.819842
62,59,0.000000
62,60,1.570796
62,63,2.819842
62,69,1.570796
62,72,1.570796
62,77,-0.785398
62,80,2.819842
62,82,0.785398
62,84,0.785398
62,85,1.892547
62,87,2.356194
63,12,3.141593
63,22,1.570796
63,33,-2.356194
63,42,-2.356194
63,63,-1.570796
63,72,2.356194
63,80,-2.356194
63,82,-0.321751
63,87,3.141593
64,5,2.356194
64,22,-0.785398
64,23,-2.356194
64,24,3.141593
64,29,1.570796
64,60,-1.570796
64,70,-2.356194
64,72,3.141593
64,83,-1.249046
64,85,-1.892547
64,87,-2.356194
65,4,0.321751
65,21,-0.785398
65,30,3.141593
65,68,-0.785398
65,72,-1.570796
65,75,2.356194
66,4,-0.785398
66,13,-1.570796
66,26,0.000000
66,31,-2.356194
66,35,0.000000
66,43,0.785398
66,56,2.356194
66,73,0.000000
67,19,-2.356194
67,47,2.356194
67,51,0.000000
67,56,3.141593
67,76,2.356194
68,9,-2.356194
68,25,0.785398
68,29,-2.356194
68,38,-2.356194
68,52,0.785398
68,74,0.000000
68,76,3.141593
68,82,1.570796
69,35,0.785398
69,40,0.785398
69,44,-0.785398
69,47,-2.356194
69,52,-0.785398
69,74,-0.785398
69,76,-1.570796
69,83,3.141593
69,87,2.356194
70,12,-0.785398
70,13,3.141593
70,15,-0.785398
70,29,3.141593
70,33,1.570796
70,36,1.570796
70,53,-0.785398
70,59,0.785398
70,61,1.892547
70,64,0.785398
70,69,2.356194
70,79,2.356194
70,87,3.141593
71,11,3.141593
71,14,0.000000
71,21,2.819842
71,25,-2.356194
71,37,-2.356194
71,42,0.000000
71,57,2.356194
71,59,-1.570796
71,61,-1.249046
71,62,3.141593
71,64,-0.785398
71,65,-2.356194
71,74,2.356194
71,79,3.141593
71,87,-2.356194
72,14,2.356194
72,30,0.785398
72,34,-2.356194
72,40,-2.356194
72,43,-2.356194
72,48,-2.356194
72,55,0.000000
72,58,-2.356194
72,63,-0.785398
72,71,0.785398
72,72,1.570796
72,74,-2.356194
72,79,-2.356194
73,4,0.785398
73,13,0.321751
73,14,-2.819842
73,18,-0.785398
73,19,-2.356194
73,21,3.141593
73,61,1.570796
73,64,0.000000
73,65,1.892547
73,69,-0.785398
74,4,-0.321751
74,13,-1.570796
74,17,1.570796
74,21,-2.356194
74,28,0.785398
74,35,0.785398
74,43,-2.356194
74,61,-1.570796
74,65,-1.249046
74,66,3.141593
74,70,0.000000
74,77,0.785398
74,80,2.819842
75,16,0.000000
75,53,0.785398
75,59,-2.356194
75,71,-1.249046
75,72,3.141593
75,87,2.356194
76,10,-2.356194
76,25,3.141593
76,33,-2.356194
76,38,-2.356194
76,41,0.785398
76,55,0.000000
76,73,0.000000
76,74,1.892547
76,80,-1.570796
76,81,-2.356194
76,85,0.785398
76,87,-2.819842
77,15,2.356194
77,19,1.570796
77,28,2.356194
77,60,0.785398
77,64,0.000000
77,69,0.000000
77,70,1.892547
78,13,1.249046
78,19,-2.819842
78,23,2.356194
78,27,3.141593
78,61,0.000000
78,62,1.892547
78,70,-1.249046
78,71,3.141593
78,76,2.819842
79,12,-0.785398
79,13,-1.892547
79,17,-0.785398
79,18,-1.892547
79,22,0.000000
79,23,-2.356194
79,32,2.819842
79,39,0.785398
79,54,0.785398
79,67,0.000000
79,68,1.892547
79,76,-2.356194
80,7,-0.785398
80,15,-0.785398
80,21,1.570796
80,24,0.785398
80,32,-2.356194
80,44,0.000000
80,55,1.570796
80,59,0.000000
80,69,2.819842
80,79,0.785398
81,21,-2.819842
81,37,1.570796
81,41,1.570796
81,45,-1.570796
81,49,0.785398
81,55,-0.321751
81,56,2.819842
81,60,-1.570796
81,80,1.570796
82,12,1.892547
82,15,2.356194
82,19,0.000000
82,24,-0.785398
82,25,3.141593
82,27,1.570796
82,29,-1.570796
82,34,2.356194
82,37,2.356194
82,41,-0.321751
82,42,2.819842
82,66,2.819842
82,70,2.819842
82,80,0.000000
83,7,0.785398
83,21,0.785398
83,22,2.356194
83,27,-2.819842
83,35,0.000000
83,42,-1.570796
83,51,0.000000
83,56,-0.321751
83,57,2.819842
83,66,-2.356194
83,70,-2.356194
84,7,0.000000
84,9,-0.785398
84,10,-1.570796
84,12,-1.892547
84,17,-0.785398
84,18,-1.570796
84,19,3.141593
84,52,-1.570796
84,82,-1.570796
84,83,-2.356194
84,86,2.356194
85,7,-0.785398
85,29,-1.892547
85,32,0.321751
85,36,0.321751
85,53,0.785398
85,54,2.356194
85,56,-0.785398
85,57,-2.356194
85,62,2.356194
85,86,-2.819842
86,32,-1.570796
86,36,-1.570796
86,53,-0.785398
86,61,0.321751
86,62,-2.819842
86,85,-0.785398
87,26,-2.356194
87,39,2.356194
87,61,-0.785398
88,16,1.249046
88,28,1.249046
88,29,3.141593
88,34,1.570796
88,39,-2.819842
88,51,0.000000
88,52,-0.785398
88,54,2.819842
89,7,0.785398
89,27,0.000000
89,28,-1.892547
89,33,0.321751
89,34,-2.819842
89,48,2.356194
89,54,-2.356194
90,7,-0.321751
90,9,3.141593
90,12,-1.249046
90,14,-1.892547
90,33,-1.570796
90,36,0.321751
90,40,1.570796
90,47,0.321751
90,48,-2.819842
90,56,2.356194
91,31,0.785398
91,32,3.141593
91,40,2.356194
91,53,0.000000
91,56,-2.819842
91,60,2.356194
91,64,2.356194
91,75,0.785398
91,85,2.356194
92,20,1.892547
92,28,3.141593
92,35,0.321751
92,38,1.249046
92,40,-2.356194
92,50,3.141593
92,59,0.321751
92,60,-2.819842
92,63,0.000000
92,75,0.000000
92,85,-2.819842
93,31,-2.819842
93,43,-1.570796
93,48,0.000000
93,52,2.356194
93,59,-0.785398
93,66,2.356194
93,69,0.785398
93,71,1.570796
93,77,2.356194
94,18,-0.321751
94,25,2.356194
94,30,-1.892547
94,35,-0.321751
94,54,1.570796
94,62,2.356194
94,65,0.321751
94,66,-2.819842
94,69,0.000000
94,71,3.141593
94,75,-0.321751
94,82,0.000000
94,83,-1.892547
95,25,-1.570796
95,45,-0.785398
95,46,-2.356194
95,54,-2.819842
95,58,0.000000
95,65,-0.785398
95,69,-1.570796
95,71,-1.570796
95,78,-2.356194
96,14,-1.249046
96,15,-2.356194
96,18,-0.785398
96,19,-1.892547
96,30,1.249046
96,31,2.356194
96,39,-1.892547
96,49,0.321751
96,57,1.570796
96,65,-1.570796
96,68,0.785398
96,73,2.356194
96,75,-0.785398
96,76,-1.892547
97,25,-0.785398
97,26,-1.892547
97,29,-0.785398
97,41,1.249046
97,42,3.141593
97,49,-1.570796
97,53,-0.321751
97,60,2.356194
97,68,-0.321751
98,23,-1.892547
98,32,-0.785398
98,33,-1.892547
98,36,-0.785398
98,39,0.000000
98,40,-0.785398
98,41,-1.892547
98,46,0.000000
98,54,-1.249046
98,55,-2.356194
98,57,-1.249046
98,58,-2.356194
98,59,-0.785398
98,69,-1.249046
98,71,-1.892547
