10,13,1.249046
10,14,2.356194
10,26,0.785398
10,27,1.570796
10,28,2.356194
10,33,0.785398
10,34,1.570796
10,35,2.356194
10,40,0.785398
10,41,1.570796
10,42,2.356194
10,52,0.785398
10,53,1.570796
10,54,2.356194
10,58,0.785398
10,59,1.892547
11,12,-0.785398
12,59,-0.785398
13,76,2.356194
15,9,0.321751
15,11,3.141593
16,9,-0.785398
16,50,0.321751
17,26,0.321751
17,28,2.819842
17,50,-0.785398
17,70,1.249046
18,9,2.356194
18,56,2.819842
18,72,-2.356194
19,8,0.321751
19,21,1.570796
19,28,3.141593
19,34,0.785398
19,40,0.321751
19,50,0.785398
19,56,-2.356194
19,68,0.321751
20,8,-0.785398
20,21,-0.321751
20,34,0.000000
20,45,0.785398
20,46,1.892547
21,22,-1.249046
21,23,-2.356194
21,29,3.141593
21,48,1.570796
21,57,1.570796
21,59,2.356194
21,68,3.141593
22,18,0.000000
22,19,1.892547
22,31,0.785398
22,32,1.570796
22,33,3.141593
22,38,-0.785398
22,39,-1.570796
22,45,0.321751
22,50,-1.249046
22,52,3.141593
22,59,-2.356194
23,26,0.785398
23,41,-2.356194
23,45,-0.785398
23,47,-0.785398
23,52,-2.356194
23,56,0.321751
23,72,2.356194
23,83,3.141593
24,8,2.356194
24,32,2.356194
24,45,-1.570796
24,56,-0.785398
24,61,0.000000
24,62,1.892547
24,64,-1.570796
24,72,3.141593
25,15,0.000000
25,16,1.892547
25,26,3.141593
25,28,0.000000
25,32,3.141593
25,48,1.570796
25,52,2.356194
25,62,-1.249046
25,63,-2.356194
25,66,2.356194
25,72,-2.356194
26,6,0.321751
26,18,1.570796
26,28,-0.785398
26,32,-2.356194
26,36,2.356194
26,48,-1.570796
26,51,0.321751
26,52,-2.819842
26,65,0.000000
26,77,0.785398
27,6,-1.570796
27,20,-1.249046
27,22,1.892547
27,25,0.000000
27,32,-1.570796
27,35,0.321751
27,36,-2.819842
27,41,0.785398
27,44,3.141593
27,51,-0.785398
27,59,0.000000
27,73,2.356194
27,85,2.356194
28,11,0.785398
28,13,1.570796
28,14,2.356194
28,15,-0.785398
28,16,-1.570796
28,24,2.356194
28,35,-0.785398
28,42,-2.356194
28,51,-1.570796
28,64,2.356194
28,69,-0.785398
28,73,-1.570796
28,78,-2.819842
29,18,0.000000
29,22,-0.785398
29,24,-2.356194
29,35,-1.570796
29,56,-1.570796
29,71,-1.570796
29,74,0.000000
29,75,0.785398
30,5,0.785398
30,11,0.000000
30,13,-2.356194
30,24,2.356194
30,29,2.356194
30,62,0.321751
30,65,3.141593
31,5,-0.785398
31,6,3.141593
31,11,-0.785398
31,18,-0.785398
31,22,-1.570796
31,24,3.141593
31,28,0.321751
31,29,-2.819842
31,62,-0.785398
31,66,0.785398
32,11,0.785398
32,24,-2.356194
32,28,-0.785398
32,44,1.570796
32,52,1.570796
32,59,2.356194
32,66,-0.785398
32,68,-1.570796
32,71,0.785398
33,8,0.000000
33,9,1.892547
33,17,1.249046
33,18,2.356194
33,19,-0.785398
33,28,-1.570796
33,41,1.570796
33,44,-1.570796
33,52,2.356194
34,16,-0.785398
34,17,-1.892547
34,34,1.570796
34,37,1.570796
34,52,-2.819842
34,62,-1.570796
34,66,-1.570796
34,76,-1.249046
34,77,-2.356194
35,4,0.785398
35,28,1.570796
35,49,-1.570796
36,4,0.000000
36,13,2.356194
36,16,3.141593
36,33,1.570796
36,37,-1.570796
36,52,-2.356194
36,75,2.819842
36,79,-0.321751
37,4,-0.785398
37,32,0.321751
37,33,-2.819842
37,61,1.570796
37,75,-1.570796
37,80,-1.249046
37,81,-2.356194
37,83,0.785398
37,84,1.892547
38,4,0.785398
38,9,2.356194
38,12,0.785398
38,32,-0.785398
38,36,1.570796
38,48,-1.570796
38,70,0.000000
38,76,0.000000
39,4,0.000000
39,12,-0.785398
39,13,3.141593
39,16,0.785398
39,61,0.785398
39,77,-1.570796
40,9,-1.249046
40,10,-2.356194
40,15,0.000000
40,39,0.785398
40,48,1.570796
40,62,-2.356194
40,63,3.141593
40,82,1.570796
40,84,-1.249046
40,86,-1.892547
40,88,-2.356194
41,4,0.000000
41,17,3.141593
41,39,0.000000
41,48,2.356194
41,51,1.570796
41,54,1.570796
41,81,-0.785398
42,7,0.785398
42,8,1.892547
42,17,-2.356194
42,42,3.141593
42,47,0.321751
42,48,-2.819842
42,75,1.892547
42,89,2.819842
43,3,0.321751
43,9,2.819842
43,13,0.000000
43,14,0.785398
43,15,1.892547
43,17,2.356194
43,38,0.321751
43,39,-2.819842
43,47,-0.785398
43,57,-1.570796
43,61,1.570796
43,70,-0.785398
43,77,1.570796
43,79,1.892547
43,89,-2.356194
44,3,-0.785398
44,9,-2.356194
44,17,3.141593
44,38,-0.785398
44,48,-2.356194
44,67,1.570796
44,80,-2.356194
44,83,0.785398
44,84,1.570796
44,86,-1.892547
45,8,3.141593
45,17,-2.356194
45,30,0.321751
45,32,2.819842
45,57,0.785398
45,64,1.570796
45,67,-1.570796
45,71,0.000000
46,2,0.321751
46,4,-2.356194
46,32,-2.356194
46,54,-1.570796
46,61,-1.570796
46,79,2.819842
46,85,3.141593
47,2,-0.785398
47,30,0.000000
47,42,2.356194
47,44,3.141593
47,48,1.570796
47,58,-1.570796
47,65,-2.356194
47,71,-1.570796
47,79,-1.570796
47,90,2.356194
48,10,2.356194
48,15,-1.570796
48,17,1.249046
48,18,2.356194
48,19,3.141593
48,30,-0.785398
48,41,-0.785398
48,54,0.785398
48,61,1.570796
48,69,1.570796
48,80,0.000000
48,81,1.892547
48,90,3.141593
49,7,-1.570796
49,10,-1.570796
49,65,3.141593
49,81,-1.249046
49,83,1.892547
49,90,-2.356194
50,4,1.249046
50,11,0.785398
50,12,2.356194
50,58,1.570796
50,62,0.785398
50,63,3.141593
50,75,0.785398
50,83,-1.249046
50,84,3.141593
50,90,2.356194
51,11,-1.570796
51,21,2.356194
51,48,-1.570796
51,62,-0.785398
51,69,-1.570796
51,75,0.000000
51,90,3.141593
52,21,3.141593
52,40,0.321751
52,42,2.819842
52,75,-0.785398
52,79,0.000000
52,80,1.892547
52,90,-2.356194
53,5,2.356194
53,6,-0.785398
53,7,-1.892547
53,21,-2.356194
53,40,-0.785398
53,42,-1.570796
53,51,2.356194
53,59,-1.570796
53,66,0.785398
53,80,-1.249046
53,82,1.892547
54,11,0.000000
54,16,-2.356194
54,43,1.570796
54,48,1.249046
54,49,2.356194
54,50,-0.785398
54,51,-2.356194
54,55,0.785398
54,67,0.785398
54,68,2.356194
54,82,-1.249046
54,83,3.141593
54,90,2.356194
55,2,0.321751
55,16,0.785398
55,22,2.819842
55,40,-1.570796
55,45,1.570796
55,46,2.356194
55,47,-0.785398
55,48,-1.892547
55,55,-0.321751
55,56,2.819842
55,67,-0.785398
55,84,0.000000
55,85,1.892547
55,88,0.000000
55,90,3.141593
56,2,-0.785398
56,6,0.785398
56,7,2.356194
56,19,-0.785398
56,52,-1.570796
56,56,-2.356194
56,60,1.570796
56,67,-1.570796
56,74,0.321751
56,76,-2.356194
56,90,-2.356194
57,2,0.785398
57,10,2.356194
57,22,-2.819842
57,74,-0.785398
57,87,2.819842
58,2,-0.321751
58,4,2.356194
58,21,-0.785398
58,26,0.785398
58,29,2.356194
58,40,2.356194
58,46,2.356194
58,69,1.570796
58,87,-1.570796
58,90,2.356194
59,15,0.000000
59,17,2.819842
59,29,3.141593
59,36,0.785398
59,39,1.570796
59,43,2.356194
59,46,3.141593
59,69,0.785398
59,74,-1.570796
59,75,-2.356194
59,83,1.570796
59,90,3.141593
60,36,0.000000
60,52,0.000000
60,54,3.141593
60,70,-2.356194
60,77,0.000000
60,78,1.892547
60,84,3.141593
60,90,-2.356194
61,8,-1.892547
61,17,3.141593
61,29,3.141593
61,36,-0.785398
61,41,-0.785398
61,42,-2.356194
61,46,0.000000
61,85,1.570796
62,3,0.785398
62,5,1.249046
62,6,3.141593
62,17,-2.356194
62,24,1.570796
62,29,-2.356194
62,39,-0.785398
62,46,-0.785398
62,72,-0.785398
62,85,-0.321751
62,91,-2.356194
63,3,0.000000
63,12,0.000000
63,24,-2.819842
63,55,1.570796
63,67,0.785398
63,80,-1.249046
63,81,3.141593
64,3,-1.570796
64,7,2.356194
64,10,3.141593
64,16,0.000000
64,17,-1.570796
64,43,0.785398
64,52,1.570796
64,59,-2.356194
64,67,-0.321751
64,68,2.819842
64,82,0.000000
64,83,1.892547
65,15,1.570796
65,23,2.356194
65,40,-2.356194
65,43,-0.321751
65,44,2.819842
65,68,-1.570796
65,78,1.570796
65,91,2.356194
66,6,0.785398
66,11,1.249046
66,12,2.356194
66,14,-0.785398
66,19,0.000000
66,21,0.785398
66,27,2.356194
66,33,2.356194
66,44,-2.356194
66,47,0.785398
66,53,-2.356194
66,60,1.570796
66,64,1.570796
66,73,-2.356194
66,74,0.785398
66,75,1.892547
66,78,-0.321751
67,2,0.785398
67,6,-0.785398
67,7,-2.356194
67,10,-0.785398
67,11,-1.892547
67,24,-2.356194
67,25,0.785398
67,26,2.356194
67,29,0.785398
67,33,-2.819842
67,38,1.570796
67,47,-0.321751
67,56,2.356194
67,64,-0.321751
67,65,2.819842
67,79,-1.249046
67,91,2.819842
68,2,0.000000
68,18,-0.785398
68,20,2.819842
68,22,-0.785398
68,26,-2.356194
68,29,0.000000
68,41,0.785398
68,77,2.819842
68,81,-1.570796
68,86,-1.249046
68,87,3.141593
68,91,-2.356194
69,2,-0.785398
69,20,-1.570796
69,22,2.356194
69,26,0.785398
69,32,-2.356194
69,57,2.819842
69,61,0.785398
69,66,3.141593
69,70,-0.785398
69,71,-2.356194
69,72,0.785398
69,73,1.892547
69,77,-1.570796
69,82,1.570796
69,88,1.570796
69,91,2.356194
70,8,1.249046
70,9,2.356194
70,26,0.000000
70,29,3.141593
70,48,-0.321751
70,49,2.819842
70,53,0.785398
70,57,-1.570796
70,61,-0.321751
70,62,2.819842
70,67,0.785398
70,68,2.356194
70,69,0.000000
70,73,-1.249046
70,74,3.141593
70,83,3.141593
70,88,-0.321751
71,7,0.000000
71,8,-1.892547
71,29,-2.356194
71,42,0.785398
71,49,-1.570796
71,53,-0.321751
71,54,2.819842
71,58,1.570796
71,67,-0.785398
71,84,0.000000
71,85,1.892547
72,6,3.141593
72,14,0.000000
72,20,-0.785398
72,21,-1.892547
72,26,3.141593
72,42,-0.321751
72,43,2.819842
72,54,-2.356194
72,58,-0.321751
72,61,0.000000
72,67,2.356194
72,71,0.000000
72,72,1.892547
72,76,0.785398
72,78,-1.570796
72,79,3.141593
72,85,-1.249046
72,86,3.141593
73,11,3.141593
73,40,-2.356194
73,43,-2.356194
73,46,-1.570796
73,54,-1.570796
73,76,-0.785398
73,87,-2.356194
74,6,-2.356194
74,60,-1.570796
74,81,-2.356194
75,4,-0.785398
75,24,-0.785398
75,25,-1.892547
75,27,1.570796
75,29,2.356194
75,36,0.785398
75,48,0.785398
75,51,0.785398
75,55,0.785398
75,61,0.785398
75,63,-2.356194
75,68,-1.249046
75,69,3.141593
75,74,-1.249046
75,76,-1.570796
75,77,3.141593
75,84,0.785398
75,91,2.356194
76,14,3.141593
76,19,1.249046
76,20,2.356194
76,27,-0.321751
76,33,0.785398
76,36,-0.321751
76,37,2.819842
76,46,1.570796
76,49,1.570796
76,51,-0.785398
76,53,1.570796
76,54,3.141593
76,56,-1.570796
76,64,0.000000
76,65,1.892547
76,70,0.000000
76,71,1.892547
76,78,0.000000
76,79,1.892547
76,89,0.785398
76,91,-2.819842
77,17,0.000000
77,18,-0.785398
77,19,-1.892547
77,34,2.819842
77,37,-2.356194
77,49,-0.321751
77,60,-0.785398
77,61,-2.356194
77,79,-1.249046
77,80,3.141593
78,4,0.785398
78,6,1.249046
78,7,2.356194
78,14,2.356194
78,31,0.785398
78,50,-2.356194
78,62,1.570796
78,66,-1.249046
78,67,3.141593
78,72,-1.249046
78,73,-2.356194
78,81,0.000000
78,82,1.892547
79,4,0.000000
79,11,0.785398
79,12,1.570796
79,13,3.141593
79,26,-0.785398
79,27,-1.892547
79,32,-1.249046
79,46,2.356194
79,50,0.785398
79,55,1.249046
79,56,2.356194
79,57,-0.785398
79,58,-2.356194
79,62,-0.321751
79,68,0.000000
79,69,1.892547
79,76,3.141593
79,82,-1.249046
79,83,-2.356194
79,91,-2.356194
80,9,1.249046
80,10,3.141593
80,18,1.249046
80,19,3.141593
80,39,1.892547
80,52,-0.785398
80,53,-1.570796
80,59,1.570796
80,63,-1.249046
80,65,1.892547
81,4,0.000000
81,6,-1.570796
81,7,-2.356194
81,8,-0.785398
81,9,-1.892547
81,12,0.785398
81,17,-0.785398
81,18,-1.892547
81,39,-1.249046
81,40,-2.356194
81,44,-0.785398
81,47,-2.356194
81,48,0.785398
81,55,-2.356194
81,59,-0.321751
81,70,-1.249046
81,72,1.892547
81,79,0.785398
81,86,0.000000
81,87,1.892547
82,4,-0.785398
82,13,-2.356194
82,24,1.249046
82,25,2.356194
82,32,-0.785398
82,33,-1.892547
82,55,0.785398
82,60,-1.249046
82,61,3.141593
82,72,-1.249046
82,73,3.141593
82,80,0.000000
82,81,1.892547
82,87,-1.249046
82,88,3.141593
83,23,-0.785398
83,24,-1.892547
83,37,2.356194
83,55,-0.321751
83,62,-2.356194
83,67,-1.249046
83,68,-2.356194
83,74,0.000000
83,75,1.892547
83,81,-1.249046
83,82,-2.356194
84,16,2.356194
84,19,-0.785398
84,51,1.570796
84,56,-1.249046
84,57,-2.356194
84,58,3.141593
84,70,1.570796
84,75,-1.249046
84,76,3.141593
84,84,1.570796
84,91,-2.356194
85,15,-0.785398
85,28,0.000000
85,32,0.785398
85,33,1.570796
85,34,2.356194
85,35,-0.785398
85,36,-1.892547
85,40,3.141593
85,51,-0.321751
85,66,1.570796
85,70,-0.321751
85,77,0.000000
85,78,1.892547
85,85,3.141593
86,13,3.141593
86,22,0.000000
86,25,0.785398
86,42,0.000000
86,44,3.141593
86,52,-1.249046
86,53,3.141593
86,66,0.785398
86,71,-1.249046
86,72,3.141593
86,78,-1.249046
86,79,-2.356194
87,10,1.249046
87,11,3.141593
87,18,0.000000
87,20,3.141593
87,26,-2.356194
87,33,-1.570796
87,48,0.785398
87,54,-2.356194
87,66,-0.785398
87,67,-2.356194
87,73,0.000000
87,74,1.892547
87,88,0.000000
88,8,1.249046
88,10,-1.892547
88,16,3.141593
88,26,0.785398
88,39,1.570796
88,50,3.141593
88,65,-0.785398
88,81,-1.570796
88,89,-1.570796
89,13,0.000000
89,22,0.000000
89,24,3.141593
89,27,-2.356194
89,28,3.141593
89,30,0.000000
89,33,3.141593
89,39,-1.570796
89,42,0.000000
89,43,3.141593
89,70,0.000000
89,75,-1.249046
89,76,3.141593
89,83,0.785398
90,11,3.141593
90,18,1.249046
90,19,2.356194
90,20,3.141593
90,53,0.785398
90,67,0.785398
90,71,-1.570796
91,9,1.570796
91,17,-0.785398
91,18,-1.892547
91,46,0.000000
91,55,3.141593
91,68,-2.356194
91,73,3.141593
91,84,0.785398
92,9,3.141593
92,27,0.785398
92,80,0.000000
92,84,0.000000
92,91,2.356194
93,25,3.141593
93,30,3.141593
93,32,0.000000
93,33,3.141593
93,40,2.356194
93,41,3.141593
93,49,-1.570796
93,53,1.570796
93,70,2.356194
93,75,0.000000
93,81,-1.570796
93,89,0.785398
93,91,-2.819842
94,6,0.321751
94,9,-1.570796
94,10,-2.356194
94,20,0.000000
94,39,-0.785398
94,45,0.785398
94,53,-1.570796
94,67,0.785398
94,69,-1.570796
94,77,0.000000
94,84,3.141593
95,6,-0.785398
95,14,0.000000
95,16,3.141593
95,39,2.356194
95,62,0.785398
95,74,3.141593
95,78,-1.570796
95,84,-1.570796
95,90,2.356194
96,12,3.141593
96,28,3.141593
96,30,0.000000
96,38,-0.785398
96,39,-2.356194
96,64,3.141593
96,69,3.141593
96,79,1.570796
96,90,-2.819842
97,41,3.141593
97,51,-2.356194
97,74,0.000000
97,76,3.141593
97,81,1.892547
97,88,-0.785398
97,89,-1.892547
98,15,0.000000
98,71,-2.356194
98,81,-1.249046
98,82,-2.356194
98,83,3.141593
