6,42,1.249046
6,43,2.356194
6,55,0.785398
6,56,1.570796
6,57,2.356194
6,60,0.785398
6,61,1.892547
7,34,1.249046
7,35,2.356194
7,63,0.785398
7,64,1.570796
7,65,2.356194
7,66,0.785398
7,67,1.892547
8,27,1.249046
8,28,2.356194
8,33,-0.785398
8,42,-2.356194
8,61,-0.785398
9,67,-0.785398
9,79,1.570796
10,20,1.249046
10,21,3.141593
10,27,-1.570796
10,82,0.785398
12,37,0.785398
13,17,-0.785398
13,37,0.000000
13,42,2.356194
13,59,1.249046
13,60,3.141593
14,37,-0.785398
14,42,3.141593
14,51,0.000000
14,52,3.141593
14,57,0.785398
15,37,2.356194
15,42,-1.570796
15,62,0.785398
16,36,-0.785398
16,43,-2.356194
16,60,2.356194
16,63,1.570796
17,58,0.000000
17,59,-1.892547
17,68,2.356194
17,84,2.356194
18,13,0.785398
18,56,0.000000
18,61,1.249046
18,63,-1.892547
18,67,-0.785398
19,13,-0.785398
19,14,3.141593
19,32,1.249046
19,33,2.356194
19,35,3.141593
19,53,3.141593
19,65,2.356194
19,70,0.000000
19,71,-1.892547
19,75,0.000000
19,76,-1.892547
20,30,1.249046
20,50,0.000000
20,59,-0.785398
20,60,-1.892547
21,27,0.785398
21,28,1.570796
21,55,1.570796
21,57,-0.785398
21,72,1.249046
21,73,3.141593
21,78,0.785398
21,79,1.570796
21,81,-1.892547
22,55,-1.570796
22,60,1.249046
22,61,2.356194
22,71,0.000000
22,72,-1.892547
23,11,0.321751
23,13,3.141593
23,30,-1.892547
23,38,0.000000
23,39,3.141593
23,59,-0.785398
23,60,-1.892547
23,64,1.249046
23,65,3.141593
24,11,-0.785398
24,20,0.785398
24,21,1.570796
24,57,-0.785398
24,77,0.785398
24,80,2.819842
25,51,3.141593
25,61,0.785398
25,67,-0.785398
25,71,0.000000
25,73,-0.785398
25,76,3.141593
25,78,-0.785398
25,80,-2.356194
26,23,-1.570796
26,24,-2.356194
26,28,3.141593
26,49,-0.785398
26,60,-0.785398
26,79,-2.356194
27,11,2.356194
27,54,0.000000
27,57,3.141593
27,62,2.356194
27,68,2.356194
28,10,0.321751
28,62,-2.819842
28,72,1.249046
28,73,3.141593
29,10,-1.570796
29,35,0.000000
29,36,3.141593
29,60,0.000000
29,61,-1.892547
29,66,0.785398
29,69,1.249046
29,70,2.356194
29,71,-0.785398
29,82,0.785398
30,21,0.785398
30,22,1.570796
30,23,2.356194
30,66,-0.321751
30,69,-1.892547
30,74,2.356194
30,86,2.356194
31,77,1.249046
31,78,3.141593
31,86,-2.819842
32,23,1.570796
32,31,0.000000
32,33,3.141593
32,56,-0.785398
32,67,0.785398
32,71,-0.785398
32,72,-1.892547
33,24,-2.356194
33,25,0.785398
33,26,1.570796
33,27,3.141593
33,42,2.356194
33,67,-0.321751
33,69,3.141593
33,75,0.000000
33,76,-1.892547
33,86,3.141593
34,39,0.000000
34,48,0.000000
34,49,3.141593
34,58,2.356194
34,72,1.249046
34,73,2.356194
35,26,-2.819842
35,28,0.000000
35,31,3.141593
35,46,3.141593
35,54,2.356194
35,57,-0.785398
35,66,0.785398
35,69,-2.356194
35,71,-0.785398
35,72,-1.892547
35,85,2.819842
36,19,0.785398
36,51,1.249046
36,52,2.356194
36,61,1.249046
36,62,2.356194
37,36,0.000000
37,49,0.000000
37,50,-0.785398
37,51,-1.892547
37,57,0.000000
37,60,-0.785398
37,61,-1.892547
37,66,0.000000
37,75,0.785398
37,80,-1.570796
37,84,0.000000
38,22,-1.249046
38,25,-2.356194
38,47,3.141593
38,55,2.356194
38,65,-0.785398
38,79,3.141593
38,83,1.570796
39,9,0.785398
39,16,1.249046
39,24,0.000000
39,41,0.000000
39,69,1.249046
39,70,2.356194
39,78,-1.892547
39,88,2.356194
40,9,0.000000
40,49,1.249046
40,50,2.356194
40,59,1.249046
40,60,2.356194
40,61,3.141593
40,67,1.249046
40,69,-1.892547
40,75,0.000000
40,76,-1.892547
40,84,1.570796
40,86,0.785398
40,88,-2.819842
41,9,-0.785398
41,16,-1.249046
41,17,-2.356194
41,19,-1.249046
41,20,3.141593
41,22,1.249046
41,46,0.000000
41,48,-0.785398
41,49,-1.892547
41,58,-0.785398
41,59,-1.892547
41,66,0.000000
41,67,-1.892547
41,79,1.249046
42,71,1.249046
42,72,3.141593
42,85,-1.249046
42,88,2.819842
43,7,1.892547
43,24,-1.570796
43,38,1.249046
43,39,2.356194
43,42,3.141593
43,69,1.249046
43,71,-1.892547
43,88,-2.356194
44,19,-0.785398
44,20,-1.892547
44,33,0.000000
44,37,-0.785398
44,38,-1.892547
44,47,1.249046
44,48,2.356194
44,57,1.249046
44,58,2.356194
44,68,-0.785398
44,69,-1.892547
44,75,1.249046
44,81,1.570796
44,84,1.570796
44,88,2.356194
45,7,-1.892547
45,26,-0.785398
45,46,-0.785398
45,47,-1.892547
45,56,-0.785398
45,57,-1.892547
45,64,1.249046
45,65,2.356194
45,74,-0.785398
45,75,-1.892547
45,85,-2.356194
45,88,3.141593
46,27,0.000000
46,41,0.000000
46,52,1.249046
46,53,2.356194
46,63,-0.785398
46,64,-1.892547
46,82,2.356194
46,88,-2.356194
47,36,0.000000
47,39,3.141593
47,50,0.000000
47,51,-0.785398
47,52,-1.892547
47,76,0.785398
47,77,1.570796
47,82,3.141593
48,22,0.000000
48,24,3.141593
48,28,-2.356194
48,48,3.141593
48,82,-2.356194
49,52,1.249046
49,53,2.356194
49,88,2.356194
50,27,0.785398
50,28,1.892547
50,32,3.141593
50,38,1.249046
50,39,2.356194
50,51,-0.785398
50,52,-1.892547
50,69,1.249046
50,70,2.356194
50,86,0.785398
51,21,0.000000
51,23,0.000000
51,37,-0.785398
51,38,-1.892547
51,45,1.249046
51,46,2.356194
51,68,-0.785398
51,69,-1.892547
51,77,1.570796
51,84,0.000000
52,24,2.356194
52,26,0.000000
52,27,-0.785398
52,30,2.819842
52,33,0.000000
52,44,-0.785398
52,45,-1.892547
52,64,1.249046
52,65,2.356194
52,74,1.249046
52,85,-1.249046
52,87,-1.892547
53,22,0.000000
53,23,-0.785398
53,30,-2.356194
53,40,0.000000
53,49,1.249046
53,50,2.356194
53,61,0.785398
53,62,1.570796
53,64,-1.892547
53,78,2.356194
54,29,1.570796
54,46,0.000000
54,48,-0.785398
54,49,-1.892547
54,70,0.785398
54,71,2.356194
54,74,-1.570796
54,83,0.000000
54,84,1.892547
54,89,2.356194
55,25,0.000000
55,28,-0.785398
55,33,0.000000
55,35,3.141593
55,43,0.000000
55,44,3.141593
55,64,2.356194
55,71,-1.570796
55,80,2.356194
55,84,-1.249046
55,85,-2.356194
55,86,0.785398
55,87,1.570796
55,89,3.141593
56,21,0.000000
56,22,3.141593
56,41,3.141593
56,49,1.249046
56,50,2.356194
56,62,0.000000
56,63,-1.892547
56,72,0.785398
56,73,2.356194
56,74,-0.785398
56,75,-1.892547
57,31,0.785398
57,45,1.249046
57,46,2.356194
57,48,-0.785398
57,49,-1.892547
57,72,-1.570796
57,89,3.141593
58,9,0.785398
58,26,3.141593
58,33,0.785398
58,34,1.570796
58,35,3.141593
58,44,-0.785398
58,45,-1.892547
58,55,1.249046
58,57,1.570796
58,58,3.141593
58,77,1.570796
58,80,3.141593
58,83,-2.356194
58,89,-2.356194
59,9,-0.321751
59,11,2.356194
59,54,-0.785398
59,55,-1.892547
59,75,1.249046
59,77,3.141593
59,85,0.785398
59,89,2.356194
60,27,1.249046
60,28,2.356194
60,32,0.785398
60,37,1.249046
60,38,2.356194
60,44,0.000000
60,59,2.356194
60,73,1.249046
60,77,-1.570796
60,89,3.141593
61,21,1.249046
61,22,2.356194
61,26,-0.785398
61,27,-1.892547
61,35,2.356194
61,57,-0.785398
61,58,-1.892547
61,70,0.785398
61,71,1.570796
61,75,-2.356194
61,89,-2.356194
62,19,1.249046
62,37,-1.570796
62,52,0.785398
62,53,1.570796
62,54,2.356194
62,66,0.785398
62,67,1.570796
62,68,3.141593
62,83,0.785398
63,10,0.785398
63,17,1.249046
63,22,0.785398
63,23,2.356194
63,41,2.356194
63,48,0.785398
63,49,1.570796
63,50,3.141593
63,63,0.785398
63,64,1.570796
63,65,3.141593
64,10,0.000000
64,22,-1.570796
64,34,-1.249046
64,35,-2.356194
64,36,0.785398
64,58,1.249046
64,59,2.356194
64,68,0.785398
64,69,2.356194
64,70,-0.785398
64,71,-1.892547
64,73,-2.356194
64,85,0.000000
64,86,1.892547
64,89,2.356194
65,10,-0.785398
65,17,-1.249046
65,19,-1.570796
65,20,-2.356194
65,50,1.570796
65,55,-2.356194
65,68,-1.570796
65,73,0.785398
65,86,-1.249046
65,87,-2.356194
65,89,3.141593
66,38,-1.249046
66,40,-2.356194
66,42,1.249046
66,44,1.892547
66,58,-2.356194
66,64,0.785398
66,74,3.141593
66,83,-2.356194
66,89,-2.356194
67,47,1.570796
67,48,2.356194
67,58,0.785398
68,19,2.356194
68,42,-1.249046
68,50,-1.249046
68,52,-1.570796
68,53,-2.356194
68,85,1.570796
69,44,-0.785398
69,47,2.356194
69,55,0.000000
69,56,1.570796
69,58,-1.892547
69,64,-1.570796
69,69,0.785398
69,77,-2.356194
69,89,2.356194
70,16,1.249046
70,18,-1.570796
70,19,-2.356194
70,32,0.785398
70,33,1.892547
70,47,3.141593
70,65,2.356194
70,70,-0.785398
70,74,-2.356194
70,89,3.141593
71,33,-1.249046
71,34,-2.356194
71,35,0.785398
71,36,1.892547
71,55,-0.785398
71,64,-0.785398
71,66,0.000000
71,89,-2.356194
72,36,-1.249046
72,38,1.892547
72,43,0.000000
72,44,1.892547
72,49,3.141593
72,52,0.000000
72,53,3.141593
72,59,0.000000
72,61,3.141593
72,67,-1.570796
72,76,1.570796
72,79,0.000000
72,84,1.570796
73,13,0.321751
73,27,3.141593
73,31,0.785398
73,38,-1.249046
73,39,3.141593
73,44,-1.249046
73,64,0.785398
73,76,-1.570796
73,84,-0.321751
73,89,2.356194
74,10,0.785398
74,34,0.785398
74,35,1.892547
74,40,-2.356194
74,65,1.570796
74,73,-2.356194
74,85,-1.249046
74,86,-2.356194
74,89,3.141593
75,10,-0.321751
75,13,-1.570796
75,14,-2.356194
75,47,-2.356194
75,66,3.141593
75,78,0.785398
75,83,-2.356194
75,89,-2.356194
76,25,1.249046
76,26,2.356194
76,36,-1.249046
76,38,1.892547
76,44,0.785398
76,53,0.785398
76,63,1.570796
76,67,-2.356194
77,11,0.785398
77,24,0.000000
77,25,-1.892547
77,38,-1.249046
77,39,3.141593
77,45,-2.356194
77,54,-2.356194
77,76,0.785398
77,84,0.785398
78,11,0.000000
78,41,3.141593
78,51,0.785398
78,64,-2.356194
79,11,-0.785398
79,35,0.000000
79,36,1.892547
79,48,1.570796
79,70,1.570796
79,78,-2.356194
80,11,0.785398
80,23,1.249046
80,24,2.356194
80,36,-1.249046
80,37,-2.356194
80,48,-1.570796
80,53,-2.356194
80,83,1.570796
81,11,-0.321751
81,13,2.356194
81,22,-0.785398
81,23,-1.892547
81,31,0.785398
81,32,1.892547
81,50,0.785398
81,62,0.785398
81,76,-2.356194
81,80,0.785398
81,84,-2.356194
81,86,-0.785398
82,32,-1.249046
82,34,1.892547
82,68,0.785398
82,81,-2.356194
82,88,-2.356194
83,12,0.785398
83,34,-1.249046
83,41,-2.356194
83,47,0.785398
83,51,-1.570796
83,64,1.570796
83,73,-2.356194
84,12,0.000000
84,36,-1.570796
84,65,3.141593
84,70,-2.356194
85,12,-0.785398
85,30,0.785398
85,31,1.892547
85,37,0.000000
85,38,1.892547
85,44,0.785398
85,66,-2.356194
85,80,0.785398
86,31,-1.249046
86,33,1.892547
86,38,-1.249046
86,39,3.141593
86,45,0.000000
87,33,-1.249046
87,46,-1.570796
87,51,-2.356194
87,68,0.785398
87,77,0.785398
87,82,1.570796
88,35,-1.570796
88,74,0.785398
88,83,3.141593
89,28,1.249046
89,29,2.356194
89,30,0.785398
89,31,1.892547
89,36,0.000000
89,37,1.892547
89,80,3.141593
90,26,2.356194
90,31,-1.249046
90,32,3.141593
90,60,0.000000
90,65,0.000000
90,76,-2.356194
90,87,2.356194
91,21,1.249046
91,23,1.892547
91,38,-1.249046
91,40,1.892547
91,50,1.570796
91,87,-2.819842
92,25,-1.570796
92,26,-2.356194
92,27,-0.785398
92,35,0.000000
92,41,2.819842
92,45,0.000000
92,46,1.892547
92,51,3.141593
92,58,0.785398
92,62,-1.570796
92,78,0.785398
92,86,-0.785398
93,23,-1.892547
93,36,-1.570796
93,41,-1.570796
93,52,-2.356194
93,55,0.000000
93,56,3.141593
93,68,0.000000
93,69,1.892547
93,73,-2.356194
93,79,1.570796
93,86,2.356194
94,37,0.000000
94,42,0.000000
94,80,3.141593
94,86,-2.819842
95,20,0.321751
95,27,1.249046
95,28,2.356194
95,32,0.000000
95,33,1.892547
95,38,-1.570796
95,43,-1.570796
95,48,-1.249046
95,49,3.141593
95,53,0.785398
95,71,2.819842
95,81,1.570796
95,84,0.000000
95,85,-1.892547
96,62,0.000000
97,22,-1.892547
97,34,-1.249046
97,35,3.141593
97,41,3.141593
97,45,0.000000
97,46,1.892547
97,52,3.141593
97,55,-2.356194
97,63,-2.356194
97,72,3.141593
97,80,-0.785398
97,81,-1.892547
98,26,-1.249046
98,27,-2.356194
98,30,3.141593
98,36,-2.356194
98,46,-1.249046
98,47,-2.356194
98,48,3.141593
98,63,-1.570796
