7,33,1.249046
7,34,3.141593
7,45,1.570796
7,48,1.249046
7,50,1.570796
7,51,2.356194
7,65,1.249046
7,66,3.141593
8,27,1.249046
8,28,2.356194
8,32,-0.785398
9,60,0.785398
9,61,3.141593
9,65,-1.570796
10,47,-0.785398
10,81,1.570796
11,18,1.249046
11,19,3.141593
11,26,-1.570796
11,42,-0.785398
11,58,1.249046
11,67,1.570796
12,44,-2.819842
12,67,0.000000
13,11,1.249046
13,12,3.141593
13,28,0.000000
13,29,1.570796
13,43,-1.570796
13,46,0.321751
13,48,2.819842
13,56,0.321751
13,60,0.000000
14,18,0.000000
14,41,1.249046
14,42,3.141593
14,46,-0.785398
14,56,-1.570796
14,60,-0.785398
14,67,-0.321751
14,71,1.249046
14,73,1.892547
14,77,0.785398
15,18,-0.785398
15,29,-0.321751
15,31,-2.819842
15,50,1.892547
16,8,0.321751
16,47,-1.892547
16,53,1.892547
16,55,2.356194
16,67,0.321751
16,77,0.321751
16,79,2.819842
17,8,-0.785398
17,22,0.785398
17,30,0.000000
17,32,1.892547
17,62,0.785398
17,77,-0.785398
18,34,1.570796
18,35,2.356194
18,41,1.249046
18,42,2.356194
18,45,3.141593
18,51,-0.321751
18,64,1.570796
18,71,0.321751
18,73,2.819842
18,79,-2.819842
19,22,-0.321751
19,24,-2.819842
19,30,0.000000
19,32,-1.892547
19,45,-1.570796
19,61,0.321751
19,78,-0.785398
19,86,2.356194
20,48,2.356194
20,52,3.141593
20,55,1.249046
20,57,1.892547
20,78,2.356194
21,22,0.321751
21,24,2.819842
21,30,3.141593
21,37,0.785398
21,40,2.819842
21,43,0.785398
21,44,2.356194
21,45,-0.785398
21,59,1.570796
21,65,-1.570796
21,68,0.785398
22,22,-0.785398
22,26,1.249046
22,27,3.141593
22,30,-1.570796
22,35,0.000000
22,47,-1.570796
22,68,0.000000
22,82,0.785398
23,31,1.570796
23,35,2.356194
23,41,-2.356194
23,42,-0.785398
23,71,-2.356194
24,8,2.356194
24,27,2.819842
24,31,0.000000
24,47,0.321751
24,53,0.000000
24,59,0.000000
24,66,0.785398
24,78,-2.356194
24,83,-2.819842
25,23,-0.785398
25,38,-0.785398
25,55,-1.249046
25,56,-2.356194
25,71,-1.570796
26,16,0.785398
26,20,2.356194
26,25,-1.249046
26,31,3.141593
26,35,-0.785398
26,46,-0.785398
26,47,-1.570796
26,48,-2.356194
26,52,-0.785398
26,67,0.000000
26,73,-2.356194
26,79,-2.356194
26,80,-0.785398
27,5,0.321751
27,10,0.785398
27,12,1.570796
27,13,2.356194
27,31,-1.570796
27,42,2.356194
27,43,0.785398
27,44,2.356194
27,59,0.000000
27,60,-1.892547
27,67,-1.570796
27,69,-1.570796
27,82,1.570796
27,88,2.356194
28,5,-1.570796
28,49,1.570796
28,56,1.249046
28,57,2.356194
28,70,0.785398
28,71,2.356194
28,72,-0.785398
28,88,3.141593
29,10,-0.321751
29,25,1.249046
29,31,0.000000
29,32,-1.892547
29,38,1.570796
29,44,-2.819842
29,49,3.141593
29,70,-0.785398
29,80,1.249046
30,18,-0.785398
30,23,2.356194
30,29,-1.570796
30,30,-2.356194
30,34,-0.321751
30,47,1.570796
30,49,-1.570796
30,57,1.570796
30,70,2.356194
30,82,-1.249046
30,83,-2.356194
31,10,0.321751
31,11,-2.819842
31,14,0.000000
31,15,1.570796
31,16,3.141593
31,40,-2.819842
31,44,0.785398
31,45,2.356194
31,47,3.141593
31,50,0.785398
31,51,2.356194
31,52,0.785398
31,68,0.785398
31,70,-2.819842
31,74,0.321751
31,85,0.000000
32,10,-0.785398
32,37,0.785398
32,47,-1.570796
32,55,-2.356194
32,56,-0.785398
32,57,-1.892547
32,63,1.249046
32,64,2.356194
32,79,0.321751
33,10,2.356194
33,20,0.000000
33,21,-2.356194
33,26,3.141593
33,29,1.570796
33,32,1.249046
33,43,-0.785398
33,44,-2.356194
33,53,-1.570796
33,61,1.249046
33,63,-1.892547
33,68,0.000000
33,69,-1.570796
33,70,3.141593
33,74,0.000000
33,79,-0.785398
33,84,0.785398
33,86,-2.819842
34,4,0.785398
34,8,1.249046
34,10,3.141593
34,14,0.321751
34,19,1.570796
34,22,0.785398
34,24,-1.892547
34,26,-2.356194
34,29,0.000000
34,40,0.785398
34,41,2.356194
34,60,-0.785398
34,65,1.249046
34,66,2.356194
35,4,0.000000
35,19,-2.356194
35,22,-0.785398
35,32,-1.249046
35,33,-2.356194
35,35,-1.570796
35,37,0.000000
35,38,-1.892547
35,41,-1.570796
35,55,1.249046
35,56,2.356194
35,65,-1.892547
35,74,-2.356194
35,77,1.249046
35,79,-1.570796
35,80,-2.356194
35,84,-0.785398
35,90,2.356194
36,4,-0.785398
36,8,-1.249046
36,20,1.570796
36,22,2.356194
36,27,0.000000
36,28,-0.785398
36,29,-2.356194
36,42,0.785398
36,53,1.249046
36,55,-1.892547
36,60,0.000000
36,61,-0.785398
36,71,-0.785398
36,72,-1.892547
36,75,0.000000
36,90,3.141593
37,20,0.000000
37,22,-2.356194
37,26,1.570796
37,34,1.249046
37,36,3.141593
37,47,-1.892547
37,53,-1.892547
37,57,2.356194
37,65,2.356194
37,86,-0.785398
37,90,-2.356194
38,12,-0.785398
38,23,0.000000
38,24,1.570796
38,26,3.141593
38,31,0.785398
38,32,2.356194
38,33,-0.785398
38,34,-1.892547
38,36,-1.570796
38,55,1.249046
38,56,3.141593
38,63,-0.785398
38,64,-1.892547
39,3,0.321751
39,5,2.819842
39,17,1.570796
39,18,2.356194
39,19,-0.785398
39,31,-1.570796
39,38,2.356194
39,47,2.356194
39,48,-0.785398
39,49,-1.892547
39,53,2.356194
39,54,-0.785398
39,55,-1.892547
39,61,-0.785398
40,8,0.000000
40,26,-2.356194
40,29,1.249046
40,30,3.141593
40,41,-1.570796
40,45,0.000000
40,46,-1.892547
40,85,0.321751
40,89,3.141593
41,37,-2.356194
41,44,2.356194
42,29,-1.570796
42,34,-0.785398
42,41,0.000000
42,42,-1.892547
42,44,-1.570796
42,47,1.249046
42,48,2.356194
42,49,-0.785398
42,50,-1.892547
42,55,3.141593
42,61,1.570796
42,80,0.000000
42,81,1.570796
42,82,2.356194
42,83,0.785398
42,87,-1.892547
43,5,0.000000
43,20,1.570796
43,30,0.785398
43,31,2.356194
43,36,-1.570796
43,47,-1.892547
43,61,-1.570796
44,20,3.141593
44,30,-1.570796
44,38,2.356194
44,50,1.249046
44,51,3.141593
44,89,2.356194
45,5,0.000000
45,20,-1.570796
45,28,2.356194
45,29,0.000000
45,34,0.785398
45,35,1.570796
45,37,-1.892547
45,48,1.249046
45,50,-1.892547
45,54,1.570796
45,80,0.321751
45,82,2.819842
45,86,0.000000
45,87,1.570796
45,89,-2.356194
46,30,1.570796
46,32,1.249046
46,33,3.141593
46,41,1.249046
46,42,3.141593
46,47,0.000000
46,48,-1.892547
46,54,-1.570796
46,91,3.141593
47,4,0.321751
47,39,0.785398
47,52,3.141593
47,80,-0.321751
47,83,-2.356194
47,84,0.785398
47,85,1.570796
48,4,-0.785398
48,7,0.785398
48,28,0.000000
48,35,-1.570796
48,36,-2.356194
48,44,-1.892547
48,88,-2.356194
48,89,0.785398
49,49,1.570796
49,82,-2.356194
49,85,-0.321751
49,90,-2.356194
50,8,-0.321751
50,22,-2.819842
50,25,0.785398
50,27,1.570796
50,38,1.249046
50,39,2.356194
50,40,-0.785398
50,46,1.249046
50,49,-2.819842
50,86,-1.249046
50,87,-2.356194
50,88,0.785398
51,13,-2.356194
51,35,2.356194
51,45,-0.785398
51,90,-2.356194
51,91,3.141593
52,2,0.321751
52,6,1.570796
52,11,-1.892547
52,14,1.570796
52,23,2.356194
52,29,-2.819842
52,63,1.892547
52,85,2.356194
52,87,0.785398
53,14,0.000000
53,37,0.321751
53,41,-1.892547
53,50,-1.570796
53,66,0.785398
53,84,-0.785398
53,88,-1.249046
53,89,3.141593
54,2,-0.321751
54,4,-2.819842
54,14,-1.570796
54,22,-1.570796
54,28,-1.570796
54,47,3.141593
54,51,2.356194
54,63,-1.892547
55,23,1.570796
55,37,-1.570796
55,38,-2.356194
55,51,-2.819842
55,67,0.000000
55,77,1.249046
55,79,1.570796
55,80,2.356194
55,83,-0.785398
56,3,0.000000
56,5,-0.785398
56,6,-1.892547
56,28,-0.785398
56,50,-1.892547
56,67,-0.785398
56,73,0.785398
56,74,1.892547
57,18,-1.570796
57,34,-1.570796
57,45,1.249046
57,85,-1.570796
57,88,1.570796
58,2,0.321751
58,3,-2.819842
58,7,1.249046
58,8,2.356194
58,14,0.785398
58,15,2.356194
58,19,0.000000
58,20,1.570796
58,26,-1.570796
58,27,3.141593
58,35,2.356194
58,38,-0.785398
58,44,0.000000
58,45,-1.892547
58,49,2.356194
58,74,-0.785398
58,76,-1.249046
58,90,3.141593
59,2,-0.785398
59,13,3.141593
59,15,-1.570796
59,35,-2.819842
59,41,1.249046
59,42,2.356194
59,48,-0.785398
59,49,-2.356194
59,87,0.000000
60,10,-0.321751
60,18,1.249046
60,50,2.356194
61,25,2.356194
61,26,-0.785398
61,27,-1.892547
61,30,-2.356194
61,34,-2.356194
61,38,1.249046
61,39,3.141593
61,41,-1.570796
61,48,0.785398
61,50,-2.819842
61,87,-0.785398
62,9,2.356194
62,10,-0.785398
62,13,2.356194
62,14,0.785398
62,15,1.570796
62,20,-2.819842
62,29,0.785398
62,33,0.000000
62,36,1.249046
62,38,-1.892547
62,42,0.000000
62,45,-2.356194
62,66,1.570796
62,81,3.141593
62,90,-2.356194
63,3,0.321751
63,8,-1.892547
63,28,0.000000
63,36,-1.892547
63,42,2.356194
63,49,3.141593
63,66,-0.321751
63,67,2.819842
63,74,0.000000
63,77,-2.356194
63,78,-0.785398
63,79,-1.892547
64,12,2.356194
64,21,2.356194
64,26,3.141593
64,33,0.000000
64,34,-1.892547
64,46,0.785398
64,49,-2.356194
64,85,0.785398
64,87,1.570796
64,88,2.356194
65,3,-0.321751
65,11,0.000000
65,12,-2.356194
65,37,1.249046
65,38,3.141593
65,68,-2.356194
65,79,0.000000
65,90,2.356194
66,8,1.249046
66,9,2.356194
66,13,0.785398
66,23,0.785398
66,30,0.000000
66,31,-1.892547
66,36,0.000000
66,37,-1.892547
66,46,0.785398
66,49,0.000000
66,50,3.141593
66,88,0.000000
66,90,3.141593
67,4,0.785398
67,13,-0.785398
67,16,0.785398
67,22,1.570796
67,40,-0.785398
67,41,-1.892547
68,4,0.000000
68,13,0.785398
68,16,-1.570796
68,30,3.141593
68,37,2.356194
68,43,1.249046
68,44,2.356194
68,45,-0.785398
68,46,-1.892547
68,88,-2.356194
68,89,-0.785398
68,90,-2.356194
69,15,0.000000
69,32,2.356194
69,42,-0.785398
69,43,-1.892547
69,49,2.356194
69,83,0.000000
69,85,-0.785398
69,86,-1.892547
69,91,-2.356194
70,4,-0.321751
70,7,-2.356194
70,11,0.785398
70,29,0.000000
70,33,0.000000
70,38,1.249046
70,39,2.356194
70,46,2.356194
71,16,-1.570796
71,31,-1.249046
71,37,-0.785398
71,38,-1.892547
71,43,1.249046
71,44,2.356194
71,49,2.356194
71,88,0.000000
72,12,0.000000
72,14,-1.892547
72,21,-1.249046
72,26,-1.892547
72,42,-0.785398
72,43,-1.892547
72,47,0.000000
72,48,-0.785398
72,91,3.141593
73,28,2.356194
73,32,0.000000
73,39,0.785398
73,40,2.356194
73,51,2.356194
74,11,0.000000
74,21,1.249046
74,23,-2.356194
74,26,1.249046
74,30,1.249046
74,31,3.141593
74,40,-2.356194
74,47,1.249046
74,48,2.356194
74,88,1.249046
74,89,2.356194
74,90,0.785398
75,15,0.785398
75,24,0.785398
75,38,2.356194
75,39,0.000000
75,46,-0.785398
75,47,-1.892547
75,54,3.141593
75,91,-2.356194
76,21,-1.570796
76,32,2.356194
76,33,0.000000
76,37,-1.892547
76,40,1.570796
76,42,1.570796
76,86,-0.785398
77,5,0.785398
77,7,1.249046
77,8,2.356194
77,9,-0.785398
77,13,3.141593
77,22,0.000000
77,23,0.000000
77,47,1.249046
77,48,2.356194
77,56,3.141593
77,86,0.785398
77,91,2.819842
78,5,-0.321751
78,20,0.000000
78,33,0.000000
78,37,1.249046
78,38,2.356194
78,44,2.356194
78,46,-0.785398
78,63,0.000000
78,64,3.141593
78,81,0.785398
79,8,2.819842
79,32,0.000000
79,43,-1.892547
79,82,-2.356194
80,22,0.000000
80,23,-1.892547
80,33,0.785398
80,39,1.249046
80,41,-1.892547
80,49,-2.356194
80,50,-0.785398
80,51,-1.570796
80,52,-2.356194
80,56,3.141593
80,89,-0.785398
81,4,-0.785398
81,6,-1.249046
81,8,-1.570796
81,9,3.141593
81,16,0.000000
81,17,-2.356194
81,20,1.249046
81,21,3.141593
81,25,1.249046
81,27,-2.356194
81,46,-0.785398
81,80,0.000000
81,85,0.000000
81,86,0.785398
81,87,1.892547
81,89,2.356194
82,10,0.000000
82,11,1.570796
82,20,-1.892547
82,29,2.356194
82,30,0.785398
82,31,1.570796
82,41,2.356194
82,83,1.892547
83,23,0.000000
83,24,-1.892547
83,35,-1.892547
83,63,1.570796
83,81,0.785398
83,85,1.892547
83,90,-2.356194
83,91,3.141593
84,22,1.570796
84,38,0.000000
84,39,-1.892547
84,46,0.785398
84,52,-2.356194
84,53,0.785398
84,54,1.570796
84,55,2.356194
85,10,0.321751
85,21,0.000000
85,22,-2.356194
85,36,1.249046
85,37,3.141593
85,44,1.249046
85,45,3.141593
85,56,0.000000
85,57,1.892547
85,65,-1.570796
85,66,-2.356194
85,68,0.785398
85,69,1.570796
85,70,2.356194
85,72,0.785398
85,73,1.892547
85,78,-1.570796
85,79,-2.356194
85,89,2.819842
86,4,0.785398
86,16,0.000000
86,19,1.249046
86,20,3.141593
86,29,0.785398
86,40,1.249046
86,41,2.356194
86,43,-0.785398
86,52,2.356194
86,53,-0.785398
86,59,1.892547
86,81,-1.249046
86,82,3.141593
86,89,-2.356194
87,4,0.000000
87,8,0.785398
87,17,0.785398
87,19,-1.892547
87,27,1.249046
87,28,3.141593
87,39,-0.785398
87,40,-1.892547
87,45,0.785398
87,47,-1.570796
87,77,2.819842
87,83,0.000000
88,4,-0.785398
88,27,-1.892547
88,37,-2.356194
88,45,-1.570796
88,49,-1.249046
88,51,-1.570796
88,52,-2.356194
88,56,-0.785398
88,57,-1.570796
88,59,-1.892547
88,61,-1.249046
88,63,3.141593
89,4,0.785398
89,9,0.785398
89,17,-2.356194
89,63,-2.356194
89,75,-1.249046
89,86,1.892547
90,4,0.000000
90,18,0.785398
90,19,2.356194
90,28,0.000000
90,29,-1.892547
90,31,0.785398
90,32,2.356194
90,33,-0.785398
90,34,-1.892547
90,40,-0.785398
90,63,2.356194
90,69,0.785398
90,81,0.785398
90,82,1.570796
90,91,2.819842
91,18,-0.785398
91,43,1.249046
91,45,1.570796
91,46,2.356194
91,60,0.785398
91,61,1.570796
91,63,-2.356194
91,70,3.141593
91,77,-0.785398
92,4,0.000000
92,6,-1.570796
92,7,-2.356194
92,8,-0.785398
92,12,-2.819842
92,18,0.785398
92,24,0.785398
92,26,2.356194
92,32,3.141593
92,34,1.249046
92,35,2.356194
92,36,0.785398
92,37,1.892547
92,41,0.785398
92,72,0.785398
92,73,1.892547
92,91,-2.819842
93,4,-0.785398
93,16,1.570796
93,20,-0.785398
93,24,-1.570796
93,28,1.249046
93,34,-1.892547
93,45,-0.785398
93,46,-2.356194
93,67,0.785398
93,68,1.892547
93,73,-1.249046
93,74,-2.356194
93,80,-0.785398
93,81,-1.892547
94,10,-0.785398
94,16,-0.785398
94,22,0.785398
94,23,3.141593
94,28,-1.892547
94,32,3.141593
94,37,-1.570796
94,42,-0.321751
94,44,3.141593
94,49,2.356194
94,60,-0.785398
94,61,-1.570796
94,62,3.141593
94,68,-1.249046
94,69,-2.356194
94,84,-1.249046
94,87,-2.819842
95,14,1.249046
95,15,3.141593
95,34,1.249046
95,35,2.356194
95,36,0.000000
95,47,0.000000
95,48,-1.892547
95,71,0.000000
95,72,1.892547
95,90,2.356194
96,9,0.000000
96,25,-1.892547
96,29,-0.785398
96,33,0.000000
96,34,-1.892547
96,40,0.785398
96,41,1.570796
96,43,-1.570796
96,44,-2.356194
96,67,0.785398
96,68,1.892547
96,72,-1.249046
96,73,3.141593
96,86,-0.785398
96,87,-2.356194
96,89,-0.785398
97,56,-2.356194
97,60,0.000000
97,62,3.141593
97,68,-1.249046
97,69,3.141593
98,13,-1.249046
98,15,-1.892547
98,18,-0.785398
98,19,-1.892547
98,22,-0.785398
98,26,-0.785398
98,41,-1.570796
98,46,0.000000
98,64,0.000000
98,65,3.141593
98,71,3.141593
98,79,3.141593
