12,51,1.249046
12,52,2.356194
13,41,1.249046
13,42,2.356194
13,50,-0.785398
13,73,1.570796
14,33,1.249046
14,34,2.356194
14,37,0.785398
14,38,1.570796
14,39,2.356194
14,40,-0.785398
15,17,2.356194
16,16,-0.785398
16,33,-2.356194
18,81,3.141593
19,68,0.321751
20,68,-0.785398
20,77,0.321751
21,16,2.356194
21,47,0.785398
21,58,0.785398
21,77,-0.785398
22,58,0.000000
22,65,1.892547
23,45,1.249046
23,69,2.819842
24,44,0.321751
24,49,-2.356194
24,57,0.321751
24,60,-1.570796
24,61,-2.356194
24,62,-0.785398
24,63,-1.570796
24,65,-1.892547
24,85,3.141593
25,47,-0.785398
25,57,-0.785398
25,77,2.819842
26,11,0.321751
26,44,3.141593
26,51,1.570796
26,57,2.356194
26,81,0.321751
27,11,-0.785398
27,38,2.356194
27,53,2.356194
27,56,-0.785398
27,57,-2.356194
27,73,-0.785398
27,77,-2.819842
28,41,0.000000
28,42,-1.570796
28,44,3.141593
28,50,0.321751
28,81,3.141593
29,24,1.249046
29,26,1.892547
29,33,0.785398
29,50,-1.570796
29,52,-1.570796
29,66,0.000000
29,67,1.892547
29,73,2.356194
29,76,0.785398
29,79,-1.570796
29,81,-2.356194
30,29,1.892547
30,35,-0.785398
30,44,-0.321751
30,56,0.785398
30,57,1.892547
30,73,3.141593
31,31,2.356194
31,45,-1.249046
31,46,3.141593
31,57,-1.249046
31,59,-1.892547
31,67,-0.785398
31,73,-1.570796
32,33,-2.356194
32,37,-0.321751
32,42,-1.249046
32,43,3.141593
32,63,2.356194
32,82,3.141593
33,11,2.356194
33,24,-1.892547
33,28,-1.892547
33,38,-1.249046
33,39,3.141593
33,55,0.785398
33,56,1.892547
33,61,-0.785398
33,62,-1.892547
33,77,0.785398
34,10,0.321751
34,20,-0.321751
34,56,-1.249046
34,57,-2.356194
34,78,-1.249046
34,85,0.785398
34,86,1.892547
35,10,-0.785398
35,26,0.000000
35,64,0.000000
35,65,-1.892547
35,67,-1.570796
35,74,0.785398
35,75,1.892547
35,86,-1.249046
35,88,1.892547
35,90,2.356194
36,37,0.000000
36,44,0.785398
36,45,1.892547
36,54,3.141593
36,69,2.356194
36,75,-1.249046
36,77,1.892547
36,81,-1.249046
36,82,-2.356194
36,83,0.785398
36,84,1.892547
36,90,3.141593
37,10,2.356194
37,18,1.249046
37,19,2.356194
37,28,1.892547
37,34,0.000000
37,45,-1.249046
37,47,1.892547
37,61,-0.785398
37,70,0.785398
37,72,1.892547
37,77,-1.249046
37,79,1.892547
37,84,-1.249046
37,86,1.892547
37,90,-2.356194
38,9,0.321751
38,16,0.785398
38,22,-1.570796
38,29,2.819842
38,32,-2.356194
38,36,-2.356194
38,41,-2.356194
38,47,-1.249046
38,48,3.141593
38,73,-2.356194
38,79,-1.249046
38,80,3.141593
38,86,-1.249046
38,88,-1.570796
38,89,-2.356194
39,9,-0.785398
39,26,2.819842
39,29,-1.570796
39,38,1.570796
39,44,0.785398
39,63,0.000000
39,76,0.785398
39,77,1.892547
39,82,0.785398
39,83,1.892547
40,34,0.000000
40,35,3.141593
40,46,0.785398
40,47,1.892547
40,60,3.141593
40,77,-1.249046
40,79,1.892547
40,83,-1.249046
40,85,1.892547
41,20,0.785398
41,21,2.356194
41,28,1.892547
41,31,-2.356194
41,40,3.141593
41,47,-1.249046
41,48,3.141593
41,68,0.000000
41,74,2.356194
41,79,-1.249046
41,80,3.141593
42,33,0.785398
42,54,3.141593
42,57,0.785398
42,62,0.000000
42,63,3.141593
42,68,-0.785398
42,81,0.000000
42,82,1.892547
42,86,-1.249046
42,87,3.141593
43,19,-0.785398
43,23,0.785398
43,26,2.819842
43,30,2.819842
43,34,-2.356194
43,46,0.000000
43,60,3.141593
43,71,0.000000
43,82,-1.249046
43,83,3.141593
43,88,0.000000
43,89,1.892547
44,30,-1.570796
44,43,0.000000
44,48,2.356194
44,74,2.819842
44,89,-1.249046
44,90,3.141593
45,26,-0.785398
45,27,3.141593
45,31,-2.356194
45,37,0.785398
45,47,-0.785398
45,48,-2.356194
45,55,0.000000
45,56,3.141593
45,72,-0.785398
46,20,0.321751
46,40,3.141593
46,60,0.785398
46,73,-0.785398
46,74,-1.570796
46,76,1.570796
46,77,2.356194
46,86,0.000000
46,87,1.892547
46,91,2.356194
47,33,0.000000
47,45,0.000000
47,46,3.141593
47,51,0.000000
47,52,3.141593
47,54,0.000000
47,55,3.141593
47,88,3.141593
47,91,-2.819842
48,18,1.249046
48,20,-1.570796
48,24,-1.249046
48,25,3.141593
48,31,3.141593
48,35,-2.356194
48,50,0.785398
48,70,3.141593
48,75,1.570796
48,86,0.000000
49,8,0.785398
49,22,-2.356194
49,27,3.141593
49,45,0.000000
49,46,3.141593
49,51,-2.356194
49,60,-0.785398
49,61,-1.570796
49,62,-2.356194
49,64,3.141593
49,67,-0.785398
49,75,3.141593
49,87,0.000000
49,90,-2.356194
50,8,0.000000
50,22,2.356194
50,38,0.000000
50,39,3.141593
50,71,1.249046
50,72,2.356194
51,8,-0.785398
51,17,-1.570796
51,22,3.141593
51,41,0.000000
51,44,3.141593
51,69,1.249046
51,71,-1.892547
51,82,0.785398
51,85,0.000000
51,86,1.892547
51,89,-1.249046
51,90,3.141593
52,68,0.000000
52,69,-1.892547
52,79,0.000000
52,80,1.892547
52,86,-1.249046
52,87,3.141593
52,91,-2.356194
53,8,0.785398
53,17,0.000000
53,24,2.356194
53,41,0.000000
53,42,3.141593
53,51,2.356194
53,55,0.000000
53,64,0.000000
53,73,0.785398
54,8,0.000000
54,21,-0.785398
54,32,0.000000
54,37,0.000000
54,39,3.141593
54,44,0.000000
54,45,3.141593
54,58,3.141593
54,72,0.785398
54,81,-1.249046
54,82,3.141593
54,89,0.000000
54,90,1.892547
55,8,-0.785398
55,28,0.000000
55,29,1.892547
55,47,0.000000
55,52,0.785398
55,68,0.000000
55,70,3.141593
55,83,-2.356194
55,91,2.819842
56,36,3.141593
56,54,3.141593
56,88,-2.356194
56,91,-2.356194
57,8,0.785398
57,25,0.785398
57,30,-1.249046
57,32,1.892547
57,47,0.000000
57,48,3.141593
57,61,3.141593
57,75,0.000000
57,82,3.141593
58,8,0.000000
58,15,-0.785398
58,16,-1.892547
58,23,-0.785398
58,53,0.000000
58,72,0.785398
58,73,1.892547
58,86,2.356194
58,91,-1.570796
59,23,0.785398
59,26,-0.785398
59,27,-2.356194
59,28,0.785398
59,29,1.892547
59,33,-1.249046
59,35,1.892547
59,42,0.785398
59,46,2.356194
59,85,-0.785398
60,8,-0.785398
60,9,3.141593
60,17,1.570796
60,20,2.356194
60,25,3.141593
60,29,-1.249046
60,30,3.141593
60,35,-1.249046
60,36,-2.356194
60,45,0.000000
60,49,0.000000
60,81,-2.356194
60,86,-2.356194
60,89,0.000000
61,16,0.000000
61,19,-0.785398
61,22,0.000000
61,38,0.000000
61,39,1.892547
61,47,3.141593
61,77,0.000000
61,78,1.892547
62,11,0.000000
62,12,1.570796
62,13,2.356194
62,40,-2.356194
62,42,3.141593
62,72,-0.785398
62,78,-1.249046
62,79,3.141593
62,83,-0.785398
62,91,2.356194
63,23,0.000000
63,24,-2.356194
63,37,0.785398
63,46,0.000000
63,47,3.141593
63,49,0.000000
63,50,0.785398
63,51,1.570796
63,52,2.356194
63,76,1.892547
63,85,-1.570796
63,90,-0.785398
64,29,-2.356194
64,38,-1.249046
64,39,3.141593
64,56,0.785398
64,57,1.570796
64,58,3.141593
64,77,3.141593
64,81,0.000000
64,82,1.892547
65,72,1.249046
65,78,0.000000
65,79,1.892547
65,89,1.570796
66,15,0.785398
66,16,3.141593
66,23,0.000000
66,24,-1.892547
66,35,0.000000
66,50,-0.785398
66,51,-1.570796
66,52,-2.356194
66,56,-0.785398
66,57,-1.570796
66,58,-2.356194
66,63,3.141593
66,70,0.785398
66,83,-1.249046
66,84,3.141593
67,15,-1.570796
67,21,1.249046
67,22,3.141593
67,38,0.000000
67,66,1.249046
67,67,2.356194
67,76,-1.249046
67,77,3.141593
67,85,-2.356194
67,89,-1.570796
68,14,0.785398
68,25,0.000000
68,26,-1.892547
68,35,0.000000
68,37,0.000000
68,41,0.000000
68,43,3.141593
68,63,1.249046
68,64,2.356194
68,73,-1.249046
68,74,3.141593
68,87,1.570796
69,7,0.785398
69,32,2.356194
69,33,0.785398
69,34,2.356194
69,39,0.785398
69,46,0.000000
69,66,-2.356194
69,70,0.000000
69,71,-2.356194
69,82,-1.249046
69,83,3.141593
69,87,0.785398
70,7,0.000000
70,22,1.249046
70,23,3.141593
70,27,0.000000
70,28,-1.892547
70,34,-2.356194
70,42,2.356194
70,72,0.000000
70,73,1.892547
70,87,-0.321751
70,89,2.356194
71,7,-0.785398
71,17,-2.819842
71,22,-1.892547
71,25,1.249046
71,26,3.141593
71,34,0.785398
71,44,0.785398
71,45,2.356194
71,73,-1.249046
71,74,3.141593
71,81,-2.356194
71,84,0.785398
71,90,2.356194
72,16,-1.892547
72,19,0.321751
72,49,0.785398
72,52,2.356194
72,55,0.785398
72,56,1.892547
72,84,-0.785398
72,89,-0.785398
72,90,-2.356194
73,23,0.000000
73,24,-1.892547
73,29,0.000000
73,38,1.249046
73,42,0.785398
73,58,-1.570796
73,67,-2.356194
73,71,-1.249046
73,72,-2.356194
73,82,0.785398
73,83,2.356194
73,86,-1.570796
73,91,-2.356194
74,21,1.249046
74,22,3.141593
74,26,1.570796
74,46,1.892547
74,56,-0.785398
74,65,-1.892547
74,81,-0.785398
75,26,-2.819842
75,43,-0.785398
75,71,3.141593
75,75,-2.356194
75,82,-0.785398
75,84,2.356194
75,88,0.785398
75,89,2.356194
76,15,1.249046
76,29,0.000000
76,30,-1.892547
76,36,2.819842
76,43,2.356194
76,56,0.785398
76,60,-0.785398
76,62,-2.356194
76,83,-0.785398
76,85,2.356194
76,88,-0.785398
77,14,0.321751
77,22,1.249046
77,24,-1.892547
77,27,1.249046
77,28,3.141593
77,32,1.249046
77,39,0.000000
77,42,-0.785398
77,43,-2.356194
77,58,2.356194
77,81,1.570796
77,84,-0.785398
77,85,-2.356194
77,88,0.000000
77,91,-2.356194
78,18,-1.570796
78,26,0.321751
78,36,-2.819842
78,45,2.356194
78,55,-0.785398
78,64,1.570796
78,74,0.000000
78,75,0.785398
78,81,-0.321751
78,86,0.000000
78,87,2.356194
79,11,1.249046
79,12,2.356194
79,13,-0.785398
79,14,-1.570796
79,15,-2.356194
79,17,0.000000
79,20,0.321751
79,39,-2.819842
79,43,0.000000
79,44,-1.892547
79,47,-2.356194
79,50,-0.785398
79,58,1.570796
79,66,1.892547
79,70,0.000000
79,71,0.785398
79,76,-2.356194
79,78,0.785398
79,90,1.570796
80,18,1.570796
80,24,1.249046
80,26,-2.356194
80,58,0.000000
80,61,0.785398
80,62,1.892547
80,66,-1.249046
80,67,3.141593
80,72,-1.570796
80,79,0.000000
80,80,1.892547
80,87,-0.321751
80,91,2.819842
81,18,0.000000
81,22,2.356194
81,23,-0.785398
81,24,-1.892547
81,33,-1.892547
81,42,-1.570796
81,47,0.000000
81,58,-0.785398
81,62,-1.249046
81,63,3.141593
81,73,0.000000
81,74,1.892547
81,77,2.356194
81,91,-2.356194
82,18,-1.570796
82,49,3.141593
82,53,1.249046
82,54,2.356194
82,55,3.141593
82,70,0.000000
82,71,1.892547
82,74,-1.249046
82,76,2.356194
83,8,-0.785398
83,17,3.141593
83,25,0.000000
83,26,-1.892547
83,30,-1.570796
83,34,0.321751
83,45,-0.785398
83,46,-1.570796
83,51,1.249046
83,53,-1.892547
83,67,3.141593
83,76,-2.356194
83,86,-1.249046
83,87,3.141593
83,91,2.819842
84,50,-0.785398
84,51,-1.892547
84,63,1.570796
84,76,-1.570796
84,88,-2.356194
84,91,-2.356194
85,16,0.000000
85,28,1.570796
85,33,0.000000
85,34,-2.356194
85,37,0.785398
85,53,0.000000
85,65,1.892547
85,85,2.819842
86,28,-2.356194
86,46,0.000000
86,60,0.785398
86,61,1.892547
86,70,0.785398
86,71,1.892547
86,85,-1.570796
86,88,0.785398
87,16,-0.321751
87,22,1.570796
87,29,2.356194
87,39,0.785398
87,40,3.141593
87,44,1.249046
87,61,-1.249046
87,62,-2.356194
87,75,-1.249046
87,76,3.141593
87,89,-0.785398
88,27,0.785398
88,29,-2.356194
88,31,2.356194
88,34,0.321751
88,36,3.141593
88,39,-1.570796
88,42,1.249046
88,44,-1.892547
88,46,1.570796
88,53,1.249046
88,54,2.356194
88,64,0.000000
88,87,1.570796
89,17,-0.321751
89,27,-0.785398
89,37,0.785398
89,38,3.141593
89,41,0.321751
89,46,-0.785398
89,47,-2.356194
89,52,-0.785398
89,53,-1.892547
89,60,0.785398
89,61,1.892547
89,69,-1.249046
89,70,3.141593
89,74,3.141593
89,78,0.000000
89,79,1.892547
90,20,-2.819842
90,27,2.356194
90,32,0.785398
90,41,-1.570796
90,61,-1.249046
90,63,1.892547
90,67,3.141593
90,71,0.000000
90,75,0.000000
90,76,1.892547
90,79,-1.249046
90,81,1.892547
90,85,0.000000
91,23,1.570796
91,26,0.321751
91,27,-2.819842
91,29,0.321751
91,36,0.321751
91,37,-2.819842
91,43,1.249046
91,44,3.141593
91,48,1.570796
91,54,0.000000
91,57,3.141593
91,68,0.000000
91,69,1.892547
91,76,-1.249046
91,77,3.141593
92,15,0.321751
92,21,1.570796
92,29,-1.570796
92,32,-2.819842
92,39,1.570796
92,51,2.356194
92,91,2.819842
93,15,-0.785398
93,17,-1.249046
93,19,-1.892547
93,25,0.321751
93,28,1.570796
93,31,-0.785398
93,39,-2.819842
93,41,0.321751
93,60,0.000000
93,62,0.785398
93,66,-1.249046
93,67,3.141593
93,79,0.000000
93,80,1.892547
93,88,-1.570796
93,91,-2.356194
94,21,0.785398
94,25,-1.570796
94,34,0.000000
94,35,-1.892547
94,41,-1.570796
94,48,-1.570796
94,53,0.000000
94,82,2.356194
94,89,0.000000
94,90,2.356194
95,24,1.570796
95,29,0.785398
95,30,3.141593
95,33,1.570796
95,37,-1.570796
95,40,1.570796
95,46,0.000000
95,51,2.356194
95,55,0.000000
95,56,3.141593
95,59,0.000000
95,73,0.000000
95,77,3.141593
95,80,-0.785398
95,85,-0.785398
95,86,-2.356194
95,90,-1.570796
96,17,0.000000
96,18,1.570796
96,32,0.321751
96,33,-2.819842
96,39,0.321751
96,40,-2.819842
96,49,0.000000
96,65,-1.249046
96,66,3.141593
96,81,-0.785398
96,83,0.000000
97,26,-1.892547
97,28,-0.785398
97,32,-0.785398
97,36,-1.570796
97,39,-1.570796
97,68,3.141593
97,82,0.000000
98,20,-1.570796
98,21,-2.356194
98,22,-0.785398
98,23,-1.892547
98,32,-1.570796
98,38,-0.785398
98,41,-0.785398
98,51,0.000000
98,65,3.141593
98,76,-1.249046
98,77,-2.356194
98,82,-1.570796
98,86,0.000000
98,90,-0.785398
