20,39,1.249046
20,40,2.356194
20,45,0.785398
20,46,1.570796
20,47,2.356194
20,48,0.785398
20,49,1.570796
20,50,2.356194
20,71,0.785398
21,20,1.249046
21,21,2.356194
21,72,-2.356194
22,39,-2.356194
23,18,0.321751
23,73,3.141593
24,18,-1.570796
27,16,0.321751
27,18,3.141593
28,16,-1.570796
29,77,2.819842
30,77,-2.356194
32,78,3.141593
34,79,2.356194
36,57,1.249046
37,15,3.141593
37,39,0.785398
37,56,0.321751
37,59,-2.356194
39,11,0.321751
39,54,1.249046
39,56,3.141593
40,11,-1.570796
40,36,-0.785398
40,41,-2.819842
40,49,-1.570796
40,50,-2.356194
40,53,-0.785398
40,54,-1.892547
40,56,-2.356194
41,40,-1.892547
41,56,0.785398
41,59,2.356194
42,35,1.249046
42,37,-1.892547
42,57,-2.356194
43,35,-1.892547
43,43,1.249046
43,44,3.141593
43,53,3.141593
43,59,-1.249046
43,60,-2.356194
43,61,-0.785398
43,62,-1.892547
43,65,0.321751
43,82,3.141593
44,31,1.249046
44,33,-1.892547
44,42,-0.785398
44,43,-1.892547
44,46,-0.785398
44,65,-0.785398
45,9,0.321751
45,11,3.141593
45,25,1.249046
45,26,2.356194
45,30,-0.785398
45,46,2.356194
45,68,0.321751
46,9,-1.570796
46,21,0.321751
46,33,2.356194
46,34,0.785398
46,35,2.356194
46,43,0.000000
46,45,-0.785398
46,51,0.000000
46,63,0.785398
46,68,-0.785398
47,21,-0.785398
47,31,0.000000
47,32,-1.892547
47,35,-2.356194
47,39,1.570796
47,64,-1.249046
47,65,3.141593
47,68,2.356194
48,24,-0.785398
48,25,-1.892547
48,30,3.141593
48,35,2.356194
48,39,-1.570796
48,66,0.000000
48,72,0.785398
48,73,1.892547
48,84,2.356194
49,33,0.000000
49,34,-0.785398
49,58,2.356194
49,62,0.785398
49,63,1.892547
49,69,-2.356194
49,70,0.785398
50,16,0.785398
50,17,2.356194
50,24,2.356194
50,40,0.000000
50,41,3.141593
50,46,-0.785398
50,57,-0.785398
50,63,-1.249046
50,64,-2.356194
50,65,0.785398
50,71,-1.249046
50,73,-1.892547
50,75,-2.356194
51,16,-0.785398
51,37,3.141593
51,47,-0.785398
51,66,-1.249046
51,68,1.892547
52,20,0.785398
52,27,-0.785398
52,33,1.249046
52,34,3.141593
52,41,0.000000
52,42,3.141593
52,50,2.819842
52,61,3.141593
52,68,-1.249046
52,69,-2.356194
52,70,3.141593
53,17,0.785398
53,32,-0.785398
53,33,-1.892547
53,50,-1.570796
53,64,0.000000
53,72,0.000000
53,73,0.785398
54,28,1.249046
54,29,3.141593
54,35,2.356194
54,51,0.000000
54,74,-1.249046
54,75,-2.356194
54,78,-0.785398
54,79,-1.892547
55,14,1.570796
55,15,2.356194
55,16,-0.785398
55,17,-1.892547
55,27,0.000000
55,28,-1.892547
55,45,0.000000
55,54,-2.356194
55,60,0.000000
55,70,3.141593
56,25,1.249046
56,26,3.141593
56,72,0.000000
56,73,3.141593
56,85,2.356194
57,7,0.321751
57,9,-2.356194
57,10,0.785398
57,18,0.000000
57,19,-1.892547
57,24,-0.785398
57,69,3.141593
58,7,-1.570796
58,16,1.249046
58,17,3.141593
58,22,-0.785398
58,26,2.356194
58,58,0.000000
58,60,0.785398
58,61,1.892547
58,76,2.356194
58,80,0.785398
58,81,1.570796
58,82,2.356194
58,83,-0.785398
58,84,-1.892547
59,11,0.000000
59,20,2.356194
59,25,0.000000
59,40,-2.356194
59,61,-1.249046
59,62,-2.356194
59,75,-1.570796
60,13,0.000000
60,19,1.570796
60,38,-1.570796
60,66,-2.356194
60,68,0.000000
60,81,3.141593
61,12,-2.356194
61,17,1.249046
61,23,0.000000
61,33,2.356194
61,45,1.570796
61,50,1.570796
61,54,0.000000
61,59,3.141593
61,79,0.785398
62,17,-1.892547
62,62,0.000000
62,66,3.141593
62,79,0.000000
63,6,0.785398
63,19,-0.785398
63,24,-1.570796
63,31,-1.570796
63,45,0.785398
63,68,0.000000
64,6,0.000000
64,12,3.141593
64,19,-1.570796
64,45,-0.321751
64,58,0.000000
64,61,3.141593
64,86,2.356194
65,6,-0.785398
65,46,-1.249046
65,47,-2.356194
65,48,0.785398
65,64,0.000000
65,66,0.785398
65,67,1.892547
65,79,-1.249046
65,80,-2.356194
65,86,3.141593
66,34,0.000000
66,50,2.819842
66,67,-1.249046
66,68,-2.356194
66,71,0.785398
66,72,1.892547
66,86,-2.356194
67,6,0.785398
67,27,-0.785398
67,41,-2.356194
67,50,-2.356194
67,63,0.000000
67,72,-1.249046
67,73,-2.356194
67,76,0.785398
67,77,1.892547
68,6,-0.321751
68,8,2.356194
68,11,0.785398
68,12,1.892547
68,18,1.570796
68,50,-1.570796
68,77,-1.249046
68,78,-2.356194
68,79,0.785398
68,80,1.892547
69,14,2.356194
69,15,0.785398
69,16,1.892547
69,18,2.356194
69,58,0.000000
69,59,3.141593
69,61,0.000000
69,64,-0.785398
69,65,-1.570796
69,66,-2.356194
69,80,-1.249046
69,81,-2.356194
69,85,-0.785398
69,87,2.819842
70,6,0.321751
70,34,1.570796
70,87,-2.356194
71,10,1.570796
71,11,2.356194
71,39,1.570796
71,54,2.356194
71,57,3.141593
71,78,0.785398
71,79,1.892547
71,87,2.356194
72,6,-0.321751
72,15,-0.785398
72,16,-2.356194
72,53,-0.785398
72,60,0.000000
72,63,3.141593
72,68,0.000000
72,69,0.785398
72,70,1.892547
72,79,-1.249046
72,80,-2.356194
72,87,3.141593
73,13,-1.892547
73,19,1.570796
73,20,2.356194
73,21,0.785398
73,27,1.570796
73,35,-2.356194
73,39,0.785398
73,53,-1.570796
73,70,-1.249046
73,71,-2.356194
73,74,3.141593
73,87,-2.356194
74,7,-0.321751
74,9,2.356194
74,10,-0.785398
74,11,-1.892547
74,16,0.000000
74,17,-1.892547
74,39,-0.785398
74,40,-2.356194
74,41,3.141593
74,56,0.000000
74,58,3.141593
74,60,0.785398
74,76,0.000000
75,21,-0.785398
75,64,3.141593
76,18,0.000000
76,19,-1.892547
76,38,-1.570796
76,52,0.000000
76,53,3.141593
76,55,0.000000
76,56,3.141593
76,66,0.000000
76,67,3.141593
76,69,0.000000
76,73,3.141593
76,83,0.785398
77,6,-1.570796
77,11,3.141593
77,15,1.249046
77,16,2.356194
77,22,0.785398
77,23,1.892547
77,26,1.570796
77,31,1.570796
77,58,0.000000
77,59,3.141593
77,75,0.000000
77,86,1.570796
78,10,-1.892547
78,20,0.000000
78,26,3.141593
78,31,-1.570796
78,64,0.000000
78,65,3.141593
78,86,-2.356194
79,26,-2.356194
79,41,0.000000
79,44,3.141593
79,56,0.000000
79,58,3.141593
79,69,0.000000
79,81,0.000000
80,24,3.141593
80,26,2.356194
80,32,3.141593
80,60,0.000000
80,63,3.141593
80,82,-1.249046
81,5,0.785398
81,10,1.249046
81,14,2.356194
81,16,1.570796
81,21,0.000000
81,29,1.249046
81,52,0.000000
81,56,3.141593
81,65,0.000000
81,68,3.141593
81,80,3.141593
82,5,-0.321751
82,7,2.356194
82,9,-0.785398
82,14,-2.819842
82,20,3.141593
82,23,0.785398
82,24,3.141593
82,28,0.321751
82,31,1.570796
82,34,3.141593
82,41,3.141593
82,58,0.000000
82,59,3.141593
82,70,0.000000
83,13,-1.570796
83,16,-1.570796
83,19,-1.570796
83,23,-1.570796
83,31,-0.785398
83,32,-2.356194
83,37,0.000000
83,47,0.000000
83,50,3.141593
83,63,0.000000
83,64,3.141593
83,73,-2.356194
83,75,0.000000
83,76,3.141593
84,6,0.785398
84,12,-2.356194
84,22,1.570796
84,29,-2.356194
84,43,3.141593
84,54,0.000000
84,55,3.141593
84,66,0.000000
84,70,3.141593
84,78,0.000000
85,6,0.000000
85,21,0.000000
85,61,0.000000
85,62,3.141593
85,87,2.356194
86,6,-0.785398
86,14,3.141593
86,36,0.000000
86,37,3.141593
86,52,0.000000
86,54,3.141593
86,87,3.141593
87,25,3.141593
87,41,-1.570796
87,61,0.785398
87,87,-2.356194
88,10,2.356194
88,18,-0.785398
88,27,2.356194
88,49,0.000000
88,50,3.141593
88,62,-2.356194
88,71,0.000000
88,73,3.141593
88,80,0.785398
89,11,-2.356194
89,30,2.356194
89,81,0.000000
89,82,1.892547
90,29,-0.785398
90,39,0.000000
90,40,3.141593
90,47,0.785398
90,79,0.785398
90,87,2.356194
91,7,0.000000
91,12,1.570796
91,32,2.356194
91,44,0.000000
91,45,3.141593
91,48,-2.356194
91,70,0.785398
91,76,0.785398
91,80,0.000000
91,87,3.141593
92,9,-1.249046
92,10,-2.356194
92,11,-0.785398
92,15,2.356194
92,18,-0.785398
92,40,0.000000
92,41,3.141593
92,64,0.000000
92,65,3.141593
92,77,-2.356194
92,81,-1.249046
92,83,-1.892547
92,87,-2.356194
93,14,-0.785398
93,38,2.356194
93,45,0.000000
93,48,3.141593
93,74,3.141593
93,79,0.785398
94,27,0.785398
94,28,3.141593
94,37,-0.785398
94,55,0.785398
94,63,0.000000
94,64,3.141593
94,80,-2.356194
94,86,1.570796
95,16,2.356194
95,27,-1.570796
95,31,2.356194
95,35,2.356194
95,86,-2.819842
96,14,0.785398
96,15,2.356194
96,39,3.141593
96,44,3.141593
96,54,0.000000
96,55,0.000000
96,61,0.000000
96,62,3.141593
96,79,0.785398
97,15,-2.356194
97,24,0.000000
97,37,1.570796
97,47,2.356194
97,57,3.141593
97,75,0.785398
98,14,-0.785398
98,17,-0.785398
98,20,-0.785398
98,27,-0.785398
98,31,0.000000
98,35,0.000000
98,36,-0.785398
98,40,-0.785398
98,44,0.000000
98,51,0.000000
98,52,3.141593
98,77,3.141593
98,82,-0.785398
98,83,-1.892547
