11,45,1.249046
11,46,3.141593
12,69,2.356194
12,73,0.785398
12,74,1.570796
12,75,2.356194
13,66,1.249046
14,29,1.249046
14,30,3.141593
14,44,-1.570796
14,68,-2.356194
15,26,1.249046
15,27,2.356194
15,28,-0.785398
16,19,1.249046
16,20,2.356194
16,25,-0.785398
16,46,0.785398
16,47,2.356194
17,46,-0.785398
19,16,0.321751
19,50,1.570796
19,85,2.356194
20,16,-0.785398
20,52,2.356194
21,49,0.321751
21,53,0.000000
21,54,1.570796
21,55,2.356194
22,59,-2.356194
23,51,3.141593
23,54,0.000000
23,66,-1.570796
23,68,-1.892547
23,70,-2.356194
23,86,2.356194
24,51,-2.356194
24,57,2.356194
24,58,-0.785398
24,59,-1.570796
24,61,1.570796
24,62,2.356194
24,70,0.785398
25,46,0.785398
25,51,2.356194
25,54,0.000000
25,56,-1.892547
25,64,-1.570796
25,73,-0.785398
25,79,0.000000
25,80,-1.892547
26,65,0.785398
26,66,2.356194
27,53,-0.785398
27,54,-1.570796
27,55,3.141593
28,46,-2.356194
28,56,1.570796
28,58,1.249046
28,59,2.356194
28,60,-0.785398
28,61,-1.570796
28,63,1.570796
28,72,2.356194
28,73,0.785398
29,50,-0.785398
29,56,0.000000
29,67,0.785398
29,68,1.570796
29,77,2.356194
29,79,0.785398
30,45,-0.785398
30,46,-1.570796
30,47,-2.356194
30,65,-1.892547
30,74,-1.892547
30,88,2.356194
31,58,-1.570796
31,59,-2.356194
31,60,0.785398
31,61,1.570796
31,84,1.570796
31,85,2.356194
31,88,3.141593
32,35,-0.785398
32,36,-1.570796
32,37,-2.356194
32,54,-0.785398
32,55,-1.892547
32,68,-0.785398
32,74,2.356194
32,75,-0.785398
32,76,-1.892547
32,88,-2.356194
33,65,1.249046
33,66,3.141593
34,75,2.356194
34,76,0.785398
35,16,2.356194
35,67,2.356194
35,69,-0.785398
35,70,-1.570796
35,77,-1.570796
35,79,0.000000
36,66,-1.892547
36,78,0.000000
36,83,2.356194
36,85,0.785398
36,86,1.892547
36,88,2.356194
37,14,0.321751
37,17,0.000000
37,18,1.570796
37,19,2.356194
37,74,-2.356194
37,88,3.141593
38,14,-0.785398
38,43,3.141593
38,68,0.000000
38,70,-0.785398
38,71,-1.892547
38,76,0.785398
38,77,2.356194
38,84,2.356194
38,85,-0.785398
38,86,-1.892547
38,88,-2.356194
39,77,-2.356194
39,81,1.249046
40,20,0.785398
40,21,2.356194
40,33,0.785398
40,34,1.570796
40,35,3.141593
40,77,0.785398
40,88,2.356194
41,20,-0.785398
41,84,-2.356194
41,86,0.785398
41,88,-2.819842
42,38,1.249046
42,39,2.356194
42,41,0.785398
42,42,1.570796
42,82,-1.892547
43,33,0.000000
43,34,-1.570796
43,35,-2.356194
43,37,-0.785398
43,38,-1.892547
43,79,-0.785398
43,86,0.321751
43,88,2.819842
44,23,0.785398
44,24,2.356194
44,44,3.141593
44,79,0.785398
45,23,-0.785398
45,44,-2.356194
45,80,-2.356194
45,82,0.785398
45,83,1.570796
45,88,3.141593
47,85,-1.570796
47,86,-2.356194
47,87,-0.785398
47,89,2.819842
48,29,1.249046
48,30,2.356194
48,44,2.356194
48,78,1.570796
48,89,-2.356194
49,41,-0.785398
49,44,-2.819842
49,78,-1.570796
50,29,-1.570796
50,35,0.785398
50,36,1.570796
50,37,2.356194
50,75,1.570796
50,89,2.356194
51,14,0.785398
51,31,2.356194
51,89,3.141593
52,14,0.000000
52,29,-0.785398
52,30,-1.892547
52,36,0.785398
52,75,0.785398
52,80,0.000000
52,82,0.785398
52,83,2.356194
52,89,-2.356194
53,36,-0.785398
53,37,-2.356194
53,65,0.785398
53,89,2.356194
54,14,-0.785398
54,15,3.141593
54,66,0.000000
54,67,1.892547
54,74,0.000000
54,89,3.141593
55,16,0.000000
55,17,1.570796
55,18,2.356194
55,28,0.785398
55,29,1.570796
55,30,2.356194
55,31,0.785398
55,32,2.356194
55,72,0.785398
55,73,2.356194
55,76,-1.249046
55,78,-1.570796
55,80,1.570796
55,89,-2.356194
56,41,2.356194
56,44,2.356194
56,67,-0.785398
56,73,-1.570796
57,40,-0.785398
57,41,-2.356194
57,43,0.000000
57,44,-2.356194
57,74,1.570796
58,27,1.249046
58,29,-1.570796
58,30,-2.356194
58,31,-0.785398
58,32,-1.892547
58,42,0.000000
58,74,0.000000
58,79,-0.785398
59,25,1.249046
59,42,2.356194
59,74,-0.785398
60,22,0.785398
60,23,1.570796
60,39,0.785398
60,40,1.570796
60,42,-2.356194
60,80,0.785398
61,48,0.000000
61,81,-2.356194
61,82,3.141593
62,13,0.785398
62,25,-1.570796
62,27,-1.892547
62,40,2.356194
62,49,-2.356194
62,74,2.356194
63,13,-0.785398
63,14,3.141593
63,39,0.321751
63,40,-2.819842
63,49,2.356194
63,66,0.000000
63,67,1.892547
63,84,0.000000
63,85,0.785398
64,32,3.141593
64,39,-1.570796
64,48,-0.785398
64,67,-1.249046
64,68,-2.356194
64,72,-0.785398
64,73,-1.892547
64,77,3.141593
64,80,0.000000
64,82,3.141593
64,89,2.356194
65,26,1.249046
65,27,2.356194
65,38,1.570796
65,87,-2.356194
65,89,3.141593
66,12,2.356194
66,17,0.000000
66,18,1.570796
66,19,2.356194
66,38,-2.819842
66,89,-2.356194
67,12,-2.819842
67,26,-1.570796
67,34,1.249046
67,35,2.356194
67,36,-0.785398
67,37,-1.892547
68,28,2.356194
68,33,-0.785398
68,34,-1.892547
69,12,2.819842
69,24,1.249046
69,25,2.356194
69,26,-0.785398
69,27,-1.892547
69,42,3.141593
69,89,2.356194
70,12,-2.356194
70,84,0.000000
70,89,3.141593
71,30,1.249046
71,31,2.356194
71,89,-2.356194
72,27,2.356194
72,29,-0.785398
72,30,-1.892547
72,89,2.356194
73,26,-1.892547
73,37,0.785398
73,38,1.570796
73,39,2.356194
73,50,2.356194
73,84,0.000000
73,89,3.141593
74,44,2.356194
74,47,1.249046
74,48,2.356194
74,89,-2.356194
75,40,2.356194
75,41,0.785398
75,42,1.570796
75,46,0.000000
75,47,-1.892547
75,58,0.000000
75,59,3.141593
76,29,-0.785398
76,38,-0.785398
76,39,-1.892547
76,51,0.000000
76,53,3.141593
77,33,1.249046
77,34,2.356194
78,12,0.785398
78,32,0.000000
78,33,-1.892547
78,42,-0.785398
78,43,-1.892547
79,12,0.000000
79,22,0.785398
79,23,1.892547
79,29,1.249046
79,30,2.356194
79,68,0.000000
79,69,3.141593
80,12,-0.785398
80,23,-1.249046
80,24,-2.356194
80,28,-0.785398
80,29,-1.892547
80,48,3.141593
81,73,0.000000
81,75,3.141593
82,30,1.249046
82,31,2.356194
82,68,0.000000
82,69,3.141593
83,29,0.000000
83,30,-1.892547
83,44,0.000000
83,46,3.141593
84,12,0.785398
84,34,-0.785398
84,40,0.000000
84,42,3.141593
84,53,0.000000
84,56,3.141593
84,79,0.000000
85,12,-0.321751
85,14,2.356194
85,38,3.141593
85,86,0.000000
85,87,2.356194
86,35,0.000000
87,28,1.249046
87,29,2.356194
87,30,3.141593
87,40,0.000000
87,42,3.141593
87,52,0.000000
87,56,3.141593
87,79,0.000000
87,87,3.141593
88,27,-0.785398
88,28,-1.892547
88,87,-2.356194
89,16,0.785398
89,17,1.570796
89,18,2.356194
89,61,0.000000
89,62,3.141593
89,87,2.356194
90,32,3.141593
90,52,0.000000
90,55,3.141593
90,79,0.000000
90,85,0.785398
90,87,-2.819842
91,27,1.249046
91,28,2.356194
91,37,0.000000
91,39,3.141593
92,19,0.785398
92,20,2.356194
92,26,-0.785398
92,27,-1.892547
92,35,3.141593
93,19,-0.785398
93,31,1.249046
93,32,2.356194
93,86,2.356194
94,29,1.249046
94,31,-1.892547
94,86,-2.819842
95,27,1.249046
95,29,-1.892547
95,35,3.141593
95,77,0.000000
96,26,-0.785398
96,27,-1.892547
96,32,1.249046
96,33,3.141593
96,40,0.000000
96,41,3.141593
96,79,0.000000
96,80,1.892547
96,82,1.249046
97,31,-0.785398
97,32,-1.892547
98,29,-0.785398
98,35,0.000000
98,36,3.141593
98,42,0.000000
98,43,3.141593
98,77,0.000000
98,79,-0.785398
98,80,-1.892547
98,82,-1.249046
