12,33,1.249046
12,34,2.356194
12,52,0.785398
12,53,1.570796
12,54,2.356194
13,29,1.249046
13,30,2.356194
13,32,-0.785398
13,73,1.570796
17,78,2.356194
18,17,1.249046
18,18,2.356194
18,24,-0.785398
21,14,0.321751
21,53,0.785398
22,14,-0.785398
22,56,1.892547
22,80,2.819842
23,80,-2.356194
24,37,1.249046
24,58,-1.570796
25,32,1.570796
25,35,1.249046
25,46,-1.892547
25,60,2.356194
25,61,0.785398
25,81,3.141593
26,14,2.356194
26,32,-0.321751
26,48,1.249046
26,50,-1.892547
26,57,1.249046
26,59,-1.892547
27,46,1.249046
27,53,-0.321751
28,12,0.321751
28,45,0.000000
28,46,-1.892547
28,58,-2.356194
28,61,-0.785398
29,12,-0.785398
29,48,-0.785398
29,50,1.570796
29,51,2.356194
29,52,0.785398
30,47,3.141593
31,36,-1.892547
31,40,1.249046
31,61,0.785398
31,62,1.892547
31,66,-2.819842
32,28,0.321751
32,48,2.356194
32,49,0.000000
33,28,-0.785398
33,33,-0.785398
33,37,1.249046
33,39,-1.892547
33,51,2.356194
33,52,-0.785398
33,61,-0.785398
33,67,-0.785398
33,68,-1.892547
34,41,1.249046
34,42,2.356194
34,43,-0.785398
34,57,2.356194
34,70,0.321751
35,29,0.785398
35,54,-0.785398
35,65,-1.570796
35,66,-2.356194
36,12,2.356194
36,23,0.000000
36,24,1.570796
36,25,2.356194
36,29,-1.570796
36,38,1.249046
36,51,1.249046
36,52,3.141593
36,57,1.570796
36,60,1.249046
36,68,0.785398
37,11,0.321751
37,27,2.356194
37,32,1.249046
37,33,3.141593
37,35,-1.570796
37,37,0.000000
37,38,-1.892547
37,54,0.000000
37,55,3.141593
37,57,0.000000
37,83,2.356194
38,11,-0.785398
38,26,-1.892547
38,51,-2.356194
38,57,-1.570796
38,62,-1.570796
38,63,-2.356194
38,66,0.785398
38,68,-2.819842
38,73,2.356194
38,81,0.785398
39,39,0.000000
39,46,-1.570796
39,60,-0.785398
39,84,2.819842
40,33,1.249046
40,35,1.892547
40,38,1.570796
40,41,-2.356194
40,68,0.000000
40,69,1.570796
40,72,-2.819842
40,84,-2.356194
41,31,0.000000
41,38,3.141593
41,41,0.785398
41,51,1.570796
41,57,-1.570796
42,24,1.570796
42,38,-1.570796
42,41,-0.321751
42,42,2.819842
42,60,-1.570796
42,72,2.819842
43,19,0.785398
43,20,1.570796
43,22,1.570796
43,24,-2.356194
43,42,-2.356194
43,77,2.356194
43,78,-0.785398
43,79,-1.892547
44,29,0.785398
44,51,-1.570796
44,64,0.000000
44,65,3.141593
44,71,0.321751
45,21,-2.356194
45,27,3.141593
45,33,2.819842
45,46,-2.356194
45,48,-1.570796
45,55,1.570796
45,58,0.000000
45,59,3.141593
45,71,-0.785398
45,76,3.141593
46,25,0.000000
46,33,-2.356194
46,40,-2.356194
46,42,-1.570796
46,55,-1.570796
46,67,1.570796
46,72,-0.785398
46,76,-2.356194
47,67,-1.570796
48,10,0.321751
48,12,-2.356194
48,74,-0.785398
49,10,-0.785398
49,75,0.785398
49,77,1.892547
49,79,1.249046
49,81,1.892547
49,84,2.356194
50,24,0.785398
50,25,1.570796
50,28,2.819842
50,35,2.356194
50,84,3.141593
51,10,0.785398
51,31,0.785398
51,35,3.141593
51,75,0.000000
51,79,-1.249046
51,81,-1.892547
51,84,-2.356194
52,10,0.000000
52,25,0.785398
52,31,-0.785398
52,75,-0.785398
53,10,-0.785398
53,27,3.141593
53,76,-0.785398
53,84,2.356194
55,10,0.785398
55,27,0.785398
55,28,3.141593
55,34,-0.321751
55,41,0.785398
56,10,0.000000
56,21,0.785398
56,30,-0.785398
56,31,3.141593
57,10,-0.785398
57,27,-0.785398
57,29,2.356194
57,32,1.570796
57,35,-0.321751
57,36,2.819842
57,43,1.570796
58,26,3.141593
58,32,-0.321751
58,33,2.819842
58,44,3.141593
58,50,0.785398
58,56,0.000000
58,57,3.141593
58,73,0.785398
58,77,0.785398
58,78,1.570796
58,80,-1.892547
59,29,-0.321751
59,40,0.785398
59,46,3.141593
59,51,0.000000
59,76,0.000000
60,30,-1.249046
60,42,1.892547
60,52,-2.356194
60,77,-0.785398
61,10,0.785398
61,17,1.249046
61,19,-1.570796
61,27,3.141593
61,60,0.000000
61,72,2.356194
62,10,0.000000
62,24,0.000000
62,28,0.000000
62,29,1.892547
62,32,-0.321751
62,36,-1.249046
62,44,-1.570796
62,57,0.000000
62,74,0.000000
62,75,1.892547
63,10,-0.785398
63,17,-1.570796
63,33,-1.249046
63,34,3.141593
63,54,-2.356194
63,59,0.000000
63,60,1.892547
63,69,0.000000
63,75,-1.249046
63,76,-2.356194
63,78,0.785398
63,79,1.570796
63,80,2.356194
63,83,0.785398
63,86,3.141593
64,24,0.000000
64,26,1.892547
64,42,-1.249046
64,43,3.141593
64,47,1.570796
65,21,0.785398
65,22,1.892547
65,27,3.141593
65,31,-1.249046
65,32,3.141593
65,48,3.141593
65,62,2.819842
65,72,-1.249046
65,73,-2.356194
65,74,0.785398
65,75,1.892547
65,84,-2.819842
66,28,1.570796
66,39,3.141593
66,62,-2.356194
66,69,0.000000
66,70,1.892547
66,75,-1.249046
66,76,-2.356194
66,77,0.785398
66,87,2.356194
67,28,-0.785398
67,30,1.892547
67,34,0.785398
67,36,2.356194
67,39,-1.570796
67,51,3.141593
67,60,0.000000
67,61,0.000000
67,70,-1.249046
67,72,1.892547
67,78,-1.249046
67,80,1.570796
67,82,-1.892547
68,34,-1.570796
68,36,-1.570796
68,47,1.570796
68,63,3.141593
68,66,0.000000
68,72,-1.249046
68,73,-2.356194
69,31,-1.249046
69,33,2.356194
69,37,1.570796
69,42,1.570796
69,43,2.356194
69,48,3.141593
69,75,0.000000
69,76,1.892547
70,28,0.000000
70,37,-0.785398
70,38,-2.356194
70,39,0.785398
70,44,0.000000
70,60,0.785398
70,76,-1.249046
70,78,1.570796
70,82,2.356194
71,10,0.785398
71,36,2.356194
71,45,-2.356194
71,55,0.000000
71,72,0.000000
71,73,1.892547
72,10,-0.321751
72,12,2.356194
72,18,-0.785398
72,19,-1.570796
72,21,-1.892547
72,23,-1.570796
72,26,-1.249046
72,27,-2.356194
72,36,-1.570796
72,41,-1.249046
72,43,1.892547
72,58,3.141593
72,63,1.570796
72,68,0.785398
72,73,-1.249046
72,74,-2.356194
72,76,0.785398
72,77,2.356194
72,83,0.000000
72,84,-2.356194
72,89,2.356194
73,24,1.570796
73,38,3.141593
73,48,0.785398
73,53,0.000000
73,54,1.892547
73,63,-0.321751
73,70,0.785398
73,71,1.892547
73,80,0.321751
73,89,3.141593
74,24,-0.321751
74,29,-0.321751
74,44,-1.249046
74,45,3.141593
74,49,0.000000
74,50,1.892547
74,65,-2.356194
74,71,-1.249046
74,73,1.892547
74,89,-2.356194
75,25,-1.249046
75,26,3.141593
75,30,-1.249046
75,31,3.141593
75,35,3.141593
75,46,1.570796
75,50,-1.249046
75,51,3.141593
75,57,1.892547
75,61,0.000000
75,62,0.785398
75,67,0.000000
75,68,1.892547
75,73,-1.249046
75,74,-2.356194
75,75,0.785398
75,82,-2.819842
75,89,2.356194
76,21,1.249046
76,22,2.356194
76,27,1.570796
76,32,0.000000
76,36,-2.356194
76,48,1.892547
76,53,0.785398
76,57,-1.249046
76,58,3.141593
76,70,1.892547
76,86,0.785398
76,87,1.570796
77,24,1.570796
77,27,-0.785398
77,29,1.892547
77,59,0.000000
77,60,1.892547
77,64,-1.249046
77,65,-2.356194
77,66,0.785398
77,70,-1.249046
77,72,1.892547
77,77,-1.249046
78,24,-0.785398
78,26,2.356194
78,29,-1.249046
78,30,3.141593
78,34,-1.249046
78,36,1.892547
78,41,3.141593
78,44,0.000000
78,49,-1.249046
78,50,3.141593
78,72,-1.249046
78,73,3.141593
78,79,-1.249046
78,84,-0.785398
78,85,-1.570796
78,88,2.819842
79,26,-1.570796
79,46,0.000000
79,47,1.892547
79,51,0.000000
79,52,1.892547
79,75,0.785398
79,88,-2.356194
80,22,0.321751
80,24,2.819842
80,33,0.000000
80,34,1.892547
80,36,-1.570796
80,43,0.785398
80,47,-1.249046
80,49,1.892547
80,62,-1.249046
80,64,1.892547
80,69,-1.249046
80,70,3.141593
80,83,1.892547
80,88,2.356194
81,29,0.000000
81,30,1.892547
81,39,-1.249046
81,40,3.141593
81,44,0.000000
81,45,1.892547
81,58,-1.249046
81,59,3.141593
81,64,-1.249046
81,65,3.141593
81,71,0.000000
81,72,1.892547
81,79,1.249046
81,84,-2.356194
81,88,3.141593
82,20,1.249046
82,22,-1.570796
82,35,-1.249046
82,36,3.141593
82,41,0.000000
82,42,1.892547
82,46,-2.356194
82,47,3.141593
82,55,3.141593
82,60,0.000000
82,61,1.892547
82,66,0.000000
82,67,1.892547
82,72,-1.249046
82,73,-2.356194
82,88,-2.356194
83,28,1.570796
83,31,-1.249046
83,33,1.892547
83,37,0.000000
83,38,1.892547
83,53,2.356194
83,56,0.000000
83,67,-1.249046
83,68,3.141593
84,11,0.785398
84,33,-1.249046
84,45,3.141593
84,50,0.785398
84,53,-1.570796
84,57,-1.570796
84,62,-1.249046
84,63,-2.356194
84,70,0.785398
84,71,1.892547
84,83,0.785398
84,84,1.892547
84,88,2.356194
85,11,-0.321751
85,25,1.249046
85,26,2.356194
85,39,-1.249046
85,40,3.141593
85,51,2.819842
85,54,1.570796
85,65,1.570796
85,73,1.570796
85,74,2.356194
85,86,0.785398
85,88,-2.819842
86,48,0.785398
86,54,-0.321751
86,65,0.000000
86,67,0.785398
86,68,1.892547
86,83,-0.785398
86,84,-1.892547
87,12,0.785398
87,34,-0.785398
87,43,-1.249046
87,44,3.141593
87,49,-1.249046
87,51,3.141593
87,61,0.000000
87,62,1.892547
87,81,-1.892547
88,13,-2.356194
88,29,2.356194
88,36,1.570796
88,39,0.000000
88,40,1.892547
88,51,-1.570796
88,56,-1.249046
88,57,3.141593
88,62,-1.249046
88,63,-2.356194
88,65,3.141593
89,15,-1.570796
89,32,3.141593
89,36,-0.321751
89,40,-1.249046
89,46,0.000000
89,47,1.892547
89,52,0.000000
89,53,1.892547
89,67,1.249046
90,53,-1.249046
90,54,3.141593
90,60,0.000000
90,61,1.892547
90,65,0.000000
91,27,0.321751
91,37,-1.570796
91,39,-2.356194
91,42,0.000000
91,44,0.785398
91,49,-2.356194
91,55,0.000000
91,56,1.892547
91,62,2.819842
91,65,-1.570796
92,20,-1.570796
92,45,-1.570796
92,51,1.570796
92,57,2.819842
92,78,-2.356194
93,26,-0.785398
93,29,-2.819842
93,42,-0.785398
93,43,3.141593
93,46,0.000000
93,52,3.141593
93,64,-1.570796
93,66,2.356194
93,83,-0.785398
94,36,2.356194
94,44,1.570796
94,59,0.785398
94,60,1.570796
94,74,2.356194
95,32,-0.785398
95,33,-1.570796
95,34,-2.356194
95,46,-1.570796
95,48,1.570796
95,53,0.785398
95,76,-1.249046
95,77,3.141593
96,36,-1.249046
96,37,-2.356194
96,40,-0.785398
96,41,-1.570796
96,42,-2.356194
96,43,-0.785398
96,44,-1.892547
96,79,0.785398
96,80,1.892547
96,83,0.000000
96,84,-1.892547
97,50,-1.570796
97,51,-2.356194
97,52,-0.785398
97,53,-1.892547
97,56,-1.249046
97,57,-2.356194
97,59,-0.785398
97,70,-0.785398
97,71,-1.892547
98,61,-1.249046
98,63,-1.892547
98,65,-1.249046
98,67,-1.892547
98,78,0.000000
98,79,-0.785398
98,80,-1.892547
