3,33,2.356194
3,37,0.785398
3,38,1.892547
4,20,1.249046
4,21,2.356194
4,28,0.785398
4,29,1.892547
4,46,2.356194
5,17,1.249046
5,18,2.356194
5,19,-0.785398
5,33,3.141593
5,43,1.570796
6,13,1.249046
6,14,2.356194
6,16,-0.785398
6,45,3.141593
6,53,2.356194
6,54,0.785398
6,55,1.570796
6,56,2.356194
6,61,0.785398
6,62,1.570796
6,63,2.356194
7,32,2.819842
7,41,1.249046
7,45,-2.356194
8,23,0.000000
8,24,1.892547
8,32,-1.570796
8,37,-0.785398
8,38,-2.356194
8,39,0.785398
9,10,0.321751
9,20,1.570796
9,25,-2.356194
9,35,0.785398
9,36,2.356194
9,74,2.356194
9,82,0.785398
10,13,1.249046
10,20,-0.321751
10,23,1.570796
10,28,0.000000
10,40,0.785398
10,45,-1.249046
10,47,1.570796
10,71,1.249046
10,83,-2.356194
11,10,0.000000
11,29,-1.570796
11,36,-0.321751
11,42,1.892547
11,49,-2.356194
11,73,-2.356194
12,10,-0.785398
12,13,-1.249046
12,30,2.356194
12,47,-0.321751
12,54,-0.785398
12,56,2.819842
12,69,0.321751
13,26,2.356194
13,36,0.321751
13,44,-2.356194
13,52,1.570796
13,56,-2.356194
13,64,1.892547
13,69,-1.570796
13,84,3.141593
14,18,1.249046
14,19,3.141593
14,22,-1.249046
14,44,2.356194
14,47,0.321751
14,50,2.356194
14,52,3.141593
14,56,0.785398
15,17,0.321751
15,44,-2.819842
15,52,-1.570796
15,58,2.356194
15,59,-0.785398
15,60,-1.570796
15,68,2.356194
16,10,0.785398
16,12,1.249046
16,14,1.892547
16,24,0.321751
16,27,2.356194
16,30,3.141593
16,48,-2.356194
16,53,0.785398
16,54,2.356194
16,68,3.141593
17,6,1.249046
17,8,1.892547
17,38,-1.570796
17,40,1.570796
17,53,-0.785398
17,62,-0.785398
17,64,-1.249046
17,68,-1.570796
18,5,0.321751
18,12,-1.249046
18,21,0.785398
18,22,1.892547
18,26,3.141593
18,30,-0.321751
18,32,2.356194
18,53,2.356194
18,73,2.356194
19,5,-0.785398
19,24,-1.892547
19,26,-2.356194
19,35,-2.356194
19,51,1.249046
19,53,-2.356194
19,59,1.570796
19,65,0.321751
19,67,2.819842
19,70,0.000000
19,71,1.570796
19,73,3.141593
19,76,0.321751
20,26,0.785398
20,59,-0.785398
20,60,-2.356194
20,61,-0.785398
20,62,-1.570796
20,63,3.141593
21,14,-1.892547
21,17,-0.785398
21,28,1.892547
21,36,1.570796
21,47,1.570796
21,54,0.785398
21,57,1.249046
21,58,3.141593
21,64,-0.785398
21,71,-0.321751
21,76,-2.819842
22,32,2.356194
22,38,2.356194
22,42,-2.819842
22,47,0.000000
22,49,-1.570796
22,54,0.000000
23,5,0.785398
23,17,2.356194
23,26,-1.249046
23,38,-2.356194
23,47,-0.785398
23,65,0.321751
23,68,0.785398
23,69,2.356194
23,80,0.785398
23,81,1.892547
23,85,2.356194
24,5,0.000000
24,7,1.570796
24,8,2.356194
24,10,0.785398
24,13,-2.356194
24,68,-0.785398
25,40,1.570796
25,74,3.141593
25,80,0.321751
26,7,-2.819842
26,17,-0.785398
26,22,-1.249046
26,23,-2.356194
26,25,0.785398
26,36,-0.785398
26,37,-1.570796
26,38,-2.356194
26,39,-0.785398
26,40,-2.356194
26,48,-1.249046
26,49,3.141593
26,65,-1.249046
26,67,2.356194
26,74,-2.356194
27,20,2.356194
27,32,-1.570796
27,44,-0.785398
27,45,-1.892547
27,51,-0.785398
27,67,-1.570796
27,74,0.785398
27,87,1.892547
28,6,-1.249046
28,7,3.141593
28,9,1.249046
28,14,1.570796
28,15,2.356194
28,19,-0.785398
28,20,-2.356194
28,26,-1.570796
28,74,0.000000
28,88,2.819842
29,2,0.321751
29,21,0.785398
29,22,2.356194
29,24,0.785398
29,28,-1.570796
29,32,2.819842
29,59,0.785398
29,60,2.356194
29,61,0.785398
29,68,-0.785398
29,74,-1.570796
29,77,1.570796
29,85,-0.321751
30,2,-0.785398
30,21,-0.785398
30,25,-1.249046
30,27,2.356194
30,32,-2.356194
30,62,-1.570796
30,68,0.785398
30,73,1.570796
30,78,3.141593
31,7,1.249046
31,27,-2.356194
31,59,-0.321751
31,65,1.892547
31,68,-0.785398
31,69,-2.356194
31,73,-2.819842
32,2,0.785398
32,6,0.000000
32,7,-1.892547
32,9,-2.356194
32,13,0.000000
32,14,1.570796
32,16,-1.570796
32,17,-2.356194
32,20,-0.785398
32,21,-1.570796
32,22,-2.356194
32,31,1.570796
32,60,-1.249046
32,61,-2.356194
32,67,3.141593
32,79,0.785398
33,2,0.000000
33,4,0.785398
33,5,2.356194
33,25,0.785398
33,29,2.356194
33,30,-0.785398
33,31,-2.356194
33,71,-0.785398
33,86,-0.785398
33,88,-2.356194
34,2,-0.785398
34,5,-2.356194
34,32,-2.356194
34,82,1.892547
35,28,2.356194
35,65,-1.570796
35,72,3.141593
35,82,-1.249046
35,84,2.356194
35,89,-1.570796
36,2,0.785398
36,9,-0.785398
36,10,-1.570796
36,11,-2.356194
36,13,-0.785398
36,14,-1.570796
36,15,-2.356194
36,24,-0.785398
36,25,-1.570796
36,26,-2.356194
36,69,-0.785398
36,70,-1.892547
36,75,-0.785398
36,84,-1.570796
37,2,0.000000
37,4,-0.785398
37,5,-1.570796
37,6,-2.356194
37,28,-1.249046
37,29,-2.356194
37,85,0.000000
37,86,1.892547
38,2,-0.785398
38,32,1.570796
38,76,0.321751
38,78,-2.356194
38,79,0.785398
38,80,1.892547
38,86,-1.249046
38,87,3.141593
39,33,3.141593
39,76,-0.785398
39,80,-1.249046
40,10,1.249046
40,11,2.356194
40,24,0.785398
40,25,1.892547
40,82,-1.570796
41,2,0.785398
41,9,-0.785398
41,10,-1.892547
41,25,-1.249046
41,26,-2.356194
41,77,1.570796
41,91,-2.356194
42,3,-2.356194
42,78,3.141593
43,35,0.785398
44,14,1.249046
44,15,2.356194
44,33,1.570796
44,88,1.570796
45,35,-1.892547
45,75,0.000000
45,82,1.570796
45,88,0.000000
46,14,-2.356194
46,32,-0.785398
46,33,-1.892547
46,82,-0.785398
46,83,-2.356194
46,88,-1.570796
47,2,0.000000
47,80,0.785398
47,81,2.356194
47,86,0.785398
47,90,2.356194
48,13,-0.785398
48,14,-1.570796
48,15,-2.356194
48,25,3.141593
48,81,-1.570796
48,87,-1.249046
48,90,-2.819842
49,74,0.000000
49,75,0.785398
49,76,1.892547
49,82,1.570796
50,82,-0.785398
50,84,1.892547
50,88,0.000000
50,89,-2.356194
51,2,0.000000
51,33,0.785398
51,41,2.356194
51,80,0.785398
51,87,3.141593
51,91,3.141593
52,10,1.249046
52,11,2.356194
52,24,3.141593
52,26,0.000000
52,28,3.141593
52,41,3.141593
52,74,1.249046
52,81,-1.249046
53,9,-0.785398
53,10,-1.892547
53,41,-2.356194
53,87,1.570796
54,3,0.000000
54,41,2.356194
54,64,1.249046
54,66,1.570796
54,67,2.356194
54,70,0.785398
54,71,1.570796
54,77,-1.249046
54,79,1.892547
54,87,-0.785398
54,89,1.892547
55,14,1.249046
55,15,2.356194
55,39,0.785398
55,41,-2.819842
55,86,2.356194
55,89,-1.249046
55,90,3.141593
56,13,-0.785398
56,14,-1.892547
56,66,0.000000
56,71,-0.321751
56,76,1.892547
56,86,-1.570796
56,91,-2.356194
57,61,-0.785398
57,63,-2.356194
57,66,-0.785398
57,76,-1.249046
57,78,1.892547
57,83,1.892547
58,4,-0.785398
58,37,0.785398
58,38,1.892547
58,40,2.356194
58,78,-1.249046
58,83,-1.249046
58,84,3.141593
58,88,1.570796
59,69,0.785398
59,88,-0.785398
59,89,3.141593
60,66,0.785398
60,69,-0.785398
60,70,-2.356194
60,71,0.785398
60,81,-1.249046
60,82,-2.356194
60,83,0.785398
60,87,2.356194
60,91,3.141593
61,39,-2.356194
61,68,2.356194
61,72,-1.570796
61,77,-2.356194
61,87,-2.356194
62,2,0.000000
62,18,0.785398
62,19,1.570796
62,20,2.356194
62,35,-0.785398
62,36,-1.892547
62,68,-1.570796
62,74,0.785398
62,75,2.356194
62,79,0.000000
62,80,1.892547
62,84,-0.321751
63,39,2.356194
63,69,0.000000
63,70,1.892547
63,75,-1.570796
63,87,-1.570796
63,89,1.892547
64,8,1.249046
64,9,2.356194
64,19,0.785398
64,64,0.000000
64,81,-1.249046
64,82,-2.356194
64,83,0.785398
64,90,3.141593
65,7,-0.785398
65,8,-1.892547
65,47,3.141593
65,66,0.000000
65,67,1.892547
65,71,-1.249046
65,72,-2.356194
65,73,3.141593
65,78,0.000000
65,79,1.892547
65,84,-1.249046
65,85,3.141593
65,91,-2.356194
66,3,0.000000
66,18,-0.785398
66,19,-1.892547
66,36,-0.785398
66,37,-1.892547
66,41,1.570796
66,61,0.785398
66,86,0.000000
66,87,2.356194
67,42,3.141593
67,62,0.000000
67,63,1.892547
67,80,-1.249046
67,81,3.141593
67,87,-1.570796
68,45,3.141593
68,63,-1.249046
68,64,-2.356194
68,65,3.141593
68,75,0.000000
68,82,0.000000
68,83,1.892547
69,69,-1.570796
69,78,0.000000
69,79,1.892547
69,83,-1.249046
69,84,3.141593
70,3,0.000000
70,33,3.141593
70,36,0.000000
70,61,0.785398
70,67,0.000000
70,68,0.000000
70,90,-1.570796
71,42,0.785398
71,43,1.570796
71,44,2.356194
71,71,-0.785398
71,80,-1.249046
71,81,3.141593
71,87,1.570796
72,45,0.000000
72,65,3.141593
72,76,1.892547
72,82,0.000000
72,87,-0.321751
73,5,1.249046
73,6,2.356194
73,49,0.000000
73,52,0.785398
73,53,1.892547
73,78,1.892547
73,83,-1.570796
74,4,0.000000
74,5,-1.892547
74,42,-0.785398
74,43,-1.570796
74,44,-2.356194
74,53,-1.249046
74,54,-2.356194
74,55,3.141593
74,60,0.000000
74,62,3.141593
74,78,-1.249046
74,80,1.892547
74,90,2.819842
75,3,-0.785398
75,46,-1.249046
75,47,3.141593
75,57,0.785398
75,68,0.000000
75,71,0.785398
75,81,2.819842
75,85,0.000000
75,86,1.892547
75,90,-1.570796
76,7,1.249046
76,8,3.141593
76,21,0.000000
76,50,3.141593
76,64,0.000000
76,75,-0.321751
76,81,-1.570796
76,87,2.819842
76,91,-2.356194
77,6,0.000000
77,7,-1.892547
77,18,3.141593
77,53,0.000000
77,76,-1.249046
77,77,3.141593
77,82,0.000000
77,87,-1.570796
78,4,1.249046
78,5,3.141593
78,55,0.000000
78,56,1.892547
78,78,0.000000
78,79,1.892547
78,83,-1.570796
79,2,0.000000
79,3,-0.785398
79,4,-1.892547
79,20,1.249046
79,21,2.356194
79,56,-1.249046
79,57,3.141593
79,64,0.785398
79,65,1.892547
79,74,0.000000
79,75,1.892547
79,80,2.819842
79,84,1.570796
80,8,1.249046
80,9,3.141593
80,19,-0.785398
80,20,-1.892547
80,65,-1.249046
80,66,3.141593
80,80,-1.570796
80,84,-0.321751
81,6,1.249046
81,8,-1.892547
81,13,1.249046
81,14,3.141593
81,53,3.141593
81,59,-2.356194
81,72,0.000000
81,77,2.819842
81,86,2.819842
81,89,-1.570796
82,5,-0.785398
82,6,-1.892547
82,11,1.249046
82,13,-1.892547
82,21,0.000000
82,25,3.141593
82,28,0.000000
82,32,3.141593
82,44,3.141593
82,73,-1.570796
82,77,-1.570796
82,81,-1.570796
82,86,-2.356194
83,2,0.000000
83,10,-0.785398
83,11,-1.892547
83,18,3.141593
83,35,0.785398
83,46,0.000000
83,47,3.141593
83,55,0.000000
83,74,0.000000
83,75,1.892547
83,78,-2.356194
83,86,-1.570796
84,7,1.249046
84,8,3.141593
84,14,1.249046
84,15,2.356194
84,36,2.356194
84,75,-1.249046
84,76,3.141593
85,5,0.000000
85,6,-0.785398
85,7,-1.892547
85,14,-1.892547
85,26,3.141593
85,34,0.000000
85,41,3.141593
85,77,0.000000
86,12,-1.570796
86,53,0.000000
86,59,-2.356194
86,78,-1.570796
86,88,1.570796
86,90,0.785398
87,17,1.249046
87,18,2.356194
87,56,3.141593
87,79,1.570796
88,15,1.249046
88,17,-1.892547
88,25,3.141593
88,31,0.000000
88,79,-0.321751
88,80,2.819842
88,85,1.570796
88,88,-1.570796
89,9,-1.570796
89,14,0.000000
89,15,-1.892547
89,21,1.249046
89,22,3.141593
89,40,3.141593
89,52,1.570796
89,80,-2.356194
89,91,-1.570796
90,3,2.356194
90,52,-1.570796
90,67,0.785398
90,89,1.570796
91,2,-0.785398
91,12,3.141593
91,19,-0.785398
91,20,-1.892547
91,24,2.356194
91,47,0.785398
91,89,0.785398
92,11,-0.785398
92,16,3.141593
92,23,1.570796
92,48,-2.356194
92,68,-1.570796
92,73,0.785398
92,81,-1.570796
92,89,-0.321751
92,90,2.819842
93,15,-1.570796
93,21,0.000000
93,23,3.141593
93,27,2.356194
93,65,0.785398
93,90,-2.356194
94,4,2.356194
94,23,-2.356194
94,25,0.000000
94,29,0.000000
94,30,3.141593
94,74,-1.570796
95,8,-0.785398
95,17,2.356194
95,53,0.000000
95,66,-1.570796
95,83,0.785398
95,87,1.570796
96,2,-0.785398
96,20,0.000000
96,55,-2.356194
96,71,1.570796
96,87,-0.321751
96,88,2.819842
96,91,-2.356194
97,25,0.000000
97,27,3.141593
97,29,0.000000
97,31,3.141593
97,33,0.000000
97,37,3.141593
97,39,1.570796
97,57,0.785398
97,67,1.570796
97,88,-2.356194
98,10,-1.570796
98,14,-0.785398
98,39,-1.570796
98,58,-2.356194
98,67,-1.570796
98,71,-1.570796
98,80,-1.570796
98,84,-1.570796
98,88,-1.570796
