6,57,1.249046
6,58,2.356194
7,51,0.785398
7,52,1.570796
7,53,2.356194
7,66,2.356194
8,43,1.249046
8,44,3.141593
8,57,-2.356194
9,42,0.321751
9,72,1.570796
10,20,1.249046
10,21,3.141593
10,51,0.321751
10,53,2.819842
10,62,0.321751
11,40,0.785398
11,42,3.141593
11,62,-1.570796
11,71,0.321751
11,79,1.570796
12,51,-0.321751
12,53,-2.819842
13,38,1.892547
13,61,2.356194
13,71,3.141593
14,16,0.321751
14,52,0.785398
14,54,1.249046
14,58,-2.356194
14,60,-0.785398
14,61,-2.356194
14,77,0.321751
15,16,-1.570796
15,35,0.321751
15,40,-1.249046
15,52,0.000000
15,77,-0.785398
16,54,-1.249046
16,57,2.819842
17,52,3.141593
18,28,2.356194
18,33,1.570796
18,41,-1.892547
18,49,-0.785398
18,50,-1.892547
18,59,0.785398
18,60,1.570796
18,61,2.356194
18,63,-0.785398
18,64,-1.892547
18,73,1.570796
18,75,1.892547
19,56,-0.785398
19,57,-1.892547
20,25,1.892547
20,31,-1.570796
20,35,-1.892547
20,42,1.570796
20,51,-0.785398
20,52,-1.892547
20,62,0.785398
20,63,1.570796
20,64,2.356194
20,70,-0.785398
21,37,0.000000
21,38,-1.570796
21,46,-0.785398
21,47,-1.892547
21,56,1.249046
21,57,2.356194
21,59,-0.785398
21,60,-1.892547
22,16,3.141593
22,35,2.356194
22,36,0.000000
22,44,-1.892547
22,64,-2.356194
22,66,0.785398
22,67,1.892547
22,87,3.141593
23,39,1.570796
23,41,-1.892547
23,47,1.249046
23,48,2.356194
23,61,-0.785398
23,62,-1.892547
24,21,0.785398
24,35,0.000000
24,44,1.249046
24,45,2.356194
24,46,-0.785398
24,47,-1.892547
24,52,1.249046
24,53,2.356194
24,55,-0.785398
24,56,-1.892547
24,83,0.000000
24,84,-1.892547
25,29,-1.892547
25,42,1.249046
25,49,1.249046
25,50,2.356194
25,51,-0.785398
25,52,-1.892547
25,60,1.249046
25,61,2.356194
25,66,-0.785398
25,72,-1.570796
25,80,0.785398
25,81,1.570796
25,82,3.141593
26,10,0.321751
26,40,-2.356194
26,41,-0.785398
26,47,1.249046
26,59,-0.785398
26,60,-1.892547
26,88,2.356194
27,10,-0.785398
27,19,1.249046
27,30,1.570796
27,43,0.000000
27,44,-0.785398
27,51,2.356194
27,86,0.785398
28,48,-2.356194
28,49,-0.785398
28,50,-1.892547
28,57,1.249046
28,58,2.356194
28,67,-0.785398
28,68,-1.570796
28,69,-2.356194
28,74,0.785398
28,75,1.892547
28,83,1.570796
28,89,2.819842
29,17,0.321751
29,26,0.785398
29,39,1.249046
29,40,3.141593
29,45,-0.785398
29,46,-1.892547
29,56,-0.785398
29,57,-1.892547
29,75,-1.249046
29,76,-2.356194
29,79,-0.785398
29,80,-1.892547
29,85,-1.249046
29,87,-1.892547
29,89,-1.570796
30,42,1.249046
30,43,3.141593
30,60,0.000000
30,63,3.141593
30,65,0.000000
30,70,0.785398
30,71,1.892547
31,24,2.356194
31,41,-0.785398
31,42,-1.892547
31,46,1.249046
31,47,2.356194
31,58,3.141593
31,73,0.785398
31,82,0.000000
31,90,2.356194
32,44,1.249046
32,46,-1.892547
32,66,0.000000
32,78,2.356194
32,80,0.785398
32,85,-2.356194
32,90,3.141593
33,19,-0.321751
33,38,-1.892547
33,43,-0.785398
33,48,0.000000
33,57,0.000000
33,59,3.141593
33,71,-1.249046
33,72,-2.356194
33,81,-1.249046
33,87,0.000000
34,40,1.249046
34,41,3.141593
34,45,0.000000
34,46,3.141593
34,52,0.000000
34,54,3.141593
34,78,-2.356194
34,83,-1.249046
34,85,1.892547
35,20,-0.785398
35,35,-1.892547
35,38,1.249046
35,43,1.249046
35,44,3.141593
35,50,3.141593
35,59,0.000000
35,63,3.141593
35,67,0.000000
35,73,-0.785398
35,74,-1.892547
35,80,1.570796
35,86,3.141593
36,30,-2.356194
36,37,0.000000
36,38,-1.892547
36,43,-1.892547
36,78,1.892547
36,83,0.785398
36,84,2.356194
36,87,0.000000
36,91,2.819842
37,18,2.356194
37,35,1.249046
37,36,3.141593
37,40,0.000000
37,41,-1.892547
37,62,0.000000
37,84,-1.570796
37,91,-2.356194
38,21,-2.356194
38,30,0.000000
38,31,-1.892547
38,34,0.000000
38,38,1.249046
38,39,3.141593
38,43,1.249046
38,44,3.141593
38,74,0.785398
38,75,1.892547
38,80,-1.249046
38,81,3.141593
38,85,0.000000
38,86,1.892547
38,89,-1.249046
39,22,0.785398
39,36,0.000000
39,37,-0.785398
39,41,1.249046
39,47,2.356194
39,82,0.000000
39,83,1.892547
40,31,1.249046
40,32,3.141593
40,35,1.570796
40,39,0.000000
40,40,-0.785398
40,45,2.356194
40,51,2.356194
40,70,0.000000
40,88,0.000000
40,89,1.892547
40,91,2.356194
41,30,0.000000
41,34,0.000000
41,35,-2.356194
41,44,-1.892547
41,49,0.000000
41,74,0.785398
41,82,0.785398
41,86,-1.570796
42,36,0.000000
42,47,2.356194
42,75,-1.249046
42,76,3.141593
42,87,0.000000
43,9,0.321751
43,11,-2.356194
43,25,1.570796
43,39,1.249046
43,41,-1.892547
43,45,1.249046
43,46,3.141593
43,91,-2.356194
44,9,-1.570796
44,30,2.356194
44,43,1.249046
44,74,0.785398
44,89,-1.249046
44,90,-2.356194
45,16,0.321751
45,20,-2.819842
45,29,-2.356194
45,32,1.249046
45,33,3.141593
45,37,0.000000
45,38,-1.892547
45,42,0.000000
45,46,2.356194
45,76,3.141593
45,79,0.000000
46,22,0.321751
46,35,1.249046
46,36,3.141593
46,40,1.249046
46,41,3.141593
46,46,-2.819842
46,88,-2.356194
47,16,-0.321751
47,85,0.000000
48,29,0.000000
48,30,-1.892547
48,33,0.000000
48,34,-1.892547
48,37,1.249046
48,39,-1.892547
48,79,1.570796
48,90,0.785398
49,16,0.321751
49,28,1.570796
49,32,1.570796
49,44,-0.785398
49,45,-2.356194
49,75,0.785398
49,79,-1.570796
50,16,-0.785398
50,31,0.000000
50,76,-2.356194
50,88,3.141593
50,91,-1.570796
51,30,3.141593
51,39,0.000000
51,40,-1.892547
51,46,2.356194
52,17,-0.785398
52,21,-0.785398
52,42,1.249046
52,43,2.356194
52,46,3.141593
52,82,0.785398
52,87,2.819842
52,89,-1.570796
53,21,2.356194
53,24,-0.785398
53,36,-0.785398
53,64,0.000000
53,66,0.785398
53,79,0.785398
53,87,-1.570796
54,20,0.321751
54,24,2.356194
54,28,-2.819842
54,31,0.321751
54,45,0.321751
54,47,-2.356194
54,48,3.141593
54,84,1.570796
55,8,0.785398
55,15,1.249046
55,22,0.785398
55,24,-2.356194
55,34,2.356194
55,39,0.321751
55,67,-0.785398
55,68,-2.356194
55,84,-0.321751
56,8,0.000000
56,20,-2.356194
56,31,-2.356194
56,33,1.570796
56,39,-1.570796
56,45,3.141593
56,73,0.000000
56,74,1.570796
56,75,2.356194
56,76,0.785398
56,77,1.892547
56,86,2.819842
57,8,-0.785398
57,33,-2.819842
57,45,-2.356194
57,78,2.819842
57,83,1.570796
57,86,-1.570796
57,89,-1.570796
58,15,-0.785398
58,18,-2.819842
58,78,-1.570796
58,81,1.570796
58,83,-0.321751
58,84,2.819842
59,21,-1.570796
59,45,0.785398
59,84,-1.570796
60,19,1.570796
60,20,3.141593
60,23,-0.785398
60,30,-0.785398
60,33,1.570796
60,48,3.141593
60,82,-2.356194
60,85,1.570796
61,8,0.785398
61,23,2.356194
61,36,1.570796
61,42,0.000000
61,74,0.785398
61,85,-0.321751
61,86,2.819842
62,8,0.000000
62,15,-0.785398
62,16,-1.570796
62,17,3.141593
62,19,2.356194
62,22,0.321751
62,23,-2.819842
62,25,0.321751
62,26,-2.819842
62,35,0.321751
62,36,-2.819842
62,45,-2.356194
62,66,1.570796
62,74,0.000000
62,76,0.785398
62,86,-1.570796
63,8,-0.785398
63,22,-1.570796
63,28,1.570796
63,66,-0.321751
63,67,2.819842
63,74,-1.570796
63,90,1.570796
64,21,1.570796
64,24,0.321751
64,25,-2.819842
64,27,0.321751
64,28,-2.819842
64,34,0.321751
64,35,-2.819842
64,67,-1.570796
64,73,0.785398
64,77,-0.321751
64,78,2.819842
64,84,0.785398
64,90,-0.321751
64,91,2.819842
65,18,-1.570796
65,21,-2.819842
65,24,-1.570796
65,27,-0.785398
65,34,-1.570796
65,40,1.570796
65,44,1.570796
65,71,0.785398
65,72,2.356194
65,78,-1.570796
65,81,0.785398
65,91,-2.356194
66,30,1.570796
66,43,0.321751
66,44,-2.819842
66,72,-2.356194
66,79,-2.356194
66,81,-0.321751
66,82,2.819842
66,88,0.785398
67,15,1.249046
67,17,-1.570796
67,20,-2.819842
67,29,0.321751
67,30,-2.819842
67,36,-0.785398
67,43,-0.785398
67,82,-1.570796
67,88,-0.321751
68,8,0.785398
68,14,0.000000
68,15,-1.892547
68,23,2.356194
68,29,-1.570796
68,40,-1.570796
69,8,-0.321751
69,10,2.356194
69,22,0.321751
69,23,-2.819842
69,35,1.570796
69,43,-1.570796
69,72,-1.570796
70,22,-0.785398
70,28,-1.570796
70,32,-1.570796
70,40,1.570796
70,75,-1.570796
70,84,0.785398
70,87,0.785398
70,90,-0.321751
70,91,2.819842
71,45,1.570796
71,48,1.570796
71,82,0.785398
71,85,2.819842
71,87,-0.321751
71,88,2.819842
71,91,-2.356194
72,19,2.356194
72,27,1.570796
72,37,1.570796
72,78,1.570796
72,80,1.570796
72,83,0.000000
72,85,-1.570796
73,18,0.321751
73,19,-2.819842
73,29,1.570796
73,31,1.570796
73,78,-1.570796
73,83,0.785398
73,86,1.570796
74,34,-1.570796
74,51,1.570796
74,54,1.570796
74,83,-0.321751
74,84,2.819842
75,18,-2.819842
75,40,-1.570796
76,33,1.570796
76,42,1.570796
76,77,0.000000
76,78,0.785398
76,81,2.819842
76,84,-0.321751
77,24,2.356194
77,29,-1.570796
77,31,-1.570796
77,39,1.570796
77,58,1.570796
77,81,-2.356194
77,85,-2.356194
78,14,0.321751
78,23,0.321751
78,26,2.356194
78,64,0.000000
78,78,0.000000
78,85,0.785398
79,9,0.785398
79,23,-1.570796
79,26,-2.819842
79,29,2.356194
79,30,3.141593
79,48,0.785398
79,66,0.000000
79,67,1.892547
79,77,1.570796
79,85,-0.321751
79,91,2.356194
80,9,0.000000
80,13,-0.785398
80,14,-1.570796
80,15,-2.356194
80,20,2.356194
80,25,-0.785398
80,28,-0.785398
80,45,0.785398
80,48,-0.321751
80,49,2.819842
80,67,-1.249046
80,68,-2.356194
80,80,-0.321751
80,91,3.141593
81,9,-0.785398
81,20,-2.819842
81,45,-0.321751
81,46,2.819842
81,49,-2.356194
81,63,0.785398
81,74,0.785398
81,75,2.356194
81,91,-2.356194
82,19,-0.785398
82,46,-2.356194
82,52,0.785398
82,55,0.785398
82,65,3.141593
82,75,-2.356194
82,79,2.819842
83,17,1.892547
83,22,2.356194
83,28,-1.570796
83,30,1.570796
83,52,-0.321751
83,53,2.819842
83,55,-0.321751
83,67,0.000000
83,68,0.785398
83,69,1.892547
83,75,-1.570796
83,79,-1.570796
83,83,-1.249046
83,84,3.141593
83,88,-0.321751
84,19,-1.570796
84,22,-2.819842
84,53,-2.356194
84,62,0.000000
84,63,1.892547
84,69,-1.249046
84,70,-2.356194
84,85,1.570796
85,14,0.321751
85,57,-1.249046
85,58,3.141593
85,85,-0.321751
86,53,-1.570796
86,64,-1.249046
86,65,-2.356194
86,66,0.785398
86,67,1.892547
86,82,1.570796
87,11,1.249046
87,12,2.356194
87,13,-0.785398
87,14,-1.570796
87,50,0.785398
87,56,0.785398
87,67,-1.249046
87,68,3.141593
87,86,-1.570796
87,90,-2.819842
88,50,-0.321751
88,51,2.819842
88,54,1.570796
88,78,0.000000
88,79,1.892547
88,81,1.570796
88,83,-1.249046
89,10,-0.785398
89,21,2.356194
89,27,1.570796
89,51,-2.356194
89,54,0.785398
89,66,0.785398
89,79,-1.249046
89,81,3.141593
89,85,-1.249046
90,21,-2.819842
90,44,0.785398
90,48,0.785398
90,54,-0.321751
90,55,2.819842
90,58,0.000000
90,73,0.000000
90,74,1.570796
90,75,2.356194
90,76,3.141593
90,81,-1.570796
90,87,-1.249046
90,89,-2.356194
91,44,-0.321751
91,45,2.819842
91,48,-0.321751
91,49,2.819842
91,64,-2.356194
91,68,0.000000
91,69,1.892547
92,24,2.356194
92,45,-2.356194
92,49,-2.356194
92,52,0.785398
92,55,-0.321751
92,60,3.141593
92,83,0.000000
92,84,1.892547
93,24,-2.819842
93,45,0.785398
93,52,-0.321751
93,53,2.819842
93,57,2.819842
93,61,1.570796
93,67,1.570796
93,70,-1.249046
93,71,3.141593
93,84,-1.249046
93,85,3.141593
93,90,2.356194
94,18,-1.570796
94,45,-0.321751
94,46,2.819842
94,53,-1.570796
94,57,-1.570796
94,61,-0.321751
94,88,0.785398
94,90,-2.819842
95,33,0.785398
95,46,-2.356194
95,50,0.785398
95,59,3.141593
95,62,-1.249046
95,63,3.141593
95,74,0.000000
95,75,1.892547
96,22,-1.570796
96,27,0.785398
96,33,-0.321751
96,34,2.819842
96,36,1.570796
96,50,-0.321751
96,51,2.819842
96,55,1.570796
96,75,-1.249046
96,77,1.892547
96,83,0.000000
96,84,1.892547
96,89,2.356194
97,23,-2.356194
97,28,3.141593
97,30,2.356194
97,34,-2.356194
97,36,0.785398
97,39,2.356194
97,43,-2.356194
97,51,-1.570796
97,55,-0.321751
97,65,0.000000
97,66,1.892547
97,77,-1.249046
97,78,3.141593
97,84,-1.249046
97,85,-2.356194
97,88,-0.785398
98,29,-0.785398
98,34,-1.570796
98,37,-2.356194
98,38,-0.785398
98,47,-1.570796
98,52,-2.356194
98,56,-1.249046
98,57,-2.356194
98,58,3.141593
98,66,-1.249046
98,67,-2.356194
98,68,3.141593
98,75,3.141593
98,79,-2.356194
