13,40,0.785398
13,41,1.892547
13,44,1.249046
13,45,2.356194
13,47,0.785398
13,48,1.570796
13,49,2.356194
13,52,0.785398
13,53,1.570796
13,54,2.356194
14,25,0.785398
14,26,2.356194
14,71,2.356194
15,26,-1.570796
15,41,-0.785398
15,44,-2.356194
17,67,0.321751
18,67,-0.785398
19,67,2.356194
19,81,3.141593
20,65,1.249046
20,67,3.141593
21,14,2.356194
21,67,-2.356194
22,62,1.249046
23,64,-2.356194
23,83,3.141593
24,11,0.321751
24,52,0.321751
24,54,2.819842
25,11,-1.570796
25,41,2.356194
25,48,2.356194
25,52,-0.785398
25,64,2.356194
26,40,0.321751
26,41,-2.819842
26,48,3.141593
26,54,-2.819842
26,58,0.321751
26,64,3.141593
26,85,2.356194
27,40,-1.570796
27,45,0.000000
27,52,0.000000
27,53,-1.892547
27,58,-1.570796
27,62,-0.785398
28,48,-2.356194
28,51,-0.785398
28,55,1.249046
28,56,2.356194
28,64,-2.819842
29,37,0.000000
29,54,0.000000
29,55,-1.892547
29,60,1.249046
29,61,2.356194
29,62,-0.785398
29,63,-1.892547
29,70,-1.892547
30,35,1.249046
30,36,3.141593
30,66,1.249046
30,68,-1.892547
31,33,0.785398
31,42,2.356194
31,43,-0.785398
31,49,2.356194
31,52,1.570796
31,58,3.141593
31,63,1.249046
31,64,2.356194
31,65,-0.785398
31,66,-1.892547
31,73,0.000000
31,74,-1.892547
32,31,1.249046
32,32,3.141593
32,37,2.356194
32,39,-0.785398
32,47,-2.356194
32,51,0.000000
32,52,-2.356194
32,60,0.000000
32,62,-0.785398
32,63,-1.892547
32,87,2.356194
33,34,0.000000
33,41,-2.356194
33,45,-0.785398
33,53,0.000000
33,54,1.570796
33,55,2.356194
33,78,0.000000
33,79,-1.892547
34,30,-1.892547
34,36,-2.356194
34,45,-1.570796
34,49,-0.785398
34,64,1.249046
34,65,2.356194
35,11,3.141593
35,28,-1.570796
35,57,-1.570796
35,62,0.785398
35,71,1.249046
35,72,2.356194
35,80,0.000000
35,83,0.785398
36,8,0.321751
36,18,1.249046
36,19,2.356194
36,27,3.141593
36,52,1.570796
36,55,0.785398
36,56,3.141593
36,60,-1.570796
36,67,1.249046
36,68,2.356194
36,70,-0.785398
36,71,-1.892547
37,8,-1.570796
37,26,-0.785398
37,31,2.356194
37,32,-0.785398
37,33,-1.892547
37,48,-0.785398
37,52,-1.570796
37,55,-1.570796
37,64,3.141593
37,75,1.249046
37,76,2.356194
37,83,-0.785398
37,89,2.356194
38,14,1.570796
38,38,0.785398
38,41,-2.356194
38,43,3.141593
38,74,-0.785398
38,75,-1.892547
39,14,0.000000
39,18,-1.892547
39,22,0.785398
39,24,1.570796
39,25,3.141593
39,29,0.000000
39,45,0.000000
39,46,3.141593
39,57,3.141593
39,64,0.321751
39,68,1.249046
39,69,2.356194
39,82,1.249046
39,83,2.356194
39,87,-0.785398
39,88,-1.892547
40,28,-0.785398
40,32,0.000000
40,56,-1.570796
40,64,-1.570796
40,77,0.000000
40,81,-0.785398
40,82,-1.892547
41,22,-2.819842
41,25,0.000000
41,26,3.141593
41,39,-1.570796
41,44,3.141593
41,51,-0.785398
41,63,1.570796
41,67,-0.785398
41,70,1.249046
41,71,2.356194
41,75,3.141593
41,90,2.356194
42,30,0.000000
42,31,3.141593
42,42,1.570796
42,46,0.000000
42,47,3.141593
42,62,0.000000
42,81,1.249046
42,82,2.356194
42,90,3.141593
43,28,2.356194
43,41,0.000000
43,42,-2.356194
43,61,1.570796
43,65,1.249046
43,90,-2.356194
44,6,0.321751
44,8,3.141593
44,27,-0.785398
44,44,3.141593
44,52,-0.785398
44,61,-2.819842
44,70,0.000000
44,71,1.570796
44,72,2.356194
44,81,-1.249046
44,82,-2.356194
44,90,2.356194
45,6,-0.785398
45,10,0.785398
45,11,1.570796
45,12,2.356194
45,17,0.000000
45,38,0.000000
45,47,3.141593
45,55,1.249046
45,56,2.356194
45,90,3.141593
46,16,1.570796
46,21,1.249046
46,22,2.356194
46,33,0.000000
46,34,3.141593
46,42,3.141593
46,49,0.000000
46,50,3.141593
46,54,0.000000
46,55,-1.892547
46,57,0.785398
46,59,-1.892547
46,67,2.356194
46,73,2.356194
46,90,-2.356194
47,13,-1.570796
47,14,-2.356194
47,15,-0.785398
47,21,-1.892547
47,40,-0.785398
47,45,-1.570796
47,57,-1.570796
47,90,2.356194
48,18,1.249046
48,19,3.141593
48,27,3.141593
48,51,1.570796
48,56,-0.785398
48,60,0.321751
48,72,-2.356194
48,89,-0.785398
49,23,0.000000
49,42,0.000000
49,43,3.141593
49,50,0.321751
49,51,-2.819842
49,64,0.321751
49,65,-2.819842
49,76,2.356194
50,15,1.249046
50,17,-1.892547
50,21,3.141593
50,45,0.000000
50,46,3.141593
50,50,-1.570796
50,59,0.321751
50,60,-2.819842
50,64,-1.570796
50,67,0.321751
50,90,3.141593
51,5,0.785398
51,13,1.249046
51,15,-1.892547
51,35,2.356194
51,48,0.000000
51,59,-1.570796
51,71,1.249046
51,76,-2.356194
51,77,0.785398
51,78,1.892547
52,7,2.356194
52,43,0.000000
52,44,3.141593
52,62,1.570796
52,67,-2.819842
52,70,0.321751
52,80,2.356194
52,85,0.785398
52,86,1.892547
53,4,0.321751
53,9,2.356194
53,11,-0.785398
53,12,-1.892547
53,16,1.249046
53,18,1.570796
53,19,2.356194
53,20,3.141593
53,32,0.000000
53,37,0.000000
53,38,3.141593
53,61,0.000000
53,74,2.356194
53,86,-1.249046
53,87,-2.356194
53,91,3.141593
54,4,-0.785398
54,6,-1.249046
54,8,-1.892547
54,15,0.000000
54,16,-1.892547
54,41,2.356194
54,45,0.000000
54,46,3.141593
54,57,-1.570796
54,60,1.570796
54,64,0.321751
54,69,0.000000
54,73,0.000000
54,74,-2.356194
54,76,1.249046
54,77,2.356194
54,78,-0.785398
54,79,-1.570796
54,80,-2.356194
54,82,0.785398
54,83,1.892547
55,40,-0.785398
55,59,0.321751
55,60,-2.819842
55,64,-1.570796
55,85,2.356194
56,10,1.249046
56,11,2.356194
56,27,3.141593
56,37,2.356194
56,43,0.000000
56,44,3.141593
56,54,1.570796
56,59,-1.570796
56,63,3.141593
56,71,1.570796
56,77,-2.356194
56,91,3.141593
57,3,0.321751
57,5,-2.356194
57,9,-0.785398
57,10,-1.892547
57,15,1.249046
57,16,2.356194
57,36,-0.785398
57,57,0.000000
57,62,-1.570796
57,67,-1.570796
57,70,0.321751
57,71,-2.819842
57,75,-0.785398
57,83,-0.785398
57,84,-2.356194
58,3,-0.785398
58,14,0.000000
58,15,-1.892547
58,39,3.141593
58,53,-0.785398
58,61,1.570796
58,85,0.000000
58,86,1.570796
58,87,2.356194
58,88,0.785398
58,89,1.892547
59,3,0.785398
59,11,1.249046
59,12,2.356194
59,33,2.356194
59,60,0.000000
59,69,0.321751
59,70,-2.819842
59,89,-1.249046
59,90,-2.356194
59,91,3.141593
60,3,0.000000
60,8,1.249046
60,9,2.356194
60,10,-0.785398
60,11,-1.892547
60,20,2.356194
60,21,0.785398
60,31,0.000000
60,36,-0.785398
60,55,2.356194
60,77,1.249046
60,78,2.356194
61,6,2.356194
61,7,-0.785398
61,8,-1.892547
61,14,1.249046
61,15,2.356194
61,22,-2.356194
61,58,1.570796
61,69,3.141593
61,73,2.356194
61,86,-1.249046
61,88,1.570796
61,89,2.356194
62,3,-0.785398
62,5,-1.892547
62,12,1.249046
62,14,-1.892547
62,21,3.141593
62,28,2.356194
62,53,-0.785398
62,58,-2.819842
62,61,1.570796
62,69,-2.356194
62,77,-1.249046
62,78,-2.356194
62,90,0.000000
63,10,1.249046
63,12,-1.892547
63,24,0.000000
63,65,3.141593
63,71,0.321751
63,72,-2.819842
63,91,-2.356194
64,9,-0.785398
64,10,-1.892547
64,17,0.000000
64,40,3.141593
64,55,0.321751
64,71,-1.570796
64,75,0.785398
64,88,-1.249046
64,89,-2.356194
65,2,0.785398
65,14,1.249046
65,15,2.356194
65,28,2.356194
65,35,3.141593
65,55,-0.785398
65,59,1.570796
65,64,-2.819842
65,67,1.570796
65,75,0.000000
66,2,0.000000
66,13,0.000000
66,14,-1.892547
66,32,0.000000
66,38,-1.570796
66,55,-1.570796
66,59,-2.819842
66,67,-2.819842
66,70,2.356194
66,75,-0.785398
67,2,-0.785398
67,10,1.249046
67,11,2.356194
67,21,0.000000
67,65,0.321751
67,69,0.000000
67,70,-2.356194
68,9,-0.785398
68,10,-1.892547
68,15,1.249046
68,17,-1.570796
68,56,0.321751
68,60,0.321751
68,78,0.000000
68,80,0.785398
68,81,1.892547
68,90,-2.356194
69,2,0.785398
69,27,3.141593
69,34,0.000000
69,35,3.141593
69,56,-1.570796
69,65,-2.819842
69,68,-1.570796
69,83,1.570796
69,84,2.356194
70,3,-2.356194
70,12,1.249046
70,14,-1.892547
70,21,1.249046
70,22,2.356194
70,30,2.356194
70,60,-2.819842
70,63,0.321751
70,71,-0.785398
70,72,-1.570796
70,79,0.785398
70,88,0.785398
70,89,1.892547
71,10,1.249046
71,12,-1.892547
71,17,1.249046
71,19,-1.570796
71,21,-1.892547
71,29,0.000000
71,36,0.000000
71,37,3.141593
71,55,-1.570796
71,58,0.321751
71,69,1.570796
71,80,-1.249046
71,81,-2.356194
71,91,3.141593
72,9,-0.785398
72,10,-1.892547
72,15,1.249046
72,17,-1.892547
72,24,1.249046
72,25,2.356194
72,30,2.356194
72,58,-1.570796
72,62,0.321751
72,63,-2.819842
72,66,0.785398
72,68,0.000000
72,75,-2.356194
72,88,-0.785398
73,14,-0.785398
73,15,-1.892547
73,21,0.785398
73,22,1.570796
73,24,-1.892547
73,28,1.249046
73,49,1.570796
73,53,2.356194
73,62,-1.570796
73,67,0.000000
73,81,3.141593
73,83,-0.785398
74,18,1.249046
74,19,2.356194
74,27,0.000000
74,28,-1.892547
74,41,0.000000
74,42,3.141593
74,45,2.356194
74,52,-0.785398
74,56,3.141593
74,60,0.785398
74,61,2.356194
75,2,0.000000
75,17,0.000000
75,18,-1.892547
75,22,-0.321751
75,24,2.356194
75,31,2.356194
75,48,3.141593
75,55,-1.570796
75,61,-2.356194
75,66,1.570796
75,88,-0.785398
75,89,-1.570796
75,90,-2.356194
75,91,3.141593
76,7,1.249046
76,8,2.356194
76,14,0.000000
76,47,-1.570796
76,51,2.356194
76,54,1.570796
76,58,-0.785398
76,61,2.356194
76,65,0.321751
76,66,-2.819842
76,69,0.321751
76,73,-2.356194
76,82,0.785398
76,83,1.892547
77,5,1.249046
77,7,-1.892547
77,26,1.249046
77,27,2.356194
77,42,-0.785398
77,53,0.321751
77,54,-2.819842
77,60,0.321751
77,61,-2.819842
77,65,-1.570796
78,2,0.000000
78,4,-0.785398
78,5,-1.892547
78,12,3.141593
78,18,3.141593
78,24,-2.356194
78,25,-0.785398
78,26,-1.892547
78,32,0.000000
78,33,3.141593
78,48,1.249046
78,49,3.141593
78,53,-1.570796
78,60,-1.570796
78,64,3.141593
78,68,0.321751
78,76,3.141593
78,78,0.000000
78,82,-0.785398
78,83,-1.892547
78,91,3.141593
79,21,0.000000
79,22,-1.892547
79,40,2.356194
79,52,1.570796
79,59,-0.785398
79,68,-1.570796
79,71,-1.249046
79,72,-2.356194
79,73,0.785398
80,13,1.249046
80,14,3.141593
80,29,0.000000
80,30,3.141593
80,43,-0.785398
80,47,-1.892547
80,52,-2.819842
80,63,-2.819842
80,74,-1.249046
80,75,-2.356194
80,76,3.141593
80,86,0.000000
80,90,3.141593
81,11,1.249046
81,13,-1.892547
81,20,0.785398
81,23,2.356194
81,33,3.141593
81,38,0.000000
81,41,1.570796
81,54,2.356194
81,78,0.000000
81,82,0.785398
81,83,1.892547
82,2,0.000000
82,10,0.000000
82,11,-1.892547
82,20,-0.785398
82,21,-2.356194
82,27,0.000000
82,31,1.570796
82,35,1.249046
82,36,3.141593
82,45,-2.819842
82,68,-2.356194
82,73,3.141593
82,83,-1.249046
82,84,-2.356194
83,8,1.249046
83,9,3.141593
83,25,3.141593
83,31,-2.356194
83,43,0.000000
83,44,-1.892547
83,48,0.000000
83,49,-1.892547
83,53,0.000000
83,75,0.000000
83,78,3.141593
83,89,3.141593
84,5,1.249046
84,6,2.356194
84,7,-0.785398
84,11,2.356194
84,17,2.356194
84,19,-1.570796
84,23,-0.785398
84,28,0.000000
84,29,-1.892547
84,32,0.785398
84,42,1.570796
84,46,0.000000
84,52,1.570796
84,55,3.141593
84,58,0.321751
84,81,0.000000
85,2,0.000000
85,4,-0.785398
85,5,-1.892547
85,9,0.000000
85,15,0.000000
85,32,-1.570796
85,35,0.785398
85,37,-1.892547
85,41,0.000000
85,51,0.321751
85,52,-2.819842
85,66,-1.249046
85,67,-2.356194
85,72,0.785398
85,73,1.892547
86,19,2.356194
86,25,-0.785398
86,35,-0.785398
86,40,3.141593
86,56,1.249046
86,58,-2.356194
86,73,-1.249046
86,74,-2.356194
86,78,0.785398
86,79,1.892547
86,91,3.141593
87,4,0.000000
87,43,1.570796
87,50,0.321751
87,60,2.356194
87,83,0.785398
87,84,1.892547
88,9,2.356194
88,14,1.249046
88,15,2.356194
88,27,2.356194
88,38,-0.785398
88,41,2.356194
88,53,2.356194
88,56,-1.249046
88,57,-2.356194
88,58,-0.785398
88,59,-1.892547
88,72,0.785398
88,73,1.892547
88,84,-1.249046
88,85,-2.356194
89,13,0.000000
89,14,-1.892547
89,26,-1.570796
89,34,3.141593
89,43,-1.249046
89,47,-2.356194
89,49,-0.785398
89,50,-1.570796
89,52,-1.892547
89,73,-1.249046
89,74,-2.356194
89,78,-0.785398
89,79,-2.356194
89,90,-2.356194
90,17,2.356194
91,2,0.000000
91,29,-0.785398
91,42,1.249046
91,43,2.356194
91,44,-0.785398
91,69,3.141593
91,71,0.000000
91,72,0.785398
91,73,1.892547
91,87,0.785398
91,88,1.892547
92,8,-0.785398
92,13,1.249046
92,14,2.356194
92,41,0.000000
92,42,-1.892547
92,51,0.000000
92,73,-1.249046
92,74,-2.356194
92,88,-1.249046
92,89,-2.356194
92,91,3.141593
93,6,2.356194
93,25,2.356194
93,38,1.249046
93,39,2.356194
93,46,0.000000
93,49,3.141593
94,3,0.000000
94,10,1.249046
94,12,-1.892547
94,37,-0.785398
94,38,-1.892547
94,44,3.141593
94,86,0.785398
94,87,1.892547
95,8,1.249046
95,10,-1.892547
95,21,1.249046
95,22,3.141593
95,87,-1.249046
95,88,-2.356194
95,90,3.141593
96,6,1.249046
96,8,-1.892547
96,20,0.000000
96,21,-1.892547
96,26,-0.785398
96,31,1.249046
96,32,3.141593
97,5,0.000000
97,6,-1.892547
97,11,0.000000
97,24,3.141593
97,30,-0.785398
97,31,-1.892547
97,35,1.249046
97,36,2.356194
97,54,1.249046
97,55,2.356194
98,2,0.000000
98,15,0.000000
98,21,0.000000
98,27,0.000000
98,33,0.000000
98,34,-0.785398
98,35,-1.892547
98,41,0.000000
98,49,0.000000
98,53,-0.785398
98,54,-1.892547
98,77,3.141593
98,91,3.141593
