6,57,1.249046
6,58,2.356194
7,51,0.785398
7,52,1.570796
7,53,2.356194
7,66,2.356194
8,43,1.249046
8,44,3.141593
8,57,-2.356194
9,42,0.321751
9,72,1.570796
10,20,1.249046
10,21,3.141593
10,51,0.321751
10,53,2.819842
10,62,0.321751
11,40,0.785398
11,42,3.141593
11,62,-1.570796
11,79,1.570796
12,51,-0.321751
12,53,-2.819842
13,38,1.892547
13,61,2.356194
13,68,1.570796
13,70,-1.892547
14,16,0.321751
14,52,0.785398
14,54,1.249046
14,59,2.356194
14,60,-0.785398
14,61,-2.356194
14,77,0.321751
15,16,-1.570796
15,35,0.321751
15,40,-1.249046
15,52,0.000000
15,77,-0.785398
16,54,-1.249046
16,56,-1.892547
16,58,-2.356194
17,52,3.141593
18,28,2.356194
18,33,1.570796
18,41,-1.892547
18,49,-0.785398
18,50,-1.892547
18,60,1.570796
18,61,2.356194
18,63,-0.785398
18,64,-1.892547
18,73,1.570796
18,75,1.892547
19,56,-0.785398
19,57,-1.892547
20,25,1.892547
20,31,-1.570796
20,35,-1.892547
20,42,1.570796
20,51,-0.785398
20,52,-1.892547
20,62,0.785398
20,63,1.570796
20,64,2.356194
20,70,-0.785398
21,37,0.000000
21,38,-1.570796
21,46,-0.785398
21,47,-1.892547
21,56,1.249046
21,57,2.356194
21,59,-0.785398
21,60,-1.892547
22,16,3.141593
22,35,2.356194
22,36,0.000000
22,44,-1.892547
22,50,1.249046
22,51,2.356194
22,64,-2.356194
22,66,0.785398
22,67,1.892547
22,87,3.141593
23,39,1.570796
23,41,-1.892547
23,48,1.249046
23,50,-1.892547
23,61,-0.785398
23,62,-1.892547
24,21,0.785398
24,29,-1.249046
24,35,0.000000
24,44,1.249046
24,45,2.356194
24,47,-0.785398
24,52,1.249046
24,53,2.356194
24,55,-0.785398
24,56,-1.892547
24,83,0.000000
24,84,-1.892547
25,27,3.141593
25,42,1.249046
25,50,2.356194
25,51,-0.785398
25,52,-1.892547
25,60,1.249046
25,61,2.356194
25,66,-0.785398
25,72,-1.570796
25,80,0.785398
25,81,1.570796
25,82,3.141593
26,10,0.321751
26,40,-2.356194
26,41,-0.785398
26,47,1.249046
26,59,-0.785398
26,60,-1.892547
26,88,2.356194
27,10,-0.785398
27,19,1.249046
27,43,0.000000
27,44,-0.785398
27,51,2.356194
27,85,1.249046
28,48,-2.356194
28,49,-0.785398
28,50,-1.892547
28,57,1.249046
28,58,2.356194
28,74,0.785398
28,75,1.892547
28,83,2.356194
28,89,2.819842
29,17,0.321751
29,26,0.785398
29,39,1.249046
29,40,3.141593
29,45,-0.785398
29,46,-1.892547
29,75,-1.249046
29,76,-2.356194
29,77,0.785398
29,78,1.570796
29,85,-1.249046
29,87,-1.892547
29,89,-1.570796
30,42,1.249046
30,43,3.141593
30,61,2.356194
30,65,0.000000
30,66,0.785398
30,68,-2.819842
31,24,2.356194
31,41,-0.785398
31,42,-1.892547
31,46,1.249046
31,47,2.356194
31,59,2.356194
31,84,1.892547
31,90,2.356194
32,44,1.249046
32,46,-1.892547
32,54,0.785398
32,55,1.570796
32,64,0.785398
32,68,-2.356194
32,85,-2.356194
32,90,3.141593
33,19,-0.321751
33,38,-1.892547
33,48,0.000000
33,59,2.819842
33,73,-0.785398
33,75,0.000000
33,87,0.000000
34,45,0.000000
34,46,3.141593
34,57,-0.785398
34,59,-2.356194
34,62,2.356194
34,83,-1.249046
34,85,1.892547
35,20,-0.785398
35,35,-1.892547
35,38,0.785398
35,39,1.570796
35,44,-2.356194
35,51,-0.785398
35,75,0.321751
35,86,3.141593
36,30,-2.356194
36,37,0.785398
36,43,-2.356194
36,60,-0.785398
36,63,2.356194
36,80,0.321751
36,82,-2.356194
36,83,0.785398
36,84,2.356194
36,87,0.000000
36,91,2.819842
37,18,2.356194
37,35,1.249046
37,42,-2.356194
37,47,2.356194
37,52,2.356194
37,62,-0.785398
37,77,-2.819842
37,84,-1.570796
37,91,-2.356194
38,21,-2.356194
38,30,0.000000
38,34,0.000000
38,41,-2.356194
38,81,3.141593
38,85,0.000000
38,86,1.892547
38,89,-1.249046
39,22,0.785398
39,33,3.141593
39,38,-2.356194
39,40,0.000000
39,43,0.785398
39,45,-2.356194
39,48,2.356194
39,50,-0.785398
39,53,2.356194
39,58,2.356194
39,79,-1.892547
40,40,0.000000
40,44,0.000000
40,70,0.785398
40,71,1.892547
40,73,1.249046
40,75,-1.570796
40,88,0.000000
40,89,1.892547
40,91,2.356194
41,30,0.000000
41,39,0.785398
41,41,-2.356194
41,44,0.000000
41,51,-0.785398
41,82,1.570796
41,86,-1.570796
42,38,0.785398
42,40,-2.356194
42,45,0.000000
42,56,-1.570796
42,70,0.000000
42,73,-1.570796
42,76,0.000000
42,82,-1.570796
42,87,0.000000
43,9,0.321751
43,11,-2.356194
43,25,1.570796
43,39,0.000000
43,65,2.356194
43,67,-0.785398
43,68,-2.356194
43,74,0.000000
43,75,0.000000
43,91,-2.356194
44,9,-1.570796
44,30,2.356194
44,34,0.785398
44,36,-2.356194
44,39,0.000000
44,64,-1.570796
44,69,-2.356194
44,73,0.000000
44,76,2.356194
44,82,3.141593
44,85,0.000000
44,89,-1.249046
44,90,-2.356194
45,16,0.321751
45,20,-2.819842
45,29,-2.356194
45,32,1.249046
45,43,-0.785398
45,60,1.570796
45,74,0.000000
45,75,-0.785398
46,22,0.321751
46,60,0.785398
46,64,1.570796
46,72,0.000000
46,81,1.570796
46,84,0.785398
46,88,-2.356194
47,16,-0.321751
47,34,-1.570796
47,36,0.000000
47,53,2.356194
47,61,-2.356194
47,64,-0.785398
47,67,0.000000
47,68,0.000000
47,81,-0.321751
47,85,0.000000
47,86,1.892547
48,29,0.000000
48,30,-1.892547
48,50,2.356194
48,52,-0.785398
48,56,1.570796
48,63,-0.785398
48,66,-0.785398
48,70,0.000000
48,75,3.141593
48,90,0.785398
49,16,0.321751
49,28,1.570796
49,32,1.570796
49,49,-0.785398
49,71,0.000000
49,88,2.819842
50,16,-0.785398
50,31,0.000000
50,32,-2.356194
50,56,-1.570796
50,69,1.249046
50,70,3.141593
50,81,1.570796
50,88,-1.570796
50,91,-1.570796
51,30,3.141593
51,62,0.000000
51,68,0.000000
52,17,-0.785398
52,21,-0.785398
52,35,2.356194
52,37,1.570796
52,52,1.570796
52,56,0.785398
52,66,0.000000
52,67,0.000000
52,70,0.000000
52,78,0.000000
52,79,1.892547
52,87,2.819842
52,89,-1.570796
53,21,2.356194
53,24,-0.785398
53,37,0.000000
53,39,2.356194
53,42,2.356194
53,52,-1.570796
53,59,-0.785398
53,68,0.000000
53,80,2.819842
53,87,-1.570796
54,20,0.321751
54,24,2.356194
54,28,-2.819842
54,31,1.570796
54,33,0.000000
54,38,0.000000
54,61,-0.785398
54,67,-0.785398
54,80,-1.570796
54,84,1.570796
55,8,0.785398
55,15,1.249046
55,22,0.785398
55,24,-2.356194
55,38,2.356194
55,41,-1.570796
55,59,2.356194
55,77,1.570796
55,84,-0.321751
56,8,0.000000
56,20,-2.356194
56,29,0.321751
56,37,0.321751
56,38,-2.819842
56,45,1.570796
56,51,1.570796
56,61,2.356194
56,77,0.785398
56,86,2.819842
57,8,-0.785398
57,34,1.570796
57,37,-1.570796
57,50,-0.785398
57,63,-0.785398
57,70,0.785398
57,77,-0.321751
57,78,2.819842
57,86,-1.570796
57,89,-1.570796
58,15,-0.785398
58,18,-2.819842
58,34,-2.819842
58,36,-0.785398
58,48,-0.785398
58,55,2.356194
58,72,2.356194
58,73,0.785398
58,74,1.892547
58,78,-1.570796
58,81,1.570796
59,21,-1.570796
59,31,-2.819842
59,33,-0.785398
59,45,0.785398
59,53,0.000000
59,63,2.356194
59,66,2.356194
59,70,0.000000
59,71,-1.892547
60,19,1.570796
60,20,3.141593
60,23,-0.785398
60,50,2.356194
60,58,0.000000
60,59,0.000000
60,68,0.000000
60,76,2.819842
60,82,-2.356194
60,85,1.570796
61,8,0.785398
61,23,2.356194
61,32,-0.785398
61,44,-0.785398
61,47,-2.356194
61,54,2.356194
61,57,-0.785398
61,63,0.000000
61,64,0.000000
61,85,-0.321751
61,86,2.819842
62,8,0.000000
62,15,-0.785398
62,16,-1.570796
62,17,3.141593
62,19,2.356194
62,22,0.321751
62,23,-2.819842
62,25,0.321751
62,29,-2.819842
62,34,1.570796
62,37,1.570796
62,42,3.141593
62,53,-0.785398
62,59,-0.785398
62,62,-0.785398
62,70,0.000000
62,76,-0.321751
62,77,2.819842
62,86,-1.570796
63,8,-0.785398
63,28,-1.570796
63,31,2.356194
63,34,-1.570796
63,72,0.000000
63,90,1.570796
64,25,-2.819842
64,40,0.000000
64,41,-2.356194
64,46,0.785398
64,48,2.356194
64,59,2.356194
64,73,-1.570796
64,77,-0.321751
64,78,2.819842
64,90,-0.321751
64,91,2.819842
65,18,-1.570796
65,38,0.785398
65,39,3.141593
65,43,3.141593
65,47,-2.356194
65,58,-0.785398
65,65,2.356194
65,91,-2.356194
66,23,-0.785398
66,38,-1.570796
66,46,0.785398
66,63,0.000000
66,79,2.819842
66,85,0.785398
66,88,0.785398
67,15,1.249046
67,17,-1.570796
67,20,-2.819842
67,29,-1.570796
67,36,1.249046
67,37,3.141593
67,47,-2.356194
67,58,2.356194
67,71,0.785398
67,79,-2.356194
67,88,-0.321751
68,8,0.785398
68,14,0.000000
68,15,-1.892547
68,23,2.356194
68,31,1.570796
68,34,1.249046
68,61,-1.570796
68,83,1.570796
69,8,-0.321751
69,10,2.356194
69,22,0.321751
69,23,-2.819842
69,28,1.570796
69,31,0.785398
69,72,-1.570796
69,79,-1.570796
69,83,-0.321751
69,84,2.819842
70,22,-0.785398
70,28,2.356194
70,36,-2.819842
70,41,1.570796
70,50,0.785398
70,52,2.356194
70,77,-1.570796
70,87,0.785398
70,90,-0.321751
70,91,2.819842
71,25,0.785398
71,28,-2.819842
71,39,0.785398
71,57,0.785398
71,60,2.356194
71,69,0.785398
71,70,1.892547
71,80,1.570796
71,82,0.785398
71,85,2.819842
71,87,-0.321751
71,88,2.819842
71,91,-2.356194
72,19,2.356194
72,25,-0.785398
72,38,0.785398
72,42,-2.356194
72,47,2.356194
72,65,0.785398
72,70,-1.249046
72,71,3.141593
72,78,1.570796
73,18,0.321751
73,19,-2.819842
73,27,-2.356194
73,39,-0.785398
73,61,1.570796
73,66,3.141593
73,73,3.141593
73,80,0.785398
74,35,0.000000
74,36,2.356194
74,50,0.785398
74,51,1.570796
74,52,2.356194
74,53,0.785398
74,54,2.356194
74,57,-2.356194
74,67,-2.356194
74,76,0.000000
74,77,2.356194
74,80,0.000000
75,18,-2.819842
75,28,0.000000
75,36,-2.356194
75,48,1.570796
75,54,-2.356194
76,21,2.356194
76,28,0.785398
76,40,2.356194
76,48,3.141593
76,69,0.000000
76,81,2.819842
76,84,-0.321751
77,20,0.321751
77,24,2.356194
77,31,2.819842
77,39,0.321751
77,40,-2.819842
77,48,-2.356194
77,58,0.785398
77,63,0.000000
77,64,1.892547
77,81,-2.356194
77,85,-2.356194
78,14,0.321751
78,20,-0.785398
78,22,0.785398
78,24,-2.356194
78,26,1.249046
78,33,2.356194
78,39,-0.785398
78,54,0.785398
78,58,-0.321751
78,59,2.819842
78,64,-1.249046
78,65,3.141593
78,74,0.000000
78,75,1.892547
78,78,0.000000
78,85,0.785398
79,9,0.785398
79,22,-0.785398
79,33,3.141593
79,54,-0.321751
79,55,2.819842
79,59,-2.356194
79,67,3.141593
79,85,-0.321751
79,91,2.356194
80,9,0.000000
80,13,-0.785398
80,14,-1.570796
80,15,-2.356194
80,20,2.356194
80,25,-0.785398
80,28,-0.785398
80,33,-2.356194
80,45,0.785398
80,55,-2.356194
80,69,0.000000
80,80,-0.321751
80,91,3.141593
81,9,-0.785398
81,20,-2.819842
81,45,-0.321751
81,46,2.819842
81,63,0.785398
81,74,0.785398
81,75,2.356194
81,91,-2.356194
82,19,-0.785398
82,22,2.356194
82,46,-2.356194
82,52,0.785398
82,55,0.785398
82,65,3.141593
82,75,-2.356194
82,79,2.819842
83,17,1.892547
83,22,-2.819842
83,28,-1.570796
83,30,1.570796
83,52,-0.321751
83,53,2.819842
83,55,-0.321751
83,67,0.000000
83,68,0.785398
83,69,1.892547
83,75,-1.570796
83,79,-1.570796
83,83,-1.249046
83,84,3.141593
83,88,-0.321751
84,19,-1.570796
84,53,-2.356194
84,56,-1.249046
84,57,3.141593
84,62,0.000000
84,63,1.892547
84,69,-1.249046
84,70,-2.356194
84,85,1.570796
85,14,0.321751
85,21,-2.356194
85,85,-0.321751
86,53,-1.570796
86,64,-1.249046
86,65,-2.356194
86,66,0.785398
86,67,1.892547
86,82,1.570796
87,11,1.249046
87,12,2.356194
87,13,-0.785398
87,14,-1.570796
87,50,0.785398
87,56,0.785398
87,67,-1.249046
87,68,3.141593
87,76,0.785398
87,77,2.356194
87,82,-0.785398
87,83,3.141593
87,86,-1.570796
87,90,-2.819842
88,50,-0.321751
88,51,2.819842
88,54,1.570796
88,57,1.570796
88,76,-1.570796
88,78,0.000000
88,79,1.892547
88,81,1.570796
88,84,0.000000
89,10,-0.785398
89,21,2.356194
89,27,1.570796
89,51,-2.356194
89,54,0.785398
89,57,-0.321751
89,66,0.785398
89,75,1.570796
89,79,-1.249046
89,81,3.141593
89,85,-1.249046
90,21,-2.819842
90,44,0.785398
90,48,0.785398
90,54,-0.321751
90,55,2.819842
90,59,2.819842
90,73,0.000000
90,75,-2.819842
90,81,-1.570796
90,87,-1.249046
90,89,-2.356194
91,44,-0.321751
91,45,2.819842
91,48,-0.321751
91,49,2.819842
91,55,-2.356194
91,64,-2.356194
91,68,0.000000
91,69,1.892547
92,24,2.356194
92,45,-2.356194
92,49,-2.356194
92,52,0.785398
92,55,-1.570796
92,60,3.141593
92,83,0.000000
92,84,1.892547
93,24,-2.819842
93,45,0.785398
93,52,-0.321751
93,61,1.570796
93,70,-1.249046
93,71,3.141593
93,84,-1.249046
93,85,3.141593
93,90,2.356194
94,18,-1.570796
94,37,0.785398
94,45,-0.321751
94,46,2.819842
94,54,2.819842
94,61,-0.321751
94,67,0.785398
94,88,0.785398
94,90,-2.819842
95,33,0.785398
95,37,-0.785398
95,38,3.141593
95,46,-2.356194
95,50,0.785398
95,54,-1.570796
95,62,-1.249046
95,63,3.141593
95,74,0.000000
95,75,1.892547
96,22,-1.570796
96,27,0.785398
96,33,-0.321751
96,34,2.819842
96,50,-0.321751
96,51,2.819842
96,55,1.570796
96,75,-1.249046
96,77,1.892547
96,83,0.000000
96,84,1.892547
96,89,2.356194
97,23,-2.356194
97,28,3.141593
97,30,2.356194
97,34,-2.356194
97,36,0.785398
97,39,2.356194
97,43,-2.356194
97,51,-1.570796
97,55,-0.321751
97,65,0.000000
97,66,1.892547
97,77,-1.249046
97,78,3.141593
97,84,-1.249046
97,85,-2.356194
97,88,-0.785398
98,29,-0.785398
98,34,-1.570796
98,37,-2.356194
98,38,-0.785398
98,47,-1.570796
98,52,-2.356194
98,56,-1.249046
98,57,-2.356194
98,58,3.141593
98,66,-1.249046
98,67,-2.356194
98,68,3.141593
98,75,3.141593
98,79,-2.356194
