7,56,1.249046
7,57,2.356194
7,60,0.785398
7,61,1.892547
8,39,1.249046
8,40,2.356194
8,46,0.785398
8,47,1.570796
8,48,2.356194
8,63,0.785398
8,64,1.570796
8,65,2.356194
9,26,1.249046
9,27,2.356194
9,56,-2.356194
9,61,-0.785398
10,39,-2.356194
10,75,2.356194
11,20,0.785398
11,21,2.356194
11,26,-1.570796
11,47,0.785398
12,14,0.785398
12,15,2.356194
12,21,-1.570796
12,47,0.000000
12,55,0.321751
12,57,2.819842
12,72,0.321751
13,12,3.141593
13,15,-1.570796
13,47,-0.785398
13,72,-1.570796
13,83,2.356194
14,11,-0.785398
14,55,0.000000
15,51,1.570796
15,55,-1.570796
15,64,2.356194
15,69,1.892547
15,71,2.356194
16,52,-2.356194
16,53,0.785398
16,60,-1.249046
16,61,-2.356194
16,67,-1.570796
17,11,2.356194
17,42,-2.356194
17,64,-1.249046
17,69,-1.570796
18,10,0.321751
18,36,-0.785398
18,37,-1.892547
18,46,-0.785398
18,47,-1.570796
18,48,-2.356194
18,57,-1.249046
18,58,-2.356194
18,66,-1.249046
18,71,-1.570796
18,73,-2.356194
18,78,0.321751
19,10,-1.570796
19,39,0.321751
19,41,2.819842
19,53,0.785398
19,62,0.785398
19,63,1.892547
19,68,-1.249046
20,54,-1.249046
20,55,-2.356194
20,63,-1.249046
20,64,-2.356194
20,78,3.141593
21,23,1.570796
21,28,0.785398
21,38,-0.785398
21,39,-1.570796
21,41,-1.570796
21,42,-2.356194
21,73,3.141593
21,76,-1.570796
21,78,-2.356194
21,86,2.356194
22,23,0.000000
22,51,0.785398
22,52,1.892547
22,69,0.785398
22,74,0.000000
23,26,2.356194
23,27,-0.785398
23,28,-1.892547
23,56,0.785398
23,57,1.892547
23,75,-1.249046
24,17,0.000000
24,18,1.570796
24,19,2.356194
24,37,1.249046
24,38,2.356194
24,45,2.356194
24,52,-0.785398
24,58,-2.356194
24,59,0.785398
24,60,1.892547
24,71,-1.249046
24,73,1.892547
25,22,-1.892547
25,25,-1.570796
25,35,0.785398
25,47,1.570796
25,52,0.000000
25,61,-2.356194
25,62,0.785398
25,63,1.892547
25,73,-1.249046
25,78,-1.249046
25,80,1.570796
25,81,2.356194
25,82,-0.785398
25,83,-1.892547
26,10,3.141593
26,18,-0.321751
26,27,2.356194
26,55,-0.785398
26,56,-1.570796
26,57,-2.356194
26,58,0.785398
26,64,-2.356194
26,66,3.141593
26,87,2.356194
27,7,0.321751
27,24,1.249046
27,26,-1.892547
27,38,0.000000
27,39,0.000000
27,59,-1.249046
27,60,-2.356194
27,68,0.000000
27,72,3.141593
27,76,-2.356194
27,78,0.785398
27,80,-2.819842
28,7,-0.785398
28,21,2.356194
28,23,-0.785398
28,24,-1.892547
28,36,-0.785398
28,40,-0.785398
28,65,0.000000
29,13,0.785398
29,14,2.356194
29,19,-0.785398
29,20,-1.892547
29,38,2.356194
29,41,0.000000
29,45,-0.785398
29,46,-2.356194
29,67,-2.356194
29,69,0.785398
29,71,0.000000
29,72,3.141593
29,77,0.000000
30,13,-0.785398
30,24,1.249046
30,25,2.356194
30,36,0.000000
30,37,0.000000
30,39,0.000000
30,69,-0.785398
30,70,-2.356194
30,82,1.249046
30,83,2.356194
30,84,-0.785398
31,14,1.570796
31,30,0.785398
31,31,1.570796
31,38,-2.356194
31,46,-0.785398
31,67,0.000000
31,68,0.000000
31,88,-1.249046
31,90,3.141593
32,7,2.356194
32,14,0.000000
32,19,1.249046
32,20,2.356194
32,27,0.785398
32,28,2.356194
32,36,0.000000
32,37,0.000000
32,69,-2.356194
32,90,-2.356194
33,6,0.321751
33,14,-0.785398
33,25,-2.356194
33,28,-2.356194
33,30,0.785398
33,32,-2.356194
33,38,-2.356194
33,71,0.785398
33,74,0.785398
33,83,-2.356194
33,90,0.785398
34,6,-0.785398
34,21,1.249046
34,23,-1.892547
34,30,-0.785398
34,40,2.356194
34,69,0.785398
34,73,3.141593
34,75,-1.249046
34,76,-2.356194
34,77,3.141593
34,85,0.000000
34,86,1.892547
34,91,2.819842
35,6,2.356194
35,21,-1.892547
35,35,-2.356194
35,38,1.249046
35,39,3.141593
35,43,3.141593
35,53,2.356194
35,87,-2.356194
35,88,0.785398
36,5,0.321751
36,11,0.785398
36,12,1.570796
36,23,2.356194
36,28,0.000000
36,30,0.000000
36,31,0.000000
36,34,-0.785398
36,37,0.000000
36,38,-1.892547
36,41,-0.785398
36,48,2.356194
36,52,-0.785398
36,73,0.000000
36,75,3.141593
36,82,0.000000
36,84,0.785398
36,91,-2.819842
37,5,-1.570796
37,15,0.785398
37,16,2.356194
37,17,-0.785398
37,18,-1.892547
37,22,1.570796
37,25,0.000000
37,29,-2.356194
37,36,-0.785398
37,47,-0.785398
37,67,0.785398
37,71,-2.356194
37,72,0.000000
37,77,0.000000
37,85,-1.249046
37,87,1.892547
38,22,-2.819842
38,28,-0.785398
38,34,2.356194
38,38,0.785398
38,41,2.356194
38,73,0.000000
38,79,0.000000
38,87,-1.249046
39,19,1.249046
39,21,-1.892547
39,26,2.356194
39,30,0.785398
39,39,0.000000
39,43,2.356194
39,64,1.249046
39,66,-1.570796
39,70,0.000000
39,76,0.000000
39,82,0.785398
39,83,1.570796
39,84,2.356194
39,89,-1.249046
39,90,3.141593
40,17,1.249046
40,19,-1.892547
40,29,0.000000
40,31,0.000000
40,32,0.000000
40,35,2.356194
40,64,-1.892547
40,74,0.000000
40,91,-2.356194
41,12,-1.892547
41,16,0.000000
41,17,-1.892547
41,21,1.249046
41,22,2.356194
41,30,-2.356194
41,33,0.000000
41,34,0.000000
41,37,-0.785398
41,54,2.356194
41,57,0.785398
41,62,-0.785398
41,78,0.785398
41,79,1.892547
41,84,3.141593
42,4,0.785398
42,20,0.000000
42,21,-1.892547
42,25,1.249046
42,26,3.141593
42,29,-0.785398
42,59,2.356194
42,64,3.141593
42,68,0.000000
42,69,3.141593
42,79,-1.249046
42,81,1.892547
42,85,0.000000
42,86,1.892547
43,4,0.000000
43,13,1.249046
43,14,3.141593
43,18,1.249046
43,19,3.141593
43,37,0.000000
43,51,0.785398
43,60,0.000000
43,61,3.141593
43,72,0.000000
43,81,-1.249046
43,82,3.141593
43,86,-1.249046
43,87,3.141593
43,91,-2.356194
44,4,-0.785398
44,9,-1.570796
44,12,0.000000
44,13,-1.892547
44,29,0.000000
44,55,-2.356194
44,58,-1.249046
44,75,0.000000
44,77,0.785398
44,78,1.892547
44,88,0.000000
44,89,1.892547
45,10,0.785398
45,11,3.141593
45,15,1.249046
45,17,-1.892547
45,21,1.249046
45,23,-1.892547
45,25,-2.356194
45,39,2.356194
45,42,2.356194
45,61,3.141593
45,65,1.570796
45,72,0.000000
45,73,3.141593
45,78,-1.249046
45,80,1.892547
45,84,0.000000
45,85,1.892547
45,89,-1.249046
45,90,-2.356194
45,91,3.141593
46,19,1.249046
46,27,2.356194
46,37,1.249046
46,38,3.141593
46,41,-0.785398
46,50,1.249046
46,65,-1.570796
46,75,0.785398
46,80,-1.249046
46,81,3.141593
46,85,-1.249046
46,87,1.892547
47,4,0.785398
47,9,-0.785398
47,10,-2.356194
47,26,-0.785398
47,36,0.000000
47,47,1.249046
47,48,2.356194
47,52,-1.570796
47,56,3.141593
47,60,1.570796
47,72,0.000000
47,73,3.141593
47,77,0.785398
47,78,1.892547
47,82,0.000000
47,83,1.892547
48,4,-0.321751
48,6,2.356194
48,11,0.785398
48,13,-1.892547
48,16,1.249046
48,18,-1.892547
48,24,2.356194
48,31,2.356194
48,53,-2.356194
48,69,0.000000
48,70,3.141593
48,78,-1.249046
48,79,3.141593
48,83,-1.249046
48,84,3.141593
48,88,-1.249046
48,89,-2.356194
48,90,3.141593
49,33,1.249046
49,34,3.141593
49,45,1.570796
49,47,-1.570796
49,55,0.785398
49,59,0.000000
49,74,0.000000
49,85,0.000000
49,86,1.892547
50,10,0.000000
50,14,0.000000
50,15,-1.892547
50,18,1.249046
50,19,3.141593
50,43,1.249046
50,45,-2.356194
50,49,-0.785398
50,50,-1.892547
50,52,-2.356194
50,69,0.785398
50,81,0.000000
50,82,1.892547
50,86,-1.249046
50,88,1.892547
51,9,1.570796
51,28,-0.785398
51,31,0.000000
51,32,-1.892547
51,38,2.356194
51,46,2.356194
51,54,0.785398
51,62,3.141593
51,66,0.000000
51,67,3.141593
51,72,0.000000
51,82,-1.249046
51,83,3.141593
52,12,0.785398
52,16,0.000000
52,17,-1.892547
52,20,-0.785398
52,45,-0.785398
52,48,0.785398
52,52,1.570796
52,55,-2.356194
52,69,-0.785398
52,84,0.000000
52,85,1.892547
52,89,-1.249046
52,90,-2.356194
52,91,3.141593
53,5,0.785398
53,11,3.141593
53,13,0.785398
53,14,2.356194
53,26,2.356194
53,38,-2.356194
53,41,-0.785398
53,61,0.000000
53,62,3.141593
53,85,-1.249046
53,86,3.141593
54,5,0.000000
54,13,-1.570796
54,31,0.785398
54,36,0.785398
54,43,-2.356194
54,50,0.000000
54,51,0.000000
54,54,0.000000
54,55,3.141593
54,73,0.785398
54,78,-2.356194
55,5,-0.785398
55,7,-1.249046
55,9,-1.892547
55,30,0.785398
55,33,2.356194
55,37,0.000000
55,38,3.141593
55,41,0.000000
55,52,-2.356194
55,89,3.141593
56,14,2.356194
56,17,-2.356194
56,23,0.785398
56,40,-0.785398
56,70,0.000000
56,84,0.785398
56,85,2.356194
57,10,1.570796
57,13,-0.785398
57,22,0.785398
57,25,3.141593
57,28,1.249046
57,32,-2.356194
57,38,1.570796
57,48,0.000000
57,52,3.141593
57,78,0.000000
57,79,1.892547
57,84,-0.785398
58,5,0.785398
58,9,0.000000
58,21,0.785398
58,27,0.000000
58,35,0.785398
58,42,0.785398
58,49,0.000000
58,68,0.000000
58,74,-2.356194
58,79,-1.249046
58,81,1.892547
58,85,-0.785398
59,5,0.000000
59,17,-0.785398
59,40,0.785398
59,43,0.000000
59,47,0.000000
59,48,0.000000
59,71,3.141593
59,76,0.785398
59,81,-1.249046
59,82,3.141593
59,87,-1.249046
59,88,3.141593
60,5,-0.785398
60,13,3.141593
60,28,2.356194
60,31,-2.356194
60,37,-1.249046
60,38,3.141593
60,42,0.000000
60,50,3.141593
60,78,3.141593
60,83,0.000000
60,84,1.892547
61,12,-1.570796
61,15,2.356194
61,18,2.356194
61,39,-2.356194
61,43,-2.356194
61,67,0.000000
61,68,0.785398
61,69,1.892547
61,89,-1.570796
62,5,0.785398
62,10,1.249046
62,11,3.141593
62,20,0.785398
62,28,3.141593
62,31,0.785398
62,34,0.000000
62,60,0.000000
62,61,3.141593
62,69,-1.249046
62,70,3.141593
62,74,0.000000
63,5,0.000000
63,9,-0.785398
63,10,-1.892547
63,13,0.785398
63,22,0.000000
63,28,-2.356194
63,71,0.000000
63,72,1.892547
64,5,-0.785398
64,12,0.785398
64,19,0.000000
64,27,3.141593
64,37,3.141593
64,41,0.000000
64,42,3.141593
64,66,0.000000
64,72,-1.249046
64,73,3.141593
64,87,-1.249046
64,88,3.141593
65,11,0.785398
65,21,-2.356194
65,26,-1.892547
65,58,0.000000
65,59,3.141593
65,69,0.785398
65,70,1.892547
65,83,0.000000
66,19,-2.356194
66,55,0.000000
66,56,3.141593
66,61,0.000000
66,70,-1.249046
66,72,1.892547
66,76,-2.356194
66,85,0.785398
66,86,2.356194
67,9,0.321751
67,24,0.000000
67,26,1.892547
67,30,2.356194
67,59,3.141593
67,72,-1.249046
67,73,3.141593
67,78,0.000000
67,79,-0.785398
67,80,-1.570796
67,81,3.141593
67,85,-0.785398
67,87,2.356194
67,91,-2.356194
68,21,3.141593
68,24,-0.785398
68,26,-1.249046
68,27,-2.356194
68,29,0.000000
68,57,-0.785398
68,61,0.000000
69,5,0.785398
69,7,1.249046
69,9,-1.570796
69,10,-2.356194
69,11,-0.785398
69,19,1.570796
69,24,2.356194
69,30,-2.356194
69,38,3.141593
69,64,3.141593
69,71,3.141593
69,76,0.000000
69,77,1.892547
69,83,1.570796
69,87,-1.249046
69,88,3.141593
70,5,-0.321751
70,16,3.141593
70,19,-2.819842
70,24,-2.819842
70,33,1.249046
70,34,2.356194
70,48,0.000000
70,55,3.141593
70,57,0.785398
70,83,-0.321751
70,89,1.570796
71,27,2.356194
71,31,1.249046
71,33,-1.892547
71,39,0.000000
71,40,3.141593
71,89,0.000000
72,21,0.000000
72,22,-1.892547
72,30,0.000000
72,31,-1.892547
72,36,3.141593
72,42,0.785398
72,62,3.141593
72,74,0.000000
72,79,-1.249046
72,80,-2.356194
72,81,3.141593
72,85,-1.249046
72,86,3.141593
72,89,-1.570796
72,91,-2.356194
73,14,0.785398
73,16,-1.892547
73,24,1.249046
73,25,3.141593
73,29,3.141593
73,34,-0.785398
73,43,0.000000
73,47,-2.356194
73,49,0.000000
73,76,-2.356194
74,10,0.321751
74,28,-1.570796
74,32,2.356194
74,42,-0.785398
74,64,0.000000
74,71,0.000000
74,78,1.570796
74,83,0.785398
75,18,3.141593
75,22,0.000000
75,23,-1.892547
75,31,-0.785398
75,50,0.000000
75,68,1.570796
75,73,0.000000
75,74,1.892547
76,6,0.785398
76,8,1.249046
76,10,-1.570796
76,12,-1.892547
76,34,3.141593
76,37,2.356194
76,43,1.249046
76,44,2.356194
76,46,3.141593
76,63,0.785398
76,64,1.892547
76,69,3.141593
76,79,0.000000
76,80,1.892547
76,85,0.000000
77,6,-0.321751
77,17,-2.819842
77,20,1.570796
77,24,0.785398
77,31,0.000000
77,42,-0.785398
77,43,-1.892547
77,59,0.785398
77,60,1.892547
77,64,-1.249046
77,65,3.141593
77,72,3.141593
77,82,2.356194
77,86,-1.570796
78,20,-2.819842
78,23,-0.785398
78,25,-2.356194
78,29,2.356194
78,39,1.570796
78,53,3.141593
78,60,-1.249046
78,61,-2.356194
78,87,0.000000
79,27,1.249046
79,28,3.141593
79,37,1.249046
79,45,0.000000
79,55,0.000000
79,56,0.785398
79,57,1.892547
79,77,-1.249046
79,78,3.141593
79,88,-1.570796
80,7,0.785398
80,13,0.000000
80,14,-1.892547
80,17,0.000000
80,18,-1.892547
80,22,2.356194
80,26,0.321751
80,36,0.000000
80,37,-1.892547
80,60,0.785398
80,61,1.892547
80,70,1.570796
80,85,2.356194
80,89,1.570796
81,7,0.000000
81,16,-0.785398
81,21,1.570796
81,26,-1.570796
81,30,-0.785398
81,48,0.000000
81,61,-1.249046
81,63,1.892547
81,67,0.000000
81,68,1.892547
81,70,-0.785398
81,71,-2.356194
81,84,-0.785398
81,85,-2.356194
82,7,-0.785398
82,20,0.321751
82,21,-2.819842
82,24,1.249046
82,25,3.141593
82,33,-0.785398
82,38,1.249046
82,39,2.356194
82,40,3.141593
82,56,-0.785398
82,64,2.819842
82,68,-1.249046
82,77,1.570796
82,87,0.785398
82,91,-2.356194
83,23,0.321751
83,31,2.356194
83,37,0.000000
83,38,-1.892547
83,60,0.000000
83,64,-2.356194
83,70,-2.356194
84,14,1.249046
84,15,2.356194
84,16,3.141593
84,20,-2.819842
84,42,2.356194
84,45,0.000000
84,50,3.141593
84,53,-0.785398
84,63,0.000000
84,78,1.570796
84,83,0.000000
85,18,0.321751
85,22,0.321751
85,23,-2.819842
85,33,1.249046
85,34,3.141593
85,39,0.000000
85,60,3.141593
85,67,0.000000
85,68,3.141593
85,72,0.000000
85,73,0.785398
85,78,0.000000
85,84,-2.356194
86,18,-1.570796
86,22,-1.570796
86,26,0.785398
86,27,2.356194
86,32,0.321751
86,70,0.785398
86,89,0.000000
87,17,0.785398
87,21,1.570796
87,25,0.785398
87,27,-2.356194
87,32,-1.570796
87,36,2.356194
87,45,0.000000
87,48,3.141593
87,51,-0.785398
87,66,1.570796
87,71,1.570796
87,75,-1.249046
87,77,2.356194
87,79,-0.785398
87,81,2.819842
87,90,-1.570796
88,17,0.000000
88,21,3.141593
88,25,-0.785398
88,26,-2.356194
88,31,-0.785398
88,40,0.000000
88,41,3.141593
88,59,0.785398
88,60,1.892547
88,66,-0.321751
88,71,-0.321751
88,81,-1.570796
89,21,-2.356194
89,29,2.356194
89,60,-1.249046
89,61,3.141593
89,72,-1.249046
89,73,3.141593
89,91,2.356194
90,16,0.000000
90,17,-1.570796
90,28,1.570796
90,32,1.570796
90,38,3.141593
90,48,3.141593
90,52,0.000000
90,55,0.785398
90,56,1.892547
90,68,-1.249046
90,69,3.141593
90,74,1.570796
90,91,-2.819842
91,8,-0.785398
91,14,1.249046
91,15,3.141593
91,24,0.000000
91,28,-2.819842
91,31,0.321751
91,32,-2.819842
91,41,1.249046
91,42,2.356194
91,56,-1.249046
91,57,-2.356194
91,64,0.000000
91,65,1.892547
91,70,0.785398
91,71,2.356194
91,74,-0.321751
91,84,1.570796
92,23,-2.356194
92,25,0.785398
92,27,-1.892547
92,31,-1.570796
92,40,0.000000
92,41,-1.892547
92,60,-2.356194
92,65,-1.249046
92,66,3.141593
92,72,2.356194
92,84,0.000000
93,14,-1.570796
93,25,-0.785398
93,35,-1.570796
93,70,-0.785398
93,72,-2.356194
93,75,-1.570796
93,84,-1.570796
93,86,0.000000
94,38,3.141593
94,43,1.570796
94,48,1.249046
94,49,3.141593
94,58,3.141593
94,69,1.570796
94,73,0.000000
94,82,0.000000
94,83,2.356194
94,89,-2.819842
95,24,1.570796
95,46,1.249046
95,48,-1.892547
95,68,-0.785398
95,69,-2.356194
95,75,2.819842
95,83,-2.356194
96,18,-0.785398
96,23,0.000000
96,36,0.000000
96,45,0.000000
96,46,-1.892547
96,59,3.141593
96,65,1.570796
96,75,-1.570796
96,79,1.570796
96,87,0.000000
97,32,2.356194
97,35,-0.785398
97,76,1.570796
97,82,-0.785398
97,83,-1.570796
97,84,-2.356194
98,27,-0.785398
98,31,-0.785398
98,39,-0.785398
98,44,-1.570796
98,48,-0.785398
98,66,-2.356194
98,74,3.141593
98,77,-2.356194
98,78,-0.785398
98,79,-1.892547
