14,40,1.249046
14,41,2.356194
14,45,0.785398
14,46,1.570796
14,47,2.356194
14,51,0.785398
14,52,1.570796
14,53,2.356194
14,57,0.785398
14,58,1.570796
14,59,2.356194
15,76,2.356194
16,15,1.249046
16,16,2.356194
16,40,-2.356194
17,14,0.321751
17,78,2.356194
18,14,-0.785398
24,52,0.785398
25,11,2.356194
25,70,0.321751
25,84,2.356194
26,10,0.321751
26,11,-2.819842
26,70,-0.785398
27,50,-0.785398
27,52,-1.249046
27,63,0.321751
27,70,2.356194
28,9,0.321751
28,10,-2.819842
28,40,0.785398
28,50,2.356194
28,54,-1.249046
28,55,-2.356194
28,56,0.785398
28,63,-0.785398
28,68,1.249046
29,9,-0.785398
29,57,-1.249046
29,58,-2.356194
29,66,1.249046
29,71,2.819842
30,39,-0.785398
30,40,-1.892547
30,45,-0.785398
30,46,-1.570796
30,47,-2.356194
30,50,-1.249046
30,51,-2.356194
30,61,0.785398
30,86,2.356194
31,62,-1.249046
31,63,-2.356194
31,64,-0.785398
31,71,-1.570796
31,72,3.141593
32,9,2.356194
32,57,0.785398
32,58,1.892547
32,66,1.570796
32,73,1.570796
32,77,0.321751
32,84,0.321751
33,8,0.321751
33,58,-1.249046
33,66,0.000000
33,73,-0.321751
34,8,-0.785398
34,36,0.000000
34,74,-1.249046
34,75,-2.356194
34,77,3.141593
34,84,3.141593
35,24,1.249046
35,25,3.141593
35,34,3.141593
35,65,-0.785398
36,22,1.249046
36,24,-1.892547
36,56,0.785398
36,57,2.356194
36,59,-0.785398
36,60,-1.892547
36,76,-0.785398
36,77,-1.570796
36,78,3.141593
36,84,3.141593
37,21,0.000000
37,22,-1.892547
37,50,0.785398
37,56,-1.570796
37,74,1.570796
37,79,0.000000
37,80,1.892547
37,84,-1.570796
38,19,1.249046
38,20,3.141593
38,26,1.249046
38,27,3.141593
38,34,0.000000
38,35,0.785398
38,36,2.356194
38,73,-0.785398
38,74,-2.356194
39,25,0.000000
39,26,-1.892547
39,32,3.141593
39,50,-0.785398
39,51,-1.570796
39,52,-2.356194
40,17,-0.785398
40,18,-1.892547
40,23,1.249046
40,24,3.141593
40,30,-0.785398
40,36,-0.785398
40,37,-2.356194
40,39,0.785398
40,40,2.356194
40,64,1.570796
40,73,1.249046
40,75,-1.892547
40,77,-1.570796
40,82,-1.249046
40,83,3.141593
41,22,0.000000
41,23,-1.892547
41,27,2.356194
41,47,2.356194
41,69,0.321751
41,71,-2.356194
41,72,-0.785398
41,73,-1.892547
41,85,3.141593
42,21,1.570796
42,35,2.356194
42,41,-2.356194
42,44,3.141593
42,46,-0.785398
42,64,-1.570796
43,20,0.000000
43,24,-0.785398
43,32,1.249046
43,33,2.356194
43,35,3.141593
43,68,-0.785398
43,69,-2.356194
43,73,1.249046
43,74,2.356194
43,75,0.785398
44,31,-0.785398
44,32,-1.892547
44,35,-2.356194
44,55,1.570796
44,59,1.570796
44,66,-0.785398
44,71,2.356194
44,72,-0.785398
44,73,-1.892547
44,76,-2.356194
44,84,0.785398
44,85,1.892547
44,90,1.570796
45,26,3.141593
45,29,-0.785398
45,37,2.356194
45,55,-1.570796
45,59,-1.570796
45,62,1.570796
45,69,-0.785398
45,70,-1.892547
45,85,-1.249046
45,86,-2.356194
45,87,3.141593
45,90,-1.570796
46,16,1.249046
46,17,3.141593
46,23,0.000000
46,62,-1.570796
46,74,-0.785398
46,82,0.000000
47,64,1.249046
47,65,2.356194
47,84,-2.356194
48,13,1.249046
48,15,-1.892547
48,26,2.356194
48,29,2.356194
48,31,-0.785398
48,34,-0.785398
48,37,2.356194
48,62,2.356194
48,63,-0.785398
48,64,-1.892547
48,70,3.141593
48,76,0.785398
49,19,3.141593
49,28,-0.785398
49,57,0.785398
49,61,-1.570796
49,67,0.000000
49,82,1.570796
49,85,0.785398
50,11,0.000000
50,12,-1.892547
50,24,-0.785398
50,30,2.356194
50,33,0.785398
50,86,-2.356194
50,91,1.570796
51,4,0.785398
51,22,2.356194
51,58,-1.570796
51,61,1.570796
51,64,3.141593
51,75,1.570796
51,83,-2.356194
52,4,0.000000
52,14,1.249046
52,15,3.141593
52,28,-0.785398
52,62,-2.356194
52,91,-1.570796
53,4,-0.785398
53,25,2.356194
53,30,2.356194
53,85,1.570796
54,17,1.249046
54,18,3.141593
54,27,2.356194
54,32,2.356194
54,42,2.356194
54,50,2.356194
54,77,0.000000
54,85,-1.570796
54,90,1.570796
55,29,0.000000
55,38,2.356194
55,55,2.356194
55,56,3.141593
55,69,-0.785398
55,78,-1.570796
56,10,0.000000
56,11,-1.892547
56,15,0.000000
56,16,-1.892547
56,28,0.785398
56,30,-2.356194
56,37,-0.785398
56,48,-0.785398
56,54,-1.570796
56,60,3.141593
56,75,-2.356194
56,79,0.000000
56,80,1.892547
56,87,0.785398
57,8,1.249046
57,9,3.141593
57,20,-0.785398
57,24,-0.785398
57,29,0.000000
57,53,-0.785398
57,71,0.000000
57,72,3.141593
57,81,2.819842
57,84,1.570796
57,88,1.570796
57,91,-1.570796
58,3,0.785398
58,41,2.356194
58,68,3.141593
58,76,0.785398
58,84,-0.321751
58,88,-0.321751
58,89,2.819842
59,3,-0.321751
59,5,2.356194
59,6,-0.785398
59,7,-1.892547
59,12,3.141593
59,17,2.356194
59,25,-0.785398
59,28,-0.785398
59,35,2.356194
59,40,-0.785398
59,53,1.249046
59,54,3.141593
59,60,2.356194
59,65,-0.785398
59,81,-0.321751
59,82,2.819842
59,86,2.819842
59,89,-1.570796
60,11,-1.570796
60,15,0.000000
60,22,3.141593
60,34,-0.785398
60,50,0.785398
60,51,1.570796
60,53,-1.892547
60,58,0.000000
60,62,0.000000
60,63,3.141593
60,74,0.785398
60,82,-1.570796
61,9,1.249046
61,10,3.141593
61,26,2.356194
61,49,0.785398
61,79,1.570796
61,86,-0.321751
62,4,0.785398
62,48,-0.785398
62,66,0.000000
62,67,3.141593
62,79,-0.321751
62,83,0.785398
62,88,2.819842
63,6,1.570796
63,8,-1.892547
63,22,1.570796
63,37,2.356194
63,46,1.570796
63,60,0.000000
63,62,3.141593
63,73,1.570796
63,81,2.819842
63,83,-0.321751
63,91,-1.570796
64,3,0.321751
64,21,0.000000
64,31,2.356194
64,36,-0.785398
64,46,0.000000
64,50,3.141593
64,57,0.000000
64,58,3.141593
64,85,2.819842
64,88,-0.321751
64,89,2.819842
65,16,1.570796
65,19,0.000000
65,30,-0.785398
65,44,1.249046
65,45,3.141593
65,47,0.000000
65,74,1.570796
65,81,-0.321751
65,85,-1.570796
66,3,0.000000
66,16,-2.819842
66,32,-0.785398
66,43,0.321751
66,65,3.141593
66,67,-0.785398
66,71,1.570796
66,75,3.141593
66,79,1.570796
66,83,2.819842
66,89,-0.321751
67,3,-1.570796
67,7,2.356194
67,29,2.356194
67,37,2.356194
67,43,-1.570796
67,61,-0.785398
67,71,-0.321751
67,72,2.819842
67,79,-0.321751
67,80,2.819842
67,91,2.819842
68,5,-0.321751
68,7,-2.819842
68,20,2.356194
68,28,-0.785398
68,31,2.356194
68,36,-0.785398
68,41,1.249046
68,48,2.356194
68,57,3.141593
68,83,-0.321751
68,91,-2.356194
69,2,0.785398
69,25,2.356194
69,47,3.141593
69,50,2.356194
69,72,-0.321751
69,73,2.819842
69,77,1.570796
69,80,-0.321751
69,81,2.819842
69,85,2.819842
70,2,0.000000
70,11,0.321751
70,27,2.356194
70,35,2.356194
70,42,-2.356194
70,45,0.000000
70,46,-1.892547
70,49,-0.785398
70,53,-0.785398
70,61,0.000000
70,68,0.785398
70,69,1.892547
70,73,-1.570796
70,77,-0.321751
70,78,2.819842
70,81,-1.570796
70,85,-1.570796
70,88,0.785398
70,91,-1.570796
71,5,3.141593
71,11,-1.570796
71,37,0.785398
71,70,2.819842
71,82,1.570796
71,88,-0.785398
71,89,3.141593
72,2,-0.321751
72,23,-0.785398
72,28,-0.785398
72,31,2.356194
72,36,0.785398
72,40,-2.356194
72,43,0.000000
72,56,3.141593
72,78,-0.321751
72,79,2.819842
72,82,-0.321751
73,14,1.570796
73,30,-0.785398
73,36,-0.321751
73,70,-0.321751
73,71,2.819842
73,83,-1.249046
73,85,1.892547
74,2,-0.785398
74,14,-2.819842
74,22,2.356194
74,32,-0.785398
74,50,0.000000
74,62,0.000000
74,63,0.785398
74,64,1.892547
74,66,2.356194
74,71,-2.356194
74,79,-0.321751
74,80,2.819842
75,17,1.570796
75,35,1.249046
75,36,3.141593
75,39,2.356194
75,42,-0.785398
75,45,2.356194
75,64,-1.249046
75,65,-2.356194
75,71,-1.570796
75,80,-1.570796
75,83,1.570796
75,87,2.819842
76,44,-0.785398
76,78,-2.356194
76,87,-1.570796
77,10,0.321751
77,33,0.321751
77,42,2.356194
77,81,-1.570796
77,91,-1.570796
78,10,-1.570796
78,30,2.356194
78,33,-1.570796
78,36,-0.785398
78,69,0.785398
78,73,1.570796
79,14,1.570796
79,21,1.570796
80,2,-0.785398
80,8,1.570796
80,14,-2.819842
80,20,0.321751
80,21,-2.819842
80,26,2.356194
80,29,0.785398
80,33,-2.356194
80,36,2.356194
80,43,3.141593
80,67,0.785398
80,77,0.785398
81,12,0.000000
81,13,-1.892547
81,20,-1.570796
81,23,2.356194
81,25,-0.785398
81,30,-2.356194
81,31,3.141593
81,38,-0.785398
81,49,2.356194
81,71,-2.356194
81,83,1.570796
82,6,0.000000
82,7,-1.892547
82,11,1.570796
82,16,1.570796
82,19,-0.785398
82,34,-0.785398
82,48,-0.785398
82,64,1.249046
82,65,2.356194
82,78,-1.570796
82,81,0.785398
82,83,2.356194
83,11,-2.819842
83,16,-2.819842
83,22,0.000000
83,24,2.356194
83,38,1.249046
83,39,3.141593
83,42,2.356194
83,46,2.356194
83,58,1.570796
83,62,1.249046
83,64,-1.892547
83,66,-2.356194
83,69,-2.356194
83,72,1.570796
83,75,-1.570796
83,83,3.141593
84,10,-1.570796
84,14,0.321751
84,18,1.570796
84,23,0.000000
84,37,0.000000
84,38,-1.892547
84,45,-0.785398
84,61,-0.785398
84,62,-1.892547
84,72,-1.570796
84,83,-2.356194
85,32,2.356194
85,59,-2.356194
85,76,1.570796
85,79,0.785398
85,83,0.785398
86,2,-0.785398
86,8,1.570796
86,14,-2.819842
86,22,-0.785398
86,25,0.000000
86,26,3.141593
86,31,-0.785398
86,39,-0.785398
86,42,2.356194
86,52,0.785398
86,70,1.570796
86,83,-0.321751
86,84,2.819842
86,91,-1.570796
87,7,0.000000
87,12,0.321751
87,19,-0.785398
87,37,2.356194
87,41,-0.785398
87,53,0.000000
87,54,2.356194
87,57,-2.356194
87,65,1.570796
87,70,-1.570796
87,84,-2.356194
87,88,0.785398
88,12,-1.570796
88,21,2.356194
88,51,1.570796
88,54,-2.356194
88,60,1.570796
88,65,-1.570796
88,74,1.570796
88,89,2.819842
89,4,1.249046
89,5,3.141593
89,31,0.000000
89,44,-2.356194
89,48,1.570796
89,54,-1.570796
89,77,0.785398
89,85,0.000000
89,86,1.570796
89,87,3.141593
89,89,-2.356194
90,3,0.321751
90,27,2.356194
90,35,0.000000
90,51,-1.570796
90,57,-1.570796
90,68,1.570796
90,77,-0.321751
90,78,2.819842
90,89,0.785398
91,3,-1.570796
91,9,1.570796
91,15,2.356194
91,19,0.785398
91,26,-0.785398
91,42,-1.570796
91,63,1.570796
91,68,-1.570796
91,75,0.785398
91,78,-2.356194
91,89,-0.321751
91,90,2.819842
92,2,-0.785398
92,9,-2.819842
92,14,0.000000
92,20,-2.356194
92,23,2.356194
92,52,1.570796
92,60,-1.570796
92,75,-0.321751
92,76,2.819842
92,90,-2.356194
93,7,0.000000
93,8,-1.892547
93,13,1.570796
93,25,2.356194
93,32,2.356194
93,35,3.141593
93,57,1.570796
93,69,1.570796
93,73,1.570796
93,76,-2.356194
94,12,0.000000
94,23,0.785398
94,24,3.141593
94,28,1.570796
94,31,-0.785398
94,33,-2.356194
94,43,1.570796
94,54,1.570796
94,86,0.785398
95,4,0.000000
95,16,-0.785398
95,23,-1.570796
95,32,0.000000
95,67,1.570796
95,73,0.785398
95,76,-1.570796
95,87,2.819842
96,10,1.570796
96,22,3.141593
96,36,2.356194
96,40,2.356194
96,43,-1.570796
96,48,-1.570796
96,61,1.570796
96,73,-0.321751
96,74,2.819842
96,91,2.356194
97,10,-2.819842
97,15,1.570796
97,21,-0.785398
97,39,-0.785398
97,70,-1.570796
97,74,-2.356194
97,79,-1.570796
97,88,-2.356194
97,90,-0.785398
98,7,0.000000
98,8,-0.785398
98,9,-1.892547
98,15,-1.570796
98,21,-1.570796
98,26,-1.570796
98,31,-1.570796
98,35,-1.570796
98,51,-1.570796
98,54,-1.570796
98,57,-1.570796
98,61,-1.570796
98,64,-1.570796
98,67,-1.570796
98,74,-1.570796
