11,30,1.249046
11,31,2.356194
11,43,0.785398
11,44,1.570796
11,45,2.356194
13,18,1.249046
13,19,2.356194
13,28,-0.785398
13,64,2.356194
14,13,1.249046
14,14,2.356194
14,17,-0.785398
14,75,2.356194
14,77,0.785398
15,12,0.321751
15,78,-2.356194
16,12,-0.785398
17,12,2.356194
17,59,0.321751
18,59,-0.785398
18,78,0.785398
19,78,-0.785398
19,79,3.141593
20,9,0.321751
20,36,1.249046
20,44,0.785398
20,54,1.249046
20,56,1.892547
21,9,-1.570796
21,31,0.321751
21,38,-1.570796
21,67,0.321751
22,25,0.785398
22,36,-1.570796
22,41,1.249046
22,61,2.819842
23,49,2.356194
23,51,-0.785398
23,52,-1.892547
23,67,3.141593
24,24,0.321751
24,30,0.321751
24,45,-1.892547
24,62,2.819842
24,72,1.892547
24,77,2.356194
25,18,0.785398
25,42,-1.892547
25,47,0.321751
25,59,-0.785398
25,62,-2.356194
25,74,1.570796
26,24,0.000000
26,38,-2.356194
26,39,-0.785398
26,40,-1.892547
26,52,0.785398
26,53,1.570796
26,54,2.356194
26,62,2.356194
26,72,-1.892547
27,17,0.321751
27,24,-1.570796
27,46,-0.785398
27,47,-1.570796
27,49,-1.892547
27,58,-0.785398
27,59,-1.570796
27,60,-2.356194
28,17,-0.785398
28,20,-2.819842
28,30,-1.892547
28,34,1.249046
28,42,1.249046
28,43,2.356194
28,64,-0.785398
28,65,-1.570796
28,67,-2.356194
28,77,-1.249046
28,82,1.892547
29,22,1.570796
29,28,-1.570796
29,33,0.000000
29,34,-1.892547
29,39,1.249046
29,40,2.356194
29,41,-0.785398
29,42,-1.892547
29,69,0.785398
29,70,1.892547
30,10,1.570796
30,12,1.570796
30,13,2.356194
30,22,-2.819842
30,27,3.141593
30,31,1.249046
30,32,3.141593
30,38,-0.785398
30,39,-1.892547
30,51,-0.785398
30,52,-1.570796
30,53,-2.356194
30,70,-1.249046
30,71,-2.356194
30,73,0.785398
30,74,1.892547
30,79,0.321751
30,85,-2.356194
31,16,0.000000
31,17,-1.892547
31,25,0.000000
31,26,-1.892547
31,29,1.249046
31,31,-1.892547
31,62,-1.249046
31,63,-2.356194
31,64,0.785398
31,65,1.892547
31,76,0.785398
31,77,1.892547
32,5,0.321751
32,23,0.000000
32,28,0.000000
32,29,-1.892547
32,34,3.141593
32,37,1.570796
32,41,2.356194
32,66,-2.356194
32,68,0.785398
32,69,1.892547
32,77,-1.249046
33,5,-0.785398
33,14,0.000000
33,15,-2.356194
33,18,-0.785398
33,19,-1.892547
33,54,0.000000
33,69,-1.249046
33,70,-2.356194
33,79,-1.249046
33,81,1.892547
33,84,-0.321751
33,89,2.356194
34,8,-0.785398
34,16,0.000000
34,26,-0.785398
34,29,1.249046
34,30,3.141593
34,36,0.000000
34,37,-1.892547
34,63,-0.785398
34,74,-1.249046
34,75,-2.356194
34,76,0.785398
34,77,1.892547
34,87,2.356194
34,88,-0.785398
34,89,-2.356194
35,5,0.785398
35,10,-2.819842
35,21,2.356194
35,28,0.000000
35,34,0.000000
35,65,-1.249046
35,66,-2.356194
35,68,0.785398
35,69,1.892547
35,77,-1.249046
35,78,3.141593
35,82,-1.249046
35,83,3.141593
36,5,-0.321751
36,7,2.356194
36,9,-1.570796
36,15,-0.785398
36,18,2.356194
36,30,2.356194
36,42,2.356194
36,56,1.570796
36,69,-1.249046
36,70,-2.356194
36,79,0.000000
36,80,1.892547
36,86,3.141593
37,17,-0.785398
37,23,2.356194
37,30,-2.819842
37,38,3.141593
37,41,-0.785398
37,43,1.570796
37,46,2.356194
37,53,2.356194
37,56,-1.570796
37,63,0.785398
37,64,1.892547
37,74,0.000000
37,75,1.570796
37,77,1.892547
37,82,1.892547
37,86,-1.570796
38,14,2.356194
38,22,0.785398
38,29,-1.892547
38,41,0.785398
38,46,3.141593
38,52,-0.785398
38,61,-0.785398
38,64,-1.249046
38,65,-2.356194
38,69,3.141593
38,77,-1.249046
38,90,2.356194
39,18,-0.785398
39,35,3.141593
39,43,-1.892547
39,46,-2.356194
39,71,0.000000
39,74,0.000000
39,90,3.141593
40,4,-0.785398
40,6,-1.249046
40,7,3.141593
40,10,2.356194
40,13,0.000000
40,20,-0.785398
40,34,-0.785398
40,53,0.000000
40,80,-1.249046
40,81,3.141593
40,86,1.892547
40,90,-2.356194
41,8,0.000000
41,14,1.570796
41,34,-1.570796
41,69,0.000000
41,77,0.000000
41,78,1.892547
41,82,0.000000
42,15,2.819842
42,22,2.356194
42,67,3.141593
42,73,0.785398
42,74,1.892547
42,87,-1.249046
42,89,2.356194
43,4,0.785398
43,8,-0.785398
43,9,-1.570796
43,11,-2.356194
43,13,1.570796
43,15,-2.356194
43,24,-0.785398
43,46,0.785398
43,74,-1.249046
43,75,-2.356194
43,79,-1.249046
44,4,0.000000
44,13,-2.819842
44,15,-1.570796
44,20,-0.785398
44,46,-0.785398
44,47,-2.356194
44,52,3.141593
44,60,0.000000
44,71,0.000000
44,81,-1.570796
44,89,-0.321751
45,4,-0.785398
45,12,-1.570796
45,42,0.000000
45,44,0.785398
45,45,2.356194
45,74,3.141593
45,82,0.000000
45,83,1.892547
45,91,2.819842
46,11,1.570796
46,21,1.570796
46,32,0.000000
46,33,0.785398
46,45,-2.356194
46,57,0.000000
46,58,3.141593
46,91,-2.356194
47,21,0.785398
47,34,-2.356194
47,51,0.000000
47,53,3.141593
47,62,0.000000
47,72,0.785398
47,73,1.892547
47,79,0.000000
47,80,1.892547
47,85,2.819842
47,90,3.141593
48,9,-1.570796
48,21,-0.321751
48,46,0.000000
48,73,-1.249046
48,75,1.892547
48,80,-1.249046
48,81,3.141593
48,85,-1.570796
49,4,0.785398
49,8,1.570796
49,34,-1.570796
49,47,-1.570796
49,54,0.000000
49,60,3.141593
49,69,3.141593
49,75,-1.249046
49,77,1.892547
49,82,1.570796
49,86,1.570796
49,89,0.785398
50,4,0.000000
50,7,-0.785398
50,11,1.570796
50,15,1.570796
50,22,-0.785398
50,40,0.000000
50,49,2.356194
50,50,3.141593
50,77,-1.249046
50,79,1.892547
50,86,-0.321751
50,90,2.819842
51,4,-0.785398
51,11,2.356194
51,42,0.000000
51,44,-2.356194
51,46,0.000000
51,47,-0.785398
51,48,-1.892547
51,62,0.000000
51,71,0.000000
51,79,-1.249046
51,90,-2.356194
52,11,-2.819842
52,22,2.356194
52,42,-1.570796
52,51,1.249046
52,52,2.356194
52,59,3.141593
52,68,3.141593
52,75,0.785398
52,76,1.892547
53,22,-2.819842
53,30,0.000000
53,31,3.141593
53,34,1.570796
53,49,0.000000
53,50,-0.785398
53,51,-1.892547
53,76,-1.249046
53,78,1.892547
53,90,2.819842
54,6,1.249046
54,20,0.000000
54,21,-1.892547
54,26,-1.570796
54,64,0.000000
54,65,3.141593
54,78,-1.249046
54,79,3.141593
54,83,-1.570796
54,90,-2.356194
55,43,0.000000
55,45,3.141593
55,55,0.000000
55,60,3.141593
55,73,0.000000
55,74,3.141593
55,84,1.570796
56,4,0.321751
56,18,1.570796
56,34,2.356194
56,41,2.356194
56,48,0.000000
56,49,3.141593
56,67,0.000000
56,68,0.785398
56,85,3.141593
57,4,-0.785398
57,16,0.785398
57,18,-2.819842
57,33,0.321751
57,34,-2.819842
57,69,-1.570796
57,76,0.000000
57,77,0.785398
57,78,1.892547
57,86,1.570796
58,33,-0.785398
58,51,1.570796
58,58,0.000000
58,83,0.000000
58,86,-0.321751
58,90,2.819842
59,10,1.570796
59,14,-1.570796
59,24,-1.570796
59,26,-2.356194
59,38,0.000000
59,51,-1.570796
59,74,3.141593
59,79,-1.249046
59,80,3.141593
59,84,-1.570796
60,9,0.321751
60,10,-2.819842
60,17,0.785398
60,44,1.249046
60,45,2.356194
60,48,3.141593
60,85,1.570796
60,91,2.819842
61,18,2.819842
61,23,-1.570796
61,43,-0.785398
61,51,2.356194
61,57,0.000000
61,82,1.570796
61,85,-0.321751
62,6,1.249046
62,9,-2.819842
62,16,3.141593
62,18,-2.356194
62,49,0.000000
62,82,-0.321751
62,86,-1.570796
62,91,-2.819842
63,11,1.570796
63,22,1.570796
63,37,3.141593
63,40,1.570796
63,67,0.785398
63,68,1.892547
63,74,3.141593
63,78,0.000000
63,79,0.785398
63,80,1.892547
63,84,2.819842
63,87,1.570796
64,4,0.321751
64,11,2.356194
64,14,0.321751
64,15,-2.819842
64,18,2.356194
64,22,-1.570796
64,31,-1.570796
64,35,-0.785398
64,39,0.321751
64,40,-2.819842
64,44,-1.570796
64,48,0.785398
64,68,-1.249046
64,70,1.892547
64,76,0.785398
64,87,-0.321751
64,90,2.356194
65,4,-0.785398
65,10,0.321751
65,11,-2.819842
65,17,0.321751
65,18,-2.819842
65,24,-1.570796
65,39,-0.785398
65,50,3.141593
65,58,0.000000
65,77,2.356194
65,82,2.819842
65,84,-0.321751
65,85,2.819842
65,88,-1.249046
65,90,3.141593
66,13,0.321751
66,14,-2.819842
66,17,-0.785398
66,21,2.356194
66,26,1.570796
66,40,0.785398
66,41,2.356194
66,42,3.141593
66,66,0.785398
66,67,1.892547
66,71,-1.249046
66,72,-2.356194
66,76,-0.785398
66,82,-1.570796
66,90,-2.356194
67,10,-2.819842
67,23,1.570796
67,28,1.570796
67,40,-0.785398
67,47,2.356194
67,67,-1.249046
67,68,-2.356194
67,79,0.000000
67,80,1.892547
67,85,-0.785398
67,87,1.892547
68,8,0.321751
68,12,0.321751
68,13,-2.819842
68,16,1.570796
68,20,2.356194
68,23,0.785398
68,40,-1.570796
68,44,1.249046
68,45,2.356194
68,70,1.570796
68,90,2.356194
69,15,0.321751
69,19,0.321751
69,20,-2.819842
69,27,1.570796
69,43,0.000000
69,44,-1.892547
69,48,1.249046
69,49,2.356194
69,70,-0.785398
69,71,3.141593
69,90,-2.819842
70,8,0.000000
70,10,1.570796
70,15,-1.570796
70,22,0.321751
70,26,0.321751
70,27,-2.819842
70,30,1.570796
70,42,-0.785398
70,46,0.000000
70,47,-0.785398
70,48,-1.892547
70,72,1.570796
70,76,1.570796
70,82,1.570796
71,19,-2.819842
71,30,2.356194
71,34,2.356194
71,51,2.356194
71,72,-0.785398
71,73,3.141593
71,76,-0.321751
71,77,2.819842
71,82,-0.321751
71,86,1.570796
72,6,0.785398
72,8,-1.570796
72,14,2.356194
72,18,-1.570796
72,21,0.321751
72,22,-2.819842
72,26,-2.819842
72,29,0.000000
72,40,1.570796
72,49,0.000000
72,53,0.000000
72,62,0.785398
72,63,1.892547
72,77,-1.570796
72,80,0.785398
72,86,-0.321751
72,89,2.356194
73,6,-0.785398
73,13,0.321751
73,14,-2.819842
73,24,0.321751
73,33,-1.570796
73,36,2.356194
73,63,-1.249046
73,65,1.570796
73,66,2.356194
73,67,3.141593
73,71,-1.570796
73,84,1.570796
74,13,-1.570796
74,20,0.321751
74,21,-2.819842
74,24,-1.570796
74,39,-0.785398
74,51,2.356194
75,16,1.570796
75,31,1.570796
75,49,0.000000
75,53,0.000000
75,60,0.785398
75,61,1.892547
75,70,1.570796
75,76,-1.570796
75,79,1.570796
75,82,1.570796
76,13,3.141593
76,16,-2.819842
76,20,-2.819842
76,23,2.356194
76,35,-1.570796
76,61,-1.249046
76,62,3.141593
76,67,1.570796
76,70,-1.570796
76,79,-0.321751
76,85,-1.249046
76,88,2.819842
77,18,0.321751
77,22,0.321751
77,23,-2.819842
77,26,1.570796
77,29,0.785398
77,30,2.356194
77,63,0.000000
77,64,1.892547
77,67,-0.321751
77,68,2.819842
77,88,-2.356194
78,18,-0.785398
78,22,-1.570796
78,30,-2.356194
78,33,1.570796
78,46,1.570796
78,64,-1.249046
78,65,3.141593
78,68,-1.570796
78,78,1.570796
78,81,-2.356194
78,83,-0.321751
78,88,2.356194
79,6,0.785398
79,13,0.321751
79,18,2.356194
79,24,0.321751
79,36,1.570796
79,46,-1.570796
79,66,1.570796
79,70,3.141593
79,81,0.785398
79,84,-1.249046
79,85,-2.356194
79,88,3.141593
80,6,-0.321751
80,18,-2.819842
80,32,1.570796
80,36,2.356194
80,39,1.570796
80,48,1.570796
80,52,0.000000
80,62,0.000000
80,63,1.892547
80,66,-0.321751
80,73,0.785398
80,81,-0.321751
80,82,2.819842
80,88,-2.356194
81,9,-2.356194
81,12,-0.785398
81,13,-1.570796
81,20,2.356194
81,23,0.321751
81,24,-2.819842
81,26,1.570796
81,31,0.321751
81,32,-2.819842
81,36,-2.819842
81,39,2.356194
81,55,0.000000
81,68,2.819842
82,7,-0.785398
82,17,-2.356194
82,19,0.321751
82,20,-2.819842
82,31,-0.785398
82,38,0.321751
82,39,-2.819842
82,65,2.819842
82,68,-1.570796
82,71,0.785398
82,77,1.570796
82,82,-0.321751
83,15,-2.819842
83,17,0.785398
83,22,0.321751
83,31,-1.570796
83,33,0.321751
83,36,-2.356194
83,38,-0.785398
83,47,-1.570796
83,60,0.000000
83,61,1.892547
83,65,-1.570796
83,80,0.785398
83,83,-1.249046
83,84,3.141593
84,22,-1.570796
84,24,0.000000
84,33,-1.570796
84,38,-1.570796
84,41,1.570796
84,54,2.356194
84,57,0.785398
84,58,1.892547
84,66,1.570796
84,75,0.785398
84,80,-0.321751
84,81,2.819842
85,24,-1.570796
85,32,-0.785398
85,53,-1.570796
85,58,-1.249046
85,59,3.141593
85,66,-0.321751
85,75,-0.321751
85,76,2.819842
85,86,0.000000
85,87,2.356194
86,37,1.570796
86,43,1.570796
86,64,2.819842
86,68,2.819842
86,76,-2.356194
86,82,3.141593
86,87,-2.356194
87,21,2.356194
87,23,1.570796
87,34,2.356194
87,64,-1.570796
88,20,0.000000
88,21,-2.356194
88,23,0.000000
88,26,1.570796
88,30,1.249046
88,31,2.356194
88,33,1.570796
88,51,-0.785398
88,57,1.570796
88,61,1.570796
88,65,1.570796
88,68,-0.321751
88,69,2.819842
89,18,1.249046
89,19,3.141593
89,22,0.000000
89,24,0.785398
89,29,0.321751
89,33,-2.819842
89,39,2.356194
89,61,-0.321751
89,65,-0.321751
89,66,2.819842
89,69,-2.356194
89,77,0.785398
89,79,2.356194
89,85,0.000000
89,86,2.356194
90,22,0.785398
90,24,-1.570796
90,29,-1.570796
90,38,0.321751
90,39,-2.819842
90,42,2.356194
90,54,1.570796
90,63,2.819842
90,79,-2.819842
90,86,-2.356194
91,9,-2.356194
91,22,0.000000
91,31,0.321751
91,32,-2.819842
91,38,-0.785398
91,41,0.321751
91,42,-2.819842
91,44,0.000000
91,46,0.785398
91,66,-0.321751
91,67,2.819842
91,75,0.785398
91,86,2.356194
92,11,-1.570796
92,22,-1.570796
92,41,-0.785398
92,47,-2.356194
92,50,1.570796
92,60,0.785398
92,63,-0.321751
92,64,2.819842
92,70,-1.570796
92,75,-0.321751
92,86,-2.819842
93,21,1.570796
93,30,0.321751
93,31,-2.819842
93,50,-1.570796
93,52,1.570796
93,64,-1.570796
93,67,-0.321751
93,68,2.819842
93,79,-2.356194
93,84,-0.785398
93,85,-1.892547
94,15,-1.570796
94,21,-2.819842
94,30,-0.785398
94,37,2.356194
94,39,1.570796
94,47,-1.570796
94,68,-2.356194
94,72,0.000000
94,73,-1.570796
94,74,3.141593
95,28,3.141593
95,33,2.356194
95,36,0.321751
95,37,-2.819842
95,43,1.570796
95,49,1.570796
95,68,0.785398
95,75,0.785398
96,20,-1.570796
96,33,-2.819842
96,36,-0.785398
96,46,1.570796
96,68,-0.321751
96,69,2.819842
96,71,0.785398
97,23,-0.785398
97,24,-1.570796
97,39,-1.570796
97,41,-1.570796
97,55,-1.570796
97,65,-1.570796
97,74,-0.785398
98,26,-1.249046
98,28,-1.892547
98,31,-0.785398
98,36,-1.570796
98,43,-1.570796
98,46,-1.570796
98,49,-1.570796
98,52,-1.570796
98,58,-1.570796
98,62,-1.570796
98,71,-1.892547
