11,45,1.249046
11,46,2.356194
11,49,0.785398
11,50,1.570796
11,51,2.356194
12,28,1.249046
12,29,2.356194
13,22,1.249046
13,23,2.356194
13,27,-0.785398
13,45,-2.356194
13,66,1.570796
14,17,1.249046
14,18,2.356194
14,21,-0.785398
14,68,1.570796
14,69,2.356194
15,14,1.249046
15,15,2.356194
15,16,-0.785398
19,10,0.321751
20,44,0.321751
20,46,2.819842
21,9,0.321751
21,10,-2.819842
21,59,0.321751
22,9,-0.785398
22,36,0.785398
22,44,0.000000
22,46,-1.570796
22,47,3.141593
22,50,2.356194
22,82,3.141593
23,36,0.000000
23,38,1.892547
23,44,-1.570796
23,48,0.000000
23,55,1.249046
23,57,1.570796
24,9,2.356194
24,32,1.570796
24,36,-0.785398
24,38,-1.249046
24,39,-2.356194
25,32,0.000000
25,45,0.000000
25,55,-1.249046
26,7,0.321751
26,36,-1.570796
26,37,-2.356194
26,39,0.785398
26,40,1.892547
26,49,-1.249046
26,50,-2.356194
26,52,3.141593
26,59,1.892547
27,7,-1.570796
27,29,1.892547
27,34,-1.892547
27,40,-1.249046
27,41,-2.356194
27,43,0.785398
27,44,1.892547
27,56,0.321751
27,61,1.892547
27,75,0.321751
28,44,-1.249046
28,45,-2.356194
28,49,3.141593
28,56,-0.785398
28,62,-2.356194
29,29,-1.892547
29,32,-1.249046
29,33,-2.356194
29,37,3.141593
29,51,0.000000
29,52,3.141593
29,56,2.356194
29,65,3.141593
29,75,3.141593
30,11,0.321751
30,23,-0.785398
30,24,-1.892547
30,40,0.000000
30,43,3.141593
30,54,0.000000
30,55,-0.785398
30,56,-2.356194
30,61,-2.356194
30,73,-1.570796
30,75,-2.356194
31,11,-0.785398
31,29,0.000000
31,32,3.141593
31,34,0.000000
31,37,3.141593
31,45,0.000000
31,48,3.141593
31,58,3.141593
31,72,-0.785398
32,8,1.249046
32,9,2.356194
32,18,-0.785398
32,24,0.000000
32,27,3.141593
32,50,0.000000
32,51,3.141593
32,53,0.785398
32,70,0.000000
32,74,-0.785398
32,84,2.356194
33,15,-2.819842
33,33,0.000000
33,44,3.141593
33,56,3.141593
33,62,0.785398
33,69,-0.785398
33,71,-2.356194
34,14,-1.570796
34,27,0.000000
34,31,3.141593
34,73,0.785398
35,12,0.000000
35,17,2.356194
35,24,0.000000
35,25,3.141593
35,38,0.000000
35,43,0.785398
35,52,0.000000
35,53,3.141593
35,65,-2.356194
35,74,-2.356194
35,77,0.785398
35,78,1.892547
35,81,0.000000
35,82,-1.892547
36,20,0.000000
36,21,3.141593
36,34,0.000000
36,35,3.141593
36,40,-2.356194
36,47,3.141593
36,55,0.000000
36,56,3.141593
36,67,0.785398
36,76,0.785398
36,80,3.141593
37,13,0.000000
37,18,2.356194
37,25,0.000000
37,27,3.141593
37,49,0.000000
37,50,3.141593
37,64,0.785398
37,68,-2.356194
38,16,1.249046
38,17,3.141593
38,21,0.000000
38,22,3.141593
38,33,0.000000
38,37,3.141593
38,39,0.000000
38,43,3.141593
38,53,1.570796
38,65,-2.356194
38,70,0.785398
38,78,-0.785398
39,15,0.000000
39,16,-1.892547
39,25,0.000000
39,27,3.141593
39,72,3.141593
40,55,3.141593
41,3,0.000000
41,4,-1.570796
41,6,-1.892547
41,27,0.000000
41,28,3.141593
41,30,0.000000
41,32,3.141593
42,15,1.570796
43,6,1.249046
43,7,3.141593
43,15,-1.570796
43,27,0.000000
43,28,3.141593
44,2,0.785398
45,2,0.000000
45,4,-0.785398
45,5,-1.892547
45,8,2.356194
45,16,2.356194
45,28,0.000000
45,30,0.785398
45,31,1.892547
45,37,3.141593
45,74,0.785398
45,78,0.785398
46,2,-0.785398
46,11,2.356194
46,25,0.000000
46,26,3.141593
46,70,0.000000
46,71,3.141593
46,75,-2.356194
46,86,2.356194
47,6,1.570796
47,13,1.249046
47,14,3.141593
47,86,3.141593
48,5,0.000000
48,16,2.356194
48,32,-0.785398
48,33,-2.356194
48,86,-2.356194
49,3,0.785398
49,4,3.141593
49,11,0.321751
49,29,0.785398
49,30,2.356194
49,36,0.000000
49,37,1.570796
49,39,1.570796
49,41,1.892547
50,3,-0.785398
50,11,-1.570796
50,29,-0.785398
50,53,0.000000
50,54,3.141593
50,70,0.000000
50,71,3.141593
51,6,1.570796
51,19,0.785398
51,20,2.356194
51,39,-2.356194
51,41,-1.570796
51,45,0.785398
51,47,1.892547
51,73,0.785398
51,75,2.356194
52,6,-2.819842
52,12,-0.785398
52,28,-0.785398
52,45,-0.785398
52,78,0.785398
53,8,1.570796
53,15,0.785398
53,19,-0.785398
53,20,3.141593
53,39,0.321751
53,42,2.356194
53,47,-1.570796
53,66,0.785398
53,79,-2.356194
54,7,0.000000
54,11,2.356194
54,16,0.000000
54,17,1.570796
54,18,3.141593
54,21,-2.356194
54,39,-1.570796
54,68,3.141593
54,72,0.785398
55,3,-0.785398
55,10,-0.785398
55,38,-0.785398
55,50,0.000000
55,51,-1.570796
55,52,3.141593
55,73,-2.356194
56,5,1.570796
56,15,0.785398
56,16,2.356194
56,20,0.000000
56,21,3.141593
56,43,0.000000
56,49,3.141593
56,57,2.356194
57,5,-2.819842
57,7,1.570796
57,9,1.570796
57,14,0.785398
57,25,1.570796
57,31,0.785398
57,45,1.570796
57,53,0.785398
57,58,0.000000
57,64,1.570796
58,4,-1.570796
58,11,1.570796
58,14,0.000000
58,25,-1.570796
58,32,-2.356194
58,45,0.000000
58,48,-2.819842
58,53,0.000000
58,55,-0.785398
58,60,-2.356194
59,3,1.570796
59,17,2.819842
59,35,0.000000
59,36,3.141593
59,53,-0.785398
59,63,0.785398
59,77,0.785398
60,2,0.321751
60,3,-2.819842
60,6,-1.570796
60,8,1.570796
60,14,-2.819842
60,17,-2.356194
60,44,0.321751
60,57,-0.321751
60,59,2.356194
60,64,3.141593
61,2,-0.785398
61,17,-1.570796
61,27,1.570796
61,39,1.570796
61,44,-1.570796
61,60,2.356194
61,65,-2.356194
61,69,0.785398
61,79,-2.356194
62,13,-2.819842
62,27,-1.570796
62,39,-1.570796
62,47,2.356194
62,58,-0.321751
62,60,-2.819842
62,67,0.785398
62,70,-2.356194
63,10,0.785398
63,46,1.570796
63,68,-2.356194
64,12,-2.819842
64,34,3.141593
64,44,0.785398
64,50,0.321751
64,52,3.141593
64,66,0.785398
64,79,0.785398
65,9,0.321751
65,31,0.000000
65,32,0.000000
65,44,-1.570796
65,67,-2.356194
66,46,-0.785398
66,80,-1.570796
67,5,1.570796
67,9,0.000000
67,11,3.141593
67,31,0.785398
67,34,-2.356194
67,42,-0.785398
67,46,0.000000
67,51,3.141593
67,53,2.356194
67,59,2.356194
68,4,0.000000
68,32,-2.356194
68,57,1.249046
68,70,1.570796
69,3,0.000000
69,9,-1.570796
69,11,3.141593
69,34,0.785398
69,44,-0.785398
69,47,-0.785398
69,51,0.321751
69,67,0.785398
69,80,0.785398
70,7,-0.785398
70,11,-2.356194
70,30,0.785398
70,35,-2.356194
70,47,2.356194
70,65,-2.356194
70,71,-2.356194
70,81,1.570796
71,31,-2.356194
71,59,-2.356194
71,69,-2.356194
71,74,2.356194
71,86,2.356194
72,7,0.785398
72,11,2.356194
72,34,0.000000
72,35,3.141593
72,55,0.321751
72,80,0.785398
72,86,3.141593
73,10,-0.785398
73,11,-2.356194
73,44,-0.785398
73,47,-0.785398
73,55,-1.570796
73,82,-1.892547
73,86,-2.356194
74,51,0.785398
74,59,2.356194
74,74,-2.356194
75,44,-1.570796
75,52,-2.356194
75,53,-0.785398
75,59,-2.819842
75,66,0.000000
75,67,3.141593
76,5,-0.785398
76,29,0.000000
76,72,0.000000
76,73,3.141593
76,86,2.356194
77,10,1.892547
77,26,0.785398
77,31,-2.356194
77,55,-0.321751
77,76,0.000000
77,84,0.785398
77,86,-2.819842
78,12,-1.570796
78,13,3.141593
78,27,-2.356194
78,59,-2.356194
78,65,3.141593
79,6,0.785398
79,8,-1.570796
79,10,-1.892547
79,37,0.000000
79,38,3.141593
79,47,2.356194
79,52,2.356194
79,55,0.321751
80,6,-0.785398
80,18,2.356194
80,51,-0.785398
80,69,0.785398
81,15,3.141593
81,23,0.785398
81,42,0.000000
81,53,0.000000
81,56,-0.785398
81,57,-1.892547
82,11,1.249046
82,13,-1.892547
82,20,-2.356194
82,24,-2.356194
82,28,0.785398
82,47,1.570796
83,16,-0.785398
83,18,-1.249046
83,19,-2.356194
83,29,-2.356194
83,31,0.785398
83,47,-1.570796
83,71,-1.570796
84,32,-2.356194
84,42,0.000000
84,43,3.141593
84,53,1.570796
84,57,1.249046
84,58,3.141593
85,6,0.785398
85,15,0.321751
85,28,0.000000
85,53,0.785398
86,6,-0.321751
86,24,0.000000
86,30,-2.356194
86,63,1.570796
86,73,1.570796
87,15,-0.321751
87,35,0.000000
87,37,3.141593
87,51,0.000000
87,70,1.570796
88,18,2.819842
88,21,1.570796
88,27,-2.356194
88,43,1.570796
88,57,-2.356194
88,58,3.141593
88,61,1.570796
88,70,-1.570796
88,74,1.570796
89,21,-0.321751
89,23,2.356194
89,35,0.000000
89,41,3.141593
89,43,-1.570796
89,47,1.570796
89,61,-1.570796
89,64,-1.570796
89,75,3.141593
90,25,0.785398
90,53,-2.819842
90,71,0.785398
91,7,0.785398
91,32,0.785398
91,49,2.356194
91,50,0.785398
91,56,-1.570796
91,62,0.785398
92,8,-2.356194
92,25,-0.321751
92,27,-2.819842
92,33,-2.356194
92,63,-2.356194
92,69,0.000000
92,72,2.356194
92,78,1.570796
93,14,-1.570796
93,44,0.785398
93,45,2.356194
93,48,-2.356194
93,51,0.785398
93,54,0.000000
93,55,3.141593
93,71,-0.785398
93,72,-2.356194
94,31,1.570796
94,45,-1.570796
94,48,0.785398
94,51,0.000000
94,74,2.356194
94,77,-0.785398
94,78,-1.892547
95,22,2.356194
95,39,0.785398
95,40,1.892547
95,48,-0.321751
95,49,2.819842
95,51,-0.785398
95,65,0.785398
96,21,-0.785398
96,22,-2.356194
96,37,1.249046
96,38,3.141593
96,43,0.000000
96,49,-1.570796
96,51,2.356194
96,56,0.785398
96,60,3.141593
96,66,1.570796
96,71,-0.785398
96,72,-1.892547
97,25,-0.785398
97,26,-1.570796
97,27,-2.356194
97,30,-0.785398
97,31,-1.570796
97,32,3.141593
97,36,0.000000
97,44,2.356194
97,47,-2.356194
97,50,-0.785398
97,54,1.570796
97,58,3.141593
97,67,-2.356194
98,40,-0.785398
98,55,-2.356194
98,56,-0.785398
98,57,-1.892547
