12,39,1.249046
12,40,2.356194
12,51,0.785398
12,52,1.570796
12,53,2.356194
13,26,1.249046
13,27,2.356194
13,38,-0.785398
13,70,2.356194
14,25,-0.785398
15,41,1.570796
16,41,0.000000
16,80,2.356194
17,41,-0.785398
20,45,0.785398
21,45,0.000000
22,12,2.356194
22,34,1.570796
22,47,-2.356194
23,11,0.321751
23,12,-2.819842
23,34,0.000000
23,46,-2.356194
23,52,2.356194
24,11,-0.785398
24,34,-0.785398
24,49,1.249046
24,50,2.356194
24,51,-0.785398
25,47,1.249046
25,49,-1.892547
25,55,1.249046
25,56,2.356194
25,57,-0.785398
25,58,-1.892547
26,38,0.785398
26,39,2.356194
26,46,-0.785398
26,47,-1.892547
26,54,-0.785398
26,55,-1.892547
27,50,0.000000
28,34,-1.570796
28,37,0.321751
28,38,-2.819842
28,48,2.356194
28,56,2.356194
28,63,0.000000
28,65,3.141593
28,68,0.321751
29,37,-1.570796
29,54,0.000000
29,68,-0.785398
30,27,2.356194
30,29,1.570796
30,36,-0.785398
30,39,-0.785398
30,45,-0.785398
30,51,3.141593
30,64,1.570796
30,68,2.356194
31,29,-1.570796
31,32,1.570796
31,42,2.356194
31,48,0.000000
31,64,-1.570796
31,66,0.000000
31,67,-0.785398
32,41,-0.785398
32,56,3.141593
33,25,-1.570796
33,31,-0.785398
33,44,2.356194
33,54,-0.785398
33,84,2.356194
34,38,2.356194
34,63,0.000000
34,64,3.141593
35,23,1.570796
35,37,-0.785398
35,41,-0.785398
36,45,2.356194
36,81,-0.785398
36,82,-1.892547
37,8,0.321751
37,10,3.141593
37,22,-0.785398
37,38,2.356194
37,76,-0.785398
38,8,-0.785398
38,37,-0.785398
38,42,-0.785398
38,53,1.570796
39,45,0.000000
39,46,3.141593
39,68,0.000000
39,70,3.141593
40,53,-1.570796
41,20,2.356194
42,16,0.785398
42,17,1.570796
42,18,2.356194
42,61,0.000000
42,68,3.141593
43,46,1.570796
45,68,0.000000
45,70,0.785398
46,46,-1.570796
46,71,-2.356194
47,17,-1.570796
47,52,0.000000
47,53,3.141593
47,71,2.356194
48,57,0.785398
48,70,0.321751
48,71,-2.819842
49,14,2.356194
49,48,0.785398
49,70,-0.785398
50,46,2.356194
50,58,-1.570796
51,18,2.356194
51,45,-0.785398
51,70,-1.570796
52,7,0.321751
52,9,-2.356194
52,17,-0.785398
52,76,0.000000
52,77,3.141593
53,7,-0.785398
54,85,2.356194
55,14,-2.356194
55,73,0.000000
55,74,3.141593
55,85,3.141593
56,39,2.356194
56,54,-1.570796
57,38,-0.785398
57,61,3.141593
57,69,3.141593
57,72,0.000000
57,85,3.141593
58,27,1.570796
58,75,3.141593
58,85,-2.356194
59,27,-1.570796
60,16,2.356194
60,59,-1.570796
61,55,0.000000
61,56,3.141593
61,65,-1.570796
62,7,0.785398
62,45,2.356194
62,50,0.000000
62,51,3.141593
63,7,0.000000
63,44,-0.785398
63,72,0.000000
64,7,-0.785398
64,39,2.356194
64,76,-2.356194
65,47,0.000000
65,59,2.356194
65,60,0.785398
65,73,0.000000
66,15,2.356194
66,41,2.356194
66,58,-0.785398
66,61,-1.570796
67,7,0.785398
67,19,2.356194
67,23,2.356194
67,36,-0.785398
67,40,-0.785398
67,50,-1.570796
67,64,3.141593
67,77,0.785398
68,7,0.000000
68,18,-0.785398
68,26,2.356194
69,7,-0.785398
69,21,-0.785398
69,45,2.356194
69,57,-0.785398
69,72,0.785398
69,75,0.000000
69,76,-0.785398
69,77,-1.570796
69,79,-1.570796
69,80,-2.356194
70,24,-0.785398
70,44,-0.785398
71,27,1.570796
71,36,2.356194
71,59,1.570796
71,74,-2.356194
71,83,0.000000
71,84,2.356194
72,53,0.000000
72,54,3.141593
72,67,0.000000
72,69,3.141593
72,84,-2.356194
73,23,3.141593
73,30,2.356194
73,59,2.356194
74,18,-0.785398
74,25,0.785398
74,29,1.570796
74,34,-1.570796
74,58,0.321751
74,59,-2.819842
75,26,-2.356194
75,58,-0.785398
75,66,0.000000
75,67,3.141593
76,29,-1.249046
76,58,-1.570796
77,31,-2.356194
77,35,0.000000
77,36,3.141593
78,9,1.249046
78,10,2.356194
78,16,3.141593
78,26,2.356194
78,31,-1.570796
78,39,0.000000
78,40,3.141593
78,62,0.000000
78,67,3.141593
80,8,-0.785398
80,18,2.356194
80,33,2.356194
80,66,2.356194
81,16,1.249046
81,17,3.141593
81,27,1.570796
81,62,0.000000
82,23,-1.570796
82,31,-0.785398
83,35,1.570796
83,51,2.356194
84,23,2.356194
84,32,2.356194
85,22,1.570796
85,26,0.785398
85,27,2.356194
85,35,-1.570796
85,38,2.356194
85,42,2.356194
86,20,0.785398
86,48,-0.785398
86,58,-0.785398
87,19,0.785398
87,24,2.356194
87,26,3.141593
87,37,-1.570796
87,40,-0.785398
87,62,0.000000
87,64,3.141593
88,19,-0.321751
88,82,2.356194
89,25,0.321751
89,27,-2.356194
89,28,0.785398
89,31,2.356194
89,82,-2.819842
90,10,3.141593
90,23,3.141593
90,25,-1.570796
90,29,-1.249046
90,49,2.356194
90,53,2.356194
90,63,0.000000
90,65,3.141593
91,17,1.249046
91,18,2.356194
91,19,-0.785398
91,20,-1.570796
91,21,-2.356194
91,31,-1.249046
91,33,1.892547
91,79,-0.785398
91,80,-1.892547
92,24,-2.819842
92,44,2.356194
92,47,-0.785398
93,17,-1.570796
93,27,2.356194
93,33,-1.570796
93,36,1.570796
94,25,1.249046
94,26,3.141593
94,30,2.356194
94,36,-0.321751
94,71,0.000000
94,72,-1.892547
95,20,-0.785398
95,32,-1.570796
95,48,-0.785398
96,23,-0.785398
96,27,1.249046
96,28,3.141593
96,37,-0.785398
97,26,-0.785398
97,31,2.356194
98,37,-1.570796
98,43,0.000000
98,47,3.141593
98,49,0.000000
98,54,3.141593
98,60,-0.785398
