6,40,0.785398
6,41,1.570796
6,42,2.356194
7,24,1.249046
7,25,3.141593
7,34,0.000000
7,51,2.356194
9,17,0.785398
9,18,1.570796
9,19,2.356194
9,34,2.356194
9,40,0.321751
9,42,2.819842
9,56,2.356194
10,25,1.570796
10,62,0.785398
10,63,1.892547
11,40,0.000000
12,40,-0.785398
13,29,1.570796
13,31,-1.892547
13,35,-1.570796
13,37,-1.570796
13,38,3.141593
13,72,1.570796
14,42,-0.785398
14,43,-1.570796
15,23,-0.321751
15,29,-2.356194
15,32,0.321751
15,45,-1.249046
15,46,-2.356194
15,49,-0.785398
15,50,-1.892547
16,36,2.356194
16,38,-0.785398
16,39,-1.892547
16,41,1.570796
17,42,-2.356194
17,78,2.356194
18,21,1.249046
18,22,2.356194
18,23,-0.785398
18,27,-1.570796
18,28,-2.356194
18,29,0.785398
18,44,0.000000
18,45,1.892547
18,56,0.321751
19,13,1.249046
19,15,1.570796
19,16,2.356194
19,17,-0.785398
19,18,-1.570796
19,34,-1.249046
19,36,1.570796
19,37,2.356194
19,47,0.785398
19,48,1.892547
19,56,-0.785398
20,40,0.000000
20,41,1.892547
20,49,-2.356194
21,15,-2.819842
21,23,2.356194
21,24,-0.785398
21,25,-1.570796
21,26,-2.356194
21,27,0.785398
21,28,1.570796
21,29,2.356194
21,30,-0.785398
21,31,-1.570796
21,32,-2.356194
21,45,-1.570796
21,54,0.785398
22,22,-1.892547
22,36,-1.249046
22,37,-2.356194
22,38,0.785398
22,47,-1.249046
22,48,3.141593
23,7,1.249046
23,17,1.570796
23,18,3.141593
23,27,0.000000
23,28,-2.356194
23,42,-1.892547
23,44,1.570796
23,49,0.000000
23,50,1.892547
23,56,-1.249046
23,57,3.141593
23,61,0.785398
23,62,1.570796
23,64,-1.892547
24,11,-2.356194
24,12,0.785398
24,13,1.570796
24,15,-1.892547
24,20,0.785398
24,25,1.249046
24,26,3.141593
24,29,0.000000
24,30,1.570796
24,31,2.356194
24,44,-0.321751
24,50,-1.249046
24,52,1.892547
24,59,0.785398
25,24,-0.785398
25,39,-2.819842
25,52,-1.249046
25,53,-2.356194
25,60,-1.249046
25,62,3.141593
26,4,0.321751
26,8,0.321751
26,15,2.356194
26,29,-0.785398
26,30,-1.570796
26,31,-2.356194
26,49,0.785398
26,50,1.892547
26,55,0.000000
26,56,1.892547
26,62,-2.356194
27,4,-1.570796
27,12,0.785398
27,34,3.141593
27,39,-2.356194
27,50,-1.249046
27,52,1.892547
27,57,-2.356194
27,61,1.570796
28,10,-1.892547
28,20,0.785398
28,21,2.356194
28,28,0.785398
28,29,1.892547
28,45,-1.249046
28,46,-2.356194
28,47,0.785398
28,48,1.892547
28,52,-1.249046
28,60,-0.785398
28,61,-2.356194
29,16,-0.785398
29,17,-1.892547
29,20,-0.785398
29,29,-1.249046
29,30,-2.356194
29,36,0.785398
29,37,1.570796
29,38,2.356194
29,48,-1.249046
29,49,-2.356194
29,56,-2.356194
29,66,-0.785398
29,67,-1.892547
29,80,3.141593
30,10,1.249046
30,11,2.356194
30,12,-0.785398
30,20,0.785398
30,44,0.785398
30,45,1.892547
30,52,0.785398
31,3,0.785398
31,7,1.249046
31,8,2.356194
31,9,-0.785398
31,10,-1.892547
31,45,-1.249046
31,46,-2.356194
31,53,-1.249046
31,55,1.892547
32,5,1.570796
32,7,-1.892547
32,12,0.000000
32,13,-0.785398
32,19,-0.785398
32,20,-1.892547
32,35,-0.785398
32,36,-1.570796
32,37,-2.356194
32,49,0.785398
32,50,1.892547
32,55,-1.249046
32,56,-2.356194
33,10,3.141593
33,42,0.785398
33,43,1.892547
33,50,-1.249046
33,51,-2.356194
33,52,0.785398
33,53,1.892547
33,81,2.356194
34,7,2.356194
34,13,1.249046
34,14,2.356194
34,43,-1.249046
34,44,-2.356194
34,53,-1.249046
34,55,1.892547
34,61,0.000000
34,69,0.785398
34,70,1.892547
34,73,0.000000
34,74,-1.892547
35,4,1.249046
35,48,0.785398
35,49,1.892547
35,55,-1.249046
35,57,1.892547
35,64,3.141593
35,72,2.356194
36,3,0.000000
36,4,-1.892547
36,49,-1.249046
36,50,-2.356194
36,57,-1.249046
36,58,-2.356194
37,30,3.141593
37,61,0.000000
37,67,0.785398
38,2,0.785398
38,11,1.249046
38,68,-0.785398
39,3,-2.356194
39,4,-0.785398
39,5,-1.892547
39,9,1.249046
39,11,-1.892547
39,16,1.249046
39,17,3.141593
39,35,0.000000
39,65,-2.356194
39,69,-0.785398
40,7,1.249046
40,9,-1.892547
40,15,-0.785398
40,16,-1.892547
40,26,0.785398
40,27,1.570796
40,28,2.356194
40,31,3.141593
40,52,0.000000
40,53,1.892547
40,67,0.785398
40,82,2.356194
41,12,1.249046
41,13,3.141593
41,53,-1.249046
41,55,1.892547
41,68,1.570796
41,71,0.785398
41,72,1.570796
41,74,-1.892547
42,11,-0.785398
42,12,-1.892547
42,17,1.249046
42,18,3.141593
42,35,0.000000
42,40,0.785398
42,41,1.892547
42,55,-1.249046
42,57,1.892547
42,61,-2.356194
42,68,0.000000
42,70,0.000000
43,14,1.249046
43,15,2.356194
43,16,-0.785398
43,17,-1.892547
43,27,-0.785398
43,28,-1.570796
43,29,-2.356194
43,41,-1.249046
43,42,-2.356194
43,52,0.785398
43,53,1.892547
43,57,-1.249046
43,58,3.141593
43,63,0.785398
43,68,-0.785398
43,71,-0.785398
44,9,-1.570796
44,10,3.141593
44,13,0.000000
44,14,-1.892547
44,20,1.249046
44,21,3.141593
44,35,3.141593
44,53,-1.249046
44,54,3.141593
45,2,0.321751
45,7,-1.570796
45,12,3.141593
45,17,1.249046
45,18,2.356194
45,19,-0.785398
45,20,-1.892547
45,37,0.000000
45,49,0.785398
45,50,1.892547
45,55,2.356194
45,65,-2.356194
46,2,-0.785398
46,5,0.000000
46,10,0.000000
46,11,-1.892547
46,15,1.249046
46,32,3.141593
46,50,-1.249046
46,51,-2.356194
46,62,-2.356194
46,75,0.785398
47,2,-1.570796
47,8,1.249046
47,9,3.141593
47,17,-1.570796
47,58,-2.356194
47,64,0.785398
48,12,1.249046
48,14,-1.892547
48,19,3.141593
48,30,0.000000
48,31,3.141593
48,35,0.000000
48,39,3.141593
48,55,0.785398
48,60,0.785398
48,65,-2.356194
48,76,-2.819842
49,6,0.000000
49,7,-1.892547
49,11,0.000000
49,12,-1.892547
49,17,0.000000
49,25,3.141593
49,41,0.000000
49,42,0.785398
49,43,1.892547
49,49,-2.356194
49,56,0.000000
49,57,1.892547
49,71,0.785398
50,9,1.249046
50,10,3.141593
50,15,1.249046
50,16,3.141593
50,19,0.785398
50,20,3.141593
50,43,-1.249046
50,44,-2.356194
50,57,-1.249046
50,58,3.141593
50,72,0.000000
51,13,1.249046
51,15,-1.892547
51,19,-0.785398
51,26,1.249046
51,27,2.356194
51,33,3.141593
51,59,-2.356194
51,64,0.000000
51,65,1.892547
51,69,0.785398
52,7,0.321751
52,12,0.000000
52,13,-1.892547
52,25,-0.785398
52,26,-1.892547
52,48,-2.356194
52,80,0.785398
52,81,1.570796
52,84,2.819842
53,2,-1.570796
53,7,-1.570796
53,66,-1.249046
53,67,3.141593
53,71,0.000000
53,84,-1.570796
54,15,3.141593
54,19,2.356194
54,29,2.356194
54,45,0.785398
54,63,0.785398
54,72,-1.570796
54,81,-2.819842
55,5,1.570796
55,9,1.570796
55,17,1.249046
55,18,3.141593
55,50,3.141593
55,64,-2.356194
55,73,0.000000
55,74,1.892547
56,4,0.321751
56,5,-2.819842
56,8,0.321751
56,9,-2.819842
56,16,0.000000
56,17,-1.892547
56,41,2.356194
56,54,0.000000
56,66,0.785398
56,74,-1.249046
56,75,-2.356194
56,78,-0.785398
56,79,-1.892547
57,8,-1.570796
57,11,-0.785398
57,20,-0.785398
57,29,2.356194
57,43,2.356194
57,56,-2.356194
57,60,2.356194
57,71,-2.356194
58,3,0.321751
58,4,-2.819842
58,7,1.570796
58,14,3.141593
58,18,2.356194
58,32,0.000000
58,34,3.141593
58,40,0.785398
58,42,1.570796
58,68,-2.356194
59,3,-1.570796
59,6,0.321751
59,7,-2.819842
59,13,-1.570796
59,22,1.249046
59,23,2.356194
59,40,-0.785398
60,6,-0.785398
60,16,1.570796
60,21,0.000000
60,22,-1.892547
60,38,1.249046
60,39,3.141593
60,42,-1.249046
60,43,-2.356194
60,59,-1.570796
61,16,-2.819842
61,33,3.141593
61,49,0.000000
61,75,0.000000
62,2,-1.570796
62,14,0.321751
62,24,1.249046
62,25,2.356194
62,35,0.000000
62,36,-0.785398
62,37,-1.892547
62,50,-2.356194
62,72,0.785398
62,77,1.570796
62,85,2.356194
63,14,-0.785398
63,23,0.000000
63,24,-1.892547
63,63,0.785398
63,78,-2.356194
63,83,0.785398
64,10,2.356194
64,50,-1.570796
64,64,-2.356194
65,10,-2.819842
65,21,-0.785398
65,28,1.249046
65,29,2.356194
65,75,0.000000
66,8,0.321751
66,26,2.356194
66,27,-0.785398
66,28,-1.892547
66,38,3.141593
66,76,-1.570796
66,79,0.785398
66,80,1.570796
66,81,2.356194
66,82,-0.785398
66,83,-1.892547
67,8,-0.785398
67,20,2.356194
67,25,-0.785398
67,61,2.356194
67,73,0.785398
67,77,0.000000
68,64,-2.356194
68,74,1.570796
68,78,-1.249046
69,15,-1.570796
69,19,-1.570796
69,31,0.000000
69,33,3.141593
69,35,0.000000
69,36,3.141593
69,61,2.819842
69,70,0.785398
69,74,-0.321751
70,71,1.570796
71,61,-2.819842
71,71,-0.321751
72,22,1.570796
72,72,-1.249046
72,73,3.141593
72,78,2.819842
73,59,0.000000
73,60,-1.570796
73,61,3.141593
73,78,-1.570796
73,86,2.356194
74,17,1.570796
74,26,-1.570796
74,49,1.249046
74,51,1.892547
74,71,1.570796
74,86,3.141593
75,40,2.356194
75,53,0.785398
75,56,-2.356194
75,62,0.785398
75,86,-2.356194
76,9,1.570796
76,19,0.785398
76,26,1.570796
76,33,1.570796
76,39,-0.785398
76,46,3.141593
76,49,-1.249046
76,51,-1.892547
76,62,-0.321751
76,77,1.570796
77,69,1.570796
77,77,-0.321751
77,78,2.819842
78,42,-0.785398
78,43,-1.892547
78,45,-2.356194
78,78,-1.570796
79,21,-0.785398
79,30,1.570796
79,36,1.570796
79,79,1.570796
80,23,1.570796
80,30,-1.570796
80,36,-1.570796
80,39,0.785398
80,80,3.141593
80,86,2.356194
81,68,2.819842
81,72,1.570796
81,86,3.141593
82,19,0.785398
82,27,-1.570796
82,41,0.000000
82,53,2.356194
82,72,-0.321751
82,73,2.819842
82,77,1.570796
82,86,-2.356194
83,19,-0.321751
83,20,2.819842
83,38,1.570796
83,42,-1.570796
83,47,0.000000
83,48,1.570796
83,49,2.356194
83,53,3.141593
83,68,-0.321751
83,73,-1.570796
83,77,-0.321751
83,78,2.819842
84,20,-2.356194
84,28,0.785398
84,38,0.785398
84,43,-2.356194
84,53,-2.356194
84,70,2.819842
84,78,-1.570796
85,9,0.785398
85,16,0.785398
85,38,-0.321751
85,39,2.819842
85,60,0.785398
85,66,1.570796
85,70,-1.570796
85,75,-2.356194
85,79,1.570796
86,9,-0.321751
86,10,2.819842
86,16,-0.321751
86,17,2.819842
86,20,0.785398
86,34,0.785398
86,39,-1.570796
86,50,1.570796
86,61,1.570796
86,79,-0.321751
86,86,2.356194
87,10,-2.356194
87,17,-2.356194
87,20,-0.321751
87,21,2.819842
87,34,-0.321751
87,35,2.819842
87,52,2.356194
87,61,-0.321751
87,76,0.785398
87,80,-1.249046
87,81,-2.356194
87,86,3.141593
88,21,-2.356194
88,35,-2.356194
88,52,-2.356194
88,68,1.570796
88,73,1.570796
88,86,-2.356194
89,14,0.785398
89,47,0.785398
89,52,-1.570796
89,69,3.141593
89,73,-0.321751
89,74,2.819842
89,86,2.356194
90,14,-0.321751
90,15,2.819842
90,18,0.785398
90,43,1.570796
90,59,0.785398
90,70,1.570796
90,74,-1.570796
90,84,0.785398
90,86,-2.819842
91,15,-2.356194
91,18,-0.321751
91,19,2.819842
91,27,0.785398
91,36,-1.570796
91,43,-0.321751
91,44,2.819842
91,65,-1.249046
91,66,3.141593
91,70,-0.321751
91,71,2.819842
92,19,-2.356194
92,27,-0.321751
92,28,2.819842
92,40,0.785398
92,44,-1.570796
92,61,0.000000
92,71,-1.570796
92,85,2.356194
93,19,0.785398
93,37,1.570796
93,51,3.141593
93,62,-1.570796
93,77,0.000000
93,78,1.892547
93,85,-2.819842
94,19,-0.321751
94,20,2.819842
94,24,1.570796
94,28,-0.321751
94,29,2.819842
94,78,-1.249046
94,79,-2.356194
94,81,0.785398
94,82,1.570796
94,84,-1.892547
95,3,0.785398
95,7,2.356194
95,12,0.785398
95,16,0.785398
95,24,-0.321751
95,25,2.819842
95,29,-1.570796
95,34,1.570796
95,58,0.785398
95,69,0.000000
95,70,1.892547
95,74,0.000000
95,75,1.892547
96,4,-2.356194
96,6,-0.785398
96,12,-0.321751
96,13,2.819842
96,16,-0.321751
96,17,2.819842
96,20,-0.321751
96,21,2.819842
96,25,-2.356194
96,34,-0.321751
96,35,2.819842
96,38,-1.570796
96,59,0.000000
96,64,-1.570796
96,71,2.819842
96,82,-2.819842
97,13,-2.356194
97,17,-2.356194
97,21,-2.356194
97,25,-1.570796
97,35,-2.356194
97,48,-1.570796
97,60,-1.570796
97,71,-1.570796
97,80,0.000000
97,81,-1.892547
98,13,-1.570796
98,17,-1.570796
98,21,-1.570796
98,30,-1.570796
98,35,-1.570796
98,44,-1.570796
98,61,-2.356194
98,72,-2.356194
98,77,-1.249046
98,78,-2.356194
