13,45,1.249046
13,46,2.356194
14,40,0.785398
14,41,1.570796
14,42,2.356194
15,26,0.785398
15,27,2.356194
15,45,-2.356194
15,67,2.356194
16,17,1.249046
16,18,2.356194
16,23,0.785398
16,24,2.356194
16,27,-1.570796
17,16,0.321751
17,24,-1.570796
18,16,-0.785398
23,56,0.321751
24,17,3.141593
24,56,-0.785398
25,56,2.356194
25,82,3.141593
26,54,1.249046
27,47,1.249046
27,48,2.356194
27,57,2.819842
28,35,1.570796
29,10,0.321751
29,40,2.356194
29,41,-0.785398
29,42,-1.570796
29,55,-1.249046
29,57,-1.570796
29,58,-2.356194
29,60,0.785398
29,61,1.570796
29,62,2.356194
29,64,0.785398
30,10,-1.570796
30,34,0.321751
30,65,-1.249046
30,66,-2.356194
31,27,1.249046
31,39,-1.570796
31,46,-0.785398
31,47,-1.892547
31,53,0.785398
31,73,0.785398
32,24,0.785398
32,41,2.356194
32,43,-0.785398
32,44,-1.892547
32,54,-1.570796
32,61,2.356194
33,40,-1.892547
33,55,0.000000
33,60,-0.785398
33,61,-2.356194
33,74,3.141593
34,32,1.249046
34,38,-1.892547
34,72,0.785398
34,86,2.819842
35,21,1.249046
35,52,1.570796
35,69,0.785398
35,70,1.892547
35,74,3.141593
35,86,-1.570796
36,40,0.785398
36,41,1.570796
36,42,3.141593
36,52,3.141593
36,72,-1.892547
36,74,-2.356194
37,19,0.321751
37,23,-2.819842
37,27,0.785398
37,29,-1.892547
37,38,1.249046
37,39,3.141593
37,52,-2.356194
37,70,-0.785398
37,74,0.785398
37,81,0.000000
37,82,-1.892547
38,19,-0.785398
38,45,0.000000
38,51,-2.356194
38,76,1.570796
38,77,2.356194
39,25,1.249046
39,27,-2.356194
39,40,0.321751
39,43,2.356194
39,55,0.000000
39,63,2.356194
39,66,1.570796
39,73,0.321751
40,30,-1.892547
40,35,-2.819842
40,73,-1.570796
41,9,0.785398
41,15,1.249046
41,16,2.356194
41,19,0.000000
41,32,1.249046
41,72,-0.785398
41,77,3.141593
41,84,0.785398
41,85,1.892547
41,87,2.356194
42,11,2.356194
42,18,3.141593
42,27,-1.892547
42,29,0.785398
42,30,2.356194
42,31,-0.785398
42,32,-1.892547
42,35,0.785398
42,36,2.356194
42,37,0.785398
42,53,0.000000
42,62,1.570796
42,74,0.321751
42,83,0.785398
42,87,-2.356194
43,15,-1.249046
43,17,-1.892547
43,21,-1.570796
43,23,0.785398
43,25,-1.892547
43,48,0.000000
43,49,3.141593
43,59,3.141593
43,63,-2.356194
43,74,-1.570796
43,79,-2.356194
43,83,-0.321751
44,11,1.570796
44,20,0.785398
44,23,-1.570796
44,28,0.000000
44,34,0.000000
44,35,-1.570796
44,36,-2.356194
44,37,-0.785398
44,41,2.356194
44,70,2.356194
44,73,1.570796
45,6,0.321751
45,20,-0.785398
45,21,-2.356194
45,22,0.000000
45,26,1.249046
45,27,3.141593
45,43,-2.356194
45,65,-0.785398
45,73,-2.819842
45,75,0.321751
46,6,-0.785398
46,23,0.785398
46,24,2.356194
46,25,-0.785398
46,26,-1.892547
46,30,1.249046
46,31,3.141593
46,47,0.000000
46,51,3.141593
46,54,-0.785398
46,80,0.785398
46,86,-2.356194
46,89,2.356194
47,14,-2.819842
47,23,-1.570796
47,28,1.249046
47,30,-1.892547
47,36,0.785398
47,41,-1.249046
47,42,-2.356194
47,43,3.141593
47,77,1.249046
47,78,3.141593
47,84,0.000000
48,13,-1.892547
48,16,1.249046
48,17,3.141593
48,33,1.249046
48,34,3.141593
48,46,0.000000
48,50,3.141593
48,57,0.000000
48,58,3.141593
48,61,1.570796
48,65,1.249046
48,66,3.141593
48,81,-2.819842
48,90,2.819842
49,20,1.249046
49,21,3.141593
49,26,0.000000
49,27,-1.892547
49,31,1.249046
49,37,-0.785398
49,68,0.321751
49,72,0.321751
49,76,-1.570796
49,79,0.321751
49,84,-0.321751
50,25,1.570796
50,30,0.000000
50,31,-1.892547
50,42,-2.356194
50,44,0.785398
50,59,0.000000
50,60,-0.785398
50,64,-1.892547
50,68,-1.570796
50,75,1.570796
50,90,3.141593
51,18,0.000000
51,19,-1.892547
51,24,-0.785398
51,25,-2.356194
51,28,1.249046
51,29,3.141593
51,50,3.141593
51,52,0.000000
51,53,3.141593
51,55,0.000000
51,56,3.141593
51,70,1.249046
51,72,-2.356194
51,74,0.000000
51,75,-2.356194
51,77,1.249046
51,79,-2.356194
51,81,1.249046
51,82,2.356194
51,83,0.785398
51,86,-2.356194
51,90,-1.570796
52,8,1.249046
52,9,2.356194
52,17,1.570796
52,21,1.249046
52,22,3.141593
52,26,0.785398
52,28,-1.892547
52,33,1.249046
52,38,2.356194
52,40,3.141593
52,73,-2.356194
52,91,-2.356194
53,5,0.321751
53,12,-1.892547
53,14,0.785398
53,15,2.356194
53,16,-0.785398
53,17,-2.356194
53,26,-1.570796
53,31,1.249046
53,42,0.000000
53,47,0.785398
53,48,1.892547
53,58,0.000000
53,68,0.000000
53,69,-1.892547
53,71,0.785398
53,72,3.141593
53,76,-1.570796
53,79,0.000000
53,80,-1.892547
53,85,2.819842
54,5,-0.785398
54,8,-1.249046
54,10,-1.892547
54,14,-0.785398
54,20,-1.892547
54,24,1.249046
54,25,3.141593
54,30,0.000000
54,31,-1.892547
54,48,-1.249046
54,49,-2.356194
54,53,3.141593
54,66,1.249046
54,67,3.141593
54,71,-1.570796
54,74,1.249046
54,75,3.141593
54,78,1.570796
55,14,-1.570796
55,28,1.249046
55,29,3.141593
55,38,-1.249046
55,39,-2.356194
55,41,0.785398
55,42,1.892547
55,65,0.321751
55,69,0.000000
55,78,-2.819842
55,88,1.249046
56,35,3.141593
56,42,-1.249046
56,44,1.570796
56,45,2.356194
56,49,3.141593
56,53,0.785398
56,54,1.570796
56,55,2.356194
56,65,-0.785398
56,72,0.321751
56,90,-2.356194
57,20,1.249046
57,25,1.249046
57,27,-1.892547
57,52,-0.785398
57,62,3.141593
57,67,2.356194
57,68,3.141593
57,72,-1.570796
57,75,0.000000
57,89,-2.356194
58,14,-0.785398
58,15,-1.892547
58,23,0.785398
58,25,-1.892547
58,30,1.570796
58,35,-0.321751
58,37,2.356194
58,70,0.000000
58,71,0.000000
58,77,0.785398
58,79,-1.892547
59,17,1.249046
59,19,-1.892547
59,23,-1.570796
59,28,1.249046
59,30,-2.356194
59,42,-0.785398
59,43,-1.570796
59,44,-2.356194
59,53,-0.785398
59,54,-1.570796
59,55,-2.356194
59,64,0.000000
59,65,-1.892547
59,72,0.785398
59,73,3.141593
59,77,-1.570796
59,82,0.321751
60,4,0.785398
60,15,1.249046
60,17,-1.892547
60,22,1.570796
60,32,2.356194
60,34,0.785398
60,37,-2.356194
60,39,3.141593
60,68,3.141593
60,72,-1.570796
60,76,-0.785398
60,87,2.356194
61,4,0.000000
61,6,1.570796
61,7,2.356194
61,21,0.000000
61,25,1.249046
61,43,0.785398
61,55,1.249046
61,56,2.356194
61,66,1.570796
61,78,2.356194
61,82,-2.819842
61,87,3.141593
62,19,0.785398
62,20,2.356194
62,29,3.141593
62,31,-2.356194
62,35,0.785398
62,53,0.785398
62,63,0.000000
62,65,-0.785398
62,66,-2.356194
62,68,1.249046
62,69,3.141593
62,74,3.141593
62,77,0.785398
63,12,-0.785398
63,16,2.356194
63,20,-2.356194
63,23,0.321751
63,31,0.785398
63,39,3.141593
63,60,2.356194
63,68,-1.892547
63,76,-0.785398
63,78,0.785398
63,80,-1.892547
63,83,1.249046
63,85,-1.570796
63,90,3.141593
64,10,1.570796
64,23,-1.570796
64,31,-0.785398
64,32,-2.356194
64,33,0.785398
64,45,0.000000
64,53,0.000000
64,54,-1.570796
64,55,-2.356194
65,2,-0.321751
65,4,-2.819842
65,9,0.000000
65,14,-1.570796
65,29,2.356194
65,68,1.249046
65,69,3.141593
65,77,0.000000
65,78,-2.356194
65,81,0.000000
65,82,-1.892547
65,87,2.356194
66,18,-1.570796
66,24,0.321751
66,67,0.321751
66,79,0.785398
66,80,3.141593
67,7,1.570796
67,13,-1.570796
67,31,1.249046
67,33,-1.892547
67,36,-0.785398
67,46,0.785398
67,47,1.892547
67,67,-0.785398
67,72,3.141593
67,79,-1.570796
67,83,1.249046
67,84,3.141593
68,7,-2.819842
68,15,1.249046
68,16,2.356194
68,19,1.570796
68,22,1.249046
68,30,0.000000
68,31,-1.892547
68,47,-1.249046
68,48,-2.356194
68,64,3.141593
68,69,2.356194
68,74,0.785398
68,82,0.000000
68,83,-1.892547
68,87,-0.785398
68,91,3.141593
69,9,1.570796
69,17,0.785398
69,19,-2.356194
69,21,0.000000
69,35,0.000000
69,37,2.819842
69,67,0.000000
69,68,-1.892547
70,2,0.321751
70,9,2.356194
70,17,-0.785398
70,20,0.000000
70,27,1.249046
70,28,3.141593
70,32,1.249046
70,33,2.356194
70,37,-2.356194
70,53,1.249046
70,54,2.356194
70,72,1.249046
70,74,-1.892547
71,20,-1.570796
71,23,-0.785398
71,31,0.000000
71,32,-1.892547
71,39,1.249046
71,40,2.356194
71,41,0.785398
71,42,1.570796
71,43,2.356194
71,52,-0.785398
71,53,-1.892547
71,61,1.249046
71,62,2.356194
71,71,-0.785398
71,72,-1.892547
71,76,1.249046
71,77,3.141593
72,2,0.000000
72,4,-1.892547
72,6,0.785398
72,8,-1.892547
72,10,0.785398
72,12,-1.892547
72,26,-1.892547
72,34,1.249046
72,35,2.356194
72,36,-0.785398
72,59,1.249046
72,61,-1.892547
72,85,1.570796
73,2,-0.785398
73,15,3.141593
73,28,1.249046
73,29,3.141593
73,33,0.321751
73,40,-2.356194
73,41,-0.785398
73,42,-1.570796
73,43,-2.356194
73,57,0.785398
73,64,1.249046
73,65,2.356194
73,78,2.356194
73,90,-2.356194
74,5,0.321751
74,6,-2.819842
74,10,-2.819842
74,14,-1.570796
74,33,-1.570796
74,49,0.785398
74,50,1.570796
74,51,3.141593
74,62,0.000000
74,63,-0.785398
74,64,-1.892547
74,77,-1.892547
74,81,2.356194
74,82,-0.785398
74,85,-2.819842
74,88,-0.321751
75,2,0.785398
75,5,-1.570796
75,36,0.785398
75,38,-2.819842
75,75,-1.570796
76,3,-2.356194
76,7,0.321751
76,20,0.321751
76,41,1.249046
76,42,2.356194
76,48,0.785398
76,52,2.356194
76,57,-0.785398
76,78,0.000000
76,79,-1.892547
76,84,-0.785398
76,85,3.141593
76,89,-0.785398
77,11,1.249046
77,12,3.141593
77,20,-1.570796
77,24,0.000000
77,25,-1.892547
77,28,1.249046
77,29,3.141593
77,32,1.249046
77,33,3.141593
77,39,0.785398
77,45,0.785398
77,46,2.356194
77,49,-1.249046
77,51,-1.892547
77,70,1.249046
77,71,2.356194
77,77,1.570796
77,87,0.785398
77,88,2.356194
77,91,-2.356194
78,5,1.249046
78,7,-2.356194
78,31,0.000000
78,32,-1.892547
78,46,-2.356194
78,59,-0.785398
78,66,0.785398
78,67,1.570796
78,68,2.356194
78,69,-0.785398
78,70,-1.892547
78,75,1.249046
78,88,-1.570796
79,4,0.000000
79,5,-1.892547
79,8,0.785398
79,10,-1.892547
79,23,-1.570796
79,30,1.570796
79,61,2.356194
79,73,1.249046
79,79,2.356194
79,80,0.785398
79,81,1.892547
79,89,0.000000
79,90,2.356194
80,8,-1.570796
80,12,1.570796
80,17,1.570796
80,29,0.000000
80,39,0.000000
80,41,2.819842
80,45,0.785398
80,47,1.249046
80,48,2.356194
80,59,-0.785398
80,60,-1.892547
80,70,1.570796
80,71,2.356194
80,86,0.785398
80,87,1.892547
80,90,-1.570796
81,7,1.570796
81,16,0.321751
81,17,-2.819842
81,20,1.570796
81,28,1.570796
81,38,-0.785398
81,47,-1.892547
81,67,-0.785398
81,68,-1.892547
81,78,-1.570796
81,91,-2.356194
82,6,0.321751
82,7,-2.819842
82,16,-1.570796
82,23,0.321751
82,27,0.321751
82,28,-2.819842
82,31,1.570796
82,40,0.000000
82,43,2.356194
82,73,-1.892547
82,79,0.785398
82,81,3.141593
82,89,2.819842
83,6,-1.570796
83,11,-1.570796
83,23,-1.570796
83,27,-1.570796
83,31,-2.819842
83,45,-2.356194
83,53,1.249046
83,54,2.356194
83,70,0.000000
83,71,-1.892547
83,79,-1.570796
83,81,-1.570796
83,89,-1.570796
84,2,-1.570796
84,29,0.321751
84,33,1.570796
84,38,0.785398
84,42,-2.819842
84,49,1.249046
84,50,2.356194
84,77,0.785398
84,78,3.141593
84,82,1.570796
84,85,-1.570796
84,91,3.141593
85,4,1.570796
85,17,-0.785398
85,25,1.570796
85,29,-1.570796
85,33,-2.819842
85,36,1.249046
85,37,3.141593
85,40,-0.785398
85,41,-1.892547
85,46,-2.356194
85,47,0.785398
85,53,-2.356194
85,63,1.249046
85,64,3.141593
85,77,-1.570796
85,82,-0.321751
86,3,0.000000
86,20,-0.785398
86,24,0.000000
86,31,0.321751
86,35,0.000000
86,36,-1.892547
86,43,0.321751
86,58,1.249046
86,59,2.356194
86,61,0.785398
86,74,1.892547
86,76,1.570796
86,84,2.819842
87,7,1.570796
87,23,-0.785398
87,27,1.570796
87,31,-1.570796
87,43,-1.570796
87,49,3.141593
87,84,-1.570796
88,2,-1.570796
88,7,-1.570796
88,15,2.356194
88,26,0.321751
88,27,-2.819842
88,42,3.141593
88,90,1.570796
89,26,-1.570796
89,41,-1.570796
89,53,-1.570796
89,54,-2.356194
89,55,-0.785398
89,56,-1.570796
89,70,0.785398
89,76,-0.785398
89,79,3.141593
90,13,1.570796
90,32,-1.570796
90,49,1.249046
90,73,-1.570796
90,83,0.785398
90,87,1.570796
90,91,-2.356194
91,9,-1.570796
91,12,0.321751
91,13,-2.819842
91,22,2.356194
91,25,-1.570796
91,40,-1.570796
91,48,0.000000
91,52,2.819842
91,61,0.321751
91,63,2.819842
91,87,-0.321751
91,88,2.819842
92,2,1.570796
92,12,-1.570796
92,16,2.356194
92,21,-0.785398
92,52,-2.356194
92,61,-1.570796
92,63,-2.356194
92,71,0.785398
93,15,1.570796
93,18,1.570796
93,35,2.356194
93,50,-0.785398
93,51,-2.356194
93,59,0.000000
93,63,-1.570796
93,71,-0.321751
93,72,2.819842
93,75,1.570796
93,88,-0.321751
94,2,-1.570796
94,5,1.570796
94,10,1.570796
94,14,0.321751
94,15,-2.819842
94,20,2.356194
94,23,2.356194
94,45,-0.785398
94,54,0.000000
94,55,3.141593
94,60,-1.249046
94,61,3.141593
94,69,1.570796
94,72,-1.570796
94,75,-0.321751
94,76,2.819842
94,82,0.785398
95,10,-2.819842
95,14,-0.785398
95,33,-0.785398
95,43,1.570796
95,62,-2.356194
95,91,2.819842
96,8,0.321751
96,14,-1.570796
96,28,1.570796
96,36,2.356194
96,47,-0.785398
96,76,-0.321751
96,77,2.819842
96,84,1.570796
96,91,-2.356194
97,4,-1.570796
97,8,-1.570796
97,18,2.356194
97,67,1.570796
97,74,-2.356194
97,77,-1.570796
97,84,-0.321751
97,91,-1.570796
98,7,-0.785398
98,16,0.000000
98,21,-1.570796
98,24,-0.785398
98,27,-0.785398
98,34,-0.785398
98,41,-0.785398
98,67,-1.570796
98,70,-1.570796
98,78,-2.356194
98,80,-0.785398
98,85,-1.249046
98,86,-2.356194
