5,49,0.785398
5,50,1.892547
6,42,0.785398
6,43,1.570796
6,44,3.141593
7,30,1.249046
7,31,3.141593
7,50,-0.785398
9,16,1.249046
9,17,3.141593
9,59,0.000000
9,72,1.570796
10,30,-0.785398
10,40,0.321751
10,44,0.785398
10,59,2.356194
11,11,2.356194
11,14,-0.785398
11,44,0.000000
11,46,1.570796
11,52,0.785398
11,53,1.892547
11,56,0.785398
11,57,1.570796
12,10,-1.570796
12,38,1.249046
12,40,3.141593
12,55,3.141593
12,81,2.356194
13,44,-0.321751
13,57,-0.321751
13,62,1.892547
14,38,-1.249046
14,54,3.141593
14,58,-1.249046
14,63,2.819842
14,68,0.321751
15,31,2.356194
15,40,-1.249046
15,42,1.892547
15,45,-1.570796
15,47,-1.249046
15,48,-2.356194
15,63,-2.356194
15,68,-0.785398
16,30,0.321751
16,42,-1.249046
16,68,2.356194
17,21,0.785398
17,22,2.356194
17,33,0.785398
17,34,1.570796
17,35,2.356194
17,44,-1.249046
17,46,1.892547
17,56,1.892547
17,65,0.785398
17,66,1.570796
17,68,3.141593
18,21,-0.785398
18,30,3.141593
18,40,0.785398
18,41,1.892547
18,58,0.785398
18,59,1.892547
18,62,-1.570796
18,68,-2.356194
19,21,0.785398
19,30,-2.356194
19,34,-0.321751
19,41,-1.249046
19,43,1.892547
19,48,-2.356194
19,49,0.785398
19,50,1.892547
19,56,-0.785398
19,59,-1.249046
19,66,-0.321751
19,74,0.321751
20,21,0.000000
20,36,-2.356194
20,37,0.785398
20,38,1.892547
20,43,-1.249046
20,44,-2.356194
20,45,0.785398
20,50,-1.249046
20,57,1.570796
20,61,-1.249046
20,62,3.141593
20,68,2.819842
21,8,0.321751
21,10,3.141593
21,21,-0.785398
21,29,-0.785398
21,30,-1.570796
21,31,-2.356194
21,57,0.000000
21,59,1.892547
21,63,0.000000
21,64,1.892547
22,8,-0.785398
22,33,-0.785398
22,34,-1.570796
22,35,-2.356194
22,36,0.785398
22,37,2.356194
22,40,-1.570796
22,49,1.892547
22,53,-1.249046
22,54,3.141593
22,64,-1.249046
22,65,3.141593
23,12,0.000000
23,13,1.570796
23,14,2.356194
23,20,-0.785398
23,21,-1.570796
23,22,-2.356194
23,43,2.356194
23,45,0.785398
23,49,-1.249046
23,50,3.141593
23,60,-1.249046
23,62,1.892547
23,66,0.000000
23,74,-2.356194
24,25,0.785398
24,26,2.356194
24,38,-2.356194
24,40,-0.785398
24,51,0.000000
24,52,1.892547
24,67,-1.249046
24,69,-1.892547
25,8,2.356194
25,25,-1.570796
25,42,-1.570796
25,52,-1.249046
25,54,1.892547
25,60,1.892547
25,73,-1.570796
26,57,1.570796
26,66,1.892547
26,74,0.000000
26,75,1.892547
27,6,0.321751
27,23,-0.785398
27,24,-1.570796
27,25,3.141593
27,37,0.000000
27,38,1.892547
27,50,-2.356194
27,51,0.785398
27,52,1.892547
27,61,-1.249046
27,62,-2.356194
27,68,1.892547
28,6,-0.785398
28,10,0.785398
28,38,-1.249046
28,47,0.785398
28,52,-1.249046
28,54,2.356194
28,57,-1.249046
28,58,3.141593
28,66,-1.570796
28,68,-1.249046
28,69,-2.356194
28,76,-1.249046
28,77,-2.356194
28,83,-0.785398
28,85,2.819842
29,12,-2.356194
29,33,1.570796
29,54,-1.570796
29,59,0.000000
29,60,1.892547
29,85,-2.356194
30,10,-0.321751
30,33,0.000000
30,40,0.000000
30,43,0.785398
30,44,1.892547
30,49,-1.249046
30,50,3.141593
30,55,0.000000
30,60,-1.249046
30,61,3.141593
30,66,0.000000
30,67,1.892547
30,85,2.356194
31,11,-1.249046
31,12,-2.356194
31,33,-1.570796
31,35,-2.356194
31,51,0.000000
31,56,-1.570796
31,67,-1.249046
31,68,3.141593
31,75,0.000000
31,76,1.892547
31,79,0.785398
31,80,1.892547
32,40,-2.819842
32,44,-0.785398
32,48,0.785398
32,49,2.356194
32,57,0.000000
32,58,1.892547
32,63,0.000000
32,64,1.892547
32,76,-1.249046
32,84,-1.892547
33,5,0.321751
33,8,2.356194
33,26,1.570796
33,34,-0.785398
33,58,-1.249046
33,60,1.892547
34,26,-2.819842
34,37,0.321751
34,42,0.000000
34,47,0.321751
34,48,-2.819842
34,54,0.000000
34,65,-1.249046
34,67,1.892547
34,73,0.000000
34,74,1.570796
34,75,2.356194
35,5,-1.570796
35,33,2.356194
35,37,-1.570796
35,47,-1.570796
35,51,1.249046
35,76,2.356194
35,80,-1.249046
36,3,-0.785398
36,24,-1.570796
36,28,1.570796
36,36,1.570796
36,40,1.570796
36,50,0.321751
36,53,-1.249046
36,68,-1.249046
36,69,3.141593
36,75,-0.785398
36,77,2.356194
37,17,0.785398
37,21,0.785398
37,23,1.570796
37,26,0.000000
37,27,-0.785398
37,31,1.570796
37,35,0.321751
37,36,-2.819842
37,50,-1.570796
37,58,1.570796
37,63,-1.249046
37,65,1.892547
37,70,0.000000
37,71,1.892547
37,76,-0.785398
37,77,-2.356194
38,3,0.785398
38,18,-2.356194
38,23,-2.819842
38,30,0.321751
38,31,-2.819842
38,35,-1.570796
38,55,-1.570796
38,58,-0.785398
38,60,1.892547
38,71,-1.249046
38,72,3.141593
38,78,0.000000
39,3,0.000000
39,5,0.785398
39,6,1.570796
39,7,3.141593
39,22,-1.570796
39,30,-1.570796
39,38,1.570796
39,48,-0.785398
39,66,-1.249046
39,67,3.141593
39,73,0.000000
39,74,1.892547
39,79,-1.570796
40,3,-0.785398
40,20,2.356194
40,33,1.570796
40,37,0.321751
40,38,-2.819842
40,87,2.356194
41,3,0.785398
41,15,0.785398
41,32,0.000000
41,37,-1.570796
41,41,1.570796
41,57,-1.570796
41,61,-0.785398
41,63,0.000000
41,64,1.892547
41,69,0.000000
41,87,3.141593
42,3,0.000000
42,6,-0.785398
42,7,-1.570796
42,8,-2.356194
42,40,0.000000
42,61,2.356194
42,64,-1.249046
42,65,3.141593
42,70,-1.570796
42,76,-1.249046
42,87,-2.356194
43,39,1.570796
43,44,1.570796
43,61,3.141593
43,66,0.000000
43,67,1.892547
43,71,0.000000
43,72,1.892547
43,78,-1.570796
44,2,0.321751
44,4,3.141593
44,21,1.570796
44,38,0.321751
44,39,-2.819842
44,44,-1.570796
44,51,2.356194
44,61,-2.356194
44,72,-1.249046
44,74,1.892547
44,79,0.000000
44,80,1.892547
45,2,-0.785398
45,5,1.570796
45,12,0.785398
45,13,2.356194
45,21,2.356194
45,29,1.570796
45,38,-1.570796
45,49,1.249046
45,50,3.141593
45,57,-0.785398
45,87,2.356194
46,2,0.785398
46,13,-2.356194
46,20,0.321751
46,21,-2.819842
46,24,1.570796
46,29,-2.819842
46,37,1.570796
46,42,2.356194
46,48,0.000000
46,49,-1.892547
46,64,1.892547
46,81,-1.249046
46,82,-2.356194
46,87,3.141593
47,2,0.000000
47,4,-0.785398
47,5,-1.892547
47,23,0.321751
47,24,-2.819842
47,27,0.321751
47,32,1.570796
47,37,-2.819842
47,41,3.141593
47,46,1.249046
47,47,3.141593
47,53,2.356194
47,66,1.892547
47,76,-1.249046
47,78,1.892547
47,87,-2.356194
48,2,-0.785398
48,11,1.249046
48,20,-2.819842
48,27,-1.570796
48,31,0.321751
48,32,-2.819842
48,40,-1.570796
48,45,0.000000
48,46,-1.892547
48,51,0.000000
48,59,-0.785398
48,67,2.819842
48,71,-1.249046
48,73,1.892547
49,2,0.785398
49,8,1.249046
49,9,2.356194
49,10,-0.785398
49,11,-1.892547
49,13,0.785398
49,14,2.356194
49,18,0.321751
49,23,-2.819842
49,62,-0.785398
49,67,-1.570796
49,87,2.356194
50,2,0.000000
50,7,-0.785398
50,8,-1.892547
50,18,-1.570796
50,21,0.321751
50,34,-1.892547
50,74,-1.249046
50,75,3.141593
50,80,-1.249046
50,82,1.892547
50,84,0.785398
50,85,1.570796
50,87,-2.356194
51,2,-0.785398
51,11,0.785398
51,13,-2.819842
51,17,1.570796
51,21,-1.570796
51,69,0.000000
51,70,1.892547
51,76,0.000000
51,77,1.892547
52,2,0.785398
52,16,0.321751
52,17,-2.819842
52,28,0.321751
52,32,2.356194
52,45,2.356194
52,58,1.570796
52,70,-1.249046
52,71,3.141593
52,83,-1.249046
53,2,0.000000
53,20,2.356194
53,24,2.356194
53,28,-1.570796
53,31,0.321751
53,32,-2.819842
53,44,-0.785398
53,58,-1.570796
53,63,0.321751
53,66,1.892547
53,72,0.000000
53,73,1.892547
53,78,-1.249046
53,80,1.892547
54,2,-0.785398
54,12,2.356194
54,15,0.321751
54,16,-2.819842
54,20,-2.819842
54,24,-2.819842
54,27,1.570796
54,31,-0.785398
54,40,-1.570796
54,50,0.000000
54,51,3.141593
54,63,-0.785398
54,66,-1.249046
55,12,3.141593
55,18,0.321751
55,22,0.321751
55,26,0.321751
55,27,-2.819842
55,31,-1.570796
55,43,1.570796
55,68,-1.570796
55,74,-1.249046
55,75,3.141593
55,81,-1.249046
55,82,3.141593
56,2,0.785398
56,6,1.249046
56,7,2.356194
56,14,0.000000
56,18,-0.785398
56,26,-1.570796
56,34,1.570796
56,49,2.356194
56,58,2.356194
56,63,0.785398
56,69,0.000000
56,70,1.892547
56,76,0.000000
56,77,1.892547
56,88,2.356194
57,3,-2.356194
57,4,0.785398
57,22,-2.819842
57,33,0.321751
57,34,-2.819842
57,38,2.356194
57,48,-0.785398
57,52,1.570796
57,63,-0.321751
57,64,2.819842
57,77,-1.249046
57,78,3.141593
57,88,3.141593
58,11,1.570796
58,13,-2.356194
58,17,0.321751
58,25,2.356194
58,29,1.570796
58,56,-0.785398
58,71,-1.249046
58,73,1.892547
58,79,0.000000
58,88,-2.356194
59,6,1.570796
59,8,1.249046
59,9,2.356194
59,10,-0.785398
59,11,-2.356194
59,13,2.356194
59,17,-1.570796
59,24,0.321751
59,25,-2.819842
59,32,0.321751
59,33,-2.819842
59,37,-1.570796
59,41,-0.785398
59,47,3.141593
59,64,0.000000
59,80,-1.570796
60,6,-0.785398
60,13,-2.819842
60,19,0.321751
60,20,-2.819842
60,24,-1.570796
60,32,-1.570796
60,45,3.141593
60,64,-0.785398
60,74,-1.249046
60,75,3.141593
60,81,0.000000
60,82,1.892547
60,85,0.785398
60,86,1.892547
60,88,2.356194
61,3,0.000000
61,16,2.356194
61,19,-0.785398
61,31,-0.785398
61,39,1.570796
61,44,-1.570796
61,69,0.000000
61,70,1.892547
61,76,0.000000
61,77,1.892547
61,82,-1.249046
61,88,3.141593
62,12,3.141593
62,15,0.321751
62,16,-2.819842
62,27,2.356194
62,34,1.570796
62,70,-1.249046
62,71,3.141593
62,77,-1.249046
62,78,3.141593
62,84,-1.249046
62,86,-1.892547
62,88,-2.356194
63,7,0.000000
63,8,-1.892547
63,15,-0.785398
63,26,0.321751
63,27,-2.819842
63,30,1.570796
63,34,2.356194
63,47,-0.785398
63,64,-2.356194
63,65,0.785398
63,66,1.892547
63,72,1.570796
64,4,1.249046
64,5,2.356194
64,11,0.321751
64,15,2.356194
64,26,-0.785398
64,30,2.356194
64,33,0.321751
64,34,-2.819842
64,38,-1.570796
64,55,2.356194
64,66,-1.249046
64,67,3.141593
64,73,-2.356194
64,80,0.000000
64,81,1.892547
65,2,0.000000
65,3,-0.785398
65,4,-1.892547
65,13,0.000000
65,15,-2.819842
65,29,0.321751
65,30,-2.819842
65,33,-0.785398
65,62,-2.356194
66,10,-0.785398
66,18,2.356194
66,29,-0.785398
66,42,2.356194
66,54,-1.570796
66,62,0.785398
67,5,1.249046
67,6,2.356194
67,15,-2.356194
67,16,0.785398
67,18,-2.819842
67,41,0.321751
67,42,-2.819842
67,49,1.570796
67,58,2.356194
67,62,0.000000
67,70,0.000000
67,71,1.892547
67,88,2.356194
68,4,0.000000
68,5,-1.892547
68,11,1.249046
68,13,-1.892547
68,29,-1.570796
68,41,-0.785398
68,45,1.570796
68,49,-1.570796
68,62,-0.785398
68,65,0.000000
68,80,1.570796
68,84,-1.249046
68,85,-2.356194
68,88,3.141593
69,2,0.000000
69,52,1.570796
69,56,0.321751
69,66,-1.570796
69,77,3.141593
69,88,-2.356194
70,9,-0.785398
70,28,1.570796
70,56,-1.570796
70,61,-0.785398
70,74,2.819842
70,81,0.000000
70,82,1.892547
71,5,-0.785398
71,11,2.356194
71,18,2.356194
71,31,-1.570796
71,34,1.570796
71,37,1.570796
71,55,1.570796
71,69,0.000000
71,70,1.892547
71,74,-1.570796
71,88,2.356194
72,9,0.000000
72,10,-0.785398
72,17,-0.785398
72,20,-1.570796
72,44,-1.570796
72,47,1.570796
72,51,0.321751
72,53,-2.356194
72,59,2.356194
72,64,-1.249046
72,65,3.141593
72,75,-2.356194
72,83,-1.249046
72,84,-2.356194
72,88,3.141593
73,6,2.356194
73,14,0.000000
73,27,2.356194
73,30,1.570796
73,51,-1.570796
73,57,2.356194
73,58,-0.785398
73,59,-2.356194
73,66,1.570796
73,88,-2.356194
74,25,-2.356194
74,27,3.141593
74,66,-0.321751
74,72,-1.249046
74,73,3.141593
74,79,0.000000
75,22,-0.785398
75,23,-1.892547
75,27,-2.356194
75,55,-0.785398
75,67,-1.249046
75,68,3.141593
75,74,0.000000
75,75,1.892547
75,81,0.000000
75,82,1.892547
76,2,0.000000
76,27,-1.570796
76,50,0.785398
76,55,2.356194
76,69,1.570796
76,82,-1.249046
76,83,3.141593
76,88,2.356194
77,8,3.141593
77,13,-0.785398
77,30,0.785398
77,33,2.356194
77,44,2.356194
77,55,3.141593
77,59,-2.356194
77,70,3.141593
77,86,0.785398
77,88,-2.819842
78,5,1.249046
78,6,3.141593
78,22,0.785398
78,23,1.892547
78,30,-0.785398
78,37,2.356194
78,43,0.785398
78,55,-2.356194
78,64,-1.570796
78,77,-1.249046
78,78,3.141593
79,4,-0.785398
79,5,-1.892547
79,9,2.356194
79,23,-1.249046
79,24,-2.356194
79,25,3.141593
79,34,-2.356194
79,46,0.785398
79,55,-1.570796
79,61,1.570796
79,72,0.000000
79,73,1.892547
79,79,0.000000
79,80,1.892547
80,7,1.249046
80,8,3.141593
80,27,0.000000
80,28,0.000000
80,32,-0.785398
80,39,-0.785398
80,40,-1.570796
80,61,-1.570796
80,67,0.785398
80,80,-1.249046
80,81,3.141593
80,84,0.785398
80,85,1.892547
80,87,2.356194
81,2,-1.570796
81,32,2.356194
81,37,-0.785398
81,47,0.785398
81,82,0.000000
81,87,3.141593
82,19,3.141593
82,22,0.000000
82,23,3.141593
82,43,1.570796
82,47,-0.321751
82,83,-1.249046
82,85,-1.892547
82,87,-2.356194
83,4,0.000000
83,5,-1.892547
83,14,1.249046
83,15,2.356194
83,32,-1.249046
83,33,3.141593
83,43,-0.321751
83,59,0.785398
83,70,0.000000
83,76,-1.249046
83,77,3.141593
84,13,0.000000
84,14,-1.892547
84,26,0.000000
84,27,0.785398
84,28,1.892547
84,45,2.819842
84,50,2.819842
84,54,-1.570796
84,66,1.570796
84,71,-1.570796
85,18,2.356194
85,45,-1.570796
85,50,-1.570796
85,72,0.000000
85,73,1.892547
85,82,0.785398
85,83,1.892547
85,87,2.356194
86,4,0.785398
86,5,2.356194
86,21,0.000000
86,24,3.141593
86,29,-1.249046
86,31,1.892547
86,37,3.141593
86,51,1.570796
86,57,1.570796
86,67,0.000000
86,68,1.892547
86,80,0.000000
86,85,0.785398
86,87,-2.819842
87,31,-1.249046
87,33,1.892547
87,51,-0.321751
87,63,1.570796
87,69,2.819842
87,81,-1.249046
87,83,-1.892547
88,4,-2.819842
88,8,1.249046
88,9,3.141593
88,53,2.819842
88,63,-0.321751
89,2,0.321751
89,12,1.249046
89,13,3.141593
89,18,1.249046
89,19,2.356194
89,23,3.141593
89,40,0.785398
89,44,-2.356194
89,53,-1.570796
89,70,3.141593
90,2,-0.785398
90,6,0.000000
90,7,-1.892547
90,11,0.321751
90,16,1.249046
90,18,-1.892547
90,28,0.000000
90,35,-1.249046
90,36,3.141593
90,49,0.000000
90,50,1.892547
90,60,-2.356194
90,66,2.819842
90,71,1.570796
91,11,-0.785398
91,46,1.570796
91,51,2.819842
91,66,-1.570796
91,79,2.819842
92,2,0.785398
92,4,1.570796
92,8,2.356194
92,14,0.321751
92,23,3.141593
92,32,1.570796
92,43,-2.356194
92,46,0.785398
92,51,-1.570796
92,56,-2.356194
92,79,-1.570796
93,2,0.000000
93,10,1.570796
93,14,-1.570796
93,18,1.249046
93,19,3.141593
93,25,0.000000
93,33,-2.356194
93,34,3.141593
93,46,-0.321751
93,52,-2.356194
93,73,-0.321751
93,86,2.356194
94,2,-0.785398
94,6,1.570796
94,9,0.321751
94,10,-2.819842
94,48,2.819842
94,68,0.000000
94,75,2.819842
94,82,0.785398
94,83,1.570796
94,84,2.356194
94,85,-0.785398
95,5,0.321751
95,6,-2.819842
95,23,3.141593
95,35,0.785398
95,43,3.141593
95,48,-2.356194
95,75,-1.570796
96,2,-1.570796
96,5,-0.785398
96,8,0.321751
96,9,-2.819842
96,15,0.321751
96,20,-0.785398
96,48,-1.570796
96,59,0.785398
96,64,0.785398
96,76,1.570796
96,83,-2.819842
97,5,-1.570796
97,8,-0.785398
97,12,-1.570796
97,15,-1.570796
97,31,1.570796
97,38,3.141593
97,50,0.785398
97,54,0.000000
97,55,3.141593
97,71,-2.356194
97,77,3.141593
98,8,-1.570796
98,14,-0.785398
98,19,0.000000
98,20,3.141593
98,27,0.000000
98,28,3.141593
98,32,-2.356194
98,33,3.141593
98,51,-2.356194
98,60,-1.570796
98,66,-2.356194
98,71,-1.570796
98,80,-0.785398
98,81,-1.892547
