8,45,0.785398
8,46,1.570796
8,47,2.356194
8,53,0.785398
8,54,1.892547
9,34,0.785398
9,35,2.356194
9,56,2.356194
9,62,0.785398
9,63,1.892547
10,22,1.249046
10,23,3.141593
10,35,-1.570796
11,52,0.321751
11,55,-2.356194
11,62,0.321751
12,62,-1.570796
12,76,2.356194
13,52,3.141593
13,61,1.570796
14,61,3.141593
14,81,2.356194
15,13,1.249046
15,14,3.141593
15,19,-1.570796
15,46,0.785398
15,52,-2.819842
16,39,2.819842
16,59,-0.321751
17,11,0.321751
17,44,1.249046
18,11,-0.785398
18,41,1.570796
18,42,2.356194
18,46,-1.249046
18,53,0.785398
18,59,0.785398
18,63,-2.819842
19,57,3.141593
20,31,1.249046
20,45,-2.356194
20,46,0.785398
20,51,3.141593
21,11,2.356194
21,28,1.249046
21,39,-1.892547
21,47,-1.249046
21,57,0.000000
21,62,1.570796
21,65,-0.321751
21,69,2.819842
22,24,0.785398
22,26,1.249046
22,49,-1.249046
22,50,-2.356194
22,62,-0.321751
23,36,-2.356194
23,55,0.000000
23,56,0.785398
23,69,-2.819842
24,22,1.249046
24,49,3.141593
24,71,0.000000
24,72,-1.892547
24,83,2.356194
25,7,0.321751
25,21,0.321751
25,27,2.819842
25,29,-0.785398
25,35,0.000000
25,43,0.785398
25,44,1.892547
25,56,0.785398
25,69,0.000000
25,70,2.356194
26,7,-0.785398
26,27,-2.356194
26,31,-0.321751
26,35,2.356194
26,41,3.141593
26,45,-2.356194
26,52,0.000000
26,56,-0.785398
26,57,3.141593
26,67,-1.570796
26,70,-1.570796
27,16,1.570796
27,23,3.141593
27,40,-1.570796
27,43,-0.785398
27,55,0.000000
27,58,0.000000
27,65,3.141593
28,7,2.356194
28,16,0.000000
28,18,1.570796
28,19,2.356194
28,29,0.000000
28,34,-0.785398
28,36,0.000000
28,39,1.570796
28,59,-1.249046
28,60,-2.356194
28,62,-1.249046
28,76,1.249046
28,85,2.356194
29,6,0.321751
29,22,0.321751
29,23,-2.819842
29,28,0.000000
29,32,-1.570796
29,38,0.321751
29,39,-2.819842
29,48,3.141593
29,53,-2.356194
29,57,-2.356194
30,6,-1.570796
30,15,0.321751
30,20,-1.570796
30,22,-0.785398
30,34,2.356194
30,36,-1.570796
30,38,-0.785398
31,15,-0.785398
31,24,1.570796
31,30,-1.570796
31,33,0.321751
31,34,-2.819842
31,38,2.356194
31,56,0.785398
31,60,1.570796
31,69,2.356194
31,77,-1.249046
32,17,-0.785398
32,33,-0.785398
32,37,0.321751
32,38,-2.819842
32,57,-2.356194
32,63,0.000000
32,64,3.141593
32,68,-0.785398
32,73,0.000000
32,75,-1.570796
33,17,2.356194
33,24,0.785398
33,37,-0.785398
33,42,-0.785398
33,50,-2.356194
33,59,-0.785398
33,76,1.570796
33,86,2.356194
34,16,0.321751
34,26,2.356194
34,31,1.570796
34,39,1.570796
34,74,-2.356194
34,76,-0.321751
34,79,0.000000
34,80,-1.892547
35,11,2.356194
35,16,-0.785398
35,18,0.000000
35,27,-2.356194
35,41,1.570796
35,47,2.356194
36,11,-2.819842
36,16,2.356194
36,35,1.570796
36,53,0.000000
36,73,1.570796
36,78,-1.570796
37,9,0.321751
37,15,0.321751
37,18,0.000000
37,25,-1.570796
37,29,-1.570796
37,33,-1.570796
37,47,0.000000
37,48,3.141593
37,55,-2.356194
37,73,-1.570796
37,81,0.785398
38,5,0.785398
38,13,2.356194
38,15,-0.785398
38,17,0.000000
38,37,-1.570796
38,41,-1.570796
38,46,-0.785398
39,5,-0.321751
39,7,2.356194
39,8,-0.785398
39,9,-1.570796
39,10,-2.356194
39,11,0.785398
39,13,-2.819842
39,21,-1.570796
39,29,1.570796
39,39,2.356194
39,76,0.785398
39,80,-0.321751
40,17,2.356194
40,24,-1.570796
40,39,3.141593
40,41,0.000000
40,77,-2.356194
40,81,-1.570796
40,87,2.356194
41,12,2.356194
41,14,0.321751
41,19,0.000000
41,22,1.570796
41,26,0.000000
41,27,3.141593
41,29,-1.570796
41,31,-1.570796
41,35,-1.570796
41,37,-0.785398
41,39,-2.356194
41,87,3.141593
42,6,0.785398
42,9,1.249046
42,12,-2.819842
42,14,-0.785398
42,39,-1.570796
42,79,0.785398
42,87,-1.570796
43,6,0.000000
43,16,-0.785398
43,18,-2.356194
43,22,-1.570796
43,35,1.570796
43,58,0.000000
43,59,3.141593
43,80,-2.356194
44,6,-0.785398
44,9,-1.249046
44,14,0.000000
44,16,2.356194
44,27,1.570796
44,37,-1.570796
44,46,0.000000
44,47,3.141593
44,62,0.000000
44,63,3.141593
45,16,-2.819842
45,20,-1.570796
45,23,1.570796
45,27,-1.570796
45,29,1.570796
45,55,0.000000
46,13,2.356194
46,15,-0.785398
46,33,1.570796
46,59,3.141593
46,61,0.000000
46,62,3.141593
47,12,0.321751
47,13,-2.819842
47,18,-1.570796
47,20,1.570796
47,23,-1.570796
47,29,-1.570796
47,31,1.570796
47,71,0.785398
48,12,-0.785398
48,36,-2.356194
48,54,0.000000
48,73,0.785398
48,74,2.356194
48,77,0.000000
48,82,1.570796
49,17,1.570796
49,27,1.570796
49,62,3.141593
49,70,0.785398
49,74,-2.356194
49,78,-2.356194
50,5,0.321751
50,7,-2.356194
50,12,2.356194
50,15,2.356194
50,29,1.570796
50,64,0.000000
50,66,3.141593
50,71,0.000000
50,72,0.785398
50,73,2.356194
51,5,-0.785398
51,14,0.321751
51,15,-2.819842
51,22,1.570796
51,55,0.000000
51,56,3.141593
51,68,0.000000
51,69,0.785398
51,73,-2.356194
51,81,0.000000
52,20,-1.570796
52,61,0.000000
52,62,3.141593
52,70,-1.249046
52,72,2.356194
52,76,-0.785398
53,27,-1.570796
53,66,0.785398
53,72,-2.356194
54,5,0.785398
54,10,0.000000
54,15,3.141593
54,19,1.570796
54,33,-1.570796
54,54,0.000000
54,57,3.141593
54,59,0.000000
54,71,-0.785398
54,75,0.785398
54,79,0.785398
54,89,2.356194
55,5,-0.321751
55,7,2.356194
55,13,-0.785398
55,16,0.000000
55,62,3.141593
55,69,-2.356194
55,76,-2.356194
55,80,1.570796
55,89,3.141593
56,71,0.785398
56,81,2.819842
56,84,0.000000
56,89,-2.356194
57,27,1.570796
57,68,0.785398
57,81,-2.356194
58,49,0.000000
58,50,3.141593
58,57,0.000000
58,73,-2.356194
58,80,-0.785398
59,29,-1.570796
59,66,-2.356194
60,19,-1.570796
60,68,0.785398
60,76,0.785398
61,12,2.356194
61,53,0.000000
61,58,3.141593
61,83,-2.356194
62,6,0.785398
62,11,0.000000
62,30,1.570796
62,70,-2.356194
62,72,-1.570796
62,78,-2.356194
63,6,0.000000
63,17,1.570796
63,19,1.570796
63,25,1.570796
63,85,0.785398
63,89,2.356194
64,6,-0.785398
64,51,0.000000
64,55,3.141593
64,57,0.785398
64,66,0.000000
64,87,1.570796
65,14,2.356194
65,25,-1.570796
65,61,3.141593
65,71,1.570796
65,83,1.570796
66,6,0.785398
66,12,1.249046
66,19,-1.570796
66,40,0.000000
66,41,3.141593
66,43,0.000000
66,44,3.141593
66,63,0.000000
66,68,0.785398
66,69,1.892547
66,71,-0.785398
66,72,-2.356194
66,73,3.141593
66,86,-0.785398
66,88,2.819842
67,6,-0.321751
67,8,2.356194
67,11,-0.785398
67,12,-1.892547
67,16,2.356194
67,21,-1.570796
67,69,-1.249046
67,70,-2.356194
67,83,-1.570796
67,88,-2.356194
68,15,0.321751
68,25,1.570796
69,17,2.356194
69,20,1.570796
69,40,0.000000
69,41,3.141593
69,65,0.000000
69,69,3.141593
69,71,0.000000
69,75,3.141593
69,79,0.785398
70,15,-0.785398
70,17,3.141593
70,22,1.570796
70,80,1.570796
71,17,-2.356194
71,28,0.785398
71,80,-0.785398
71,81,-2.356194
71,88,2.356194
72,19,1.570796
72,28,-0.321751
72,29,2.819842
72,71,0.000000
72,72,3.141593
72,74,0.000000
72,77,3.141593
72,79,-0.785398
72,88,-2.819842
73,13,0.000000
73,14,-1.570796
73,15,-2.356194
73,16,-0.785398
73,19,-2.819842
73,87,-0.785398
74,11,1.249046
74,12,3.141593
74,26,1.570796
74,29,-0.321751
74,30,2.819842
74,56,0.000000
74,59,3.141593
75,33,1.570796
75,38,1.570796
75,72,0.000000
75,73,3.141593
76,7,0.785398
76,18,2.356194
76,21,2.356194
76,27,-2.356194
76,30,-0.321751
76,31,2.819842
76,33,-0.321751
76,34,2.819842
76,39,3.141593
77,7,-0.321751
77,21,-2.819842
77,31,-1.570796
77,34,-1.570796
77,40,1.570796
77,65,0.000000
77,66,3.141593
77,80,1.249046
78,24,2.356194
78,28,0.785398
78,41,3.141593
78,46,3.141593
78,70,0.000000
78,73,3.141593
79,8,0.000000
79,15,-0.785398
79,16,-1.892547
79,23,0.000000
79,29,0.000000
79,36,-2.356194
79,42,1.570796
79,44,1.570796
79,50,0.000000
79,51,3.141593
79,86,1.570796
80,8,-0.785398
80,18,0.321751
80,30,-1.570796
80,42,-0.321751
80,44,-2.819842
80,68,0.000000
80,70,3.141593
80,77,0.000000
80,84,2.356194
80,86,3.141593
81,18,-1.570796
81,21,-0.785398
81,27,0.785398
81,31,-2.356194
81,38,0.785398
81,76,1.570796
81,81,0.000000
81,86,-2.356194
82,8,0.785398
82,28,-2.356194
82,35,-2.356194
82,46,0.785398
82,74,1.249046
83,8,-0.321751
83,10,2.356194
83,22,-2.356194
83,23,3.141593
83,40,-2.356194
83,72,1.249046
83,77,-2.356194
83,79,-0.785398
83,80,-1.570796
83,81,-2.356194
83,82,-0.785398
84,33,0.785398
84,48,-2.356194
84,70,1.249046
85,24,1.249046
85,25,2.356194
85,28,3.141593
85,39,0.785398
85,53,3.141593
85,68,2.356194
85,69,-0.785398
85,70,-1.892547
85,72,-1.249046
85,73,-2.356194
85,74,-0.785398
86,17,0.321751
86,21,1.249046
86,22,2.356194
86,23,-0.785398
86,24,-1.892547
86,40,-2.356194
86,62,3.141593
86,64,0.785398
86,77,0.000000
86,79,3.141593
87,20,0.000000
87,21,-1.892547
87,37,-2.356194
87,46,0.785398
87,65,-2.356194
87,68,-2.356194
87,69,0.785398
87,70,1.892547
88,15,1.249046
88,17,-1.570796
88,18,-2.356194
88,35,0.785398
88,39,0.000000
88,62,0.785398
88,63,1.892547
88,70,-1.249046
88,71,-2.356194
89,22,0.000000
89,31,3.141593
89,37,3.141593
89,42,3.141593
89,50,3.141593
89,63,-1.249046
89,64,-2.356194
89,65,3.141593
90,33,0.000000
90,34,3.141593
90,55,0.000000
90,57,3.141593
90,67,0.000000
90,69,0.785398
90,70,1.892547
91,60,0.000000
91,61,3.141593
91,70,-1.249046
91,71,-2.356194
91,74,0.785398
91,75,1.892547
92,11,-0.785398
92,23,0.000000
92,30,3.141593
92,75,-1.249046
92,76,-2.356194
92,81,-0.785398
92,82,-1.570796
92,83,3.141593
92,86,2.356194
93,14,0.785398
93,15,1.570796
93,16,2.356194
93,21,3.141593
93,34,0.000000
93,35,3.141593
93,55,0.000000
93,56,3.141593
94,38,0.000000
94,41,3.141593
94,63,0.000000
94,64,3.141593
94,69,0.000000
95,26,1.249046
95,27,2.356194
95,33,3.141593
95,43,0.000000
95,44,3.141593
95,75,0.785398
95,76,1.570796
95,77,2.356194
96,50,0.000000
96,80,2.356194
96,81,-0.785398
96,82,-1.892547
97,32,1.249046
97,33,2.356194
97,62,-2.356194
97,65,0.000000
97,69,0.785398
97,70,1.892547
98,27,-2.356194
98,31,-0.785398
98,32,-1.892547
98,48,3.141593
98,70,-1.249046
98,71,-2.356194
98,75,-0.785398
98,76,-1.570796
98,78,-1.892547
