5,49,2.356194
5,51,0.785398
5,52,1.570796
5,53,2.356194
5,58,0.785398
5,59,1.892547
7,44,1.249046
7,46,1.570796
7,48,3.141593
7,59,-1.570796
7,70,2.356194
8,42,1.249046
8,77,1.570796
9,30,1.249046
9,40,1.249046
9,44,-1.249046
9,52,0.785398
9,82,0.785398
10,11,3.141593
10,28,1.249046
10,36,1.249046
10,38,1.570796
10,56,0.785398
10,59,2.819842
10,83,-2.356194
11,10,-0.785398
11,42,-2.819842
11,46,0.785398
11,50,1.249046
11,52,-1.892547
11,59,-1.570796
12,49,-0.785398
12,61,1.570796
12,62,2.356194
12,64,-0.785398
12,65,-1.892547
13,44,1.570796
13,51,0.785398
13,52,2.356194
13,53,0.785398
13,54,1.570796
14,46,-1.570796
14,60,-2.356194
15,10,2.356194
15,32,-0.785398
15,44,0.785398
15,49,2.356194
15,50,-0.785398
15,51,-1.570796
15,52,-2.356194
15,56,-1.570796
15,58,-1.892547
15,71,-0.785398
15,72,-1.892547
15,84,3.141593
17,8,0.321751
17,22,-1.570796
17,27,1.249046
17,41,-1.570796
17,42,-2.356194
17,55,-2.356194
18,8,-1.570796
18,47,-0.785398
18,48,-1.570796
18,49,-2.356194
18,52,-0.785398
18,53,-1.892547
18,63,0.000000
18,65,0.785398
18,66,1.570796
18,67,2.356194
19,16,1.249046
19,17,2.356194
19,28,-2.356194
19,29,-0.785398
19,43,1.249046
19,45,-1.892547
19,77,0.785398
20,14,0.000000
20,19,2.356194
20,23,-1.570796
20,41,2.356194
20,50,0.785398
20,51,1.570796
20,52,2.356194
20,64,0.785398
21,18,-1.892547
21,30,1.249046
21,45,2.356194
21,65,-1.249046
21,66,-2.356194
21,86,2.819842
22,7,0.785398
22,15,-0.785398
22,22,1.249046
22,24,-1.892547
22,28,1.249046
22,51,3.141593
22,86,-2.356194
23,7,-0.785398
23,8,3.141593
23,20,1.249046
23,22,-1.892547
23,27,0.000000
23,31,0.785398
23,32,2.356194
23,33,-0.785398
23,34,-1.892547
23,39,2.356194
23,40,-0.785398
23,41,-1.892547
23,46,2.356194
23,76,0.785398
24,16,0.785398
24,19,0.000000
24,20,-1.892547
24,29,-2.356194
24,31,-0.785398
24,37,-0.785398
24,45,-1.892547
24,81,-0.785398
24,82,-1.892547
25,23,1.249046
25,24,3.141593
25,32,0.000000
25,40,2.356194
25,48,1.249046
25,49,2.356194
25,50,-0.785398
25,51,-1.892547
25,77,-1.570796
26,42,-0.785398
26,43,-2.356194
26,45,0.785398
26,46,1.570796
26,74,0.785398
27,14,-0.785398
27,15,-1.892547
27,21,0.000000
27,22,-1.892547
27,33,1.249046
27,34,2.356194
27,39,-2.356194
27,44,-2.356194
27,50,2.356194
27,67,0.785398
27,68,1.892547
27,77,3.141593
28,18,1.249046
28,19,2.356194
28,24,1.249046
28,25,3.141593
28,31,1.249046
28,33,-1.892547
28,42,0.000000
28,43,0.000000
28,47,-2.356194
28,48,-0.785398
28,49,-1.892547
28,68,-1.249046
28,69,-2.356194
28,87,3.141593
29,16,1.249046
29,18,-1.892547
29,23,0.000000
29,24,-1.892547
29,28,1.249046
29,29,2.356194
29,30,-0.785398
29,31,-1.892547
29,36,2.356194
29,39,-1.570796
29,82,0.785398
29,83,1.570796
29,85,-1.892547
30,14,1.249046
30,16,-1.892547
30,21,1.249046
30,22,3.141593
30,34,0.785398
30,35,2.356194
30,42,0.000000
30,43,0.000000
30,64,1.249046
30,65,2.356194
30,68,0.785398
30,69,1.892547
30,75,-1.249046
30,77,1.892547
31,20,0.000000
31,21,-1.892547
31,26,-0.785398
31,31,1.249046
31,32,2.356194
31,33,0.000000
31,35,-2.356194
31,60,2.356194
31,69,-1.249046
31,70,-2.356194
31,71,0.785398
31,72,1.892547
31,77,-1.249046
31,79,1.892547
31,83,3.141593
32,5,0.785398
32,11,1.249046
32,13,-1.892547
32,23,1.249046
32,24,3.141593
32,29,2.356194
32,34,-2.356194
32,38,0.000000
32,39,3.141593
32,43,0.785398
32,46,0.785398
32,64,-1.249046
32,65,-2.356194
32,66,0.785398
32,67,1.892547
32,72,-1.249046
32,73,-2.356194
32,74,0.785398
32,75,1.892547
32,83,-2.356194
33,10,-0.785398
33,11,-1.892547
33,16,1.249046
33,17,3.141593
33,22,0.000000
33,23,-1.892547
33,27,0.000000
33,28,-1.892547
33,33,0.000000
33,36,2.356194
33,43,-0.785398
33,44,3.141593
33,47,0.000000
33,48,3.141593
33,67,-1.249046
33,68,-2.356194
33,69,0.785398
33,70,1.892547
33,75,-1.249046
33,77,1.892547
34,4,0.321751
34,14,1.249046
34,16,-1.892547
34,20,1.249046
34,21,3.141593
34,31,-0.785398
34,34,0.000000
34,39,3.141593
34,45,0.000000
34,46,0.000000
34,59,-1.570796
34,70,-1.249046
34,71,-2.356194
34,72,0.785398
34,73,1.892547
34,77,-1.249046
34,88,2.356194
35,4,-0.785398
35,13,0.000000
35,14,-1.892547
35,19,0.000000
35,29,2.356194
35,33,3.141593
35,43,0.000000
35,47,0.000000
35,48,3.141593
35,52,3.141593
35,73,-1.249046
35,75,1.892547
35,80,3.141593
35,88,3.141593
36,10,0.785398
36,11,1.570796
36,12,3.141593
36,26,1.249046
36,27,2.356194
36,28,0.000000
36,31,0.000000
36,42,-0.785398
36,46,-0.785398
36,50,-0.785398
36,69,0.000000
36,70,3.141593
36,75,-1.249046
36,83,-1.570796
36,88,-2.356194
37,24,1.249046
37,29,0.000000
37,30,0.000000
37,52,2.356194
37,72,0.000000
37,82,-2.356194
38,14,1.249046
38,15,3.141593
38,22,1.249046
38,24,-1.892547
38,28,3.141593
38,32,3.141593
38,42,0.000000
38,46,3.141593
38,55,2.356194
39,13,0.000000
39,14,-1.892547
39,19,1.249046
39,20,2.356194
39,21,-0.785398
39,22,-1.892547
39,26,0.000000
39,27,-1.892547
39,37,-1.570796
39,40,2.356194
39,49,-0.785398
39,62,2.356194
39,79,-1.570796
39,81,-1.249046
39,82,-2.356194
39,83,3.141593
40,3,0.321751
40,5,-2.356194
40,11,1.249046
40,12,3.141593
40,18,0.000000
40,19,-1.892547
40,29,0.000000
40,30,-1.892547
40,39,-0.785398
40,47,3.141593
40,52,-0.785398
40,60,0.000000
40,69,2.356194
40,75,0.000000
40,76,0.785398
40,77,1.570796
40,78,3.141593
41,3,-0.785398
41,10,0.000000
41,11,-1.892547
41,15,1.249046
41,16,2.356194
41,23,-0.785398
41,33,3.141593
41,41,2.356194
41,49,2.356194
42,3,0.785398
42,21,2.356194
42,36,3.141593
42,57,3.141593
42,61,2.356194
42,69,2.356194
42,79,0.785398
42,80,1.570796
42,81,2.356194
42,83,0.785398
42,84,1.892547
43,3,-0.321751
43,5,2.356194
43,7,1.249046
43,8,3.141593
43,12,1.249046
43,14,-1.892547
43,23,1.249046
43,24,3.141593
43,38,-0.785398
43,42,-0.785398
43,46,0.000000
43,55,-0.785398
43,59,0.000000
43,64,0.785398
43,68,0.785398
43,71,2.356194
43,72,0.785398
43,73,1.570796
43,75,1.570796
43,86,1.892547
43,88,2.356194
44,7,-1.892547
44,11,0.000000
44,22,0.000000
44,23,-1.892547
44,70,-1.892547
44,88,3.141593
45,3,0.000000
45,4,-1.570796
45,5,-2.356194
45,9,1.249046
45,10,3.141593
45,13,1.570796
45,15,1.249046
45,16,3.141593
45,35,3.141593
45,43,2.356194
45,51,2.356194
45,66,-2.356194
45,73,-0.321751
45,77,-1.570796
45,78,-2.356194
45,79,-0.785398
45,80,-1.570796
45,81,-2.356194
45,83,-0.785398
45,84,-1.570796
45,86,-1.892547
45,88,-2.356194
46,8,0.000000
46,9,-1.892547
46,15,-1.892547
46,28,0.000000
46,33,-0.785398
46,42,0.000000
46,45,-0.785398
46,48,0.785398
46,49,2.356194
46,60,0.785398
46,61,1.570796
46,62,2.356194
46,68,-1.249046
46,69,-2.356194
46,70,3.141593
47,12,0.000000
47,13,-1.892547
47,21,1.249046
47,22,3.141593
47,26,2.356194
47,39,0.000000
47,40,0.000000
47,52,0.000000
47,53,0.785398
47,54,1.570796
47,55,2.356194
47,56,0.785398
47,57,1.570796
47,58,3.141593
47,72,0.000000
47,73,-0.785398
47,74,-1.570796
47,75,-2.356194
47,77,0.785398
47,78,1.570796
47,79,2.356194
48,2,0.785398
48,5,1.249046
48,6,3.141593
48,20,0.000000
48,21,-1.892547
48,24,1.249046
48,25,3.141593
48,29,2.356194
48,33,2.356194
48,43,-1.570796
48,45,1.570796
48,46,2.356194
48,65,-2.356194
48,67,0.785398
48,68,1.892547
48,83,1.570796
49,2,0.000000
49,4,-0.785398
49,5,-1.892547
49,14,-0.785398
49,18,1.249046
49,19,3.141593
49,23,0.000000
49,24,-1.892547
49,32,3.141593
49,35,0.785398
49,36,1.570796
49,37,2.356194
49,49,-2.356194
49,50,3.141593
49,53,-0.785398
49,68,-1.249046
49,69,-2.356194
49,77,-0.785398
49,78,-1.570796
49,80,1.892547
49,83,-0.321751
49,88,2.356194
50,2,-0.785398
50,7,1.249046
50,8,3.141593
50,12,2.356194
50,17,0.000000
50,18,-1.892547
50,26,-0.785398
50,34,1.570796
50,41,-1.570796
50,45,-0.785398
50,47,2.356194
50,63,0.000000
50,84,-1.249046
50,85,-2.356194
50,88,3.141593
51,11,-0.785398
51,15,1.249046
51,16,3.141593
51,36,2.356194
51,43,0.785398
51,47,-2.356194
51,55,0.000000
51,58,3.141593
51,82,2.819842
51,88,-2.356194
52,2,0.785398
52,5,0.000000
52,6,-1.892547
52,14,0.000000
52,15,-1.892547
52,19,0.785398
52,26,0.785398
52,27,1.570796
52,34,-1.249046
52,39,0.000000
52,45,-2.356194
52,46,0.000000
52,53,3.141593
52,61,0.000000
52,62,3.141593
52,78,1.570796
53,2,0.000000
53,8,1.249046
53,9,2.356194
53,21,0.785398
53,22,1.570796
53,24,1.570796
53,25,3.141593
53,31,-0.785398
53,32,-2.356194
53,43,0.000000
53,56,0.785398
53,66,0.000000
53,74,0.785398
53,75,1.892547
53,78,-0.321751
53,82,-0.321751
54,2,-0.785398
54,11,1.570796
54,13,-1.570796
54,15,1.570796
54,17,1.570796
54,19,-1.892547
54,28,-0.785398
54,29,-2.356194
54,44,-2.356194
54,57,-2.356194
54,75,-1.249046
54,76,3.141593
54,88,2.356194
55,2,0.785398
55,5,1.249046
55,31,3.141593
55,40,0.000000
55,41,3.141593
55,65,0.000000
55,72,0.785398
55,73,1.892547
55,77,1.570796
55,81,2.819842
55,84,-1.249046
55,85,-2.356194
55,88,3.141593
56,2,0.000000
56,4,-0.785398
56,5,-1.892547
56,18,0.000000
56,19,3.141593
56,22,-1.570796
56,27,0.000000
56,28,3.141593
56,37,0.000000
56,38,3.141593
56,60,0.000000
56,61,3.141593
56,77,-0.321751
56,78,2.819842
56,88,-2.356194
57,2,-0.785398
57,17,2.356194
57,26,0.785398
57,30,0.785398
57,34,-1.570796
57,47,0.785398
57,63,0.000000
57,68,3.141593
57,71,0.785398
57,75,2.819842
57,81,-0.321751
57,82,2.819842
58,11,-0.785398
58,22,0.000000
58,27,3.141593
58,31,-2.356194
58,41,0.000000
58,42,3.141593
58,48,-2.356194
58,72,1.570796
58,75,-1.570796
58,78,-0.321751
58,79,2.819842
59,2,0.785398
59,14,-0.785398
59,16,-0.785398
59,18,2.819842
59,24,-2.356194
59,34,0.785398
59,38,0.000000
59,39,3.141593
59,61,0.000000
59,64,3.141593
59,72,-0.321751
59,73,2.819842
59,79,-1.570796
59,83,3.141593
60,2,-0.321751
60,4,2.356194
60,9,1.249046
60,10,3.141593
60,14,2.356194
60,18,-1.570796
60,22,2.356194
60,30,0.000000
60,31,3.141593
60,36,3.141593
60,45,0.000000
60,46,3.141593
60,73,-1.570796
61,14,-2.819842
61,19,1.570796
61,21,1.570796
61,28,-2.356194
61,56,0.000000
61,57,3.141593
61,64,1.570796
61,71,1.570796
61,74,1.570796
61,77,1.570796
61,80,0.785398
62,2,0.321751
62,24,1.249046
62,49,0.000000
62,50,3.141593
62,64,0.785398
62,71,0.785398
62,74,-0.321751
62,75,2.819842
62,77,-0.321751
62,78,2.819842
62,81,3.141593
62,86,0.000000
62,87,2.356194
63,2,-0.785398
63,24,-1.892547
63,55,0.785398
63,64,-0.785398
63,65,3.141593
63,69,1.570796
63,71,-0.321751
63,72,2.819842
63,75,-2.356194
63,78,-2.356194
63,87,-2.356194
64,2,0.785398
64,15,1.249046
64,16,3.141593
64,22,-1.892547
64,30,0.785398
64,31,1.892547
64,38,0.000000
64,40,3.141593
64,47,0.000000
64,48,3.141593
64,62,0.785398
64,63,2.356194
64,83,2.356194
65,2,0.000000
65,33,0.785398
65,34,1.570796
65,35,2.356194
65,44,0.785398
65,63,-1.570796
65,72,-0.321751
65,73,2.819842
65,76,1.570796
65,82,-0.785398
65,83,-2.356194
66,6,-2.356194
66,8,0.321751
66,14,-1.892547
66,18,0.000000
66,19,-1.892547
66,30,-0.785398
66,31,-1.892547
66,37,-2.356194
66,45,-2.356194
66,51,0.000000
66,67,-2.356194
66,76,-0.321751
66,77,2.819842
66,86,1.570796
67,2,-0.321751
67,4,-2.819842
67,8,-1.570796
67,12,-1.570796
67,21,1.249046
67,22,3.141593
67,27,1.249046
67,28,3.141593
67,64,-1.570796
67,73,-0.321751
67,74,2.819842
67,77,-2.356194
67,86,-2.819842
68,7,1.570796
68,15,1.249046
68,16,3.141593
68,42,0.000000
68,45,3.141593
68,59,1.570796
68,74,-1.570796
68,77,0.785398
68,85,-0.785398
69,3,0.785398
69,6,-0.785398
69,19,0.000000
69,20,-1.892547
69,24,1.249046
69,26,-1.892547
69,29,1.249046
69,30,3.141593
69,35,0.000000
69,36,3.141593
69,50,0.000000
69,53,3.141593
69,59,0.785398
69,75,1.570796
69,78,2.819842
70,3,0.000000
70,10,2.356194
70,28,0.000000
70,29,-1.892547
70,60,2.819842
70,65,1.570796
70,67,0.785398
70,73,1.570796
70,75,-0.321751
71,3,-0.785398
71,8,1.249046
71,10,-2.356194
71,16,1.249046
71,17,3.141593
71,21,1.249046
71,23,-1.892547
71,46,0.785398
71,53,2.356194
71,60,-2.356194
71,73,0.785398
71,76,-1.249046
71,78,-1.570796
71,79,3.141593
72,3,0.785398
72,15,0.321751
72,25,1.249046
72,26,3.141593
72,39,3.141593
72,41,0.785398
72,52,-0.785398
72,60,0.785398
72,63,0.785398
72,73,-0.321751
72,74,2.819842
73,3,-0.321751
73,5,2.356194
73,6,-0.785398
73,7,-1.892547
73,15,-1.570796
73,19,0.000000
73,20,-1.892547
73,31,0.000000
73,43,0.785398
73,55,-1.570796
73,60,-0.321751
73,61,2.819842
73,63,0.000000
73,66,2.819842
73,85,2.356194
74,9,0.321751
74,13,1.249046
74,14,3.141593
74,24,-1.892547
74,44,-1.570796
74,49,0.000000
74,61,-2.356194
74,63,-0.785398
74,66,-2.356194
74,75,3.141593
74,85,-2.819842
75,9,-1.570796
75,17,1.570796
75,22,-1.570796
75,28,3.141593
75,45,0.000000
75,48,-0.785398
75,68,0.785398
76,7,1.249046
76,8,3.141593
76,17,-2.819842
76,25,1.249046
76,26,3.141593
76,30,1.249046
76,31,2.356194
76,42,3.141593
76,46,-1.570796
76,53,-1.570796
76,68,-0.321751
76,69,2.819842
76,83,-0.785398
77,4,0.785398
77,19,1.249046
77,20,3.141593
77,29,0.000000
77,30,-1.892547
77,47,1.570796
77,69,-2.356194
78,4,-0.321751
78,34,3.141593
78,44,1.570796
78,47,-0.321751
78,48,2.819842
78,51,0.785398
78,54,0.785398
79,12,1.249046
79,14,-1.892547
79,22,0.000000
79,23,-1.892547
79,26,1.249046
79,27,3.141593
79,39,0.785398
79,48,-2.356194
79,51,-0.321751
79,52,2.819842
79,58,-1.570796
79,69,0.785398
80,5,0.785398
80,21,1.570796
80,29,1.249046
80,30,3.141593
80,52,-2.356194
80,63,0.785398
80,69,0.000000
80,83,2.356194
81,5,-0.321751
81,15,0.000000
81,16,-1.892547
81,21,-2.819842
81,24,0.000000
81,25,-1.892547
81,34,3.141593
81,58,1.570796
81,63,-0.321751
81,64,2.819842
81,83,-2.819842
82,13,1.249046
82,14,3.141593
82,23,1.570796
82,31,1.249046
82,32,3.141593
82,43,1.570796
82,66,2.356194
82,71,3.141593
82,82,-0.785398
83,6,0.785398
83,18,0.000000
83,23,-2.356194
83,26,0.000000
83,27,-1.892547
83,30,0.000000
83,38,1.570796
83,66,-2.356194
83,71,-2.356194
84,6,-0.321751
84,15,1.249046
84,16,2.356194
84,24,0.785398
84,25,3.141593
84,29,1.570796
84,35,2.356194
85,20,-1.570796
85,24,-1.570796
85,28,0.000000
85,29,-2.356194
85,82,2.356194
86,7,0.785398
86,27,1.570796
86,31,3.141593
86,43,2.356194
86,46,-1.570796
86,61,2.356194
86,82,-2.819842
87,7,-0.321751
87,26,0.321751
87,27,-2.819842
87,29,0.321751
87,42,0.321751
87,43,-2.819842
87,61,3.141593
88,26,-1.570796
88,42,-0.785398
88,45,1.570796
88,52,0.785398
88,61,-1.570796
88,76,2.356194
88,80,-0.785398
89,8,0.785398
89,22,0.785398
89,24,1.249046
89,25,3.141593
89,28,0.321751
89,29,-2.819842
89,53,3.141593
89,55,2.356194
89,73,2.356194
89,74,-0.785398
89,75,-1.892547
90,8,-0.321751
90,24,-1.892547
90,28,-0.785398
90,39,2.356194
90,55,3.141593
90,66,1.249046
90,68,1.892547
90,71,0.000000
90,72,-1.892547
91,31,2.356194
91,35,2.356194
91,47,0.785398
91,55,-1.570796
91,64,-2.356194
92,18,-0.785398
92,28,0.785398
92,34,0.321751
92,44,1.570796
92,50,0.785398
92,66,-1.249046
92,68,-1.892547
94,27,-0.785398
94,28,-1.892547
94,30,-1.249046
94,32,-1.570796
94,34,-1.570796
94,36,-1.570796
94,44,-1.249046
94,54,1.570796
94,55,2.356194
94,56,-0.785398
95,38,-1.249046
95,39,-2.356194
95,41,-0.785398
