6,92,1.249046
6,93,2.356194
6,118,-0.321751
6,120,-2.819842
8,109,-2.819842
9,122,-0.321751
9,124,-2.819842
10,86,1.249046
10,87,2.356194
10,88,-0.785398
10,109,3.141593
11,75,0.785398
11,76,1.570796
11,77,2.356194
11,145,1.249046
11,146,2.356194
12,55,1.249046
12,56,3.141593
12,86,-1.570796
12,113,0.000000
12,114,1.892547
12,136,1.249046
12,137,2.356194
12,144,-0.785398
13,101,1.249046
13,103,1.570796
13,105,-1.892547
13,116,1.892547
13,120,-2.356194
13,122,-0.785398
13,123,-1.570796
13,124,-2.356194
13,127,0.785398
13,128,1.570796
13,129,2.356194
14,43,1.249046
14,44,2.356194
14,53,-0.785398
14,136,-1.570796
15,40,1.249046
15,41,2.356194
15,42,-0.785398
15,101,-1.249046
15,171,2.356194
16,111,0.321751
16,116,-0.321751
16,118,-2.819842
16,188,2.356194
17,76,2.356194
17,111,-0.785398
17,193,2.356194
18,58,0.000000
18,59,1.570796
18,167,0.321751
19,138,0.321751
19,140,2.819842
19,167,-0.785398
20,37,-1.570796
20,58,0.321751
20,167,2.356194
21,58,-0.785398
21,141,2.819842
21,165,1.249046
21,167,3.141593
22,141,-2.356194
22,167,-2.356194
23,19,2.356194
23,77,0.321751
23,80,2.356194
23,93,0.785398
23,141,2.356194
23,205,2.356194
24,151,0.321751
24,153,-2.356194
24,167,0.785398
25,68,0.321751
25,92,0.321751
25,161,-0.785398
25,162,-1.892547
25,167,0.000000
26,68,-1.570796
26,92,-1.570796
26,97,1.570796
26,111,2.356194
26,117,2.356194
26,138,0.321751
26,151,3.141593
27,15,0.321751
27,67,1.570796
27,91,1.570796
27,98,3.141593
27,117,-2.819842
27,138,-0.785398
27,144,1.570796
27,151,-2.356194
28,15,-0.785398
28,45,0.785398
28,46,2.356194
28,61,2.356194
28,67,-2.819842
28,91,-2.819842
28,109,0.000000
28,110,-1.892547
28,145,3.141593
28,150,-2.356194
28,164,1.249046
29,45,-0.785398
29,61,3.141593
29,73,0.321751
29,107,1.249046
29,108,3.141593
29,129,0.321751
29,131,-2.356194
29,137,1.570796
29,174,0.321751
30,61,-1.570796
30,73,-0.785398
30,105,0.785398
30,129,-0.785398
30,137,3.141593
30,162,0.321751
30,174,-1.570796
30,179,0.321751
31,62,0.000000
31,73,2.356194
31,87,0.321751
31,114,0.000000
31,116,1.892547
31,137,-2.356194
31,149,-2.356194
31,162,-0.785398
31,179,-1.570796
32,73,-2.819842
32,87,-1.570796
32,120,0.785398
32,151,0.000000
32,152,1.892547
32,173,2.356194
33,15,2.356194
33,86,1.570796
33,107,3.141593
33,114,0.000000
33,116,-1.892547
33,121,-2.356194
33,173,-2.819842
34,57,1.570796
34,79,0.321751
34,81,-2.356194
34,84,0.785398
34,86,-2.819842
34,92,2.356194
34,104,0.321751
34,114,-0.785398
34,121,0.785398
34,154,2.819842
35,63,-1.570796
35,71,-1.249046
35,72,3.141593
35,79,-1.570796
35,104,-0.785398
35,108,0.785398
35,114,2.356194
35,121,0.000000
35,128,2.356194
35,154,-1.570796
35,192,0.321751
36,12,0.321751
36,56,0.321751
36,73,0.000000
36,78,1.570796
36,86,1.570796
36,104,2.356194
36,108,0.000000
36,114,3.141593
36,121,-1.570796
36,126,0.785398
36,128,-2.819842
36,161,2.356194
36,173,-2.356194
36,177,0.000000
37,12,-1.570796
37,56,-0.785398
37,74,-1.570796
37,78,-2.819842
37,87,3.141593
37,92,-1.892547
37,104,-2.819842
37,108,-0.785398
37,114,-1.570796
37,139,-2.356194
37,156,-2.356194
37,159,0.785398
37,161,-2.819842
37,178,1.570796
37,190,1.249046
37,192,3.141593
38,127,0.785398
38,136,0.321751
38,153,0.321751
38,179,3.141593
38,192,-2.356194
39,74,0.321751
39,77,-1.570796
39,90,-2.356194
39,120,2.356194
39,127,0.000000
39,136,-1.570796
39,153,-1.570796
39,180,1.570796
39,218,2.356194
40,46,3.141593
40,107,2.356194
40,118,0.000000
40,120,-2.819842
40,127,-0.785398
40,145,0.000000
40,152,1.570796
40,183,0.785398
40,184,1.892547
40,187,0.000000
40,188,-1.892547
41,43,0.321751
41,54,1.570796
41,74,-2.819842
41,80,1.570796
41,103,-1.249046
41,104,3.141593
41,107,-2.819842
41,135,2.356194
41,152,-2.819842
41,160,0.321751
41,162,-2.356194
42,43,-1.570796
42,54,-2.819842
42,66,0.785398
42,80,-0.321751
42,81,2.819842
42,145,0.321751
42,147,-2.356194
42,160,-1.570796
42,178,0.321751
43,50,0.000000
43,70,0.785398
43,81,-1.570796
43,120,-2.356194
43,133,0.321751
43,136,3.141593
43,145,-1.570796
43,151,-1.570796
43,182,0.321751
44,10,0.321751
44,12,3.141593
44,65,0.321751
44,104,-0.785398
44,117,0.321751
44,126,0.000000
44,133,-1.570796
44,144,1.570796
44,169,2.356194
44,177,0.321751
44,178,-2.819842
44,182,-0.785398
45,10,-0.785398
45,36,-2.356194
45,42,2.356194
45,50,0.321751
45,65,-0.785398
45,108,2.356194
45,117,-1.570796
45,144,-2.819842
45,159,2.356194
45,166,0.000000
45,177,-0.785398
46,33,0.000000
46,34,-1.892547
46,38,1.570796
46,42,-2.819842
46,50,-1.570796
46,92,0.321751
46,94,-2.356194
46,102,0.785398
46,110,0.000000
46,111,1.892547
46,132,2.356194
46,139,1.570796
46,159,-2.819842
46,169,-1.249046
46,170,-2.356194
46,194,2.356194
47,40,-0.785398
47,58,0.000000
47,71,2.356194
47,92,-0.785398
47,104,-0.785398
47,105,-1.892547
47,107,-2.356194
47,116,2.356194
47,128,0.785398
47,132,-2.819842
47,139,0.000000
47,141,-0.785398
47,156,0.785398
47,177,2.356194
47,181,1.570796
48,32,2.356194
48,59,-2.356194
48,64,2.356194
48,71,3.141593
48,100,0.000000
48,128,0.000000
48,130,-0.785398
48,139,-0.785398
48,177,3.141593
48,181,-2.819842
49,32,-2.819842
49,36,0.321751
49,43,1.570796
49,64,-2.819842
49,107,2.356194
49,112,-0.785398
49,117,2.819842
49,128,-0.785398
49,144,0.000000
49,191,0.321751
50,25,0.000000
50,26,-1.570796
50,27,-2.356194
50,29,0.785398
50,44,3.141593
50,48,1.570796
50,58,0.321751
50,60,-2.356194
50,74,1.892547
50,84,0.000000
50,107,-2.819842
50,117,-1.570796
50,145,-2.356194
50,159,2.356194
50,160,3.141593
50,177,-0.321751
50,191,-0.785398
51,20,0.785398
51,21,1.570796
51,22,2.356194
51,36,-2.819842
51,58,-0.785398
51,63,-2.356194
51,79,0.785398
51,80,1.570796
51,81,2.356194
51,91,2.356194
51,118,0.000000
51,119,1.892547
51,199,1.570796
52,72,0.000000
52,74,-1.892547
52,89,0.785398
52,91,-2.819842
52,119,-1.249046
52,120,3.141593
52,136,0.785398
52,137,2.356194
52,138,0.000000
52,156,0.321751
52,190,1.570796
52,202,0.785398
52,203,1.570796
52,204,2.356194
52,205,-0.785398
52,206,-1.892547
53,29,0.321751
53,31,-2.356194
53,33,-0.785398
53,49,-1.249046
53,50,3.141593
53,57,1.570796
53,72,-0.785398
53,127,2.356194
53,136,-1.570796
53,156,-0.785398
53,190,-2.819842
54,29,-1.570796
54,35,1.570796
54,51,1.570796
54,57,-2.819842
54,72,0.000000
54,105,-0.321751
54,106,2.819842
54,112,2.356194
54,120,0.321751
54,122,-2.356194
54,127,3.141593
54,145,0.000000
54,146,-1.570796
54,147,3.141593
54,203,-2.819842
55,35,-0.321751
55,67,1.249046
55,68,2.356194
55,106,-1.570796
55,112,-2.819842
55,120,-0.785398
55,127,-2.356194
55,142,0.785398
55,143,2.356194
55,148,1.570796
56,50,0.321751
56,56,-2.356194
56,90,0.785398
56,110,0.321751
56,142,-0.785398
56,149,-2.356194
56,154,1.570796
56,195,0.785398
56,197,-2.356194
56,224,3.141593
57,20,2.356194
57,38,2.819842
57,50,-0.785398
57,56,0.785398
57,79,1.570796
57,90,0.000000
57,126,0.321751
57,128,-2.356194
57,135,2.356194
57,152,0.000000
57,154,-2.819842
57,159,1.570796
57,187,-2.356194
57,195,0.000000
57,199,0.321751
58,19,0.321751
58,20,-2.819842
58,38,-1.570796
58,56,-0.785398
58,57,-2.356194
58,58,0.785398
58,59,1.570796
58,61,1.570796
58,62,2.356194
58,66,3.141593
58,77,0.000000
58,79,-2.819842
58,95,1.249046
58,96,2.356194
58,111,2.819842
58,126,-1.570796
58,133,0.785398
58,135,-2.819842
58,159,2.356194
58,176,0.321751
58,195,-0.785398
58,199,-0.785398
59,40,2.356194
59,66,-2.356194
59,90,-0.321751
59,119,1.570796
59,154,0.000000
59,155,1.892547
59,159,-2.819842
59,186,0.321751
59,188,3.141593
59,199,2.356194
60,10,2.356194
60,17,1.570796
60,19,-1.570796
60,20,-2.356194
60,28,2.356194
60,38,0.321751
60,42,0.000000
60,111,-1.570796
60,112,-2.356194
60,119,3.141593
60,176,-2.819842
60,186,-0.785398
60,194,-0.785398
60,195,-1.570796
60,196,-2.356194
60,198,-0.785398
61,38,-1.570796
61,43,-1.570796
61,93,-1.249046
61,106,0.785398
61,125,2.356194
61,154,0.321751
61,167,1.249046
61,168,2.356194
61,174,-0.785398
61,175,-1.892547
62,8,0.321751
62,44,0.000000
62,54,1.570796
62,67,3.141593
62,79,0.000000
62,80,1.570796
62,81,2.356194
62,91,3.141593
62,120,-2.356194
62,125,-2.819842
62,141,-0.785398
62,142,-1.570796
62,143,3.141593
62,158,-0.321751
62,166,-0.785398
62,167,-1.892547
62,202,1.570796
63,8,-0.785398
63,54,-2.819842
63,91,-1.570796
63,122,0.000000
63,154,-2.819842
63,159,-1.249046
63,161,1.570796
63,162,2.356194
64,28,0.321751
64,45,0.000000
64,49,-0.785398
64,50,-1.570796
64,69,1.570796
64,80,2.356194
65,28,-1.570796
65,37,2.356194
65,45,-0.785398
65,72,0.785398
65,73,1.570796
65,74,2.356194
65,79,-0.785398
65,80,-2.356194
65,104,0.321751
65,150,0.785398
66,35,0.000000
66,37,-2.819842
66,53,3.141593
66,61,0.321751
66,68,0.321751
66,104,-0.785398
66,126,0.785398
66,127,1.892547
66,184,1.570796
66,203,0.785398
66,212,0.321751
66,227,2.356194
67,19,0.000000
67,50,0.321751
67,68,-0.785398
67,96,1.570796
67,111,0.785398
67,120,0.321751
67,127,-1.249046
67,128,-2.356194
67,183,0.321751
67,184,-2.819842
67,204,3.141593
67,212,-1.570796
68,37,-2.356194
68,44,1.570796
68,50,-1.570796
68,61,3.141593
68,96,-0.321751
68,104,2.356194
68,112,-2.356194
68,120,-1.570796
68,183,-1.570796
68,211,1.570796
69,19,0.321751
69,21,-2.356194
69,26,1.570796
69,41,0.000000
69,44,-2.819842
69,61,-2.356194
69,97,-1.249046
69,98,3.141593
69,104,-2.819842
69,114,1.570796
69,119,1.570796
69,129,0.321751
69,131,-2.356194
69,134,0.785398
69,152,-2.356194
69,157,1.570796
69,182,-0.785398
69,210,0.000000
70,19,-0.785398
70,26,3.141593
70,73,2.356194
70,80,0.321751
70,82,-2.356194
70,99,1.570796
70,119,3.141593
70,129,-0.785398
70,135,-2.356194
70,149,0.000000
70,150,-1.892547
70,157,3.141593
70,207,0.000000
70,208,1.570796
70,209,3.141593
71,8,2.356194
71,41,0.321751
71,49,2.356194
71,73,3.141593
71,80,-0.785398
71,99,0.000000
71,101,-0.785398
71,119,-1.570796
71,157,-2.356194
72,7,0.321751
72,26,0.000000
72,41,-0.785398
72,47,0.785398
72,49,-2.819842
72,67,0.000000
72,99,-1.570796
72,103,1.570796
72,112,-0.785398
72,120,1.570796
72,136,0.000000
72,146,1.249046
72,147,3.141593
73,7,-1.570796
73,26,-1.570796
73,29,0.785398
73,70,-0.785398
73,71,-1.570796
73,73,3.141593
73,88,0.000000
73,89,1.892547
73,104,-2.356194
73,114,-2.819842
73,121,3.141593
73,128,1.570796
73,156,0.321751
73,158,3.141593
74,18,2.356194
74,32,-2.356194
74,73,-2.356194
74,89,-1.249046
74,90,3.141593
74,128,3.141593
74,141,0.321751
74,143,-2.356194
74,156,-0.785398
74,170,0.785398
74,219,0.321751
75,18,-2.819842
75,25,2.356194
75,30,-0.785398
75,34,1.570796
75,40,2.356194
75,47,0.321751
75,49,-2.356194
75,79,1.570796
75,108,0.000000
75,109,1.892547
75,113,-2.819842
75,128,-1.570796
75,134,1.570796
75,141,-0.785398
75,145,-1.249046
75,146,3.141593
75,212,0.000000
75,219,-1.570796
76,14,0.785398
76,24,0.321751
76,25,-2.819842
76,35,3.141593
76,40,-2.819842
76,47,-0.785398
76,52,1.570796
76,79,-2.819842
76,92,1.570796
76,97,1.570796
76,111,-0.785398
76,134,-2.819842
76,170,0.000000
76,171,-1.570796
76,213,-2.356194
77,24,-0.785398
77,36,1.570796
77,52,-0.785398
77,53,-2.356194
77,77,-0.785398
77,94,1.892547
77,97,-2.819842
77,109,-1.570796
77,155,1.570796
77,168,1.249046
77,169,3.141593
77,173,-2.356194
77,216,1.249046
77,217,3.141593
78,15,-1.570796
78,46,1.570796
78,57,0.000000
78,58,1.892547
78,133,-2.356194
78,153,0.785398
78,155,-2.819842
78,166,0.000000
79,24,2.356194
79,30,-1.570796
79,35,0.321751
79,46,-2.819842
79,58,-1.249046
79,59,3.141593
79,187,2.356194
80,24,3.141593
80,35,-0.785398
80,43,0.000000
80,82,1.570796
80,92,0.321751
80,117,0.000000
80,141,2.356194
80,153,0.321751
80,172,0.321751
80,174,2.819842
81,14,2.356194
81,24,-2.356194
81,62,1.570796
81,83,3.141593
81,92,-0.785398
81,135,0.785398
81,136,2.356194
81,141,3.141593
81,153,-1.570796
81,191,1.249046
81,192,2.356194
81,193,3.141593
81,213,0.321751
81,215,3.141593
82,6,0.785398
82,14,-2.819842
82,24,0.785398
82,45,-2.356194
82,62,0.000000
82,84,0.000000
82,92,2.356194
82,100,0.785398
82,107,2.356194
82,118,0.000000
82,135,-0.785398
82,141,-1.570796
82,157,0.000000
82,158,1.892547
82,168,1.570796
82,190,0.321751
82,213,-0.785398
83,6,0.000000
83,12,-0.785398
83,25,-2.356194
83,42,0.321751
83,62,-0.785398
83,67,0.785398
83,83,1.570796
83,90,0.785398
83,92,-2.819842
83,100,-0.785398
83,101,-2.356194
83,107,3.141593
83,113,1.570796
83,118,-0.785398
83,158,-1.249046
83,159,3.141593
83,170,-0.785398
83,186,0.785398
83,229,2.356194
84,6,-0.785398
84,34,2.356194
84,42,-1.570796
84,51,2.356194
84,83,3.141593
84,107,-2.356194
84,113,2.356194
84,141,0.321751
84,143,-2.356194
84,144,0.785398
84,167,0.000000
84,168,-1.892547
84,187,-2.356194
84,190,3.141593
84,228,-0.785398
84,229,-2.356194
85,15,0.000000
85,30,0.785398
85,31,2.356194
85,51,3.141593
85,68,0.000000
85,81,0.785398
85,91,0.785398
85,113,-2.819842
85,141,-0.785398
85,145,-1.570796
85,190,-2.356194
86,16,-2.356194
86,30,-0.785398
86,34,-1.249046
86,35,3.141593
86,41,2.356194
86,51,-1.570796
86,68,-0.785398
86,91,0.000000
86,108,0.785398
86,109,2.356194
86,125,0.321751
86,127,-2.356194
86,146,1.570796
86,152,2.356194
86,173,1.570796
86,180,2.356194
86,230,2.356194
87,41,-2.819842
87,53,2.356194
87,80,-0.785398
87,91,-1.570796
87,98,1.570796
87,108,-1.570796
87,112,-1.570796
87,125,-0.785398
87,146,0.000000
87,150,0.785398
87,152,-2.819842
87,174,-2.356194
87,179,1.570796
87,190,-1.570796
88,39,-0.785398
88,51,0.321751
88,97,-0.785398
88,98,-2.356194
88,133,0.785398
88,134,2.356194
88,146,-1.570796
88,177,0.785398
88,179,-2.819842
89,51,-0.785398
89,56,1.570796
89,83,1.570796
89,99,1.570796
89,116,-0.785398
89,117,-1.570796
89,125,2.356194
89,134,-2.356194
89,145,1.570796
89,152,3.141593
90,43,0.000000
90,44,1.892547
90,56,0.000000
90,61,-0.785398
90,62,-1.570796
90,63,-2.356194
90,67,1.570796
90,84,-2.356194
90,85,0.785398
90,86,1.892547
90,90,2.356194
90,101,1.892547
90,125,-2.819842
90,145,-2.819842
90,149,0.321751
90,153,0.000000
90,154,1.892547
90,167,1.570796
90,178,-0.321751
90,213,0.785398
91,44,-1.249046
91,45,3.141593
91,86,-1.249046
91,87,-2.356194
91,88,0.785398
91,90,-2.819842
91,101,-1.249046
91,102,-2.356194
91,103,0.785398
91,104,1.892547
91,107,2.356194
91,120,-2.356194
91,122,0.785398
91,149,-0.785398
91,154,-1.249046
91,155,3.141593
91,179,-1.249046
91,180,3.141593
91,213,-0.321751
91,214,2.819842
92,5,0.321751
92,7,-2.356194
92,49,0.785398
92,50,2.356194
92,54,0.785398
92,67,-1.249046
92,68,3.141593
92,104,-1.249046
92,107,-2.819842
92,138,2.356194
92,140,-0.785398
92,181,0.000000
92,224,0.321751
92,232,2.819842
93,5,-0.785398
93,27,1.570796
93,50,-1.570796
93,53,0.785398
93,69,0.000000
93,70,1.892547
93,167,2.356194
93,191,1.570796
93,197,0.000000
93,215,-2.356194
93,224,-1.570796
93,232,-2.356194
94,27,3.141593
94,70,-1.249046
94,71,-2.356194
94,135,0.321751
94,167,-2.819842
94,183,-2.356194
94,191,2.356194
94,201,1.570796
94,217,0.000000
95,56,-2.819842
95,126,1.892547
95,135,-0.785398
95,191,-2.819842
95,201,0.000000
95,218,-1.570796
96,28,-2.356194
96,108,0.785398
96,109,2.356194
96,122,0.321751
96,126,-1.249046
96,127,3.141593
96,144,1.570796
96,201,-1.570796
96,224,-2.356194
96,226,-0.785398
96,227,-1.892547
97,15,3.141593
97,25,0.000000
97,26,-1.892547
97,31,0.000000
97,32,1.570796
97,33,3.141593
97,50,0.321751
97,79,0.785398
97,80,1.892547
97,108,-1.570796
97,122,-1.570796
97,129,0.785398
97,130,1.892547
97,135,2.356194
97,145,3.141593
97,148,2.356194
97,168,1.892547
97,208,0.785398
98,14,-1.570796
98,24,3.141593
98,42,0.000000
98,43,1.892547
98,50,-1.570796
98,114,0.785398
98,115,1.892547
98,121,1.570796
98,133,0.785398
98,135,-2.819842
98,146,0.000000
98,148,-2.819842
98,168,-1.249046
98,169,-2.356194
98,171,0.785398
98,172,1.892547
98,187,0.321751
98,190,-2.356194
98,222,-2.356194
99,23,-0.785398
99,54,0.321751
99,56,-2.356194
99,57,0.785398
99,58,1.892547
99,80,-0.785398
99,86,0.785398
99,87,1.892547
99,115,-1.249046
99,116,-2.356194
99,117,0.785398
99,118,1.892547
99,121,-2.819842
99,130,-0.785398
99,172,-1.249046
99,173,3.141593
99,187,-1.570796
99,222,2.356194
100,13,2.356194
100,44,-1.249046
100,46,1.892547
100,49,2.356194
100,54,-0.785398
100,130,2.356194
100,186,1.570796
100,198,1.570796
101,5,0.785398
101,13,-2.819842
101,49,3.141593
101,58,-1.570796
101,63,0.785398
101,64,2.356194
101,74,2.356194
101,88,-1.249046
101,90,1.570796
101,91,2.356194
101,95,0.785398
101,98,3.141593
101,118,-0.785398
101,122,0.785398
101,123,1.892547
101,130,-2.819842
101,175,1.570796
101,186,-2.819842
101,196,2.356194
101,198,3.141593
101,211,1.570796
101,220,0.321751
102,5,0.000000
102,46,-0.785398
102,49,-1.570796
102,63,-0.785398
102,73,1.570796
102,105,0.785398
102,106,2.356194
102,118,2.356194
102,123,-1.249046
102,124,3.141593
102,175,0.000000
102,184,0.321751
102,194,0.321751
102,198,-2.356194
102,212,3.141593
102,220,-1.570796
103,5,-1.570796
103,12,-1.249046
103,13,3.141593
103,54,2.356194
103,73,3.141593
103,116,0.000000
103,117,-0.785398
103,152,0.321751
103,154,-2.356194
103,175,-0.785398
103,178,0.000000
103,179,1.892547
103,194,-0.785398
103,213,1.570796
104,14,0.785398
104,15,2.356194
104,47,0.785398
104,48,2.356194
104,49,-0.785398
104,50,-1.570796
104,51,-2.356194
104,52,0.785398
104,54,-2.819842
104,73,-1.570796
104,80,2.356194
104,105,0.321751
104,107,-2.356194
104,108,0.785398
104,128,-1.570796
104,152,-1.570796
104,157,1.570796
104,166,1.570796
104,179,-1.249046
104,180,3.141593
104,184,-2.819842
104,199,1.570796
104,232,1.570796
105,14,-0.785398
105,22,-0.785398
105,23,-1.570796
105,24,-2.356194
105,26,0.785398
105,27,1.892547
105,33,2.356194
105,47,-0.785398
105,57,2.356194
105,74,0.785398
105,75,2.356194
105,80,3.141593
105,90,2.356194
105,105,-0.785398
105,109,-1.570796
105,151,1.570796
105,157,-0.321751
105,200,3.141593
105,217,0.785398
105,218,2.356194
105,232,-2.819842
106,54,-2.356194
106,57,3.141593
106,74,-1.570796
106,90,-2.819842
106,131,0.000000
106,132,1.892547
106,140,2.356194
106,150,0.321751
106,151,-2.819842
106,158,-1.249046
106,159,-2.356194
106,160,0.785398
106,183,-1.570796
106,201,0.000000
106,202,1.892547
106,218,-2.356194
107,27,-1.570796
107,33,-1.249046
107,34,-2.356194
107,51,0.321751
107,81,-2.356194
107,132,-1.249046
107,133,-2.356194
107,138,-0.785398
107,139,-1.892547
107,150,-0.785398
107,161,-1.570796
107,165,1.570796
107,202,-1.249046
107,203,3.141593
107,232,3.141593
108,51,-1.570796
108,57,-0.785398
108,58,-2.356194
108,61,0.785398
108,83,0.785398
108,84,2.356194
108,143,2.356194
108,164,-0.785398
108,165,-2.356194
108,187,0.785398
108,193,2.356194
108,205,2.356194
108,208,0.785398
109,50,1.570796
109,83,-0.785398
109,88,-1.249046
109,89,-2.356194
109,96,2.356194
109,149,1.570796
109,174,2.356194
109,188,-1.570796
109,193,-2.819842
109,203,0.321751
109,226,1.249046
110,50,-2.819842
110,141,0.321751
110,148,-0.785398
110,149,-2.356194
110,174,-2.819842
110,203,-1.570796
110,222,1.249046
110,223,2.356194
110,225,-0.785398
111,26,2.356194
111,63,-0.785398
111,68,0.785398
111,69,1.892547
111,73,2.356194
111,92,0.785398
111,93,3.141593
111,96,-1.249046
111,97,-2.356194
111,105,2.356194
111,141,-0.785398
111,171,0.785398
111,192,-1.570796
111,211,1.570796
111,220,0.000000
111,228,3.141593
112,26,3.141593
112,44,1.249046
112,46,-1.570796
112,56,2.356194
112,69,-1.249046
112,70,-2.356194
112,72,-0.785398
112,73,-2.356194
112,92,-0.785398
112,104,-0.785398
112,105,-2.356194
112,212,3.141593
112,228,-2.356194
113,14,-0.785398
113,15,-1.570796
113,16,-2.356194
113,24,0.785398
113,48,-1.249046
113,49,3.141593
113,128,0.785398
113,129,1.892547
113,152,0.785398
113,153,1.892547
113,195,0.785398
113,196,1.892547
113,213,0.785398
113,214,2.356194
113,221,2.356194
114,9,1.249046
114,10,3.141593
114,26,-2.819842
114,51,0.785398
114,52,2.356194
114,56,-1.249046
114,57,-2.356194
114,78,0.785398
114,79,1.892547
114,82,1.570796
114,129,-1.249046
114,130,-2.356194
114,153,-1.249046
114,155,1.892547
114,186,1.570796
114,201,1.570796
114,213,-1.570796
114,219,0.785398
115,6,1.570796
115,23,-0.785398
115,44,0.785398
115,52,-2.356194
115,59,0.000000
115,81,-0.785398
115,82,-2.356194
115,92,2.356194
115,112,0.000000
115,113,1.892547
115,155,-1.249046
115,156,-2.356194
115,186,-1.570796
115,197,-1.249046
115,198,3.141593
115,201,-2.819842
115,227,1.570796
116,6,-0.321751
116,25,-1.249046
116,26,-2.356194
116,40,0.000000
116,41,-1.892547
116,79,-0.785398
116,91,-0.785398
116,92,-2.356194
116,113,-1.249046
116,114,3.141593
116,135,0.000000
116,136,1.892547
116,180,0.000000
116,189,0.785398
116,220,-0.785398
116,227,3.141593
117,36,1.249046
117,37,2.356194
117,46,3.141593
117,60,0.000000
117,62,-0.785398
117,63,-1.570796
117,64,-2.356194
117,93,1.570796
117,136,-1.249046
117,137,-2.356194
117,140,1.570796
117,200,-1.570796
117,227,-2.356194
118,34,0.000000
118,46,-2.356194
118,60,-0.785398
118,94,-2.356194
118,118,1.570796
118,140,3.141593
118,183,1.892547
118,201,1.570796
119,7,0.785398
119,67,0.000000
119,68,1.892547
119,96,0.785398
119,97,2.356194
119,119,-2.356194
119,140,-1.570796
119,183,-1.249046
119,184,3.141593
119,211,1.570796
120,7,0.000000
120,51,1.570796
120,96,-0.785398
120,160,0.321751
120,162,-2.356194
120,190,2.356194
120,200,0.321751
120,209,0.785398
120,211,-2.819842
120,220,-1.570796
120,226,0.321751
120,228,-2.356194
120,234,2.356194
121,7,-0.785398
121,14,-2.356194
121,47,1.570796
121,51,-2.819842
121,68,-1.570796
121,142,0.000000
121,143,1.892547
121,160,-0.785398
121,169,0.785398
121,200,-0.785398
121,226,-1.570796
121,234,-2.819842
122,49,-0.785398
122,59,2.356194
122,75,0.785398
122,76,1.892547
122,143,-1.249046
122,144,-2.356194
122,170,-1.570796
122,225,1.570796
122,233,-0.785398
123,35,2.356194
123,46,0.321751
123,51,0.000000
123,52,1.570796
123,53,2.356194
123,59,3.141593
123,78,-1.570796
123,79,-2.356194
123,146,0.000000
123,147,1.892547
123,160,2.356194
123,191,-1.249046
123,192,3.141593
123,212,2.356194
123,225,3.141593
124,46,-0.785398
124,59,-1.570796
124,75,0.321751
124,147,-1.249046
124,148,3.141593
124,160,3.141593
124,199,1.570796
124,210,0.321751
124,223,0.785398
125,33,0.000000
125,34,-1.892547
125,61,0.785398
125,75,-0.785398
125,96,2.356194
125,115,0.785398
125,116,1.892547
125,134,0.000000
125,149,0.000000
125,150,1.892547
125,175,0.785398
125,176,1.892547
125,193,0.785398
125,199,-2.819842
125,210,-1.570796
125,216,1.570796
125,223,0.000000
126,67,2.356194
126,88,0.785398
126,89,2.356194
126,96,3.141593
126,116,-1.249046
126,117,3.141593
126,135,-1.570796
126,158,0.000000
126,176,-1.249046
126,177,3.141593
126,194,-2.356194
126,196,0.785398
126,217,3.141593
126,223,-0.785398
127,62,0.000000
127,66,-0.785398
127,67,-2.356194
127,137,0.785398
127,150,-0.785398
127,178,0.000000
127,179,1.892547
127,223,2.356194
128,17,3.141593
128,38,0.785398
128,62,-0.785398
128,88,3.141593
128,96,0.000000
128,119,1.570796
128,138,-1.570796
128,157,-0.785398
128,158,-2.356194
128,179,-1.249046
128,180,-2.356194
128,181,0.785398
128,182,1.892547
128,223,3.141593
129,38,0.000000
129,42,0.785398
129,43,1.892547
129,51,1.570796
129,96,-0.785398
129,119,-0.785398
129,120,-2.356194
129,122,0.785398
129,139,0.000000
129,159,0.000000
129,160,1.892547
129,183,2.819842
129,196,0.321751
129,198,-2.356194
129,208,2.356194
129,223,-1.570796
130,7,0.785398
130,17,2.819842
130,38,-0.785398
130,51,3.141593
130,69,0.321751
130,71,-2.356194
130,74,-0.785398
130,75,-1.570796
130,76,3.141593
130,86,0.000000
130,103,1.570796
130,123,-1.570796
130,140,-2.356194
130,160,-1.249046
130,161,-2.356194
130,183,-1.570796
130,196,-0.785398
130,208,-2.819842
131,42,0.321751
131,51,-1.570796
131,61,2.356194
131,69,-0.785398
131,104,-2.356194
131,149,2.356194
131,216,1.570796
131,231,0.785398
131,232,2.356194
132,17,-2.819842
132,42,-1.570796
132,61,-2.819842
132,79,0.785398
132,80,2.356194
132,86,3.141593
132,140,0.785398
132,149,-2.819842
132,207,-1.249046
132,232,-2.356194
133,5,0.321751
133,41,1.570796
133,59,-0.785398
133,79,-0.785398
133,95,2.356194
133,125,2.356194
133,129,1.249046
133,130,2.356194
133,168,0.785398
133,189,0.785398
133,190,1.892547
133,209,-1.570796
134,16,0.000000
134,25,0.785398
134,26,1.570796
134,27,2.356194
134,41,-2.819842
134,86,0.000000
134,88,0.785398
134,89,1.570796
134,90,2.356194
134,95,3.141593
134,118,2.356194
134,134,0.000000
134,135,1.570796
134,136,2.356194
134,139,-0.785398
134,140,-1.892547
134,146,-0.785398
134,169,-1.570796
134,190,-1.249046
134,191,3.141593
134,196,2.356194
134,216,2.356194
135,4,0.321751
135,5,-2.819842
135,16,-0.785398
135,37,-0.785398
135,38,-1.570796
135,62,0.785398
135,63,2.356194
135,67,0.785398
135,86,-0.785398
135,95,-2.356194
135,116,0.785398
135,211,0.000000
135,212,1.570796
135,213,2.356194
135,216,3.141593
135,222,2.356194
136,4,-1.570796
136,40,-1.570796
136,62,-0.785398
136,68,-1.249046
136,69,3.141593
136,119,-2.356194
136,122,-0.785398
136,123,-1.570796
136,125,-1.892547
136,149,0.000000
136,150,1.892547
136,197,2.819842
136,220,1.249046
136,221,3.141593
137,45,0.785398
137,117,-0.785398
137,135,2.356194
137,150,-1.249046
137,152,1.892547
137,197,-2.356194
137,217,-2.356194
137,218,0.785398
138,45,-0.785398
138,46,-2.356194
138,79,0.000000
138,97,1.570796
138,128,3.141593
138,135,-2.819842
138,152,-1.249046
138,153,3.141593
138,211,2.356194
139,44,0.000000
139,80,0.000000
139,81,1.892547
139,89,2.356194
139,210,0.321751
139,211,-2.819842
139,218,0.321751
139,220,-2.356194
139,233,0.321751
139,235,3.141593
140,49,0.785398
140,85,-0.785398
140,86,-1.570796
140,87,-2.356194
140,89,3.141593
140,124,0.321751
140,200,0.000000
140,201,1.892547
140,210,-0.785398
140,218,-1.570796
140,223,1.570796
140,233,-0.785398
141,49,0.000000
141,81,-1.570796
141,95,-0.785398
141,96,-1.892547
141,124,-1.570796
141,133,-1.570796
141,157,0.321751
141,159,3.141593
141,183,0.000000
141,184,1.892547
141,201,-1.249046
141,202,3.141593
141,210,2.356194
141,217,1.570796
141,224,3.141593
142,17,0.785398
142,49,-1.570796
142,59,0.785398
142,89,0.000000
142,107,0.000000
142,108,1.892547
142,134,1.570796
142,157,-0.785398
142,160,0.000000
142,161,1.892547
142,205,0.785398
142,206,1.570796
142,207,2.356194
142,217,-2.819842
142,236,2.356194
143,17,0.000000
143,24,-0.785398
143,25,-1.570796
143,26,-2.356194
143,31,0.785398
143,32,1.892547
143,47,1.249046
143,48,3.141593
143,62,3.141593
143,89,-0.785398
143,108,-1.249046
143,109,-2.356194
143,116,2.356194
143,135,-2.356194
143,161,-1.249046
143,162,-2.356194
143,185,-1.249046
143,186,-2.356194
143,187,0.785398
143,210,-1.249046
143,211,-2.356194
143,227,0.000000
143,228,1.892547
143,234,0.785398
144,17,-0.785398
144,32,-1.249046
144,33,3.141593
144,44,0.785398
144,60,-1.570796
144,67,0.785398
144,68,1.892547
144,116,3.141593
144,188,-1.570796
144,228,-1.249046
144,229,3.141593
145,44,-0.785398
145,68,-1.249046
145,69,-2.356194
145,89,2.356194
145,116,-2.356194
145,123,2.356194
145,142,0.785398
145,143,2.356194
145,234,-2.819842
146,16,1.570796
146,74,0.785398
146,75,1.892547
146,88,0.321751
146,89,-2.819842
146,123,-2.819842
146,142,-0.785398
146,168,1.570796
146,212,0.321751
146,216,1.570796
146,230,0.785398
147,16,-2.819842
147,75,-1.249046
147,76,-2.356194
147,121,-0.785398
147,156,2.356194
147,170,1.892547
147,212,-1.570796
147,217,3.141593
147,230,0.000000
148,48,1.570796
148,81,-2.356194
148,84,0.785398
148,85,1.570796
148,86,2.356194
148,170,-1.249046
148,171,-2.356194
148,211,1.570796
148,218,1.570796
148,230,-0.785398
148,235,3.141593
149,8,0.785398
149,9,2.356194
149,26,1.570796
149,48,0.000000
149,88,-1.249046
149,89,-2.356194
149,174,0.000000
149,175,1.892547
149,209,1.249046
149,218,-0.321751
149,220,2.356194
150,8,-0.785398
150,14,-1.570796
150,48,-1.570796
150,58,-0.785398
150,59,-1.570796
150,60,-2.356194
150,79,3.141593
150,126,0.785398
150,127,2.356194
150,156,-0.785398
150,175,-1.249046
150,176,3.141593
150,197,0.000000
150,198,1.892547
151,126,-1.570796
151,133,0.000000
151,179,0.785398
151,180,1.892547
151,198,-1.249046
151,199,3.141593
151,226,1.570796
152,67,0.785398
152,68,1.892547
152,77,0.000000
152,125,1.570796
152,160,1.570796
152,180,-1.249046
152,181,-2.356194
152,227,3.141593
152,229,1.570796
153,32,1.249046
153,33,2.356194
153,77,-0.785398
153,124,0.321751
153,125,-2.819842
153,133,0.321751
153,135,-2.356194
153,151,1.570796
153,160,-0.321751
153,161,2.819842
153,183,0.000000
153,206,-0.785398
154,31,-0.785398
154,39,0.785398
154,77,2.356194
154,107,2.356194
154,124,-0.785398
154,133,-1.570796
154,137,0.000000
154,138,1.892547
154,151,-0.321751
154,152,2.819842
154,184,-1.570796
154,208,-1.249046
154,209,3.141593
154,219,0.785398
155,40,-1.570796
155,47,2.356194
155,69,-1.570796
155,76,-0.785398
155,77,-2.356194
155,86,2.356194
155,105,0.321751
155,138,-1.249046
155,152,-1.570796
155,164,0.785398
155,185,1.570796
155,196,2.356194
155,221,2.356194
155,226,0.321751
155,230,0.000000
155,231,1.892547
156,105,-0.785398
156,111,0.785398
156,112,2.356194
156,140,-1.570796
156,155,2.356194
156,160,0.000000
156,161,-1.892547
156,185,0.000000
156,195,1.570796
156,218,-0.785398
156,231,-1.249046
156,232,-2.356194
156,233,0.785398
157,47,-1.249046
157,48,-2.356194
157,88,2.356194
157,111,-0.785398
157,124,2.356194
157,185,-0.785398
157,193,0.785398
157,195,-2.819842
157,223,-2.356194
157,225,-0.785398
157,234,-2.356194
158,52,0.785398
158,53,1.892547
158,90,0.785398
158,91,1.892547
158,119,0.785398
158,120,2.356194
158,123,-0.785398
158,124,-2.356194
158,129,1.249046
158,130,2.356194
158,140,0.321751
158,142,-2.356194
158,164,0.321751
158,171,0.785398
158,172,1.892547
159,34,-1.570796
159,53,-1.249046
159,54,-2.356194
159,68,2.356194
159,91,-1.249046
159,93,1.570796
159,94,2.356194
159,119,-0.785398
159,140,-0.785398
159,145,0.000000
159,146,1.892547
159,155,-0.785398
159,164,-0.785398
159,172,-1.249046
159,174,1.892547
159,195,3.141593
160,61,0.785398
160,62,1.570796
160,63,2.356194
160,68,3.141593
160,129,-1.570796
160,155,2.356194
160,174,-1.249046
160,175,-2.356194
161,68,-1.570796
161,145,0.321751
161,154,-0.785398
161,155,-2.356194
161,164,-1.570796
161,177,1.570796
161,184,2.356194
162,8,2.356194
162,139,2.356194
162,145,-0.785398
162,178,-2.356194
162,184,-2.819842
162,203,0.785398
163,7,0.321751
163,72,0.785398
163,73,2.356194
163,77,0.785398
163,105,2.356194
163,111,2.356194
163,139,3.141593
163,156,0.785398
163,204,-2.356194
163,221,0.321751
163,223,-2.356194
164,7,-0.785398
164,15,0.785398
164,16,1.570796
164,17,2.356194
164,22,0.785398
164,23,1.570796
164,24,2.356194
164,25,-0.785398
164,26,-1.570796
164,27,-2.356194
164,33,0.785398
164,34,1.892547
164,72,-1.570796
164,78,-1.570796
164,105,3.141593
164,111,-2.819842
164,139,-1.570796
164,145,2.356194
164,156,0.000000
164,160,0.785398
164,214,2.356194
164,221,-0.785398
165,105,-2.356194
165,118,1.570796
165,145,3.141593
165,156,-0.785398
165,161,-1.570796
165,183,0.000000
165,188,0.785398
165,189,1.892547
165,205,0.785398
165,206,2.356194
165,213,1.570796
166,34,-1.570796
166,44,0.785398
166,45,1.570796
166,46,2.356194
166,81,0.000000
166,82,1.570796
166,83,2.356194
166,85,-0.785398
166,86,-1.570796
166,87,-2.356194
166,91,2.356194
166,118,-2.819842
166,145,-1.570796
166,162,0.000000
166,163,1.892547
166,183,-1.570796
166,189,-1.249046
166,191,1.570796
166,192,2.356194
166,205,-0.785398
166,211,0.785398
166,213,-2.819842
166,236,2.356194
167,62,2.356194
167,90,-0.785398
167,91,-2.356194
167,106,0.000000
167,193,2.356194
167,220,0.321751
167,222,2.819842
167,232,0.785398
167,236,-2.819842
168,59,0.785398
168,60,1.570796
168,94,0.785398
168,95,1.892547
168,147,0.000000
168,148,1.892547
168,164,-1.249046
168,165,-2.356194
168,182,2.356194
168,193,-2.356194
168,213,0.000000
168,214,1.892547
169,62,-1.249046
169,63,-2.356194
169,70,-0.785398
169,71,-1.570796
169,72,3.141593
169,95,-1.249046
169,96,-2.356194
169,173,0.785398
169,181,0.321751
169,182,-2.819842
169,194,0.000000
169,195,1.892547
169,214,-1.249046
169,215,-2.356194
170,115,-1.570796
170,149,-1.249046
170,150,3.141593
170,156,2.356194
170,174,-1.570796
170,181,-0.785398
170,195,-1.249046
170,196,-2.356194
170,218,2.356194
171,33,0.785398
171,75,0.000000
171,120,1.249046
171,121,3.141593
171,154,0.785398
171,156,-2.819842
171,220,-1.570796
172,33,-0.785398
172,34,-2.356194
172,35,0.785398
172,36,1.892547
172,76,-1.570796
172,119,-0.785398
172,136,0.785398
172,137,1.892547
172,181,2.356194
172,205,2.356194
172,215,0.321751
173,23,0.785398
173,36,-1.249046
173,38,1.570796
173,39,2.356194
173,43,-0.785398
173,44,-1.570796
173,45,-2.356194
173,46,0.785398
173,47,1.892547
173,137,-1.249046
173,138,3.141593
173,181,3.141593
173,205,-2.819842
173,215,-0.785398
173,223,1.570796
174,16,0.785398
174,23,-0.785398
174,24,-2.356194
174,49,2.356194
174,52,0.785398
174,53,1.892547
174,78,1.570796
174,156,0.000000
174,181,-1.570796
174,223,-0.321751
174,224,2.819842
175,16,-0.785398
175,17,-2.356194
175,53,-1.249046
175,54,3.141593
175,78,0.000000
175,80,-0.785398
175,81,-1.570796
175,82,-2.356194
175,162,0.785398
175,183,0.785398
175,184,1.892547
175,205,1.570796
175,224,-1.570796
176,11,1.249046
176,12,2.356194
176,55,0.785398
176,56,2.356194
176,59,-0.785398
176,62,2.356194
176,78,-1.570796
176,108,3.141593
176,184,-1.249046
176,185,-2.356194
176,202,-1.892547
176,205,-0.785398
176,206,-2.356194
176,225,1.570796
177,55,-0.785398
177,86,0.000000
177,87,1.570796
177,88,2.356194
177,123,1.570796
177,164,3.141593
177,200,-0.785398
177,214,2.356194
177,225,0.000000
177,234,1.570796
178,93,0.785398
178,94,1.892547
178,123,0.000000
178,149,0.785398
178,150,1.892547
178,225,-1.570796
178,234,3.141593
179,94,-1.249046
179,95,-2.356194
179,103,0.000000
179,104,-1.892547
179,123,-0.785398
179,150,-1.249046
179,151,-2.356194
179,199,1.570796
179,234,-2.356194
180,8,-0.785398
180,38,0.785398
180,111,1.570796
180,129,1.570796
180,154,0.000000
180,170,0.000000
180,171,1.892547
180,194,0.000000
180,195,1.570796
180,196,2.356194
180,216,2.819842
181,55,2.356194
181,112,3.141593
181,129,-0.785398
181,130,-2.356194
181,171,-1.249046
181,172,3.141593
181,199,-1.249046
181,200,3.141593
181,203,1.570796
182,37,0.000000
182,38,-1.892547
182,46,-0.785398
182,47,-1.570796
182,48,-2.356194
182,54,-0.785398
182,55,-2.356194
182,87,-1.570796
182,136,0.000000
182,137,1.892547
182,158,0.785398
182,159,1.892547
182,174,0.785398
182,175,1.892547
182,203,3.141593
182,216,0.000000
182,223,0.000000
183,56,1.570796
183,61,2.356194
183,114,1.570796
183,159,-1.249046
183,160,-2.356194
183,175,-1.249046
183,176,3.141593
183,216,-0.785398
184,8,0.785398
184,56,-0.785398
184,57,-2.356194
184,115,-2.356194
184,123,2.356194
184,136,0.321751
184,141,1.570796
184,194,1.570796
184,204,3.141593
185,8,-0.785398
185,9,3.141593
185,120,0.785398
185,121,1.570796
185,136,-0.785398
185,141,0.000000
185,192,1.249046
185,207,0.785398
186,60,0.321751
186,123,-1.249046
186,124,-2.356194
186,141,-0.785398
186,178,0.785398
186,191,0.321751
186,208,-1.570796
186,215,2.356194
187,16,1.249046
187,17,2.356194
187,55,0.785398
187,60,-0.785398
187,127,-0.785398
187,128,-1.570796
187,129,3.141593
187,149,1.570796
187,191,-0.785398
187,215,-2.819842
188,15,-0.785398
188,55,-0.785398
188,56,3.141593
188,130,0.000000
188,131,1.892547
188,149,-0.785398
188,150,-2.356194
188,177,0.321751
188,184,0.785398
188,185,1.892547
188,212,0.785398
188,233,1.570796
189,95,0.000000
189,96,1.892547
189,131,-1.249046
189,132,-2.356194
189,135,-0.785398
189,136,-1.570796
189,137,-2.356194
189,139,0.785398
189,140,2.356194
189,154,0.000000
189,155,1.892547
189,177,-1.570796
189,185,-1.249046
189,186,-2.356194
189,189,0.785398
189,228,2.356194
189,233,3.141593
190,46,1.249046
190,47,3.141593
190,96,-1.249046
190,97,-2.356194
190,140,-2.356194
190,155,-1.249046
190,156,-2.356194
190,158,0.785398
190,159,1.892547
190,190,-1.249046
190,191,3.141593
190,213,-0.321751
190,233,-2.356194
191,140,0.785398
191,159,-1.249046
191,160,3.141593
191,174,1.249046
191,175,3.141593
191,214,-1.249046
191,215,3.141593
191,225,0.321751
192,45,-0.785398
192,113,0.785398
192,114,1.892547
192,121,2.356194
192,141,3.141593
192,166,-0.785398
192,167,-1.570796
192,169,1.892547
192,225,-1.570796
193,121,3.141593
193,142,0.785398
193,143,2.356194
193,146,0.785398
193,147,2.356194
193,169,-1.249046
193,170,-2.356194
193,224,1.570796
194,114,-0.785398
194,121,-1.570796
194,142,-0.785398
194,147,-1.570796
194,173,-1.249046
194,174,3.141593
194,224,3.141593
195,46,3.141593
195,65,0.785398
195,66,1.892547
195,122,0.785398
195,123,2.356194
195,176,0.785398
195,177,1.892547
195,224,-2.356194
196,41,1.249046
196,42,2.356194
196,43,-0.785398
196,44,-1.892547
196,66,-1.249046
196,67,-2.356194
196,122,-0.785398
196,177,-1.249046
196,178,-2.356194
197,18,0.785398
197,31,-0.785398
197,32,-1.570796
197,34,1.570796
197,35,2.356194
197,40,-0.785398
197,41,-1.892547
197,50,0.785398
197,51,1.570796
197,52,2.356194
197,207,0.785398
197,208,2.356194
198,7,0.785398
198,92,0.785398
198,93,1.892547
198,141,1.570796
198,157,0.000000
198,158,1.892547
198,207,-0.785398
199,7,-0.321751
199,9,2.356194
199,17,-0.785398
199,18,-1.892547
199,93,-1.249046
199,94,-2.356194
199,121,0.321751
199,123,2.819842
199,141,3.141593
199,158,-1.249046
199,159,-2.356194
199,185,0.000000
199,186,1.892547
199,232,1.570796
200,103,0.000000
200,104,1.892547
200,114,2.356194
200,141,-1.570796
200,186,-1.249046
200,187,3.141593
200,232,-2.819842
201,104,-1.249046
201,105,-2.356194
201,123,-2.819842
201,191,0.785398
201,192,1.892547
201,207,2.356194
201,217,1.570796
202,114,-1.249046
202,115,3.141593
202,192,-1.249046
202,193,3.141593
202,203,0.000000
202,207,3.141593
202,217,0.000000
203,123,1.570796
203,146,0.785398
203,147,2.356194
203,170,0.000000
203,171,1.892547
203,207,-1.570796
204,124,-2.356194
204,146,-0.785398
204,151,0.785398
204,152,1.892547
204,171,-1.249046
204,173,1.570796
204,174,2.356194
204,216,0.321751
204,217,-2.819842
204,229,-2.356194
205,35,0.785398
205,152,-1.249046
205,153,3.141593
205,198,0.000000
205,199,1.892547
205,209,1.570796
205,216,-1.570796
206,49,0.785398
206,50,1.570796
206,52,-1.570796
206,53,-2.356194
206,57,0.785398
206,58,1.570796
206,59,3.141593
206,209,0.000000
206,214,0.785398
206,215,2.356194
207,34,-0.785398
207,35,-1.892547
207,130,0.785398
207,131,2.356194
207,146,2.356194
207,201,2.819842
207,209,-0.785398
207,215,-1.570796
208,97,0.785398
208,98,1.892547
208,130,-0.785398
208,137,0.785398
208,138,1.570796
208,139,2.356194
208,145,-0.785398
208,146,-2.356194
208,201,-1.570796
209,8,2.356194
209,98,-1.249046
209,99,-2.356194
209,162,0.785398
209,163,1.892547
210,18,1.249046
210,19,2.356194
210,20,0.785398
210,21,2.356194
210,111,0.785398
210,112,1.892547
210,163,-1.249046
210,164,3.141593
210,172,1.570796
210,208,0.000000
211,6,0.321751
211,10,0.785398
211,11,1.570796
211,12,2.356194
211,21,-2.356194
211,112,-1.249046
211,113,3.141593
211,172,-2.819842
212,6,-0.785398
212,18,-2.356194
212,138,2.356194
212,149,1.570796
212,168,1.570796
212,169,2.356194
212,192,1.570796
213,58,2.356194
213,128,2.356194
213,137,0.321751
213,149,-0.785398
213,150,-2.356194
213,171,-1.249046
213,172,-2.356194
213,174,0.785398
213,175,1.892547
213,192,-0.321751
214,49,-0.785398
214,50,-1.570796
214,51,-2.356194
214,56,0.785398
214,58,-2.819842
214,137,-0.785398
214,148,1.570796
215,84,0.785398
215,128,-1.249046
215,129,3.141593
215,148,-2.819842
215,163,0.321751
215,176,-1.249046
215,177,3.141593
215,193,-1.570796
215,222,0.000000
215,223,-1.570796
215,224,-2.356194
216,21,2.356194
216,34,1.249046
216,35,3.141593
216,57,-0.785398
216,58,-2.356194
216,76,0.000000
216,77,1.570796
216,78,3.141593
216,85,-1.570796
216,136,1.570796
216,146,-0.785398
216,158,0.785398
216,159,1.892547
216,229,2.356194
217,18,0.785398
217,21,-2.819842
217,33,-0.785398
217,34,-1.892547
217,86,0.785398
217,87,2.356194
217,135,-0.785398
217,136,-2.356194
217,148,-2.356194
217,159,-1.249046
217,160,3.141593
217,163,-2.819842
217,180,0.785398
217,181,1.892547
217,227,0.000000
217,229,-2.819842
218,86,-0.785398
218,161,-0.785398
218,168,2.356194
218,181,-1.249046
218,182,-2.356194
219,125,1.570796
219,167,-0.785398
219,168,-2.356194
219,186,0.000000
219,187,1.892547
219,206,0.000000
219,207,1.892547
220,17,3.141593
220,115,0.785398
220,116,1.892547
220,137,0.785398
220,187,-1.249046
220,188,3.141593
220,192,2.356194
220,207,-1.249046
220,208,-2.356194
221,15,0.000000
221,16,-1.892547
221,53,1.249046
221,54,3.141593
221,116,-1.249046
221,117,-2.356194
221,119,0.785398
221,120,1.892547
221,125,2.356194
221,137,0.000000
221,189,0.785398
221,190,2.356194
221,192,3.141593
221,210,0.000000
221,211,1.892547
222,13,1.249046
222,14,3.141593
222,52,-0.785398
222,53,-1.892547
222,120,-1.249046
222,121,-2.356194
222,137,-0.785398
222,189,-0.785398
222,192,-1.570796
222,211,-1.249046
222,212,-2.356194
222,213,0.785398
223,45,1.249046
223,46,2.356194
223,125,-1.249046
223,127,1.892547
223,193,0.000000
223,194,1.892547
223,214,-1.570796
224,44,-0.785398
224,45,-1.892547
224,77,2.356194
224,127,-1.249046
224,128,3.141593
224,146,0.785398
224,147,2.356194
224,148,0.785398
224,149,1.570796
224,150,2.356194
224,196,2.356194
225,36,1.249046
225,37,2.356194
225,76,0.000000
225,77,-2.356194
225,99,0.785398
225,100,1.892547
225,146,-0.785398
225,179,0.000000
225,180,1.892547
225,200,0.785398
225,201,1.892547
226,8,0.000000
226,35,-0.785398
226,36,-1.892547
226,63,1.249046
226,64,2.356194
226,85,-0.785398
226,86,-1.570796
226,87,-2.356194
226,92,0.785398
226,93,1.570796
226,94,2.356194
226,100,-1.249046
226,101,3.141593
226,132,0.000000
226,133,1.570796
226,134,2.356194
226,136,0.000000
226,159,0.000000
226,160,1.570796
226,161,2.356194
226,201,-1.249046
226,202,3.141593
226,220,1.570796
226,228,2.356194
227,62,-0.785398
227,63,-1.892547
227,107,0.785398
227,108,1.892547
227,163,0.785398
227,195,2.356194
227,226,0.785398
227,228,-2.819842
228,108,-1.249046
228,109,3.141593
228,146,2.356194
228,164,-1.570796
228,181,-1.570796
228,189,2.356194
228,195,-2.819842
229,149,2.356194
230,117,0.785398
230,118,1.892547
230,146,-1.249046
230,147,-2.356194
230,160,2.356194
230,189,-1.249046
230,190,-2.356194
230,208,0.000000
230,209,1.892547
230,216,2.356194
230,217,-0.785398
230,218,-1.892547
231,8,0.321751
231,10,-2.356194
231,149,-1.249046
231,150,-2.356194
231,159,0.321751
231,160,-2.819842
231,167,0.785398
231,168,2.356194
231,172,0.785398
231,173,1.892547
231,193,-1.570796
231,209,-1.249046
231,210,3.141593
232,8,-0.785398
232,45,1.249046
232,46,2.356194
232,118,-0.785398
232,132,2.356194
232,167,-0.785398
232,173,-1.249046
232,174,-2.356194
232,180,2.356194
232,215,-2.819842
233,44,-0.785398
233,45,-1.892547
233,132,3.141593
233,157,0.785398
233,159,-2.819842
233,180,3.141593
234,36,1.249046
234,37,3.141593
234,94,1.570796
234,180,-2.356194
234,195,0.785398
234,214,-2.356194
235,32,1.249046
235,33,2.356194
235,35,-0.785398
235,36,-1.892547
235,83,0.785398
235,84,1.570796
235,85,2.356194
235,133,-2.356194
235,195,0.000000
236,64,1.249046
236,65,2.356194
236,119,2.356194
236,136,0.000000
236,137,1.892547
236,166,2.356194
236,195,-1.570796
236,213,0.321751
236,216,2.356194
237,30,0.321751
237,44,1.570796
237,63,-0.785398
237,64,-1.892547
237,94,-1.570796
237,116,1.249046
237,117,2.356194
237,166,3.141593
238,115,-0.785398
238,116,-1.892547
238,119,-1.249046
238,121,1.892547
238,137,-0.785398
238,166,-1.570796
238,180,0.321751
238,182,-2.356194
238,213,0.000000
239,29,-0.785398
239,30,-2.356194
239,44,0.785398
239,54,1.570796
239,95,0.785398
239,121,-1.249046
239,122,3.141593
239,180,-0.785398
239,194,2.356194
239,213,-0.785398
240,44,0.000000
240,54,3.141593
240,95,-0.321751
240,123,0.000000
240,124,1.892547
240,169,0.000000
240,170,1.570796
240,171,2.356194
240,190,0.000000
240,191,1.892547
240,194,-2.819842
241,44,-0.785398
241,54,-2.356194
241,124,-1.249046
241,125,-2.356194
241,179,1.570796
241,210,1.570796
241,212,1.570796
241,227,2.356194
242,18,1.249046
242,19,3.141593
242,97,-1.249046
242,98,-2.356194
242,135,0.785398
242,136,2.356194
242,154,0.785398
242,155,2.356194
242,178,-0.785398
242,179,-2.356194
242,191,-1.570796
242,210,0.000000
242,212,-2.356194
242,227,-2.819842
243,31,0.785398
243,43,1.570796
243,136,-2.356194
243,154,-0.785398
243,197,0.785398
243,198,1.892547
243,210,-0.785398
243,226,-0.785398
244,43,3.141593
244,71,1.249046
244,72,2.356194
244,105,0.000000
244,106,1.892547
244,198,-1.249046
244,199,3.141593
245,29,0.785398
245,38,0.785398
245,39,2.356194
245,43,-1.570796
245,70,-0.785398
245,71,-1.892547
245,77,0.000000
245,78,1.570796
245,79,2.356194
245,83,-0.785398
245,84,-1.570796
245,85,-2.356194
245,136,0.785398
245,170,2.356194
245,190,2.356194
245,200,0.000000
245,201,1.892547
246,26,1.249046
246,27,2.356194
246,38,-0.785398
246,44,1.570796
246,60,1.249046
246,61,2.356194
246,106,-0.785398
246,115,3.141593
246,136,0.000000
246,168,0.785398
246,170,-2.819842
246,190,-2.819842
246,201,-1.249046
246,202,3.141593
247,25,0.321751
247,33,0.000000
247,45,-2.356194
247,53,-0.785398
247,54,-1.570796
247,55,-2.356194
247,59,-0.785398
247,60,-1.892547
247,118,-0.785398
247,121,0.000000
247,136,-0.785398
247,142,0.785398
247,143,1.892547
248,34,-2.356194
248,38,2.356194
248,143,-1.249046
248,144,3.141593
248,152,0.000000
248,170,3.141593
248,210,2.356194
249,25,-2.819842
249,29,2.356194
249,38,-2.819842
249,92,1.570796
249,122,-0.321751
249,123,2.819842
249,128,0.000000
249,136,2.356194
249,145,0.785398
249,146,2.356194
249,149,0.785398
249,150,2.356194
249,190,3.141593
249,208,0.785398
249,210,-2.819842
250,29,-2.819842
250,35,0.785398
250,37,-1.892547
250,123,-2.356194
250,136,3.141593
250,145,-0.785398
250,150,-2.356194
250,155,0.785398
250,156,1.892547
250,175,0.785398
250,176,1.892547
250,191,0.000000
250,192,1.892547
251,10,0.321751
251,12,3.141593
251,35,-1.570796
251,136,-1.570796
251,156,-1.249046
251,157,3.141593
251,176,-1.249046
251,192,-1.249046
251,194,1.892547
251,226,2.356194
252,10,-0.785398
252,78,2.356194
252,90,-0.785398
252,91,-1.892547
252,137,1.570796
252,178,-1.570796
252,194,-1.249046
252,195,-2.356194
252,197,0.785398
252,222,-0.785398
252,223,-1.570796
252,226,-2.819842
253,34,0.000000
253,77,-0.785398
253,78,-2.356194
253,84,0.000000
253,85,0.785398
253,86,1.570796
253,87,2.356194
253,106,0.785398
253,115,1.892547
253,137,-0.321751
253,179,1.570796
254,21,-1.249046
254,22,-2.356194
254,30,1.249046
254,31,2.356194
254,79,-2.356194
254,106,-0.785398
254,107,3.141593
254,138,-1.249046
254,139,3.141593
254,146,1.570796
254,199,3.141593
255,54,1.249046
255,55,3.141593
255,68,1.249046
255,69,2.356194
255,118,1.892547
255,122,2.356194
255,142,3.141593
255,147,-2.356194
255,149,0.785398
255,150,2.356194
255,178,0.321751
255,200,0.000000
255,201,1.892547
256,25,-0.785398
256,30,-1.570796
256,53,-0.785398
256,54,-1.892547
256,113,-1.249046
256,114,-2.356194
256,120,1.570796
256,150,-1.570796
256,170,0.785398
256,178,-0.785398
256,188,0.785398
256,189,1.892547
256,201,-1.249046
256,203,1.892547
257,25,2.356194
257,48,0.000000
257,65,0.000000
257,151,1.570796
257,171,-1.570796
257,178,2.356194
257,203,-1.249046
257,204,3.141593
258,119,-2.356194
258,127,0.000000
258,128,0.785398
258,129,1.892547
258,153,1.892547
258,178,3.141593
258,189,-1.570796
258,193,0.785398
258,194,1.892547
259,86,0.785398
259,147,0.000000
259,148,3.141593
259,153,-1.249046
259,154,-2.356194
259,155,3.141593
259,159,1.570796
259,195,2.819842
260,22,0.321751
260,33,1.570796
260,36,2.356194
260,87,3.141593
260,97,2.356194
260,130,-1.249046
260,131,-2.356194
260,159,-1.570796
260,178,-0.321751
261,22,-0.785398
261,33,-0.785398
261,34,-2.356194
261,35,-0.785398
261,96,-0.785398
261,97,-2.356194
261,133,0.000000
261,134,1.892547
261,179,-1.249046
261,181,1.892547
261,195,-0.321751
262,27,0.785398
262,64,1.249046
262,80,3.141593
262,90,0.785398
262,91,1.570796
262,92,2.356194
262,98,0.000000
262,99,1.892547
262,104,0.000000
262,105,-1.570796
262,106,3.141593
262,134,-1.249046
262,135,-2.356194
262,181,-1.249046
262,182,3.141593
262,196,-1.249046
262,197,-2.356194
263,27,0.000000
263,99,-1.249046
263,100,-2.356194
263,165,0.785398
263,188,2.356194
263,200,0.000000
264,27,-1.570796
264,62,-0.785398
264,63,-1.892547
264,141,0.785398
264,142,1.892547
264,187,-0.785398
264,188,-2.356194
264,201,-1.570796
265,52,0.000000
265,120,0.785398
265,142,-1.249046
265,143,-2.356194
265,202,0.000000
266,10,0.785398
266,20,-0.785398
266,24,1.570796
266,25,3.141593
266,153,1.249046
266,154,2.356194
266,155,3.141593
266,170,0.785398
266,171,2.356194
266,203,-2.356194
267,10,0.000000
267,121,-0.321751
267,122,2.819842
267,151,0.785398
268,10,-0.785398
268,122,-1.570796
268,128,0.000000
268,172,-1.570796
268,173,-2.356194
269,89,0.000000
269,90,-0.785398
269,91,-1.570796
269,92,3.141593
269,123,-2.356194
269,130,0.000000
269,131,1.892547
269,153,-2.356194
269,176,0.000000
269,177,1.892547
269,194,1.570796
270,37,1.249046
270,38,2.356194
270,39,3.141593
270,93,0.000000
270,94,1.892547
270,99,2.356194
270,131,-1.249046
270,132,-2.356194
270,177,-1.249046
270,178,-2.356194
270,194,0.000000
271,35,1.249046
271,37,-1.892547
271,82,1.570796
271,94,-1.249046
271,96,1.570796
271,97,2.356194
271,135,0.000000
271,136,1.892547
271,159,0.000000
271,160,0.785398
271,161,1.892547
271,194,-0.785398
271,207,2.356194
271,224,2.356194
272,32,1.249046
272,33,2.356194
272,34,-0.785398
272,35,-1.892547
272,67,2.356194
272,108,0.785398
272,136,-1.249046
272,137,3.141593
272,163,2.356194
272,203,0.785398
272,204,2.356194
272,205,-0.785398
272,206,-1.892547
272,222,0.000000
272,224,-2.819842
273,31,0.000000
273,32,-1.892547
273,66,-0.785398
273,67,-2.356194
273,138,0.785398
273,139,2.356194
273,168,1.570796
273,203,-0.785398
274,62,1.249046
274,63,3.141593
274,138,-0.785398
274,168,-0.321751
274,169,2.819842
274,186,0.785398
275,60,0.785398
275,113,1.570796
275,169,-1.570796
275,187,3.141593
276,25,1.249046
276,26,3.141593
276,53,1.570796
276,82,2.356194
276,113,-0.321751
276,114,2.819842
276,150,0.785398
276,151,1.892547
276,192,-0.785398
276,193,-1.570796
276,194,3.141593
277,24,0.000000
277,25,-1.892547
277,53,-2.819842
277,61,2.356194
277,114,-2.356194
277,151,-1.249046
277,152,3.141593
278,51,0.321751
278,70,-2.356194
278,79,-0.785398
278,82,-1.249046
278,83,-2.356194
278,132,0.000000
278,136,0.785398
278,137,2.356194
278,153,1.570796
278,197,1.570796
279,18,1.249046
279,19,3.141593
279,59,0.321751
279,65,0.000000
279,66,-1.892547
279,85,0.000000
279,95,2.356194
279,154,3.141593
279,197,-0.321751
280,50,0.321751
280,51,-2.819842
280,59,-1.570796
280,70,-1.570796
280,86,-1.570796
280,92,0.785398
280,93,1.570796
280,137,-0.321751
280,138,2.819842
280,155,0.000000
280,156,1.570796
280,157,2.356194
280,198,-1.249046
280,199,-2.356194
280,202,2.356194
280,220,2.356194
281,50,-1.570796
281,57,1.249046
281,58,3.141593
281,87,0.785398
281,89,1.570796
281,90,2.356194
281,95,-1.249046
281,96,-2.356194
281,113,1.570796
281,138,-1.570796
281,158,0.000000
281,159,1.570796
281,161,-1.570796
281,162,-2.356194
281,163,0.785398
281,202,-2.819842
282,34,1.249046
282,35,2.356194
282,49,1.570796
282,101,3.141593
282,106,0.000000
282,139,1.570796
282,164,-1.570796
282,182,2.356194
282,185,0.785398
282,201,-0.785398
283,32,1.249046
283,34,-1.892547
283,47,0.000000
283,49,-2.819842
283,87,-0.785398
283,88,-2.356194
283,113,-1.249046
283,114,3.141593
283,139,0.000000
283,167,0.785398
283,180,0.321751
283,186,-1.570796
284,10,0.785398
284,86,1.570796
284,115,1.570796
284,139,-1.570796
284,145,0.785398
284,180,-1.570796
284,187,2.356194
285,11,-2.356194
285,12,-0.785398
285,30,0.000000
285,31,-1.892547
285,53,-0.785398
285,81,0.000000
285,86,3.141593
285,115,0.000000
285,117,3.141593
285,146,-1.570796
285,152,1.570796
285,156,0.785398
285,168,-0.321751
285,170,2.356194
285,186,0.321751
285,187,-2.819842
286,49,-2.356194
286,75,0.000000
286,78,3.141593
286,86,-2.356194
286,115,-0.785398
286,124,0.000000
286,147,-2.356194
286,157,-2.356194
286,186,-0.785398
286,208,1.570796
286,213,0.000000
286,214,-1.892547
287,65,2.356194
287,153,-2.356194
287,173,0.000000
287,174,1.892547
288,25,1.249046
288,26,3.141593
288,128,1.570796
288,137,1.570796
288,174,-1.249046
288,175,-2.356194
289,22,1.249046
289,23,2.356194
289,24,-0.785398
289,25,-1.892547
289,44,-0.785398
289,45,-1.892547
289,128,-0.785398
289,129,-2.356194
289,137,3.141593
289,177,-0.785398
289,178,-1.570796
289,179,3.141593
290,21,-0.785398
290,22,-1.892547
290,137,-1.570796
290,192,1.249046
290,193,3.141593
291,85,0.000000
291,86,-1.570796
291,87,-2.356194
291,93,-0.785398
291,94,-1.570796
291,95,-2.356194
291,138,0.000000
291,139,1.892547
291,167,0.785398
291,185,-0.785398
291,186,-1.570796
291,187,-2.356194
291,191,-0.785398
291,192,-1.892547
291,204,-0.785398
291,205,-1.892547
292,33,0.000000
292,78,1.570796
292,113,-0.785398
292,114,-1.570796
292,115,-2.356194
292,139,-1.249046
292,140,-2.356194
292,168,3.141593
293,76,0.000000
293,77,-0.785398
293,119,-2.356194
293,127,-1.570796
293,146,-2.356194
293,169,-2.356194
