14,37,0.785398
14,38,1.892547
15,15,1.570796
15,42,0.785398
15,43,1.570796
15,44,2.356194
15,45,0.785398
15,46,1.570796
15,47,2.356194
15,49,0.785398
15,50,1.570796
15,51,2.356194
15,65,0.785398
15,66,1.892547
16,38,-0.785398
16,76,0.785398
17,13,0.321751
17,77,-1.570796
18,13,-1.570796
21,12,0.785398
21,38,2.356194
21,61,0.321751
22,12,-0.785398
22,13,3.141593
22,36,1.249046
22,38,3.141593
23,38,-2.356194
23,59,1.249046
23,61,3.141593
24,61,-2.356194
25,12,3.141593
25,33,0.321751
25,57,0.321751
26,33,-1.570796
26,57,-0.785398
27,32,1.570796
27,57,2.356194
28,7,0.321751
28,27,1.570796
28,30,1.249046
28,37,0.321751
28,39,2.819842
28,57,3.141593
28,81,3.141593
29,7,-1.570796
29,28,-2.356194
29,33,2.819842
29,57,-2.356194
30,37,-0.321751
30,50,-1.570796
30,55,-0.321751
31,17,0.785398
31,31,-1.249046
31,40,3.141593
31,56,-1.570796
31,82,2.356194
32,34,-1.249046
32,35,-2.356194
32,41,-2.356194
32,48,0.785398
32,52,0.785398
32,62,-2.356194
33,26,3.141593
33,43,1.570796
34,15,-0.785398
34,20,1.570796
34,31,0.000000
34,33,3.141593
34,43,-1.570796
34,55,3.141593
35,5,1.570796
35,16,-0.785398
35,21,-2.356194
35,24,3.141593
35,35,0.000000
35,36,3.141593
35,64,0.000000
35,70,0.785398
35,71,1.570796
35,73,-1.892547
36,4,0.321751
36,5,-2.819842
36,53,-2.356194
36,66,-2.356194
37,4,-0.785398
37,14,0.000000
37,16,3.141593
37,46,0.785398
37,50,0.785398
37,71,3.141593
38,23,1.249046
38,24,2.356194
38,25,3.141593
38,71,-2.356194
39,19,1.249046
39,21,1.570796
39,23,-1.892547
39,55,2.356194
39,64,-2.356194
39,68,1.570796
39,73,0.785398
40,4,2.356194
40,18,0.321751
40,35,1.570796
41,3,0.321751
41,12,1.249046
41,14,1.892547
41,21,-2.819842
41,46,1.570796
41,73,-2.356194
42,3,-0.785398
42,11,-0.785398
42,17,-0.785398
42,18,-1.570796
42,39,0.785398
42,46,-1.570796
42,52,3.141593
42,67,1.570796
43,21,-2.356194
43,48,0.785398
43,70,-1.570796
44,25,0.000000
44,34,-0.785398
44,35,-1.570796
44,36,-2.356194
44,39,-0.785398
44,49,-2.356194
44,60,2.356194
45,3,0.785398
45,13,-0.785398
45,41,-1.249046
45,42,3.141593
45,59,-0.785398
45,65,0.785398
45,69,-2.356194
45,72,0.785398
46,4,-2.356194
46,44,0.785398
46,45,1.570796
46,46,2.356194
46,52,1.570796
47,47,0.000000
47,48,3.141593
47,70,0.785398
47,73,-1.570796
48,28,2.356194
48,29,3.141593
48,44,0.321751
48,63,0.785398
48,71,-2.356194
49,3,0.000000
49,12,-2.356194
49,15,0.000000
49,16,3.141593
49,27,-0.785398
49,44,-0.785398
49,46,-1.570796
49,54,-2.356194
49,69,-2.356194
49,75,0.785398
50,84,2.356194
51,27,-1.570796
51,44,-1.570796
51,49,-2.356194
51,66,-2.356194
51,84,3.141593
52,10,3.141593
52,51,0.000000
52,52,3.141593
52,57,0.785398
52,68,0.785398
52,84,-2.356194
53,2,-0.785398
53,58,-2.356194
54,10,1.249046
54,11,2.356194
54,12,3.141593
54,48,0.785398
54,65,0.785398
54,75,0.785398
55,6,1.249046
55,7,2.356194
55,9,-0.785398
55,10,-1.892547
55,19,1.570796
55,27,0.000000
55,28,3.141593
55,55,0.000000
55,76,1.570796
55,84,2.356194
56,5,0.000000
56,6,-1.892547
56,19,2.356194
56,33,1.570796
56,51,-2.356194
56,57,-2.356194
56,77,-2.356194
56,84,3.141593
57,11,0.785398
57,12,1.892547
57,14,1.249046
57,15,2.356194
57,17,0.785398
57,84,-2.356194
58,2,-0.785398
58,9,-0.785398
58,54,0.785398
58,64,0.000000
59,66,0.000000
59,67,1.892547
59,75,1.570796
59,84,2.356194
60,4,2.356194
60,5,3.141593
60,11,0.000000
60,15,-2.356194
60,17,-0.785398
60,21,-1.570796
60,22,-2.356194
60,24,3.141593
60,34,1.570796
60,38,1.249046
60,39,3.141593
60,50,0.000000
60,56,-2.356194
60,67,-1.249046
60,68,3.141593
60,72,-2.356194
60,76,-2.356194
60,84,3.141593
61,3,-1.570796
61,10,-0.785398
61,36,1.570796
61,38,-1.892547
61,46,0.000000
61,47,1.892547
61,52,-2.356194
61,62,0.000000
61,63,0.785398
61,64,1.892547
61,84,-2.356194
62,2,-0.785398
62,33,-0.785398
62,34,-1.892547
62,47,-1.249046
62,48,3.141593
62,74,0.785398
63,5,0.785398
63,49,0.000000
63,50,1.892547
63,65,-1.249046
63,66,-2.356194
63,67,3.141593
63,75,1.570796
64,3,0.785398
64,17,0.000000
64,30,-0.785398
64,50,-1.249046
64,51,3.141593
64,75,-0.321751
64,76,2.819842
65,5,-0.785398
65,6,-2.356194
65,11,2.356194
65,36,-1.570796
66,2,0.321751
66,9,0.785398
66,54,-2.356194
66,58,0.785398
66,70,1.570796
66,75,-0.785398
66,76,-1.570796
66,77,-2.356194
67,5,2.356194
67,11,2.819842
67,59,-2.356194
67,64,0.000000
67,65,3.141593
68,2,0.000000
68,6,0.000000
68,7,3.141593
68,11,-2.356194
68,71,0.000000
68,72,1.892547
69,5,-2.356194
69,17,3.141593
69,62,1.570796
69,72,-1.249046
69,73,3.141593
69,81,2.356194
70,2,-0.321751
70,10,-0.785398
70,11,-1.570796
70,12,-2.356194
70,34,1.570796
70,67,0.000000
70,80,-0.785398
70,81,-2.356194
70,83,1.570796
71,5,2.356194
71,63,-2.356194
71,69,-2.356194
71,83,-2.819842
72,58,0.785398
72,65,0.785398
72,82,-0.785398
73,4,0.785398
73,52,0.785398
73,59,2.356194
73,66,1.570796
73,72,0.785398
74,4,0.000000
74,6,0.785398
74,53,1.570796
74,60,2.356194
74,67,3.141593
75,7,-1.570796
75,10,2.356194
75,38,0.000000
75,55,1.892547
75,61,-2.356194
75,68,1.570796
76,4,0.000000
76,8,0.785398
76,9,3.141593
76,55,-1.249046
76,56,3.141593
76,68,-0.321751
76,69,2.819842
77,40,3.141593
77,44,0.000000
77,51,0.785398
77,57,-2.356194
77,69,-1.570796
78,11,2.356194
78,65,1.570796
79,52,-1.570796
80,8,-1.892547
80,44,3.141593
80,60,0.000000
81,4,-0.321751
81,62,1.570796
81,82,2.356194
82,7,2.819842
82,11,2.356194
82,16,0.785398
82,37,3.141593
82,46,0.785398
82,51,0.000000
82,52,1.892547
82,56,0.000000
82,62,-0.321751
82,63,2.819842
82,82,-2.819842
83,10,1.570796
83,19,2.356194
83,29,0.785398
83,30,1.570796
83,31,3.141593
83,47,-2.356194
83,58,0.000000
83,63,-1.570796
83,81,-0.785398
84,13,1.249046
84,14,2.356194
84,53,-1.249046
84,54,3.141593
85,12,-0.785398
85,13,-1.892547
85,55,0.000000
85,56,1.892547
85,60,2.819842
86,17,2.356194
86,20,1.570796
86,31,1.570796
86,46,2.356194
86,56,-1.249046
86,81,2.356194
87,6,0.321751
87,9,-1.892547
87,16,0.000000
87,20,-0.321751
87,21,2.819842
87,25,0.785398
87,32,3.141593
87,45,-0.785398
87,47,2.356194
87,51,0.000000
87,58,-1.249046
87,60,-2.356194
88,6,-0.785398
88,21,-1.570796
88,27,3.141593
88,33,-2.356194
88,46,-0.785398
88,53,0.000000
88,74,1.570796
88,78,0.000000
88,79,-1.892547
89,12,1.249046
89,13,3.141593
89,37,1.570796
89,42,0.785398
89,50,2.356194
89,54,-1.570796
90,24,3.141593
90,31,1.570796
90,51,2.356194
90,71,2.356194
90,73,-0.785398
90,74,-1.892547
91,15,1.249046
91,16,2.356194
91,38,-2.356194
91,51,3.141593
91,65,2.356194
91,69,-0.785398
91,70,-1.892547
92,6,0.785398
92,20,0.785398
92,21,1.892547
92,27,0.000000
92,32,-2.356194
92,40,0.785398
92,48,2.819842
92,51,-1.570796
93,7,-2.356194
93,29,0.000000
93,30,1.892547
93,41,1.570796
93,43,0.000000
93,44,-1.892547
93,62,0.000000
93,63,-1.892547
94,9,-1.249046
94,10,-2.356194
94,12,-0.785398
94,15,-2.819842
94,21,-0.785398
94,37,2.356194
94,55,-1.570796
94,56,-2.356194
95,26,0.000000
95,27,1.892547
95,38,2.356194
95,52,-0.785398
95,53,-1.892547
96,18,0.785398
96,19,1.570796
96,27,-1.249046
96,28,-2.356194
96,36,-0.321751
96,47,0.000000
96,48,-1.892547
97,32,-0.785398
97,40,-1.570796
97,42,-1.570796
97,43,-2.356194
98,21,-1.570796
98,23,-1.570796
98,24,-2.356194
98,26,3.141593
98,33,-0.785398
98,34,-1.570796
98,35,-2.356194
98,36,-0.785398
98,37,-1.892547
