10,39,1.249046
10,40,2.356194
11,23,1.249046
11,24,2.356194
11,60,1.570796
12,19,1.249046
12,20,2.356194
12,22,-0.785398
12,39,-2.356194
12,71,0.785398
12,72,1.892547
13,78,0.785398
14,79,-2.356194
15,16,0.321751
15,39,0.785398
16,16,-0.785398
16,39,0.000000
16,80,3.141593
17,16,2.356194
17,55,0.321751
18,39,3.141593
18,81,2.356194
19,55,3.141593
20,36,0.321751
20,39,-2.819842
20,65,0.321751
21,44,0.785398
21,65,-0.785398
22,32,0.785398
22,36,-0.785398
22,39,2.819842
23,27,1.249046
23,32,0.000000
23,34,0.785398
23,35,2.356194
23,39,-1.570796
23,83,2.356194
24,9,0.321751
24,21,0.785398
24,26,0.321751
24,32,-1.570796
24,35,-2.356194
24,41,2.356194
24,42,-0.785398
24,43,-1.892547
24,65,2.356194
25,9,-1.570796
25,23,1.892547
25,31,3.141593
25,35,0.785398
25,39,0.000000
25,40,-1.892547
25,52,-0.785398
25,53,-1.570796
25,54,-2.356194
26,37,0.785398
26,38,2.356194
26,46,1.249046
26,47,3.141593
26,65,-1.249046
26,66,-2.356194
26,68,-0.785398
26,69,-1.892547
27,19,0.321751
27,28,-2.356194
27,31,1.570796
27,38,-2.356194
27,45,-0.785398
27,46,-1.892547
27,72,0.321751
28,31,0.000000
28,33,-0.785398
28,34,-1.892547
28,38,0.785398
28,72,-0.785398
29,17,1.249046
29,46,0.000000
29,63,0.785398
29,64,1.570796
29,65,2.356194
30,16,0.321751
30,24,0.321751
30,30,0.000000
30,37,0.000000
30,38,-1.892547
30,70,0.785398
30,85,2.819842
31,16,-0.785398
31,24,-1.570796
31,34,1.249046
31,35,2.356194
31,43,1.570796
31,49,0.000000
31,51,3.141593
31,56,0.785398
31,57,1.892547
31,64,2.356194
31,71,-1.249046
31,72,-2.356194
31,73,0.785398
31,74,1.570796
31,76,-1.892547
31,85,-2.356194
32,7,0.321751
32,9,3.141593
32,12,1.249046
32,13,2.356194
32,20,0.000000
32,21,1.570796
32,22,2.356194
32,34,-1.892547
33,7,-1.570796
33,10,0.785398
33,26,1.249046
33,27,3.141593
33,32,-1.570796
33,44,0.000000
33,46,3.141593
33,64,-1.249046
33,65,-2.356194
33,66,3.141593
34,15,0.785398
34,21,-2.819842
34,30,1.249046
34,31,3.141593
34,36,2.356194
34,42,1.249046
34,43,3.141593
34,48,1.249046
34,49,2.356194
34,55,1.249046
34,70,0.000000
34,72,-0.785398
35,15,-0.785398
35,35,-1.570796
35,40,2.356194
35,41,-0.785398
35,42,-1.892547
35,54,-0.785398
35,55,-1.892547
35,77,1.570796
35,79,-1.892547
36,18,0.321751
36,33,1.249046
36,34,3.141593
36,46,-0.785398
36,58,0.000000
36,59,3.141593
36,61,0.000000
36,63,0.785398
36,64,1.570796
36,65,2.356194
36,66,3.141593
36,86,3.141593
37,14,1.570796
37,26,1.249046
37,28,-1.892547
37,32,0.000000
37,33,-1.892547
37,38,-1.892547
37,42,0.000000
37,44,0.000000
37,56,3.141593
37,72,1.570796
37,73,2.356194
37,77,2.356194
38,6,0.785398
38,10,1.249046
38,11,2.356194
38,14,-2.819842
38,18,-2.819842
38,25,0.321751
38,36,-1.570796
38,53,1.249046
38,54,3.141593
38,60,2.356194
38,80,1.249046
39,6,-0.321751
39,16,0.000000
39,25,-1.570796
39,29,1.249046
39,30,3.141593
39,51,0.000000
39,52,-0.785398
39,53,-1.892547
39,58,0.000000
39,64,-1.570796
39,70,-0.785398
39,78,-2.356194
40,12,-1.892547
40,15,1.570796
40,18,0.785398
40,20,-1.892547
40,23,1.249046
40,24,3.141593
40,37,3.141593
40,41,0.000000
40,68,0.000000
40,72,-1.249046
40,73,3.141593
40,75,1.570796
40,80,-1.249046
41,15,-2.819842
41,45,3.141593
41,59,3.141593
41,66,3.141593
42,13,0.321751
42,17,0.321751
42,18,-2.819842
42,38,3.141593
42,57,-0.785398
42,63,0.000000
42,77,2.356194
43,5,0.321751
43,13,-1.570796
43,17,-1.570796
43,20,0.321751
43,25,0.000000
43,26,-1.892547
43,30,2.356194
43,31,3.141593
43,35,1.249046
43,36,3.141593
43,42,-0.785398
43,50,2.356194
43,67,3.141593
44,10,0.000000
44,11,1.570796
44,12,3.141593
44,16,1.570796
44,20,-1.570796
44,29,-1.570796
44,33,1.249046
44,35,-1.892547
44,39,2.356194
44,44,2.356194
44,49,-0.785398
44,70,2.356194
44,76,-1.570796
44,80,0.000000
44,81,1.892547
44,88,2.356194
45,4,0.000000
45,5,-1.570796
45,7,-1.892547
45,16,-2.819842
45,38,-0.785398
45,51,2.356194
45,56,0.000000
45,62,0.000000
45,82,-2.356194
45,86,0.785398
46,14,0.000000
46,15,-1.892547
46,30,1.249046
46,32,-1.892547
46,36,2.356194
46,59,2.356194
46,67,-0.785398
46,79,0.000000
46,89,2.819842
47,34,1.249046
47,35,3.141593
47,38,1.249046
47,39,3.141593
47,43,2.356194
47,48,-0.785398
47,58,0.000000
47,86,0.321751
47,89,-2.356194
48,9,-2.819842
48,17,1.570796
48,20,-0.785398
48,23,1.249046
48,24,3.141593
48,33,0.000000
48,34,-1.892547
48,41,0.000000
48,52,3.141593
48,56,0.000000
48,62,2.356194
48,68,2.356194
48,74,0.785398
48,86,-1.570796
49,7,0.321751
49,12,1.570796
49,22,0.321751
49,27,0.321751
49,36,0.000000
49,61,0.785398
49,75,-2.356194
49,78,0.000000
49,82,-2.356194
49,85,0.785398
49,89,2.356194
50,3,0.785398
50,12,-2.819842
50,15,0.000000
50,16,-1.892547
50,18,-2.356194
50,31,0.000000
50,32,-1.570796
50,33,-2.356194
50,65,-0.785398
50,72,0.785398
50,85,-0.785398
50,86,-2.356194
50,89,3.141593
51,7,-2.819842
51,23,-2.356194
51,24,0.785398
51,25,1.570796
51,27,-1.570796
51,28,-2.356194
51,39,0.000000
51,44,3.141593
51,58,3.141593
51,63,-2.356194
51,73,2.356194
51,76,0.000000
51,80,0.785398
51,81,1.570796
51,82,2.356194
51,89,-2.356194
52,2,0.321751
52,9,-0.785398
52,12,1.570796
52,14,0.000000
52,18,1.249046
52,19,2.356194
52,20,-0.785398
52,21,-1.892547
52,47,-1.570796
52,53,-0.785398
52,63,2.356194
52,65,0.000000
52,69,3.141593
52,72,0.321751
52,73,-2.819842
53,9,2.356194
53,12,0.000000
53,15,1.570796
53,32,0.000000
53,42,0.000000
53,43,3.141593
53,61,0.000000
53,62,-0.785398
53,78,0.000000
53,80,-0.785398
53,84,2.356194
53,89,2.356194
54,6,0.000000
54,7,1.570796
54,15,0.000000
54,17,-1.892547
54,21,1.249046
54,22,2.356194
54,23,0.785398
54,24,2.356194
54,28,0.785398
54,38,0.000000
54,39,3.141593
54,55,0.000000
54,56,3.141593
54,73,-2.356194
54,86,0.000000
54,87,0.785398
55,11,0.321751
55,12,-2.819842
55,15,-0.785398
55,24,-2.356194
55,27,-0.785398
55,36,3.141593
55,43,0.000000
55,61,0.000000
55,66,3.141593
55,77,-2.356194
55,90,2.819842
56,2,-0.785398
56,24,2.356194
56,31,2.356194
56,38,0.000000
56,40,3.141593
56,45,0.000000
56,46,3.141593
56,56,0.000000
56,57,3.141593
56,84,-1.249046
56,85,3.141593
56,88,-1.570796
56,90,-2.356194
57,2,0.785398
57,6,3.141593
57,11,-1.570796
57,12,3.141593
57,21,0.785398
57,22,2.356194
57,43,0.000000
57,52,0.000000
57,53,3.141593
57,64,0.000000
57,72,0.000000
57,78,3.141593
57,86,0.785398
57,90,2.356194
58,2,0.000000
58,17,0.321751
58,34,0.785398
58,41,3.141593
58,48,0.000000
58,49,3.141593
58,57,0.000000
58,58,3.141593
58,66,-2.356194
58,82,0.000000
58,86,-1.570796
58,90,3.141593
59,9,-2.819842
59,13,-2.819842
59,21,-2.819842
59,28,-0.785398
59,37,1.249046
59,38,2.356194
59,45,3.141593
59,73,0.000000
59,84,0.000000
59,90,-2.356194
60,2,-0.321751
60,7,0.321751
60,20,-1.892547
60,23,0.321751
60,24,-2.819842
60,35,-0.785398
60,41,0.000000
60,66,0.000000
60,70,3.141593
60,85,-1.249046
60,86,3.141593
60,90,2.356194
61,9,0.785398
61,11,-1.892547
61,15,-1.570796
61,23,-1.570796
61,27,1.249046
61,28,2.356194
61,34,-2.356194
61,56,0.000000
61,63,3.141593
61,74,0.000000
61,76,3.141593
61,82,0.785398
61,83,1.892547
61,87,0.000000
61,88,1.570796
61,90,3.141593
62,2,0.321751
62,14,3.141593
62,31,0.000000
62,37,0.000000
62,43,0.000000
62,44,3.141593
62,49,1.249046
62,50,2.356194
62,51,3.141593
62,67,0.000000
62,68,3.141593
62,83,-1.249046
62,85,1.892547
62,90,-2.356194
63,9,-2.819842
63,13,-1.570796
63,21,1.570796
63,47,0.000000
63,48,-0.785398
63,49,-1.892547
63,59,0.000000
63,61,3.141593
63,87,3.141593
64,2,-0.321751
64,12,1.570796
64,16,1.570796
64,21,-2.819842
64,26,-2.356194
64,32,2.356194
64,36,0.000000
64,41,2.356194
64,45,3.141593
64,54,0.000000
64,57,3.141593
64,67,0.000000
64,69,3.141593
64,71,0.000000
64,80,0.000000
64,90,2.356194
65,11,0.321751
65,12,-2.819842
65,16,-2.819842
65,23,-1.570796
65,25,0.000000
65,28,-0.785398
65,40,0.000000
65,48,1.249046
65,49,2.356194
65,52,3.141593
65,60,0.000000
65,82,-2.356194
65,90,3.141593
66,14,0.321751
66,18,0.000000
66,46,0.000000
66,56,0.000000
66,57,3.141593
66,65,0.000000
66,69,0.785398
66,70,1.892547
66,84,0.785398
66,90,-2.356194
67,3,0.785398
67,6,1.570796
67,14,-1.570796
67,16,0.785398
67,17,3.141593
67,20,0.785398
67,27,2.356194
67,29,-0.785398
67,32,1.249046
67,33,3.141593
67,49,3.141593
67,60,0.000000
67,63,0.785398
67,70,-1.249046
67,71,-2.356194
67,85,-2.356194
68,3,0.000000
68,5,-0.785398
68,9,0.321751
68,13,3.141593
68,20,-1.570796
68,22,0.785398
68,26,3.141593
68,41,1.249046
68,42,3.141593
68,47,-0.785398
68,56,0.000000
68,58,3.141593
68,64,-1.249046
68,66,1.892547
68,90,2.356194
69,3,-0.785398
69,9,-1.570796
69,15,0.321751
69,17,3.141593
69,35,1.249046
69,36,3.141593
69,40,0.000000
69,41,-1.892547
69,51,-2.356194
69,61,0.000000
69,62,3.141593
69,66,-1.249046
69,67,-2.356194
69,83,-2.356194
69,88,0.000000
69,90,3.141593
70,8,1.570796
70,11,-0.785398
70,22,-2.356194
70,25,2.356194
70,39,1.570796
70,71,3.141593
70,85,0.785398
71,7,0.000000
71,8,-2.356194
71,15,-2.819842
71,17,0.321751
71,23,0.785398
71,25,-2.356194
71,28,0.321751
71,33,0.321751
71,39,-2.819842
71,73,0.000000
71,74,3.141593
71,87,1.892547
71,91,2.819842
72,6,1.570796
72,9,0.785398
72,10,3.141593
72,13,0.321751
72,17,-1.570796
72,28,-1.570796
72,33,-1.570796
72,44,2.356194
72,65,0.000000
72,87,-1.249046
73,3,0.785398
73,6,-2.819842
73,16,1.570796
73,22,0.321751
73,23,-2.819842
73,27,-2.356194
73,31,1.249046
73,32,3.141593
73,36,0.000000
73,37,-1.892547
73,42,0.000000
73,50,3.141593
73,68,-2.356194
73,84,0.000000
73,91,-2.819842
74,13,-2.819842
74,15,0.321751
74,16,-2.819842
74,22,-1.570796
74,30,0.321751
74,35,-0.785398
74,48,-0.785398
74,71,0.000000
74,73,3.141593
74,79,0.000000
74,80,0.785398
74,81,1.892547
74,85,0.000000
75,15,-0.785398
75,18,0.000000
75,21,1.570796
75,26,-1.570796
75,38,1.570796
75,44,0.000000
75,46,3.141593
75,54,0.000000
75,55,3.141593
75,60,-0.785398
75,65,3.141593
75,90,3.141593
76,19,0.785398
76,29,0.000000
76,30,-2.356194
76,68,0.000000
76,76,0.000000
76,78,3.141593
76,82,-1.249046
76,84,1.892547
76,86,-0.785398
77,4,0.321751
77,13,1.570796
77,16,0.000000
77,19,-0.785398
77,28,1.570796
77,42,2.356194
77,88,-1.249046
77,90,3.141593
78,4,-0.785398
78,10,-2.819842
78,27,0.000000
78,36,1.570796
78,40,0.000000
78,41,0.000000
78,47,3.141593
78,80,0.785398
78,90,-2.356194
79,13,0.785398
79,18,1.570796
79,22,1.570796
79,26,1.570796
79,31,-1.570796
79,35,0.000000
79,42,1.570796
79,50,2.356194
79,68,1.570796
79,75,0.000000
79,76,1.892547
79,81,0.000000
79,82,1.892547
80,4,0.785398
80,11,1.892547
80,22,-1.570796
80,25,0.321751
80,26,-2.819842
80,29,1.570796
80,34,1.570796
80,48,1.249046
80,49,3.141593
80,68,-1.570796
80,71,0.785398
80,76,-1.249046
80,78,1.892547
80,90,2.356194
81,4,-0.321751
81,6,2.356194
81,8,-0.785398
81,25,-1.570796
81,29,2.356194
81,34,-2.819842
81,41,0.000000
81,42,-1.892547
81,47,0.000000
81,48,-1.892547
81,72,0.000000
81,73,1.892547
81,88,-1.249046
81,90,3.141593
82,16,-2.819842
82,24,1.570796
82,28,0.321751
82,29,-2.819842
82,32,0.321751
82,37,2.356194
82,40,1.570796
82,64,0.000000
82,73,-1.249046
82,75,1.892547
82,84,-1.249046
82,85,3.141593
82,90,-2.356194
83,10,-0.785398
83,19,1.570796
83,23,0.321751
83,24,-2.819842
83,28,-1.570796
83,32,-1.570796
83,36,-1.570796
83,38,0.785398
83,44,0.000000
83,86,1.570796
83,90,2.356194
84,10,2.356194
84,13,0.785398
84,27,-0.785398
84,31,1.570796
84,38,-0.785398
84,48,0.000000
84,50,3.141593
84,70,0.785398
84,87,-2.356194
84,88,0.785398
84,90,-2.819842
85,10,-2.819842
85,13,-0.785398
85,23,-2.819842
85,30,0.000000
85,46,2.356194
85,60,0.000000
85,62,3.141593
85,71,-1.570796
85,77,-1.249046
85,78,3.141593
85,82,-1.249046
86,21,0.321751
86,33,1.570796
86,52,0.000000
86,53,3.141593
86,64,0.000000
86,66,3.141593
87,5,0.785398
87,21,-1.570796
87,29,2.356194
87,32,0.321751
87,33,-2.819842
87,49,0.000000
87,50,3.141593
87,68,0.000000
87,84,-0.321751
88,5,-0.321751
88,11,1.249046
88,12,3.141593
88,25,2.356194
88,28,0.321751
88,29,-2.819842
88,32,-0.785398
88,42,0.000000
88,71,3.141593
88,81,1.570796
88,85,-1.249046
88,86,3.141593
89,34,-0.785398
89,47,2.356194
89,53,0.000000
89,54,3.141593
89,82,3.141593
89,89,2.356194
90,27,0.321751
90,28,-2.819842
90,40,1.570796
90,45,0.000000
90,67,0.785398
90,83,1.570796
90,89,-2.819842
91,6,0.785398
91,14,2.356194
91,19,1.570796
91,27,-0.785398
91,35,1.570796
91,50,3.141593
91,69,3.141593
91,79,1.570796
91,83,-0.321751
91,88,-0.785398
92,6,-0.321751
92,18,0.321751
92,19,-2.819842
92,80,3.141593
92,84,-1.249046
92,85,3.141593
93,14,-2.819842
93,18,-1.570796
93,47,-0.785398
93,65,0.000000
93,88,2.356194
94,11,-0.785398
94,17,1.570796
94,34,2.356194
94,37,1.570796
94,82,1.570796
94,88,-2.819842
95,17,-2.819842
95,33,0.321751
95,34,-2.819842
95,36,0.321751
95,37,-2.819842
95,63,0.785398
95,70,-2.356194
95,74,0.785398
95,79,1.570796
95,84,1.570796
95,85,2.356194
95,86,-0.785398
95,87,-1.892547
96,33,-1.570796
96,36,-0.785398
96,43,1.570796
96,48,2.356194
96,55,0.000000
96,56,0.785398
96,57,1.892547
97,39,0.000000
97,40,3.141593
97,52,1.570796
97,57,-1.249046
97,58,-2.356194
97,60,3.141593
97,72,0.785398
97,77,3.141593
97,80,0.000000
97,81,1.892547
97,84,-2.819842
98,20,-1.570796
98,24,-1.570796
98,28,-1.570796
98,32,-1.570796
98,36,-1.570796
98,43,-1.570796
98,47,-1.570796
98,52,-1.570796
98,62,0.000000
98,63,3.141593
98,69,3.141593
98,73,-2.356194
98,81,-1.249046
98,83,-1.892547
