8,27,1.249046
8,28,2.356194
8,37,0.785398
8,38,1.570796
8,39,2.356194
8,42,0.785398
8,43,1.570796
8,44,2.356194
11,60,3.141593
11,68,1.570796
12,14,0.785398
12,15,2.356194
12,25,-1.570796
13,12,3.141593
13,15,-1.570796
13,53,1.892547
13,78,2.356194
14,11,-0.785398
14,37,0.321751
14,39,2.819842
14,55,1.570796
15,28,1.570796
15,43,2.356194
15,59,-1.249046
16,31,1.570796
16,32,2.356194
16,36,-0.785398
16,40,-2.356194
16,41,0.785398
16,49,1.570796
16,51,-1.892547
17,27,0.321751
17,44,-2.356194
17,62,1.249046
17,73,0.321751
18,53,-0.785398
18,61,0.000000
18,62,-1.892547
18,64,-2.356194
19,27,-0.321751
19,29,-2.819842
19,40,0.785398
19,56,0.000000
19,57,1.570796
19,58,2.356194
19,59,0.785398
19,60,2.356194
19,73,-2.819842
19,83,3.141593
20,11,2.356194
20,46,0.000000
20,47,-1.570796
20,48,3.141593
20,60,-2.356194
21,22,0.785398
21,28,0.000000
21,45,2.356194
22,22,0.000000
22,43,-1.892547
22,45,-2.356194
23,8,0.321751
23,30,-1.570796
23,31,-2.356194
23,33,0.785398
23,34,1.570796
23,35,2.356194
23,37,-0.785398
23,68,-0.321751
23,85,2.819842
24,8,-1.570796
24,14,1.570796
24,17,1.249046
24,19,1.892547
24,27,-0.785398
24,28,-1.892547
24,72,-0.785398
24,76,0.321751
24,85,-2.356194
25,22,-1.892547
25,41,3.141593
25,53,2.356194
25,67,1.249046
25,69,3.141593
26,13,0.321751
26,17,-1.249046
26,24,2.356194
26,34,0.785398
26,41,-2.356194
26,52,0.321751
26,53,-2.819842
26,66,0.321751
26,69,-2.356194
26,72,0.785398
26,74,1.249046
26,76,3.141593
27,24,-2.819842
27,29,1.249046
27,30,2.356194
27,31,0.785398
27,32,1.892547
27,52,-0.785398
27,56,2.356194
27,66,-0.785398
27,72,0.000000
27,76,-2.356194
28,15,3.141593
28,19,-0.321751
28,28,0.000000
28,29,-1.892547
28,55,0.321751
28,56,-2.819842
28,72,-0.785398
28,78,0.321751
29,26,1.570796
29,27,3.141593
29,55,-0.785398
29,75,-2.356194
29,78,-1.570796
29,86,3.141593
30,15,0.000000
30,17,0.785398
30,18,1.570796
30,24,-1.892547
30,69,-1.570796
30,75,0.785398
31,7,0.785398
31,11,1.249046
31,12,2.356194
31,22,-1.892547
31,28,2.356194
31,30,0.785398
31,52,2.356194
31,75,-0.321751
31,78,-2.356194
31,80,0.785398
31,81,1.570796
31,83,-1.892547
32,7,0.000000
32,15,-2.356194
32,26,0.000000
32,27,-1.892547
32,51,0.321751
32,52,-2.819842
32,68,1.570796
33,7,-0.785398
33,11,-1.249046
33,13,-1.892547
33,16,0.785398
33,18,-1.892547
33,23,2.356194
33,24,0.785398
33,25,2.356194
33,33,3.141593
33,51,-0.785398
34,33,-2.356194
34,36,0.785398
34,71,-1.570796
34,74,0.321751
35,7,0.785398
35,16,3.141593
35,19,1.249046
35,20,3.141593
35,36,0.000000
35,40,2.356194
35,43,0.321751
35,45,2.819842
35,54,-0.785398
35,74,-1.570796
35,77,0.785398
35,80,1.570796
36,10,1.570796
36,11,2.356194
36,12,0.785398
36,13,1.570796
36,14,3.141593
36,16,-1.570796
36,22,0.000000
36,24,-0.785398
36,25,-1.892547
36,31,0.000000
36,40,3.141593
36,45,-2.356194
36,73,-0.785398
36,77,0.000000
36,79,-0.785398
36,80,-2.356194
36,87,2.356194
37,22,-1.570796
37,34,2.356194
37,36,3.141593
37,40,-2.356194
37,43,-0.321751
37,65,-1.570796
37,77,-0.785398
37,83,0.785398
37,84,1.570796
38,10,-2.819842
38,13,0.785398
38,15,1.249046
38,20,2.356194
38,44,-2.356194
38,54,0.000000
38,55,3.141593
39,5,-0.785398
39,7,-1.249046
39,9,-1.892547
39,19,-1.892547
39,31,1.249046
39,33,-1.570796
39,34,-2.356194
39,36,3.141593
39,40,0.785398
39,44,2.356194
39,65,1.570796
39,70,1.570796
39,73,0.785398
39,86,-1.892547
40,17,-1.892547
40,26,1.249046
40,27,2.356194
40,36,-2.356194
40,40,-0.321751
40,42,2.356194
40,44,3.141593
40,77,0.785398
41,5,0.785398
41,22,0.785398
41,23,1.570796
41,24,2.356194
41,31,-2.356194
41,44,-2.356194
41,68,-1.570796
41,77,0.000000
42,5,-0.321751
42,7,2.356194
42,8,0.785398
42,9,1.570796
42,18,1.249046
42,26,-2.356194
42,36,2.356194
42,65,-1.570796
42,77,-0.785398
42,81,0.000000
42,82,1.892547
43,21,2.356194
43,26,0.785398
43,36,3.141593
43,53,0.785398
43,68,1.570796
44,14,0.000000
44,16,-1.892547
44,26,-0.785398
44,27,-2.356194
44,36,-2.356194
44,56,1.570796
44,65,1.570796
44,74,0.785398
44,77,2.356194
45,3,-1.570796
45,24,1.249046
45,25,3.141593
45,75,-2.356194
45,77,3.141593
45,89,2.356194
46,5,-0.321751
46,12,1.570796
46,17,0.000000
46,31,2.356194
46,40,2.356194
46,44,0.785398
46,56,0.785398
46,59,2.356194
46,62,-1.570796
46,85,-1.249046
46,86,-2.356194
46,89,3.141593
47,10,-1.892547
47,16,2.356194
47,19,0.785398
47,21,2.356194
47,31,3.141593
47,36,0.785398
47,39,0.000000
47,40,-2.356194
47,44,-0.321751
47,48,2.819842
47,51,0.785398
47,54,0.785398
47,59,3.141593
47,89,-2.356194
48,16,-1.570796
48,19,-1.570796
48,21,-1.570796
48,24,-0.321751
48,26,2.356194
48,31,-2.356194
48,36,-0.321751
48,38,3.141593
48,41,2.356194
48,48,-2.356194
48,51,-0.321751
48,52,2.819842
48,59,-2.356194
48,63,1.570796
48,66,-2.356194
48,72,1.570796
48,75,0.785398
49,4,1.249046
49,6,3.141593
49,9,0.785398
49,10,2.356194
49,11,-0.785398
49,22,1.570796
49,41,3.141593
49,52,-2.356194
49,56,0.000000
49,72,-0.321751
50,17,-1.892547
50,19,1.570796
50,22,-0.785398
50,23,-2.356194
50,24,-0.785398
50,30,0.000000
50,32,2.819842
50,37,0.785398
50,48,0.785398
50,69,0.785398
50,84,0.000000
51,13,0.000000
51,15,-1.892547
51,19,0.000000
51,28,1.570796
51,29,3.141593
51,32,-2.356194
51,37,0.000000
51,39,-1.570796
51,41,3.141593
51,49,2.819842
51,69,-0.321751
51,70,2.819842
51,73,-0.321751
51,76,-2.819842
51,85,-1.570796
51,89,2.356194
52,37,-0.785398
52,41,-1.570796
52,46,0.785398
52,47,3.141593
52,49,-2.356194
52,70,-1.570796
52,89,3.141593
53,7,-2.819842
53,12,0.000000
53,18,-0.785398
53,19,-2.356194
53,28,0.000000
53,31,-0.785398
53,33,2.819842
53,46,-0.785398
53,49,0.785398
53,53,0.785398
53,64,0.785398
53,74,-1.570796
53,89,-1.570796
54,3,1.570796
54,16,0.785398
54,20,0.785398
54,22,1.570796
54,37,2.356194
54,42,2.356194
54,49,-0.321751
54,50,2.819842
54,55,-0.785398
54,57,2.819842
54,64,-0.785398
54,66,2.356194
54,68,1.570796
54,77,0.000000
54,78,1.892547
54,83,1.570796
55,10,1.570796
55,15,3.141593
55,28,-2.819842
55,32,0.321751
55,34,-2.356194
55,42,3.141593
55,52,0.000000
55,57,-1.570796
55,62,0.785398
55,63,3.141593
55,66,-1.570796
55,69,2.819842
55,84,3.141593
56,9,-0.785398
56,10,-2.356194
56,20,-2.819842
56,23,0.785398
56,27,-1.892547
56,32,-1.570796
56,42,-2.356194
56,50,0.000000
56,62,-0.785398
56,85,1.570796
57,23,-1.570796
57,37,-0.785398
57,58,0.785398
57,71,-1.892547
57,79,-0.785398
57,85,-0.321751
58,3,-0.321751
58,27,2.356194
58,37,2.356194
58,48,0.785398
58,59,2.819842
58,80,-0.785398
58,90,2.356194
59,9,1.249046
59,33,1.249046
59,34,2.356194
59,52,2.819842
59,55,0.785398
59,68,0.000000
59,69,-1.570796
59,70,3.141593
59,77,1.570796
59,87,-1.249046
59,88,-2.356194
59,90,3.141593
60,13,-1.892547
60,19,2.356194
60,24,0.000000
60,25,-1.892547
60,30,1.249046
60,31,2.356194
60,32,-0.785398
60,33,-1.892547
60,39,1.570796
60,40,2.356194
60,44,1.892547
60,46,1.249046
60,48,3.141593
60,52,-2.356194
60,57,-1.570796
60,59,3.141593
60,67,2.356194
60,71,0.785398
60,72,2.356194
60,73,0.785398
60,74,1.892547
60,78,3.141593
60,81,-0.321751
60,84,-1.570796
60,90,-2.356194
61,15,-1.570796
61,19,-2.819842
61,22,1.249046
61,23,3.141593
61,28,1.249046
61,30,-1.892547
61,52,0.785398
61,67,-2.356194
61,71,-0.785398
61,79,1.570796
61,82,-1.570796
62,7,-1.892547
62,9,0.785398
62,11,-1.570796
62,12,3.141593
62,14,1.570796
62,27,0.000000
62,28,-1.892547
62,33,1.249046
62,34,2.356194
62,36,-0.785398
62,37,-1.570796
62,39,-1.570796
62,40,3.141593
62,46,-1.249046
62,61,1.570796
62,62,2.356194
62,71,0.785398
62,76,2.819842
62,79,-0.321751
63,2,-0.785398
63,14,-2.356194
63,17,0.785398
63,24,1.249046
63,25,2.356194
63,31,0.000000
63,32,-0.785398
63,33,-1.892547
63,42,-0.785398
63,43,-1.892547
63,64,-2.356194
63,71,-0.321751
63,76,-1.570796
63,84,0.000000
63,90,2.356194
64,2,0.785398
64,12,1.570796
64,15,0.785398
64,16,3.141593
64,18,0.000000
64,23,-0.785398
64,24,-1.892547
64,48,-0.785398
64,54,-2.356194
64,77,0.000000
64,81,-1.249046
64,83,2.356194
64,90,3.141593
65,2,-0.321751
65,10,0.000000
65,12,-2.819842
65,15,-0.785398
65,39,0.785398
65,40,1.892547
65,48,0.785398
65,58,-2.356194
65,74,2.819842
65,83,-2.356194
65,86,0.785398
66,15,0.000000
66,18,0.000000
66,19,-2.356194
66,40,-1.249046
66,41,-2.356194
66,42,0.785398
66,43,1.892547
66,49,-2.356194
66,50,-0.785398
66,51,-1.892547
66,74,-1.570796
66,78,-0.321751
66,79,2.819842
66,83,0.785398
66,86,-0.321751
66,90,3.141593
67,8,0.000000
67,9,1.570796
67,11,-2.356194
67,20,0.000000
67,25,3.141593
67,43,-1.249046
67,44,-2.356194
67,63,-2.356194
67,75,1.570796
67,79,-1.570796
67,83,-0.321751
68,2,0.321751
68,6,3.141593
68,12,0.785398
68,13,3.141593
68,23,3.141593
68,28,-0.785398
68,38,0.785398
68,47,3.141593
68,75,-0.321751
68,80,0.000000
68,85,2.819842
68,90,3.141593
69,6,-1.570796
69,9,2.356194
69,21,0.321751
69,26,2.356194
69,36,3.141593
69,49,0.785398
69,65,0.785398
69,69,-2.356194
69,81,-1.570796
69,88,-1.570796
69,90,-2.356194
70,2,-0.321751
70,4,-2.819842
70,7,0.785398
70,9,-2.356194
70,12,-0.785398
70,13,3.141593
70,16,1.249046
70,45,3.141593
70,50,-2.356194
70,87,2.356194
71,10,0.785398
71,11,3.141593
71,14,0.785398
71,16,-1.892547
71,18,1.570796
71,20,0.000000
71,21,-2.356194
71,39,0.000000
71,40,3.141593
71,47,0.785398
71,70,0.785398
71,74,1.570796
71,79,2.819842
71,90,2.356194
72,3,-0.785398
72,5,1.570796
72,10,-0.785398
72,14,-0.785398
72,18,0.000000
72,22,0.785398
72,23,3.141593
72,32,1.249046
72,33,2.356194
72,34,3.141593
72,48,-2.356194
72,68,-2.356194
72,74,-0.321751
72,75,2.819842
72,88,-2.356194
72,90,3.141593
73,18,-1.570796
73,22,-1.570796
73,30,1.249046
73,32,-1.892547
73,50,0.785398
73,72,-2.356194
73,75,-1.570796
73,79,-0.321751
73,84,1.570796
73,90,-2.356194
74,5,2.356194
74,9,1.570796
74,21,1.570796
74,25,-1.570796
74,29,0.000000
74,30,-1.892547
74,51,-2.356194
74,69,0.785398
74,76,1.570796
74,81,2.819842
74,84,-0.321751
74,85,2.819842
75,3,0.000000
75,7,1.249046
75,9,3.141593
75,13,2.356194
75,16,0.321751
75,20,0.000000
75,21,-2.356194
75,28,-0.785398
75,35,3.141593
75,41,0.000000
75,44,3.141593
75,70,-2.356194
75,73,0.785398
75,76,-0.321751
75,81,-1.570796
75,85,-1.570796
76,13,-2.819842
76,32,1.249046
76,33,3.141593
76,58,0.785398
76,63,0.785398
76,82,1.570796
76,86,1.570796
77,31,-0.785398
77,32,-1.892547
77,68,1.570796
77,71,0.785398
77,79,2.819842
77,83,3.141593
77,87,3.141593
78,5,0.321751
78,14,0.321751
78,18,-2.819842
78,36,1.249046
78,37,2.356194
78,38,3.141593
78,40,0.000000
78,42,3.141593
78,56,0.785398
78,68,-0.321751
78,69,2.819842
78,72,-2.356194
78,79,-1.570796
78,89,3.141593
79,14,-1.570796
79,20,-0.785398
79,34,0.000000
79,35,-0.785398
79,36,-1.892547
79,44,0.000000
79,69,-1.570796
79,76,1.570796
79,80,1.570796
80,2,-1.570796
80,4,0.321751
80,7,-2.819842
80,9,0.321751
80,11,3.141593
80,16,0.321751
80,17,-2.819842
80,26,0.785398
80,46,-2.356194
80,58,-2.356194
80,62,-2.356194
80,73,0.785398
80,76,-0.321751
80,77,2.819842
80,80,-0.321751
80,85,0.000000
81,9,-0.785398
81,14,3.141593
81,19,1.570796
81,37,3.141593
81,67,1.570796
81,74,-2.356194
81,77,-1.570796
81,82,2.819842
81,88,-2.819842
82,4,0.000000
82,9,2.356194
82,12,-0.785398
82,16,-2.819842
82,35,-0.785398
82,40,0.000000
82,43,3.141593
82,67,-0.321751
82,68,2.819842
82,71,1.570796
82,82,-2.356194
83,4,-1.570796
83,68,-1.570796
83,71,-0.321751
83,78,-1.570796
83,82,0.785398
83,86,0.321751
83,88,2.819842
84,7,0.321751
84,10,0.785398
84,12,-1.570796
84,15,-2.819842
84,22,2.356194
84,73,2.819842
84,76,1.570796
84,82,-0.321751
84,86,-0.785398
85,10,-0.785398
85,25,2.356194
85,29,2.356194
85,33,1.570796
85,73,-2.356194
85,84,2.819842
85,87,-0.785398
85,89,2.819842
86,2,0.321751
86,5,1.570796
86,10,2.356194
86,21,-1.570796
86,28,-0.785398
86,33,-1.570796
86,81,1.570796
86,84,-1.570796
86,89,-2.356194
87,2,-0.785398
87,9,0.321751
87,10,-2.819842
87,24,2.356194
87,74,1.570796
87,85,1.570796
87,89,2.356194
88,9,-0.785398
88,20,2.356194
88,24,-2.819842
88,27,2.356194
88,74,-0.321751
88,75,2.819842
88,86,-2.356194
88,87,0.785398
88,89,-2.819842
89,22,0.321751
89,75,-2.356194
90,22,-0.785398
90,41,3.141593
90,68,0.785398
90,72,1.570796
90,78,0.785398
91,5,3.141593
91,22,-1.570796
91,72,-0.321751
91,73,2.819842
91,78,-0.785398
92,3,-0.785398
92,6,0.785398
92,7,3.141593
92,11,2.356194
92,18,-1.570796
92,77,0.000000
92,80,-2.356194
93,6,-0.785398
93,10,0.321751
93,11,-2.819842
93,14,-1.570796
93,32,2.356194
93,70,-2.356194
93,73,-0.321751
93,74,2.819842
93,77,0.785398
93,80,0.785398
94,17,1.570796
94,28,1.570796
94,67,1.570796
94,74,-1.570796
94,77,-0.321751
94,78,2.819842
94,80,-0.321751
94,81,2.819842
94,88,2.356194
95,3,0.785398
95,8,1.249046
95,17,-1.570796
95,20,1.570796
95,25,-1.570796
95,78,-2.356194
95,86,2.356194
95,87,-0.785398
96,4,-2.356194
96,5,-0.785398
96,6,-1.570796
96,8,-1.892547
96,12,1.570796
96,31,-1.570796
96,34,-1.570796
96,72,1.570796
96,78,0.785398
96,80,0.000000
96,81,-1.570796
96,82,-2.356194
96,84,-0.785398
96,85,-1.892547
97,16,1.570796
97,20,-1.570796
97,37,1.570796
97,68,-1.570796
97,72,-1.570796
97,79,-2.356194
98,12,-1.570796
98,16,-1.570796
98,27,-1.570796
98,37,-1.570796
98,76,-1.570796
