5,45,1.249046
5,46,2.356194
6,41,2.356194
6,52,0.785398
6,53,2.356194
6,56,0.785398
6,57,1.570796
6,58,2.356194
7,27,3.141593
7,45,-2.356194
7,52,-0.785398
7,74,1.570796
8,23,0.785398
8,24,1.892547
8,39,0.321751
9,16,1.249046
9,17,3.141593
9,37,1.570796
9,42,2.819842
9,81,1.570796
10,28,-2.356194
10,33,1.249046
10,35,1.892547
10,45,0.785398
10,72,0.321751
11,14,-0.785398
11,45,-0.321751
12,31,-1.570796
12,38,-1.249046
12,59,0.785398
12,60,1.892547
12,72,3.141593
13,25,0.321751
13,27,-2.356194
13,29,0.785398
13,30,2.356194
13,36,2.356194
13,60,-1.249046
13,61,-2.356194
13,70,-1.570796
13,72,-2.356194
14,18,0.000000
14,19,1.570796
14,25,-0.785398
14,34,0.000000
14,44,2.356194
15,21,-2.356194
15,26,1.570796
15,30,0.000000
15,32,1.892547
15,36,-1.249046
15,37,-2.356194
15,39,-0.785398
15,40,-1.892547
15,56,0.785398
15,57,1.570796
15,58,2.356194
16,11,3.141593
16,19,-0.321751
16,26,-0.321751
16,30,-1.570796
16,43,0.785398
16,47,-1.249046
16,48,-2.356194
16,49,0.785398
16,50,1.892547
16,69,-2.356194
16,70,-0.785398
16,71,-1.570796
16,72,-2.356194
16,75,-0.785398
16,76,-1.892547
17,8,0.321751
17,27,-1.249046
17,32,-0.785398
17,34,-1.249046
17,36,1.892547
17,43,-0.321751
17,50,-1.249046
17,51,-2.356194
17,56,1.570796
17,62,0.785398
17,63,2.356194
17,64,0.785398
17,65,1.570796
18,8,-1.570796
18,20,-0.785398
18,23,0.000000
18,24,1.892547
18,32,2.356194
18,36,-1.249046
18,37,3.141593
18,44,-1.249046
18,45,3.141593
18,53,-0.785398
18,54,-1.570796
18,56,-2.356194
18,68,1.570796
19,21,1.570796
19,25,-2.356194
19,27,0.785398
19,39,0.785398
19,40,1.892547
19,46,0.785398
19,47,2.356194
19,57,0.000000
19,58,1.892547
19,61,0.000000
19,62,-1.570796
19,63,-2.356194
19,64,0.000000
19,68,0.000000
20,35,0.785398
20,36,1.892547
20,60,0.000000
20,88,2.819842
21,7,0.785398
21,16,0.785398
21,17,2.356194
21,46,3.141593
21,58,-1.570796
21,74,0.785398
21,75,2.356194
21,88,-2.356194
22,7,-0.785398
22,8,3.141593
22,16,-0.785398
22,18,0.000000
22,19,1.892547
22,24,-1.249046
22,25,-2.356194
22,28,3.141593
22,31,0.000000
22,62,0.000000
22,74,-0.785398
22,77,0.000000
22,78,1.570796
22,79,2.356194
22,84,0.321751
23,19,-1.249046
23,21,1.892547
23,40,-1.249046
23,41,3.141593
23,47,-2.356194
23,55,2.356194
23,60,0.785398
23,65,-2.356194
23,69,-1.249046
23,70,-2.356194
23,71,0.785398
23,72,1.892547
23,74,2.356194
23,80,1.570796
23,84,-1.570796
24,16,0.785398
24,23,0.785398
24,24,1.892547
24,29,-2.356194
24,42,0.000000
24,43,1.892547
24,81,3.141593
24,83,0.785398
25,17,-2.356194
25,24,-1.249046
25,25,3.141593
25,31,-1.249046
25,33,1.892547
25,43,-1.249046
25,45,1.892547
25,55,-1.249046
25,56,-2.356194
25,62,-1.249046
25,63,-2.356194
25,75,-2.356194
25,78,2.356194
25,87,-0.785398
25,89,2.819842
26,26,0.000000
26,27,0.785398
26,28,1.892547
26,33,-1.249046
26,35,-1.570796
26,45,-1.249046
26,47,1.892547
26,72,0.000000
26,77,-0.785398
26,89,-2.356194
27,23,1.570796
27,24,2.356194
27,28,-1.249046
27,29,-2.356194
27,37,-1.570796
27,47,-1.249046
27,49,1.892547
27,72,-0.785398
28,18,3.141593
28,32,0.785398
28,33,1.892547
28,49,-1.249046
28,50,-2.356194
28,69,2.356194
28,72,2.356194
29,5,0.321751
29,8,2.356194
29,11,0.785398
29,12,1.892547
29,22,-2.356194
29,33,-1.249046
29,34,-2.356194
29,38,2.356194
29,45,0.785398
29,46,1.892547
29,68,-0.785398
29,69,-2.356194
29,72,-2.819842
30,5,-0.785398
30,12,-1.249046
30,13,-2.356194
30,14,0.785398
30,15,1.892547
30,24,0.000000
30,25,3.141593
30,27,0.000000
30,28,0.785398
30,29,1.892547
30,46,-1.249046
30,47,3.141593
30,58,-2.356194
30,61,0.785398
31,15,-1.249046
31,16,-2.356194
31,19,3.141593
31,29,-1.249046
31,30,-2.356194
31,31,0.785398
31,32,1.892547
31,38,-1.249046
31,39,-2.356194
31,50,0.785398
31,51,1.570796
31,52,2.356194
31,54,3.141593
31,62,0.000000
31,63,1.892547
31,70,-0.785398
31,79,2.356194
32,21,0.000000
32,23,0.785398
32,24,1.892547
32,32,-1.249046
32,33,-2.356194
32,56,0.785398
32,81,2.356194
32,90,2.356194
33,14,0.785398
33,15,1.892547
33,24,-1.249046
33,25,-2.356194
33,52,-2.356194
33,57,0.000000
33,58,1.892547
33,80,-1.892547
33,90,3.141593
34,5,0.785398
34,15,-1.249046
34,16,-2.356194
34,32,3.141593
34,38,0.000000
34,39,1.892547
34,47,0.000000
34,48,1.892547
34,58,-1.249046
34,59,-2.356194
34,67,1.570796
34,68,2.356194
34,70,-0.785398
34,71,-1.570796
34,72,-2.356194
34,75,0.785398
34,90,-2.356194
35,5,0.000000
35,22,3.141593
35,34,0.000000
35,35,3.141593
35,39,-1.249046
35,40,-2.356194
35,90,2.356194
36,5,-0.785398
36,24,0.000000
36,62,0.321751
36,65,-1.249046
36,76,-0.321751
36,78,2.356194
36,89,0.000000
36,90,-2.356194
37,31,0.785398
37,32,1.892547
37,55,-2.356194
37,62,-0.785398
37,82,0.000000
37,83,1.892547
37,88,1.570796
38,33,-2.356194
38,35,3.141593
38,37,0.000000
38,48,-1.249046
38,49,-2.356194
38,62,-1.570796
38,91,2.356194
39,5,0.785398
39,41,0.785398
39,42,1.892547
39,88,-1.249046
39,91,-2.819842
40,5,0.000000
40,17,0.785398
40,18,1.892547
40,30,-0.785398
40,55,3.141593
40,78,0.785398
40,83,-2.819842
41,5,-0.785398
41,18,-1.249046
41,19,-2.356194
41,42,-1.570796
41,79,3.141593
42,29,0.785398
42,30,1.892547
42,41,0.000000
42,50,0.785398
42,51,1.892547
43,5,0.785398
43,12,1.249046
43,13,2.356194
43,33,3.141593
43,43,0.785398
43,44,1.892547
43,51,-1.249046
43,52,-2.356194
43,55,3.141593
43,79,0.321751
43,83,2.356194
43,91,2.356194
44,5,0.000000
44,11,-0.785398
44,12,-1.892547
44,23,3.141593
44,34,0.000000
44,35,1.892547
44,44,-1.249046
44,46,1.892547
44,79,-0.785398
44,88,0.000000
44,89,1.570796
45,5,-0.785398
45,26,1.570796
45,31,0.785398
45,38,3.141593
45,40,0.785398
45,46,-1.249046
45,47,-2.356194
45,83,1.570796
46,31,-0.321751
46,42,0.785398
46,43,1.892547
46,52,3.141593
46,83,-0.321751
47,4,0.321751
47,6,-2.356194
47,32,-1.249046
47,33,-2.356194
47,34,-0.785398
47,54,0.000000
47,55,3.141593
47,84,-1.249046
47,85,-2.356194
47,86,0.785398
48,4,-0.785398
48,24,-0.785398
48,25,-1.570796
48,26,-2.356194
48,36,-1.249046
48,37,-2.356194
48,47,0.785398
48,48,1.892547
48,79,-1.570796
49,32,0.785398
49,33,1.892547
49,43,3.141593
49,48,-1.249046
49,49,-2.356194
49,50,3.141593
49,82,0.785398
49,88,-1.249046
49,89,-2.356194
50,33,-1.249046
50,34,-2.356194
50,35,3.141593
50,52,0.000000
50,53,3.141593
50,91,-2.356194
51,4,0.785398
51,44,-2.356194
51,84,1.570796
52,4,-0.321751
52,6,2.356194
52,32,3.141593
52,48,3.141593
52,58,0.000000
53,40,0.000000
53,41,0.785398
53,42,1.892547
53,63,0.785398
53,64,1.570796
53,65,2.356194
53,66,0.785398
54,14,3.141593
54,42,-1.249046
54,43,-2.356194
54,44,3.141593
54,54,0.785398
55,4,0.321751
55,6,-2.356194
55,23,0.000000
55,33,3.141593
55,46,0.000000
55,47,3.141593
55,55,-2.356194
55,64,-2.819842
55,67,0.000000
55,91,-2.356194
56,4,-0.785398
56,37,0.000000
56,39,3.141593
56,59,0.000000
56,62,-0.785398
56,63,-1.892547
56,67,-0.785398
56,80,2.356194
56,86,3.141593
57,18,3.141593
57,41,0.000000
57,45,3.141593
57,52,0.785398
57,67,2.356194
57,75,0.000000
57,86,-1.570796
58,11,1.249046
58,12,2.356194
58,32,1.249046
58,33,2.356194
58,53,0.000000
58,66,0.321751
58,67,-2.819842
58,88,0.785398
59,8,1.249046
59,23,0.000000
59,31,-0.785398
59,32,-1.892547
59,41,3.141593
59,51,0.000000
59,56,3.141593
59,66,-0.785398
59,83,-1.570796
59,89,-2.356194
60,43,0.000000
60,74,0.785398
60,85,0.785398
61,11,1.570796
61,13,1.249046
61,14,2.356194
61,17,3.141593
61,46,0.000000
61,47,1.570796
61,49,1.892547
61,66,0.785398
61,74,0.000000
61,81,2.356194
61,86,-1.570796
62,13,-1.892547
62,25,0.000000
62,49,-1.249046
62,50,-2.356194
62,55,3.141593
62,67,-2.356194
62,68,3.141593
62,80,-0.785398
62,81,-2.356194
62,88,-0.785398
62,90,2.819842
63,8,1.249046
63,9,2.356194
63,10,-0.785398
63,11,-1.892547
63,20,2.356194
63,57,0.000000
63,58,3.141593
63,73,0.321751
63,82,1.570796
63,90,-1.570796
64,5,-0.321751
64,19,-0.785398
64,48,0.000000
64,61,0.000000
64,62,3.141593
64,73,-0.785398
64,82,0.000000
64,84,1.892547
65,28,1.249046
65,29,2.356194
65,55,3.141593
65,66,0.000000
65,67,3.141593
65,82,-1.570796
65,87,0.785398
65,88,1.892547
65,91,2.356194
66,6,0.000000
66,15,3.141593
66,27,-0.785398
66,28,-1.892547
66,38,0.785398
66,39,2.356194
66,57,0.000000
66,58,3.141593
66,81,0.000000
66,88,-1.249046
66,89,-2.356194
66,90,-0.785398
67,6,-0.785398
67,8,-1.249046
67,9,-2.356194
67,38,-0.785398
67,60,0.000000
67,61,0.785398
67,62,1.892547
68,52,3.141593
68,62,-1.249046
68,63,-2.356194
68,64,0.785398
68,65,1.892547
68,77,3.141593
68,84,-1.249046
68,86,1.892547
69,28,0.000000
69,37,-0.785398
69,38,-1.570796
69,39,-2.356194
69,42,3.141593
69,56,2.356194
69,65,-1.249046
69,66,-2.356194
69,67,3.141593
69,73,1.570796
69,86,-1.249046
69,88,1.892547
70,6,0.785398
70,23,1.249046
70,24,2.356194
70,25,3.141593
70,44,0.000000
70,46,3.141593
70,55,-1.570796
70,60,3.141593
70,81,0.000000
70,83,3.141593
71,6,-0.321751
71,8,2.356194
71,51,2.356194
71,53,0.785398
71,63,0.785398
71,72,0.785398
72,23,-2.356194
72,38,3.141593
72,50,-0.785398
72,54,-1.249046
72,55,3.141593
72,66,3.141593
72,72,0.000000
72,91,2.356194
73,7,0.785398
73,23,0.785398
73,34,3.141593
73,36,-0.785398
73,45,0.000000
73,46,3.141593
73,50,-1.570796
73,80,3.141593
73,88,-1.249046
73,91,-2.819842
74,7,0.000000
74,23,-0.785398
74,24,-2.356194
74,62,0.785398
74,63,1.892547
74,73,-2.356194
75,7,-0.785398
75,41,0.000000
75,63,-1.249046
75,64,-2.356194
75,75,1.570796
75,89,1.570796
76,7,2.356194
76,32,2.356194
76,47,-2.356194
76,54,0.000000
76,56,0.785398
76,57,1.570796
76,58,2.356194
76,69,0.785398
76,70,1.892547
76,75,0.000000
76,78,3.141593
76,84,1.249046
77,70,-1.249046
77,71,-2.356194
77,72,3.141593
77,75,-0.785398
77,84,-1.892547
77,89,-1.249046
78,65,0.785398
78,66,1.892547
78,75,-1.570796
78,82,-0.785398
78,91,-2.356194
79,4,-0.321751
79,23,-0.785398
79,33,0.000000
79,37,3.141593
79,41,1.570796
79,57,-2.356194
79,68,2.356194
79,69,0.785398
79,70,1.892547
79,77,0.000000
79,86,-1.570796
79,91,2.356194
80,18,2.356194
80,48,0.000000
80,50,3.141593
80,72,3.141593
80,79,-2.356194
80,91,-2.819842
81,7,3.141593
81,61,0.000000
81,63,0.785398
81,64,1.570796
81,82,-2.356194
82,7,-2.356194
82,15,1.570796
82,20,2.356194
82,28,3.141593
82,36,0.000000
82,38,3.141593
82,55,1.570796
82,59,1.570796
82,66,-1.249046
82,67,-2.356194
82,75,0.000000
82,77,0.785398
82,78,1.892547
82,90,-2.356194
83,14,0.321751
83,24,1.249046
83,25,3.141593
83,33,3.141593
83,59,0.785398
83,64,2.356194
83,70,-1.249046
83,71,-2.356194
83,86,0.000000
83,87,0.000000
83,90,2.356194
84,17,3.141593
84,30,0.000000
84,43,3.141593
84,60,-2.356194
84,63,-0.785398
84,64,-2.356194
84,74,3.141593
84,79,-1.249046
84,80,-2.356194
84,82,3.141593
85,16,-1.892547
85,27,2.356194
85,65,-2.356194
85,91,2.819842
86,5,1.892547
86,7,2.356194
86,21,-0.785398
86,50,0.000000
86,51,3.141593
86,54,-0.785398
86,72,0.785398
86,79,0.785398
86,91,-2.356194
87,12,-1.570796
87,41,0.000000
87,43,3.141593
87,80,-2.356194
87,87,0.785398
87,91,-1.570796
88,3,-0.321751
88,22,0.000000
88,29,0.000000
88,31,3.141593
88,82,0.785398
88,88,0.000000
88,89,1.892547
89,11,2.819842
89,20,1.249046
89,21,3.141593
89,45,0.000000
89,46,3.141593
89,74,-1.570796
89,76,1.570796
89,83,-2.356194
89,89,-1.249046
89,90,3.141593
90,15,1.249046
90,16,2.356194
90,19,-0.785398
90,20,-1.892547
90,25,1.249046
90,26,2.356194
90,27,3.141593
90,33,2.356194
90,41,2.356194
90,76,-1.570796
90,79,0.785398
91,7,-1.892547
91,14,0.321751
91,23,1.249046
91,25,-1.892547
91,32,-0.785398
91,65,0.000000
91,66,3.141593
92,37,-0.785398
92,46,1.249046
92,47,2.356194
92,48,3.141593
92,88,0.785398
92,91,2.356194
93,5,-2.356194
93,14,-0.321751
93,17,1.892547
93,20,1.249046
93,22,-1.892547
93,27,1.249046
93,28,2.356194
93,29,3.141593
93,43,0.000000
93,45,-0.785398
93,46,-1.892547
93,90,-0.785398
94,5,0.785398
94,9,-0.321751
94,19,-0.785398
94,20,-1.892547
94,27,-1.892547
94,32,2.356194
94,61,0.000000
94,65,3.141593
95,5,-0.321751
95,7,2.356194
95,25,-1.570796
95,38,3.141593
95,48,3.141593
96,10,-1.892547
96,17,-1.570796
96,24,0.785398
96,35,1.249046
96,36,3.141593
96,80,0.000000
97,8,-1.892547
97,25,1.570796
97,34,0.000000
97,35,-1.892547
97,60,0.000000
97,61,3.141593
97,74,0.000000
97,76,3.141593
97,83,-2.356194
97,88,0.000000
97,89,1.892547
98,26,-2.356194
98,33,-0.785398
98,38,0.000000
98,89,-1.249046
98,90,-2.356194
98,91,3.141593
