9,27,1.249046
9,28,2.356194
9,44,0.785398
9,45,1.570796
9,46,2.356194
11,23,1.249046
11,24,3.141593
11,27,-1.570796
12,22,-0.785398
12,58,2.356194
13,45,2.356194
13,56,0.321751
13,70,0.000000
13,71,1.892547
14,45,3.141593
14,56,-0.785398
14,77,0.785398
15,12,0.321751
15,14,3.141593
15,56,2.356194
15,78,-2.356194
16,12,-0.785398
16,43,0.000000
16,54,1.249046
16,56,3.141593
17,12,2.356194
17,53,0.000000
17,54,-1.892547
17,56,-2.356194
18,40,1.249046
18,41,2.356194
18,52,1.570796
18,79,2.819842
19,43,-1.249046
19,48,-1.570796
19,52,3.141593
19,79,-2.356194
21,8,0.321751
21,38,-0.785398
21,39,-1.570796
21,40,-2.356194
21,43,0.785398
21,49,0.000000
21,52,-2.819842
21,80,2.819842
22,8,-0.785398
22,44,-1.249046
22,46,-1.570796
22,63,0.321751
22,80,-1.570796
23,17,1.570796
23,51,3.141593
23,63,-0.785398
24,17,0.000000
24,23,1.570796
24,34,1.249046
24,35,2.356194
24,36,0.785398
24,37,1.570796
24,38,2.356194
24,43,0.785398
24,44,1.892547
25,17,-0.785398
25,23,0.000000
25,33,-0.785398
25,34,-1.892547
25,44,-1.249046
25,45,-2.356194
26,26,2.356194
26,51,-1.249046
26,52,-2.356194
26,55,-0.785398
26,56,-1.570796
26,58,1.892547
26,81,2.356194
27,17,0.785398
27,25,-1.892547
27,36,-0.785398
27,37,-1.570796
27,38,-2.356194
27,58,-1.249046
27,59,-2.356194
27,60,0.785398
28,17,0.000000
28,23,-1.892547
28,50,0.000000
28,54,3.141593
28,64,1.892547
28,67,0.000000
28,68,-1.892547
29,19,0.000000
29,20,-0.785398
29,21,-1.892547
29,44,0.785398
29,45,1.892547
29,56,0.000000
29,66,2.356194
30,18,-2.356194
30,33,2.356194
30,37,0.000000
30,38,3.141593
30,41,-0.785398
30,45,-1.249046
30,46,-2.356194
30,52,3.141593
30,61,-1.249046
30,62,-2.356194
30,63,-0.785398
31,29,1.249046
31,30,2.356194
31,54,0.000000
31,56,3.141593
32,18,1.249046
32,19,2.356194
32,26,0.785398
32,27,1.570796
32,29,-1.892547
32,38,1.249046
32,39,2.356194
32,49,3.141593
32,58,0.000000
32,68,-1.892547
33,13,0.000000
33,14,-1.892547
33,23,0.000000
33,36,0.000000
33,37,-0.785398
33,38,-1.892547
33,53,0.000000
33,54,3.141593
33,65,-0.785398
34,12,1.570796
34,16,0.321751
34,26,-0.785398
34,32,3.141593
34,56,0.000000
34,62,3.141593
34,67,0.000000
35,12,-2.819842
35,16,-1.570796
35,20,2.356194
35,36,0.000000
35,42,3.141593
35,52,0.000000
35,53,3.141593
35,59,3.141593
35,64,0.000000
35,70,0.785398
35,71,1.570796
35,73,-1.892547
36,19,0.785398
36,22,2.356194
36,26,0.000000
36,32,2.356194
36,61,0.785398
36,66,-2.356194
37,4,0.785398
37,18,-0.785398
37,21,0.000000
37,29,0.000000
37,41,0.000000
37,48,3.141593
37,63,3.141593
37,68,0.785398
38,4,0.000000
38,8,-0.785398
38,9,-1.892547
38,59,0.000000
38,65,0.000000
38,70,0.000000
39,4,-0.785398
39,22,-1.570796
39,32,0.000000
39,33,0.785398
39,45,1.570796
39,62,3.141593
39,71,0.000000
39,72,1.892547
39,82,2.356194
40,11,3.141593
40,27,2.356194
40,34,-1.570796
40,52,0.000000
40,54,3.141593
40,68,0.000000
40,74,2.356194
40,82,3.141593
41,4,0.785398
41,10,-1.570796
41,15,3.141593
41,19,2.356194
41,26,-0.785398
41,35,-2.356194
41,60,0.000000
41,71,0.000000
41,82,-2.356194
42,4,0.000000
42,18,-0.785398
42,67,-1.570796
42,72,-0.785398
43,4,-0.785398
43,27,2.356194
43,59,0.000000
44,26,-0.785398
44,45,2.356194
44,61,-2.356194
44,66,0.000000
44,67,1.892547
45,4,0.785398
45,9,1.570796
45,42,0.000000
45,45,3.141593
45,67,-1.249046
45,68,3.141593
46,4,-0.321751
46,6,2.356194
46,8,-0.785398
46,19,0.000000
46,34,1.570796
46,45,-2.356194
46,69,-2.356194
48,22,-2.356194
48,39,0.785398
48,46,0.000000
48,64,0.785398
49,5,0.785398
49,12,2.356194
49,35,-2.356194
49,40,-2.356194
49,58,0.000000
49,71,1.570796
50,5,0.000000
50,14,1.570796
50,25,0.785398
50,46,-0.785398
50,61,-2.356194
50,81,-0.785398
50,83,2.819842
51,5,-0.785398
51,27,3.141593
51,49,1.570796
51,72,-2.356194
51,83,-2.356194
52,12,1.249046
52,13,3.141593
52,49,-0.321751
52,50,2.819842
52,66,1.570796
52,70,0.000000
53,5,0.785398
53,22,3.141593
53,33,0.000000
53,50,-1.570796
53,66,-1.570796
53,71,-1.249046
53,73,1.892547
53,83,2.356194
54,5,-0.321751
54,7,2.356194
54,10,-0.785398
54,11,-1.892547
54,20,1.570796
54,27,1.570796
54,51,1.570796
54,73,-1.249046
54,74,-2.356194
54,83,3.141593
55,19,0.000000
55,27,-1.570796
55,52,-2.356194
55,70,0.785398
55,83,-2.356194
56,18,1.570796
56,33,0.321751
56,35,2.819842
56,55,3.141593
56,71,0.000000
56,72,1.892547
57,6,0.785398
57,18,3.141593
57,35,-2.356194
57,63,0.785398
57,67,0.000000
57,72,-1.249046
57,73,3.141593
57,83,2.356194
58,6,0.000000
58,12,3.141593
58,16,3.141593
58,18,-2.356194
58,34,-2.356194
58,40,3.141593
58,59,1.570796
58,64,0.000000
58,65,1.892547
58,69,-2.356194
58,83,3.141593
59,6,-0.785398
59,15,-1.570796
59,38,-0.785398
59,65,-1.249046
59,66,3.141593
59,83,-2.356194
60,14,-0.785398
60,59,-1.570796
60,67,-2.356194
61,17,1.570796
61,23,2.356194
61,34,2.356194
61,45,1.570796
61,50,0.785398
61,55,0.000000
61,56,3.141593
61,72,0.000000
61,83,2.356194
62,16,0.321751
62,17,-2.819842
62,19,1.570796
62,22,-0.785398
62,51,-2.356194
62,64,0.000000
62,83,3.141593
63,16,-1.570796
63,71,0.785398
63,83,-2.356194
64,15,-0.785398
64,30,0.000000
64,67,0.000000
64,68,1.892547
65,59,2.356194
65,68,-1.249046
65,69,3.141593
65,74,0.785398
66,36,0.000000
66,41,3.141593
66,49,0.000000
66,58,-0.785398
66,83,2.356194
67,27,3.141593
67,50,-2.356194
67,71,1.570796
67,81,0.785398
67,83,-2.819842
68,19,1.570796
68,50,-1.570796
68,63,-2.356194
69,15,1.570796
69,73,-1.249046
70,15,-2.819842
70,31,-0.785398
71,34,0.785398
71,59,-2.356194
71,66,0.785398
71,82,2.356194
72,16,1.249046
72,17,3.141593
72,24,-1.570796
72,27,1.570796
72,35,2.819842
72,71,0.000000
72,82,3.141593
73,33,-0.785398
73,35,-1.570796
73,64,1.570796
73,68,0.000000
73,82,-2.356194
74,20,2.356194
74,23,1.570796
74,27,2.356194
74,36,-2.356194
74,39,1.570796
74,69,-1.570796
75,19,1.570796
75,23,2.356194
75,26,0.321751
75,27,-2.819842
75,65,0.000000
75,66,1.892547
75,82,2.356194
76,19,-2.819842
76,22,0.000000
76,26,-0.785398
76,39,-1.570796
76,58,-0.785398
76,61,0.000000
76,62,1.892547
76,80,0.785398
76,82,-2.819842
77,8,-0.785398
77,21,1.570796
77,32,1.570796
77,62,-1.249046
78,21,-2.819842
78,42,0.000000
78,45,3.141593
78,64,-1.570796
78,81,2.356194
79,23,1.570796
79,29,1.570796
79,69,-1.249046
79,70,-2.356194
79,81,3.141593
80,9,-0.785398
80,23,2.356194
80,29,-1.570796
80,32,-1.570796
80,35,1.570796
80,61,0.785398
80,66,0.785398
80,67,2.356194
80,81,-2.356194
81,23,-2.819842
81,35,-1.570796
81,52,1.249046
81,53,2.356194
81,54,3.141593
81,66,-0.785398
82,38,1.570796
82,51,-0.785398
82,52,-1.892547
83,29,1.570796
83,49,-0.785398
83,67,1.570796
84,25,2.356194
84,29,-1.570796
84,38,-1.570796
84,58,0.785398
84,59,1.892547
84,67,-0.321751
84,70,2.356194
85,10,-0.785398
85,25,-2.819842
85,31,1.570796
85,56,0.785398
85,57,2.356194
85,60,2.819842
85,68,-1.249046
85,70,3.141593
86,44,1.570796
86,57,-1.570796
86,60,-1.570796
86,63,0.785398
86,70,-1.570796
87,58,-2.356194
87,64,-0.785398
87,65,-1.570796
87,66,3.141593
88,11,-0.785398
88,55,-1.570796
88,80,1.570796
89,31,2.356194
89,48,1.570796
89,73,1.570796
89,79,0.000000
90,15,-1.570796
90,31,-2.819842
90,44,-1.570796
90,57,0.785398
90,60,0.785398
91,18,-0.785398
91,41,1.570796
91,71,2.356194
91,72,-0.785398
91,73,-1.892547
92,53,1.570796
92,66,1.570796
92,69,0.000000
92,70,-1.892547
94,28,-1.570796
94,41,2.356194
94,60,0.000000
94,63,-2.356194
94,65,-0.785398
94,66,-1.892547
95,41,-2.819842
95,54,0.785398
96,39,-0.785398
96,60,-0.785398
97,51,-0.785398
97,52,-1.570796
97,54,-1.892547
