6,36,1.249046
6,37,2.356194
6,51,1.249046
6,52,2.356194
6,59,0.785398
6,60,1.892547
7,25,1.249046
7,26,2.356194
7,45,0.785398
7,46,2.356194
9,36,0.000000
9,44,0.321751
9,51,0.000000
9,58,1.249046
9,60,3.141593
10,38,-2.356194
10,44,-1.570796
10,60,-2.356194
10,73,2.356194
11,40,0.785398
11,41,1.892547
11,43,1.570796
12,24,1.892547
12,26,1.249046
12,28,1.892547
12,34,1.249046
12,43,-2.356194
12,53,-1.249046
12,57,-2.356194
13,81,2.356194
14,21,0.321751
14,24,-1.892547
14,26,-1.249046
14,28,-1.892547
14,42,2.819842
15,33,-1.249046
15,42,-2.356194
15,52,0.000000
15,57,-1.249046
15,58,-2.356194
15,62,1.892547
16,9,0.321751
16,11,3.141593
16,38,-1.249046
16,42,2.356194
16,47,1.570796
16,53,-1.570796
16,64,2.356194
16,68,-2.356194
17,9,-0.785398
17,25,1.249046
17,26,2.356194
17,27,3.141593
17,47,-0.785398
17,48,-2.356194
17,55,2.356194
18,9,2.356194
18,43,0.785398
18,56,0.000000
18,57,1.892547
18,63,-2.819842
19,27,1.570796
19,28,2.356194
19,29,0.785398
19,30,1.892547
19,34,1.249046
19,38,1.892547
19,43,-1.570796
19,57,-1.249046
19,58,-2.356194
19,84,2.356194
20,7,0.321751
20,23,-0.785398
20,24,-1.892547
20,40,-1.570796
20,42,2.356194
20,45,-1.570796
20,48,0.785398
20,49,1.892547
20,54,-0.321751
20,68,0.785398
21,7,-0.785398
21,16,0.000000
21,17,1.570796
21,18,2.356194
21,19,0.785398
21,29,-0.785398
21,30,-1.892547
21,49,-1.249046
21,50,3.141593
21,68,-0.321751
21,71,1.249046
22,35,-1.249046
22,36,-2.356194
22,51,0.000000
22,52,1.892547
22,56,-1.249046
22,58,2.356194
22,60,-1.249046
22,61,-2.356194
22,65,0.785398
23,23,2.356194
23,27,-2.356194
23,38,-1.249046
23,39,-2.356194
23,41,-0.785398
23,42,-1.892547
23,47,0.785398
23,48,1.892547
23,73,3.141593
24,14,1.570796
24,48,-1.249046
24,49,3.141593
24,53,-1.249046
24,54,3.141593
24,58,-0.321751
24,64,1.570796
24,66,-0.785398
24,67,-2.356194
24,68,0.785398
24,69,2.356194
24,73,-1.570796
25,7,2.356194
25,14,0.000000
25,16,0.785398
25,64,-0.321751
25,74,1.570796
26,6,0.321751
26,14,-0.785398
26,24,2.356194
26,37,0.785398
26,38,2.356194
26,43,-0.785398
26,44,-1.570796
26,45,3.141593
26,51,0.000000
26,52,1.892547
26,56,0.000000
26,57,1.892547
26,60,-1.249046
26,69,-0.321751
26,70,2.819842
26,74,-0.321751
26,77,0.000000
26,78,-1.892547
27,6,-1.570796
27,8,0.000000
27,9,1.570796
27,23,-0.785398
27,65,-0.321751
28,13,0.000000
28,14,-1.570796
28,15,-2.356194
28,16,-0.785398
28,17,-1.892547
28,29,0.000000
28,36,-0.785398
28,37,-1.570796
28,38,-2.356194
28,48,0.000000
28,49,1.892547
28,62,-0.321751
28,66,-1.249046
28,67,3.141593
28,76,-1.570796
29,20,0.785398
29,41,0.785398
29,42,1.570796
29,43,2.356194
29,49,-1.249046
29,50,-2.356194
29,51,3.141593
29,60,2.819842
29,64,2.819842
29,68,0.000000
29,72,1.570796
29,77,1.570796
30,6,3.141593
30,12,-2.356194
30,20,-0.785398
30,21,-2.356194
30,24,0.785398
30,44,0.785398
30,45,2.356194
30,60,-1.570796
30,64,-1.570796
30,72,-0.321751
30,78,3.141593
30,85,2.356194
31,3,0.321751
31,25,-2.356194
31,31,2.356194
31,33,0.785398
31,34,1.570796
31,36,1.570796
31,37,2.356194
31,40,0.785398
31,48,0.785398
31,49,1.892547
31,61,1.570796
31,74,2.819842
31,85,3.141593
32,3,-0.785398
32,25,-1.570796
32,30,-0.785398
32,41,-1.249046
32,42,-2.356194
32,49,-1.249046
32,50,-2.356194
32,51,0.785398
32,52,1.892547
32,61,-0.321751
32,62,2.819842
32,66,1.570796
32,70,1.570796
32,74,-1.570796
32,85,-2.356194
33,44,-1.249046
33,45,-2.356194
33,52,-1.249046
33,54,1.892547
33,59,2.819842
33,66,-0.321751
33,67,2.819842
33,70,-0.321751
33,71,2.819842
33,85,2.356194
34,3,0.785398
34,6,1.570796
34,31,-2.356194
34,32,3.141593
34,35,-0.785398
34,37,-1.249046
34,38,-2.356194
34,59,-1.570796
34,62,-0.321751
34,67,-1.570796
34,71,-1.570796
34,85,-2.819842
35,5,-0.785398
35,17,1.570796
35,50,0.000000
35,51,1.892547
35,60,1.570796
35,64,2.819842
35,68,1.570796
35,72,1.570796
36,2,0.321751
36,11,1.249046
36,12,2.356194
36,13,3.141593
36,36,0.000000
36,37,1.892547
36,45,0.785398
36,46,1.892547
36,51,-1.249046
36,52,3.141593
36,60,-0.321751
36,61,2.819842
36,68,-0.321751
36,69,2.819842
36,72,-0.321751
36,73,2.819842
36,84,-1.570796
36,85,3.141593
37,2,-0.785398
37,9,1.249046
37,11,-1.892547
37,29,-1.570796
37,30,-2.356194
37,32,3.141593
37,37,-1.249046
37,38,-2.356194
37,40,0.785398
37,41,1.892547
37,46,-1.249046
37,48,1.892547
37,53,0.000000
37,54,1.892547
37,69,-1.570796
37,73,-1.570796
38,2,0.785398
38,8,-0.785398
38,9,-1.892547
38,21,0.000000
38,22,1.570796
38,23,3.141593
38,41,-1.249046
38,43,1.892547
38,48,-1.249046
38,49,3.141593
38,55,2.819842
38,58,-1.249046
38,59,3.141593
38,63,3.141593
38,65,-1.249046
38,66,3.141593
38,81,0.321751
38,82,-2.819842
39,3,-2.356194
39,35,2.356194
39,43,-1.249046
39,45,1.892547
39,50,0.000000
39,51,1.892547
39,55,-1.570796
39,67,1.570796
39,71,1.570796
40,23,3.141593
40,34,-0.785398
40,45,-1.249046
40,46,3.141593
40,51,-1.249046
40,52,3.141593
40,63,0.000000
40,67,-0.321751
40,68,2.819842
40,72,2.819842
40,79,1.249046
40,81,3.141593
41,7,1.249046
41,8,2.356194
41,14,2.356194
41,27,2.356194
41,41,0.000000
41,42,1.892547
41,47,0.000000
41,48,1.892547
41,53,1.570796
41,57,1.570796
41,61,0.785398
41,64,-1.570796
41,68,-1.570796
41,70,0.785398
41,77,1.249046
41,79,-1.892547
41,81,-2.356194
42,5,1.249046
42,7,-1.892547
42,16,0.000000
42,17,3.141593
42,26,-0.785398
42,35,-2.356194
42,42,-1.249046
42,43,3.141593
42,53,-0.321751
42,54,2.819842
42,57,-0.321751
42,61,-0.321751
42,62,2.819842
42,65,1.570796
42,72,-1.570796
42,73,-2.356194
43,3,0.000000
43,4,-0.785398
43,5,-1.892547
43,10,1.249046
43,12,-1.892547
43,15,1.570796
43,39,0.785398
43,54,-1.570796
43,59,2.819842
43,65,-0.321751
43,66,2.819842
43,69,-0.321751
43,81,2.356194
44,8,1.249046
44,10,-1.892547
44,14,0.000000
44,40,0.000000
44,41,1.892547
44,50,-1.249046
44,51,3.141593
44,59,-1.570796
44,62,-0.321751
44,66,-1.570796
44,71,2.819842
44,75,-0.785398
44,88,2.356194
45,6,1.249046
45,8,-1.892547
45,12,1.249046
45,13,3.141593
45,32,0.785398
45,41,-1.249046
45,42,3.141593
45,64,2.819842
45,67,1.570796
45,71,-1.570796
45,83,0.785398
45,84,1.570796
45,88,-2.819842
46,10,1.249046
46,12,-1.892547
46,20,0.785398
46,34,0.785398
46,35,1.570796
46,36,2.356194
46,38,0.785398
46,39,1.892547
46,43,0.000000
46,44,1.892547
46,53,1.570796
46,64,-1.570796
46,67,-0.321751
47,3,0.000000
47,4,-0.785398
47,5,-1.892547
47,15,0.000000
47,16,3.141593
47,21,1.570796
47,39,-1.249046
47,40,3.141593
47,44,-1.249046
47,45,3.141593
47,53,-0.321751
47,58,1.570796
47,61,0.000000
47,73,1.570796
47,79,0.785398
47,86,-1.892547
48,7,1.249046
48,9,-1.892547
48,13,2.356194
48,22,3.141593
48,36,3.141593
48,58,-0.321751
48,59,2.819842
48,62,-1.570796
48,70,2.819842
48,73,-0.321751
48,76,2.356194
48,79,-0.321751
48,83,-0.785398
48,84,-1.892547
49,51,0.000000
49,55,-1.249046
49,56,3.141593
49,59,-1.570796
49,63,1.570796
49,66,0.785398
49,74,-1.249046
49,76,3.141593
50,4,0.000000
50,5,-0.785398
50,6,-1.892547
50,10,1.249046
50,11,3.141593
50,16,3.141593
50,27,3.141593
50,43,-2.356194
50,52,-1.570796
50,60,0.000000
50,63,-0.321751
50,64,2.819842
50,66,-0.321751
50,70,-0.321751
50,76,-2.356194
50,80,-0.785398
51,8,1.249046
51,10,-1.892547
51,14,1.570796
51,34,0.000000
51,35,3.141593
51,45,0.785398
51,53,1.570796
51,61,-2.356194
51,68,2.819842
51,72,2.819842
52,14,-2.819842
52,37,0.785398
52,53,-0.321751
52,56,-2.356194
52,64,-0.321751
52,65,2.819842
52,83,1.249046
53,6,0.000000
53,7,-1.892547
53,11,1.249046
53,13,-1.892547
53,38,-2.356194
53,54,-2.356194
53,65,-1.570796
53,68,-0.321751
53,69,2.819842
53,74,2.356194
53,75,-0.785398
53,77,2.819842
53,87,1.570796
54,4,0.000000
54,9,1.249046
54,11,-1.892547
54,20,3.141593
54,27,3.141593
54,32,0.000000
54,40,0.785398
54,66,1.570796
54,69,-1.570796
54,83,-1.249046
54,87,-2.819842
55,19,-1.570796
55,36,-2.356194
55,46,3.141593
55,53,-0.785398
55,56,3.141593
55,60,0.000000
55,66,-0.321751
55,67,2.819842
55,70,0.000000
55,71,2.356194
55,77,0.000000
56,12,1.249046
56,13,2.356194
56,18,1.570796
56,59,0.000000
56,64,1.570796
56,71,-2.356194
56,73,0.000000
56,77,-1.570796
57,10,1.249046
57,18,-2.819842
57,32,0.000000
57,33,3.141593
57,43,-2.356194
57,47,0.785398
57,51,-2.356194
57,55,0.785398
57,61,2.356194
57,64,-0.321751
57,65,2.819842
57,67,-0.321751
57,68,2.819842
57,71,0.785398
57,73,-1.570796
57,75,0.000000
57,76,2.356194
58,9,0.000000
58,10,-1.892547
58,15,0.000000
58,61,-2.356194
58,65,-2.356194
58,71,-0.321751
58,76,-2.356194
58,81,2.356194
59,4,0.000000
59,5,-1.892547
59,12,-0.785398
59,13,-2.356194
59,17,-2.356194
59,24,2.356194
59,42,0.785398
59,45,0.785398
59,52,0.785398
59,54,0.000000
59,65,0.785398
59,68,-0.321751
59,69,2.819842
59,72,-2.356194
60,3,-0.785398
60,8,-1.570796
60,23,-0.785398
60,46,0.000000
60,47,1.892547
60,65,-0.321751
60,66,2.819842
60,69,-2.356194
60,72,0.785398
60,75,0.000000
60,76,-1.570796
60,78,2.356194
60,84,1.892547
60,86,2.356194
61,17,-1.570796
61,40,0.785398
61,48,2.819842
61,56,0.785398
61,60,1.570796
61,66,-2.356194
61,69,0.785398
61,74,3.141593
61,86,3.141593
62,45,-2.356194
62,48,-1.570796
62,56,-0.321751
62,57,2.819842
62,60,-0.321751
62,61,2.819842
62,64,-2.356194
62,69,-0.321751
62,78,-0.321751
62,84,-1.892547
62,86,-2.356194
63,8,0.785398
63,25,3.141593
63,29,0.000000
63,30,3.141593
63,34,0.000000
63,53,1.570796
63,57,-1.570796
63,61,-1.570796
64,7,1.570796
64,9,-2.356194
64,22,-0.785398
64,43,-2.356194
64,46,0.785398
64,53,-0.321751
64,54,2.819842
64,58,1.570796
64,62,1.570796
64,71,-2.356194
64,79,-0.785398
65,7,-2.819842
65,13,2.356194
65,20,3.141593
65,37,-2.356194
65,54,-1.570796
65,58,-0.321751
65,59,2.819842
65,62,-0.321751
65,63,2.819842
65,80,0.000000
65,81,1.570796
65,83,1.892547
66,5,0.321751
66,18,-0.785398
66,25,0.000000
66,29,3.141593
66,51,-2.356194
66,59,-2.356194
66,63,-1.570796
66,72,1.570796
66,86,2.356194
67,5,-1.570796
67,72,-0.321751
67,77,1.570796
67,80,0.000000
68,3,0.000000
68,49,-2.356194
68,60,1.570796
68,74,2.819842
68,77,-0.321751
68,79,3.141593
69,19,0.000000
69,20,3.141593
69,26,0.000000
69,46,0.785398
69,53,1.570796
69,60,-0.321751
69,61,2.819842
69,74,-1.570796
70,17,2.356194
70,31,3.141593
70,47,-2.356194
70,50,1.570796
70,61,-2.356194
70,79,0.000000
71,33,0.785398
71,50,-1.570796
71,67,1.570796
71,80,-1.249046
72,25,0.000000
72,67,-0.321751
72,68,2.819842
73,4,-0.785398
73,7,1.570796
73,18,2.356194
73,30,3.141593
73,45,1.570796
73,48,1.570796
73,51,1.570796
73,54,0.785398
73,65,1.570796
73,68,-2.356194
73,72,1.570796
74,11,0.000000
74,17,-0.785398
74,45,-1.570796
74,48,-1.570796
74,51,-1.570796
74,54,-0.321751
74,55,2.819842
74,65,0.785398
74,72,-0.321751
74,73,2.819842
75,21,0.000000
75,25,0.785398
75,26,1.892547
75,33,0.785398
75,55,-2.356194
75,65,-0.321751
75,66,2.819842
76,14,1.570796
76,27,2.819842
76,34,-2.356194
76,40,1.570796
76,49,1.570796
76,52,1.570796
76,73,-0.321751
76,74,2.819842
76,79,0.785398
76,80,1.570796
77,14,-1.570796
77,27,-1.570796
77,40,-1.570796
77,49,-1.570796
77,52,-1.570796
77,66,-0.321751
77,67,2.819842
77,74,-1.570796
77,85,2.356194
78,4,-1.570796
78,7,1.570796
78,59,0.785398
78,80,-0.321751
78,85,-2.819842
79,11,2.356194
79,19,0.000000
79,20,3.141593
79,29,-2.356194
79,32,0.785398
79,53,1.570796
79,59,-0.321751
79,60,2.819842
79,67,-0.321751
79,68,2.819842
79,76,1.570796
80,10,-0.785398
80,26,1.570796
80,36,1.570796
80,68,-1.570796
80,78,1.570796
81,5,-0.785398
81,26,-1.570796
81,33,-1.570796
81,36,-1.570796
81,39,-1.570796
81,60,-0.321751
81,61,2.819842
82,9,2.356194
82,51,0.785398
82,78,-0.321751
82,80,-2.819842
83,34,1.570796
83,61,-0.321751
83,62,2.819842
84,7,-0.785398
84,19,0.000000
84,25,3.141593
84,42,1.570796
84,55,0.785398
84,75,1.570796
84,77,0.785398
84,79,-2.819842
85,3,2.356194
85,34,-1.570796
85,55,-0.321751
85,56,2.819842
85,62,-0.321751
85,63,2.819842
85,75,-0.321751
86,6,2.356194
86,10,2.356194
86,42,-1.570796
86,56,-2.356194
86,63,-2.356194
86,72,0.000000
86,73,1.892547
87,2,-1.570796
87,15,3.141593
87,27,0.785398
87,53,-1.570796
87,56,0.785398
87,76,-1.892547
88,32,1.570796
88,56,-0.321751
88,57,2.819842
89,4,-0.785398
89,8,-0.785398
89,13,-1.570796
89,25,1.570796
89,32,-1.570796
89,54,1.570796
89,64,-1.570796
90,29,-2.356194
90,57,-0.321751
90,58,2.819842
90,61,0.785398
90,74,0.785398
91,25,-1.570796
91,58,-2.356194
91,61,-0.321751
91,62,2.819842
91,75,2.819842
91,84,2.356194
92,2,1.570796
92,15,1.570796
92,54,-1.570796
92,62,-2.356194
92,68,1.892547
92,72,0.000000
92,84,-2.819842
93,15,-1.570796
93,19,2.356194
93,66,-0.785398
94,5,1.570796
94,9,1.570796
94,18,1.570796
94,23,1.570796
94,66,0.785398
94,70,2.819842
94,76,-2.356194
94,81,-0.785398
94,82,-1.892547
95,5,2.356194
95,13,1.570796
95,18,-2.819842
95,23,-1.570796
95,66,-0.321751
95,67,2.819842
95,70,-1.570796
96,4,0.321751
96,5,-2.819842
96,16,0.321751
96,63,-1.570796
96,67,-2.356194
96,71,0.000000
97,2,0.785398
97,9,-1.570796
97,16,-0.785398
97,27,1.570796
97,60,-2.356194
97,67,-1.570796
97,72,-1.249046
98,12,-0.785398
98,16,-1.570796
98,27,-1.570796
98,56,0.000000
98,57,3.141593
