14,40,1.249046
14,41,2.356194
14,45,0.785398
14,46,1.570796
14,47,2.356194
14,55,0.785398
14,56,1.570796
14,57,2.356194
15,21,1.249046
15,22,2.356194
15,72,1.570796
16,17,1.249046
16,18,2.356194
16,40,-2.356194
16,76,0.785398
17,16,0.321751
17,21,-1.570796
17,77,-2.356194
18,16,-0.785398
18,77,2.356194
24,17,3.141593
24,70,1.249046
25,45,0.321751
25,47,2.819842
25,72,-2.356194
27,12,0.321751
27,45,-0.321751
27,47,-2.819842
28,12,-1.570796
28,55,0.000000
28,56,-1.570796
28,57,-2.356194
28,59,0.785398
29,41,-2.356194
29,45,-0.785398
29,46,-1.570796
29,48,1.570796
29,49,2.356194
30,23,0.785398
30,24,2.356194
30,35,0.785398
30,36,1.570796
30,37,2.356194
30,38,-0.785398
30,39,-1.892547
30,53,-0.785398
30,54,-1.570796
30,55,-2.356194
30,83,2.819842
31,23,-0.785398
31,57,0.000000
31,58,1.892547
31,83,-1.570796
32,27,0.785398
32,28,1.570796
32,38,2.356194
32,43,0.785398
32,44,1.892547
32,46,1.249046
32,48,-1.570796
32,49,3.141593
32,58,-1.249046
32,64,-2.356194
32,70,0.321751
32,72,2.819842
33,33,1.249046
33,34,2.356194
33,36,-0.785398
33,37,-1.892547
33,72,-2.356194
34,11,0.785398
34,31,-2.356194
34,32,-0.785398
34,33,-1.892547
34,63,-1.249046
34,64,-2.356194
34,70,-0.321751
34,84,2.356194
35,11,-0.785398
35,12,3.141593
35,43,-0.785398
35,44,-1.570796
35,46,-1.570796
35,47,-2.356194
35,66,0.000000
35,67,1.892547
35,71,-1.249046
35,73,1.892547
35,76,0.000000
35,77,-1.892547
36,26,0.321751
36,31,1.249046
36,32,2.356194
36,67,-1.249046
36,69,1.892547
36,75,3.141593
37,26,-0.785398
37,31,-1.892547
37,59,0.785398
37,63,0.000000
37,64,0.785398
37,65,1.892547
37,69,-1.249046
37,70,-2.356194
37,71,0.785398
37,72,2.356194
38,28,-1.892547
38,65,-1.249046
38,67,1.892547
39,26,3.141593
39,31,1.249046
39,32,2.356194
39,33,0.785398
39,39,0.000000
39,42,0.785398
39,43,1.892547
39,46,1.249046
39,47,2.356194
39,59,0.321751
39,67,-1.249046
39,69,1.892547
39,72,-0.321751
40,23,0.000000
40,29,1.249046
40,34,-2.356194
40,53,0.785398
40,54,2.356194
40,70,3.141593
40,74,3.141593
40,77,0.785398
41,18,0.000000
41,19,1.570796
41,20,2.356194
41,27,2.356194
41,28,-0.785398
41,43,-0.785398
41,46,-1.570796
41,53,-0.785398
41,72,0.000000
41,75,0.000000
41,76,0.000000
42,25,0.000000
42,26,-1.892547
42,47,-2.356194
42,62,-2.356194
42,73,0.000000
42,74,2.356194
43,28,1.249046
43,40,3.141593
43,44,0.000000
43,45,3.141593
43,57,0.000000
44,17,2.356194
44,21,2.356194
44,27,-0.785398
44,38,-2.356194
44,42,1.249046
44,43,3.141593
44,47,1.249046
44,48,2.356194
44,55,3.141593
44,68,0.000000
44,74,-0.785398
44,82,0.785398
44,83,1.570796
44,85,-1.570796
44,86,3.141593
45,20,-1.892547
45,29,-2.356194
45,32,0.000000
45,33,0.000000
45,40,0.000000
45,41,-0.785398
45,42,-1.892547
45,46,0.000000
45,47,-1.892547
45,52,0.000000
45,62,-1.570796
45,73,0.000000
45,78,1.570796
46,18,-1.892547
46,22,1.249046
46,23,3.141593
46,27,1.249046
46,35,3.141593
46,50,3.141593
46,57,3.141593
46,65,0.000000
46,67,3.141593
46,74,0.000000
46,83,-2.819842
47,20,1.249046
47,26,-0.785398
47,29,0.000000
47,30,0.000000
47,33,0.000000
47,34,-1.892547
47,42,0.000000
47,52,1.249046
47,53,2.356194
47,59,2.356194
47,78,-1.249046
47,79,-2.356194
47,80,0.785398
48,14,0.321751
48,23,0.000000
48,28,-2.356194
48,32,3.141593
48,37,3.141593
48,40,2.356194
48,51,-0.785398
48,57,0.000000
48,58,0.000000
48,75,0.785398
49,22,3.141593
49,27,0.000000
49,30,0.000000
49,31,-1.892547
49,39,-0.785398
49,44,-0.785398
49,49,-0.785398
49,59,0.000000
49,61,3.141593
49,76,2.819842
49,81,2.356194
50,12,0.785398
50,16,-1.892547
50,21,-1.892547
50,29,3.141593
50,37,2.356194
50,42,3.141593
50,47,3.141593
50,52,0.000000
50,57,0.000000
50,78,0.000000
50,80,-0.785398
50,81,-2.356194
51,27,0.000000
51,28,-1.892547
51,31,1.249046
51,39,1.249046
51,40,3.141593
51,55,3.141593
51,61,0.000000
51,63,3.141593
51,71,0.000000
51,73,-0.785398
51,74,-1.570796
52,9,1.249046
52,14,-2.356194
52,17,0.000000
52,21,1.249046
52,22,3.141593
52,30,0.000000
52,34,3.141593
52,38,0.000000
52,39,-1.892547
52,47,0.000000
52,57,0.000000
52,58,3.141593
52,88,2.356194
53,16,0.000000
53,21,-1.892547
53,24,1.249046
53,25,3.141593
53,29,0.000000
53,33,-1.892547
53,36,1.249046
53,37,3.141593
53,64,1.249046
53,65,2.356194
53,66,3.141593
53,70,0.000000
53,84,0.785398
53,85,2.356194
53,87,-0.785398
53,88,-2.356194
54,11,0.000000
54,19,-1.892547
54,30,0.000000
54,35,0.000000
54,36,-1.892547
54,39,1.249046
54,40,3.141593
54,43,2.356194
54,47,0.000000
54,48,3.141593
54,53,3.141593
54,59,2.356194
54,62,1.249046
54,64,-1.892547
54,77,1.570796
54,80,0.000000
54,84,-0.785398
55,6,0.321751
55,22,0.000000
55,33,0.000000
55,38,0.000000
55,39,-1.892547
55,42,-0.785398
55,58,0.000000
55,82,1.570796
56,6,-0.785398
56,10,0.321751
56,12,-2.356194
56,20,1.249046
56,21,3.141593
56,28,3.141593
56,31,2.356194
56,44,2.356194
56,53,0.000000
56,69,0.000000
56,79,-2.356194
57,14,0.000000
57,15,-1.892547
57,19,0.000000
57,20,-1.892547
57,26,0.000000
57,27,-1.892547
57,33,0.785398
57,39,2.356194
57,64,-2.356194
57,67,3.141593
57,77,-1.570796
58,11,3.141593
58,13,1.570796
58,18,1.570796
58,29,-0.785398
58,34,0.000000
58,35,0.000000
58,38,-0.785398
58,41,0.785398
58,45,0.785398
58,47,0.000000
58,51,1.249046
58,52,2.356194
58,61,0.000000
58,69,2.356194
58,71,0.000000
58,74,0.785398
58,75,1.892547
58,81,0.785398
59,16,1.249046
59,18,-2.356194
59,27,2.356194
59,36,2.356194
59,40,1.570796
59,42,-1.249046
59,43,3.141593
59,49,2.356194
59,50,-0.785398
59,51,-1.892547
59,55,3.141593
59,65,0.000000
59,76,2.819842
60,16,-1.892547
60,23,3.141593
60,32,3.141593
60,35,0.785398
60,46,-1.570796
60,48,-1.892547
60,89,2.356194
61,11,1.570796
61,42,2.356194
61,43,-0.785398
61,53,1.570796
61,64,0.000000
61,76,-0.321751
61,81,1.570796
61,84,1.570796
61,88,-0.785398
61,89,-2.356194
62,5,0.321751
62,7,-2.356194
62,9,0.785398
62,21,0.785398
62,29,1.570796
62,33,0.785398
62,39,-1.892547
62,45,0.000000
62,48,3.141593
62,53,2.356194
62,56,0.000000
62,60,3.141593
62,62,0.785398
62,81,-0.321751
62,82,2.819842
62,84,-0.321751
63,5,-0.785398
63,13,-2.819842
63,20,0.785398
63,23,3.141593
63,26,0.785398
63,50,0.000000
63,52,-0.785398
63,75,1.570796
63,82,-1.570796
63,86,2.819842
64,19,0.000000
64,28,-0.785398
64,34,-2.356194
64,40,3.141593
64,57,0.000000
64,61,3.141593
64,64,-2.356194
64,75,-0.321751
64,80,2.819842
64,86,-1.570796
65,5,0.785398
65,14,0.321751
65,26,-1.892547
65,30,0.000000
65,31,-0.785398
65,37,-1.892547
65,51,0.000000
65,53,3.141593
65,77,2.819842
65,80,-1.570796
65,87,1.570796
65,90,2.356194
66,5,-0.785398
66,6,-2.356194
66,10,-0.785398
66,14,-1.570796
66,19,0.785398
66,33,0.000000
66,34,-0.785398
66,40,0.000000
66,47,3.141593
66,63,0.000000
66,69,0.785398
66,77,-1.570796
66,81,1.570796
66,88,-2.356194
66,90,3.141593
67,25,0.000000
67,27,0.000000
67,31,0.000000
67,32,0.000000
67,36,-2.356194
67,50,0.000000
67,52,3.141593
67,70,-1.570796
67,75,1.570796
67,78,1.570796
67,81,-0.321751
67,82,2.819842
67,85,1.570796
67,90,-2.356194
68,13,0.000000
68,24,3.141593
68,28,0.000000
68,29,3.141593
68,33,0.000000
68,34,3.141593
68,45,0.000000
68,46,3.141593
68,59,0.000000
68,66,3.141593
68,71,1.570796
68,78,-0.321751
68,82,-1.570796
68,85,-0.321751
68,86,2.819842
69,17,-1.570796
69,36,0.000000
69,37,3.141593
69,41,0.000000
69,42,3.141593
69,48,0.000000
69,50,3.141593
69,71,0.000000
69,76,1.570796
69,80,2.819842
69,83,-2.356194
69,86,-1.570796
70,16,3.141593
70,23,0.000000
70,25,0.000000
70,34,0.785398
70,71,-1.570796
70,73,1.570796
70,76,-0.321751
70,77,2.819842
70,80,-1.570796
71,4,0.785398
71,9,1.249046
71,10,3.141593
71,19,3.141593
71,23,-1.570796
71,26,0.785398
71,27,2.356194
71,42,0.000000
71,47,-2.356194
71,61,0.000000
71,64,3.141593
71,66,0.785398
71,70,0.785398
71,73,-0.321751
71,84,0.785398
71,90,2.356194
72,4,0.000000
72,8,-0.785398
72,9,-1.892547
72,13,0.321751
72,18,-1.570796
72,26,-1.570796
72,35,2.356194
72,38,0.000000
72,39,3.141593
72,51,0.000000
72,53,3.141593
72,55,0.000000
72,57,3.141593
72,67,-2.356194
72,70,-0.321751
72,71,2.819842
72,75,2.819842
72,78,3.141593
72,82,1.570796
72,88,0.000000
72,90,-2.819842
73,4,-0.785398
73,16,1.249046
73,17,3.141593
73,21,3.141593
73,24,1.249046
73,25,3.141593
73,44,2.356194
73,45,3.141593
73,71,-1.570796
73,82,-0.321751
73,83,2.819842
73,85,-1.570796
74,12,0.000000
74,13,-2.356194
74,20,-1.570796
74,23,0.321751
74,27,1.249046
74,28,3.141593
74,37,0.785398
74,38,1.570796
74,39,2.356194
74,40,3.141593
74,43,-0.785398
74,53,0.000000
74,61,3.141593
74,69,1.570796
74,75,-0.321751
74,76,2.819842
74,83,-1.570796
74,89,2.356194
75,23,-1.570796
75,32,-0.785398
75,33,-1.892547
75,66,0.785398
75,76,-1.570796
75,80,0.000000
75,81,1.892547
75,84,0.000000
75,85,1.892547
75,87,0.785398
76,4,0.785398
76,6,1.249046
76,8,1.570796
76,9,3.141593
76,17,1.249046
76,18,3.141593
76,21,1.249046
76,22,3.141593
76,25,0.321751
76,30,3.141593
76,40,1.570796
76,41,2.356194
76,42,-0.785398
76,43,-1.570796
76,44,-2.356194
76,64,0.785398
77,4,0.000000
77,20,0.321751
77,25,-1.570796
77,29,-1.570796
77,52,3.141593
77,59,0.000000
77,60,3.141593
77,71,1.570796
77,78,1.570796
77,83,2.819842
78,4,-0.785398
78,6,-1.249046
78,12,0.321751
78,20,-1.570796
78,41,3.141593
78,62,0.785398
78,71,-0.321751
78,72,2.819842
78,78,-0.321751
78,85,-1.570796
79,12,-1.570796
79,15,0.321751
79,16,-2.819842
79,19,1.570796
79,27,1.570796
79,36,2.356194
79,43,0.785398
79,44,1.892547
79,49,0.785398
79,53,0.785398
79,57,1.570796
79,60,1.570796
79,72,-1.570796
79,79,-1.249046
79,80,3.141593
79,83,-0.321751
79,88,3.141593
79,90,2.356194
80,18,0.321751
80,19,-2.819842
80,22,1.570796
80,26,0.000000
80,34,0.000000
80,44,-1.249046
80,45,-2.356194
80,46,3.141593
80,50,0.000000
80,84,-1.570796
80,90,3.141593
81,10,1.570796
81,16,3.141593
81,18,-1.570796
81,22,-2.819842
81,25,1.570796
81,32,2.356194
81,48,0.785398
81,51,-1.570796
81,58,-2.356194
81,60,-1.570796
81,67,-2.356194
81,70,-2.356194
81,90,-2.356194
82,10,-2.819842
82,13,0.321751
82,20,0.321751
82,24,0.321751
82,25,-2.819842
82,45,0.785398
82,49,1.570796
83,8,0.321751
83,13,-1.570796
83,16,0.321751
83,17,-2.819842
83,28,0.000000
83,34,1.249046
83,35,2.356194
83,38,3.141593
83,43,1.570796
83,49,-0.321751
83,50,2.819842
83,53,-2.356194
83,56,-2.356194
83,59,0.785398
83,65,-2.356194
83,80,1.570796
84,12,1.570796
84,16,-1.570796
84,19,0.321751
84,20,-2.819842
84,23,0.321751
84,24,-2.819842
84,33,-0.785398
84,34,-1.892547
84,50,-1.570796
84,68,0.785398
84,74,0.785398
84,80,-1.570796
84,83,0.785398
85,6,1.249046
85,12,-2.819842
85,19,-1.570796
85,23,-1.570796
85,31,1.570796
85,40,0.785398
85,54,1.570796
85,57,1.570796
85,63,1.570796
85,66,1.570796
85,74,-0.321751
85,75,2.819842
85,83,-0.321751
85,84,2.819842
85,90,2.356194
86,10,0.321751
86,15,2.356194
86,18,1.570796
86,22,3.141593
86,26,2.356194
86,30,0.321751
86,31,-2.819842
86,37,3.141593
86,41,-2.356194
86,45,-2.356194
86,48,-2.356194
86,60,-1.570796
86,66,0.000000
86,72,1.570796
86,75,-1.570796
86,81,1.570796
86,84,-2.356194
86,90,3.141593
87,14,0.000000
87,17,0.321751
87,18,-2.819842
87,35,3.141593
87,65,-0.785398
87,67,-2.356194
88,4,-0.785398
88,10,-2.819842
88,13,1.570796
88,20,0.321751
88,21,-2.819842
88,29,3.141593
88,31,-2.356194
88,34,-1.570796
88,39,1.570796
88,42,0.785398
88,46,1.570796
88,49,1.570796
88,52,-1.570796
88,55,-1.570796
88,58,0.785398
88,61,1.570796
88,63,-1.570796
88,81,-1.570796
88,85,1.570796
88,87,0.000000
88,90,-2.819842
89,4,0.785398
89,12,0.321751
89,17,-2.819842
89,28,-0.785398
89,39,-1.570796
89,49,-1.570796
89,58,-0.321751
89,59,2.819842
89,73,0.785398
89,85,-0.321751
90,4,0.000000
90,7,-0.785398
90,8,-1.892547
90,14,0.000000
90,19,0.321751
90,20,-2.819842
90,36,2.356194
90,46,-1.570796
90,53,1.570796
90,59,-2.356194
90,71,2.356194
90,73,-0.321751
90,74,2.819842
90,89,2.356194
91,4,-0.785398
91,11,0.321751
91,12,-2.819842
91,27,1.570796
91,43,-1.570796
91,50,1.570796
91,56,1.570796
91,66,-0.785398
91,68,-1.570796
91,71,3.141593
91,74,-1.570796
91,83,1.570796
91,89,3.141593
92,14,0.321751
92,15,-2.819842
92,18,0.321751
92,19,-2.819842
92,27,-2.819842
92,31,3.141593
92,46,1.570796
92,64,1.570796
92,69,0.000000
92,71,-1.570796
92,75,1.570796
92,77,0.000000
92,83,0.785398
92,85,0.000000
92,86,-1.892547
92,89,-2.356194
93,10,0.321751
93,11,-2.819842
93,14,-0.785398
93,22,1.570796
93,25,0.321751
93,30,-0.785398
93,56,-1.570796
93,66,-1.570796
93,75,0.000000
93,83,-0.321751
94,10,-1.570796
94,17,0.321751
94,18,-2.819842
94,21,0.321751
94,22,-2.819842
94,25,-0.785398
94,37,1.570796
94,43,1.570796
94,49,-0.785398
94,52,1.570796
94,75,-0.785398
95,9,1.570796
95,17,-0.785398
95,21,-0.785398
95,30,2.356194
95,54,-1.570796
95,57,1.570796
95,62,-1.570796
95,66,1.570796
95,81,0.785398
95,85,3.141593
96,9,3.141593
96,29,0.321751
96,30,-2.819842
96,49,1.570796
96,60,1.570796
96,81,-0.321751
96,82,2.819842
96,87,2.356194
97,9,-1.570796
97,12,1.570796
97,24,-0.785398
97,29,-0.785398
97,33,2.356194
97,61,3.141593
97,69,-1.570796
97,72,-1.570796
97,76,-2.356194
98,11,-0.785398
98,16,-1.570796
98,20,-1.570796
98,29,-1.570796
98,31,0.000000
98,32,-0.785398
98,36,-1.570796
98,43,-1.570796
98,46,-1.570796
98,49,-1.570796
98,52,-1.570796
98,57,-1.570796
98,62,-2.356194
98,64,-1.570796
98,67,-1.570796
98,79,-1.570796
98,83,-2.356194
98,84,-0.785398
98,85,-1.892547
