11,27,1.249046
11,28,2.356194
11,43,0.785398
11,44,1.570796
11,45,2.356194
11,51,0.785398
11,52,1.570796
11,53,2.356194
13,17,0.785398
13,18,2.356194
13,27,-1.570796
14,13,3.141593
14,18,-1.570796
15,12,-1.570796
17,11,0.785398
17,52,2.356194
18,11,-0.785398
18,12,3.141593
18,43,0.321751
18,45,2.819842
18,52,3.141593
19,58,1.570796
19,59,2.356194
19,63,0.785398
19,71,2.356194
20,24,1.570796
20,42,0.321751
20,45,-2.819842
20,50,-0.321751
20,52,-2.819842
21,24,0.000000
21,35,1.570796
21,63,0.321751
21,67,1.249046
21,69,-1.892547
22,11,3.141593
22,24,-0.785398
22,35,0.000000
22,38,0.785398
22,39,1.892547
22,46,2.356194
22,51,2.356194
23,8,0.321751
23,27,1.570796
23,49,0.785398
24,8,-0.785398
24,27,0.000000
24,53,1.570796
24,54,2.356194
24,55,0.785398
24,56,1.892547
25,14,0.785398
25,15,2.356194
25,31,1.570796
25,32,2.356194
25,42,-2.356194
25,43,0.785398
25,47,2.356194
25,48,-0.785398
25,58,1.892547
25,67,-2.819842
26,14,-0.785398
26,24,0.785398
26,29,-1.892547
26,37,-1.570796
27,8,2.356194
27,26,-0.785398
27,27,-1.892547
27,31,0.000000
27,41,3.141593
27,44,-0.785398
27,46,-2.356194
27,53,-2.356194
27,55,-0.785398
27,56,-1.570796
28,22,2.356194
28,23,-0.785398
28,35,-2.356194
28,51,-0.785398
29,6,0.321751
29,15,1.570796
29,25,1.570796
29,27,1.249046
29,28,2.356194
29,30,-0.785398
29,37,1.249046
29,42,-1.570796
29,43,-2.356194
29,44,-0.785398
29,45,-1.570796
29,46,-2.356194
29,48,0.785398
29,49,1.892547
29,63,-1.892547
30,6,-0.785398
30,15,0.000000
30,17,-0.785398
30,25,-0.785398
30,27,-1.892547
30,34,0.000000
30,51,-0.785398
30,52,-1.570796
30,53,-2.356194
31,11,0.785398
31,13,1.892547
31,21,-2.356194
31,24,0.000000
31,29,1.249046
31,30,2.356194
31,64,0.321751
32,15,-1.570796
32,16,3.141593
32,26,2.356194
32,28,-0.785398
32,29,-1.892547
32,38,-0.785398
32,39,-1.570796
32,40,-2.356194
32,42,0.785398
32,43,1.570796
32,44,2.356194
32,48,-0.785398
33,13,-1.892547
33,19,-2.356194
33,32,0.000000
33,35,-0.785398
33,36,-1.892547
33,53,0.785398
33,54,1.570796
33,55,2.356194
33,56,0.785398
33,84,3.141593
34,20,1.570796
34,22,1.249046
34,24,-1.892547
34,30,3.141593
34,42,0.000000
34,43,-2.356194
34,65,-1.249046
34,70,-1.249046
34,81,0.321751
35,14,1.249046
35,16,-1.892547
35,22,-1.892547
35,49,-0.785398
35,52,2.356194
35,68,-2.356194
35,81,-1.570796
36,6,0.785398
36,12,1.249046
36,14,-1.892547
36,18,1.249046
36,20,-1.892547
36,25,0.000000
36,30,0.000000
36,33,0.785398
36,34,2.356194
36,72,0.321751
36,75,-2.819842
36,80,1.570796
37,11,-0.785398
37,12,-1.892547
37,16,1.249046
37,18,-1.892547
37,27,2.356194
37,28,3.141593
37,47,0.000000
37,57,-1.249046
37,78,1.249046
38,15,0.000000
38,16,-1.892547
38,21,1.249046
38,23,-1.570796
38,24,-2.356194
38,25,-0.785398
38,36,2.356194
38,44,3.141593
38,51,-0.785398
38,66,0.000000
38,67,1.570796
38,76,0.785398
38,81,2.819842
39,4,-0.785398
39,13,1.249046
39,14,3.141593
39,20,0.000000
39,21,-1.892547
39,27,0.000000
39,30,0.785398
39,31,1.570796
39,33,-1.570796
39,35,-1.892547
40,8,1.570796
40,11,1.249046
40,13,-1.892547
40,17,1.249046
40,18,2.356194
40,23,1.249046
40,24,2.356194
40,41,0.000000
40,42,0.785398
40,43,1.570796
40,44,2.356194
40,45,0.785398
40,46,1.570796
40,47,2.356194
40,49,3.141593
40,58,-0.785398
40,59,-1.570796
40,61,-1.892547
40,65,0.785398
40,66,2.356194
40,70,1.570796
41,8,-0.321751
41,11,-1.892547
41,15,1.249046
41,17,-1.892547
41,30,0.321751
41,31,-2.819842
41,39,3.141593
41,51,0.000000
41,74,-1.570796
41,76,-1.570796
42,4,0.785398
42,14,0.000000
42,15,-1.892547
42,20,1.249046
42,22,-1.892547
42,42,0.785398
42,45,0.000000
42,46,-2.356194
42,67,3.141593
42,78,0.785398
42,79,2.356194
43,4,-0.785398
43,6,1.570796
43,7,2.356194
43,13,1.570796
43,24,2.356194
43,43,-2.356194
43,47,-2.356194
43,58,0.785398
43,59,1.570796
43,60,2.356194
43,62,0.785398
43,63,1.892547
43,68,0.000000
43,73,-1.249046
43,74,3.141593
43,79,-1.570796
44,11,1.249046
44,13,-2.356194
44,16,1.249046
44,17,2.356194
44,18,-0.785398
44,19,-1.892547
44,27,1.249046
44,28,2.356194
44,29,-0.785398
44,30,-1.892547
44,40,-2.356194
44,52,0.000000
44,53,3.141593
44,63,-1.249046
44,65,1.892547
44,69,-1.570796
44,75,0.000000
44,76,1.892547
44,84,1.892547
45,16,-1.892547
45,32,1.249046
45,33,2.356194
45,42,0.785398
45,79,0.000000
45,80,-1.570796
45,87,2.356194
46,9,3.141593
46,21,-0.785398
46,22,-1.570796
46,23,-2.356194
46,31,-0.785398
46,35,0.000000
46,36,0.000000
46,40,0.785398
46,44,3.141593
46,48,3.141593
46,52,0.000000
46,53,3.141593
46,61,0.785398
46,62,2.356194
46,66,-1.249046
46,67,-2.356194
46,68,3.141593
46,72,0.000000
46,73,1.892547
47,11,0.000000
47,13,-1.892547
47,18,1.249046
47,19,3.141593
47,27,-0.785398
47,28,-2.356194
47,33,0.000000
47,37,0.000000
47,38,3.141593
47,55,0.000000
47,56,3.141593
47,61,-1.570796
47,73,-1.249046
47,74,3.141593
48,6,0.321751
48,11,-1.570796
48,16,1.249046
48,18,-1.892547
48,24,1.249046
48,25,2.356194
48,31,1.249046
48,32,3.141593
48,36,-0.785398
48,43,0.000000
48,47,-2.356194
48,52,0.000000
48,53,3.141593
48,59,0.000000
48,65,0.000000
48,66,3.141593
48,75,0.000000
48,76,1.892547
48,78,-1.570796
49,3,0.785398
49,15,0.000000
49,16,-1.892547
49,23,-0.785398
49,24,-1.892547
49,29,1.249046
49,31,-1.892547
49,34,2.356194
49,41,-2.356194
49,45,-2.356194
49,64,3.141593
49,82,2.819842
49,87,-1.892547
50,3,-0.785398
50,4,-2.356194
50,5,-0.785398
50,14,3.141593
50,19,1.249046
50,20,2.356194
50,28,-0.785398
50,33,-0.785398
50,38,0.000000
50,39,3.141593
50,43,0.785398
50,52,0.000000
50,53,3.141593
50,59,0.000000
50,60,3.141593
50,63,-0.785398
50,77,-1.249046
50,78,-2.356194
50,79,0.000000
50,85,-1.570796
51,13,-1.570796
51,18,0.000000
51,19,-1.892547
51,24,1.249046
51,25,2.356194
51,30,0.000000
51,31,3.141593
51,36,3.141593
51,45,3.141593
51,50,2.356194
51,55,0.000000
51,56,3.141593
51,64,-2.356194
51,82,-0.785398
51,83,-2.356194
51,84,0.000000
52,11,1.249046
52,12,3.141593
52,16,1.249046
52,17,3.141593
52,22,1.249046
52,24,-1.892547
52,29,-0.785398
52,38,0.000000
52,39,3.141593
52,48,0.000000
52,49,0.000000
52,52,0.000000
52,53,3.141593
52,59,0.000000
52,61,3.141593
52,81,-0.785398
52,89,2.356194
53,2,-1.570796
53,10,0.000000
53,11,-1.892547
53,15,0.000000
53,16,-1.892547
53,21,0.000000
53,22,-1.892547
53,27,2.356194
53,36,2.356194
53,50,-2.356194
53,82,0.785398
53,83,2.356194
53,84,-0.785398
54,5,1.570796
54,9,1.570796
54,13,1.249046
54,14,3.141593
54,39,2.356194
54,52,0.000000
54,53,3.141593
55,5,-2.819842
55,9,-2.819842
55,23,1.249046
55,24,3.141593
55,32,1.249046
55,33,3.141593
55,37,0.000000
55,41,2.356194
55,69,0.000000
55,70,0.785398
55,71,1.892547
55,74,1.249046
55,75,2.356194
55,77,3.141593
55,80,0.000000
55,86,-0.321751
56,16,1.249046
56,17,3.141593
56,22,0.000000
56,23,-1.892547
56,31,0.000000
56,48,3.141593
56,72,-2.356194
56,90,2.819842
57,2,0.321751
57,6,0.000000
57,7,-1.892547
57,15,0.000000
57,16,-1.892547
57,30,-0.785398
57,34,3.141593
57,38,3.141593
57,46,-0.785398
57,74,-1.249046
57,75,-2.356194
57,77,3.141593
57,82,-0.785398
57,85,0.000000
57,86,2.356194
57,90,-2.356194
58,2,-0.785398
58,13,1.249046
58,14,3.141593
58,28,2.356194
58,36,-0.785398
58,40,-0.785398
58,43,0.000000
58,44,3.141593
58,65,0.785398
58,83,-2.356194
58,86,-2.356194
59,3,0.000000
59,4,2.356194
59,8,0.000000
59,9,-1.892547
59,12,0.321751
59,31,2.356194
59,60,1.249046
59,61,2.356194
59,66,-1.249046
59,67,-2.356194
59,79,3.141593
60,4,-2.356194
60,16,1.249046
60,17,3.141593
60,56,1.249046
60,57,2.356194
60,81,0.000000
61,2,0.000000
61,13,0.000000
61,14,1.570796
61,16,-1.892547
61,24,1.249046
61,25,3.141593
61,42,0.000000
61,43,3.141593
61,53,0.000000
61,55,-0.785398
61,56,-1.892547
61,60,-2.356194
61,66,3.141593
61,88,0.785398
61,91,2.819842
62,8,2.356194
62,10,-0.785398
62,23,0.000000
62,24,-1.892547
62,49,2.356194
62,60,0.000000
62,62,1.249046
62,63,3.141593
62,68,0.000000
62,83,0.785398
63,18,3.141593
63,46,1.249046
63,47,2.356194
63,48,0.000000
63,80,1.570796
63,85,2.356194
63,89,-0.321751
63,91,-2.819842
64,2,0.000000
64,6,-0.785398
64,9,2.356194
64,12,-0.785398
64,21,-0.785398
64,25,-0.785398
64,29,2.356194
64,44,0.000000
64,45,-0.785398
64,46,-1.892547
64,49,0.785398
64,50,2.356194
64,53,3.141593
64,61,-1.892547
64,66,0.000000
64,74,3.141593
64,77,1.570796
64,80,-0.321751
64,82,3.141593
65,16,-0.785398
65,33,0.785398
65,34,1.570796
65,35,2.356194
65,40,-2.356194
65,56,0.000000
65,84,0.785398
65,90,2.356194
66,5,2.356194
66,11,2.356194
66,30,2.356194
66,31,0.785398
66,50,-2.356194
66,51,3.141593
66,65,0.000000
66,73,0.785398
66,74,1.892547
66,78,1.570796
66,81,-0.321751
66,82,2.819842
66,84,0.000000
66,90,3.141593
67,32,-1.249046
67,39,0.000000
67,41,3.141593
67,55,0.000000
67,59,3.141593
67,78,-0.321751
67,79,2.819842
67,82,-1.570796
67,84,-1.570796
67,90,-2.356194
68,9,-0.785398
68,12,-0.785398
68,23,0.785398
68,24,1.570796
68,25,2.356194
68,29,-1.570796
68,34,0.000000
68,35,3.141593
68,45,0.000000
68,47,3.141593
68,63,1.570796
68,66,0.000000
68,68,3.141593
68,70,0.000000
68,71,0.785398
68,72,1.892547
68,79,-1.570796
68,90,0.785398
69,21,0.000000
69,32,0.785398
69,37,0.000000
69,39,3.141593
69,58,0.000000
69,59,3.141593
69,63,-1.570796
69,73,2.819842
69,77,2.819842
69,80,1.570796
69,90,-0.321751
69,91,2.819842
70,8,2.356194
70,11,2.356194
70,14,1.249046
70,15,2.356194
70,27,0.000000
70,28,3.141593
70,33,-1.249046
70,34,-2.356194
70,35,3.141593
70,43,0.000000
70,47,3.141593
70,73,-1.570796
70,77,-1.570796
70,80,-0.321751
71,10,0.785398
71,13,0.000000
71,14,-1.892547
71,19,0.000000
71,30,0.000000
71,31,3.141593
71,58,0.000000
71,60,3.141593
71,62,0.000000
71,69,0.785398
71,70,1.892547
71,78,1.570796
71,82,2.819842
71,85,0.785398
72,10,-0.785398
72,11,-2.356194
72,17,0.785398
72,27,0.000000
72,28,3.141593
72,34,0.000000
72,35,3.141593
72,82,-1.570796
72,85,-0.321751
73,15,2.356194
73,18,0.000000
73,19,3.141593
73,30,0.000000
73,31,3.141593
73,37,0.000000
73,39,3.141593
73,58,0.000000
73,65,0.000000
73,66,0.785398
73,67,1.892547
73,76,0.785398
73,77,3.141593
73,80,2.819842
74,17,-0.785398
74,28,3.141593
74,34,0.000000
74,35,3.141593
74,50,0.000000
74,53,3.141593
74,55,0.000000
74,56,3.141593
74,63,3.141593
74,67,-1.249046
74,68,3.141593
74,73,2.819842
74,80,-2.356194
74,83,-1.570796
75,2,0.000000
75,3,3.141593
75,11,2.356194
75,20,2.356194
75,24,2.356194
75,30,0.000000
75,31,3.141593
75,69,1.570796
75,73,-1.570796
75,77,3.141593
75,80,-1.570796
76,33,0.000000
76,35,3.141593
76,52,0.000000
76,64,0.785398
76,65,1.892547
76,69,-0.321751
76,74,1.570796
76,88,1.570796
77,10,-1.570796
77,22,-0.785398
77,40,0.000000
77,46,3.141593
77,74,-0.321751
77,85,0.785398
77,88,-0.321751
77,89,2.819842
78,7,-1.570796
78,15,1.570796
78,26,2.356194
78,35,3.141593
78,63,1.570796
78,67,2.819842
78,72,2.819842
78,76,2.819842
78,86,1.570796
79,9,1.570796
79,12,-1.570796
79,25,-0.785398
79,45,2.356194
79,46,3.141593
79,48,0.000000
79,51,0.785398
79,52,1.570796
79,53,2.356194
79,55,3.141593
79,63,0.785398
79,67,-1.570796
79,76,-1.570796
79,79,-1.570796
79,83,0.785398
79,86,-0.321751
80,6,1.570796
80,37,3.141593
80,63,-0.321751
80,64,2.819842
80,68,0.000000
80,72,-0.321751
80,90,2.819842
81,11,1.570796
81,14,-1.570796
81,20,1.570796
81,40,0.000000
81,41,0.785398
81,42,1.570796
81,44,-1.570796
81,45,-2.356194
81,52,-1.570796
81,55,0.000000
81,60,0.785398
81,64,-2.356194
81,74,2.819842
81,81,0.785398
82,27,2.356194
82,49,0.785398
82,50,1.892547
82,61,-1.570796
82,69,-0.321751
82,70,2.819842
82,78,1.570796
82,85,1.570796
82,90,-2.819842
83,11,-1.570796
83,32,0.000000
83,62,-2.356194
83,64,-1.570796
83,70,-1.570796
83,74,-0.321751
83,75,2.819842
83,78,-0.321751
83,79,2.819842
83,85,0.000000
84,5,-1.570796
84,8,-1.570796
84,13,1.570796
84,22,1.570796
84,30,2.356194
84,43,-2.356194
84,50,-0.785398
84,58,0.785398
84,66,0.000000
84,71,1.570796
84,75,-1.570796
84,83,1.570796
84,85,-1.570796
84,90,2.819842
85,10,1.570796
85,25,2.356194
85,47,0.785398
85,55,1.570796
85,59,1.570796
85,64,1.570796
85,71,-0.321751
85,79,-0.321751
85,80,2.819842
85,83,-0.321751
86,24,0.321751
86,25,-2.819842
86,28,-0.785398
86,33,2.356194
86,37,-2.356194
86,55,-0.321751
86,56,2.819842
86,60,3.141593
86,64,0.785398
86,73,2.819842
86,76,0.785398
86,84,-2.356194
86,88,-0.321751
86,90,-2.819842
87,7,1.570796
87,13,-1.570796
87,24,-0.785398
87,44,3.141593
87,56,-1.570796
87,64,-0.321751
87,76,-0.321751
87,77,2.819842
87,80,-0.321751
87,81,2.819842
87,84,-1.570796
88,2,0.785398
88,27,1.570796
88,36,1.570796
88,42,-0.785398
88,57,1.570796
88,66,2.819842
88,70,1.570796
88,73,-0.321751
88,74,2.819842
88,77,-1.570796
88,81,-1.570796
89,2,0.000000
89,7,0.785398
89,12,1.570796
89,21,2.356194
89,31,-1.570796
89,36,-1.570796
89,46,1.570796
89,53,0.785398
89,57,-0.321751
89,58,2.819842
89,70,-0.321751
89,71,2.819842
89,74,-1.570796
89,85,0.785398
90,2,-0.785398
90,4,-2.356194
90,7,0.000000
90,20,0.321751
90,21,-2.819842
90,40,1.570796
90,54,3.141593
90,58,-1.570796
90,62,0.785398
90,66,-0.321751
90,67,2.819842
90,71,-1.570796
90,86,1.570796
90,90,2.356194
91,7,-1.570796
91,20,-0.785398
91,37,1.570796
91,43,1.570796
91,62,-0.321751
91,63,2.819842
91,67,-2.356194
91,72,-2.356194
91,86,-0.321751
91,90,3.141593
92,2,0.785398
92,4,2.356194
92,34,1.570796
92,43,0.785398
92,79,0.785398
92,90,-2.356194
93,2,-0.321751
93,4,-2.819842
93,18,0.785398
93,20,2.356194
93,43,-0.321751
93,44,2.819842
93,47,0.785398
93,63,-0.321751
93,64,2.819842
93,67,-1.570796
93,79,-0.321751
93,80,2.819842
93,90,2.356194
94,18,0.000000
94,20,-2.356194
94,23,-0.785398
94,44,-2.356194
94,47,-0.321751
94,48,2.819842
94,64,-2.356194
94,88,0.000000
94,90,3.141593
95,18,-0.785398
95,48,-2.356194
95,60,0.785398
95,68,1.570796
95,71,1.570796
95,77,0.785398
95,79,0.000000
95,81,2.819842
95,88,-1.570796
95,90,-2.356194
96,24,1.570796
96,30,1.570796
96,60,-0.321751
96,61,2.819842
96,77,-0.321751
96,81,-2.356194
96,87,1.570796
97,9,2.356194
97,34,-1.570796
97,40,-1.570796
97,48,-1.570796
97,61,-2.356194
97,65,-2.356194
97,75,1.570796
97,78,-2.356194
97,84,0.785398
97,86,0.000000
97,87,-2.356194
97,89,1.570796
98,5,-0.785398
98,6,-1.570796
98,7,-2.356194
98,8,-0.785398
98,12,-1.570796
98,15,-1.570796
98,18,-1.570796
98,21,-1.570796
98,24,-1.570796
98,27,-1.570796
98,30,-1.570796
98,37,-1.570796
98,44,-1.570796
98,52,-1.570796
98,56,-1.570796
98,61,-1.570796
98,68,-1.570796
98,72,-1.570796
98,75,-1.570796
98,78,-1.570796
98,81,-1.570796
98,85,-2.356194
98,88,-0.785398
