4,50,1.249046
4,51,2.356194
5,48,1.249046
5,58,0.785398
5,59,2.356194
5,63,0.785398
5,64,1.570796
5,65,2.356194
6,45,1.249046
6,58,-0.785398
6,72,2.356194
7,22,1.249046
7,23,3.141593
7,33,3.141593
7,43,1.570796
7,49,2.819842
7,52,1.570796
7,58,2.356194
8,16,1.249046
8,17,2.356194
8,21,-0.785398
8,30,0.321751
8,37,0.321751
8,53,-2.356194
8,55,0.785398
8,56,1.570796
8,58,3.141593
8,78,1.570796
9,45,-1.570796
9,47,-1.249046
9,49,3.141593
9,82,0.785398
10,30,0.000000
10,32,-1.892547
10,34,-2.356194
10,37,-0.321751
10,49,-1.570796
10,58,3.141593
10,64,0.785398
10,83,-2.356194
11,10,1.249046
11,11,2.356194
11,13,-0.785398
11,30,-0.785398
11,58,-1.570796
11,65,-2.356194
12,23,0.321751
12,27,1.892547
12,35,1.570796
12,38,-1.570796
12,46,0.000000
12,47,1.892547
12,52,0.000000
12,53,1.892547
12,72,0.785398
12,73,1.570796
12,74,2.356194
12,75,-0.785398
12,76,-1.892547
12,84,3.141593
13,17,0.785398
13,18,1.570796
13,30,2.356194
13,35,-0.321751
13,53,-1.249046
13,54,3.141593
13,61,0.785398
13,68,-2.356194
13,70,0.785398
14,7,0.321751
14,23,-0.321751
14,30,-2.356194
14,38,3.141593
14,44,-1.249046
14,45,3.141593
14,55,0.000000
14,56,1.892547
14,62,-1.570796
14,71,-1.249046
15,7,-0.785398
15,36,-1.570796
15,46,1.570796
15,48,-1.570796
15,50,0.785398
15,51,2.356194
15,56,-1.249046
15,58,1.892547
15,63,2.356194
16,22,0.785398
16,28,-2.356194
16,34,0.785398
16,50,-1.570796
16,58,-1.249046
16,59,-2.356194
16,62,-0.785398
16,63,-2.356194
17,28,0.785398
17,35,-1.249046
17,37,1.892547
17,42,-1.570796
17,45,-0.785398
17,49,2.356194
17,54,0.000000
17,55,1.892547
17,64,0.000000
17,65,1.570796
17,66,2.356194
17,85,2.356194
18,20,3.141593
18,28,-0.785398
18,29,-2.356194
18,30,0.785398
18,31,1.892547
18,37,-1.249046
18,39,1.570796
18,49,-1.570796
18,55,-1.249046
18,56,3.141593
18,76,0.321751
19,7,2.356194
19,20,-1.570796
19,25,-1.249046
19,26,-2.356194
19,27,0.000000
19,31,-1.249046
19,32,-2.356194
19,33,0.785398
19,34,1.892547
19,41,-1.249046
19,42,-2.356194
19,58,0.785398
19,59,1.892547
19,72,0.785398
19,73,1.892547
19,76,-1.570796
20,18,-1.570796
20,21,0.785398
20,22,2.356194
20,34,-1.249046
20,35,3.141593
20,53,0.000000
20,54,1.892547
20,59,-1.249046
20,60,3.141593
20,66,0.000000
21,5,0.321751
21,14,1.249046
21,16,3.141593
21,19,1.570796
21,23,0.000000
21,24,1.892547
21,29,0.000000
21,36,0.785398
21,37,2.356194
21,38,0.000000
21,54,-1.249046
21,56,1.892547
21,73,-0.785398
21,75,-1.249046
21,76,-2.356194
22,5,-0.785398
22,9,0.785398
22,10,2.356194
22,19,0.000000
22,21,3.141593
22,24,-1.249046
22,26,1.892547
22,28,1.570796
22,36,-1.570796
22,40,0.785398
22,41,1.892547
22,49,0.000000
22,50,1.892547
22,56,-1.249046
22,57,3.141593
22,63,0.000000
22,64,1.892547
22,73,2.356194
22,80,-0.785398
22,81,-1.892547
23,9,-0.785398
23,16,-2.356194
23,19,-1.570796
23,21,-1.570796
23,28,-2.356194
23,50,-1.249046
23,51,-2.356194
23,64,-1.249046
23,65,-2.356194
23,73,3.141593
24,14,-1.570796
24,17,0.785398
24,18,3.141593
24,23,0.785398
24,24,1.892547
24,36,-2.356194
24,45,0.785398
24,46,2.356194
24,53,0.000000
24,60,0.000000
24,61,1.892547
24,73,-1.570796
25,12,0.785398
25,24,-1.249046
25,45,-1.570796
25,49,0.785398
25,50,1.892547
25,61,-1.249046
25,63,1.892547
25,69,1.892547
25,74,0.000000
25,75,1.892547
26,16,-0.785398
26,17,-2.356194
26,26,-1.249046
26,27,-2.356194
26,34,2.356194
26,41,-1.249046
26,42,-2.356194
26,43,0.785398
26,51,-2.356194
26,63,-1.249046
26,75,-1.249046
26,77,1.892547
27,5,0.785398
27,19,0.785398
27,20,1.892547
27,33,-0.785398
27,34,-2.356194
27,49,1.570796
27,65,-1.570796
27,73,1.892547
27,77,-1.249046
27,79,1.892547
28,5,0.000000
28,20,-1.249046
28,21,-2.356194
28,49,3.141593
28,57,0.785398
28,66,1.570796
28,79,-1.249046
28,80,3.141593
29,5,-0.785398
29,15,0.785398
29,16,1.892547
29,39,0.785398
29,40,2.356194
29,45,-0.785398
29,49,-2.356194
29,57,-0.785398
29,58,3.141593
29,66,0.000000
29,68,-0.785398
29,74,-1.249046
29,76,1.892547
30,5,0.785398
30,13,-0.785398
30,39,-1.570796
30,45,2.356194
30,49,0.785398
30,52,0.321751
30,54,-2.356194
30,70,-1.249046
30,76,-1.249046
30,78,1.892547
30,84,0.785398
30,85,1.892547
31,5,0.000000
31,7,1.892547
31,33,0.785398
31,34,1.892547
31,38,-0.785398
31,61,2.356194
31,62,0.785398
31,63,1.570796
31,64,2.356194
31,65,-0.785398
31,66,-2.356194
31,74,1.892547
31,78,-1.249046
31,79,3.141593
31,87,0.000000
32,12,0.785398
32,23,0.000000
32,24,1.570796
32,25,2.356194
32,34,-1.249046
32,35,3.141593
32,47,2.356194
32,52,3.141593
32,57,0.321751
32,71,1.570796
32,75,3.141593
32,80,0.000000
32,81,1.892547
33,4,0.321751
33,9,0.785398
33,10,3.141593
33,15,2.356194
33,36,0.785398
33,37,2.356194
33,38,0.785398
33,50,-0.785398
33,57,-1.570796
33,68,0.785398
33,69,2.356194
33,73,1.570796
33,76,1.570796
33,81,-1.249046
34,4,-0.785398
34,7,-1.570796
34,17,-1.249046
34,18,-2.356194
34,24,2.356194
34,30,1.570796
34,36,-0.785398
34,52,-2.819842
34,56,3.141593
34,68,-0.785398
34,83,-1.249046
35,4,0.785398
35,14,2.356194
35,30,-0.785398
35,32,1.892547
35,41,1.570796
35,51,-0.785398
35,59,1.570796
35,63,2.356194
35,71,-0.785398
35,73,-1.249046
36,6,2.356194
36,7,-0.785398
36,10,-2.356194
36,12,0.785398
36,14,-2.819842
36,24,-1.249046
36,25,-2.356194
36,27,3.141593
36,32,-1.249046
36,34,1.570796
36,43,-2.356194
36,54,0.321751
36,55,-2.819842
36,58,0.321751
36,59,-2.819842
36,62,0.321751
36,63,-2.819842
36,67,1.570796
36,81,0.000000
36,82,1.892547
37,17,0.785398
37,54,-0.785398
37,66,0.321751
37,67,-2.819842
37,71,-1.570796
37,82,-1.249046
37,83,3.141593
38,23,0.785398
38,39,-0.785398
38,57,0.321751
38,58,-2.819842
38,61,0.321751
38,62,-2.819842
38,66,-1.570796
38,74,0.000000
38,85,0.785398
38,86,1.892547
38,89,2.356194
39,10,0.785398
39,11,1.570796
39,24,-2.356194
39,27,0.000000
39,30,-0.785398
39,31,-1.570796
39,32,3.141593
39,37,3.141593
39,39,2.356194
39,46,-1.570796
39,61,-1.570796
39,86,-1.249046
39,87,-2.356194
39,88,-0.785398
39,89,-2.356194
40,14,-1.249046
40,15,-2.356194
40,33,0.785398
40,34,3.141593
40,39,-2.819842
40,49,2.356194
40,56,0.321751
40,57,-2.819842
40,65,-1.570796
40,69,2.356194
40,76,-1.570796
40,78,0.000000
40,79,1.570796
40,80,2.356194
40,81,0.785398
40,82,1.892547
41,23,-0.785398
41,24,-1.570796
41,25,3.141593
41,38,-0.785398
41,45,1.570796
41,48,0.321751
41,49,-2.819842
41,56,-1.570796
41,72,3.141593
41,82,-1.249046
41,84,1.892547
42,3,0.785398
42,34,2.819842
42,55,1.570796
42,63,2.356194
42,71,-1.570796
42,75,2.356194
43,3,0.000000
43,6,3.141593
43,16,0.785398
43,17,1.892547
43,19,1.249046
43,20,2.356194
43,41,2.356194
43,44,1.570796
43,47,0.321751
43,48,-2.819842
43,54,0.321751
43,55,-2.819842
43,62,-0.785398
43,66,-0.785398
43,74,0.321751
43,90,2.356194
44,3,-0.785398
44,22,0.000000
44,23,1.892547
44,34,-2.819842
44,40,0.321751
44,41,-2.819842
44,43,0.321751
44,44,-2.819842
44,54,-0.785398
44,70,-1.570796
44,74,-1.570796
44,76,0.000000
44,77,1.892547
44,86,-1.249046
44,87,-2.356194
44,90,3.141593
45,40,-0.785398
45,43,-0.785398
45,46,0.321751
45,47,-2.819842
45,61,1.570796
45,65,1.570796
45,79,-1.570796
45,80,3.141593
45,90,-2.356194
46,7,2.356194
46,16,-0.785398
46,17,-1.570796
46,29,0.000000
46,33,-2.819842
46,40,2.356194
46,46,-0.785398
46,50,2.356194
46,61,2.356194
46,69,2.356194
46,73,2.356194
46,77,-0.785398
46,81,0.785398
46,82,2.356194
46,83,-0.785398
46,84,-1.570796
46,85,3.141593
47,6,-1.570796
47,19,-1.249046
47,20,-2.356194
47,22,-0.785398
47,23,-1.570796
47,25,1.892547
47,39,0.321751
47,40,-2.819842
47,49,0.321751
47,50,-2.819842
47,53,2.356194
47,60,0.321751
47,61,-2.819842
47,64,1.570796
47,68,-0.785398
47,73,-2.819842
47,77,-1.570796
47,86,2.356194
47,90,2.356194
48,3,0.785398
48,5,1.570796
48,25,-1.249046
48,27,1.570796
48,28,2.356194
48,29,-0.785398
48,36,2.356194
48,39,-0.785398
48,52,0.321751
48,53,-2.819842
48,60,-1.570796
48,63,0.321751
48,64,-2.819842
48,71,0.321751
48,82,3.141593
48,90,3.141593
49,3,0.000000
49,13,1.249046
49,14,2.356194
49,17,0.785398
49,18,1.892547
49,34,1.570796
49,42,-1.570796
49,48,0.321751
49,49,-2.819842
49,56,2.356194
49,63,-0.785398
49,71,-0.785398
49,79,0.321751
49,85,2.356194
49,90,-2.356194
50,3,-0.785398
50,5,-1.249046
50,6,-2.356194
50,12,-0.785398
50,13,-1.892547
50,18,-1.249046
50,19,-2.356194
50,31,-0.785398
50,51,0.321751
50,52,-2.819842
50,55,0.321751
50,56,-2.819842
50,66,1.570796
50,71,2.356194
50,85,-2.819842
51,31,2.356194
51,41,1.570796
51,47,0.321751
51,48,-2.819842
51,51,-0.785398
51,66,2.356194
51,70,0.321751
51,78,0.321751
51,79,-2.819842
51,82,0.785398
52,31,-2.819842
52,44,-1.570796
52,47,-0.785398
52,54,0.321751
52,55,-2.819842
52,65,0.321751
52,66,-2.819842
52,72,2.356194
52,87,1.892547
53,9,1.249046
53,10,2.356194
53,23,0.785398
53,24,1.570796
53,25,2.356194
53,27,3.141593
53,54,-0.785398
53,62,2.356194
53,65,-0.785398
53,69,0.321751
53,72,3.141593
53,77,0.321751
53,78,-2.819842
53,90,2.356194
54,3,0.785398
54,5,1.249046
54,6,2.356194
54,8,-0.785398
54,9,-1.892547
54,30,-2.819842
54,43,1.570796
54,61,0.321751
54,62,-2.819842
54,69,-0.785398
54,72,-2.356194
54,77,-1.570796
54,81,0.321751
54,85,-0.321751
55,3,-0.321751
55,37,0.785398
55,43,2.356194
55,61,-0.785398
55,65,2.356194
55,69,-1.570796
55,81,-1.570796
56,15,0.000000
56,16,3.141593
56,18,0.000000
56,23,-0.785398
56,24,-1.570796
56,29,-2.356194
56,37,0.000000
56,39,-0.785398
56,50,2.356194
56,64,0.321751
56,65,-2.819842
56,76,2.356194
56,80,-0.785398
57,3,0.321751
57,5,-2.356194
57,8,0.785398
57,9,1.570796
57,37,-0.785398
57,46,2.356194
57,49,0.321751
57,50,-2.819842
57,57,2.356194
57,64,-0.785398
57,75,0.321751
57,76,-2.819842
58,3,-0.785398
58,19,0.000000
58,21,3.141593
58,24,0.000000
58,26,3.141593
58,29,2.356194
58,45,0.321751
58,46,-2.819842
58,56,0.321751
58,57,-2.819842
58,67,1.570796
58,86,0.321751
58,91,2.356194
59,14,1.249046
59,26,-1.570796
59,29,-2.819842
59,48,0.321751
59,49,-2.819842
59,56,-0.785398
59,74,0.321751
59,75,-2.819842
59,78,1.570796
59,89,-2.356194
59,91,3.141593
60,3,0.785398
60,44,0.321751
60,45,-2.819842
60,48,-0.785398
60,67,-1.570796
60,74,-0.785398
60,86,0.000000
60,91,-2.356194
61,3,-0.321751
61,5,2.356194
61,20,0.785398
61,21,1.570796
61,22,2.356194
61,44,-0.785398
61,53,-1.570796
61,60,-1.570796
62,14,-1.892547
62,16,-1.249046
62,17,-2.356194
62,27,-2.356194
62,78,-1.570796
62,85,0.321751
62,88,1.892547
63,27,2.356194
63,47,2.356194
63,59,1.570796
63,85,-1.570796
63,91,2.356194
64,3,0.321751
64,5,-2.356194
64,9,-0.785398
64,10,-1.892547
64,20,-0.785398
64,21,-1.570796
64,22,-2.356194
64,27,3.141593
64,31,2.356194
64,46,0.321751
64,47,-2.819842
64,56,2.356194
64,62,2.356194
64,82,0.785398
64,89,-1.249046
65,3,-0.785398
65,15,0.000000
65,31,-2.819842
65,43,2.356194
65,46,-0.785398
65,50,2.356194
65,55,0.321751
65,56,-2.819842
65,61,0.321751
65,62,-2.819842
65,76,1.570796
65,81,0.785398
66,13,3.141593
66,27,0.000000
66,42,0.321751
66,43,-2.819842
66,52,1.570796
66,55,-0.785398
66,64,1.570796
66,76,-1.570796
67,3,0.785398
67,25,3.141593
67,27,-0.785398
67,30,-2.356194
67,42,-0.785398
67,58,0.321751
67,61,3.141593
67,64,-1.570796
67,73,-1.570796
67,83,-2.356194
67,87,0.000000
67,88,1.892547
68,3,0.000000
68,52,2.356194
68,58,-0.785398
68,61,-2.356194
68,88,-1.249046
68,89,3.141593
69,3,-0.785398
69,12,0.785398
69,13,2.356194
69,25,0.000000
69,26,-0.785398
69,27,-1.570796
69,28,3.141593
69,30,2.356194
69,51,0.321751
69,52,-2.819842
69,55,-1.570796
69,69,-1.570796
70,10,2.356194
70,13,-1.570796
70,21,3.141593
70,30,3.141593
70,48,2.356194
70,51,-0.785398
70,61,-1.570796
70,84,-2.356194
70,90,2.356194
71,3,0.785398
71,15,2.356194
71,30,-2.356194
71,48,-2.819842
71,64,1.570796
71,74,1.570796
71,78,0.785398
71,80,0.785398
71,86,0.000000
71,87,1.570796
71,88,2.356194
71,89,-0.785398
71,90,-2.356194
72,3,0.000000
72,7,0.785398
72,10,-2.356194
72,13,-0.785398
72,14,-1.892547
72,24,3.141593
72,30,0.785398
72,33,2.356194
72,58,2.356194
72,69,1.570796
72,74,-1.570796
72,91,-2.356194
73,3,-0.785398
73,33,3.141593
73,54,1.570796
73,57,0.321751
73,58,-2.819842
73,66,1.570796
73,69,-1.570796
73,71,1.570796
73,81,3.141593
74,3,0.785398
74,15,1.249046
74,16,2.356194
74,27,0.000000
74,29,-0.785398
74,44,-0.785398
74,47,-2.356194
74,57,-0.785398
74,60,1.570796
74,66,-1.570796
74,71,-1.570796
74,88,1.570796
75,3,0.000000
75,6,-0.785398
75,7,-1.892547
75,9,1.570796
75,12,1.249046
75,24,3.141593
75,33,-2.819842
75,84,1.892547
75,88,-0.321751
76,3,-0.785398
76,9,0.000000
76,11,-0.785398
76,12,-1.892547
76,80,0.000000
76,85,3.141593
76,89,-1.249046
76,90,3.141593
77,9,-1.570796
77,14,2.356194
77,17,0.000000
77,31,-0.785398
77,60,-1.570796
77,63,-1.570796
77,79,3.141593
78,3,0.785398
78,14,-2.819842
78,26,0.785398
78,27,1.570796
78,28,3.141593
78,33,-1.249046
78,34,3.141593
78,36,2.356194
78,51,-1.570796
78,54,0.785398
78,57,2.356194
78,78,-0.785398
78,87,1.570796
79,3,0.000000
79,12,0.000000
79,13,-1.892547
79,54,0.000000
79,57,3.141593
79,82,-0.321751
79,88,3.141593
79,91,2.356194
80,3,-0.785398
80,10,1.249046
80,11,3.141593
80,33,0.000000
80,34,-0.785398
80,39,2.356194
80,54,-0.785398
80,57,-2.356194
80,60,1.570796
80,63,1.570796
80,66,1.570796
80,72,0.785398
80,75,1.249046
80,76,2.356194
80,77,-0.785398
80,78,-1.570796
80,79,3.141593
80,89,0.000000
80,91,-2.819842
81,8,1.249046
81,10,-1.892547
81,23,1.249046
81,24,2.356194
81,26,-0.785398
81,27,-1.570796
81,28,-2.356194
81,31,3.141593
81,39,-2.819842
81,49,1.570796
81,73,0.785398
82,13,1.249046
82,14,2.356194
82,22,-0.785398
82,23,-1.892547
82,35,0.000000
82,36,-1.570796
82,43,2.356194
82,60,0.785398
82,63,0.785398
82,66,2.356194
82,81,1.570796
83,3,0.785398
83,5,1.249046
83,7,-1.892547
83,11,1.249046
83,13,-1.892547
83,18,1.249046
83,19,2.356194
83,34,-0.785398
83,39,0.000000
83,40,1.892547
83,43,-2.819842
83,60,-0.321751
83,61,2.819842
83,70,1.249046
83,71,2.356194
83,73,3.141593
83,76,-1.249046
83,77,3.141593
83,81,-0.321751
83,87,2.819842
84,3,0.000000
84,16,1.249046
84,18,-1.892547
84,24,3.141593
84,26,0.000000
84,31,3.141593
84,57,-1.570796
84,61,-2.356194
84,73,-1.570796
84,83,2.819842
84,87,-1.570796
84,91,-1.570796
85,3,-0.785398
85,14,1.249046
85,16,-1.892547
85,43,3.141593
85,74,1.570796
85,79,1.570796
85,83,-1.570796
86,8,-0.785398
86,9,-1.892547
86,19,1.249046
86,20,3.141593
86,34,1.249046
86,35,2.356194
86,36,3.141593
86,41,-0.785398
86,49,2.356194
86,61,0.785398
86,75,3.141593
86,79,-0.321751
86,80,2.819842
86,84,1.570796
86,89,1.570796
87,2,0.321751
87,30,0.000000
87,33,-0.785398
87,34,-1.892547
87,45,-0.785398
87,49,-2.356194
87,64,-2.356194
87,80,-1.570796
87,84,-0.321751
87,85,2.819842
87,89,-0.321751
87,90,2.819842
88,2,-0.785398
88,17,0.000000
88,18,-1.892547
88,42,-2.356194
88,53,-0.785398
88,58,1.249046
88,59,2.356194
88,72,-2.356194
88,85,-1.570796
88,90,-2.356194
89,2,0.785398
89,11,-1.892547
89,55,-1.249046
89,63,2.819842
89,68,-1.570796
89,75,0.000000
89,76,-1.570796
89,77,-2.356194
89,82,0.000000
90,2,-0.321751
90,4,-2.819842
90,9,-1.570796
90,13,1.249046
90,14,3.141593
90,19,2.356194
90,24,2.356194
90,25,3.141593
90,36,0.000000
90,39,3.141593
90,47,0.785398
90,61,-0.785398
90,63,-2.356194
90,69,1.570796
91,7,1.249046
91,8,3.141593
91,18,1.570796
91,32,3.141593
91,48,3.141593
91,57,-0.785398
91,59,1.570796
91,69,-0.321751
91,70,2.819842
91,75,1.570796
91,79,-1.570796
91,83,-0.321751
91,84,2.819842
91,90,2.356194
92,3,0.785398
92,17,0.000000
92,22,0.000000
92,28,1.249046
92,29,3.141593
92,49,-2.356194
92,57,-1.570796
92,60,-2.356194
92,70,-1.570796
92,75,-0.321751
92,76,2.819842
92,90,3.141593
93,3,0.000000
93,5,-0.785398
93,6,-1.892547
93,10,0.321751
93,27,0.000000
93,28,-1.892547
93,39,3.141593
93,66,0.000000
93,76,-1.570796
93,80,0.785398
93,84,-0.321751
93,90,-2.356194
94,3,-0.785398
94,10,-1.570796
94,19,0.000000
94,32,1.249046
94,33,2.356194
94,54,0.785398
94,67,-1.570796
94,81,0.000000
95,8,1.249046
95,9,3.141593
95,24,1.570796
95,30,1.249046
95,32,-1.892547
95,82,-1.570796
95,86,-1.249046
95,87,3.141593
95,91,2.819842
96,7,0.321751
96,23,0.000000
96,29,-0.785398
96,30,-1.892547
96,56,-2.356194
96,68,-1.570796
97,3,0.785398
97,7,-1.570796
97,12,-0.785398
97,21,0.000000
97,27,-0.785398
97,34,1.249046
97,35,2.356194
97,39,3.141593
97,64,1.570796
97,83,-1.570796
97,89,-1.249046
98,4,-2.356194
98,32,0.000000
98,33,-0.785398
98,34,-1.892547
98,41,0.000000
98,49,3.141593
98,64,-1.570796
98,75,-2.356194
98,79,-1.570796
