4,34,1.249046
4,35,2.356194
5,42,0.785398
5,43,2.356194
6,42,-1.570796
6,58,1.249046
6,59,2.356194
6,65,0.785398
6,66,1.570796
6,67,2.356194
6,71,0.785398
6,72,1.570796
6,73,2.356194
7,21,1.249046
7,22,3.141593
7,57,0.321751
8,28,0.321751
8,83,0.000000
9,35,2.356194
9,37,0.785398
9,38,1.570796
9,39,2.356194
9,40,-0.785398
9,41,-1.570796
9,42,3.141593
9,52,1.892547
9,84,-2.356194
10,11,1.570796
10,20,-1.570796
11,11,-2.356194
11,31,-1.249046
11,33,-1.892547
11,38,2.356194
11,60,-2.819842
11,85,3.141593
12,9,-1.570796
12,21,0.785398
12,42,0.321751
12,45,1.892547
12,55,-2.356194
12,70,0.321751
12,72,3.141593
13,21,0.000000
13,23,1.892547
13,45,-1.249046
13,52,0.000000
13,57,0.785398
13,61,0.785398
13,62,1.892547
13,67,1.570796
13,70,-1.570796
13,73,1.570796
14,25,1.570796
14,26,2.356194
14,43,3.141593
14,47,-1.249046
14,51,1.570796
14,54,-1.249046
14,67,0.000000
14,69,2.356194
14,73,-0.321751
14,74,2.819842
15,21,0.000000
15,23,-1.892547
15,37,-2.356194
15,44,0.000000
15,49,-1.249046
15,51,3.141593
15,58,-1.892547
15,60,1.570796
15,63,-1.249046
15,64,3.141593
15,67,-1.570796
15,69,-1.570796
15,74,-1.570796
16,21,-0.785398
16,40,-0.785398
16,41,-2.356194
16,56,-0.785398
16,60,-0.321751
16,66,2.356194
17,35,2.356194
17,51,-0.785398
17,57,1.570796
17,71,1.570796
17,76,0.000000
17,79,-2.356194
18,7,0.321751
18,9,3.141593
18,25,-1.570796
18,26,-2.356194
18,31,0.785398
18,32,1.570796
18,33,2.356194
18,43,0.785398
18,45,-1.892547
18,49,0.785398
18,50,2.356194
18,58,3.141593
18,66,-0.321751
18,71,-0.321751
18,86,2.356194
19,7,-0.785398
19,18,0.785398
19,20,1.249046
19,35,-1.249046
19,36,-2.356194
19,53,-0.785398
19,54,3.141593
19,59,1.570796
19,67,-1.249046
19,68,3.141593
20,12,0.785398
20,13,1.570796
20,14,2.356194
20,18,0.000000
20,31,-0.785398
20,42,-0.785398
20,43,-1.570796
20,44,3.141593
20,50,-0.321751
20,52,3.141593
20,77,0.321751
20,80,1.570796
20,85,-1.892547
21,20,-1.570796
21,66,2.819842
21,70,1.570796
21,77,-1.570796
22,15,-1.570796
22,16,-2.356194
22,18,3.141593
22,47,0.785398
22,48,1.892547
22,53,0.785398
22,62,2.819842
22,66,-1.570796
22,70,-0.321751
22,80,-0.321751
23,48,-1.249046
23,67,1.570796
23,76,-1.570796
23,83,-2.819842
24,23,1.570796
24,55,-2.356194
24,57,0.785398
24,58,1.892547
24,60,1.249046
24,67,-0.321751
24,68,2.819842
24,73,2.819842
24,77,0.000000
24,78,1.892547
25,16,0.000000
25,17,-1.892547
25,20,-2.356194
25,25,2.356194
25,45,0.785398
25,46,1.892547
25,64,0.785398
25,68,-1.570796
25,73,-1.570796
25,83,1.570796
25,88,2.356194
26,7,0.785398
26,33,0.000000
26,52,-0.785398
26,54,2.819842
26,58,-1.570796
26,60,-1.249046
26,65,-1.570796
26,84,-2.356194
26,88,3.141593
27,7,0.000000
27,41,0.785398
27,42,1.892547
27,54,-1.570796
27,57,-0.785398
27,62,-2.356194
27,66,1.570796
27,79,-0.321751
27,80,2.819842
27,88,-2.356194
28,7,-0.785398
28,17,1.249046
28,18,3.141593
28,42,-1.249046
28,43,3.141593
28,55,1.570796
28,66,-0.321751
28,67,2.819842
28,76,1.570796
29,17,-1.892547
29,20,0.785398
29,24,-1.892547
29,44,0.000000
29,45,1.570796
29,47,3.141593
29,50,-1.249046
29,51,3.141593
29,55,-0.321751
29,56,2.819842
29,58,0.000000
29,63,0.000000
29,67,-1.570796
29,76,-0.321751
29,81,3.141593
30,22,-1.892547
30,38,-2.356194
30,56,-1.570796
30,60,1.570796
30,64,-1.570796
30,68,0.000000
30,78,2.819842
30,82,1.570796
30,87,-0.785398
30,89,2.819842
31,6,0.321751
31,8,-2.356194
31,14,-0.785398
31,15,-2.356194
31,18,1.249046
31,20,-1.892547
31,41,0.785398
31,46,0.000000
31,48,0.000000
31,49,1.892547
31,57,1.570796
31,60,-0.321751
31,65,1.570796
31,69,-1.570796
31,78,-1.570796
31,82,-0.321751
31,89,-2.356194
32,6,-0.785398
32,18,-1.892547
32,50,3.141593
32,58,3.141593
32,62,2.819842
32,65,-0.321751
32,66,2.819842
32,75,0.000000
33,21,3.141593
33,36,0.785398
33,37,1.892547
33,43,0.000000
33,44,1.892547
33,62,-1.570796
33,66,-1.570796
33,80,1.570796
33,84,-1.570796
34,23,1.570796
34,37,-1.249046
34,39,1.892547
34,67,0.000000
34,71,0.000000
34,72,1.892547
34,76,0.000000
34,80,-0.321751
34,81,2.819842
34,85,1.570796
34,89,2.356194
35,6,0.785398
35,21,1.249046
35,39,-1.249046
35,40,-2.356194
35,41,3.141593
35,46,2.819842
35,50,0.785398
35,53,-2.356194
35,68,-1.570796
35,73,2.819842
35,77,-1.570796
35,81,-1.570796
35,85,-0.321751
35,89,3.141593
36,6,0.000000
36,12,-0.785398
36,28,1.249046
36,29,2.356194
36,46,-1.570796
36,65,1.570796
36,69,1.570796
37,6,-0.785398
37,14,0.785398
37,15,3.141593
37,19,0.000000
37,20,-1.892547
37,27,-0.785398
37,28,-1.892547
37,47,-2.356194
37,62,1.570796
37,65,-0.321751
37,69,-0.321751
37,70,2.819842
37,73,-0.321751
37,87,-1.249046
37,89,3.141593
38,14,-0.785398
38,23,1.249046
38,24,3.141593
38,49,0.785398
38,54,-2.356194
38,62,-0.321751
38,67,2.819842
38,70,-1.570796
38,74,-1.249046
38,75,3.141593
38,89,-2.356194
39,16,-0.785398
39,21,1.249046
39,23,-1.892547
39,40,-2.356194
39,64,2.819842
39,76,1.570796
40,13,1.570796
40,19,1.249046
40,21,-1.892547
40,64,-1.570796
40,68,3.141593
40,72,1.570796
40,76,-0.321751
40,77,2.819842
41,12,-0.785398
41,25,1.249046
41,26,2.356194
41,52,-2.356194
41,69,-2.356194
41,72,-0.321751
41,73,2.819842
41,77,-1.570796
41,85,1.570796
42,10,3.141593
42,17,0.000000
42,18,-1.892547
42,23,1.249046
42,25,-1.892547
42,66,-2.356194
42,73,-1.570796
42,85,-0.321751
42,86,2.819842
43,6,0.785398
43,22,0.000000
43,23,-1.892547
43,62,-1.570796
43,70,0.785398
44,6,0.000000
44,8,-0.785398
44,11,2.356194
44,14,1.249046
44,20,1.249046
44,21,3.141593
44,67,0.785398
44,82,-1.570796
44,86,-0.321751
44,90,2.356194
45,6,-0.785398
45,14,-1.892547
45,16,-2.356194
45,19,0.000000
45,20,-1.892547
45,68,-2.356194
45,87,-1.249046
45,90,-2.819842
46,12,-1.892547
46,37,-0.785398
46,39,2.819842
46,72,-2.356194
47,23,0.000000
47,39,-1.570796
47,77,-2.356194
48,15,1.570796
48,21,2.356194
48,70,0.785398
49,6,0.785398
49,14,0.000000
49,64,0.785398
49,78,1.570796
49,81,-1.570796
50,6,-0.321751
50,8,2.356194
50,68,1.570796
50,78,-1.570796
51,16,0.000000
51,61,0.000000
51,68,-1.570796
51,73,-2.356194
51,86,1.570796
52,79,1.570796
53,66,3.141593
53,70,0.785398
53,79,-1.570796
53,82,0.785398
54,71,1.570796
54,75,0.785398
54,90,2.356194
55,17,2.356194
55,63,-0.785398
55,64,-2.356194
55,71,-0.321751
55,72,2.819842
55,76,-2.356194
55,90,3.141593
56,16,1.570796
56,21,2.356194
56,61,-0.785398
56,68,0.785398
56,72,-1.570796
56,90,-2.356194
57,15,0.321751
57,16,-2.819842
57,65,0.785398
57,68,-0.321751
57,69,2.819842
57,73,-2.356194
57,77,1.570796
58,15,-1.570796
58,19,3.141593
58,65,-0.321751
58,66,2.819842
58,69,-1.570796
58,81,0.785398
59,14,1.570796
59,18,-0.785398
59,39,2.356194
59,66,-2.356194
59,74,1.570796
59,78,-2.356194
60,14,-2.819842
60,18,2.356194
60,22,1.570796
60,38,-0.785398
60,70,-1.570796
60,82,-1.570796
60,86,-1.570796
61,6,0.785398
61,9,1.249046
61,11,1.570796
61,13,-1.892547
61,17,0.321751
61,18,-2.819842
61,22,2.356194
61,38,2.356194
61,67,-2.356194
61,79,1.570796
62,6,0.000000
62,21,0.321751
62,22,-2.819842
62,36,1.249046
62,38,3.141593
62,64,1.570796
62,79,-1.570796
62,87,1.570796
63,6,-0.785398
63,9,-1.249046
63,17,-2.819842
63,21,-1.570796
63,35,-0.785398
63,36,-1.892547
63,38,-1.570796
63,64,-1.570796
63,68,1.570796
63,72,1.570796
64,15,0.321751
64,31,-0.785398
64,68,-1.570796
64,76,-1.570796
64,90,2.356194
65,39,0.785398
65,65,1.570796
65,84,1.570796
65,90,3.141593
66,14,0.321751
66,15,-2.819842
66,39,0.000000
66,73,-2.356194
66,77,1.570796
66,90,-2.356194
67,14,-0.785398
67,19,2.356194
67,39,-0.785398
67,77,-1.570796
67,85,-2.356194
68,18,0.321751
68,19,-2.819842
68,22,1.570796
68,66,-1.570796
69,6,2.356194
69,12,1.249046
69,13,3.141593
69,18,-0.785398
69,22,2.356194
70,6,-2.819842
70,21,0.321751
70,22,-2.819842
70,71,1.570796
70,74,0.785398
71,21,-0.785398
71,83,0.785398
72,6,2.819842
72,71,-1.570796
72,75,-1.570796
72,84,-2.356194
72,87,0.785398
73,6,-1.570796
73,21,2.356194
73,36,1.570796
73,42,2.356194
73,90,2.356194
74,20,0.321751
74,21,-2.819842
74,36,-1.570796
74,72,0.785398
74,76,0.785398
74,90,-2.819842
75,7,-0.785398
75,20,-0.785398
75,44,2.356194
75,45,0.785398
75,89,-0.785398
76,20,2.356194
76,25,1.570796
76,39,0.321751
76,46,-1.570796
77,16,2.356194
77,19,0.321751
77,20,-2.819842
77,39,-0.785398
77,78,-2.356194
78,9,1.249046
78,14,1.249046
78,19,-0.785398
78,70,1.570796
79,19,2.356194
79,70,-1.570796
79,74,-1.570796
80,11,-1.570796
80,13,-1.892547
80,18,0.321751
80,19,-2.819842
81,8,-0.785398
81,18,-0.785398
81,30,1.570796
81,37,-0.785398
81,40,1.570796
81,47,-1.570796
81,53,1.570796
81,75,1.570796
81,80,0.785398
82,18,2.356194
82,43,2.356194
82,50,1.570796
82,53,-1.570796
82,75,-1.570796
82,81,-2.356194
83,17,0.321751
83,18,-2.819842
83,25,-1.570796
83,30,-1.570796
83,36,2.356194
83,42,0.321751
83,43,-2.819842
83,50,-1.570796
83,90,2.356194
84,33,0.000000
84,42,-0.785398
84,57,1.570796
84,87,0.000000
84,88,0.785398
84,90,-2.819842
85,12,1.249046
85,13,2.356194
85,16,-0.785398
85,26,1.570796
85,38,-1.570796
85,42,-1.570796
85,57,-1.570796
86,8,0.785398
86,10,1.249046
86,26,-1.570796
87,8,0.000000
87,19,1.570796
88,8,-0.785398
88,10,-1.249046
88,22,1.570796
89,22,-1.570796
89,85,1.570796
90,8,2.356194
90,15,-2.356194
90,89,2.356194
91,7,0.321751
91,16,0.785398
91,21,2.356194
91,89,3.141593
92,7,-1.570796
92,29,2.356194
92,89,-2.356194
93,13,1.249046
93,19,-1.570796
93,28,-0.785398
94,18,3.141593
94,25,3.141593
94,36,1.570796
94,89,2.356194
95,5,0.321751
95,7,2.819842
95,21,1.249046
95,22,2.356194
95,89,-2.819842
96,34,1.249046
96,35,3.141593
97,15,-2.356194
97,16,-0.785398
97,17,-1.570796
97,18,-2.356194
97,19,-0.785398
97,20,-1.892547
97,28,2.356194
97,84,0.000000
97,86,-0.785398
97,87,-1.892547
98,26,0.000000
98,31,0.000000
98,32,-0.785398
98,33,-1.892547
