7,30,1.249046
7,31,2.356194
7,42,0.785398
7,43,1.570796
7,44,2.356194
10,57,2.356194
11,55,1.249046
13,49,0.785398
13,50,1.892547
13,64,1.249046
13,65,2.356194
13,68,0.785398
13,69,1.570796
13,70,2.356194
13,75,0.785398
13,76,1.570796
13,77,2.356194
14,12,1.249046
14,13,3.141593
14,25,-1.570796
14,62,1.249046
15,11,0.321751
15,34,1.570796
15,36,1.892547
15,39,1.249046
15,40,2.356194
15,47,-0.785398
15,48,-1.570796
15,69,2.356194
16,42,-1.249046
16,64,-2.819842
17,10,0.321751
17,11,-2.819842
17,31,0.321751
17,34,-1.570796
17,44,-2.356194
17,49,0.321751
17,71,1.892547
18,10,-1.570796
18,41,1.892547
18,67,-0.321751
19,43,-0.785398
19,44,-1.570796
19,45,3.141593
19,49,0.000000
19,51,-1.892547
19,64,2.819842
20,34,2.356194
20,49,-1.570796
21,47,0.000000
21,48,2.356194
21,75,0.321751
21,77,2.819842
22,8,0.321751
22,10,3.141593
22,33,3.141593
22,41,-0.785398
22,48,-2.356194
23,8,-0.785398
23,48,2.356194
23,61,0.321751
23,63,2.819842
23,78,2.819842
24,41,-2.356194
24,67,0.321751
24,73,1.249046
24,78,-2.356194
25,24,0.321751
25,28,-1.249046
25,30,-1.570796
25,51,0.785398
25,52,1.570796
25,53,2.356194
25,55,-0.785398
25,56,-1.892547
25,63,-2.819842
25,67,-0.785398
25,86,2.356194
26,26,-2.356194
26,32,-1.249046
26,76,-2.356194
26,77,-0.785398
26,78,-1.570796
26,79,3.141593
26,86,3.141593
27,34,-1.249046
27,35,3.141593
27,62,-0.321751
27,65,1.570796
27,66,3.141593
27,81,3.141593
27,86,-2.356194
28,23,-0.785398
28,26,-2.356194
28,36,0.000000
28,57,0.321751
28,71,0.000000
28,73,-0.785398
28,75,2.819842
29,6,0.321751
29,8,3.141593
29,31,0.785398
29,48,2.819842
29,52,0.785398
29,63,-0.785398
29,65,-2.356194
29,78,0.785398
30,6,-1.570796
30,35,1.249046
30,37,-1.892547
30,57,3.141593
30,66,0.000000
30,67,1.570796
30,68,2.356194
30,69,0.785398
30,74,0.000000
30,75,-1.570796
30,76,3.141593
30,80,-2.819842
31,32,-0.785398
31,33,-2.356194
31,43,0.000000
31,45,-0.785398
31,51,0.785398
31,55,2.356194
31,62,2.356194
31,73,3.141593
32,25,0.000000
32,26,1.570796
32,27,2.356194
32,28,0.785398
32,29,1.570796
32,30,2.356194
32,35,-2.356194
32,43,-0.785398
32,57,-0.785398
32,59,1.570796
32,70,-0.785398
33,43,2.356194
33,67,0.785398
33,70,0.785398
33,74,2.356194
33,86,2.356194
34,29,2.356194
34,42,0.000000
34,43,-2.356194
34,53,-2.356194
34,59,-0.321751
34,64,0.000000
34,65,1.892547
34,84,0.000000
34,86,-2.819842
35,4,0.321751
35,6,3.141593
35,15,1.249046
35,16,2.356194
35,20,0.785398
35,21,1.892547
35,25,0.000000
35,34,2.356194
35,41,1.570796
36,4,-0.785398
36,14,-0.785398
36,15,-1.892547
36,23,1.570796
36,24,3.141593
36,34,-2.356194
36,37,2.356194
36,41,-2.819842
36,57,2.356194
36,60,0.000000
36,63,2.819842
36,66,-2.356194
37,8,0.000000
37,9,1.570796
37,10,2.356194
37,27,2.356194
37,32,-1.570796
37,35,0.785398
37,37,-2.356194
37,44,-1.570796
37,49,-1.892547
37,63,-2.356194
37,66,0.785398
37,77,2.819842
38,18,1.249046
38,19,2.356194
38,26,0.321751
38,27,-2.819842
38,31,3.141593
38,35,-0.785398
38,47,-1.570796
38,74,-2.356194
38,77,-2.356194
39,26,-1.570796
39,38,-1.570796
39,46,1.570796
39,51,1.249046
39,52,3.141593
39,60,-1.249046
39,64,2.819842
39,68,-2.356194
39,74,0.785398
39,77,0.785398
40,25,1.570796
40,32,1.570796
40,33,2.356194
40,34,-0.785398
40,37,3.141593
40,41,1.570796
40,46,-2.819842
40,58,2.819842
40,68,0.785398
40,72,2.356194
40,74,-0.321751
40,75,2.819842
40,77,-0.321751
40,79,2.356194
40,80,-0.785398
40,81,-1.892547
41,3,0.321751
41,5,-2.356194
41,11,0.785398
41,12,2.356194
41,21,2.356194
41,24,0.321751
41,25,-2.819842
41,41,-2.819842
41,58,-1.570796
41,72,3.141593
41,75,-2.356194
42,3,-0.785398
42,12,-1.570796
42,21,-2.356194
42,27,0.321751
42,36,-2.819842
42,43,0.000000
42,44,-1.892547
42,49,-1.892547
42,54,1.249046
42,60,2.356194
42,72,-2.356194
43,9,3.141593
43,13,1.570796
43,19,-0.785398
43,22,0.785398
43,24,-2.356194
43,27,-1.570796
43,34,0.321751
43,38,0.321751
43,47,-1.570796
43,52,1.249046
43,62,-2.356194
44,3,0.785398
44,19,2.356194
44,22,-0.785398
44,25,0.785398
44,26,3.141593
44,30,1.570796
44,34,-1.570796
44,38,-1.570796
44,42,-1.570796
44,46,1.570796
44,51,0.000000
44,59,-2.356194
44,65,1.570796
45,3,0.000000
45,7,-0.785398
45,8,-2.356194
45,12,-0.785398
45,13,-1.892547
45,25,-0.785398
45,30,-2.819842
45,33,1.570796
45,44,1.249046
45,46,-2.356194
45,49,1.249046
45,50,3.141593
45,53,0.785398
45,55,-1.892547
45,59,0.785398
45,65,-2.819842
45,72,0.785398
45,75,2.356194
46,3,-0.785398
46,10,3.141593
46,16,-0.321751
46,20,-2.356194
46,28,0.321751
46,32,0.321751
46,33,-2.819842
46,39,2.356194
46,47,0.785398
46,49,-1.892547
46,61,-0.785398
46,72,-0.321751
46,75,3.141593
47,24,1.570796
47,28,-1.570796
47,32,-1.570796
47,35,-0.785398
47,42,0.000000
47,43,-1.892547
47,47,-1.570796
47,52,0.000000
47,53,-2.356194
47,58,-0.785398
47,59,-1.892547
48,7,0.321751
48,19,2.819842
48,23,0.321751
48,24,-2.819842
48,27,1.570796
48,31,3.141593
48,37,1.570796
48,45,1.249046
48,46,3.141593
48,55,2.356194
48,65,0.000000
48,73,0.785398
48,76,2.819842
49,3,0.785398
49,13,0.785398
49,14,1.570796
49,15,3.141593
49,23,-1.570796
49,26,0.321751
49,27,-2.819842
49,30,-1.570796
49,34,3.141593
49,36,0.321751
49,37,-2.819842
49,44,0.321751
49,53,0.321751
49,61,0.000000
49,62,-1.892547
49,66,-2.356194
49,73,0.000000
49,76,-2.356194
50,3,0.000000
50,6,-0.785398
50,11,1.570796
50,19,-2.819842
50,26,-1.570796
50,32,-0.785398
50,36,-1.570796
50,53,-1.570796
50,59,1.249046
50,60,3.141593
50,73,-0.785398
50,84,0.000000
50,85,2.356194
51,11,-2.819842
51,18,-0.785398
51,22,2.356194
51,44,-2.356194
51,51,0.000000
51,85,-2.356194
52,2,0.321751
52,8,1.249046
52,10,-1.892547
52,24,1.570796
52,31,2.356194
52,42,-1.570796
52,45,0.785398
52,46,2.356194
52,55,1.249046
52,56,2.356194
52,57,-0.785398
52,58,-1.892547
52,65,-0.785398
52,67,2.819842
53,4,2.356194
53,7,0.321751
53,14,2.356194
53,17,1.570796
53,20,0.321751
53,27,1.570796
53,30,-0.785398
53,37,1.570796
53,54,0.000000
53,55,-1.892547
53,61,1.249046
53,62,2.356194
53,67,-2.356194
54,2,0.000000
54,4,-2.356194
54,13,-0.785398
54,14,-2.356194
54,17,-2.819842
54,27,-2.819842
54,36,0.321751
54,37,-2.819842
54,45,-2.819842
54,67,2.356194
55,2,-0.785398
55,5,0.785398
55,10,1.249046
55,11,3.141593
55,20,0.000000
55,29,1.570796
55,33,2.356194
55,51,0.000000
55,57,1.249046
55,58,2.356194
55,65,0.785398
55,67,-2.819842
56,9,0.321751
56,15,-0.785398
56,20,-1.570796
56,23,-2.819842
56,25,-0.785398
56,32,0.000000
56,33,-2.356194
56,36,-2.819842
56,42,0.321751
56,56,0.000000
56,57,-1.892547
56,60,-1.249046
56,61,3.141593
56,74,1.570796
56,84,1.570796
57,5,-2.819842
57,22,-0.785398
57,42,-1.570796
57,48,3.141593
57,54,1.249046
57,55,3.141593
57,64,-2.356194
57,65,-0.785398
57,67,2.819842
57,75,3.141593
57,84,-2.819842
58,11,2.356194
58,12,3.141593
58,22,2.356194
58,34,-0.785398
58,53,0.000000
58,54,-1.892547
58,67,-2.356194
58,83,-0.785398
59,3,-0.785398
59,10,-1.892547
59,15,2.356194
59,21,0.321751
59,22,-2.819842
59,24,-0.785398
59,40,1.570796
59,44,1.249046
59,45,3.141593
59,62,-1.570796
59,67,2.356194
60,3,-1.570796
60,6,0.321751
60,15,3.141593
60,18,2.356194
60,21,-0.785398
60,30,2.356194
60,39,0.321751
60,40,-2.819842
60,43,0.321751
60,56,1.249046
60,57,3.141593
60,63,0.000000
60,64,1.570796
60,67,-2.819842
61,6,-0.785398
61,15,-1.570796
61,18,-2.819842
61,24,2.356194
61,29,0.321751
61,30,-2.819842
61,39,-1.570796
61,43,-1.570796
61,54,0.785398
62,21,2.356194
62,29,-0.785398
62,64,0.000000
62,66,3.141593
63,7,-2.356194
63,14,2.356194
63,20,0.321751
63,21,-2.819842
63,26,2.356194
63,29,2.356194
63,46,1.570796
63,52,-0.785398
63,64,-1.570796
63,66,-2.356194
63,83,2.356194
64,20,-0.785398
64,25,0.321751
64,26,-2.819842
64,28,0.321751
64,29,-2.819842
64,45,0.321751
64,46,-2.819842
64,54,-0.785398
64,83,-2.819842
65,5,-1.570796
65,11,1.249046
65,12,3.141593
65,14,0.785398
65,22,1.570796
65,25,-0.785398
65,28,-0.785398
65,38,2.356194
65,45,-0.785398
65,65,0.321751
65,82,-0.785398
66,2,0.785398
66,9,0.785398
66,14,-0.785398
66,19,-0.785398
66,22,-2.819842
66,37,0.321751
66,38,-2.819842
66,65,-0.785398
66,68,-1.570796
67,3,-2.356194
67,5,-0.785398
67,6,-1.570796
67,7,-2.356194
67,14,2.356194
67,17,-0.785398
67,37,-0.785398
67,41,2.356194
68,12,2.356194
68,13,-0.785398
68,17,0.000000
68,21,0.785398
68,24,1.570796
68,40,0.321751
68,41,-2.819842
69,24,3.141593
69,40,-0.785398
69,45,2.356194
69,48,1.570796
69,54,-0.785398
70,15,1.570796
70,34,2.356194
70,44,0.321751
70,45,-2.819842
70,82,2.356194
71,8,-0.785398
71,14,0.000000
71,34,-2.819842
71,44,-0.785398
71,60,0.321751
71,65,1.570796
71,80,0.000000
71,82,-2.819842
72,3,0.000000
72,10,0.000000
72,11,1.570796
72,12,2.356194
72,17,0.000000
72,18,-1.892547
72,57,0.785398
72,66,2.819842
73,16,1.570796
73,20,1.249046
73,22,3.141593
73,31,0.321751
73,34,2.819842
74,10,-0.785398
74,16,-2.819842
74,19,0.321751
74,28,0.785398
74,34,-1.570796
74,37,-1.570796
74,45,1.570796
74,65,-0.785398
74,66,-1.570796
74,67,-2.356194
75,23,3.141593
75,28,0.000000
75,31,3.141593
75,45,-0.321751
76,6,1.249046
76,7,3.141593
76,18,1.570796
76,31,-2.356194
76,38,1.570796
76,46,-1.249046
76,47,3.141593
76,50,0.000000
76,51,1.892547
76,57,1.249046
76,59,-1.892547
76,80,1.570796
77,3,0.000000
77,5,-0.785398
77,6,-1.892547
77,12,0.000000
77,13,-1.892547
77,17,0.321751
77,18,-2.819842
77,20,-0.785398
77,26,2.356194
77,28,3.141593
77,42,3.141593
77,52,2.819842
77,56,0.000000
77,80,-2.819842
78,11,1.570796
78,20,2.356194
78,24,0.321751
78,28,-2.356194
78,35,2.356194
78,38,2.356194
78,54,1.249046
78,55,3.141593
78,79,-0.785398
79,10,-0.785398
79,11,-2.356194
79,15,1.249046
79,17,-2.356194
79,19,0.000000
79,20,-2.356194
79,24,-1.570796
79,28,0.785398
79,32,-2.356194
79,38,-2.819842
79,45,0.785398
79,46,1.892547
80,12,0.785398
80,13,2.356194
80,14,-0.785398
80,15,-1.892547
80,18,-2.356194
80,21,0.000000
80,28,0.000000
80,44,0.785398
80,48,-1.570796
80,49,-2.356194
81,6,3.141593
81,37,-1.249046
81,38,3.141593
81,52,-2.356194
82,12,-2.819842
82,22,-1.570796
82,24,0.000000
82,25,1.892547
82,35,3.141593
82,39,0.000000
82,40,1.570796
82,41,2.356194
82,42,0.785398
82,79,2.356194
83,5,3.141593
83,9,1.249046
83,11,-1.892547
83,16,0.785398
83,21,1.570796
83,35,-2.356194
83,46,-0.785398
83,48,0.000000
83,77,0.000000
83,79,-2.819842
84,8,0.321751
84,15,1.570796
84,20,0.321751
84,21,-2.819842
84,25,-0.785398
84,28,-2.356194
84,32,0.321751
84,33,-2.819842
84,40,3.141593
84,52,2.356194
85,3,-0.321751
85,5,-2.819842
85,18,1.570796
85,25,0.000000
85,28,2.356194
85,38,-1.570796
85,40,-2.356194
85,46,0.785398
85,52,3.141593
85,77,1.570796
86,12,1.249046
86,26,0.000000
86,31,0.321751
86,32,-2.819842
86,46,0.000000
86,52,-2.356194
86,77,-2.819842
87,4,-0.321751
87,22,1.249046
87,23,3.141593
87,29,3.141593
87,52,2.356194
87,70,1.570796
87,75,0.000000
87,76,-1.892547
88,9,-1.570796
88,27,-1.570796
88,31,-2.819842
88,34,2.356194
88,43,2.356194
88,46,-0.321751
88,52,3.141593
89,5,0.000000
89,7,-1.892547
89,12,0.785398
89,13,2.356194
89,16,3.141593
89,33,0.321751
89,34,-2.819842
89,43,3.141593
89,47,-1.249046
89,67,2.356194
89,69,-0.785398
89,70,-1.892547
90,5,-0.785398
90,12,-0.785398
90,30,0.000000
90,61,1.570796
90,65,0.000000
90,66,-1.892547
91,5,0.785398
91,12,2.356194
91,16,-0.785398
91,17,-2.356194
91,40,1.249046
92,5,-0.321751
92,7,2.356194
92,11,-0.785398
92,12,-2.356194
92,15,1.570796
92,29,-0.785398
92,37,-2.356194
92,44,-2.356194
92,49,3.141593
93,13,0.000000
93,15,-2.819842
93,19,0.000000
93,21,-1.570796
93,22,-2.356194
93,27,-1.892547
93,52,1.249046
93,57,1.570796
93,58,2.356194
93,59,-0.785398
93,60,-1.892547
94,19,-0.785398
94,31,-0.785398
94,48,0.321751
95,12,1.249046
95,14,-2.356194
95,19,2.356194
95,23,0.321751
95,35,0.000000
95,37,1.892547
95,40,0.000000
95,52,-1.249046
96,15,0.785398
96,16,2.356194
96,18,-0.785398
96,19,-2.356194
97,22,-0.785398
97,23,-1.570796
97,25,-1.892547
97,30,-0.785398
97,31,-1.570796
97,32,-2.356194
97,34,-0.785398
97,35,-1.570796
97,37,-1.892547
98,13,-2.356194
98,14,-0.785398
