5,33,0.785398
5,34,1.570796
5,35,2.356194
5,41,0.785398
5,42,1.570796
5,43,2.356194
5,48,0.785398
5,49,1.892547
6,24,0.785398
6,25,2.356194
7,17,1.249046
7,18,3.141593
7,25,-2.356194
7,49,-0.785398
8,65,2.356194
9,17,-1.570796
10,35,3.141593
10,49,2.356194
10,62,0.321751
10,74,2.356194
11,19,1.570796
11,32,0.000000
11,33,-1.892547
11,36,0.000000
11,37,1.570796
11,38,2.356194
11,41,-0.785398
11,42,-1.570796
11,43,-2.356194
11,62,-0.785398
12,19,0.000000
12,49,-1.249046
12,50,-2.356194
12,51,0.785398
12,52,1.892547
13,19,-0.785398
13,21,0.000000
13,22,1.570796
13,23,2.356194
13,25,-0.785398
13,26,-1.570796
13,27,-2.356194
13,52,-1.249046
13,53,-2.356194
13,54,0.785398
13,55,1.892547
13,81,3.141593
14,33,1.249046
14,34,2.356194
14,36,-0.785398
14,37,-1.570796
14,39,1.570796
14,41,1.892547
14,45,1.249046
14,46,2.356194
14,57,2.356194
14,58,0.785398
14,59,1.892547
14,63,2.819842
15,8,0.321751
15,10,3.141593
15,29,0.785398
15,30,1.570796
15,31,2.356194
15,53,0.785398
15,63,-2.356194
16,8,-1.570796
16,59,-1.570796
17,12,0.000000
17,13,1.570796
17,15,1.570796
17,16,2.356194
17,18,-0.785398
17,19,-1.570796
17,20,-2.356194
17,21,-0.785398
17,22,-1.570796
17,23,-2.356194
17,64,2.356194
17,65,0.785398
18,44,-1.249046
18,46,1.570796
18,47,2.356194
18,54,1.570796
19,6,0.321751
19,8,3.141593
19,13,-0.321751
19,15,-2.819842
19,26,1.249046
19,27,2.356194
19,34,-1.892547
19,39,-2.356194
19,48,0.000000
19,49,1.892547
19,51,1.249046
19,52,2.356194
19,54,3.141593
19,62,0.000000
20,6,-1.570796
20,25,-0.785398
20,64,0.785398
21,16,1.570796
21,17,2.356194
21,28,1.892547
21,65,-1.249046
21,67,1.892547
21,70,1.249046
22,26,0.785398
22,48,0.321751
22,51,3.141593
22,53,0.321751
22,57,-2.356194
22,61,0.000000
22,62,1.892547
23,5,0.785398
23,28,-1.892547
23,48,-0.785398
23,51,-2.356194
23,53,-0.785398
23,64,0.785398
24,5,-0.785398
24,6,3.141593
24,22,0.785398
24,23,1.570796
24,31,-1.570796
24,33,-2.356194
24,51,0.785398
24,56,0.321751
24,58,-2.356194
24,62,-0.785398
24,67,-2.356194
24,68,-0.785398
25,13,2.356194
25,15,-0.785398
25,16,-1.570796
25,17,-2.356194
25,30,1.570796
25,51,0.000000
25,56,-1.570796
25,60,1.570796
26,4,0.785398
26,11,-0.785398
26,12,-1.892547
26,25,-2.819842
26,28,0.785398
26,51,-0.785398
26,62,-1.570796
26,66,2.356194
26,70,3.141593
26,73,-1.249046
26,74,3.141593
27,4,-0.785398
27,5,3.141593
27,22,0.321751
27,28,-0.785398
27,45,-1.570796
27,59,0.321751
27,85,3.141593
28,16,0.785398
28,17,1.570796
28,22,-0.785398
28,24,-2.356194
28,59,-0.785398
28,66,2.356194
28,72,0.785398
28,73,1.892547
28,76,0.000000
28,80,1.892547
28,82,0.000000
28,83,-1.892547
29,22,2.356194
29,24,0.785398
29,42,0.785398
29,64,-0.321751
29,67,0.000000
30,3,0.785398
30,9,2.356194
30,24,-0.321751
30,25,2.819842
30,43,-2.356194
30,44,3.141593
30,47,-0.785398
30,70,-1.570796
31,3,0.000000
31,7,-0.785398
31,8,-1.892547
31,25,-2.356194
32,3,-0.785398
32,12,1.249046
32,13,2.356194
32,15,-0.785398
32,16,-1.892547
32,24,0.785398
32,68,3.141593
32,72,0.000000
32,73,1.892547
33,9,1.249046
33,10,2.356194
33,11,-0.785398
33,12,-1.892547
33,18,2.356194
33,24,-0.321751
33,25,2.819842
33,40,-1.570796
33,63,-0.321751
33,70,3.141593
33,73,-1.249046
33,75,2.356194
33,79,-1.249046
33,83,-2.356194
34,8,-0.785398
34,9,-1.892547
34,16,1.249046
34,18,3.141593
34,38,1.570796
34,47,1.570796
35,5,2.356194
35,18,-2.356194
35,24,0.321751
35,25,-2.819842
35,43,1.570796
35,63,0.321751
35,66,0.000000
35,67,1.570796
35,69,1.892547
35,76,3.141593
35,88,2.356194
36,3,0.000000
36,4,-1.892547
36,14,-0.785398
36,21,0.785398
36,24,-0.785398
36,37,0.785398
36,40,1.570796
36,63,-0.785398
36,70,-2.356194
36,71,0.785398
36,72,1.892547
36,82,-0.785398
36,83,-2.356194
36,84,0.785398
36,85,1.570796
37,2,-0.785398
37,18,2.356194
37,21,-0.321751
37,22,2.819842
37,37,-0.321751
37,38,2.819842
37,55,0.785398
37,67,0.000000
37,79,0.785398
37,80,1.570796
37,81,3.141593
38,18,-2.819842
38,22,-2.356194
38,38,-2.356194
38,55,-0.321751
38,56,2.819842
38,75,1.892547
38,87,-1.892547
39,5,1.249046
39,6,3.141593
39,38,-1.570796
39,48,-1.570796
39,56,-2.356194
39,66,-0.785398
39,70,1.570796
39,72,2.356194
39,76,2.819842
40,3,0.000000
40,4,-0.785398
40,5,-1.892547
40,17,-2.356194
40,60,0.785398
40,76,-1.570796
40,82,0.000000
40,83,1.892547
41,48,1.570796
41,60,-0.321751
41,61,2.819842
41,68,0.000000
41,73,3.141593
41,77,0.000000
41,78,1.892547
42,6,1.249046
42,7,2.356194
42,17,0.785398
42,32,2.356194
42,36,1.570796
42,48,0.785398
42,61,-1.570796
42,74,1.570796
43,5,0.000000
43,6,-1.892547
43,19,2.356194
43,20,-0.785398
43,22,2.819842
43,31,0.321751
43,32,-2.819842
43,36,-0.321751
43,37,2.819842
43,48,-0.321751
43,49,2.819842
43,66,0.785398
43,69,-2.356194
43,75,3.141593
43,81,1.892547
44,3,0.000000
44,22,-2.356194
44,29,-1.570796
44,31,-0.785398
44,37,-1.570796
44,49,-2.356194
44,71,0.000000
44,72,1.892547
44,77,0.785398
44,78,2.356194
44,82,2.819842
44,86,-1.249046
44,87,3.141593
45,9,1.249046
45,10,3.141593
45,19,2.819842
45,41,0.785398
45,49,0.785398
45,67,2.356194
45,72,-1.249046
45,73,3.141593
45,82,-1.570796
46,7,1.249046
46,9,-1.892547
46,29,1.570796
46,41,-0.321751
46,42,2.819842
46,49,-0.321751
46,50,2.819842
46,61,0.785398
46,66,0.321751
46,74,1.570796
46,78,-0.321751
46,83,0.000000
46,84,1.892547
46,88,0.785398
47,5,1.249046
47,7,-1.892547
47,20,2.819842
47,35,1.570796
47,50,-2.356194
47,53,-1.570796
47,66,-0.785398
47,68,0.000000
47,69,1.570796
47,70,2.356194
47,75,3.141593
47,79,-1.249046
47,80,3.141593
47,90,2.356194
48,12,1.249046
48,13,3.141593
48,42,-0.321751
48,43,2.819842
48,50,0.785398
48,81,1.570796
48,90,-1.570796
49,2,0.000000
49,3,-0.785398
49,4,-1.892547
49,10,1.249046
49,12,-1.892547
49,20,-2.356194
49,43,-1.570796
49,50,-0.321751
49,51,2.819842
49,55,1.570796
49,62,-1.570796
49,70,-2.356194
49,72,0.785398
49,77,1.570796
49,81,-0.321751
49,87,2.819842
49,91,-2.356194
50,8,1.249046
50,10,-1.892547
50,51,-2.356194
50,68,1.892547
50,72,-0.321751
50,78,3.141593
50,82,-1.249046
50,83,3.141593
51,6,1.249046
51,8,-1.892547
51,12,1.249046
51,13,2.356194
51,14,-0.785398
51,15,-1.892547
51,73,-1.249046
51,79,1.570796
51,87,-0.785398
51,88,3.141593
52,11,0.000000
52,12,-1.892547
52,18,2.356194
52,24,0.785398
52,27,0.785398
52,44,0.785398
52,48,0.785398
52,52,1.570796
52,60,0.785398
52,63,-1.570796
52,69,-1.249046
52,70,3.141593
52,75,-1.570796
52,79,-0.321751
52,85,0.000000
52,86,2.356194
53,3,0.000000
53,4,-0.785398
53,5,-1.892547
53,9,1.249046
53,10,3.141593
53,16,1.249046
53,18,-2.356194
53,25,2.819842
53,27,-0.321751
53,33,0.785398
53,44,-0.321751
53,45,2.819842
53,48,-0.321751
53,49,2.819842
53,52,-0.321751
53,53,2.819842
53,62,2.356194
53,67,1.892547
53,76,1.570796
53,86,-2.356194
54,14,0.000000
54,15,-0.785398
54,16,-1.892547
54,25,-2.356194
54,28,-2.356194
54,33,-0.321751
54,34,2.819842
54,41,1.570796
54,45,-2.356194
54,53,-1.570796
54,62,-1.570796
54,72,0.000000
54,76,-0.321751
54,82,2.819842
54,90,-1.570796
55,7,0.000000
55,12,2.356194
55,28,0.785398
55,34,-2.356194
55,41,-0.321751
55,42,2.819842
55,45,-1.570796
55,49,-0.321751
55,50,2.819842
55,82,-1.570796
56,6,1.570796
56,17,0.000000
56,18,-1.892547
56,21,0.785398
56,28,-0.321751
56,29,2.819842
56,34,0.785398
56,42,-1.570796
56,50,-1.570796
56,73,-0.785398
56,74,3.141593
56,79,2.819842
56,83,0.000000
57,5,0.000000
57,15,1.249046
57,16,3.141593
57,21,0.000000
57,34,-0.321751
57,35,2.819842
57,47,1.570796
57,55,1.570796
57,63,0.000000
57,65,0.785398
57,66,1.892547
57,70,-1.249046
57,72,2.356194
57,79,-1.570796
57,84,-1.570796
58,3,2.356194
58,12,1.249046
58,13,2.356194
58,14,-0.785398
58,15,-1.892547
58,29,-0.785398
58,30,3.141593
58,35,-2.356194
58,43,0.785398
58,55,-0.321751
58,56,2.819842
58,66,-1.249046
58,67,3.141593
58,80,0.000000
58,85,1.570796
59,2,-0.785398
59,11,-0.785398
59,12,-1.892547
59,28,3.141593
59,39,0.785398
59,44,3.141593
59,60,0.785398
59,61,2.356194
59,62,-0.785398
59,63,-2.356194
59,68,0.000000
59,72,-0.321751
59,85,-0.321751
60,2,-1.570796
60,39,-0.321751
60,49,1.570796
60,53,1.570796
60,64,0.000000
60,65,1.892547
60,87,2.819842
60,91,-2.356194
61,6,1.249046
61,7,3.141593
61,14,1.249046
61,15,2.356194
61,16,3.141593
61,25,-1.249046
61,45,0.785398
61,49,-0.321751
61,59,-0.785398
61,60,-2.356194
61,79,0.785398
61,80,2.356194
61,87,-1.570796
62,5,-0.785398
62,6,-1.892547
62,13,0.000000
62,14,-1.892547
62,21,0.000000
62,22,-1.892547
62,28,2.819842
62,42,2.819842
62,45,-0.321751
62,51,2.819842
62,84,2.819842
62,88,1.570796
63,3,-0.785398
63,10,1.249046
63,11,2.356194
63,28,-1.570796
63,32,2.356194
63,42,-2.356194
63,47,2.819842
63,51,-1.570796
63,55,-0.785398
63,63,0.000000
63,64,1.892547
63,71,-0.785398
63,73,1.892547
63,80,-0.321751
63,81,2.819842
63,84,-1.570796
63,88,-0.321751
64,9,0.000000
64,10,-1.892547
64,15,0.000000
64,30,2.356194
64,31,-0.785398
64,32,-2.356194
64,47,-2.356194
64,55,2.356194
64,68,-1.249046
64,70,2.356194
64,74,2.819842
64,78,2.819842
64,81,-1.570796
64,90,2.819842
65,6,1.249046
65,7,2.356194
65,22,0.000000
65,28,-0.785398
65,29,-1.892547
65,33,1.570796
65,53,0.000000
65,54,-0.785398
65,55,-2.356194
65,59,-1.249046
65,60,3.141593
65,74,-1.570796
65,78,-1.570796
65,82,1.570796
65,86,1.570796
66,5,0.000000
66,6,-1.892547
66,15,0.000000
66,20,3.141593
66,35,1.892547
66,42,0.785398
66,52,1.570796
66,61,0.000000
66,62,1.892547
66,79,1.570796
66,82,-0.321751
66,83,2.819842
66,86,-0.321751
66,90,-0.321751
66,91,2.819842
67,3,0.000000
67,37,-1.570796
67,38,-2.356194
67,42,0.000000
67,46,-0.785398
67,47,-1.570796
67,49,1.570796
67,50,2.356194
67,51,-0.785398
67,52,-2.356194
67,57,1.570796
67,62,-1.249046
67,79,-0.321751
67,83,-1.570796
67,88,2.819842
67,91,-2.356194
68,11,3.141593
68,53,1.570796
68,59,1.892547
68,64,-1.570796
68,72,-0.321751
68,81,2.819842
68,84,1.570796
68,91,-1.570796
69,7,1.249046
69,8,3.141593
69,18,2.356194
69,25,0.000000
69,27,3.141593
69,33,0.000000
69,34,-1.892547
69,39,0.321751
69,43,2.819842
69,53,-0.321751
69,59,-1.249046
69,60,3.141593
69,85,3.141593
69,88,-0.321751
69,89,2.819842
70,5,1.249046
70,7,-1.892547
70,14,2.356194
70,16,0.000000
70,30,0.000000
70,31,0.785398
70,32,2.356194
70,43,-2.356194
70,49,0.785398
70,61,0.000000
70,62,1.892547
70,67,1.570796
70,75,2.819842
70,78,1.570796
70,81,-0.321751
70,82,2.819842
70,89,-1.570796
71,3,0.000000
71,4,-0.785398
71,5,-1.892547
71,12,0.000000
71,37,1.249046
71,50,3.141593
71,54,-0.785398
71,57,0.785398
71,67,-0.321751
71,78,-0.321751
71,79,2.819842
71,86,0.785398
72,10,3.141593
72,20,0.785398
72,25,3.141593
72,33,-2.356194
72,36,-0.785398
72,37,-1.892547
72,42,-0.785398
72,43,-1.570796
72,45,1.892547
72,51,2.356194
72,63,-1.249046
72,64,3.141593
72,79,-1.570796
72,82,-0.321751
72,86,-0.321751
72,87,2.819842
73,15,1.249046
73,16,2.356194
73,17,3.141593
73,28,0.000000
73,29,0.785398
73,30,1.892547
73,40,-0.785398
73,55,1.570796
73,58,-0.785398
73,59,-2.356194
73,60,0.785398
73,61,1.892547
73,70,2.819842
73,77,2.819842
73,80,1.570796
73,84,2.819842
73,91,-2.356194
74,14,0.000000
74,15,-1.892547
74,40,-1.570796
74,45,-1.570796
74,70,-1.570796
74,74,-1.570796
74,80,-0.321751
74,81,2.819842
74,84,-1.570796
74,87,-0.321751
75,22,0.000000
75,31,-1.249046
75,32,3.141593
75,43,1.249046
75,44,3.141593
75,67,1.570796
75,71,1.570796
75,75,1.570796
75,77,-0.785398
75,78,3.141593
75,89,2.819842
76,10,1.249046
76,11,3.141593
76,33,1.570796
76,49,0.000000
76,58,-1.249046
76,59,3.141593
76,67,-0.321751
76,71,-0.321751
76,75,-0.321751
76,81,-0.321751
77,2,-0.785398
77,9,0.000000
77,10,-1.892547
77,25,-1.570796
77,30,0.785398
77,36,0.785398
77,37,1.892547
77,40,1.249046
77,41,3.141593
77,43,-1.249046
77,44,-2.356194
77,52,0.000000
77,56,1.892547
77,65,2.819842
77,76,-1.570796
77,83,2.819842
77,86,1.570796
77,89,-0.321751
77,90,2.819842
78,7,1.249046
78,8,3.141593
78,19,0.000000
78,22,3.141593
78,32,-0.785398
78,33,-1.892547
78,53,0.000000
78,61,1.570796
78,70,2.819842
78,74,2.819842
78,77,1.570796
78,80,2.356194
78,83,-2.356194
78,86,-0.321751
78,87,2.819842
78,90,-1.570796
79,6,0.000000
79,7,-1.892547
79,17,3.141593
79,37,-0.785398
79,40,-2.356194
79,44,0.785398
79,49,0.000000
79,50,1.892547
79,58,2.819842
79,61,-0.321751
79,65,-0.321751
79,78,-2.356194
79,80,3.141593
80,25,3.141593
80,38,1.570796
80,40,2.356194
80,46,0.785398
80,47,1.892547
80,58,-1.570796
80,63,2.819842
80,67,2.819842
80,70,-0.321751
80,71,2.819842
80,74,-0.321751
80,75,2.819842
80,80,-2.356194
80,84,1.570796
80,87,-0.321751
80,88,2.819842
80,91,-1.570796
81,19,0.000000
81,43,0.785398
81,51,-1.249046
81,52,3.141593
81,71,-1.570796
81,75,-1.570796
81,84,-0.321751
81,85,2.819842
82,16,3.141593
82,24,0.000000
82,27,3.141593
82,63,-0.321751
82,64,2.819842
82,67,-0.321751
82,68,2.819842
82,76,1.570796
82,88,-0.321751
83,4,1.570796
83,13,1.249046
83,14,3.141593
83,45,2.356194
83,50,2.819842
83,54,1.570796
83,57,-2.356194
83,64,-2.356194
83,72,-1.570796
83,76,-0.321751
83,77,2.819842
83,81,0.000000
83,85,-0.321751
83,86,2.819842
83,90,2.819842
84,5,-2.356194
84,11,1.249046
84,13,-1.892547
84,22,3.141593
84,33,-0.785398
84,41,1.570796
84,43,0.000000
84,50,-1.570796
84,54,-0.321751
84,55,2.819842
84,64,-1.570796
84,68,-0.321751
84,69,2.819842
84,77,-2.356194
84,82,-1.570796
84,86,-2.356194
84,90,-2.356194
85,51,1.570796
85,55,-1.570796
85,61,-2.356194
85,69,-1.570796
85,74,1.570796
85,77,0.785398
86,11,-1.570796
86,44,0.785398
86,48,-2.356194
86,51,-0.321751
86,65,0.785398
86,78,-2.356194
86,87,0.000000
86,88,1.892547
87,12,0.785398
87,13,2.356194
87,53,2.819842
87,62,1.570796
87,70,0.785398
87,80,1.570796
88,5,0.000000
88,12,-1.570796
88,21,3.141593
88,27,1.570796
88,33,1.570796
88,36,-1.570796
88,49,0.785398
88,53,-1.570796
88,66,-1.570796
88,70,-0.321751
88,71,2.819842
88,80,-0.321751
88,81,2.819842
88,88,-0.785398
89,11,3.141593
89,17,0.000000
89,30,1.570796
89,71,-2.356194
89,78,1.570796
89,81,-1.570796
89,85,1.570796
90,10,-1.570796
90,15,2.356194
90,22,2.356194
90,27,-1.570796
90,35,1.570796
90,40,-1.570796
90,54,0.785398
90,71,0.785398
90,85,-0.321751
90,86,2.819842
90,90,1.570796
91,9,3.141593
91,18,2.356194
91,33,-1.570796
91,35,-1.570796
91,38,-1.570796
91,47,1.570796
91,51,1.570796
91,54,-0.321751
91,55,2.819842
91,71,-0.321751
91,72,2.819842
91,82,0.785398
91,90,-0.321751
91,91,2.819842
92,12,1.249046
92,13,3.141593
92,16,1.249046
92,17,3.141593
92,30,-1.570796
92,41,1.570796
92,47,-0.321751
92,48,2.819842
92,51,-0.321751
92,52,2.819842
92,55,-2.356194
92,59,0.785398
92,79,0.785398
92,82,-0.321751
92,87,2.819842
92,91,-2.356194
93,7,-0.785398
93,11,0.000000
93,12,-1.892547
93,48,-2.356194
93,52,-2.356194
93,55,0.785398
93,59,-0.321751
93,60,2.819842
93,64,0.785398
93,72,-0.321751
93,73,2.819842
93,76,0.785398
93,79,-0.321751
93,80,2.819842
93,85,3.141593
93,87,-1.570796
94,5,0.785398
94,10,1.570796
94,48,0.785398
94,52,0.785398
94,55,-0.321751
94,60,-2.356194
94,64,-0.321751
94,65,2.819842
94,73,-2.356194
94,76,-0.321751
94,77,2.819842
94,91,-1.570796
95,3,0.000000
95,9,0.000000
95,13,0.321751
95,35,1.570796
95,48,-0.321751
95,49,2.819842
95,52,-0.321751
95,53,2.819842
95,57,2.819842
95,65,-2.356194
95,69,0.785398
95,73,-1.570796
95,77,-2.356194
95,80,-0.321751
95,82,3.141593
95,85,2.819842
96,13,-1.570796
96,21,2.356194
96,39,1.570796
96,42,-2.356194
96,49,-2.356194
96,53,-2.356194
96,57,-2.356194
96,85,-2.356194
97,17,-1.570796
97,19,0.000000
97,45,-1.570796
97,57,-1.570796
97,65,-1.570796
97,74,1.570796
97,77,-1.570796
97,81,-1.570796
97,85,-1.570796
97,89,-1.570796
98,12,-1.570796
98,36,-2.356194
98,39,-1.570796
98,49,-1.570796
98,53,-1.570796
98,62,-1.570796
98,70,-1.570796
98,74,-1.570796
