5,33,0.785398
5,34,1.570796
5,35,2.356194
5,41,0.785398
5,42,1.570796
5,43,2.356194
5,48,0.785398
5,49,1.892547
6,24,0.785398
6,25,2.356194
7,17,1.249046
7,18,3.141593
7,25,-2.356194
7,49,-0.785398
8,65,2.356194
9,17,-1.570796
10,35,3.141593
10,49,2.356194
10,62,0.321751
10,74,2.356194
11,19,1.570796
11,32,0.000000
11,33,-1.892547
11,36,0.785398
11,37,2.356194
11,41,-0.785398
11,42,-1.570796
11,43,-2.356194
11,62,-0.785398
12,19,0.000000
12,36,-0.785398
12,49,-1.249046
12,50,-2.356194
12,51,0.785398
12,52,1.892547
13,19,-0.785398
13,21,0.000000
13,22,1.570796
13,23,2.356194
13,25,-0.785398
13,26,-1.570796
13,27,-2.356194
13,52,-1.249046
13,53,-2.356194
13,55,0.785398
13,56,1.892547
13,81,3.141593
14,33,1.249046
14,34,2.356194
14,35,-0.785398
14,36,-1.570796
14,37,-2.356194
14,38,0.785398
14,39,1.570796
14,40,2.356194
14,58,0.785398
14,59,1.892547
14,63,2.819842
15,8,0.321751
15,10,3.141593
15,29,0.785398
15,30,1.570796
15,31,2.356194
15,32,-0.785398
15,63,-2.356194
16,8,-1.570796
16,34,0.785398
16,35,2.356194
16,59,-1.570796
17,12,0.000000
17,13,1.570796
17,15,1.570796
17,16,2.356194
17,18,-0.785398
17,19,-1.570796
17,20,-2.356194
17,21,-0.785398
17,22,-1.570796
17,23,-2.356194
17,40,-2.356194
17,41,0.785398
17,42,1.570796
17,43,2.356194
17,64,2.356194
17,65,0.785398
18,32,-2.356194
18,33,-0.785398
18,36,2.356194
18,49,0.785398
18,50,1.570796
18,52,1.892547
19,6,0.321751
19,8,3.141593
19,13,-0.321751
19,15,-2.819842
19,29,-0.785398
19,62,0.000000
20,6,-1.570796
20,31,1.570796
20,41,-0.785398
20,42,-1.570796
20,43,-2.356194
20,47,0.785398
20,52,-1.570796
20,57,-1.249046
20,64,0.785398
21,16,1.570796
21,17,2.356194
21,32,-2.356194
21,34,-0.785398
21,35,-1.892547
21,60,1.570796
21,65,-1.249046
21,67,1.892547
21,70,1.249046
22,51,-1.249046
22,52,-2.356194
22,53,0.785398
22,54,1.892547
22,62,1.892547
23,5,0.785398
23,54,-1.249046
23,55,-2.356194
23,57,0.785398
23,58,1.892547
23,63,-2.356194
23,64,0.785398
24,5,-0.785398
24,6,3.141593
24,48,-1.249046
24,49,3.141593
24,58,-1.249046
24,59,-2.356194
24,60,0.785398
24,67,-2.356194
24,68,-0.785398
25,13,2.356194
25,15,-0.785398
25,16,-1.570796
25,17,-2.356194
25,61,-1.249046
25,62,-2.356194
25,63,0.785398
26,4,0.785398
26,11,-0.785398
26,12,-1.892547
26,66,2.356194
26,70,3.141593
26,73,-1.249046
26,74,3.141593
27,4,-0.785398
27,5,3.141593
27,27,0.785398
27,59,0.785398
27,60,1.892547
27,85,3.141593
28,16,0.785398
28,17,1.570796
28,19,1.570796
28,20,2.356194
28,28,-1.249046
28,29,-2.356194
28,33,3.141593
28,35,0.000000
28,53,0.785398
28,54,1.892547
28,60,-1.249046
28,61,-2.356194
28,66,2.356194
28,70,0.000000
28,72,0.785398
28,73,1.892547
28,76,0.000000
28,80,1.892547
28,82,0.000000
28,83,-1.892547
29,54,-1.249046
29,55,-2.356194
29,64,0.785398
29,67,0.000000
30,3,0.785398
30,9,2.356194
30,69,-0.785398
30,70,-2.356194
31,3,0.000000
31,7,-0.785398
31,8,-1.892547
31,23,0.785398
31,24,1.570796
31,25,2.356194
32,3,-0.785398
32,12,1.249046
32,13,2.356194
32,15,-0.785398
32,16,-1.892547
32,43,0.785398
32,44,1.892547
32,64,3.141593
32,68,3.141593
32,72,0.000000
32,73,1.892547
33,9,1.249046
33,10,2.356194
33,11,-0.785398
33,12,-1.892547
33,18,1.249046
33,19,2.356194
33,21,-0.785398
33,22,-1.570796
33,44,-1.249046
33,45,-2.356194
33,58,0.785398
33,59,1.892547
33,66,0.785398
33,70,3.141593
33,73,-1.249046
33,75,2.356194
33,79,-1.249046
33,83,-2.356194
34,8,-0.785398
34,9,-1.892547
34,17,0.000000
34,18,-1.892547
34,40,2.356194
34,50,0.785398
34,51,1.892547
34,59,-1.249046
34,60,-2.356194
34,61,0.785398
34,62,1.892547
34,66,-0.321751
35,5,2.356194
35,15,1.249046
35,16,3.141593
35,25,1.249046
35,26,2.356194
35,51,-1.249046
35,52,-2.356194
35,62,-1.249046
35,63,3.141593
35,67,-1.249046
35,68,-2.356194
35,69,0.785398
35,70,1.892547
35,76,3.141593
35,88,2.356194
36,3,0.000000
36,4,-1.892547
36,14,-0.785398
36,15,-1.892547
36,24,0.000000
36,25,-1.892547
36,56,0.785398
36,70,-1.249046
36,72,1.892547
36,82,-0.785398
36,83,-2.356194
36,84,0.785398
36,85,1.570796
37,2,-0.785398
37,42,1.249046
37,43,2.356194
37,57,-1.570796
37,61,0.000000
37,66,0.000000
37,67,1.892547
37,79,0.785398
37,80,1.570796
37,81,3.141593
38,30,1.249046
38,31,2.356194
38,41,-0.785398
38,42,-1.892547
38,58,0.000000
38,59,1.892547
38,68,-2.356194
38,75,1.892547
38,87,-1.892547
39,5,1.249046
39,6,3.141593
39,14,1.249046
39,15,2.356194
39,25,1.249046
39,26,2.356194
39,29,-0.785398
39,30,-1.892547
39,59,-1.249046
39,60,3.141593
39,66,0.000000
39,71,0.785398
39,72,2.356194
39,76,2.819842
40,3,0.000000
40,4,-0.785398
40,5,-1.892547
40,13,-0.785398
40,14,-1.892547
40,24,-0.785398
40,25,-1.892547
40,46,0.000000
40,48,0.785398
40,49,1.892547
40,55,0.000000
40,62,0.785398
40,63,1.892547
40,67,0.000000
40,72,-2.356194
40,76,-1.570796
40,82,0.000000
40,83,1.892547
41,41,0.785398
41,42,1.892547
41,49,-1.249046
41,56,-2.356194
41,63,-1.249046
41,64,3.141593
41,78,1.892547
42,6,1.249046
42,7,2.356194
42,42,-1.249046
42,43,3.141593
42,59,1.249046
42,60,2.356194
42,68,-0.785398
42,69,-2.356194
42,72,2.356194
42,85,2.819842
43,5,0.000000
43,6,-1.892547
43,16,-0.785398
43,24,1.249046
43,25,2.356194
43,44,0.000000
43,48,3.141593
43,51,-0.785398
43,53,1.570796
43,54,2.356194
43,55,-0.785398
43,56,-1.570796
43,57,-2.356194
43,62,1.892547
43,71,-0.785398
43,72,-2.356194
43,80,3.141593
44,3,0.000000
44,11,1.249046
44,12,2.356194
44,13,3.141593
44,21,1.249046
44,22,2.356194
44,23,-0.785398
44,24,-1.892547
44,40,0.000000
44,42,0.785398
44,63,-2.356194
44,75,-0.785398
44,76,-1.570796
44,77,-2.356194
44,84,-0.785398
44,85,-1.570796
44,86,-2.356194
45,9,1.249046
45,11,-1.892547
45,19,0.000000
45,20,-0.785398
45,21,-1.892547
45,33,0.000000
45,38,3.141593
45,43,-1.249046
45,44,-2.356194
45,45,0.785398
45,46,1.570796
45,48,1.570796
45,49,3.141593
45,61,-2.356194
45,66,2.356194
46,7,1.249046
46,9,-1.892547
46,27,1.249046
46,28,2.356194
46,30,3.141593
46,41,2.356194
46,51,1.249046
46,52,3.141593
46,59,-0.785398
46,63,0.785398
46,68,-2.356194
46,88,0.785398
47,5,1.249046
47,7,-1.892547
47,16,3.141593
47,26,-0.785398
47,27,-1.892547
47,49,0.000000
47,50,-0.785398
47,51,-1.892547
47,55,0.000000
47,56,3.141593
47,60,0.000000
47,61,0.785398
47,74,1.249046
47,75,2.356194
47,90,2.356194
48,12,1.249046
48,13,3.141593
48,21,0.000000
48,36,1.249046
48,37,2.356194
48,58,0.000000
48,62,-1.249046
48,63,-2.356194
48,73,-0.785398
48,74,-1.892547
48,81,0.785398
48,82,1.570796
48,83,2.356194
48,85,0.785398
48,86,1.892547
48,90,-1.570796
49,2,0.000000
49,3,-0.785398
49,4,-1.892547
49,10,1.249046
49,12,-1.892547
49,19,3.141593
49,35,-0.785398
49,36,-1.892547
49,67,0.000000
49,87,2.819842
49,91,-2.356194
50,8,1.249046
50,10,-1.892547
50,38,1.249046
50,39,3.141593
50,44,0.000000
50,45,0.000000
50,50,3.141593
50,77,0.785398
51,6,1.249046
51,8,-1.892547
51,14,-0.785398
51,22,0.000000
51,37,-0.785398
51,46,0.000000
51,48,0.000000
51,53,3.141593
51,66,0.000000
51,68,3.141593
51,79,2.356194
51,82,-0.785398
51,83,-1.570796
51,84,3.141593
51,87,-0.785398
51,88,3.141593
52,12,3.141593
52,19,0.000000
52,20,3.141593
52,33,0.000000
52,40,2.356194
52,41,3.141593
52,50,2.356194
52,51,0.000000
52,55,0.000000
52,59,0.000000
52,73,1.249046
52,74,2.356194
52,85,0.000000
52,86,2.356194
53,3,0.000000
53,4,-0.785398
53,5,-1.892547
53,9,1.249046
53,10,3.141593
53,17,3.141593
53,26,1.249046
53,27,2.356194
53,31,3.141593
53,38,0.000000
53,47,1.249046
53,53,3.141593
53,58,3.141593
53,70,0.000000
53,71,0.785398
53,86,-2.356194
54,14,0.000000
54,25,-0.785398
54,26,-1.892547
54,37,-0.785398
54,40,0.785398
54,41,2.356194
54,46,0.000000
54,55,1.249046
54,57,-1.892547
54,63,0.000000
54,65,3.141593
54,78,-0.785398
54,79,-2.356194
54,81,0.785398
54,90,-1.570796
55,7,0.000000
55,12,2.356194
55,35,2.356194
55,40,-1.570796
55,54,-0.785398
55,55,-1.892547
55,60,0.000000
55,61,3.141593
55,72,-0.785398
55,73,-2.356194
55,82,-1.570796
56,6,1.570796
56,17,1.249046
56,18,2.356194
56,33,0.785398
56,34,2.356194
56,39,3.141593
56,43,1.570796
56,47,-0.785398
56,52,0.000000
56,63,1.249046
56,64,2.356194
56,65,0.785398
56,66,1.570796
56,67,2.356194
56,83,0.000000
57,5,0.000000
57,15,1.249046
57,17,-1.892547
57,26,1.249046
57,27,2.356194
57,34,-2.356194
57,38,-1.570796
57,42,-0.785398
57,53,2.356194
57,59,0.000000
57,78,1.249046
57,79,2.356194
57,84,-1.570796
58,3,2.356194
58,12,1.249046
58,13,2.356194
58,14,-0.785398
58,15,-1.892547
58,23,1.249046
58,24,2.356194
58,25,-0.785398
58,26,-1.892547
58,37,1.570796
58,40,-0.785398
58,47,2.356194
58,52,-0.785398
58,66,0.785398
58,77,-0.785398
58,78,-1.892547
58,80,0.000000
58,85,1.570796
59,2,-0.785398
59,11,-0.785398
59,12,-1.892547
59,19,0.000000
59,22,-0.785398
59,23,-1.892547
59,33,0.000000
59,37,3.141593
59,64,-2.356194
59,67,-2.356194
59,85,-0.321751
60,2,-1.570796
60,26,0.000000
60,31,0.000000
60,34,0.000000
60,37,-1.570796
60,40,0.000000
60,41,0.785398
60,42,1.570796
60,43,2.356194
60,56,0.000000
60,57,3.141593
60,62,2.356194
60,76,1.249046
60,77,2.356194
60,87,2.819842
60,91,-2.356194
61,6,1.249046
61,7,3.141593
61,14,1.249046
61,15,2.356194
61,16,3.141593
61,33,0.000000
61,61,-0.785398
61,70,1.249046
61,71,2.356194
61,75,-0.785398
61,76,-1.892547
61,79,0.785398
61,80,2.356194
61,87,-1.570796
62,5,-0.785398
62,6,-1.892547
62,13,0.000000
62,14,-1.892547
62,25,3.141593
62,34,-2.356194
62,42,-2.819842
62,56,1.249046
62,57,2.356194
62,66,0.000000
62,69,-0.785398
62,70,-1.892547
62,84,2.819842
62,88,1.570796
63,3,-0.785398
63,10,1.249046
63,11,2.356194
63,27,0.000000
63,40,-0.785398
63,49,-2.356194
63,54,1.249046
63,56,-1.892547
63,62,0.000000
63,64,3.141593
63,76,0.785398
63,77,1.892547
63,80,-0.321751
63,81,2.819842
63,84,-1.570796
63,88,-0.321751
64,9,0.000000
64,10,-1.892547
64,15,0.000000
64,30,3.141593
64,36,0.000000
64,37,-1.570796
64,38,-2.356194
64,42,0.785398
64,43,2.356194
64,52,1.249046
64,59,3.141593
64,68,1.249046
64,69,2.356194
64,78,2.819842
64,81,-1.570796
64,90,2.819842
65,6,1.249046
65,7,2.356194
65,22,0.000000
65,26,3.141593
65,33,0.000000
65,42,-1.570796
65,50,1.249046
65,55,-2.356194
65,63,1.249046
65,64,2.356194
65,67,-0.785398
65,68,-1.892547
65,78,-1.570796
65,82,1.570796
65,86,1.570796
66,5,0.000000
66,6,-1.892547
66,15,0.000000
66,20,3.141593
66,40,1.249046
66,41,3.141593
66,47,-0.785398
66,48,-2.356194
66,49,-0.785398
66,50,-1.892547
66,52,-1.249046
66,53,-2.356194
66,62,-0.785398
66,63,-1.892547
66,79,1.570796
66,82,-0.321751
66,83,2.819842
66,86,-0.321751
66,90,-0.321751
66,91,2.819842
67,3,0.000000
67,35,0.000000
67,37,0.785398
67,38,1.570796
67,40,-1.892547
67,79,-0.321751
67,83,-1.570796
67,88,2.819842
67,91,-2.356194
68,11,3.141593
68,32,0.000000
68,33,3.141593
68,47,2.819842
68,61,1.249046
68,62,2.356194
68,66,0.000000
68,81,2.819842
68,84,1.570796
68,91,-1.570796
69,7,1.249046
69,8,3.141593
69,18,2.356194
69,35,0.000000
69,37,-0.785398
69,49,1.249046
69,50,2.356194
69,60,-0.785398
69,61,-1.892547
69,68,2.356194
69,73,0.785398
69,74,1.892547
69,85,3.141593
69,88,-0.321751
69,89,2.819842
70,5,1.249046
70,7,-1.892547
70,14,2.356194
70,16,0.000000
70,27,2.356194
70,43,-0.785398
70,47,-1.570796
70,49,-1.892547
70,66,-0.785398
70,67,-1.892547
70,75,2.819842
70,78,1.570796
70,81,-0.321751
70,82,2.819842
70,89,-1.570796
71,3,0.000000
71,4,-0.785398
71,5,-1.892547
71,12,0.000000
71,25,1.249046
71,26,3.141593
71,40,1.570796
71,45,-1.892547
71,51,0.000000
71,78,-0.321751
71,79,2.819842
71,86,0.785398
72,10,3.141593
72,20,0.785398
72,23,1.249046
72,25,-1.892547
72,42,0.000000
72,43,0.000000
72,47,0.000000
72,48,3.141593
72,55,0.000000
72,67,0.000000
72,72,0.785398
72,73,1.892547
72,79,-1.570796
72,82,-0.321751
72,86,-0.321751
72,87,2.819842
73,15,1.249046
73,16,2.356194
73,17,3.141593
73,22,-0.785398
73,28,3.141593
73,45,3.141593
73,60,1.249046
73,61,2.356194
73,65,3.141593
73,77,2.819842
73,80,1.570796
73,84,2.819842
73,91,-2.356194
74,14,0.000000
74,15,-1.892547
74,24,-2.356194
74,26,-0.785398
74,39,-0.785398
74,48,0.000000
74,57,0.000000
74,59,-0.785398
74,60,-1.892547
74,68,1.249046
74,69,2.356194
74,74,-1.570796
74,80,-0.321751
74,81,2.819842
74,84,-1.570796
74,87,-0.321751
75,33,0.785398
75,45,0.000000
75,46,3.141593
75,50,-2.356194
75,55,3.141593
75,67,-0.785398
75,68,-1.892547
75,71,1.570796
75,75,1.570796
75,77,-0.785398
75,78,3.141593
75,89,2.819842
76,10,1.249046
76,11,3.141593
76,34,-2.356194
76,43,3.141593
76,52,0.000000
76,59,0.000000
76,71,-0.321751
76,75,-0.321751
76,81,-0.321751
77,2,-0.785398
77,9,0.000000
77,10,-1.892547
77,22,0.785398
77,25,-0.785398
77,38,1.249046
77,39,2.356194
77,49,0.000000
77,50,3.141593
77,57,3.141593
77,68,0.785398
77,69,1.892547
77,76,-1.570796
77,83,2.819842
77,86,1.570796
77,89,-0.321751
77,90,2.819842
78,7,1.249046
78,8,3.141593
78,19,0.000000
78,31,0.785398
78,36,0.000000
78,37,-0.785398
78,38,-1.892547
78,46,-2.356194
78,64,0.000000
78,70,2.819842
78,74,2.819842
78,77,1.570796
78,80,2.356194
78,83,-2.356194
78,86,-0.321751
78,87,2.819842
78,90,-1.570796
79,6,0.000000
79,7,-1.892547
79,17,3.141593
79,21,0.000000
79,26,-0.785398
79,27,-1.570796
79,28,-2.356194
79,32,-2.356194
79,49,0.000000
79,57,0.000000
79,60,3.141593
79,78,-2.356194
79,80,3.141593
80,70,-0.321751
80,71,2.819842
80,74,-0.321751
80,75,2.819842
80,80,-2.356194
80,84,1.570796
80,87,-0.321751
80,88,2.819842
80,91,-1.570796
81,19,-0.785398
81,22,0.785398
81,30,0.000000
81,44,3.141593
81,53,3.141593
81,60,0.000000
81,66,0.785398
81,67,1.892547
81,71,-1.570796
81,75,-1.570796
81,84,-0.321751
81,85,2.819842
82,16,3.141593
82,34,0.000000
82,40,0.000000
82,50,0.000000
82,58,3.141593
82,68,2.819842
82,76,1.570796
82,81,1.570796
82,88,-0.321751
83,4,1.570796
83,13,1.249046
83,14,3.141593
83,21,2.356194
83,22,-0.785398
83,32,0.000000
83,46,1.570796
83,52,1.570796
83,53,2.356194
83,72,-1.570796
83,76,-0.321751
83,77,2.819842
83,81,-0.321751
83,82,2.819842
83,85,-0.321751
83,86,2.819842
83,90,2.819842
84,5,-2.356194
84,11,1.249046
84,13,-1.892547
84,20,-1.570796
84,28,2.356194
84,29,0.785398
84,30,2.356194
84,46,-2.356194
84,60,0.785398
84,61,1.570796
84,62,2.356194
84,65,3.141593
84,68,-0.321751
84,69,2.819842
84,77,-2.356194
84,82,-1.570796
84,86,-2.356194
84,90,-2.356194
85,19,0.000000
85,27,-1.570796
85,30,-1.570796
85,34,-2.356194
85,41,-0.785398
85,53,0.000000
85,55,0.785398
85,56,1.570796
85,57,3.141593
85,69,-1.570796
85,74,1.570796
85,77,0.785398
86,11,-1.570796
86,25,0.000000
86,31,-2.356194
86,42,0.000000
86,44,-1.570796
86,52,0.785398
86,78,-2.356194
86,87,0.000000
86,88,1.892547
87,12,0.785398
87,13,2.356194
87,21,2.356194
87,52,-0.321751
87,53,2.819842
87,70,0.785398
87,80,1.570796
88,5,0.000000
88,12,-1.570796
88,20,0.000000
88,27,1.570796
88,33,1.570796
88,36,-1.570796
88,49,0.785398
88,53,-1.570796
88,70,-0.321751
88,71,2.819842
88,80,-0.321751
88,81,2.819842
88,88,-0.785398
89,11,3.141593
89,17,0.000000
89,30,1.570796
89,71,-2.356194
89,78,1.570796
89,81,-1.570796
89,85,1.570796
90,10,-1.570796
90,15,2.356194
90,22,2.356194
90,27,-1.570796
90,35,1.570796
90,40,-1.570796
90,54,0.785398
90,71,0.785398
90,85,-0.321751
90,86,2.819842
90,90,1.570796
91,9,3.141593
91,18,2.356194
91,33,-1.570796
91,35,-1.570796
91,38,-1.570796
91,47,1.570796
91,51,1.570796
91,54,-0.321751
91,55,2.819842
91,71,-0.321751
91,72,2.819842
91,82,0.785398
91,90,-0.321751
91,91,2.819842
92,12,1.249046
92,13,3.141593
92,16,1.249046
92,17,3.141593
92,30,-1.570796
92,41,1.570796
92,47,-0.321751
92,48,2.819842
92,51,-0.321751
92,52,2.819842
92,55,-2.356194
92,59,0.785398
92,79,0.785398
92,82,-0.321751
92,87,2.819842
92,91,-2.356194
93,7,-0.785398
93,11,0.000000
93,12,-1.892547
93,48,-2.356194
93,52,-2.356194
93,55,0.785398
93,59,-0.321751
93,60,2.819842
93,64,0.785398
93,72,-0.321751
93,73,2.819842
93,76,0.785398
93,79,-0.321751
93,80,2.819842
93,85,3.141593
93,87,-1.570796
94,5,0.785398
94,10,1.570796
94,48,0.785398
94,52,0.785398
94,55,-0.321751
94,56,2.819842
94,60,-2.356194
94,64,-0.321751
94,65,2.819842
94,73,-2.356194
94,76,-0.321751
94,77,2.819842
94,91,-1.570796
95,3,0.000000
95,9,0.000000
95,13,0.321751
95,35,1.570796
95,48,-0.321751
95,49,2.819842
95,52,-0.321751
95,53,2.819842
95,56,-1.570796
95,65,-2.356194
95,69,0.785398
95,73,-1.570796
95,77,-2.356194
95,80,-0.321751
95,82,3.141593
95,85,2.819842
96,13,-1.570796
96,21,2.356194
96,42,-2.356194
96,49,-2.356194
96,53,-2.356194
96,85,-2.356194
97,17,-1.570796
97,39,1.570796
97,45,-1.570796
97,57,-1.570796
97,65,-1.570796
97,74,1.570796
97,77,-1.570796
97,81,-1.570796
97,85,-1.570796
97,89,-1.570796
98,12,-1.570796
98,19,-0.785398
98,36,-2.356194
98,39,-1.570796
98,49,-1.570796
98,53,-1.570796
98,62,-1.570796
98,70,-1.570796
98,74,-1.570796
