4,49,2.356194
4,59,0.785398
4,60,1.892547
5,34,1.249046
5,35,2.356194
5,41,0.785398
5,42,1.892547
5,62,0.785398
5,67,2.356194
5,71,0.785398
5,72,1.570796
5,73,2.356194
5,75,0.785398
5,76,1.892547
6,44,2.356194
6,45,0.785398
6,46,1.570796
6,48,3.141593
6,78,1.892547
7,41,0.321751
7,62,0.321751
7,67,2.819842
7,79,2.819842
8,27,0.785398
8,28,2.356194
8,33,-1.570796
8,46,-0.321751
8,48,-2.819842
9,23,1.249046
9,24,3.141593
9,28,-1.570796
9,56,0.321751
9,62,-0.321751
9,67,-2.819842
9,81,1.249046
10,35,1.570796
10,45,1.892547
10,49,2.356194
10,52,0.785398
10,53,1.892547
10,76,-1.570796
11,35,0.000000
11,47,-0.785398
11,48,-1.892547
11,58,2.356194
11,60,0.785398
11,61,1.570796
11,63,3.141593
11,66,0.000000
11,68,1.570796
11,70,1.570796
11,71,3.141593
11,79,-0.785398
11,81,-1.249046
11,86,1.570796
11,87,2.356194
12,15,1.249046
12,16,3.141593
12,22,-1.570796
12,51,1.249046
12,75,2.356194
13,14,0.321751
13,35,-0.321751
13,40,-1.570796
13,41,-2.356194
13,49,1.249046
13,51,-1.892547
13,54,-2.356194
13,58,1.570796
13,68,-1.570796
13,72,2.356194
13,86,3.141593
14,48,-0.785398
14,49,-1.892547
14,54,2.356194
14,60,-1.892547
14,75,-1.249046
14,79,2.819842
14,82,0.321751
14,86,-2.356194
15,13,0.321751
15,34,2.356194
15,52,0.785398
15,57,0.321751
16,13,-0.785398
16,43,1.249046
16,45,-1.892547
16,50,3.141593
16,72,3.141593
16,82,-2.819842
16,90,2.356194
17,27,0.785398
17,29,1.570796
17,30,2.356194
17,41,0.785398
17,52,0.000000
17,53,-1.892547
17,57,-1.570796
17,59,1.570796
17,60,2.356194
17,61,0.785398
17,62,2.356194
17,68,0.785398
17,90,-2.819842
18,32,-1.570796
18,35,0.321751
18,48,-0.785398
18,51,3.141593
18,81,-1.249046
18,82,-2.356194
18,87,-2.356194
18,88,-0.785398
19,33,1.570796
19,45,1.570796
19,55,-2.819842
19,59,0.785398
19,69,2.356194
20,35,-1.570796
20,52,1.570796
20,59,-0.321751
20,79,3.141593
20,85,-2.356194
21,47,1.570796
21,49,-1.892547
21,54,-2.356194
21,70,-2.356194
21,72,0.785398
21,73,1.892547
21,79,-2.356194
21,85,2.356194
22,30,1.249046
22,32,-1.892547
22,58,1.249046
22,60,-1.570796
22,62,-2.356194
22,64,1.249046
22,65,2.356194
22,66,0.785398
23,25,1.249046
23,26,2.356194
23,29,0.000000
23,30,-1.892547
23,46,-2.356194
23,57,-0.785398
23,58,-1.892547
23,80,1.570796
23,83,0.321751
23,86,0.000000
23,91,2.356194
24,12,0.785398
24,28,3.141593
24,33,1.249046
24,34,3.141593
24,37,-2.356194
24,65,-2.356194
24,71,0.785398
24,72,1.570796
24,73,3.141593
24,91,-2.819842
25,12,-0.785398
25,13,3.141593
25,25,-1.249046
25,27,-1.892547
25,32,0.000000
25,33,-1.892547
25,39,1.570796
25,44,-2.356194
25,48,1.570796
25,60,0.785398
25,69,-1.892547
25,86,0.000000
25,87,-1.570796
26,36,0.000000
26,37,-1.570796
26,47,0.321751
26,48,-2.819842
26,53,-0.321751
26,55,2.356194
26,72,0.000000
26,74,1.892547
26,85,3.141593
27,42,1.892547
27,58,0.000000
27,63,-1.249046
27,64,-2.356194
27,66,-0.785398
27,67,-1.570796
27,68,3.141593
27,72,-1.570796
27,89,2.356194
28,46,-0.785398
28,47,-1.570796
28,48,-2.356194
28,52,0.785398
28,69,0.000000
28,70,1.570796
28,89,3.141593
29,39,-0.785398
29,40,-1.570796
29,62,3.141593
29,80,0.321751
29,87,3.141593
29,89,-2.356194
30,32,1.570796
30,37,1.570796
30,64,0.785398
30,65,1.892547
30,70,2.356194
31,31,-0.785398
31,32,-2.356194
31,37,-2.819842
31,52,-0.785398
31,60,-2.356194
31,67,0.785398
31,68,1.570796
32,29,1.570796
32,33,0.785398
32,34,2.356194
32,35,-0.785398
32,36,-1.892547
32,64,-0.785398
32,65,-1.892547
32,71,-2.356194
32,72,0.785398
32,73,1.570796
32,84,0.785398
33,27,1.249046
33,61,0.785398
33,62,3.141593
33,69,0.000000
33,88,-1.570796
34,33,-2.819842
34,61,-0.785398
34,69,-1.570796
34,85,-0.785398
34,89,0.000000
35,31,0.321751
35,35,0.000000
35,37,3.141593
35,61,0.785398
35,79,-2.356194
35,90,-2.356194
36,61,-0.321751
36,63,2.356194
36,72,0.785398
37,11,0.785398
37,31,3.141593
37,67,3.141593
37,72,-0.785398
37,76,2.356194
37,82,2.356194
37,88,1.249046
37,91,2.819842
38,11,0.000000
38,22,-0.785398
38,23,-1.892547
38,31,-2.356194
38,62,0.785398
38,85,-0.785398
38,86,-1.570796
38,91,-2.356194
39,11,-0.785398
39,26,1.570796
39,31,2.356194
39,62,0.000000
39,78,-1.249046
39,83,-2.356194
39,88,-1.570796
39,91,-1.570796
40,26,-2.819842
40,30,0.000000
40,64,-2.356194
41,23,1.249046
41,61,0.321751
41,63,-2.356194
41,76,1.570796
41,80,0.321751
42,26,0.000000
42,27,1.570796
42,28,3.141593
42,46,1.249046
42,47,3.141593
42,52,0.785398
42,53,1.892547
42,74,-2.356194
42,76,-0.321751
42,83,2.819842
43,10,0.321751
43,12,3.141593
43,20,2.356194
43,21,-0.785398
43,59,1.249046
44,10,-0.785398
44,23,0.785398
44,24,2.356194
44,43,0.785398
44,54,-1.249046
44,55,-2.356194
44,56,0.785398
44,57,1.570796
44,77,-0.785398
44,85,2.356194
45,31,0.785398
45,32,1.570796
45,33,3.141593
45,73,1.570796
45,90,2.819842
46,16,0.785398
46,57,-0.321751
46,76,0.785398
46,78,-1.892547
46,87,0.321751
47,27,-2.819842
47,31,1.570796
47,70,1.570796
47,76,-0.785398
47,90,-2.356194
48,26,-1.892547
48,31,-2.819842
48,60,0.000000
48,62,3.141593
48,73,0.785398
48,87,0.000000
49,19,-1.892547
49,24,-1.570796
49,45,0.785398
49,58,-0.321751
49,87,-0.785398
50,10,0.785398
50,22,1.249046
50,23,3.141593
50,28,0.000000
50,29,-1.892547
50,46,3.141593
50,63,0.785398
50,76,-1.570796
50,77,3.141593
50,84,0.785398
50,91,-1.570796
51,10,-0.321751
51,27,3.141593
51,47,1.570796
51,62,0.000000
51,69,0.000000
51,70,-1.570796
51,84,0.000000
51,86,-0.785398
51,88,2.819842
52,26,-1.570796
52,47,0.000000
52,49,1.892547
52,60,-0.785398
52,63,-0.785398
52,64,-1.570796
52,66,1.570796
52,67,2.356194
52,81,0.785398
52,88,-1.570796
53,11,-1.570796
53,19,-0.785398
53,20,-1.892547
53,24,1.249046
53,25,3.141593
53,47,-0.785398
53,50,2.819842
53,85,3.141593
54,9,-0.785398
54,30,3.141593
54,45,0.785398
54,61,0.785398
54,66,3.141593
55,33,1.570796
55,46,-2.356194
55,61,0.000000
55,66,-2.356194
56,18,2.356194
56,21,0.000000
56,22,-1.892547
56,70,1.570796
56,89,0.785398
57,20,3.141593
57,60,0.000000
57,67,-2.356194
57,70,-1.570796
57,78,0.785398
57,83,2.356194
57,86,0.785398
57,90,2.819842
58,76,0.785398
58,79,2.819842
58,83,3.141593
58,86,-0.321751
59,18,-1.892547
59,40,1.249046
59,41,2.356194
59,83,-2.356194
59,90,3.141593
60,24,-0.785398
60,27,2.356194
60,29,3.141593
60,34,0.785398
60,39,0.000000
60,40,-1.892547
60,59,-1.570796
60,79,-0.321751
60,87,0.000000
60,90,-2.356194
61,36,0.785398
61,37,1.570796
61,38,3.141593
61,64,1.570796
61,80,-2.356194
61,87,-0.785398
62,33,-0.785398
62,34,-1.892547
62,73,0.321751
62,76,3.141593
62,80,0.785398
62,83,2.356194
63,9,0.785398
63,19,1.249046
63,20,3.141593
63,36,1.570796
63,73,-0.785398
63,76,-2.356194
63,80,0.000000
63,82,-0.785398
63,83,-2.356194
64,9,0.000000
64,18,-0.785398
64,19,-1.892547
64,24,3.141593
64,35,0.000000
64,49,-0.785398
64,71,1.570796
64,80,-0.785398
65,9,-0.785398
65,23,-1.570796
65,28,0.000000
65,34,-0.785398
65,59,1.570796
66,59,0.785398
66,63,1.570796
67,9,0.785398
67,61,1.570796
67,73,0.785398
68,9,0.000000
68,17,0.785398
68,18,1.570796
68,19,3.141593
68,58,0.321751
68,73,0.000000
68,80,0.785398
68,84,2.356194
69,9,-0.785398
69,58,-0.785398
69,73,-0.785398
69,75,2.356194
69,80,0.000000
69,87,2.356194
70,18,2.356194
70,34,1.570796
70,61,0.785398
70,64,1.570796
70,75,-2.819842
70,80,-0.785398
70,86,-0.785398
70,87,-2.356194
70,90,2.356194
71,8,0.321751
71,10,-2.356194
71,17,-0.785398
71,34,0.785398
71,64,2.356194
71,74,-0.785398
71,84,-0.785398
71,88,0.785398
72,8,-0.785398
72,34,-0.321751
72,64,-2.819842
72,88,-0.785398
73,24,3.141593
73,35,-1.249046
73,36,3.141593
73,50,0.785398
73,51,1.892547
73,55,2.356194
73,63,-0.785398
73,69,1.570796
74,19,3.141593
74,27,1.570796
74,37,0.000000
74,38,1.892547
74,48,1.570796
74,51,-1.249046
74,52,3.141593
74,61,2.819842
74,77,-1.570796
75,15,1.249046
75,16,2.356194
75,22,-1.570796
75,27,-1.570796
75,38,-1.249046
75,40,1.892547
75,47,0.000000
75,53,-0.785398
75,57,-2.356194
75,58,-0.785398
75,61,-2.356194
75,89,0.785398
75,90,2.356194
76,8,0.785398
76,13,1.249046
76,42,1.892547
76,45,1.249046
76,46,3.141593
76,66,1.570796
76,72,2.356194
76,91,2.356194
77,8,0.000000
77,15,-2.356194
77,64,0.785398
77,69,0.785398
77,72,3.141593
77,78,1.570796
77,85,0.785398
78,8,-0.785398
78,13,-1.249046
78,14,-2.356194
78,54,1.570796
78,64,0.000000
78,67,2.819842
78,69,0.000000
78,72,-2.356194
78,75,2.356194
78,85,0.000000
78,87,-0.785398
79,17,0.785398
79,23,3.141593
79,27,2.356194
79,43,-2.356194
79,51,0.785398
79,54,-2.819842
79,64,-0.785398
79,67,-2.356194
79,69,-0.785398
79,72,0.785398
79,75,3.141593
79,85,-0.785398
80,26,0.785398
80,64,-1.570796
80,69,0.785398
80,75,-2.356194
80,82,0.785398
80,85,2.356194
81,14,3.141593
81,18,0.000000
81,42,0.321751
81,44,2.819842
81,67,0.785398
81,82,0.000000
81,90,2.356194
82,18,-0.785398
82,25,0.000000
82,44,-2.356194
82,53,3.141593
82,67,0.000000
82,79,0.785398
82,87,2.356194
82,90,3.141593
83,30,1.570796
83,31,2.356194
83,36,3.141593
83,43,-2.356194
83,47,-1.570796
83,51,0.000000
83,53,-2.356194
83,67,-0.785398
83,73,2.819842
83,76,0.785398
83,79,0.000000
83,82,3.141593
83,90,-2.356194
84,8,0.785398
84,16,2.356194
84,22,1.570796
84,27,-0.785398
84,49,-1.570796
84,53,0.000000
84,64,1.570796
84,70,-0.785398
84,73,-2.356194
84,76,-0.321751
84,77,2.819842
84,79,-0.785398
84,82,-2.356194
84,90,2.356194
85,8,-0.321751
85,10,3.141593
85,13,-1.249046
85,15,-1.892547
85,21,0.321751
85,22,-2.819842
85,52,0.000000
85,57,1.570796
85,61,1.570796
85,67,-1.570796
85,77,-2.356194
85,87,1.570796
85,90,3.141593
86,21,-1.570796
86,25,0.785398
86,26,2.356194
86,30,0.000000
86,50,1.570796
86,52,-1.570796
86,57,-1.570796
86,59,1.570796
86,71,1.570796
86,73,2.356194
86,77,0.785398
86,80,2.356194
86,82,0.785398
86,87,-0.321751
87,9,0.785398
87,24,0.785398
87,26,-2.356194
87,29,-0.785398
87,50,-1.570796
87,59,-1.570796
87,64,-1.570796
87,67,2.356194
87,71,-0.321751
87,73,-2.819842
87,77,-0.321751
87,82,-0.785398
87,83,3.141593
87,91,2.819842
88,9,0.000000
88,24,-0.785398
88,25,-2.356194
88,31,-1.570796
88,54,-1.570796
88,56,1.570796
88,61,-1.570796
89,9,-0.785398
89,56,-1.570796
89,63,0.000000
89,67,-2.356194
89,69,1.570796
89,78,0.000000
89,80,-1.892547
89,91,3.141593
90,9,2.356194
90,60,1.570796
90,78,-0.785398
90,88,-0.321751
90,91,-2.356194
91,6,1.570796
91,7,2.356194
91,8,-0.785398
91,9,-2.356194
91,13,1.249046
91,27,2.356194
91,39,1.570796
91,43,3.141593
91,65,-1.570796
91,67,1.570796
91,76,1.570796
92,11,0.785398
92,25,2.356194
92,38,0.000000
92,39,-2.356194
92,57,1.570796
92,60,-1.570796
92,67,-1.570796
92,78,-1.570796
92,89,-0.785398
93,6,-2.819842
93,19,-0.785398
93,24,-1.570796
93,37,-0.785398
93,57,-1.570796
93,62,1.570796
93,64,1.570796
93,80,1.570796
94,3,0.321751
94,12,-0.785398
94,45,2.356194
94,62,-1.570796
94,80,0.785398
94,85,0.785398
95,20,0.785398
95,21,2.356194
95,34,2.356194
95,35,3.141593
95,69,-1.570796
95,80,-0.321751
95,81,2.819842
95,85,-0.321751
95,90,2.819842
96,3,0.000000
96,11,0.321751
96,14,2.356194
96,19,1.570796
96,21,-1.570796
96,26,1.249046
96,27,3.141593
96,32,0.321751
96,39,-1.570796
96,46,2.356194
96,81,-1.570796
97,3,-1.570796
97,23,2.356194
97,25,-0.785398
97,26,-1.892547
97,51,1.570796
97,54,0.000000
97,55,3.141593
97,61,2.356194
97,63,-0.785398
97,86,-0.785398
97,88,-1.249046
98,2,-0.785398
98,19,-1.249046
98,20,-2.356194
98,21,-0.785398
98,22,-1.892547
98,29,0.000000
98,31,-0.785398
98,41,-1.570796
98,44,-0.785398
98,51,-1.570796
98,60,-0.785398
98,70,0.000000
98,71,3.141593
98,74,-2.356194
98,78,-2.356194
98,82,-1.570796
98,86,-1.570796
