4,57,1.249046
4,58,2.356194
4,63,0.785398
4,64,1.570796
4,65,2.356194
4,71,0.785398
4,72,1.570796
4,73,2.356194
5,36,0.785398
5,37,1.892547
5,39,1.249046
5,40,2.356194
5,43,0.785398
5,44,1.570796
5,45,2.356194
6,22,1.249046
6,23,3.141593
7,39,-2.356194
7,57,0.000000
7,64,0.785398
7,82,2.356194
8,57,-0.785398
8,71,0.321751
8,73,2.819842
8,76,0.785398
8,77,1.892547
8,80,0.000000
8,81,-1.892547
9,17,1.249046
9,18,2.356194
9,19,-0.785398
9,34,0.321751
9,63,-0.785398
9,71,-1.570796
9,73,-1.570796
9,85,3.141593
10,12,2.356194
10,16,-0.785398
10,34,-1.570796
10,69,0.000000
10,77,-1.892547
11,11,-0.785398
11,43,-0.785398
11,44,-1.570796
11,45,-2.356194
12,38,0.000000
12,39,-1.570796
12,40,-2.356194
12,55,-0.785398
12,58,2.356194
12,76,2.819842
13,36,0.785398
13,37,2.356194
13,67,2.356194
13,70,-0.785398
13,76,-2.356194
14,34,1.249046
14,35,3.141593
14,37,-2.356194
14,78,0.000000
14,79,-1.892547
15,52,0.785398
15,53,1.892547
15,66,-1.570796
15,77,3.141593
16,11,2.356194
16,31,1.570796
16,36,-0.785398
16,37,-1.570796
16,38,-2.356194
16,55,2.356194
16,56,-0.785398
16,57,-1.570796
16,59,1.892547
16,73,1.249046
17,30,0.000000
17,31,-2.356194
17,59,-1.249046
17,60,-2.356194
17,77,3.141593
18,9,0.321751
18,32,-0.785398
18,33,-1.892547
18,54,3.141593
18,62,0.000000
18,63,1.892547
18,78,1.570796
19,9,-0.785398
19,26,2.356194
19,54,-1.570796
19,65,0.785398
19,73,-0.785398
19,79,3.141593
20,23,1.249046
20,55,0.000000
20,56,1.570796
20,58,1.892547
20,63,-0.785398
21,15,0.000000
21,16,1.570796
21,17,2.356194
21,25,-1.570796
21,58,-1.249046
21,59,-2.356194
21,63,2.356194
21,66,0.000000
21,68,0.785398
21,69,1.892547
21,80,0.785398
21,88,2.356194
22,28,1.570796
22,29,2.356194
22,51,0.785398
22,52,1.570796
22,53,2.356194
22,54,0.785398
22,55,2.356194
22,62,-0.785398
22,63,-2.356194
22,69,-1.249046
22,70,-2.356194
22,72,-0.785398
22,75,2.356194
22,76,0.785398
22,77,1.892547
22,80,-0.785398
22,86,0.785398
23,25,-0.785398
23,26,-1.892547
23,55,-1.570796
23,64,0.000000
23,77,-1.249046
23,79,2.356194
23,84,1.249046
24,18,0.785398
24,20,1.570796
24,21,2.356194
24,22,-0.785398
24,23,-1.892547
24,28,0.785398
24,52,2.356194
24,74,0.785398
24,86,-0.785398
24,87,-1.892547
25,30,2.356194
25,50,1.249046
25,59,1.570796
25,62,1.249046
25,68,0.785398
25,69,1.892547
25,74,-0.321751
25,79,-0.785398
25,80,-2.356194
26,9,2.356194
26,18,0.000000
26,39,1.249046
26,40,2.356194
26,42,0.785398
26,43,1.892547
26,52,-1.249046
26,53,-2.356194
26,59,0.000000
26,64,-1.249046
26,69,-1.249046
26,71,1.892547
26,75,-1.249046
26,89,2.356194
27,8,0.321751
27,29,-1.570796
27,38,-0.785398
27,39,-1.892547
27,46,0.785398
27,47,1.570796
27,56,0.785398
27,57,1.892547
27,71,-1.249046
27,72,3.141593
27,82,-0.321751
27,89,3.141593
28,8,-1.570796
28,17,0.321751
28,18,-2.819842
28,30,0.785398
28,31,2.356194
28,42,0.000000
28,43,-1.892547
28,62,-0.785398
28,63,3.141593
28,66,0.000000
28,68,0.785398
28,69,1.892547
28,73,0.000000
28,75,0.785398
28,79,-1.249046
28,80,3.141593
28,85,-1.892547
28,89,-1.570796
29,49,-1.892547
29,51,1.570796
29,64,1.570796
29,69,-1.249046
29,70,-2.356194
29,71,0.785398
29,72,2.356194
30,12,0.000000
30,13,1.570796
30,15,1.570796
30,29,0.000000
30,44,0.000000
30,45,-0.785398
30,54,1.570796
30,55,2.356194
30,57,-0.785398
30,77,1.570796
31,41,0.000000
31,47,0.000000
31,50,-0.785398
31,59,-2.356194
31,62,-1.249046
31,67,-1.249046
31,68,3.141593
31,72,-0.321751
31,77,-0.785398
31,83,0.000000
32,14,-2.356194
32,24,1.249046
32,25,3.141593
32,44,2.356194
32,59,0.785398
32,64,-0.785398
32,65,-2.356194
32,69,0.000000
32,70,1.892547
32,85,0.000000
32,86,1.892547
33,16,0.321751
33,17,-2.819842
33,23,0.000000
33,24,-1.892547
33,41,0.000000
33,42,-0.785398
33,43,-1.892547
33,49,0.000000
33,59,0.000000
33,66,0.000000
33,67,1.892547
33,77,-2.356194
33,83,3.141593
34,6,0.321751
34,8,3.141593
34,22,1.570796
34,28,1.249046
34,29,3.141593
34,36,1.249046
34,37,2.356194
34,39,3.141593
34,57,1.892547
34,62,0.000000
34,63,1.892547
34,67,-1.249046
34,69,2.356194
34,72,-1.249046
34,74,2.356194
34,83,-1.570796
34,90,2.356194
35,6,-0.785398
35,10,0.785398
35,11,1.570796
35,13,1.570796
35,14,2.356194
35,15,-0.785398
35,16,-1.570796
35,17,-2.356194
35,19,0.785398
35,27,0.000000
35,28,-1.892547
35,35,-0.785398
35,36,-1.892547
35,59,-2.819842
35,64,-2.356194
35,69,-1.570796
35,88,-1.249046
35,90,-2.356194
36,24,2.356194
36,40,3.141593
36,50,0.785398
36,54,-1.249046
36,55,-2.356194
36,56,-0.785398
36,70,0.000000
36,75,3.141593
36,85,0.000000
36,91,-2.356194
37,46,1.570796
37,60,0.785398
37,71,-1.570796
37,78,-0.785398
37,81,2.356194
37,86,-1.570796
38,20,0.000000
38,22,-1.892547
38,27,1.249046
38,28,2.356194
38,34,1.249046
38,35,2.356194
38,42,1.249046
38,44,1.570796
38,46,-2.356194
38,50,0.321751
38,88,1.892547
39,16,2.356194
39,20,-0.785398
39,26,0.000000
39,27,-1.892547
39,32,1.249046
39,34,-1.892547
39,40,0.000000
39,41,-0.785398
39,42,-1.892547
39,47,1.570796
39,52,-1.249046
39,53,-2.356194
39,67,1.892547
39,85,0.785398
40,15,3.141593
40,24,0.000000
40,30,1.249046
40,32,-1.892547
40,38,2.356194
40,48,-2.356194
40,49,-0.785398
40,58,-1.249046
40,59,-2.356194
40,60,-0.785398
40,61,-1.570796
40,63,-1.570796
40,69,1.892547
40,75,1.570796
40,80,0.785398
40,90,-2.356194
41,6,2.356194
41,14,-1.570796
41,29,0.000000
41,30,-1.892547
41,35,1.249046
41,36,2.356194
41,42,1.249046
41,43,3.141593
41,53,0.000000
41,71,1.892547
41,75,-0.785398
41,76,-2.356194
41,80,0.000000
41,90,2.356194
42,5,0.321751
42,13,0.000000
42,17,1.249046
42,18,3.141593
42,28,-0.785398
42,33,1.249046
42,35,-1.892547
42,40,1.249046
42,42,-1.892547
42,57,3.141593
42,63,0.000000
42,65,-0.785398
42,68,-2.356194
42,74,2.356194
42,90,3.141593
43,5,-0.785398
43,14,0.785398
43,15,2.356194
43,16,-0.785398
43,17,-1.892547
43,22,2.356194
43,32,0.000000
43,33,-1.892547
43,38,1.249046
43,40,-1.892547
43,48,3.141593
43,70,0.785398
43,74,-1.570796
43,79,-0.785398
43,80,-2.356194
43,85,0.785398
43,90,-1.570796
44,20,0.000000
44,30,0.000000
44,36,1.249046
44,38,-1.892547
44,57,0.000000
44,59,3.141593
44,72,-2.356194
44,91,-2.356194
45,13,0.321751
45,14,-2.819842
45,50,3.141593
45,87,1.570796
46,13,-0.785398
46,24,3.141593
46,34,0.000000
46,35,-1.892547
46,39,1.249046
46,40,2.356194
46,58,0.000000
46,60,3.141593
46,63,0.000000
46,72,-0.785398
46,73,-1.892547
46,78,1.892547
46,87,-0.321751
46,88,2.819842
47,21,0.000000
47,26,0.000000
47,27,3.141593
47,37,1.249046
47,39,-1.892547
47,44,1.249046
47,45,2.356194
48,13,2.356194
48,31,1.570796
48,37,-1.892547
48,43,-0.785398
48,44,-1.892547
48,50,0.000000
48,52,3.141593
48,61,3.141593
48,63,0.000000
48,70,0.785398
48,71,1.570796
48,72,2.356194
48,85,0.000000
48,86,1.892547
49,12,-0.785398
49,13,-2.356194
49,15,1.249046
49,16,2.356194
49,17,0.785398
49,18,1.892547
49,21,1.249046
49,23,1.570796
49,24,2.356194
49,30,0.000000
49,31,-2.356194
49,40,0.000000
49,54,0.000000
49,76,-1.249046
49,77,-2.356194
49,78,-0.785398
49,79,-1.892547
49,90,-2.356194
50,4,0.785398
50,28,0.785398
50,29,2.356194
50,34,-0.785398
50,35,-1.570796
50,36,-2.356194
50,61,1.249046
50,62,2.356194
50,71,3.141593
50,86,-1.570796
51,4,0.000000
51,8,-0.785398
51,10,2.819842
51,21,-1.249046
51,22,-2.356194
51,29,-2.356194
51,48,0.785398
51,49,1.892547
51,57,1.249046
51,58,2.356194
51,73,1.249046
51,74,2.356194
51,85,1.570796
52,4,-0.785398
52,10,-2.356194
52,29,-1.570796
52,53,0.785398
52,54,1.570796
52,61,-1.249046
52,62,-2.356194
52,63,0.785398
52,64,1.570796
52,65,2.356194
52,80,1.570796
52,82,-1.570796
52,83,-2.356194
53,18,-2.356194
53,24,3.141593
53,36,0.000000
53,48,-0.785398
53,49,-1.892547
54,10,2.356194
54,56,-1.570796
54,57,-2.356194
54,59,3.141593
54,72,-1.249046
54,73,-2.356194
54,85,-0.785398
54,87,-1.249046
54,91,2.819842
55,4,0.785398
55,10,-2.819842
55,18,2.356194
55,23,3.141593
55,42,0.000000
55,64,0.000000
55,66,-0.785398
55,67,-1.892547
55,91,-2.356194
56,4,0.000000
56,8,-0.785398
56,9,-1.892547
56,12,0.321751
56,14,-2.356194
56,29,0.000000
56,31,3.141593
56,53,3.141593
56,58,0.000000
56,60,3.141593
56,63,-0.785398
56,77,-2.356194
56,84,-0.785398
56,89,0.000000
57,4,-0.785398
57,12,-1.570796
57,17,-0.321751
57,20,1.570796
57,21,2.356194
57,23,3.141593
57,42,0.000000
57,43,3.141593
57,45,0.000000
57,49,0.785398
57,65,0.000000
57,66,0.785398
57,67,1.892547
57,79,1.249046
57,80,2.356194
57,81,3.141593
57,89,-0.785398
58,52,1.249046
58,53,2.356194
58,59,3.141593
58,67,-1.249046
58,68,-2.356194
58,69,-0.785398
58,70,-1.570796
58,71,-2.356194
58,72,3.141593
58,75,0.000000
58,76,-0.785398
59,11,0.000000
59,15,2.356194
59,21,-2.356194
59,22,0.785398
59,23,1.570796
59,24,2.356194
59,25,3.141593
59,45,2.356194
59,49,-0.785398
59,80,-2.356194
59,81,0.785398
59,91,-2.356194
60,10,1.570796
60,12,0.785398
60,13,2.356194
60,40,0.000000
60,41,3.141593
60,44,-0.785398
60,53,-2.356194
60,54,0.785398
60,55,1.892547
60,76,0.000000
60,77,-0.785398
60,78,-1.892547
60,82,-1.570796
61,10,-2.819842
61,12,-0.785398
61,19,-2.819842
61,24,0.000000
61,25,1.570796
61,26,2.356194
61,29,3.141593
61,50,-0.785398
61,51,-1.892547
61,55,-1.249046
62,8,0.321751
62,17,0.000000
62,18,-1.892547
62,34,1.570796
62,37,0.000000
62,38,3.141593
62,62,0.000000
62,65,0.000000
62,73,0.000000
62,75,3.141593
62,80,0.785398
62,84,0.000000
62,85,1.570796
62,86,3.141593
62,89,0.000000
63,4,0.785398
63,11,3.141593
63,16,1.570796
63,24,0.000000
63,34,2.356194
63,58,-2.356194
63,59,3.141593
63,68,2.356194
63,81,-2.356194
63,90,-2.356194
64,4,0.000000
64,10,-1.892547
64,14,1.249046
64,22,1.249046
64,23,3.141593
64,27,0.785398
64,33,-0.785398
64,34,-2.356194
64,61,0.000000
64,65,-0.785398
64,78,2.356194
65,4,-0.785398
65,13,0.000000
65,14,-1.892547
65,28,0.000000
65,29,1.570796
65,30,3.141593
65,35,0.000000
65,40,0.000000
65,41,0.785398
65,42,1.892547
65,48,0.785398
65,49,1.570796
65,50,2.356194
65,58,3.141593
65,72,0.785398
65,82,0.785398
65,90,2.356194
66,12,1.570796
66,21,-1.892547
66,26,1.570796
66,43,-2.356194
66,60,0.000000
66,73,-1.570796
66,78,1.570796
66,88,0.000000
66,90,-2.819842
67,19,-1.570796
67,26,-1.570796
67,35,-0.785398
67,36,-1.570796
67,37,-2.356194
67,40,0.785398
67,78,-0.785398
67,79,3.141593
67,84,1.570796
68,4,0.785398
68,9,0.000000
68,10,-1.892547
68,17,1.249046
68,18,3.141593
68,23,2.356194
68,24,3.141593
68,28,0.000000
68,29,-1.892547
68,51,0.785398
68,52,1.570796
68,53,2.356194
68,60,3.141593
68,76,0.000000
68,77,2.356194
68,80,0.000000
68,81,1.892547
69,4,0.000000
69,16,-0.785398
69,17,-1.892547
69,22,-1.570796
69,66,0.785398
69,67,1.892547
69,71,-1.570796
69,77,-1.570796
69,81,-1.249046
70,4,-0.785398
70,13,-0.785398
70,25,-0.785398
70,31,0.000000
70,34,0.785398
70,35,1.892547
70,44,-2.356194
70,53,-2.356194
70,54,3.141593
70,61,0.000000
70,64,0.000000
70,67,-1.249046
70,68,3.141593
70,78,1.570796
70,87,3.141593
71,28,0.000000
71,29,3.141593
71,35,-1.249046
71,36,-2.356194
71,45,0.785398
71,46,2.356194
71,48,3.141593
71,56,0.000000
71,58,3.141593
71,79,3.141593
71,88,1.570796
71,91,-1.570796
72,4,0.785398
72,19,3.141593
72,39,0.000000
72,40,1.892547
72,50,0.000000
72,52,0.785398
72,53,1.892547
72,60,0.000000
72,61,0.785398
72,65,-1.570796
72,70,-2.356194
72,85,-2.356194
72,88,-0.321751
72,89,2.819842
73,4,-0.785398
73,5,3.141593
73,16,0.785398
73,23,1.249046
73,24,2.356194
73,25,3.141593
73,32,0.785398
73,33,1.892547
73,40,-1.249046
73,42,1.892547
73,46,3.141593
73,53,-1.249046
73,54,-2.356194
74,28,0.000000
74,33,-1.249046
74,34,-2.356194
74,61,0.000000
74,62,-1.570796
74,63,3.141593
74,71,0.785398
74,89,-0.785398
74,90,3.141593
75,8,0.785398
75,9,3.141593
75,26,2.356194
75,44,2.819842
75,69,1.570796
75,78,0.785398
75,82,0.000000
75,87,0.000000
75,88,2.356194
75,91,-2.356194
76,8,-0.785398
76,16,-0.785398
76,24,2.356194
76,44,-1.570796
76,54,3.141593
76,56,0.785398
76,76,0.785398
76,83,-2.356194
76,88,-2.356194
77,18,0.000000
77,23,-1.892547
77,45,-2.356194
77,50,0.785398
77,51,2.356194
77,52,0.000000
77,80,1.570796
77,83,0.785398
78,3,0.785398
78,12,0.785398
78,18,-0.785398
78,27,1.249046
78,28,3.141593
78,50,-0.785398
78,83,-0.785398
78,84,3.141593
78,88,-1.570796
79,3,-0.321751
79,5,3.141593
79,11,0.785398
79,13,-2.356194
79,25,1.249046
79,27,-1.892547
79,57,-1.570796
79,64,1.570796
79,79,0.000000
80,40,0.000000
80,51,0.785398
80,54,0.785398
80,61,1.570796
80,82,-2.356194
81,16,1.570796
81,23,0.000000
81,24,-1.892547
81,30,1.249046
81,31,2.356194
81,32,0.000000
81,40,-1.570796
81,44,0.785398
81,51,-0.321751
81,52,2.819842
81,54,-0.321751
81,58,0.785398
81,69,-1.570796
81,77,-2.356194
81,91,1.570796
82,9,0.785398
82,11,-2.356194
82,15,0.000000
82,21,0.000000
82,29,0.000000
82,30,-1.892547
82,48,0.000000
82,49,3.141593
82,52,-1.570796
82,56,2.819842
82,59,1.570796
82,74,3.141593
82,80,-1.570796
82,86,0.785398
82,91,-1.570796
83,27,1.249046
83,28,3.141593
83,35,3.141593
83,37,-1.570796
83,42,1.570796
83,45,-1.570796
83,53,1.570796
83,56,-2.356194
83,59,-0.321751
83,60,2.819842
83,62,-1.570796
83,67,1.570796
83,86,0.000000
84,3,0.321751
84,6,2.356194
84,19,2.356194
84,42,-1.570796
84,53,-0.321751
84,54,2.819842
84,56,-1.570796
84,60,-1.570796
84,67,-0.321751
84,68,2.819842
84,73,-0.321751
84,83,1.570796
84,88,-2.356194
85,9,-1.570796
85,12,1.570796
85,18,0.785398
85,25,0.000000
85,26,-1.892547
85,46,0.785398
85,50,1.570796
85,54,-1.570796
85,68,-2.356194
85,83,-0.321751
85,85,3.141593
85,87,-0.785398
86,3,-0.321751
86,5,-2.819842
86,10,0.000000
86,12,-2.819842
86,17,0.785398
86,23,0.000000
86,30,1.249046
86,31,2.356194
86,32,3.141593
86,55,-2.356194
86,61,-1.570796
86,64,0.785398
86,68,-1.570796
86,75,-1.570796
86,91,1.570796
87,16,0.785398
87,18,-2.356194
87,29,0.000000
87,30,-1.892547
87,47,-1.570796
87,50,-1.570796
87,58,0.000000
87,59,3.141593
87,76,-2.356194
87,84,0.785398
87,88,-1.570796
88,9,1.249046
88,15,0.785398
88,17,-2.356194
88,42,1.570796
88,56,1.570796
88,62,0.785398
88,85,3.141593
89,4,0.785398
89,8,-0.785398
89,9,-1.892547
89,27,3.141593
89,32,2.356194
89,35,1.570796
89,42,-1.570796
89,45,1.570796
89,48,1.570796
89,59,0.785398
89,63,-2.356194
89,66,-2.356194
89,78,1.570796
89,91,-1.570796
90,4,-0.321751
90,6,3.141593
90,14,0.000000
90,15,-1.892547
90,21,3.141593
90,26,-1.570796
90,31,-0.785398
90,38,1.570796
90,57,-2.356194
90,75,-1.570796
90,78,-1.570796
90,81,0.785398
91,13,1.570796
91,19,-0.785398
91,25,-0.785398
91,43,1.570796
91,45,-1.570796
91,60,-1.570796
91,68,1.570796
91,72,0.785398
91,82,3.141593
91,87,0.785398
91,88,2.356194
92,13,-2.819842
92,48,-1.570796
92,51,1.570796
92,64,0.785398
92,68,-1.570796
92,77,0.000000
92,87,-0.785398
92,89,0.000000
93,5,2.356194
93,28,1.570796
93,51,-1.570796
93,90,-2.356194
94,10,0.000000
94,11,-1.892547
94,18,2.356194
94,75,1.570796
94,83,0.785398
95,27,3.141593
95,33,2.356194
95,59,1.570796
95,71,1.570796
95,76,3.141593
95,85,1.892547
95,90,2.356194
96,5,-1.892547
96,26,-1.570796
96,31,0.000000
96,32,-0.785398
96,33,-2.356194
96,51,1.570796
96,54,1.570796
96,63,0.785398
96,81,0.000000
96,88,-1.570796
97,34,-2.356194
97,38,-1.570796
97,49,1.570796
97,51,-1.570796
97,67,-1.570796
97,77,-1.570796
98,13,-1.570796
98,23,0.000000
98,42,-1.570796
98,49,-1.570796
98,54,-1.570796
98,60,-2.356194
98,64,-1.570796
98,73,-2.356194
98,83,-0.785398
98,86,-1.570796
