6,42,1.249046
6,43,2.356194
6,44,0.785398
6,45,1.570796
6,46,2.356194
7,35,1.249046
7,36,2.356194
7,54,2.356194
7,58,0.785398
7,59,1.892547
8,28,1.249046
8,29,2.356194
8,34,-0.785398
8,42,-2.356194
8,52,0.321751
9,52,-1.570796
9,59,-0.785398
9,70,2.356194
10,77,2.356194
11,37,0.785398
12,37,0.000000
12,45,0.785398
12,48,1.249046
12,52,2.819842
13,12,3.141593
13,25,-1.570796
13,37,-0.785398
13,39,-1.570796
13,45,-0.321751
13,65,0.321751
14,11,-0.785398
14,42,-1.570796
14,43,3.141593
14,65,-0.785398
15,32,1.892547
15,40,-1.892547
15,44,0.785398
15,46,-1.570796
15,55,1.892547
15,65,2.356194
16,34,2.356194
16,49,-2.356194
16,57,0.785398
16,61,1.892547
16,63,1.249046
16,65,3.141593
17,42,0.785398
17,55,-1.892547
17,65,-2.356194
17,81,3.141593
18,11,2.356194
18,39,1.249046
18,40,2.356194
18,48,-0.785398
18,49,-1.570796
18,61,-1.570796
18,68,0.321751
19,10,0.321751
19,60,1.570796
19,68,-1.570796
20,10,-0.785398
20,24,1.249046
20,40,0.785398
20,41,2.356194
20,42,-0.785398
20,46,2.819842
20,51,-0.321751
20,53,2.356194
20,57,-0.785398
20,58,-1.570796
21,23,0.321751
21,70,1.249046
22,28,-2.356194
22,38,2.356194
22,48,1.570796
22,50,1.892547
23,30,-1.570796
23,32,0.000000
23,36,0.000000
23,37,-1.892547
23,42,1.570796
23,58,0.785398
23,70,-1.249046
24,25,-2.356194
24,31,-2.356194
24,35,3.141593
24,46,-1.249046
24,48,-1.570796
24,61,-1.249046
24,62,-2.356194
25,18,0.785398
25,19,1.570796
25,20,2.356194
25,30,0.785398
25,33,0.000000
25,37,1.249046
25,76,2.819842
26,29,0.785398
26,32,3.141593
26,37,-1.892547
26,42,-1.892547
26,52,-1.892547
26,54,0.000000
26,55,1.570796
26,56,2.356194
26,57,0.785398
26,65,-1.249046
26,76,-2.356194
27,19,-0.321751
27,28,3.141593
27,30,-0.785398
27,31,-1.892547
27,39,0.000000
27,40,-1.892547
27,60,1.892547
28,33,0.000000
29,16,1.249046
29,17,2.356194
29,22,-2.356194
29,30,1.249046
29,31,2.356194
29,35,0.000000
29,41,0.000000
29,57,-0.785398
29,58,-1.570796
29,63,0.000000
29,64,1.892547
29,75,-0.321751
30,15,0.321751
30,48,-0.785398
30,72,-0.321751
30,85,2.356194
31,28,0.000000
31,29,-1.892547
31,44,0.000000
31,51,3.141593
31,54,0.785398
31,60,0.000000
31,62,0.785398
31,66,3.141593
31,77,-1.249046
32,15,-0.321751
32,55,-2.356194
32,56,0.785398
32,57,1.892547
32,71,1.570796
32,83,0.000000
32,84,-1.892547
33,25,1.249046
33,26,3.141593
33,47,0.000000
33,51,0.785398
33,52,1.892547
33,57,-1.249046
33,58,-2.356194
33,60,3.141593
33,68,1.570796
33,71,-0.321751
33,78,0.000000
33,81,2.356194
34,52,-1.249046
34,54,1.892547
34,64,-0.321751
34,68,-0.321751
35,12,2.356194
35,13,0.785398
35,24,-1.892547
35,54,-1.249046
35,55,-2.356194
35,56,0.785398
35,57,1.892547
35,60,-0.785398
35,62,1.892547
35,74,2.819842
35,80,3.141593
36,27,1.570796
36,52,0.785398
36,57,-1.249046
36,80,-2.356194
37,20,0.321751
37,25,1.249046
37,53,0.000000
37,54,1.892547
37,68,2.819842
37,72,2.819842
37,74,-0.321751
38,8,0.321751
38,20,-1.570796
38,24,0.000000
38,25,-1.892547
38,54,-1.249046
38,55,3.141593
38,65,2.819842
38,68,-1.570796
39,8,-0.785398
39,12,0.321751
39,23,1.570796
39,56,0.000000
39,57,1.892547
39,62,2.819842
39,65,-1.570796
39,72,-0.321751
39,73,2.819842
39,77,2.819842
39,79,-0.321751
39,80,2.819842
40,15,-2.819842
40,18,1.570796
40,23,-2.819842
40,57,-1.249046
40,58,3.141593
40,66,1.570796
40,70,1.570796
40,73,-1.570796
41,18,-2.819842
41,52,0.000000
41,54,3.141593
41,63,3.141593
41,66,-0.321751
41,70,-0.321751
41,71,2.819842
41,77,-0.321751
41,78,2.819842
41,80,-0.321751
41,87,2.356194
42,8,2.356194
42,14,-1.570796
42,20,0.321751
42,64,1.570796
42,68,2.819842
42,75,1.570796
42,81,-1.249046
42,82,-2.356194
42,85,0.785398
42,87,-2.819842
43,7,0.321751
43,20,-1.570796
43,61,1.570796
43,64,-0.321751
43,65,2.819842
43,68,-1.570796
43,71,-0.321751
43,75,-0.321751
43,79,2.819842
44,7,-1.570796
44,12,1.249046
44,13,2.356194
44,28,-0.785398
44,61,-0.321751
44,62,2.819842
44,65,-1.570796
44,69,1.570796
44,79,-1.570796
44,87,3.141593
45,10,0.000000
45,15,-2.819842
45,18,1.570796
45,62,-1.570796
45,69,-0.321751
45,74,2.819842
45,80,1.570796
45,83,0.785398
46,17,0.321751
46,18,-2.819842
46,74,-1.570796
46,78,2.819842
46,80,-0.321751
47,13,-1.892547
47,17,-1.570796
47,72,2.819842
47,75,0.785398
47,76,3.141593
47,84,-2.819842
48,16,1.570796
48,72,-1.570796
48,78,-0.321751
48,79,2.819842
48,81,-0.321751
49,16,-2.819842
49,73,0.000000
49,74,2.356194
49,79,-1.570796
50,14,0.321751
50,74,-2.356194
50,82,-1.570796
51,14,-1.570796
51,62,1.570796
52,62,0.785398
52,71,-1.570796
53,59,0.785398
53,62,-0.321751
53,63,2.819842
53,69,0.785398
54,6,0.785398
54,12,1.570796
54,66,0.785398
54,69,-0.321751
54,70,2.819842
55,6,0.000000
55,11,-0.785398
55,63,-0.321751
55,64,2.819842
55,66,-0.321751
55,67,2.819842
55,70,-2.356194
55,76,0.785398
55,85,0.785398
55,86,1.892547
55,88,2.356194
56,6,-0.785398
56,64,-2.356194
56,67,-1.570796
56,74,1.570796
56,76,-0.321751
56,77,2.819842
56,80,1.570796
56,88,-2.819842
57,14,2.356194
57,41,2.356194
57,64,0.785398
57,80,-0.321751
57,81,2.819842
57,84,-0.321751
58,13,2.356194
58,41,-2.819842
58,64,-0.321751
58,65,2.819842
58,77,-0.321751
58,78,2.819842
58,81,-1.570796
59,13,-2.356194
59,40,-1.892547
59,62,-2.356194
59,65,-2.356194
59,71,-1.570796
59,78,-2.356194
59,88,2.819842
60,6,0.785398
60,19,1.570796
60,23,1.570796
60,38,-0.785398
60,65,0.785398
60,88,-2.356194
61,6,0.000000
61,19,2.356194
61,65,-0.321751
61,66,2.819842
61,72,1.570796
61,78,-1.570796
62,6,-0.785398
62,10,-1.249046
62,15,1.570796
62,18,0.321751
62,19,-2.819842
62,22,-0.785398
62,66,-2.356194
62,81,1.570796
63,18,-1.570796
63,63,1.570796
63,69,0.785398
63,72,-1.570796
63,79,1.570796
63,81,-1.570796
64,21,2.356194
64,69,-0.321751
64,70,2.819842
65,14,2.356194
65,66,-1.570796
65,70,-2.356194
65,82,1.570796
66,14,-2.819842
66,20,2.356194
66,70,-1.570796
66,82,-1.570796
67,6,0.785398
67,12,0.000000
67,13,-1.892547
67,19,0.321751
67,20,-2.819842
67,67,1.570796
67,75,1.570796
67,77,-1.570796
67,85,1.570796
67,89,2.356194
68,6,-0.321751
68,8,2.356194
68,16,2.356194
68,70,1.570796
68,83,1.570796
68,85,0.000000
68,89,3.141593
69,15,0.321751
69,16,-2.819842
69,18,0.321751
69,19,-2.819842
69,75,-1.570796
69,78,1.570796
69,85,-0.785398
69,89,-2.356194
70,15,-1.570796
70,18,-0.785398
70,21,1.570796
70,73,1.570796
70,78,-1.570796
70,85,0.785398
70,89,2.356194
71,14,1.570796
71,67,-1.570796
71,76,1.570796
71,83,-1.570796
71,85,0.000000
71,87,0.785398
71,89,-2.819842
72,7,0.785398
72,13,0.000000
72,14,-2.356194
72,61,1.570796
72,70,0.785398
72,73,-1.570796
72,85,-1.570796
73,7,0.000000
73,17,2.356194
73,64,-1.570796
73,68,1.570796
73,70,-0.321751
73,71,2.819842
73,76,-1.570796
73,79,1.570796
73,81,-1.570796
74,7,-0.785398
74,17,-2.819842
74,61,-1.570796
74,71,-2.356194
75,52,1.570796
75,58,1.570796
75,66,1.570796
75,79,-1.570796
76,15,0.321751
76,16,-2.819842
76,41,0.785398
76,52,-1.570796
76,55,1.570796
76,58,-1.570796
76,63,1.570796
76,66,-1.570796
76,74,1.570796
76,77,1.570796
76,82,1.570796
76,84,0.785398
77,23,2.356194
77,41,0.000000
77,84,-0.321751
77,85,2.819842
78,14,0.321751
78,15,-2.819842
78,41,-1.570796
78,44,0.785398
78,45,2.356194
78,77,-1.570796
78,80,1.570796
78,82,-1.570796
78,85,-2.356194
79,44,-0.785398
79,47,0.000000
79,80,-1.570796
79,85,0.785398
79,89,2.356194
80,7,0.785398
80,18,2.356194
80,25,1.570796
80,45,1.570796
80,48,-2.356194
80,60,1.570796
80,83,1.570796
80,86,-2.356194
80,87,0.785398
80,89,-2.819842
81,7,-0.321751
81,9,2.356194
81,18,-2.819842
81,25,2.356194
81,46,3.141593
81,48,2.356194
82,14,-1.249046
82,15,3.141593
82,24,0.321751
82,25,-2.819842
82,37,1.249046
82,38,2.356194
82,39,-0.785398
82,40,-1.570796
82,41,3.141593
82,47,-0.785398
82,57,1.570796
82,76,1.570796
82,83,-1.570796
83,17,-2.819842
83,24,-1.570796
83,36,0.000000
83,37,-1.892547
83,54,2.356194
83,81,1.570796
84,32,0.785398
84,33,1.570796
84,34,2.356194
84,53,0.321751
84,54,-2.819842
84,57,2.356194
84,76,-1.570796
84,79,1.570796
84,84,1.570796
85,16,-2.819842
85,30,1.249046
85,31,3.141593
85,53,-0.785398
85,56,0.321751
85,57,-2.819842
85,68,-1.570796
85,74,-1.570796
85,84,0.785398
85,88,2.356194
86,50,1.570796
86,56,-0.785398
86,65,1.570796
86,76,1.570796
86,81,-1.570796
86,85,-2.356194
86,88,3.141593
87,13,0.321751
87,22,0.785398
87,27,3.141593
87,30,-2.356194
87,50,-1.570796
87,53,2.356194
87,65,-1.570796
87,88,-2.356194
88,18,1.570796
88,26,-1.570796
88,52,0.321751
88,53,-2.819842
88,59,0.785398
88,68,1.570796
88,76,-1.570796
88,82,1.570796
89,14,-2.356194
89,17,-0.785398
89,24,0.785398
89,25,3.141593
89,49,1.570796
89,52,-0.785398
89,59,-0.321751
89,60,2.819842
89,62,-1.570796
89,65,1.570796
89,74,1.570796
90,8,0.785398
90,20,0.321751
90,24,-0.785398
90,40,1.570796
90,49,-1.570796
90,60,-2.356194
90,79,-1.570796
91,9,-2.356194
91,20,-0.785398
91,29,1.570796
91,32,1.570796
91,36,1.570796
91,39,0.321751
91,40,-2.819842
91,60,-1.570796
91,62,1.570796
91,68,-1.570796
91,74,0.785398
91,82,0.785398
92,11,-1.570796
92,29,-2.819842
92,31,0.321751
92,32,-2.819842
92,39,-1.570796
92,43,2.356194
92,48,1.570796
92,57,1.570796
92,65,-1.570796
92,74,0.000000
92,76,0.785398
92,80,1.570796
92,83,-2.356194
93,13,0.785398
93,14,1.570796
93,20,2.356194
93,57,-1.570796
93,59,1.570796
93,62,-1.570796
93,67,1.570796
93,74,-0.785398
93,77,-2.356194
94,23,2.356194
94,26,0.321751
94,30,0.321751
94,31,-2.819842
94,59,-1.570796
94,67,-1.570796
94,87,3.141593
95,16,-1.570796
95,17,-2.356194
95,23,-2.356194
95,26,-1.570796
95,30,-1.570796
95,37,1.570796
95,44,1.570796
95,56,1.570796
95,61,1.570796
95,64,1.570796
95,74,-1.570796
95,81,1.570796
96,19,-1.249046
96,24,0.785398
96,25,3.141593
96,36,0.321751
96,37,-2.819842
96,64,-1.570796
96,66,1.570796
96,81,0.000000
96,84,-0.785398
96,85,-1.892547
97,21,-1.570796
97,32,1.570796
97,36,-0.785398
97,58,1.570796
97,74,1.570796
98,23,-0.785398
98,28,-1.570796
98,30,0.000000
98,31,-0.785398
98,36,-1.570796
98,39,-0.785398
98,43,-1.570796
98,46,-1.570796
98,49,-1.570796
98,52,-0.785398
98,55,-1.570796
98,58,-1.570796
98,60,-0.785398
98,66,-1.570796
98,71,-1.570796
98,74,-1.570796
98,77,-1.570796
98,79,0.000000
98,80,-0.785398
