6,42,0.785398
6,43,2.356194
6,60,0.785398
6,61,1.570796
6,62,2.356194
7,35,1.249046
7,36,3.141593
7,43,-1.570796
7,55,3.141593
7,71,2.356194
8,69,0.321751
8,76,1.570796
9,33,0.321751
9,78,0.785398
9,79,1.892547
10,43,0.321751
10,46,2.356194
10,49,0.321751
10,69,3.141593
11,18,1.249046
11,19,2.356194
11,31,0.785398
11,56,-2.819842
11,61,0.785398
12,39,1.249046
12,40,2.356194
12,66,0.321751
12,77,0.321751
13,31,0.321751
13,57,0.785398
13,58,1.570796
13,77,-0.785398
14,13,3.141593
14,17,-1.570796
14,35,-1.892547
14,45,-1.570796
14,64,-2.356194
14,77,2.356194
15,12,-0.785398
15,31,-0.321751
15,43,2.356194
15,46,1.570796
15,53,2.356194
15,54,-0.785398
15,55,-2.356194
15,66,-1.249046
15,67,-2.356194
15,70,-0.785398
15,71,-1.892547
16,43,-2.819842
16,48,3.141593
16,51,0.321751
16,63,2.819842
17,31,0.321751
18,31,-0.785398
18,54,-0.785398
18,55,-1.892547
18,63,-1.570796
18,64,-2.356194
18,72,0.785398
19,22,1.570796
19,44,-2.356194
19,46,-0.785398
19,58,0.000000
19,81,1.570796
19,88,2.819842
20,12,2.356194
20,34,-0.785398
20,56,0.785398
20,57,2.356194
20,73,2.356194
20,81,0.000000
20,85,-0.785398
20,86,-1.892547
20,88,-2.356194
21,68,1.249046
21,69,2.356194
21,71,0.785398
21,81,-0.785398
22,27,2.356194
22,39,3.141593
22,41,-1.570796
22,45,0.785398
22,46,2.356194
22,48,-1.570796
22,59,-0.785398
22,60,-1.892547
22,66,0.785398
22,75,1.892547
22,81,2.356194
23,9,0.321751
23,34,-1.892547
23,42,0.785398
23,44,2.356194
23,46,-1.570796
23,51,-1.892547
23,56,0.000000
23,57,-1.892547
23,81,3.141593
24,9,-0.785398
24,24,-1.570796
24,42,-1.570796
24,44,-1.570796
24,65,-0.785398
24,66,-1.570796
24,68,-1.570796
24,69,-2.356194
24,71,-0.785398
24,72,-1.570796
24,73,-2.356194
24,74,-0.785398
24,75,-1.892547
24,81,-1.570796
25,16,0.785398
25,17,2.356194
25,29,-1.570796
25,45,0.785398
25,47,-1.892547
25,49,-1.570796
25,59,1.249046
25,60,3.141593
25,82,0.785398
26,16,-0.785398
26,21,0.000000
26,22,1.892547
26,30,0.000000
26,33,-2.356194
26,34,-0.785398
26,38,2.356194
26,45,-1.570796
26,50,0.785398
26,51,2.356194
26,69,1.249046
26,70,2.356194
26,75,0.785398
26,76,1.570796
26,77,2.356194
26,78,0.785398
26,79,1.892547
26,88,2.356194
27,24,3.141593
27,26,-1.570796
27,43,1.249046
27,44,3.141593
27,50,-1.570796
27,81,-0.785398
27,82,-1.570796
27,84,3.141593
27,88,-2.819842
28,17,0.785398
28,19,1.249046
28,20,2.356194
28,27,0.785398
28,28,2.356194
28,36,-1.570796
28,42,0.000000
28,43,-1.892547
28,58,-0.785398
28,59,-1.570796
28,60,-2.356194
28,69,-1.249046
28,70,-2.356194
28,75,-0.785398
28,76,-1.570796
29,17,0.000000
29,27,-1.570796
29,33,2.356194
29,40,1.249046
29,41,3.141593
29,52,0.000000
29,83,0.321751
30,9,2.356194
30,17,-0.785398
30,25,2.356194
30,38,1.249046
30,40,-1.892547
30,45,1.570796
30,51,0.000000
30,55,-2.356194
30,57,3.141593
30,77,0.000000
30,78,-1.570796
30,80,1.892547
31,8,0.321751
31,32,-2.356194
31,37,0.000000
31,38,-1.892547
31,43,1.249046
31,45,-2.356194
31,59,0.000000
31,64,0.785398
31,65,1.892547
31,70,1.249046
31,71,2.356194
31,75,0.785398
31,82,-0.785398
31,83,-1.570796
31,87,1.249046
32,8,-0.785398
32,28,0.000000
32,36,-0.785398
32,42,0.000000
32,43,-1.892547
32,65,-1.249046
32,66,3.141593
32,68,1.249046
32,76,-1.249046
32,77,-2.356194
33,17,0.000000
33,27,3.141593
33,31,3.141593
33,34,2.356194
33,40,0.000000
33,45,0.000000
33,48,-2.356194
33,49,3.141593
33,56,3.141593
33,61,2.356194
33,63,3.141593
33,85,-1.570796
33,89,-2.356194
34,15,1.249046
34,16,3.141593
34,21,-0.785398
34,29,0.000000
34,30,-1.892547
34,33,-0.785398
34,70,-1.570796
34,71,-2.356194
34,80,0.000000
34,82,1.892547
34,87,-1.570796
35,44,-1.570796
35,65,-0.785398
35,66,-1.892547
35,84,-1.570796
35,86,2.356194
36,27,2.356194
36,31,2.356194
36,47,0.000000
36,59,-0.785398
36,60,-1.892547
36,79,-0.785398
36,80,-1.570796
37,15,-0.785398
37,27,-1.570796
37,29,1.249046
37,30,3.141593
37,83,1.570796
38,90,2.356194
39,8,0.785398
39,28,-1.892547
39,76,0.785398
39,77,1.570796
39,78,2.356194
40,8,0.000000
40,15,-0.785398
40,26,-1.892547
40,47,1.249046
40,48,2.356194
40,54,1.249046
40,55,2.356194
40,79,0.785398
40,80,2.356194
41,8,-0.785398
41,53,-0.785398
41,54,-1.892547
41,62,0.785398
41,63,1.570796
41,64,2.356194
41,70,0.785398
41,71,1.570796
41,72,2.356194
41,75,0.785398
41,79,-1.570796
42,19,0.321751
42,22,2.356194
42,23,-0.785398
42,28,0.000000
42,46,-1.892547
42,59,0.000000
42,76,-1.249046
42,83,0.000000
42,84,1.892547
42,90,2.356194
43,13,1.249046
43,14,2.356194
43,56,3.141593
43,78,-1.249046
43,79,3.141593
43,84,-1.249046
43,85,3.141593
43,88,-1.570796
43,90,-1.570796
44,7,0.321751
44,9,-2.356194
44,16,2.356194
44,17,0.785398
44,52,0.000000
44,63,-0.785398
44,64,-1.570796
44,65,-2.356194
44,71,-1.249046
44,72,-2.356194
45,7,-0.785398
45,56,0.000000
45,75,0.785398
45,76,1.892547
45,91,2.356194
46,18,3.141593
46,77,-2.356194
46,84,0.785398
46,91,-2.819842
47,15,0.785398
47,16,3.141593
47,18,-2.356194
47,74,0.785398
47,75,2.356194
47,79,0.000000
47,80,1.892547
47,85,-1.249046
48,7,0.785398
48,56,-0.785398
48,80,-1.249046
48,81,3.141593
48,90,-2.356194
49,7,-0.321751
49,9,2.356194
49,14,-0.785398
49,18,2.356194
49,40,-0.785398
49,64,0.785398
49,65,1.570796
49,67,1.570796
49,68,2.356194
49,75,-0.785398
49,77,1.892547
49,82,0.000000
49,83,1.892547
50,17,0.000000
50,57,0.000000
50,72,0.785398
50,79,1.892547
50,83,-1.249046
50,84,3.141593
51,16,1.570796
51,68,2.356194
51,76,2.356194
51,85,1.570796
51,88,-0.785398
51,91,2.819842
52,16,-2.819842
52,57,0.000000
52,69,0.000000
52,71,0.785398
52,82,1.892547
52,91,-2.356194
53,67,-1.249046
53,73,3.141593
53,78,0.785398
53,82,-1.249046
53,84,2.356194
54,7,0.321751
54,9,-2.356194
54,13,-0.785398
54,41,0.785398
54,63,0.000000
54,70,0.785398
54,74,0.000000
54,91,2.819842
55,7,-0.785398
55,16,0.785398
55,41,0.000000
55,51,3.141593
55,65,-1.249046
55,67,1.892547
55,91,-2.356194
56,41,-0.785398
56,67,-1.249046
56,69,1.892547
56,72,-1.249046
56,89,-1.570796
56,91,2.356194
57,18,2.819842
57,41,2.356194
57,59,0.000000
57,79,1.892547
57,86,-0.321751
57,91,-2.819842
58,18,-2.356194
58,41,-2.819842
58,71,3.141593
58,87,-1.249046
58,88,3.141593
59,18,2.356194
59,21,1.570796
59,40,-1.892547
59,68,0.000000
59,91,2.819842
60,17,0.321751
60,18,-2.819842
60,24,1.570796
60,38,-0.785398
60,63,0.000000
61,20,1.570796
61,66,0.785398
61,67,2.356194
61,70,-1.249046
61,72,1.892547
61,83,2.819842
61,91,-2.819842
62,15,1.249046
62,17,-1.570796
62,18,-2.356194
62,19,-0.785398
62,62,0.000000
63,22,1.570796
63,69,0.000000
63,70,1.892547
63,90,2.356194
64,8,0.000000
64,22,-2.819842
64,90,3.141593
65,20,0.321751
65,72,2.819842
65,86,2.819842
65,90,-2.356194
66,9,0.785398
66,62,1.249046
66,63,2.356194
66,83,2.819842
66,86,-2.356194
67,19,0.321751
67,20,-2.819842
67,61,0.321751
67,65,0.785398
67,66,1.892547
67,83,-1.570796
68,13,1.249046
68,15,1.892547
68,22,2.356194
68,39,0.321751
68,41,2.819842
68,61,-0.785398
68,66,-1.249046
68,68,2.356194
68,75,3.141593
69,9,-0.785398
69,17,2.356194
69,68,-2.356194
69,71,-2.356194
69,87,-2.356194
69,88,0.785398
69,89,2.356194
70,39,-0.321751
70,41,-2.819842
70,63,-2.356194
70,68,0.785398
70,74,-0.785398
70,76,1.570796
70,77,3.141593
70,82,1.570796
70,89,-2.356194
71,19,0.785398
71,68,-0.321751
71,69,2.819842
71,72,0.785398
71,73,3.141593
71,80,2.819842
71,89,2.356194
72,19,0.000000
72,21,0.785398
72,64,1.570796
72,72,-0.785398
72,78,2.356194
72,89,-2.819842
73,19,-1.570796
73,22,-2.356194
73,69,-0.321751
73,70,2.819842
73,73,0.785398
73,78,-2.356194
73,80,-0.321751
73,83,-1.570796
74,18,1.570796
74,62,1.570796
74,70,-2.356194
74,73,-0.785398
74,75,-2.356194
74,78,0.785398
74,81,-2.356194
74,84,0.000000
74,86,-1.249046
74,88,3.141593
75,17,0.321751
75,18,-2.819842
75,21,0.000000
75,23,2.819842
75,58,0.785398
75,70,0.785398
75,73,-1.570796
75,75,-1.570796
75,78,-0.321751
75,79,2.819842
75,81,0.785398
75,84,0.785398
75,88,-2.356194
76,20,1.570796
76,23,-2.356194
76,59,-2.356194
76,66,-2.356194
76,70,-0.321751
76,71,2.819842
76,79,-2.356194
76,81,-0.321751
76,82,2.819842
76,85,3.141593
76,88,2.356194
77,20,-2.819842
77,74,1.570796
77,82,-2.356194
77,86,0.000000
77,88,-2.819842
78,68,0.785398
78,69,1.892547
78,76,0.785398
78,79,0.785398
79,13,1.249046
79,14,3.141593
79,17,-1.249046
79,64,1.570796
79,66,0.785398
79,67,2.356194
79,77,-2.356194
79,79,-0.321751
79,80,2.819842
79,82,0.785398
79,87,2.356194
80,21,-0.785398
80,27,2.356194
80,62,1.570796
80,64,-0.321751
80,70,-2.356194
80,75,-2.356194
80,80,-2.356194
80,83,-2.356194
80,87,3.141593
81,9,0.785398
81,87,-2.356194
82,9,-0.321751
82,25,0.321751
82,27,3.141593
82,30,2.356194
82,37,1.249046
82,38,2.356194
82,39,-0.785398
82,40,-1.570796
82,41,3.141593
82,62,0.000000
82,75,0.785398
82,77,2.356194
83,25,-1.570796
83,29,-0.785398
83,30,-2.356194
83,58,1.570796
83,61,3.141593
83,63,1.570796
83,70,0.000000
83,75,0.000000
84,24,0.000000
84,31,0.785398
84,32,2.356194
84,60,-0.785398
84,63,-0.321751
84,66,-2.356194
84,69,0.000000
84,73,0.785398
85,21,1.249046
85,22,3.141593
85,31,-0.785398
85,36,-2.356194
85,64,-2.356194
85,66,-1.570796
85,73,-0.321751
85,75,-2.819842
85,80,0.321751
86,27,0.785398
86,29,1.892547
86,31,2.356194
86,36,0.785398
86,56,2.356194
86,61,2.819842
86,87,0.785398
87,31,3.141593
87,36,0.000000
87,61,-2.356194
87,67,1.570796
87,71,0.785398
87,73,0.000000
87,74,-2.356194
88,18,0.321751
88,31,-2.356194
88,36,-0.785398
88,41,-0.785398
88,55,3.141593
88,69,0.785398
88,82,-1.249046
88,86,0.000000
89,21,1.249046
89,22,2.356194
89,25,-0.785398
89,26,-1.892547
89,38,-2.819842
89,55,-2.356194
89,69,-0.321751
89,84,-1.249046
89,85,-2.356194
89,88,-1.249046
90,8,1.570796
90,10,-1.570796
90,11,-2.356194
90,12,-0.785398
90,13,-1.570796
90,15,-1.570796
90,16,-2.356194
90,17,-0.785398
90,37,-0.785398
90,64,-1.570796
90,76,0.785398
91,40,2.356194
91,43,1.570796
91,72,-1.570796
91,73,3.141593
92,19,0.000000
92,36,-0.785398
92,51,-0.785398
92,64,1.570796
92,67,-1.570796
93,30,0.321751
93,32,2.819842
94,30,-1.570796
94,32,-2.356194
94,35,0.000000
94,36,3.141593
94,39,-1.570796
94,62,-2.356194
94,67,1.570796
95,28,1.249046
95,29,3.141593
95,32,0.785398
95,42,-1.570796
95,45,1.570796
95,54,2.356194
95,67,0.785398
95,75,-2.819842
96,25,-0.785398
96,26,-1.570796
96,28,-1.892547
96,33,-2.356194
96,34,3.141593
96,50,3.141593
96,53,0.321751
96,54,-2.819842
96,67,-0.321751
96,73,-0.785398
96,74,-1.892547
97,37,0.000000
97,38,3.141593
97,48,-0.785398
97,53,-1.570796
98,44,-1.570796
98,52,-0.785398
98,58,-1.570796
98,67,-0.785398
98,68,-1.892547
