4,41,0.785398
4,42,1.892547
5,34,1.249046
5,35,3.141593
5,44,1.570796
5,45,2.356194
7,24,1.249046
7,25,2.356194
7,26,0.785398
7,27,1.570796
7,28,2.356194
7,41,0.321751
7,52,2.356194
8,12,1.249046
8,13,2.356194
8,33,-1.570796
8,41,-0.785398
9,11,0.321751
9,24,-2.356194
9,41,0.000000
9,54,1.892547
10,11,-1.570796
10,39,1.249046
10,40,3.141593
10,57,1.249046
10,58,2.356194
10,63,0.785398
10,64,1.570796
11,36,0.000000
11,37,1.570796
12,10,0.785398
12,47,0.785398
12,48,1.892547
12,53,-1.249046
12,64,-0.321751
12,66,-2.819842
13,10,-0.785398
13,11,3.141593
13,37,0.000000
13,49,-2.356194
13,57,3.141593
14,27,0.785398
14,37,-0.785398
14,46,0.785398
14,65,-2.819842
15,25,3.141593
15,37,2.356194
15,56,-0.785398
16,14,0.000000
16,15,1.570796
16,16,2.356194
16,21,0.785398
16,34,1.570796
16,44,2.356194
16,47,-0.785398
16,49,-1.570796
16,51,1.249046
16,52,2.356194
16,67,1.570796
16,74,1.892547
17,44,-2.819842
17,53,0.000000
17,54,1.892547
17,69,-1.249046
18,25,0.785398
18,29,0.785398
18,36,-1.892547
18,46,0.321751
18,56,1.570796
18,58,1.892547
19,52,0.785398
19,62,-1.249046
19,71,0.321751
20,18,0.000000
20,19,1.570796
20,30,3.141593
20,39,0.321751
20,43,-1.249046
20,56,-1.570796
21,23,1.570796
21,25,-1.892547
21,30,-2.356194
21,39,-0.785398
21,48,-1.249046
21,50,-1.570796
21,51,-2.356194
21,52,-0.785398
21,53,-1.892547
21,65,-0.321751
21,67,-2.819842
21,74,2.819842
22,28,2.356194
22,58,-0.785398
22,74,-2.356194
23,25,2.356194
23,27,-0.785398
23,31,0.000000
23,58,2.356194
23,61,0.785398
23,63,1.570796
23,64,2.356194
23,65,-0.785398
24,17,1.570796
24,22,2.356194
24,51,1.892547
24,56,1.249046
24,58,3.141593
24,71,1.892547
24,73,1.570796
25,24,-2.356194
25,31,0.000000
25,32,-2.356194
25,37,1.249046
25,38,3.141593
25,54,1.570796
25,56,-1.892547
25,58,-2.356194
25,61,-0.321751
26,17,-1.570796
26,30,-0.785398
26,33,1.570796
26,45,0.785398
26,62,-1.249046
26,63,-2.356194
26,65,0.785398
26,66,1.892547
26,74,2.819842
27,23,-0.785398
27,24,-1.570796
27,25,-2.356194
27,26,3.141593
27,33,0.000000
27,35,-0.785398
27,45,0.000000
27,52,-1.249046
27,54,3.141593
27,58,0.785398
28,33,-0.785398
28,48,-1.570796
28,58,0.000000
28,60,0.785398
28,61,1.892547
28,68,-1.570796
28,74,-2.819842
29,38,0.785398
29,40,1.892547
29,44,0.000000
29,63,2.356194
29,64,0.785398
29,66,-2.819842
29,69,1.570796
30,17,1.249046
30,25,3.141593
30,69,-0.321751
31,33,0.785398
31,40,-1.892547
31,53,-1.249046
31,65,0.785398
31,73,-1.892547
31,75,-2.356194
32,8,0.321751
32,34,-2.356194
32,35,0.785398
32,56,-1.249046
32,67,1.570796
33,8,-1.570796
33,14,0.321751
33,25,3.141593
34,36,-1.570796
34,59,-0.321751
35,13,0.321751
35,15,2.819842
35,62,-2.819842
35,66,-1.249046
35,67,3.141593
35,70,-0.785398
35,78,0.000000
35,79,1.892547
35,81,1.249046
35,83,1.892547
35,85,2.356194
36,59,0.785398
36,68,0.000000
36,85,-2.356194
37,13,-0.321751
37,63,1.249046
37,64,2.356194
37,69,-1.249046
37,78,-0.785398
38,24,2.356194
38,26,3.141593
38,66,0.785398
38,67,2.356194
39,15,1.570796
39,61,-0.785398
39,66,-1.570796
39,68,-2.356194
39,71,-0.321751
41,14,0.321751
41,24,2.356194
41,49,0.785398
41,50,1.892547
41,61,0.785398
41,71,-0.785398
42,23,-0.785398
42,24,-2.356194
42,47,3.141593
42,52,0.785398
42,53,1.892547
42,63,-1.570796
43,7,0.785398
43,12,1.249046
43,26,2.356194
43,60,-0.785398
44,7,0.000000
44,24,0.321751
44,29,0.785398
44,30,2.356194
44,43,0.785398
44,44,1.570796
44,46,-1.570796
44,47,-2.356194
44,48,-0.785398
44,49,-1.892547
44,54,-1.249046
44,55,3.141593
44,57,1.249046
44,58,3.141593
44,72,0.321751
45,12,-1.249046
45,19,-1.892547
45,24,-0.785398
45,29,-1.570796
45,56,-0.785398
45,88,2.356194
46,6,0.321751
46,22,3.141593
46,58,1.570796
46,88,3.141593
47,6,-0.785398
47,20,-0.785398
47,58,0.000000
47,60,0.785398
47,61,1.892547
47,88,-2.356194
48,23,0.000000
48,71,0.321751
48,77,-1.249046
48,82,-1.570796
49,22,-0.785398
49,45,0.785398
49,58,-0.321751
49,83,0.000000
49,84,1.892547
50,25,-0.785398
50,45,-0.321751
50,46,2.819842
50,65,2.819842
50,73,0.785398
50,76,2.356194
50,79,-0.321751
50,87,-0.785398
50,89,2.819842
51,15,2.356194
51,16,3.141593
51,26,-0.785398
51,69,0.785398
51,80,-1.249046
51,81,3.141593
51,89,-2.356194
52,59,0.785398
52,62,-1.249046
52,63,-2.356194
52,75,-2.356194
52,77,0.785398
52,84,3.141593
53,13,0.000000
53,14,-2.356194
53,21,2.356194
53,30,0.000000
53,31,3.141593
53,45,0.321751
53,48,0.000000
53,49,1.892547
53,59,-0.321751
53,84,-1.570796
54,11,1.249046
54,12,3.141593
54,15,0.785398
54,16,2.356194
54,17,0.785398
54,18,1.892547
54,20,1.570796
54,27,1.570796
54,45,-0.785398
54,49,-1.249046
54,50,3.141593
54,64,0.000000
54,71,2.356194
54,74,-1.249046
54,76,2.356194
54,82,0.785398
54,85,1.570796
55,51,-2.356194
55,57,0.785398
55,71,-1.570796
55,83,1.570796
56,14,0.321751
56,22,2.356194
56,33,1.249046
56,34,2.356194
56,35,3.141593
56,44,-0.785398
56,54,0.000000
56,59,0.785398
56,60,2.356194
56,76,-0.321751
56,77,2.819842
56,81,2.819842
56,83,-0.321751
57,6,0.785398
57,16,0.000000
57,17,1.570796
57,23,2.356194
57,32,0.321751
57,56,-2.356194
57,60,-1.570796
57,77,-1.570796
57,81,-2.356194
58,6,-0.321751
58,13,0.321751
58,32,-0.785398
58,61,0.000000
58,62,1.892547
58,65,-1.249046
58,67,2.356194
58,81,0.785398
59,24,-2.356194
59,40,1.249046
59,41,2.356194
59,70,-1.249046
59,71,3.141593
59,75,1.570796
59,79,1.570796
59,86,-1.249046
59,89,2.819842
60,7,0.785398
60,11,1.249046
60,28,-2.356194
60,39,0.000000
60,40,-1.892547
60,58,0.000000
60,67,-0.321751
60,68,2.819842
60,72,1.570796
60,75,-0.321751
60,79,-0.321751
60,83,-1.570796
60,89,-2.356194
61,7,0.000000
61,20,0.785398
61,37,1.249046
61,38,3.141593
61,51,0.785398
61,52,1.570796
61,53,2.356194
61,60,0.000000
61,72,-0.321751
62,7,-0.785398
62,11,-1.249046
62,27,2.819842
62,56,0.000000
62,57,1.892547
62,68,-0.785398
62,70,1.892547
62,84,0.785398
62,89,2.356194
63,19,0.321751
63,20,-2.819842
63,29,0.321751
63,35,0.321751
63,61,-0.785398
63,63,1.892547
63,75,2.819842
63,86,2.356194
63,89,3.141593
64,19,-0.785398
64,23,-1.570796
64,27,-2.819842
64,29,-0.785398
64,35,-1.570796
64,37,-2.356194
64,50,-0.785398
64,51,-1.892547
64,53,1.570796
64,60,2.356194
64,67,-1.570796
64,72,2.819842
64,75,-1.570796
64,89,-2.356194
65,29,2.356194
65,48,-0.785398
65,54,-2.356194
65,56,0.785398
65,60,-1.570796
65,65,2.819842
65,72,-1.570796
65,76,1.570796
65,79,-0.321751
65,80,2.819842
66,17,0.785398
66,18,3.141593
66,22,2.356194
66,25,0.321751
66,26,-2.819842
66,28,0.321751
66,29,-2.819842
66,31,-1.570796
66,37,2.356194
66,61,1.570796
66,65,-1.570796
66,69,0.000000
66,76,-0.321751
66,77,2.819842
66,80,-1.570796
66,84,-2.356194
67,7,0.785398
67,10,1.249046
67,12,1.570796
67,14,-1.892547
67,17,-0.785398
67,21,0.000000
67,25,-1.570796
67,36,0.321751
67,37,-2.819842
67,51,1.249046
67,52,2.356194
67,57,-0.785398
67,61,-0.321751
67,66,0.000000
67,67,1.892547
67,70,-1.570796
67,84,0.785398
68,7,-0.785398
68,8,-2.356194
68,27,0.321751
68,28,-2.819842
68,33,-1.570796
68,50,0.321751
68,54,0.785398
68,55,2.356194
68,56,0.000000
68,71,-2.356194
68,77,-0.321751
68,78,2.819842
68,85,2.819842
68,89,2.356194
69,10,-1.249046
69,23,0.321751
69,25,3.141593
69,31,1.570796
69,35,0.321751
69,36,-2.819842
69,57,0.000000
69,63,-1.249046
69,78,-1.570796
69,82,0.785398
69,83,3.141593
69,87,0.785398
69,89,-2.819842
70,16,2.356194
70,23,-0.785398
70,31,0.000000
70,35,-0.785398
70,50,-0.785398
70,51,-2.356194
70,53,-0.785398
70,55,2.819842
70,65,-1.570796
70,82,-0.785398
71,16,-2.356194
71,25,0.321751
71,28,2.356194
71,43,3.141593
71,46,2.356194
71,55,-1.570796
71,58,2.356194
71,73,-2.356194
71,75,0.785398
71,79,0.785398
71,83,0.785398
71,84,3.141593
71,86,-1.249046
71,89,2.819842
72,12,-0.321751
72,17,0.785398
72,21,1.570796
72,22,3.141593
72,25,-0.785398
72,30,2.356194
72,38,1.570796
72,49,2.356194
72,58,3.141593
72,76,3.141593
72,80,2.819842
72,89,-2.356194
73,17,-1.570796
73,30,-2.819842
73,49,3.141593
73,53,0.785398
73,67,0.785398
73,72,3.141593
73,77,0.785398
73,78,3.141593
73,83,-0.785398
73,84,3.141593
74,16,1.570796
74,24,0.321751
74,27,3.141593
74,29,-0.785398
74,47,-0.785398
74,49,-2.356194
74,59,3.141593
74,64,0.000000
74,65,1.892547
74,67,-0.785398
74,68,3.141593
74,80,-0.321751
74,82,3.141593
75,16,-2.819842
75,19,0.000000
75,21,2.356194
75,24,-0.785398
75,27,-2.356194
75,49,-1.570796
75,52,0.785398
75,69,0.000000
75,74,1.570796
75,77,-0.321751
75,78,2.819842
75,88,0.000000
75,90,2.819842
76,11,0.321751
76,21,-2.819842
76,32,0.785398
76,35,2.356194
76,44,0.785398
76,52,0.000000
76,55,-1.249046
76,56,3.141593
76,74,-0.321751
76,75,2.819842
76,86,0.000000
76,87,2.356194
76,90,-2.356194
77,15,-2.819842
77,20,-0.785398
77,32,0.000000
77,35,3.141593
77,44,-0.321751
77,45,2.819842
77,66,-0.321751
77,67,2.819842
77,70,-0.321751
77,71,2.819842
77,75,-2.356194
77,78,-0.321751
77,87,-2.356194
77,90,2.356194
78,18,0.785398
78,20,2.356194
78,32,-0.785398
78,35,-2.356194
78,41,0.785398
78,45,-2.356194
78,51,1.570796
78,54,3.141593
78,58,1.570796
78,67,-2.356194
78,71,-1.570796
78,75,0.785398
78,80,2.819842
78,87,0.785398
78,90,-2.819842
79,10,0.000000
79,20,-2.819842
79,26,0.785398
79,29,2.356194
79,42,-2.356194
79,45,2.356194
79,51,3.141593
79,58,-0.321751
79,59,2.819842
79,63,1.570796
79,72,1.570796
79,80,-2.356194
80,7,0.000000
80,8,1.570796
80,9,3.141593
80,12,-1.249046
80,14,-1.570796
80,15,3.141593
80,23,0.785398
80,26,0.000000
80,32,2.356194
80,45,3.141593
80,48,0.785398
80,49,3.141593
80,51,-2.356194
80,55,1.570796
80,63,-0.321751
80,64,2.819842
80,73,-2.356194
80,77,2.819842
80,85,0.785398
81,23,0.000000
81,32,3.141593
81,45,-2.356194
81,51,2.356194
81,59,-0.321751
81,64,-1.570796
81,77,-1.570796
81,81,1.570796
81,86,-1.249046
81,89,2.819842
82,17,-1.249046
82,19,3.141593
82,23,-0.785398
82,32,-2.356194
82,48,-0.321751
82,56,1.570796
82,61,2.819842
82,78,1.570796
82,81,-0.321751
82,89,-2.356194
83,19,-2.356194
83,27,-2.356194
83,32,2.356194
83,45,-1.570796
83,53,1.570796
83,56,-0.321751
83,57,2.819842
83,61,-2.356194
83,78,-0.321751
84,19,2.356194
84,25,-0.785398
84,32,3.141593
84,42,0.785398
84,53,2.356194
84,57,-2.356194
84,66,0.785398
84,76,1.570796
84,80,2.819842
85,16,1.249046
85,17,2.356194
85,22,1.570796
85,29,-0.785398
85,32,-2.356194
85,50,0.785398
85,51,2.356194
85,52,-0.785398
85,67,3.141593
85,80,-1.570796
86,22,3.141593
86,50,-0.785398
86,62,0.000000
86,72,0.785398
86,81,0.000000
86,89,2.356194
87,25,2.356194
87,36,-1.570796
87,58,-1.570796
87,63,-2.356194
87,73,-2.356194
87,74,3.141593
87,86,-1.249046
87,87,-2.356194
87,89,3.141593
88,12,1.249046
88,22,0.000000
88,25,-2.819842
88,29,2.356194
88,40,2.356194
88,51,0.785398
88,63,-1.570796
88,69,1.570796
88,89,-2.356194
89,7,0.321751
89,9,-2.356194
89,17,-1.570796
89,19,3.141593
89,27,0.000000
89,28,-0.785398
89,29,-2.356194
89,32,-1.570796
89,44,1.570796
89,51,0.000000
89,69,-0.321751
89,79,0.000000
89,80,1.570796
89,82,-1.892547
89,89,2.356194
90,4,1.892547
90,12,-1.249046
90,19,-2.356194
90,22,0.000000
90,24,3.141593
90,30,-2.356194
90,38,0.000000
90,39,-1.892547
90,44,-0.321751
90,45,2.819842
90,47,0.785398
90,51,-0.785398
90,55,-1.570796
90,71,2.819842
90,89,3.141593
91,7,3.141593
91,15,-2.356194
91,22,-0.785398
91,24,-2.356194
91,45,-2.356194
91,66,0.785398
91,71,-1.570796
91,82,1.892547
91,89,-2.356194
92,4,-1.892547
92,7,-1.570796
92,34,1.570796
92,61,1.570796
92,67,-2.356194
92,72,0.000000
92,73,1.892547
92,76,0.785398
92,77,1.892547
92,89,2.356194
93,15,0.785398
93,21,0.321751
93,25,2.819842
93,27,0.785398
93,73,-1.249046
93,77,-1.249046
93,78,-2.356194
93,83,-1.249046
93,84,-2.356194
93,89,3.141593
94,19,2.819842
94,21,-0.785398
94,25,-2.356194
94,30,0.785398
94,42,-1.570796
94,61,-1.570796
94,71,1.570796
94,80,0.000000
94,81,1.892547
94,89,-2.356194
95,25,0.785398
95,28,2.356194
95,34,0.785398
95,37,-1.570796
95,63,0.785398
95,71,0.000000
95,76,-2.356194
96,15,-1.249046
96,17,-1.570796
96,19,-1.570796
96,22,2.819842
96,26,-2.356194
96,28,3.141593
96,34,-0.321751
96,35,2.819842
96,72,0.000000
96,73,1.892547
96,82,-1.249046
96,84,1.892547
96,89,2.356194
97,22,-2.356194
97,28,-2.356194
97,35,-2.356194
97,46,-1.570796
97,50,-1.570796
97,60,1.570796
97,65,1.570796
97,67,2.356194
97,73,-1.249046
97,74,3.141593
97,78,0.000000
97,79,0.785398
97,80,1.892547
97,84,-1.249046
97,85,-2.356194
97,88,-0.785398
98,22,-1.570796
98,28,-1.570796
98,32,-2.356194
98,35,-1.570796
98,55,-1.570796
98,60,-1.570796
98,66,-2.356194
98,70,-1.570796
98,75,-2.356194
98,80,-1.249046
98,81,-2.356194
98,82,3.141593
