12,37,0.785398
12,38,2.356194
12,62,2.356194
13,28,1.249046
13,29,3.141593
13,38,-1.570796
14,25,0.785398
14,26,1.570796
15,58,0.321751
15,74,1.570796
16,58,-0.785398
17,30,0.785398
17,42,1.570796
17,58,2.356194
18,30,0.000000
18,42,0.000000
18,58,3.141593
19,30,-0.785398
19,42,-0.785398
20,33,0.785398
20,34,2.356194
21,33,-0.785398
22,52,0.000000
22,68,0.321751
23,14,3.141593
24,11,0.321751
24,38,1.570796
24,48,1.570796
24,52,-2.356194
24,53,-0.785398
24,54,-2.356194
24,59,2.819842
24,68,3.141593
25,11,-0.785398
25,43,-2.356194
25,45,0.785398
25,46,1.892547
25,56,-0.785398
25,57,-1.892547
25,59,-1.570796
26,52,1.892547
26,61,0.785398
26,83,3.141593
27,22,1.249046
27,24,1.892547
27,30,2.356194
27,41,-2.819842
27,53,-2.356194
27,54,0.785398
27,55,1.570796
27,57,1.892547
28,19,0.785398
28,27,-2.356194
28,44,0.321751
28,47,-1.249046
28,57,-1.249046
28,59,1.892547
28,62,-1.570796
28,70,1.892547
29,52,-2.356194
29,54,-0.785398
29,55,-2.356194
29,71,2.819842
30,36,-2.356194
30,37,0.785398
30,38,1.570796
30,46,2.356194
30,47,0.785398
30,48,1.570796
30,63,1.892547
31,11,0.785398
31,13,1.249046
31,18,0.321751
31,25,3.141593
31,30,0.000000
31,31,-1.570796
31,32,-2.356194
31,52,1.892547
31,58,-0.785398
31,69,-1.249046
32,42,-2.356194
32,49,-2.356194
32,61,-2.356194
32,62,0.000000
32,66,-0.785398
32,67,-2.356194
32,78,3.141593
33,15,3.141593
33,35,3.141593
33,68,0.000000
33,69,1.892547
33,72,-1.249046
33,73,3.141593
33,78,-2.356194
34,31,-2.356194
34,36,1.570796
34,57,1.249046
34,59,-1.570796
34,60,3.141593
34,65,3.141593
34,69,-1.249046
34,70,3.141593
34,74,0.000000
34,75,1.892547
35,16,3.141593
35,26,-1.892547
35,33,1.570796
35,36,-0.321751
35,40,1.570796
35,50,0.785398
35,55,-1.570796
35,61,0.000000
35,62,0.785398
35,63,2.356194
35,71,0.000000
35,72,1.892547
35,75,-1.249046
35,77,2.356194
35,86,2.819842
36,9,1.249046
36,11,1.892547
36,33,-0.785398
36,34,3.141593
36,37,-1.249046
36,38,3.141593
36,45,1.570796
36,48,-2.356194
36,51,0.000000
36,63,-2.356194
36,67,0.000000
36,68,1.892547
36,86,-2.356194
37,23,-1.892547
37,28,0.000000
37,31,0.785398
37,32,2.356194
37,39,-0.785398
37,40,-1.892547
37,58,-2.356194
37,59,-0.785398
37,68,-1.249046
37,70,1.892547
37,77,-0.785398
37,78,-2.356194
37,82,-0.785398
37,83,-1.892547
38,28,-0.785398
38,43,1.570796
38,46,-2.356194
38,49,1.570796
38,52,0.785398
39,6,0.321751
39,9,-1.892547
39,21,-1.570796
39,23,1.892547
39,28,0.785398
39,32,-0.785398
39,34,1.892547
39,43,-0.321751
39,44,2.819842
39,53,-2.356194
39,54,-0.785398
39,66,0.785398
39,67,1.892547
39,74,-1.570796
40,6,-0.785398
40,24,-2.356194
40,31,2.356194
40,50,-2.356194
40,72,-1.249046
41,6,0.785398
41,10,0.321751
41,20,-2.356194
41,21,0.785398
41,22,2.356194
41,27,-0.785398
41,31,-1.570796
41,62,0.321751
41,74,0.785398
41,76,2.356194
42,6,0.000000
42,8,1.892547
42,32,1.570796
42,36,-1.570796
42,39,0.785398
42,42,-0.785398
42,46,-2.356194
42,59,1.570796
42,62,-0.785398
42,66,0.785398
42,74,-1.570796
42,80,2.819842
43,18,2.356194
43,24,2.356194
43,25,3.141593
43,30,3.141593
43,32,-0.785398
43,33,-2.356194
43,34,3.141593
43,37,-2.356194
43,40,-2.356194
43,56,-1.570796
43,64,-0.785398
43,67,-1.249046
43,68,-2.356194
43,69,-0.785398
43,76,-0.321751
44,6,-0.321751
44,20,-0.785398
44,31,-0.785398
44,59,-1.570796
44,62,0.785398
44,82,1.892547
44,85,0.000000
44,87,2.819842
45,32,-2.356194
45,57,1.570796
45,66,2.356194
45,71,-0.321751
45,87,-2.356194
46,14,-2.356194
46,21,-0.785398
46,40,1.570796
46,57,-1.570796
46,59,0.785398
46,68,2.356194
46,80,0.000000
46,82,-1.892547
47,14,2.356194
47,25,3.141593
47,30,1.570796
47,63,0.321751
47,74,3.141593
47,80,-1.570796
48,47,1.570796
48,49,1.570796
48,51,0.785398
48,58,1.570796
48,67,-1.249046
48,71,0.785398
48,72,2.356194
48,87,2.356194
49,16,1.570796
49,17,2.356194
49,18,3.141593
49,31,-2.356194
49,49,-1.570796
49,56,1.570796
49,63,0.000000
49,76,1.570796
50,12,-1.892547
50,21,0.000000
50,29,1.570796
50,52,-1.570796
50,56,2.356194
50,63,-0.785398
50,68,0.321751
50,74,1.892547
50,76,-0.785398
50,77,3.141593
50,79,-0.785398
50,80,-2.356194
50,81,0.785398
50,82,1.570796
50,83,2.356194
50,85,-0.785398
50,86,-1.892547
51,10,-0.785398
51,15,-2.356194
51,42,-2.356194
51,56,3.141593
52,2,0.321751
52,29,-1.570796
52,47,-1.570796
52,52,1.570796
52,54,-0.785398
52,56,-2.356194
52,58,0.785398
52,61,2.356194
52,63,0.785398
52,68,-0.321751
52,78,-0.785398
52,79,-2.356194
52,80,0.785398
52,81,2.356194
53,18,1.249046
53,19,2.356194
53,22,3.141593
53,26,0.000000
53,36,1.570796
53,44,1.570796
53,52,-1.570796
53,54,-1.570796
53,58,-0.321751
53,61,3.141593
53,63,0.000000
53,65,1.892547
53,77,-0.785398
53,81,-1.570796
54,2,-0.321751
54,10,2.356194
54,16,0.000000
54,17,-0.785398
54,18,-1.892547
54,28,-2.356194
54,75,-1.570796
54,78,0.000000
54,79,1.892547
54,82,1.570796
54,88,2.356194
55,8,0.785398
55,26,-2.356194
55,54,1.570796
55,58,0.321751
55,61,3.141593
55,63,0.000000
55,86,0.785398
55,88,-2.819842
56,16,0.000000
56,21,3.141593
56,39,1.570796
56,58,-0.785398
56,61,-2.356194
56,63,-0.785398
56,70,-1.249046
56,72,-1.570796
57,2,-1.570796
57,11,1.570796
57,24,1.570796
57,37,-1.570796
57,39,-1.570796
57,45,1.570796
57,56,-1.570796
57,58,0.785398
57,74,-1.570796
58,4,2.356194
58,11,0.000000
58,43,-1.570796
58,45,-1.570796
58,47,1.570796
58,49,1.570796
58,51,1.570796
58,58,0.000000
58,61,0.000000
58,66,-0.785398
58,79,1.892547
58,86,-0.785398
58,88,2.819842
59,3,0.000000
59,4,-2.356194
59,11,-0.785398
59,49,-1.570796
59,53,-1.570796
59,56,1.570796
59,58,-0.785398
59,60,0.000000
59,62,0.000000
59,67,-0.785398
59,68,-1.570796
59,69,3.141593
59,71,1.249046
59,73,1.892547
59,88,-2.356194
60,11,2.356194
60,51,-1.570796
60,60,-1.570796
60,62,0.785398
61,11,-2.819842
61,22,1.249046
61,23,2.356194
61,24,3.141593
61,30,2.356194
61,46,-1.570796
61,48,1.570796
61,63,-2.356194
61,64,3.141593
61,82,2.819842
62,5,-2.819842
62,18,2.356194
62,20,0.000000
62,21,-0.785398
62,22,-1.892547
62,29,-0.785398
62,33,1.570796
62,48,-1.570796
63,17,-0.785398
63,33,-1.570796
63,60,1.570796
63,65,1.249046
63,66,2.356194
63,70,3.141593
63,80,-1.249046
64,6,1.249046
64,24,1.249046
64,25,2.356194
64,26,3.141593
64,31,2.356194
64,36,2.356194
64,49,1.570796
64,57,-1.570796
64,63,0.785398
64,72,1.249046
64,73,2.356194
64,78,-2.356194
65,3,0.321751
65,13,-2.356194
65,17,0.785398
65,18,1.570796
65,19,2.356194
65,20,0.785398
65,21,1.570796
65,22,2.356194
65,23,-0.785398
65,24,-1.892547
65,29,0.000000
65,49,-1.570796
65,52,1.570796
65,54,-1.570796
65,61,0.000000
65,70,0.000000
65,74,0.000000
65,75,1.892547
65,87,1.570796
66,27,3.141593
66,34,-0.785398
66,38,2.356194
66,40,1.570796
66,52,-1.570796
66,61,-1.570796
66,64,-0.321751
66,65,2.819842
66,76,2.819842
66,79,1.570796
66,82,-0.321751
66,87,-2.819842
67,2,0.321751
67,23,1.249046
67,24,2.356194
67,31,0.000000
67,32,3.141593
67,37,-0.785398
67,40,-1.570796
67,48,1.570796
67,72,-1.570796
67,73,3.141593
67,76,-1.570796
67,79,-0.321751
67,86,-1.892547
68,13,2.356194
68,20,-0.785398
68,21,-1.570796
68,23,-1.892547
68,48,-1.570796
68,52,1.570796
68,59,2.356194
68,77,1.570796
69,2,-0.321751
69,27,0.000000
69,29,3.141593
69,33,3.141593
69,52,-1.570796
69,58,-0.785398
69,64,0.785398
69,77,-0.321751
69,78,2.819842
70,10,-2.819842
70,12,0.785398
70,18,2.356194
70,23,0.000000
70,25,3.141593
70,31,-0.785398
70,59,1.570796
70,70,-0.785398
70,81,-0.321751
70,84,2.819842
71,2,0.785398
71,14,2.356194
71,17,-0.785398
71,59,0.000000
71,63,0.785398
71,76,0.000000
72,2,-0.321751
72,9,2.356194
72,25,1.249046
72,26,2.356194
72,28,3.141593
72,33,3.141593
72,40,0.785398
72,59,-1.570796
72,84,-2.819842
73,9,-2.819842
73,14,1.570796
73,22,0.000000
73,24,-0.785398
73,25,-1.892547
73,35,0.000000
73,36,3.141593
73,41,-2.356194
73,58,1.570796
73,67,2.356194
73,77,0.785398
74,11,2.356194
74,17,3.141593
74,49,2.356194
74,51,1.570796
74,57,0.321751
74,58,-2.819842
74,61,0.000000
74,62,-1.570796
74,75,2.356194
74,77,-0.321751
75,3,-0.321751
75,6,-2.356194
75,11,-2.819842
75,13,0.321751
75,25,1.249046
75,26,2.356194
75,27,0.000000
75,48,-0.785398
75,54,1.570796
75,57,-0.785398
75,72,0.000000
75,74,0.000000
75,75,-2.356194
76,13,-0.785398
76,23,0.000000
76,24,-0.785398
76,25,-1.892547
76,30,2.356194
76,43,1.570796
76,54,-1.570796
76,57,-1.570796
76,71,-0.785398
76,85,2.819842
77,7,0.321751
77,10,-2.819842
77,13,2.356194
77,32,0.785398
77,43,-1.570796
77,52,2.356194
77,59,1.570796
77,72,-0.785398
77,76,2.356194
78,13,-2.819842
78,22,2.356194
78,24,0.000000
78,33,-1.570796
78,41,2.356194
78,48,1.249046
78,49,2.356194
78,50,0.785398
78,52,-2.819842
78,59,3.141593
78,69,-2.356194
78,74,-1.249046
78,85,-1.570796
78,86,3.141593
79,10,-2.356194
79,35,1.892547
79,43,0.000000
79,44,3.141593
79,47,0.000000
79,48,-1.892547
79,55,0.785398
79,57,1.570796
79,59,-1.570796
79,72,1.570796
79,78,0.785398
80,3,0.321751
80,12,-2.356194
80,15,0.000000
80,20,1.570796
80,27,-0.785398
80,37,0.785398
80,38,1.570796
80,57,3.141593
80,60,1.570796
80,68,1.570796
80,72,0.000000
80,76,-0.785398
81,27,0.785398
81,31,1.249046
81,32,3.141593
81,40,2.356194
81,45,-0.785398
81,49,1.570796
81,55,-0.785398
81,57,-2.356194
81,60,0.000000
81,65,0.785398
81,68,-1.570796
81,73,1.570796
82,3,-0.321751
82,5,-2.819842
82,20,-1.249046
82,21,3.141593
82,27,0.000000
82,34,0.000000
82,40,-2.819842
82,48,0.000000
82,49,-2.356194
82,52,3.141593
82,57,0.785398
82,66,-2.356194
82,71,0.785398
82,73,-0.785398
83,9,0.785398
83,22,1.570796
83,31,-1.249046
83,33,2.356194
83,38,0.000000
83,39,-1.892547
83,43,0.785398
83,60,-1.570796
83,61,3.141593
83,69,1.570796
83,71,-0.321751
83,79,-2.819842
84,17,-2.819842
84,22,0.000000
84,24,1.570796
84,25,2.356194
84,27,3.141593
84,33,-1.570796
84,36,1.249046
84,37,3.141593
84,41,1.249046
84,50,3.141593
84,64,3.141593
84,69,0.785398
84,72,-2.356194
84,75,0.000000
85,4,0.785398
85,6,1.249046
85,14,-0.321751
85,34,0.000000
85,46,-1.570796
85,56,3.141593
85,58,-2.356194
85,62,-0.785398
85,69,-0.321751
85,70,2.819842
85,75,-0.785398
85,80,1.892547
85,87,2.356194
86,11,3.141593
86,18,1.249046
86,19,2.356194
86,24,3.141593
86,27,0.000000
86,29,1.892547
86,39,0.321751
86,62,-1.570796
86,70,-2.356194
86,78,-0.785398
86,85,0.785398
86,87,-2.819842
87,17,-0.785398
87,18,-1.892547
87,24,-2.356194
87,51,-2.356194
87,52,0.785398
87,53,1.570796
87,70,-1.570796
87,75,0.785398
87,80,-1.570796
88,6,-0.785398
88,9,-1.249046
88,11,-1.570796
88,13,1.570796
88,15,-1.892547
88,27,0.000000
88,35,-1.249046
88,36,-2.356194
88,56,2.819842
88,61,1.570796
88,63,1.570796
88,68,2.819842
88,73,0.785398
89,27,-0.785398
89,30,1.570796
89,41,-1.249046
89,47,-2.356194
89,58,2.356194
89,66,-0.785398
89,68,-1.570796
89,71,1.570796
89,73,-0.321751
90,5,0.321751
90,13,2.356194
90,22,0.785398
90,24,2.356194
90,30,-0.321751
90,31,2.819842
90,37,0.321751
90,44,-2.356194
90,56,0.000000
90,58,-2.356194
90,61,0.785398
90,63,2.356194
90,76,-1.570796
90,79,-2.819842
91,11,1.249046
91,13,3.141593
91,22,-0.785398
91,24,3.141593
91,31,-2.356194
91,40,2.819842
91,44,2.356194
91,47,0.785398
91,50,-1.570796
91,53,0.785398
91,61,0.000000
91,63,-2.356194
91,69,0.785398
91,71,2.356194
92,5,-0.321751
92,16,2.356194
92,21,0.785398
92,24,-2.356194
92,37,-0.321751
92,40,-1.570796
92,47,-0.321751
92,48,2.819842
92,56,3.141593
92,61,-0.785398
92,69,-0.321751
92,74,0.785398
92,79,2.819842
93,6,-1.249046
93,11,-2.356194
93,13,0.000000
93,20,1.570796
93,22,0.785398
93,31,-1.570796
93,38,-2.356194
93,42,3.141593
93,45,2.819842
93,51,0.000000
93,56,-2.356194
93,61,0.785398
93,64,2.356194
93,67,1.570796
93,86,2.356194
94,13,-0.785398
94,19,0.321751
94,24,2.356194
94,27,-1.570796
94,35,1.570796
94,48,-0.321751
94,53,-2.356194
94,59,0.785398
94,64,3.141593
94,67,0.000000
94,86,-2.819842
95,44,0.000000
95,46,2.819842
95,59,0.000000
95,64,-1.570796
95,79,-1.249046
95,80,-2.356194
95,84,-0.785398
95,85,-1.892547
96,9,-0.321751
96,15,1.892547
96,19,-0.785398
96,20,-2.356194
96,39,-0.321751
96,43,0.000000
96,46,-1.570796
96,54,2.819842
96,59,-0.785398
96,62,-1.570796
96,68,2.819842
96,77,-2.819842
97,25,-1.249046
97,26,-2.356194
97,33,3.141593
97,47,2.356194
97,64,0.000000
97,71,0.785398
97,75,-0.785398
97,76,-1.892547
98,15,-1.892547
98,22,-1.570796
98,35,-1.570796
98,42,-0.785398
98,43,-1.570796
98,44,-2.356194
98,46,-0.785398
98,52,-2.356194
98,53,-0.785398
98,63,-0.785398
98,66,-1.249046
98,73,-1.892547
