7,51,0.785398
7,52,1.892547
8,42,0.785398
8,43,2.356194
9,35,0.785398
9,36,2.356194
9,43,-1.570796
9,52,-0.785398
10,23,1.249046
10,24,3.141593
10,36,-1.570796
10,61,2.356194
11,73,1.570796
12,57,1.570796
12,59,-1.892547
12,80,0.785398
13,81,-2.356194
14,36,0.321751
14,39,2.356194
14,48,1.570796
14,52,2.356194
14,58,2.819842
15,13,1.249046
15,14,3.141593
15,20,-1.570796
15,48,-0.321751
15,50,2.356194
15,82,3.141593
16,12,0.321751
16,38,3.141593
16,52,-1.249046
17,12,-1.570796
17,35,0.321751
17,42,0.785398
17,43,2.356194
18,30,1.892547
18,38,-2.819842
18,42,-0.785398
18,48,-0.785398
18,49,-1.570796
18,50,-2.356194
18,52,0.785398
18,60,2.819842
19,32,2.356194
19,34,-0.785398
19,53,-1.249046
19,54,-2.356194
19,83,2.356194
20,28,0.000000
21,36,0.000000
21,42,-0.785398
21,43,-1.570796
21,44,-2.356194
21,52,0.785398
21,53,1.892547
21,61,-1.249046
21,62,-2.356194
22,31,-1.570796
22,32,3.141593
22,36,-1.570796
22,55,-0.785398
22,56,-1.570796
22,57,-2.356194
22,58,-0.785398
22,59,-2.356194
22,64,0.785398
23,25,1.892547
23,61,0.785398
23,62,1.892547
23,72,0.321751
24,37,2.356194
24,53,-0.321751
24,55,2.356194
24,57,3.141593
24,78,0.321751
25,10,0.321751
25,12,3.141593
25,23,-0.321751
25,30,-2.356194
25,31,0.785398
25,32,1.570796
25,59,0.000000
25,61,-0.785398
25,69,-1.249046
26,51,0.785398
26,52,1.570796
26,63,-1.249046
26,76,2.356194
26,78,3.141593
27,9,0.321751
27,10,-2.819842
27,24,0.785398
27,42,0.785398
27,43,1.570796
27,44,2.356194
27,68,-2.356194
27,78,-2.356194
28,9,-0.785398
28,27,-0.785398
28,48,0.785398
28,49,1.570796
28,50,2.356194
28,51,-0.785398
28,52,-1.570796
28,53,-2.356194
28,55,3.141593
28,58,2.356194
28,60,0.785398
28,61,1.570796
28,62,2.356194
28,63,0.785398
28,71,-1.249046
28,86,2.356194
29,16,0.785398
29,17,2.356194
29,23,-0.785398
29,24,-1.892547
29,43,2.356194
29,57,-0.785398
29,64,-1.249046
29,66,-1.570796
29,67,3.141593
29,78,2.356194
29,84,1.249046
29,86,3.141593
30,16,-0.785398
30,36,-1.570796
30,37,-2.356194
30,68,0.000000
30,69,1.892547
30,82,1.249046
31,31,-1.249046
31,43,-1.249046
31,44,-2.356194
31,49,-1.249046
31,50,-2.356194
31,60,-0.785398
31,61,-1.570796
31,62,3.141593
31,70,-2.356194
31,79,-2.356194
31,86,3.141593
32,67,0.785398
32,74,-1.249046
32,75,-2.356194
32,76,0.785398
33,30,2.356194
33,32,-0.785398
33,33,-1.892547
33,35,-1.249046
33,36,-2.356194
33,38,0.785398
33,39,1.570796
33,41,1.570796
33,42,2.356194
33,43,0.785398
33,44,1.570796
33,46,1.570796
33,47,2.356194
33,52,0.785398
33,53,1.570796
33,54,2.356194
33,56,-0.785398
33,68,-1.249046
33,70,1.892547
34,58,-1.249046
34,59,-2.356194
34,61,0.785398
34,62,1.892547
34,70,-1.249046
34,71,-2.356194
34,72,0.785398
34,73,1.892547
34,78,-1.249046
34,80,1.892547
35,38,0.000000
35,39,-1.570796
35,41,-1.570796
35,42,3.141593
35,46,-2.356194
35,62,-1.249046
35,63,-2.356194
35,65,0.785398
35,66,1.892547
35,73,-1.249046
35,74,-2.356194
35,75,0.785398
35,76,1.892547
35,80,-1.249046
36,28,-0.785398
36,29,-1.570796
36,30,-2.356194
36,52,-0.785398
36,53,-1.570796
36,54,-2.356194
36,60,3.141593
36,69,0.785398
36,70,1.892547
36,76,-1.249046
36,77,-2.356194
36,87,-2.356194
37,8,0.321751
37,10,-2.356194
37,19,0.785398
37,20,2.356194
37,62,0.000000
37,71,-2.356194
37,80,0.785398
37,87,2.356194
38,8,-0.785398
38,20,-2.356194
38,36,0.785398
38,37,1.570796
38,38,2.356194
38,40,0.785398
38,41,1.570796
38,42,2.356194
38,43,-0.785398
38,44,-1.570796
38,45,-2.356194
38,57,3.141593
38,66,-1.249046
38,67,-2.356194
38,69,0.000000
38,75,3.141593
38,81,-1.249046
39,25,0.785398
39,26,1.570796
39,27,2.356194
39,30,0.785398
39,31,1.570796
39,32,2.356194
39,59,0.000000
39,63,0.785398
39,64,1.892547
39,77,0.000000
39,83,-1.249046
40,19,-0.785398
40,20,-1.570796
40,21,-2.356194
40,37,0.785398
40,66,2.356194
40,73,0.785398
40,74,1.892547
40,79,0.000000
40,80,1.892547
40,86,0.000000
40,90,2.819842
41,15,2.356194
41,37,0.000000
41,40,-0.785398
41,41,-1.570796
41,42,-2.356194
41,49,1.249046
41,50,2.356194
41,60,0.785398
41,61,1.892547
41,68,0.000000
41,74,-1.249046
41,75,-2.356194
41,80,-1.249046
41,81,-2.356194
41,82,0.785398
41,83,1.892547
42,8,0.785398
42,24,1.249046
42,26,-1.570796
42,27,-2.356194
42,30,-0.785398
42,31,-1.570796
42,32,-2.356194
42,33,3.141593
42,61,-1.249046
42,62,-2.356194
42,64,-0.785398
42,65,-1.570796
42,66,-2.356194
42,67,0.000000
42,72,1.892547
42,83,-1.249046
42,85,1.892547
43,8,0.000000
43,23,-0.785398
43,24,-1.892547
43,38,-2.356194
43,41,0.785398
43,42,1.892547
43,52,2.356194
43,54,3.141593
43,72,-1.249046
43,73,-2.356194
43,86,3.141593
43,91,2.819842
44,8,-0.785398
44,18,3.141593
44,43,-2.356194
44,45,3.141593
44,56,1.570796
44,59,0.000000
44,65,3.141593
44,76,0.785398
44,77,1.892547
44,83,0.785398
44,87,0.000000
44,91,-2.356194
45,37,3.141593
45,48,0.000000
45,49,-0.785398
45,52,2.819842
45,67,0.000000
45,70,0.785398
45,71,1.892547
45,77,-1.249046
45,78,-2.356194
46,17,-1.570796
46,24,0.785398
46,25,1.570796
46,26,2.356194
46,34,-0.785398
46,40,-0.785398
46,43,0.000000
46,45,3.141593
46,52,-2.356194
46,62,0.785398
46,63,1.892547
46,71,-1.249046
46,72,-2.356194
46,85,-1.249046
46,86,-2.356194
46,87,0.000000
46,91,2.819842
47,19,2.356194
47,49,0.000000
47,51,0.000000
47,77,0.785398
47,78,1.892547
47,82,0.000000
47,83,1.892547
47,88,0.000000
47,91,-2.356194
48,12,1.249046
48,13,2.356194
48,17,0.000000
48,18,-1.892547
48,27,2.356194
48,28,3.141593
48,31,0.000000
48,34,-0.785398
48,35,-1.570796
48,40,0.000000
48,45,3.141593
48,57,0.785398
48,58,1.892547
48,61,1.249046
48,78,-1.249046
48,79,3.141593
48,83,-1.249046
48,85,1.892547
49,7,0.321751
49,9,-2.356194
49,15,2.356194
49,25,0.000000
49,26,-1.892547
49,37,-1.570796
49,63,-1.249046
49,64,-2.356194
49,85,-1.249046
49,86,3.141593
49,91,2.819842
50,7,-0.785398
50,12,-1.249046
50,14,-1.892547
50,39,3.141593
50,45,0.000000
50,46,3.141593
50,52,0.000000
50,53,3.141593
50,58,-1.570796
50,76,0.785398
50,77,1.892547
50,91,-2.356194
51,29,0.000000
51,31,0.785398
51,61,0.000000
51,71,0.785398
51,72,1.892547
51,77,-1.249046
51,78,-2.356194
51,84,0.785398
51,85,1.892547
51,89,0.000000
51,90,2.356194
52,27,3.141593
52,40,3.141593
52,52,0.000000
52,61,-1.570796
52,72,-1.249046
52,73,-2.356194
52,74,0.785398
52,75,1.892547
52,80,0.000000
52,81,1.892547
52,90,-1.570796
53,7,0.785398
53,15,1.249046
53,16,3.141593
53,21,0.000000
53,31,-0.785398
53,48,1.249046
53,49,2.356194
53,50,3.141593
53,57,0.000000
53,60,0.000000
53,77,2.356194
53,78,3.141593
53,81,-1.249046
53,82,3.141593
53,86,-1.249046
53,87,3.141593
53,91,-2.356194
54,7,0.000000
54,14,-0.785398
54,15,-1.892547
54,28,0.000000
54,39,1.249046
54,40,2.356194
54,41,3.141593
54,47,-0.785398
54,48,-1.892547
54,55,3.141593
54,62,2.356194
54,63,0.785398
54,64,1.892547
54,83,0.000000
54,84,1.892547
55,7,-0.785398
55,18,2.356194
55,24,1.249046
55,25,2.356194
55,26,3.141593
55,31,1.249046
55,32,2.356194
55,38,-0.785398
55,39,-1.892547
55,52,0.000000
55,60,-0.785398
55,61,-1.892547
55,73,-2.356194
55,77,-2.356194
56,16,1.249046
56,17,3.141593
56,23,-0.785398
56,24,-1.892547
56,29,1.249046
56,31,-1.892547
56,36,-0.785398
56,47,1.249046
56,48,2.356194
56,49,3.141593
56,55,1.249046
56,56,2.356194
56,63,0.000000
56,64,-1.892547
56,70,3.141593
56,75,0.785398
56,79,0.785398
56,91,3.141593
57,7,0.785398
57,20,1.249046
57,21,3.141593
57,27,1.249046
57,29,-1.892547
57,39,1.249046
57,40,3.141593
57,45,1.249046
57,47,-1.892547
57,54,-0.785398
57,55,-1.892547
57,86,-1.249046
57,87,-2.356194
57,88,3.141593
58,7,-0.321751
58,9,2.356194
58,14,-0.785398
58,15,-1.892547
58,19,0.000000
58,20,-1.892547
58,25,1.249046
58,27,-1.892547
58,31,1.249046
58,32,2.356194
58,33,3.141593
58,44,0.000000
58,45,-1.892547
58,51,0.000000
58,66,0.000000
58,69,3.141593
58,73,0.000000
58,78,-2.356194
58,83,0.000000
58,84,1.892547
59,17,1.249046
59,18,3.141593
59,24,0.000000
59,25,-1.892547
59,30,0.000000
59,31,-1.892547
59,36,1.249046
59,38,-1.892547
59,42,1.249046
59,43,3.141593
59,49,3.141593
59,75,0.000000
59,76,1.892547
59,84,-1.249046
60,8,0.785398
60,23,-0.785398
60,46,0.000000
60,53,1.249046
60,54,2.356194
60,76,-1.249046
60,77,3.141593
60,81,0.785398
60,86,-1.570796
61,8,0.000000
61,15,-0.785398
61,16,-1.892547
61,39,1.249046
61,41,-1.892547
61,52,0.321751
61,59,2.356194
61,60,3.141593
61,66,0.000000
61,67,3.141593
61,82,0.000000
61,83,1.892547
61,88,3.141593
62,8,-0.785398
62,18,1.570796
62,22,1.570796
62,33,0.000000
62,34,-1.892547
62,38,0.321751
62,47,2.356194
62,52,-1.570796
62,83,-1.249046
62,85,1.892547
63,18,0.785398
63,22,2.356194
63,38,-1.570796
63,42,2.356194
63,46,-0.785398
63,57,0.321751
63,58,-2.819842
64,8,0.785398
64,29,1.249046
64,30,2.356194
64,31,-0.785398
64,32,-1.570796
64,33,-2.356194
64,36,0.785398
64,57,-1.570796
64,62,0.000000
64,63,3.141593
64,80,-1.570796
64,91,1.570796
65,8,0.000000
65,15,0.785398
65,16,1.570796
65,22,-1.249046
65,23,-2.356194
65,37,-1.249046
65,38,-2.356194
65,39,0.785398
65,43,1.892547
65,83,2.356194
65,85,-0.785398
65,91,-1.570796
66,8,-0.785398
66,19,2.819842
66,29,-1.570796
66,50,-0.785398
66,51,-1.570796
66,52,-2.356194
66,89,2.819842
67,27,2.356194
67,42,-0.785398
67,43,-1.892547
67,72,0.785398
67,73,1.892547
67,82,-1.570796
67,86,1.570796
67,89,-1.570796
68,8,0.785398
68,19,3.141593
68,25,0.000000
68,26,-0.785398
68,27,-2.356194
68,34,3.141593
68,73,-1.249046
68,74,-2.356194
68,75,3.141593
68,91,3.141593
69,8,0.000000
69,29,3.141593
69,45,0.000000
69,48,3.141593
69,56,2.356194
69,62,0.000000
69,68,3.141593
69,81,2.356194
69,82,3.141593
69,86,-1.570796
70,8,-0.785398
70,19,-2.819842
70,54,0.000000
70,55,-0.785398
70,73,0.000000
70,74,3.141593
70,80,-0.785398
70,88,0.785398
71,17,0.321751
71,22,1.570796
71,43,0.000000
71,44,3.141593
71,46,0.000000
71,48,3.141593
71,62,0.000000
71,64,3.141593
71,80,-1.570796
71,84,2.356194
71,89,1.570796
72,17,-1.570796
72,37,0.000000
72,39,3.141593
72,55,0.000000
72,56,3.141593
72,71,0.000000
72,74,3.141593
72,82,0.000000
72,83,0.000000
72,89,-0.321751
72,90,2.819842
73,16,3.141593
73,24,1.570796
73,29,2.356194
73,32,1.249046
73,33,2.356194
73,43,0.000000
73,45,3.141593
73,62,0.000000
73,63,3.141593
73,76,0.000000
73,78,3.141593
73,90,-1.570796
74,24,2.356194
74,28,3.141593
74,31,0.321751
74,36,3.141593
74,49,0.000000
74,50,3.141593
74,52,0.000000
74,54,3.141593
74,68,0.000000
74,72,3.141593
74,80,0.000000
74,91,-2.356194
75,13,1.249046
75,15,-1.570796
75,16,-2.356194
75,20,1.570796
75,24,-2.819842
75,33,-2.356194
75,39,0.000000
75,41,3.141593
75,62,0.000000
75,63,3.141593
75,82,-2.356194
75,85,-2.356194
75,89,1.570796
76,12,0.321751
76,20,-2.819842
76,22,0.321751
76,26,0.321751
76,27,-2.819842
76,31,-2.819842
76,36,2.356194
76,46,0.000000
76,49,3.141593
76,79,0.785398
76,89,0.785398
77,22,-0.785398
77,29,0.321751
77,33,2.356194
77,35,-0.785398
77,39,3.141593
77,57,0.000000
77,60,3.141593
77,80,1.570796
77,90,2.819842
78,13,-2.356194
78,18,-0.785398
78,25,0.321751
78,26,-2.819842
78,29,-1.570796
78,65,0.000000
78,66,3.141593
78,71,0.000000
78,72,3.141593
78,80,-0.321751
78,81,2.819842
78,88,0.785398
78,90,-2.356194
79,9,0.000000
79,37,1.570796
79,40,0.785398
79,54,0.000000
79,57,3.141593
79,81,-2.356194
79,85,1.570796
79,88,-0.321751
80,24,0.321751
80,25,-2.819842
80,31,2.356194
80,78,1.570796
80,89,-1.570796
81,24,-0.785398
81,30,0.321751
81,31,-2.819842
81,37,2.356194
81,44,2.356194
81,45,3.141593
81,48,0.000000
81,51,3.141593
81,73,1.570796
81,78,-1.570796
81,81,-1.570796
81,83,0.785398
81,91,3.141593
82,20,1.570796
82,30,-0.785398
82,36,0.321751
82,37,-2.819842
82,76,1.570796
82,87,1.570796
83,20,-2.819842
83,36,-0.785398
83,43,-0.321751
83,45,2.356194
83,47,2.356194
83,82,1.570796
83,88,3.141593
84,36,2.356194
84,39,-0.785398
84,46,-0.785398
84,74,-2.356194
84,77,-2.356194
84,82,0.785398
84,85,1.570796
85,35,0.321751
85,36,-2.819842
85,44,-1.570796
85,80,1.570796
85,82,-0.321751
85,83,2.819842
85,85,-0.321751
85,86,2.819842
86,35,-0.785398
86,38,1.570796
86,49,1.570796
86,86,-1.570796
86,90,-1.570796
87,15,0.321751
87,29,-1.570796
87,38,-1.570796
87,51,1.892547
87,68,1.570796
87,83,-0.321751
87,84,2.819842
87,87,1.570796
88,22,1.570796
88,44,2.356194
88,68,-1.570796
88,81,-1.570796
88,84,-1.570796
88,87,-0.321751
89,10,0.785398
89,22,-2.819842
89,31,-1.570796
89,34,-1.570796
89,85,1.570796
90,11,-2.356194
90,40,1.570796
90,46,0.785398
90,54,2.819842
90,77,1.570796
90,85,-0.321751
90,90,2.819842
91,15,-1.249046
91,25,2.356194
91,32,1.570796
91,37,1.570796
91,54,-1.570796
91,58,1.570796
91,69,1.570796
91,80,1.570796
91,83,1.570796
91,90,-2.356194
92,25,-2.819842
92,50,1.570796
92,77,-1.570796
92,90,2.356194
93,32,-1.570796
93,47,-1.570796
93,50,0.785398
93,62,1.570796
93,69,-1.570796
93,72,1.570796
93,75,1.570796
93,90,-2.819842
94,22,0.321751
94,37,-1.570796
94,50,-0.321751
94,51,2.819842
94,72,-1.570796
95,20,1.570796
95,48,1.570796
95,55,-1.570796
95,59,-1.570796
95,69,1.570796
95,82,1.570796
96,20,0.000000
96,30,1.570796
96,51,-0.321751
96,52,2.819842
96,62,-1.570796
96,72,1.570796
96,79,0.785398
96,82,-0.321751
96,83,2.819842
96,85,0.785398
97,35,2.356194
97,44,-1.570796
97,52,-2.356194
97,76,-1.570796
97,80,-2.356194
98,30,-1.570796
98,34,-0.785398
98,37,0.000000
98,38,3.141593
98,41,-1.570796
98,48,-1.570796
98,52,-1.570796
98,69,-1.570796
98,72,-1.570796
98,85,-1.892547
