6,51,1.249046
6,52,3.141593
6,65,1.570796
6,66,2.356194
6,70,0.785398
6,71,1.892547
7,36,1.249046
7,37,3.141593
7,57,0.321751
7,59,2.819842
8,48,0.321751
8,62,0.321751
8,71,-0.785398
9,27,1.249046
9,28,3.141593
9,36,-1.570796
9,52,1.570796
9,57,-0.321751
9,59,-2.819842
10,37,0.785398
10,47,0.321751
10,50,-1.892547
10,61,0.321751
11,17,1.249046
11,18,3.141593
11,27,-1.570796
11,52,0.000000
12,36,0.321751
12,47,3.141593
13,15,0.321751
13,42,1.892547
13,52,-0.321751
13,58,-1.570796
13,63,-1.249046
14,15,-1.570796
14,36,-0.321751
14,47,-2.356194
14,60,2.356194
14,68,0.785398
14,71,3.141593
15,48,0.000000
15,49,1.570796
15,51,1.570796
15,66,-0.785398
15,72,0.785398
15,73,2.356194
15,75,0.785398
16,32,0.000000
16,33,1.570796
16,34,2.356194
16,35,0.785398
16,46,2.819842
16,53,-1.249046
16,60,-1.249046
16,61,-2.356194
16,62,0.785398
16,63,1.892547
16,72,-0.785398
17,65,-0.785398
18,33,0.000000
18,35,-0.785398
18,43,0.321751
18,48,2.356194
18,49,0.000000
18,78,1.570796
18,80,1.892547
18,84,2.819842
19,39,2.356194
19,50,0.000000
19,53,0.785398
19,58,-2.356194
19,67,-1.570796
19,72,-1.570796
19,74,-1.570796
19,76,-1.892547
20,32,0.321751
20,34,-2.356194
20,36,0.785398
20,37,1.570796
20,41,1.249046
20,43,-1.570796
20,48,-2.356194
20,54,-1.249046
20,63,-1.249046
20,78,0.000000
20,80,-1.892547
21,28,1.892547
21,67,-2.356194
21,68,0.785398
21,78,-0.785398
22,30,1.570796
22,32,-1.570796
22,33,-2.356194
22,34,0.785398
22,35,1.570796
22,39,-1.892547
22,55,0.321751
22,57,3.141593
22,71,-2.356194
22,86,1.570796
22,87,2.356194
23,15,3.141593
23,23,1.249046
23,43,0.000000
23,55,-1.570796
23,62,1.249046
23,63,2.356194
23,76,0.785398
24,20,1.249046
24,28,-1.249046
24,37,-2.819842
24,47,2.356194
24,65,-1.249046
24,66,-2.356194
24,79,1.892547
25,11,0.321751
25,32,0.785398
25,33,1.892547
25,46,-0.785398
25,69,-1.249046
25,70,-2.356194
25,77,-1.570796
26,11,-0.785398
26,27,1.570796
26,63,3.141593
26,72,1.570796
26,79,-1.570796
26,86,2.356194
27,11,2.356194
27,64,0.785398
27,65,2.356194
27,66,0.785398
27,67,1.892547
27,72,0.000000
27,74,1.570796
27,76,-1.570796
27,81,-1.570796
27,83,-1.249046
27,86,-2.819842
28,33,-1.249046
28,64,-0.785398
28,67,-1.249046
28,68,-2.356194
28,78,-1.249046
29,19,0.321751
29,23,2.356194
29,40,0.785398
29,42,-1.892547
29,45,-1.570796
29,61,2.356194
29,70,0.000000
29,74,3.141593
29,82,2.356194
29,89,0.000000
30,32,2.819842
30,46,0.785398
30,47,2.356194
30,55,2.356194
30,60,-0.785398
30,65,3.141593
31,13,0.785398
31,19,0.000000
31,38,1.249046
31,41,2.819842
31,46,-0.785398
31,55,3.141593
31,60,0.785398
31,69,0.785398
31,74,0.000000
31,76,1.570796
31,77,2.356194
31,79,0.785398
32,6,0.321751
32,13,0.000000
32,30,2.356194
32,32,3.141593
32,41,-2.356194
32,61,-2.356194
32,63,3.141593
32,70,-1.249046
32,71,-2.356194
32,80,-1.249046
32,81,-2.356194
32,82,0.785398
33,6,-1.570796
33,19,-0.321751
33,26,-2.356194
33,32,-2.356194
33,54,0.321751
33,56,2.819842
33,73,-0.785398
33,85,-2.356194
33,90,2.356194
34,15,3.141593
34,32,2.356194
34,36,0.000000
34,54,-1.570796
34,56,-2.356194
34,62,0.321751
34,64,-2.356194
34,66,0.785398
34,67,1.892547
34,75,-1.249046
34,76,3.141593
34,82,1.570796
34,90,3.141593
35,15,-2.356194
35,29,-2.356194
35,30,0.785398
35,32,-2.819842
35,36,-0.785398
35,53,0.785398
35,56,2.356194
35,62,-0.785398
35,67,-1.249046
35,68,-2.356194
35,82,3.141593
35,90,-1.570796
36,15,0.785398
36,20,-1.570796
36,22,-1.249046
36,23,-2.356194
36,36,0.785398
36,46,2.356194
36,53,0.000000
36,55,-0.785398
36,82,-1.570796
37,5,0.785398
37,15,0.000000
37,18,0.785398
37,28,0.785398
37,29,1.892547
37,37,-2.356194
37,40,-0.785398
37,41,-1.570796
37,42,-2.356194
37,46,3.141593
37,53,-0.785398
37,59,0.000000
37,61,-0.785398
37,62,-1.570796
37,64,1.892547
38,5,-0.785398
38,6,3.141593
38,21,2.356194
38,23,0.785398
38,29,-1.249046
38,31,-1.570796
38,32,3.141593
38,64,-1.249046
38,65,-2.356194
38,75,0.000000
38,76,1.892547
39,14,-0.785398
39,24,-1.249046
39,46,0.000000
39,88,1.570796
39,90,1.570796
40,16,-1.249046
40,17,-2.356194
40,28,2.356194
40,34,2.356194
40,48,2.356194
40,76,-1.570796
40,88,0.000000
40,90,3.141593
41,22,2.356194
41,24,0.785398
41,32,0.785398
41,46,0.000000
41,53,0.321751
41,55,3.141593
41,74,0.785398
41,83,0.785398
41,84,1.892547
41,90,-2.356194
42,27,-2.819842
42,35,2.819842
42,46,-1.570796
42,49,2.819842
42,53,-1.570796
42,60,0.785398
42,61,1.570796
42,62,2.356194
42,63,0.785398
42,64,1.570796
42,65,2.356194
42,68,0.785398
42,69,1.892547
42,75,-1.249046
42,76,3.141593
42,84,-1.249046
42,85,-2.356194
42,86,0.785398
42,89,-2.356194
43,4,0.785398
43,19,0.785398
43,33,-1.570796
43,35,-2.356194
43,40,0.000000
43,45,1.570796
43,69,-1.249046
43,70,3.141593
44,4,-0.785398
44,5,3.141593
44,9,1.570796
44,25,-0.785398
44,26,-1.570796
44,27,-2.356194
44,31,0.785398
44,32,2.356194
44,55,1.570796
44,61,2.356194
45,9,3.141593
45,14,1.249046
45,15,2.356194
45,18,-0.785398
45,19,-1.570796
45,48,-0.785398
45,49,-1.892547
45,55,2.356194
45,59,0.000000
45,60,-0.785398
45,61,-2.356194
45,66,0.000000
45,67,1.892547
45,73,0.785398
45,74,1.892547
45,87,0.785398
46,12,1.249046
46,32,0.000000
46,37,1.892547
46,55,-2.356194
46,62,0.000000
46,63,1.892547
46,67,-1.249046
46,69,1.892547
46,74,-1.249046
46,75,-2.356194
46,83,0.785398
46,84,1.892547
46,89,2.356194
47,10,-2.356194
47,26,1.249046
47,27,2.356194
47,44,0.321751
47,46,3.141593
47,53,-0.785398
47,56,0.000000
47,63,-1.249046
47,64,3.141593
47,69,-1.249046
47,71,1.892547
47,84,-1.249046
48,3,0.785398
48,16,2.356194
48,20,-0.785398
48,21,-1.570796
48,22,-2.356194
48,23,0.785398
48,24,1.570796
48,26,-1.892547
48,31,-0.785398
48,32,-1.570796
48,34,-2.356194
48,38,-1.249046
48,39,3.141593
48,44,-1.570796
48,57,-1.570796
48,66,0.785398
48,67,1.892547
48,78,0.785398
48,79,2.356194
48,91,-2.356194
49,3,0.000000
49,6,-0.785398
49,7,-1.892547
49,35,0.000000
49,43,0.000000
49,60,2.356194
49,61,0.785398
49,62,1.892547
49,67,-1.249046
49,68,3.141593
49,72,-1.249046
49,73,-2.356194
49,78,-1.570796
49,87,-1.570796
50,3,-0.785398
50,46,-0.785398
50,47,-1.570796
50,48,3.141593
50,57,-0.785398
50,62,-1.249046
50,64,1.892547
50,69,0.000000
50,70,1.892547
50,76,0.785398
50,88,1.570796
51,8,1.249046
51,9,2.356194
51,17,1.249046
51,18,2.356194
51,19,0.785398
51,20,1.570796
51,21,2.356194
51,23,-0.785398
51,24,-1.570796
51,25,-2.356194
51,31,0.785398
51,34,2.356194
51,35,-0.785398
51,36,-1.570796
51,37,-2.356194
51,49,0.000000
51,50,1.892547
51,64,-1.249046
51,66,1.892547
51,70,-1.249046
51,88,-0.785398
51,89,-2.356194
52,3,0.785398
52,28,0.785398
52,52,1.892547
52,59,-0.321751
52,78,-1.249046
52,79,3.141593
52,85,0.785398
52,86,1.570796
52,87,3.141593
52,91,-2.356194
53,3,0.000000
53,6,-0.785398
53,7,-1.892547
53,11,1.249046
53,13,-1.892547
53,29,-1.249046
53,30,-2.356194
53,31,0.000000
53,45,0.785398
53,46,2.356194
53,54,3.141593
53,74,0.785398
53,75,1.892547
53,80,0.000000
53,81,1.892547
54,3,-0.785398
54,10,0.000000
54,11,-1.892547
54,45,-0.785398
54,50,-1.249046
54,56,0.785398
54,61,-1.249046
54,63,1.892547
54,68,-1.249046
54,69,-2.356194
54,75,-1.249046
54,77,1.892547
54,87,0.000000
54,88,1.892547
55,29,0.785398
55,30,1.892547
55,35,-2.356194
55,36,0.785398
55,37,1.570796
55,38,2.356194
55,42,0.785398
55,43,1.892547
55,58,0.785398
55,59,1.892547
55,63,-1.249046
55,65,1.892547
55,82,-1.249046
55,83,3.141593
55,88,-1.249046
56,8,3.141593
56,13,1.249046
56,15,-1.892547
56,17,-1.570796
56,21,1.570796
56,30,-1.249046
56,43,-1.249046
56,45,-1.570796
56,46,3.141593
56,54,1.892547
56,65,-1.249046
56,66,3.141593
56,72,-0.321751
56,90,-2.356194
57,2,0.785398
57,7,-1.570796
57,11,1.249046
57,13,-1.892547
57,34,2.819842
57,48,0.785398
57,49,1.892547
57,54,-1.249046
57,55,3.141593
57,60,-1.249046
57,62,1.892547
57,67,0.000000
57,68,1.892547
57,73,-1.249046
57,75,1.892547
58,3,3.141593
58,24,0.785398
58,25,1.570796
58,26,2.356194
58,30,3.141593
58,38,-2.356194
58,49,-1.249046
58,51,1.892547
58,68,-1.249046
58,69,3.141593
58,79,-1.570796
58,81,0.000000
58,82,1.892547
58,87,0.785398
58,88,1.570796
58,89,3.141593
59,4,0.785398
59,5,3.141593
59,32,0.000000
59,33,-0.785398
59,45,0.785398
59,46,1.892547
59,51,-1.249046
59,53,1.892547
59,70,0.785398
59,71,2.356194
59,73,0.785398
60,12,1.249046
60,13,3.141593
60,59,0.000000
60,60,1.892547
60,64,-1.249046
60,65,3.141593
60,70,-0.785398
60,83,-1.249046
60,84,3.141593
60,89,0.785398
60,90,2.356194
61,4,-2.819842
61,11,0.000000
61,12,-1.892547
61,15,2.356194
61,18,0.321751
61,26,-2.356194
61,28,0.785398
61,29,1.570796
61,30,2.356194
61,33,0.785398
61,49,0.000000
61,50,1.892547
61,66,0.000000
61,67,1.892547
61,79,-1.249046
61,80,3.141593
61,85,0.000000
61,86,1.892547
61,89,-1.570796
62,2,0.321751
62,6,0.321751
62,10,1.570796
62,14,1.570796
62,18,-1.570796
62,44,0.000000
62,45,-0.785398
62,46,-2.356194
62,50,-1.249046
62,51,3.141593
62,55,-1.249046
62,57,1.892547
62,61,-1.249046
62,62,3.141593
62,70,0.000000
62,81,0.000000
62,82,1.892547
62,86,-1.249046
62,88,2.356194
63,9,0.321751
63,10,-2.819842
63,14,-2.819842
63,20,0.000000
63,22,-1.892547
63,27,0.785398
63,30,-2.356194
63,31,0.785398
63,32,1.570796
63,34,-1.892547
63,39,1.570796
63,40,2.356194
63,41,3.141593
63,47,0.000000
63,52,0.000000
63,57,-1.249046
63,58,3.141593
63,63,0.000000
63,64,1.892547
63,82,-1.249046
63,83,3.141593
63,88,-1.570796
64,3,3.141593
64,6,-2.819842
64,9,-1.570796
64,12,0.321751
64,16,1.570796
64,20,-1.570796
64,24,-0.321751
64,26,3.141593
64,37,-0.785398
64,48,-1.570796
64,53,-1.570796
64,73,-1.249046
64,74,3.141593
64,89,0.000000
64,90,2.356194
65,8,1.570796
65,12,-1.570796
65,15,0.000000
65,32,3.141593
65,44,0.785398
65,45,1.892547
65,54,0.000000
65,55,1.892547
65,65,-1.249046
65,66,3.141593
65,90,-1.570796
66,4,-0.785398
66,7,0.321751
66,8,-2.819842
66,11,1.570796
66,18,1.570796
66,22,1.249046
66,23,2.356194
66,24,-0.785398
66,45,-1.249046
66,46,3.141593
66,51,1.570796
66,55,-1.249046
66,56,3.141593
66,86,1.570796
66,91,-2.356194
67,4,2.356194
67,7,-1.570796
67,10,0.000000
67,17,0.321751
67,18,-2.819842
67,34,0.785398
67,52,3.141593
67,62,0.000000
67,63,1.892547
67,73,2.819842
67,77,1.570796
67,82,2.819842
67,88,1.892547
68,6,1.570796
68,13,1.570796
68,17,-1.570796
68,25,0.000000
68,54,3.141593
68,58,0.000000
68,59,1.892547
68,73,-1.570796
68,77,-0.321751
68,78,2.819842
68,89,2.819842
69,2,0.321751
69,6,-2.819842
69,9,2.356194
69,12,0.321751
69,13,-2.819842
69,19,0.321751
69,24,1.570796
69,36,0.000000
69,45,0.785398
69,78,-1.570796
69,82,-0.321751
69,83,2.819842
69,85,0.785398
69,89,-1.570796
70,2,-0.785398
70,8,0.321751
70,9,-2.819842
70,12,-1.570796
70,19,-1.570796
70,24,-2.819842
70,27,0.000000
70,28,-1.570796
70,30,1.892547
70,32,2.356194
70,42,0.785398
70,50,0.000000
70,51,1.892547
70,70,0.785398
70,83,-1.570796
70,86,1.570796
71,2,-1.570796
71,4,0.321751
71,5,-2.819842
71,8,-1.570796
71,43,-1.570796
71,67,2.819842
71,70,0.000000
71,76,1.570796
71,80,1.570796
71,86,-0.321751
72,4,-0.785398
72,21,0.321751
72,26,2.356194
72,29,0.000000
72,59,1.570796
72,63,2.819842
72,67,-1.570796
72,70,-1.570796
72,76,-0.321751
72,77,2.819842
72,80,-0.321751
72,81,2.819842
72,84,0.785398
72,88,2.819842
73,17,1.570796
73,21,-1.570796
73,25,0.000000
73,26,-2.356194
73,41,-0.321751
73,45,1.570796
73,59,0.785398
73,63,-1.570796
73,68,0.000000
73,69,2.356194
73,72,-0.321751
73,84,-0.321751
73,85,2.819842
73,91,-1.570796
74,7,2.356194
74,14,2.356194
74,16,0.321751
74,17,-2.819842
74,27,-2.356194
74,30,0.321751
74,38,-0.785398
74,39,3.141593
74,45,-0.785398
74,46,3.141593
74,60,3.141593
74,77,-0.321751
74,78,2.819842
74,81,-0.321751
74,82,2.819842
74,88,-0.321751
74,89,2.819842
75,6,0.321751
75,7,-2.819842
75,10,2.356194
75,13,0.321751
75,30,-1.570796
75,69,-0.321751
75,70,2.819842
75,75,2.819842
75,78,-1.570796
75,85,-0.321751
75,86,2.819842
76,6,-0.785398
76,9,0.321751
76,10,-2.819842
76,13,-1.570796
76,16,-2.819842
76,33,-1.570796
76,35,1.570796
76,37,2.356194
76,41,1.570796
76,44,-1.570796
76,48,0.000000
76,66,-2.356194
76,70,-1.570796
76,82,-0.321751
76,83,2.819842
76,89,-0.321751
76,90,2.819842
77,9,-0.785398
77,15,-0.785398
77,29,2.356194
77,37,3.141593
77,41,-0.321751
77,49,-1.570796
77,53,0.000000
77,54,1.892547
77,56,-1.570796
77,71,1.570796
77,75,-0.321751
77,76,2.819842
77,83,-1.570796
77,86,-0.321751
77,87,2.819842
77,90,-1.570796
78,28,0.321751
78,29,-2.819842
78,32,2.356194
78,37,-1.570796
78,50,0.000000
78,71,-0.321751
78,72,2.819842
79,28,-0.785398
79,31,0.321751
79,32,-2.819842
79,44,2.819842
79,47,1.570796
79,51,-1.570796
79,55,-1.570796
79,66,0.785398
79,67,1.892547
79,72,-1.570796
79,76,-0.321751
79,77,2.819842
79,80,0.785398
79,87,-0.321751
79,88,2.819842
80,31,-0.785398
80,34,1.570796
80,39,1.570796
80,44,-1.570796
80,47,-0.321751
80,61,0.000000
80,62,1.892547
80,67,-1.249046
80,68,3.141593
80,77,-2.356194
80,80,-0.321751
80,81,2.819842
80,88,-2.356194
80,91,-1.570796
81,15,-1.570796
81,40,-2.356194
81,69,1.570796
81,77,0.785398
81,81,-2.356194
81,85,1.570796
82,25,2.356194
82,36,1.570796
82,58,0.000000
82,59,1.892547
82,63,-1.249046
82,64,3.141593
82,69,-0.321751
82,77,-0.321751
82,78,2.819842
82,85,-0.321751
82,86,2.819842
83,5,0.785398
83,8,2.356194
83,24,0.321751
83,25,-2.819842
83,51,2.819842
83,55,1.570796
83,70,-1.249046
83,71,3.141593
83,78,-2.356194
83,83,1.570796
83,86,-2.356194
84,5,0.000000
84,8,3.141593
84,14,1.570796
84,24,-0.785398
84,34,-1.570796
84,37,1.570796
84,40,0.785398
84,43,2.356194
84,51,-1.570796
84,55,-0.321751
84,56,2.819842
84,66,0.000000
84,67,1.892547
85,5,-0.785398
85,8,-2.356194
85,24,0.785398
85,37,-0.321751
85,38,2.819842
85,41,0.785398
85,56,-1.570796
85,73,-2.356194
86,21,-1.570796
86,24,-0.321751
86,25,2.819842
86,28,0.785398
86,35,1.570796
86,38,-2.356194
86,41,-0.785398
86,49,-2.356194
86,58,3.141593
86,68,-1.249046
86,69,3.141593
86,81,-1.570796
87,25,-2.356194
87,28,-0.321751
87,29,2.819842
87,63,-1.249046
87,64,3.141593
87,76,-2.356194
88,3,-1.570796
88,14,0.785398
88,29,-2.356194
88,35,-1.570796
88,42,-0.785398
88,45,0.785398
88,51,0.785398
88,65,-2.356194
88,72,0.000000
88,73,1.892547
88,82,1.570796
89,14,-0.321751
89,15,2.819842
89,22,1.570796
89,32,0.785398
89,56,1.570796
89,67,0.785398
89,74,2.819842
89,81,0.321751
90,3,1.570796
90,15,-2.356194
90,25,0.785398
90,32,-0.321751
90,33,2.819842
90,36,0.785398
90,52,0.785398
90,56,-0.321751
90,74,-2.356194
91,5,-1.570796
91,25,-0.321751
91,26,2.819842
91,37,1.570796
91,44,-0.785398
91,52,-0.321751
91,57,-1.249046
91,58,3.141593
91,71,3.141593
91,74,-1.570796
91,80,0.321751
91,81,-2.819842
92,26,-2.356194
92,33,-0.321751
92,34,2.819842
92,37,-0.321751
92,38,2.819842
92,45,-0.785398
92,46,-1.892547
92,48,-1.249046
92,49,3.141593
92,54,2.819842
92,59,0.000000
92,60,1.892547
92,80,-1.570796
92,83,2.356194
93,5,0.000000
93,6,3.141593
93,18,0.785398
93,26,-1.570796
93,34,-2.356194
93,38,-2.356194
93,60,-1.249046
93,61,3.141593
93,82,0.321751
93,83,-2.819842
94,18,-0.321751
94,19,2.819842
94,38,0.785398
94,51,1.570796
94,54,-0.785398
94,55,3.141593
94,71,0.000000
94,82,-1.570796
95,6,1.570796
95,19,-2.356194
95,38,-0.321751
95,39,2.819842
95,53,2.356194
95,56,-2.356194
95,78,0.000000
95,85,2.356194
96,16,-2.356194
96,39,-1.570796
96,48,1.570796
96,53,-2.356194
96,60,0.785398
96,77,0.000000
96,80,3.141593
96,83,0.000000
96,84,-0.785398
96,89,-1.570796
97,9,-1.570796
97,22,1.570796
97,61,0.000000
97,62,1.892547
97,78,-0.785398
97,79,-1.892547
98,3,-1.570796
98,6,-1.570796
98,13,-1.570796
98,19,-1.570796
98,22,-1.570796
98,25,-1.570796
98,32,-2.356194
98,36,-1.570796
98,40,-1.570796
98,45,-2.356194
98,49,-2.356194
98,53,-1.570796
98,62,-1.249046
98,63,-2.356194
98,64,3.141593
98,86,0.000000
98,87,3.141593
