4,26,1.249046
4,27,2.356194
4,32,0.785398
4,33,1.892547
4,39,1.249046
4,40,2.356194
4,45,0.785398
4,46,1.570796
4,47,2.356194
4,51,0.785398
4,52,1.892547
5,55,0.785398
5,56,1.570796
5,57,2.356194
5,58,0.785398
5,59,1.892547
6,13,1.249046
6,14,2.356194
6,23,0.785398
6,33,-0.785398
6,39,-2.356194
6,46,2.356194
6,52,-0.785398
6,65,0.785398
6,66,1.892547
7,9,2.356194
7,12,-0.785398
7,39,2.356194
7,59,-0.785398
8,8,-0.785398
9,33,2.356194
9,37,0.321751
9,47,0.785398
10,8,2.356194
10,24,0.785398
10,26,1.249046
10,27,2.356194
10,29,0.785398
10,30,1.570796
10,31,2.356194
10,37,-0.785398
10,41,0.000000
10,47,0.000000
10,50,0.785398
10,56,2.356194
10,59,2.356194
10,75,2.356194
11,22,1.892547
11,37,2.356194
11,44,3.141593
11,47,-0.785398
11,55,-0.785398
11,56,-2.356194
11,59,-2.819842
12,6,0.321751
12,33,-0.785398
12,35,0.000000
12,45,1.570796
12,47,2.356194
12,50,0.321751
12,82,3.141593
13,6,-1.570796
13,17,0.785398
13,30,2.356194
13,38,-2.356194
13,47,3.141593
13,50,-0.785398
14,11,0.000000
14,12,1.570796
14,14,1.892547
14,17,-0.785398
14,23,-1.249046
14,25,3.141593
14,36,-1.570796
14,45,-1.892547
14,50,2.356194
14,53,-0.321751
14,60,-1.249046
14,62,3.141593
15,25,-1.570796
15,35,3.141593
15,39,0.321751
15,47,0.000000
15,49,-0.785398
15,50,-2.356194
15,64,1.249046
15,65,3.141593
15,71,-2.356194
16,12,-0.321751
16,18,0.321751
16,39,-0.785398
16,51,1.570796
16,61,0.321751
16,71,2.356194
16,76,0.321751
17,4,0.321751
17,6,3.141593
17,18,-0.785398
17,21,0.785398
17,28,-2.356194
17,35,-2.356194
17,45,0.785398
17,47,3.141593
17,51,0.000000
17,61,-1.570796
17,71,3.141593
18,4,-0.785398
18,11,0.785398
18,14,3.141593
18,21,0.000000
18,28,0.785398
18,38,-0.785398
18,41,3.141593
18,45,-1.570796
18,51,-1.570796
18,67,1.892547
18,76,3.141593
19,9,0.785398
19,15,0.000000
19,16,1.892547
19,18,2.356194
19,21,-0.785398
19,23,0.000000
19,28,0.000000
19,43,1.249046
19,44,3.141593
19,47,-0.785398
19,48,-2.356194
19,49,0.785398
19,60,-1.249046
19,61,3.141593
19,71,-2.819842
20,18,-2.356194
20,21,2.356194
20,24,-1.570796
20,28,-0.785398
20,51,-2.356194
20,52,0.785398
20,77,2.819842
20,85,2.356194
21,16,-0.785398
21,32,0.000000
21,43,-1.249046
21,49,1.570796
21,77,-2.356194
22,10,0.321751
22,13,0.000000
22,14,1.892547
22,23,0.785398
22,32,-1.570796
22,36,0.785398
22,37,1.892547
22,47,2.356194
22,49,3.141593
23,10,-0.785398
23,17,2.819842
23,30,0.785398
23,31,2.356194
23,37,-1.249046
23,38,3.141593
23,40,1.249046
23,41,2.356194
23,53,-2.819842
23,86,2.356194
24,10,0.785398
24,19,1.249046
24,31,-1.570796
24,49,-0.785398
24,50,-2.356194
24,60,-1.249046
24,68,0.000000
24,70,-1.892547
24,77,0.785398
24,78,1.892547
24,81,0.000000
24,82,-1.892547
25,4,0.785398
25,12,0.785398
25,21,-1.249046
25,22,-2.356194
25,26,-1.249046
25,27,-2.356194
25,32,0.000000
25,33,1.892547
25,40,-1.570796
25,46,-1.249046
25,48,2.356194
25,52,-1.249046
25,53,3.141593
25,64,3.141593
25,68,-0.785398
25,80,2.356194
26,4,0.000000
26,7,0.785398
26,8,1.570796
26,24,-2.356194
26,33,-1.249046
26,34,3.141593
26,48,-1.570796
26,80,-2.356194
26,83,0.321751
27,4,-0.785398
27,13,-0.785398
27,19,3.141593
27,35,0.785398
27,36,2.356194
27,43,0.785398
27,44,1.892547
27,50,3.141593
27,55,-1.249046
27,66,0.785398
27,74,0.785398
27,83,-1.570796
28,8,-0.321751
28,19,-1.570796
28,29,1.570796
28,30,2.356194
28,35,-1.570796
28,44,-1.249046
28,45,-2.356194
28,74,0.000000
28,77,-0.785398
29,11,-2.356194
29,12,-0.785398
29,13,-1.570796
29,16,-2.819842
29,22,3.141593
29,32,0.785398
29,33,1.570796
29,34,3.141593
29,38,0.785398
29,39,2.356194
29,48,0.785398
29,49,1.570796
29,50,2.356194
29,58,-1.249046
29,59,-2.356194
29,67,-0.785398
29,69,0.000000
29,70,1.892547
29,74,-1.570796
29,82,2.356194
29,88,2.356194
30,5,3.141593
30,19,0.321751
30,24,0.000000
30,38,-1.570796
30,40,0.000000
30,41,1.892547
30,62,0.000000
30,63,1.892547
30,67,0.000000
30,71,-2.356194
30,72,0.785398
30,80,0.000000
30,86,0.785398
30,88,-2.819842
31,2,0.321751
31,15,0.785398
31,24,-0.785398
31,33,0.000000
31,41,-1.249046
31,42,-2.356194
31,53,0.785398
31,54,1.892547
31,63,-1.249046
31,64,-2.356194
31,65,0.785398
31,68,0.000000
31,73,-1.249046
31,74,3.141593
32,2,-0.785398
32,21,-2.356194
32,24,2.356194
32,30,1.892547
32,48,2.356194
32,54,-1.249046
32,56,1.892547
32,75,0.000000
32,76,1.892547
32,88,2.819842
33,10,-1.249046
33,12,1.570796
33,13,2.356194
33,57,3.141593
33,67,-1.249046
33,68,-2.356194
33,84,-1.892547
33,88,-2.356194
34,2,0.785398
34,15,-1.249046
34,17,-1.892547
34,19,1.570796
34,33,-1.249046
34,35,1.892547
34,50,0.785398
34,51,1.892547
34,70,0.000000
34,71,1.892547
34,76,-0.785398
34,80,-1.249046
35,2,0.000000
35,6,0.785398
35,12,2.356194
35,20,3.141593
35,25,-1.249046
35,26,-2.356194
35,31,2.356194
35,35,-1.249046
35,36,-2.356194
35,38,0.785398
35,42,0.785398
35,48,-1.570796
35,51,-1.249046
35,52,-2.356194
35,53,0.785398
35,54,2.356194
35,57,0.321751
35,60,2.356194
35,62,0.785398
35,72,2.819842
35,83,1.570796
35,89,2.819842
36,2,-0.785398
36,9,1.249046
36,22,3.141593
36,39,-1.570796
36,54,-1.570796
36,63,-1.570796
36,70,0.785398
36,84,-2.356194
36,86,-0.785398
36,87,-1.892547
36,89,-2.356194
37,13,0.000000
37,14,1.570796
37,16,1.570796
37,17,2.356194
37,31,-1.249046
37,32,-2.356194
37,33,0.785398
37,55,0.000000
37,56,-0.785398
37,59,0.785398
37,65,0.785398
37,66,1.892547
38,18,0.000000
38,19,1.570796
38,20,2.356194
38,21,0.785398
38,22,1.570796
38,23,2.356194
38,42,0.000000
38,43,0.785398
38,52,0.785398
38,53,1.570796
38,59,-0.785398
38,68,1.570796
38,70,-1.892547
38,77,1.249046
38,78,2.356194
39,3,0.000000
39,4,1.570796
39,36,2.356194
39,46,2.356194
39,48,0.000000
39,56,2.356194
39,65,-0.785398
39,84,0.785398
40,13,-1.249046
40,14,-2.356194
40,53,-0.785398
40,55,-1.892547
40,62,-2.356194
40,69,2.819842
40,77,-2.356194
41,18,-1.249046
41,19,-2.356194
41,20,-0.785398
41,21,-1.570796
41,22,3.141593
41,36,-2.819842
41,39,0.000000
41,41,0.785398
41,46,-2.356194
41,51,0.000000
41,58,0.000000
41,59,3.141593
41,65,0.000000
41,69,-2.356194
41,81,0.000000
41,85,3.141593
41,90,2.356194
42,3,0.785398
42,4,2.356194
42,10,-1.570796
42,11,-2.356194
42,16,2.356194
42,49,3.141593
42,68,-0.785398
42,85,-2.356194
42,90,-2.819842
43,4,-1.570796
43,15,-0.785398
43,16,-2.356194
43,39,0.000000
43,41,0.000000
43,45,2.356194
43,54,3.141593
43,59,0.000000
43,61,3.141593
43,70,0.000000
43,76,0.000000
43,77,3.141593
44,5,0.000000
44,6,-0.785398
44,18,0.785398
44,19,1.892547
44,37,3.141593
44,44,-1.892547
44,49,0.000000
44,56,0.000000
44,57,3.141593
44,67,0.000000
44,68,3.141593
44,88,-1.892547
45,2,0.785398
45,10,0.785398
45,11,1.892547
45,24,0.785398
45,25,1.892547
45,39,0.000000
45,41,-0.785398
45,42,-1.892547
45,59,0.000000
45,61,3.141593
45,71,-0.785398
45,75,0.000000
45,76,0.785398
45,77,1.892547
46,2,0.000000
46,4,-1.570796
46,6,1.892547
46,13,2.356194
46,37,3.141593
46,51,0.000000
46,52,3.141593
46,69,0.000000
46,73,0.000000
46,74,0.000000
46,77,-1.249046
46,79,1.570796
46,84,-1.570796
46,87,2.819842
47,2,-0.785398
47,8,-2.356194
47,18,-0.785398
47,19,-1.570796
47,20,3.141593
47,30,-2.356194
47,33,0.000000
47,34,-0.785398
47,54,0.000000
47,55,3.141593
47,65,0.000000
47,70,0.000000
48,2,0.785398
48,5,1.570796
48,36,0.000000
48,37,1.570796
48,38,2.356194
48,41,3.141593
48,78,-0.785398
48,79,-1.570796
48,81,-2.356194
49,3,-2.356194
49,27,0.785398
49,28,1.892547
49,50,2.356194
49,66,2.356194
49,74,0.000000
49,75,-1.570796
49,76,-2.356194
49,82,1.570796
49,85,0.785398
50,5,-1.249046
50,6,-2.356194
50,7,-0.785398
50,8,-1.570796
50,10,-1.570796
50,11,-2.356194
50,25,-0.785398
50,31,0.000000
50,35,2.356194
50,42,3.141593
50,59,3.141593
50,65,-0.785398
50,72,1.249046
50,73,3.141593
50,82,-0.785398
50,83,-2.356194
51,19,0.785398
51,20,1.570796
51,21,2.356194
51,28,-1.570796
51,40,0.000000
51,48,-1.570796
51,50,-2.356194
51,55,0.000000
51,61,1.570796
51,66,1.570796
51,71,-0.785398
51,72,-1.892547
51,79,1.249046
51,80,2.356194
52,3,0.000000
52,23,0.785398
52,35,0.000000
52,41,0.000000
52,46,1.249046
52,47,3.141593
52,53,3.141593
52,66,-0.785398
52,67,-2.356194
52,75,0.000000
52,78,-0.785398
52,79,-1.892547
52,89,-2.356194
53,8,0.785398
53,9,1.892547
53,27,-1.249046
53,28,-2.356194
53,29,0.000000
53,44,0.000000
53,45,-0.785398
53,46,-1.892547
53,55,1.249046
53,56,2.356194
53,57,3.141593
53,63,1.249046
53,64,2.356194
53,89,0.785398
54,9,-1.249046
54,10,-2.356194
54,24,2.356194
54,31,-0.785398
54,32,-1.892547
54,37,0.000000
54,48,0.000000
54,49,0.000000
54,54,-0.785398
54,60,-0.785398
54,71,3.141593
54,78,1.249046
54,79,2.356194
54,82,0.785398
54,83,1.892547
54,89,0.000000
55,3,0.785398
55,19,-0.785398
55,20,-1.570796
55,21,-2.356194
55,51,2.356194
55,52,0.000000
55,57,1.570796
55,64,2.356194
55,66,0.000000
55,74,1.249046
55,75,2.356194
55,77,-0.785398
55,78,-1.892547
55,84,-2.356194
56,6,3.141593
56,24,-1.249046
56,25,-2.356194
56,26,3.141593
56,38,0.000000
56,39,0.000000
56,43,0.000000
56,44,0.785398
56,45,1.892547
56,49,-0.785398
56,72,0.785398
56,89,-0.785398
57,30,3.141593
57,36,3.141593
57,40,0.000000
57,41,3.141593
57,47,2.356194
57,51,2.356194
57,59,-1.570796
57,61,-1.892547
57,68,1.249046
57,69,2.356194
57,71,0.000000
57,77,1.249046
57,78,2.356194
57,80,0.785398
57,81,2.356194
58,12,0.785398
58,13,1.570796
58,14,2.356194
58,33,0.000000
58,38,0.000000
58,44,-0.785398
58,55,0.000000
58,56,-0.785398
58,57,-1.892547
58,66,0.000000
58,67,-0.785398
58,68,-1.892547
58,75,1.249046
58,77,-1.892547
58,89,2.819842
59,3,3.141593
59,16,0.785398
59,17,1.570796
59,19,1.570796
59,20,2.356194
59,23,0.785398
59,24,1.570796
59,25,2.356194
59,42,0.785398
59,49,-0.785398
59,50,-1.570796
59,52,-1.570796
59,53,3.141593
59,64,3.141593
59,82,-2.356194
60,2,-0.785398
60,38,2.356194
60,54,-2.356194
60,60,0.000000
60,89,-2.819842
61,2,0.785398
61,26,2.356194
61,27,3.141593
61,47,3.141593
61,65,0.000000
61,72,-1.249046
61,78,0.000000
61,79,1.892547
62,3,-2.356194
62,12,-0.785398
62,13,-1.570796
62,14,-2.356194
62,15,-0.785398
62,16,-1.570796
62,17,-2.356194
62,18,0.000000
62,23,1.249046
62,25,-1.892547
62,38,1.570796
62,40,1.249046
62,47,-2.356194
62,51,0.000000
62,52,3.141593
62,62,0.000000
62,63,3.141593
62,75,-2.356194
62,79,-1.249046
62,80,3.141593
63,22,-0.785398
63,23,-1.892547
63,30,3.141593
63,38,-0.785398
63,47,2.356194
63,54,0.000000
63,55,3.141593
63,60,3.141593
63,68,3.141593
63,81,0.000000
63,82,1.892547
63,89,2.819842
64,36,1.249046
64,37,3.141593
64,57,0.000000
64,63,1.249046
64,64,2.356194
64,71,1.249046
64,72,2.356194
64,74,-0.785398
64,75,-1.570796
64,77,1.892547
64,83,-2.356194
64,84,0.785398
65,17,3.141593
65,24,0.000000
65,34,1.249046
65,39,0.000000
65,40,-1.570796
65,41,-2.356194
65,42,3.141593
65,48,-2.356194
65,49,3.141593
65,61,0.000000
65,62,-0.785398
65,70,-0.785398
65,81,1.570796
65,85,-1.249046
65,89,-2.356194
66,3,-0.785398
66,45,0.000000
66,59,3.141593
66,65,2.356194
66,79,-2.356194
66,81,3.141593
67,20,2.356194
67,42,0.000000
67,43,3.141593
67,48,0.000000
67,50,3.141593
67,55,0.000000
67,63,-0.785398
67,64,-1.892547
67,69,1.249046
67,74,1.892547
67,77,1.570796
68,10,0.000000
68,27,1.249046
68,28,2.356194
68,29,0.785398
68,32,-2.356194
68,38,0.000000
68,68,-0.785398
68,74,-1.249046
68,75,-2.356194
68,82,-2.356194
69,3,2.356194
69,5,0.785398
69,35,0.000000
69,36,3.141593
69,41,0.000000
69,43,3.141593
69,84,1.570796
70,2,-0.785398
70,31,0.000000
70,33,3.141593
70,39,0.000000
70,53,1.249046
70,54,3.141593
70,60,1.249046
70,61,2.356194
70,69,1.570796
70,80,-2.356194
70,86,-0.785398
70,90,2.356194
71,2,0.785398
71,6,-0.785398
71,12,0.785398
71,21,1.249046
71,22,3.141593
71,26,-1.570796
71,43,0.000000
71,45,3.141593
71,52,-0.785398
71,53,-1.892547
71,58,0.000000
71,59,-0.785398
71,60,-1.892547
71,65,0.000000
71,68,-0.785398
71,73,0.000000
71,74,0.785398
71,75,1.570796
71,80,0.785398
71,82,1.249046
71,90,3.141593
72,2,0.000000
72,8,-1.570796
72,13,0.785398
72,14,2.356194
72,28,0.000000
72,34,1.570796
72,47,0.000000
72,48,0.785398
72,49,2.356194
72,55,0.000000
72,56,3.141593
72,84,-1.570796
72,88,-0.785398
72,90,-2.356194
73,2,-0.785398
73,44,0.000000
73,45,3.141593
73,51,2.356194
73,66,1.249046
73,67,2.356194
73,80,-1.892547
73,85,1.570796
73,90,2.356194
74,2,0.785398
74,8,-0.785398
74,9,-1.570796
74,10,-2.356194
74,12,-0.785398
74,17,-0.785398
74,18,-1.570796
74,27,0.785398
74,30,3.141593
74,42,3.141593
74,50,-2.356194
74,56,0.000000
74,58,3.141593
74,65,-0.785398
74,66,-1.892547
74,73,0.785398
74,83,3.141593
74,90,-2.819842
75,2,0.000000
75,23,2.356194
75,26,0.000000
75,33,-0.785398
75,34,-1.570796
75,35,3.141593
75,53,0.000000
75,54,3.141593
75,74,-1.249046
75,75,-2.356194
75,76,0.785398
76,2,-0.785398
76,44,3.141593
76,49,0.000000
76,51,3.141593
76,59,0.000000
76,66,0.785398
76,67,1.892547
77,2,0.785398
77,20,-2.819842
77,26,0.785398
77,40,0.000000
77,62,1.249046
77,63,2.356194
77,77,-1.570796
77,79,1.570796
77,84,3.141593
77,87,-1.249046
77,89,3.141593
78,3,-2.356194
78,18,-0.785398
78,19,-1.892547
78,27,-2.356194
78,33,0.785398
78,34,1.892547
78,44,0.000000
78,45,3.141593
78,54,1.249046
78,58,0.000000
78,67,-0.785398
78,79,0.000000
79,22,-1.570796
79,57,3.141593
79,62,-1.249046
79,63,-2.356194
79,75,0.000000
79,88,0.321751
79,90,2.819842
80,42,0.785398
80,43,1.892547
80,49,1.570796
80,54,-1.249046
80,66,-0.785398
80,90,-2.356194
81,34,0.000000
81,46,0.785398
81,47,1.570796
81,56,-1.249046
81,57,-2.356194
81,68,-1.249046
81,69,-2.356194
81,70,3.141593
81,77,0.000000
81,78,-0.785398
81,82,-2.819842
81,90,2.356194
82,4,1.249046
82,5,2.356194
82,27,2.356194
82,34,-1.570796
82,36,0.000000
82,37,1.892547
82,43,-0.785398
82,49,-1.249046
82,50,3.141593
82,61,3.141593
82,76,1.570796
82,85,-0.785398
82,88,-1.249046
82,90,3.141593
83,23,0.000000
83,25,-0.785398
83,26,-1.892547
83,32,0.785398
83,37,-1.249046
83,38,-2.356194
83,40,3.141593
83,43,0.785398
83,73,0.000000
83,80,-1.570796
83,82,0.000000
83,83,1.892547
83,85,2.356194
83,90,-1.570796
84,2,-0.785398
84,4,-2.356194
84,44,-2.356194
84,45,3.141593
84,47,0.785398
84,76,-1.249046
84,77,-2.356194
84,78,0.785398
84,79,2.356194
85,2,0.785398
85,26,0.785398
85,27,1.892547
85,48,3.141593
85,60,3.141593
85,67,0.000000
85,86,0.000000
85,87,1.892547
86,7,0.785398
86,8,1.570796
86,9,2.356194
86,27,-1.249046
86,28,-2.356194
86,29,3.141593
86,71,3.141593
86,79,-0.321751
86,84,2.356194
86,88,-2.356194
86,89,0.785398
86,90,2.356194
87,20,2.356194
87,23,0.785398
87,40,3.141593
87,43,0.000000
87,63,0.000000
87,74,0.785398
87,80,-1.249046
87,81,-2.356194
87,90,-1.570796
88,19,-0.785398
88,20,-2.356194
88,24,3.141593
88,35,2.356194
88,49,1.249046
88,50,2.356194
88,56,-2.356194
88,65,-2.356194
89,4,0.785398
89,15,3.141593
89,26,3.141593
89,30,2.356194
89,34,-0.785398
89,48,-0.785398
89,49,-1.892547
89,85,-1.570796
90,4,0.000000
90,8,-0.785398
90,9,-1.570796
90,10,-2.356194
90,29,-0.785398
90,38,0.000000
90,39,3.141593
90,41,0.785398
90,71,0.785398
90,79,0.000000
90,80,1.892547
90,87,0.785398
90,88,1.892547
90,91,2.356194
91,4,-0.785398
91,17,0.000000
91,21,2.819842
91,43,3.141593
91,80,-1.249046
91,81,-2.356194
91,88,-1.249046
91,89,-2.356194
91,90,-0.785398
92,21,-2.356194
92,28,0.785398
92,49,0.000000
92,59,3.141593
92,67,1.570796
92,83,1.570796
93,8,1.249046
93,9,2.356194
93,11,0.785398
93,12,1.570796
93,13,3.141593
93,24,1.249046
93,26,1.570796
93,27,3.141593
93,29,-2.356194
93,32,0.000000
93,35,0.785398
93,36,1.570796
93,37,2.356194
93,39,3.141593
93,51,-2.356194
93,53,0.785398
93,67,-1.570796
93,70,0.785398
93,76,0.785398
93,77,1.892547
93,83,0.000000
93,85,0.785398
94,4,0.785398
94,21,-1.570796
94,22,-2.356194
94,23,-0.785398
94,24,-1.892547
94,57,3.141593
94,77,-1.249046
94,78,-2.356194
95,5,-2.356194
95,17,-0.785398
95,26,0.785398
95,46,2.356194
95,81,0.000000
95,88,2.356194
96,7,-1.249046
96,8,-2.356194
96,12,-0.785398
96,13,-1.570796
96,14,-2.356194
96,29,0.785398
96,30,1.892547
96,35,-0.785398
96,36,-1.570796
96,37,-2.356194
96,50,-2.356194
96,74,0.785398
96,75,2.356194
96,84,0.000000
96,89,0.000000
97,25,-0.785398
97,26,-1.892547
97,30,-1.249046
97,31,-2.356194
97,44,-0.785398
97,67,0.000000
97,69,3.141593
97,74,-1.570796
97,77,1.570796
98,17,0.000000
98,18,-0.785398
98,19,-1.892547
98,47,0.000000
98,48,3.141593
98,72,0.000000
98,78,-2.356194
98,79,3.141593
98,88,-2.356194
98,89,-0.785398
