10,49,0.785398
10,50,1.892547
11,38,0.785398
11,39,2.356194
12,35,1.249046
12,36,3.141593
12,39,-1.570796
12,50,-0.785398
14,66,2.356194
15,27,1.249046
15,28,2.356194
15,32,-0.785398
16,63,0.321751
17,63,-1.570796
18,17,3.141593
18,26,-1.570796
19,16,-1.570796
20,50,2.356194
21,48,0.000000
21,50,-2.819842
21,62,2.356194
21,82,2.356194
22,60,1.249046
23,51,1.249046
23,52,2.356194
23,53,0.785398
23,54,1.570796
23,56,-1.570796
23,64,1.570796
24,16,3.141593
24,48,0.321751
25,13,0.321751
25,44,0.785398
25,45,1.892547
25,53,-0.785398
26,13,-1.570796
26,58,0.000000
26,60,-1.892547
26,63,0.785398
26,67,2.819842
27,34,0.785398
27,52,1.570796
27,58,-1.570796
28,37,1.570796
28,38,2.356194
28,47,3.141593
28,52,-0.321751
28,53,2.819842
28,68,3.141593
29,13,3.141593
29,47,-2.356194
29,56,1.570796
29,66,-1.892547
29,69,0.000000
29,74,0.321751
29,84,2.356194
30,35,-1.249046
30,37,3.141593
30,42,0.785398
30,56,3.141593
30,70,-1.570796
31,23,0.785398
31,24,2.356194
31,37,-2.356194
31,51,1.249046
31,52,3.141593
31,56,-2.356194
31,61,1.570796
31,64,-1.570796
31,74,3.141593
31,82,0.321751
32,23,-0.785398
32,31,-0.321751
32,33,-2.819842
32,54,0.785398
32,56,2.356194
32,61,3.141593
32,69,2.356194
32,70,-0.785398
32,74,-1.570796
33,7,0.321751
33,44,2.819842
33,54,0.000000
33,72,-1.570796
33,80,1.249046
33,82,3.141593
34,7,-0.785398
34,27,1.570796
34,37,0.785398
34,56,-1.249046
34,62,2.819842
34,68,3.141593
34,73,1.570796
34,78,1.249046
35,18,0.785398
35,27,-0.321751
35,29,2.356194
35,30,0.785398
35,52,0.785398
35,54,-2.819842
35,73,-0.785398
35,75,-1.570796
36,18,0.000000
36,35,0.785398
36,57,0.321751
36,62,-1.570796
36,68,0.000000
36,80,-1.892547
37,27,0.321751
37,29,2.819842
37,53,0.785398
37,68,-0.785398
38,20,-2.819842
38,32,-0.785398
38,37,-0.785398
38,44,-0.785398
38,53,-0.321751
38,54,2.819842
38,57,-0.321751
38,61,3.141593
38,68,2.356194
38,78,3.141593
38,87,2.356194
39,32,2.356194
39,39,-2.356194
39,54,-2.356194
39,62,1.570796
39,74,1.249046
39,81,0.785398
39,82,1.570796
39,83,2.356194
39,84,0.785398
39,85,1.570796
39,87,3.141593
40,21,0.785398
40,22,1.570796
40,39,2.356194
40,58,-0.785398
40,62,-0.321751
41,14,1.249046
41,27,-1.892547
41,35,1.249046
41,37,1.570796
41,39,-2.356194
41,47,0.785398
41,76,-2.819842
42,29,-0.321751
42,40,0.000000
42,47,-0.321751
42,48,2.819842
42,55,1.570796
42,69,-0.785398
42,73,-1.249046
42,78,1.249046
42,79,2.356194
42,81,-0.785398
42,82,-1.570796
42,83,-2.356194
42,84,-0.785398
43,7,0.785398
43,24,-2.356194
43,32,-1.892547
43,41,-1.570796
43,48,-2.356194
43,55,-0.321751
43,57,2.356194
43,58,-0.785398
43,75,-1.570796
44,7,0.000000
44,17,3.141593
44,30,-1.570796
44,34,-0.321751
44,39,2.819842
44,42,0.785398
44,64,-1.249046
44,65,3.141593
44,86,-2.819842
45,7,-0.785398
45,12,-1.249046
45,21,1.249046
45,26,2.356194
45,27,0.785398
45,46,2.819842
45,56,0.785398
45,60,-0.785398
45,77,-2.356194
45,82,1.249046
45,83,2.356194
46,14,-2.356194
46,35,0.000000
46,39,-0.321751
46,40,2.819842
46,42,-0.321751
46,43,2.819842
46,52,0.785398
46,56,-0.321751
46,57,2.819842
46,85,-2.356194
47,25,-2.356194
47,32,2.356194
47,33,0.785398
47,34,2.356194
47,36,0.000000
47,40,-1.570796
47,46,-0.321751
47,47,2.819842
47,50,1.570796
47,53,2.819842
47,67,1.570796
48,7,0.785398
48,10,1.249046
48,11,2.356194
48,28,0.000000
48,34,-2.356194
48,37,-1.570796
48,41,-2.356194
48,43,-0.321751
48,44,2.819842
48,47,-2.356194
48,50,0.000000
48,53,-1.570796
48,57,3.141593
48,61,0.785398
48,63,0.785398
48,67,-0.321751
48,68,2.819842
48,71,0.785398
48,89,0.000000
49,7,-0.785398
49,8,-2.356194
49,13,2.356194
49,14,-0.785398
49,26,1.570796
49,44,-2.356194
49,47,-1.570796
49,50,-0.785398
49,54,0.785398
49,55,3.141593
49,57,-1.570796
49,61,0.000000
49,64,-2.356194
49,71,-0.785398
49,73,1.570796
49,74,2.356194
49,77,-0.785398
49,83,1.249046
49,85,-1.570796
49,86,-2.356194
50,12,-1.892547
50,18,1.249046
50,19,2.356194
50,20,-0.785398
50,26,-0.785398
50,31,-0.321751
50,54,-0.785398
50,68,-0.321751
50,70,3.141593
50,79,-1.570796
50,81,1.249046
51,10,-0.785398
51,24,-2.356194
51,36,2.819842
51,43,0.321751
51,47,0.785398
51,55,1.570796
51,64,-1.570796
51,65,3.141593
51,91,2.356194
52,18,-1.570796
52,28,1.249046
52,32,-2.819842
52,36,-2.356194
52,39,-1.570796
52,43,-0.785398
52,48,-1.570796
52,51,0.785398
52,55,-0.321751
52,60,3.141593
52,66,1.570796
52,90,0.321751
52,91,-2.819842
53,5,0.321751
53,7,3.141593
53,26,1.249046
53,36,0.785398
53,46,-2.356194
53,49,1.570796
53,52,2.819842
53,66,-0.321751
53,67,2.819842
53,70,1.570796
53,75,0.000000
53,76,1.570796
53,84,-1.570796
53,85,-2.356194
53,86,0.785398
53,87,1.892547
54,5,-1.570796
54,15,-2.356194
54,18,0.321751
54,23,1.249046
54,24,2.356194
54,25,-0.785398
54,36,-0.321751
54,37,2.819842
54,49,-0.321751
54,63,0.785398
54,71,3.141593
54,91,2.819842
55,22,-0.785398
55,34,-2.356194
55,40,0.785398
55,50,-2.356194
55,52,-0.321751
55,53,2.819842
55,59,0.785398
55,63,-0.321751
55,67,3.141593
55,72,1.570796
55,76,0.000000
55,82,2.819842
56,11,0.785398
56,12,1.892547
56,24,1.570796
56,29,3.141593
56,37,-0.321751
56,38,2.819842
56,53,-2.356194
56,57,1.570796
56,59,-0.785398
56,60,3.141593
56,67,-1.570796
56,72,-0.321751
56,73,2.819842
56,79,0.000000
56,80,-1.892547
56,82,-1.570796
56,91,-2.819842
57,4,0.785398
57,15,-0.785398
57,21,1.570796
57,26,-1.892547
57,29,-2.356194
57,38,-2.356194
57,44,0.785398
57,57,-0.321751
57,64,-0.785398
57,68,1.570796
57,78,3.141593
58,4,-0.785398
58,5,3.141593
58,12,-0.785398
58,21,0.000000
58,23,-0.785398
58,24,-1.892547
58,44,-0.321751
58,45,2.819842
58,48,1.570796
58,53,0.785398
58,58,-2.356194
58,68,0.000000
58,70,0.785398
58,73,-0.321751
59,6,0.000000
59,16,0.321751
59,45,-2.356194
59,48,0.000000
59,54,2.819842
59,68,-0.785398
59,71,-2.356194
59,77,-1.249046
59,78,3.141593
59,90,2.356194
60,7,-1.570796
60,10,0.785398
60,13,2.819842
60,28,-0.785398
60,36,1.570796
60,48,-0.785398
60,54,-1.570796
60,84,0.321751
60,88,-2.356194
60,90,3.141593
61,24,1.249046
61,25,3.141593
61,31,3.141593
61,42,0.785398
61,52,-2.356194
61,69,0.785398
61,72,0.000000
61,90,-2.356194
62,8,3.141593
62,20,0.785398
62,21,2.356194
62,22,0.785398
62,32,0.000000
62,42,-0.321751
62,69,-0.321751
62,70,2.819842
62,76,2.819842
62,80,1.570796
62,86,-2.356194
62,90,2.356194
63,8,-1.570796
63,16,-1.570796
63,20,-1.570796
63,29,2.356194
63,33,-2.356194
63,36,-1.570796
63,49,2.819842
63,55,0.785398
63,70,-2.356194
63,81,-2.356194
63,82,0.785398
63,88,0.785398
63,90,-2.819842
64,4,0.000000
64,9,1.570796
64,13,-2.819842
64,18,2.356194
64,24,0.785398
64,25,2.356194
64,29,3.141593
64,33,-1.570796
64,43,-0.785398
64,49,-2.356194
64,52,0.785398
64,56,2.819842
64,76,-0.321751
64,77,2.819842
65,9,-0.785398
65,10,-2.356194
65,24,-1.570796
65,29,-2.356194
65,36,0.785398
65,46,0.785398
65,52,0.000000
65,56,-1.570796
65,77,-2.356194
66,4,0.321751
66,7,-1.570796
66,8,-2.356194
66,12,-1.570796
66,29,2.356194
66,34,1.570796
66,48,-0.785398
66,60,1.570796
66,82,0.321751
66,84,3.141593
67,4,-0.785398
67,21,1.570796
67,29,3.141593
67,44,0.785398
67,52,3.141593
67,55,1.570796
67,60,-0.321751
67,61,2.819842
67,82,-0.785398
67,87,-0.785398
67,88,-1.570796
67,89,3.141593
68,12,0.000000
68,13,-1.892547
68,18,1.249046
68,19,2.356194
68,20,-0.785398
68,21,-2.356194
68,29,-2.356194
68,44,-0.785398
68,57,0.785398
68,61,-2.356194
68,90,0.000000
69,4,0.785398
69,15,0.000000
69,17,-0.785398
69,18,-1.892547
69,23,2.356194
69,34,-1.570796
69,50,0.000000
69,52,3.141593
69,57,-0.321751
69,58,2.819842
69,61,0.785398
69,80,0.785398
69,81,2.356194
69,91,-2.356194
70,4,0.000000
70,6,1.892547
70,9,1.570796
70,21,0.000000
70,22,-1.892547
70,28,0.000000
70,30,2.819842
70,50,-0.785398
70,52,-1.570796
70,55,0.785398
70,61,-0.321751
70,62,2.819842
70,91,2.356194
71,9,3.141593
71,19,1.249046
71,20,3.141593
71,30,-2.356194
71,34,1.570796
71,55,0.000000
71,57,-0.785398
71,58,-2.356194
71,62,-2.356194
71,75,2.356194
71,80,0.321751
71,82,-2.356194
71,90,-0.785398
72,4,-0.321751
72,9,-1.570796
72,18,0.000000
72,23,0.785398
72,24,1.570796
72,25,3.141593
72,55,-0.785398
72,72,1.570796
72,74,0.000000
72,75,-2.356194
72,80,-0.785398
73,11,3.141593
73,21,2.356194
73,34,2.356194
73,72,0.000000
73,80,0.785398
74,4,0.321751
74,19,0.321751
74,25,0.785398
74,26,2.356194
74,28,0.785398
74,34,-2.819842
74,72,-0.785398
74,80,-0.321751
74,82,2.356194
75,14,0.785398
75,16,-2.819842
75,19,-0.785398
75,25,-1.570796
75,37,-1.570796
75,42,1.570796
75,59,0.785398
75,62,2.356194
75,85,2.356194
76,10,0.785398
76,11,2.356194
76,21,2.356194
76,31,-1.892547
76,33,-2.356194
76,40,-2.356194
76,44,0.785398
76,47,2.356194
76,56,-1.570796
76,59,0.000000
76,61,-0.785398
76,62,-2.356194
76,77,0.785398
76,84,-1.892547
76,91,-2.356194
77,3,0.321751
77,16,1.570796
77,19,0.000000
77,20,-1.892547
77,42,-1.570796
77,45,-2.356194
77,47,3.141593
77,59,-0.785398
78,3,-0.785398
78,10,-2.819842
78,26,1.249046
78,28,-1.892547
78,33,2.356194
78,47,-2.356194
78,82,-2.819842
79,15,-0.785398
79,16,-1.892547
79,25,-0.785398
79,26,-1.892547
79,31,1.249046
79,56,1.570796
79,75,1.249046
79,85,0.000000
79,90,3.141593
80,13,1.570796
80,29,1.249046
80,38,0.785398
80,42,1.570796
80,44,1.570796
80,81,-1.570796
81,12,-0.785398
81,28,-0.785398
81,44,-1.570796
81,82,-2.356194
82,10,-2.356194
82,30,0.000000
82,31,-0.785398
82,32,-1.892547
82,39,-2.819842
82,60,0.785398
82,63,2.356194
82,71,0.785398
82,72,2.356194
82,76,1.570796
82,77,2.356194
82,78,-0.785398
82,79,-1.570796
82,80,3.141593
82,85,0.000000
83,3,0.321751
83,8,0.000000
83,9,0.000000
83,22,1.249046
83,23,3.141593
83,42,2.356194
83,47,2.356194
83,60,0.000000
83,62,-0.785398
83,63,-2.356194
83,71,-1.570796
83,81,-2.356194
83,91,3.141593
84,3,-0.785398
84,6,-2.819842
84,10,0.785398
84,11,2.356194
84,12,0.785398
84,13,1.570796
84,14,3.141593
84,21,-0.785398
84,22,-1.892547
84,27,1.249046
84,28,3.141593
84,33,1.249046
84,34,2.356194
84,36,3.141593
84,40,0.785398
84,47,-2.819842
84,53,2.356194
84,60,-0.785398
84,64,1.570796
85,10,-1.570796
85,24,1.249046
85,25,2.356194
85,26,-0.785398
85,27,-1.892547
85,36,-2.356194
85,43,-2.356194
85,50,0.785398
85,53,-2.819842
85,66,-1.570796
85,67,-2.356194
85,68,0.785398
85,71,2.819842
85,76,-2.356194
85,88,0.785398
85,89,1.892547
86,3,0.321751
86,29,1.249046
86,30,2.356194
86,33,-2.356194
86,36,-1.570796
86,41,-0.785398
86,57,2.356194
86,60,0.785398
86,89,-1.249046
86,90,-2.356194
86,91,3.141593
87,3,-0.785398
87,12,1.570796
87,21,1.249046
87,23,-1.892547
87,28,-0.785398
87,29,-1.892547
87,41,2.356194
87,54,2.356194
87,57,3.141593
87,60,0.000000
87,62,-0.785398
87,63,-1.892547
87,71,-1.570796
87,72,-2.356194
87,73,0.785398
87,74,1.892547
88,4,0.785398
88,5,2.356194
88,6,0.000000
88,11,0.000000
88,12,-2.356194
88,14,1.249046
88,15,3.141593
88,20,0.000000
88,21,-1.892547
88,26,-0.785398
88,39,1.249046
88,45,0.321751
88,50,-1.249046
88,74,-1.249046
88,75,-2.356194
88,81,0.785398
88,82,1.570796
88,83,2.356194
89,7,0.785398
89,8,2.356194
89,9,0.785398
89,10,2.356194
89,13,-0.785398
89,14,-1.892547
89,18,1.249046
89,19,3.141593
89,30,0.000000
89,36,1.249046
89,37,2.356194
89,38,-0.785398
89,39,-1.892547
89,45,-1.570796
89,58,-2.356194
89,59,-0.785398
89,60,-2.356194
90,3,0.000000
90,10,-2.356194
90,16,1.249046
90,18,-1.892547
90,28,1.570796
90,34,1.249046
90,36,-1.892547
90,44,-0.785398
90,54,-2.356194
90,55,-0.785398
90,56,-1.892547
90,67,3.141593
90,83,-2.356194
90,91,-2.356194
91,2,-0.785398
91,7,-2.819842
91,15,0.000000
91,16,-1.892547
91,22,3.141593
91,28,-1.570796
91,33,-0.785398
91,34,-1.892547
91,42,3.141593
91,72,0.000000
91,73,3.141593
91,76,0.785398
91,85,0.000000
91,86,3.141593
92,19,1.249046
92,20,3.141593
92,31,-0.785398
92,36,1.249046
92,37,2.356194
92,88,0.000000
92,90,3.141593
93,4,0.000000
93,5,-1.892547
93,13,1.570796
93,18,0.321751
93,35,0.000000
93,36,-1.892547
94,8,1.570796
94,12,0.000000
94,18,-1.570796
94,43,3.141593
94,55,0.000000
94,57,3.141593
94,61,0.000000
94,69,3.141593
94,72,0.000000
94,85,0.785398
94,86,1.892547
95,3,-1.570796
95,8,-2.356194
95,15,0.000000
95,22,2.356194
95,30,0.000000
95,41,-0.785398
95,49,3.141593
95,86,-1.249046
95,87,-2.356194
95,88,3.141593
96,10,3.141593
96,38,2.356194
96,46,0.000000
96,90,0.000000
96,91,3.141593
97,4,0.000000
97,5,-0.785398
97,6,-2.356194
97,28,-0.785398
97,34,0.785398
97,36,1.249046
97,37,3.141593
97,57,0.000000
97,63,3.141593
97,66,0.000000
97,68,3.141593
98,7,-0.785398
98,8,-1.892547
98,17,0.000000
98,23,-0.785398
98,35,-0.785398
98,36,-1.892547
98,42,0.000000
98,43,3.141593
98,53,0.000000
98,54,3.141593
98,72,0.000000
98,73,3.141593
98,87,3.141593
