7,5,1.249046
7,6,3.141593
8,49,0.785398
8,50,1.570796
8,51,2.356194
8,53,0.785398
8,54,1.892547
9,3,0.321751
9,36,1.249046
9,37,3.141593
9,63,0.785398
9,64,1.892547
10,3,-0.785398
10,28,1.249046
10,29,2.356194
10,35,-0.785398
10,54,-0.785398
11,17,1.570796
11,74,2.356194
12,17,0.000000
12,26,-0.785398
12,38,0.785398
12,39,2.356194
12,77,1.570796
13,17,-1.570796
13,28,0.785398
13,38,-0.785398
14,49,0.321751
14,51,2.819842
15,28,0.000000
15,51,-2.356194
15,59,0.321751
16,37,0.321751
16,39,2.819842
16,59,-0.785398
17,28,0.000000
17,39,-2.356194
17,43,0.785398
17,48,0.321751
18,28,-0.785398
18,36,0.321751
18,43,0.000000
18,54,3.141593
19,17,3.141593
19,36,-0.785398
19,38,-1.249046
19,39,-2.356194
19,43,-1.570796
19,47,-0.785398
19,52,-1.570796
19,55,1.570796
19,65,0.321751
19,71,0.321751
20,32,1.570796
20,36,2.356194
20,41,0.000000
20,58,2.356194
20,65,-0.785398
20,71,-1.570796
21,13,0.000000
21,14,-1.892547
21,32,0.000000
21,49,-1.570796
21,51,-1.249046
21,52,-2.356194
21,53,0.785398
22,11,1.249046
22,12,3.141593
22,32,-0.785398
22,45,0.785398
22,46,1.570796
22,54,-1.249046
22,60,1.570796
22,61,2.356194
22,63,0.785398
22,67,0.785398
22,68,1.892547
23,9,0.000000
23,21,1.570796
23,39,2.356194
23,56,-1.249046
23,64,-1.249046
23,71,2.819842
24,21,0.000000
24,23,1.570796
24,24,2.356194
24,31,-0.785398
24,32,-1.570796
24,33,3.141593
24,44,0.785398
24,51,2.356194
24,71,-2.356194
25,10,2.356194
25,36,0.785398
25,52,0.000000
25,53,1.892547
25,57,0.000000
25,60,3.141593
26,9,0.321751
26,21,-0.321751
26,39,-2.356194
26,40,0.785398
26,48,-1.570796
26,55,2.356194
26,62,0.785398
26,63,1.892547
26,70,-1.249046
26,71,3.141593
27,9,-1.570796
27,31,0.000000
27,32,1.570796
27,33,2.356194
27,50,-1.249046
27,63,-1.249046
27,64,-2.356194
27,67,2.356194
28,37,3.141593
28,41,-1.570796
28,46,3.141593
28,54,-1.249046
28,55,-2.356194
28,71,0.321751
29,23,-0.785398
29,37,-1.570796
29,52,2.356194
29,59,0.785398
29,60,1.892547
29,67,-1.249046
29,69,1.892547
30,32,3.141593
30,38,0.785398
30,40,-1.570796
30,41,3.141593
30,48,2.356194
30,60,-1.249046
30,61,-2.356194
30,77,0.785398
31,8,0.785398
31,16,0.785398
31,17,1.570796
31,19,1.570796
31,20,2.356194
31,22,-0.785398
31,23,-1.570796
31,24,-2.356194
31,25,0.785398
31,38,-0.785398
31,44,0.785398
31,52,-1.249046
31,53,3.141593
31,69,-1.570796
31,72,-1.249046
32,8,-0.785398
32,9,3.141593
32,28,-1.570796
32,67,0.785398
33,19,-2.356194
33,26,-0.785398
33,30,-1.249046
33,31,3.141593
33,38,2.356194
33,45,-1.570796
33,48,2.819842
33,84,-0.785398
33,85,-1.570796
33,86,3.141593
34,20,0.000000
34,21,1.892547
34,26,2.356194
34,35,-0.785398
34,44,1.570796
34,48,-2.356194
35,21,-1.249046
35,22,-2.356194
35,26,3.141593
35,39,-2.356194
35,40,0.785398
35,41,1.570796
35,48,0.785398
35,53,1.249046
35,54,2.356194
35,69,-0.785398
35,72,0.000000
35,73,1.892547
36,37,-1.570796
36,45,2.819842
36,51,0.785398
36,64,1.249046
36,65,2.356194
36,66,0.785398
36,67,1.892547
36,76,-1.892547
36,78,-2.356194
37,14,0.000000
37,15,1.570796
37,16,2.356194
37,26,0.000000
37,29,0.785398
37,30,1.570796
37,31,2.356194
37,35,0.785398
37,36,2.356194
37,41,-0.321751
37,59,2.356194
37,60,-0.785398
37,61,-1.570796
37,62,-2.356194
37,69,-1.570796
37,70,-2.356194
37,71,0.785398
38,26,-1.570796
38,36,-2.356194
38,45,-1.570796
38,54,2.356194
38,57,0.321751
38,67,-1.892547
38,76,2.356194
39,7,0.785398
39,15,2.356194
39,24,0.785398
39,25,2.356194
39,30,-0.321751
39,36,0.785398
39,40,0.785398
39,49,2.356194
39,57,-0.785398
39,87,2.356194
40,7,0.000000
40,25,-1.570796
40,36,0.000000
40,50,0.000000
40,51,-0.785398
40,57,-1.570796
40,69,0.000000
40,79,0.785398
40,80,1.570796
40,81,2.356194
40,82,0.785398
40,83,1.570796
40,85,1.570796
40,87,-2.356194
41,7,-0.785398
41,15,-1.249046
41,16,-2.356194
41,26,0.785398
41,27,2.356194
41,29,0.785398
41,40,0.000000
41,53,0.000000
41,54,3.141593
41,67,3.141593
42,50,0.000000
42,52,0.000000
42,64,2.356194
42,73,1.249046
42,74,2.356194
42,85,-2.819842
43,23,0.785398
43,24,1.570796
43,39,0.000000
43,40,0.000000
43,49,-0.785398
43,53,2.356194
43,72,0.321751
43,80,-2.356194
43,81,0.785398
44,6,0.321751
44,8,-2.356194
44,12,0.785398
44,13,1.570796
44,14,2.356194
44,26,-1.249046
44,27,-2.356194
44,28,0.785398
44,46,1.249046
44,47,2.356194
44,53,-2.819842
44,70,1.892547
44,84,-2.356194
45,6,-0.785398
45,22,0.785398
45,49,2.356194
45,50,0.785398
45,61,1.570796
45,63,2.356194
45,72,-1.570796
45,74,-1.570796
45,78,-1.570796
46,23,-1.249046
46,24,-2.356194
46,25,0.785398
46,56,-1.570796
46,76,-1.570796
46,83,-1.570796
46,88,2.356194
47,13,2.356194
47,26,-1.570796
47,43,0.000000
47,44,-0.785398
47,49,0.000000
47,59,0.785398
47,65,1.570796
47,86,0.785398
48,6,0.785398
48,10,1.249046
48,46,0.000000
48,48,0.000000
48,58,1.570796
48,75,1.249046
48,81,2.356194
48,89,2.819842
49,6,0.000000
49,15,2.356194
49,17,0.785398
49,18,1.570796
49,20,1.570796
49,21,2.356194
49,45,0.000000
49,49,-2.356194
49,65,0.000000
49,71,0.000000
49,72,1.570796
49,73,2.356194
49,74,-0.785398
49,79,-2.356194
49,80,-0.785398
49,81,-2.356194
49,86,0.000000
49,87,-1.892547
49,89,-2.356194
50,6,-0.785398
50,10,-1.249046
50,12,-1.892547
50,36,0.000000
50,41,-1.249046
50,42,-2.356194
50,43,0.000000
50,46,0.000000
50,51,0.785398
50,53,1.249046
50,54,2.356194
50,56,0.000000
50,60,3.141593
50,83,0.785398
50,84,1.570796
50,85,3.141593
51,17,0.321751
51,20,-2.356194
51,35,-2.356194
51,44,0.000000
51,45,0.000000
51,48,0.000000
51,49,3.141593
51,74,2.356194
51,89,2.356194
52,14,2.356194
52,17,-0.785398
52,21,0.785398
52,22,2.356194
52,29,-2.356194
52,33,-1.892547
52,37,0.000000
52,38,-1.570796
52,39,3.141593
52,43,0.785398
52,47,0.000000
52,54,0.000000
52,63,1.249046
52,88,-0.785398
52,89,-2.356194
53,11,2.356194
53,25,0.000000
53,30,0.000000
53,35,1.249046
53,36,3.141593
53,41,2.356194
53,42,0.000000
53,52,-0.785398
53,53,-2.356194
53,61,2.356194
53,68,-0.785398
53,79,1.570796
53,80,2.356194
54,14,-1.249046
54,15,-2.356194
54,16,-0.785398
54,17,-1.570796
54,18,-2.356194
54,19,0.785398
54,29,0.000000
54,34,-0.785398
54,38,1.249046
54,40,-1.892547
54,47,0.000000
54,50,1.249046
54,51,3.141593
54,65,-0.785398
54,66,-1.892547
54,72,1.249046
54,74,-1.892547
55,9,0.321751
55,11,2.819842
55,22,-2.356194
55,23,3.141593
55,26,-1.570796
55,31,2.356194
55,36,0.000000
55,37,-0.785398
55,38,-1.892547
55,42,0.000000
55,43,-1.570796
55,45,2.356194
55,49,-0.785398
55,63,-1.892547
55,72,-1.892547
55,77,0.000000
55,90,2.356194
56,28,1.249046
56,30,-1.892547
56,35,3.141593
56,40,0.000000
56,45,-2.356194
56,52,2.356194
56,54,0.785398
56,55,1.570796
56,56,2.356194
56,57,-0.785398
56,58,-1.570796
56,59,-2.356194
56,60,-0.785398
56,68,-0.785398
56,69,-1.892547
56,89,-0.785398
57,12,-2.356194
57,14,0.785398
57,15,1.570796
57,16,2.356194
57,19,-0.785398
57,21,2.819842
57,38,3.141593
57,49,1.249046
57,51,-1.892547
57,63,2.356194
57,65,0.785398
57,66,2.356194
57,71,1.249046
57,72,2.356194
57,74,0.785398
57,75,1.570796
57,77,-1.570796
57,78,-2.356194
58,6,1.249046
58,24,1.249046
58,32,0.785398
58,35,-2.356194
58,48,0.321751
58,53,1.249046
58,60,1.249046
58,62,-1.892547
58,70,-0.785398
58,71,-1.892547
59,40,3.141593
59,44,1.249046
59,46,1.892547
59,51,2.356194
59,52,-0.785398
59,57,0.000000
59,58,1.570796
59,60,-1.892547
59,66,-0.785398
59,67,-2.356194
59,74,0.000000
59,75,-1.570796
59,76,3.141593
59,84,0.785398
59,85,1.892547
60,4,0.321751
60,14,-0.785398
60,17,2.356194
60,20,-0.785398
60,31,1.249046
60,48,-1.570796
60,50,-1.892547
60,64,1.249046
60,65,3.141593
60,70,1.249046
60,71,2.356194
60,85,-1.249046
60,86,3.141593
61,4,-0.785398
61,28,2.356194
61,30,0.000000
61,31,-1.892547
61,35,0.000000
61,36,0.785398
61,37,1.892547
61,61,0.785398
61,62,1.570796
61,69,-0.785398
61,70,-1.892547
62,22,-0.785398
62,23,-1.892547
62,33,2.356194
62,45,-1.892547
62,49,1.249046
62,50,2.356194
62,51,0.785398
62,66,2.356194
62,72,1.249046
62,74,1.892547
62,82,0.785398
63,10,-1.570796
63,11,-2.356194
63,14,0.785398
63,17,-2.356194
63,31,1.249046
63,32,3.141593
63,36,0.321751
63,54,-2.356194
63,55,-0.785398
63,61,0.000000
63,69,1.249046
63,70,2.356194
63,71,-0.785398
63,72,-1.892547
63,74,-1.249046
63,75,-2.356194
63,83,-1.570796
64,52,-1.892547
64,67,2.356194
64,68,-0.785398
64,69,-1.892547
64,84,0.000000
64,85,1.892547
64,91,-2.356194
65,34,0.785398
65,37,-2.356194
65,50,-1.892547
65,56,-0.785398
65,57,-1.892547
65,65,-0.785398
65,66,-1.892547
65,87,1.892547
66,4,0.785398
66,9,1.249046
66,10,2.356194
66,14,-0.785398
66,15,-1.570796
66,16,-2.356194
66,18,0.785398
66,26,-2.356194
66,40,-0.785398
66,52,1.249046
66,53,2.356194
66,54,0.000000
66,61,1.249046
66,62,2.356194
66,69,1.249046
66,70,2.356194
66,82,0.785398
66,83,1.892547
66,88,-2.356194
67,4,-0.321751
67,7,1.570796
67,19,-1.570796
67,22,0.000000
67,29,0.321751
67,37,2.356194
67,56,2.356194
67,68,-0.785398
67,69,-1.892547
67,75,0.785398
67,76,1.892547
67,83,-1.249046
67,91,3.141593
68,20,-0.785398
68,24,-1.892547
68,35,-0.785398
68,41,-0.785398
68,42,-1.892547
68,46,0.000000
68,55,-1.892547
68,63,1.570796
68,64,2.356194
68,76,-1.249046
68,77,-2.356194
69,18,3.141593
69,21,0.000000
69,28,0.785398
69,32,2.356194
69,33,0.000000
69,37,0.000000
69,44,-0.321751
69,61,-0.785398
69,87,-1.249046
69,88,3.141593
70,7,-2.356194
70,8,-0.785398
70,9,-1.892547
70,20,-0.785398
70,24,0.785398
70,34,0.785398
70,35,2.356194
70,65,2.356194
70,82,0.000000
70,83,1.892547
70,89,0.000000
71,5,-0.785398
71,18,2.356194
71,38,0.000000
71,39,3.141593
71,51,-0.785398
71,56,0.000000
71,57,0.785398
71,58,1.892547
71,83,-1.249046
71,85,1.892547
71,90,-2.356194
72,5,0.785398
72,14,1.249046
72,16,1.570796
72,17,3.141593
72,29,-2.356194
72,33,-0.785398
72,35,2.819842
72,42,0.785398
72,53,2.356194
72,67,1.249046
72,69,1.892547
72,77,0.000000
72,78,1.570796
72,79,2.356194
72,85,-1.249046
72,87,1.892547
72,90,2.356194
73,5,0.000000
73,20,0.321751
73,40,0.000000
73,57,-0.785398
73,58,-1.892547
73,65,2.356194
73,66,-0.785398
73,67,-1.892547
73,80,0.000000
73,81,1.892547
74,5,-0.785398
74,14,-1.570796
74,28,0.000000
74,37,0.000000
74,41,0.785398
74,54,2.356194
74,60,1.570796
74,81,-1.249046
74,82,-2.356194
74,85,0.785398
75,17,-1.570796
75,18,-2.356194
75,19,-0.785398
75,20,-1.570796
75,26,-1.570796
75,27,-2.356194
75,33,1.249046
75,41,-0.785398
75,44,0.785398
75,45,2.356194
75,46,0.000000
75,53,-1.892547
75,59,-0.785398
75,66,2.356194
75,86,-1.249046
75,91,2.356194
76,12,1.249046
76,13,2.356194
76,14,-0.785398
76,15,-1.892547
76,22,-1.249046
76,23,-2.356194
76,32,0.321751
76,35,-1.249046
76,36,-2.356194
76,37,-0.785398
76,47,0.785398
76,48,2.356194
76,49,-0.785398
76,55,1.249046
76,56,2.356194
76,69,-1.249046
76,70,3.141593
76,88,-1.249046
76,89,-2.356194
76,91,3.141593
77,12,-1.892547
77,41,-1.570796
77,42,-2.356194
77,43,-0.785398
77,44,-1.570796
77,45,3.141593
77,47,-1.570796
77,53,2.356194
77,77,0.000000
77,83,0.785398
77,84,1.892547
77,91,-2.356194
78,23,0.000000
78,29,0.785398
78,30,1.570796
78,32,-2.356194
78,49,0.000000
78,50,-0.785398
78,55,-1.249046
78,56,-2.356194
78,58,0.785398
78,64,-1.249046
78,65,3.141593
78,84,-1.249046
78,86,1.892547
79,8,1.249046
79,10,3.141593
79,15,1.249046
79,16,2.356194
79,20,3.141593
79,38,-0.785398
79,59,-1.249046
79,60,3.141593
79,67,0.785398
79,68,1.892547
79,74,1.570796
79,80,0.785398
79,86,-1.249046
79,88,1.892547
79,91,2.356194
80,6,0.000000
80,14,-0.785398
80,15,-1.892547
80,40,-1.249046
80,41,-2.356194
80,42,3.141593
80,55,1.892547
80,68,-1.249046
80,69,-2.356194
80,70,3.141593
80,74,-0.785398
80,75,-2.356194
80,88,-1.249046
80,91,-2.819842
81,12,3.141593
81,46,0.000000
81,63,0.785398
81,64,2.356194
81,81,-0.785398
81,82,-2.356194
82,9,-1.249046
82,11,-1.892547
82,21,1.249046
82,22,2.356194
82,25,3.141593
82,27,0.000000
82,28,0.785398
82,31,-2.356194
82,33,3.141593
82,36,0.000000
82,50,0.000000
82,51,1.570796
82,53,-1.570796
82,55,-1.892547
82,63,-1.570796
82,84,0.785398
82,85,2.356194
83,6,2.819842
83,15,0.000000
83,16,0.785398
83,17,1.570796
83,18,2.356194
83,20,-0.785398
83,21,-1.892547
83,61,0.785398
83,62,2.356194
83,68,1.570796
83,75,3.141593
83,90,2.356194
84,3,0.321751
84,6,-2.356194
84,11,2.356194
84,43,0.000000
84,50,0.785398
84,62,-1.570796
84,69,-2.356194
84,81,-1.249046
84,82,-2.356194
84,84,3.141593
84,89,-0.785398
84,90,-2.356194
85,3,-0.785398
85,10,3.141593
85,17,0.785398
85,23,0.000000
85,29,-1.249046
85,30,-2.356194
85,39,3.141593
85,50,0.000000
85,53,3.141593
85,63,0.785398
85,64,2.356194
85,65,0.785398
85,66,1.892547
85,78,0.785398
86,3,0.785398
86,17,-0.785398
86,18,-2.356194
86,21,3.141593
86,41,0.000000
86,43,-0.785398
86,45,2.819842
86,50,-0.785398
86,63,-0.785398
86,66,-1.249046
86,67,-2.356194
86,79,0.000000
86,80,1.892547
86,85,-2.356194
86,86,3.141593
87,3,-0.321751
87,9,3.141593
87,14,0.000000
87,45,-2.356194
87,50,0.785398
87,70,0.000000
87,80,-1.249046
87,81,3.141593
87,91,2.356194
88,31,2.356194
88,35,3.141593
88,45,0.785398
88,51,-2.356194
88,52,3.141593
88,64,-2.356194
88,75,0.000000
88,91,-2.819842
89,4,-0.321751
89,9,-1.570796
89,10,-2.356194
89,11,3.141593
89,30,-0.785398
89,47,1.892547
89,78,0.000000
89,79,1.892547
89,89,0.321751
90,47,-1.249046
90,48,-2.356194
90,74,3.141593
90,79,-1.249046
90,80,3.141593
90,89,-1.570796
91,14,2.356194
91,27,0.000000
91,32,-0.785398
91,40,3.141593
91,53,3.141593
91,58,0.000000
91,59,3.141593
91,82,0.785398
91,83,1.892547
92,4,0.321751
92,10,1.249046
92,11,2.356194
92,21,2.356194
92,44,2.356194
92,47,0.785398
92,48,1.892547
92,71,0.000000
92,72,3.141593
92,76,0.785398
92,83,-1.249046
92,84,3.141593
93,8,2.356194
93,9,-0.785398
93,10,-1.892547
93,19,0.000000
93,43,-0.785398
93,48,-1.249046
93,49,-2.356194
93,50,3.141593
93,77,0.785398
93,78,2.356194
93,79,3.141593
93,86,3.141593
94,3,0.321751
94,38,0.000000
94,39,3.141593
94,43,-1.570796
94,68,0.785398
94,75,0.785398
95,3,-0.785398
95,7,-2.356194
95,25,0.000000
95,26,3.141593
95,63,0.785398
95,76,-0.785398
95,77,-2.356194
95,83,2.356194
96,11,1.249046
96,19,2.356194
96,46,0.000000
96,48,3.141593
96,66,3.141593
96,78,0.000000
96,79,1.892547
96,82,-0.785398
97,6,-0.785398
97,7,-1.570796
97,8,-2.356194
97,30,2.356194
97,79,-1.249046
97,80,3.141593
97,83,-2.356194
97,88,3.141593
97,90,-1.570796
98,11,-1.249046
98,13,-1.570796
98,14,-2.356194
98,29,-0.785398
98,68,0.000000
98,69,3.141593
98,74,-2.356194
98,81,-2.356194
