13,40,0.785398
13,41,1.570796
13,42,2.356194
13,44,0.785398
13,45,1.892547
14,26,1.249046
14,27,3.141593
14,53,0.785398
14,54,1.570796
14,55,2.356194
15,14,1.249046
15,15,2.356194
15,25,-0.785398
15,45,-0.785398
16,13,0.321751
16,78,3.141593
17,13,-0.785398
18,29,1.570796
19,13,2.356194
19,29,0.000000
20,29,-0.785398
21,54,2.356194
22,10,0.321751
22,82,2.356194
23,10,-1.570796
23,34,1.570796
24,34,0.000000
24,51,0.321751
24,68,0.321751
25,45,2.356194
25,68,-0.785398
26,10,3.141593
26,30,2.819842
26,33,0.321751
26,35,2.819842
26,45,-2.819842
26,51,3.141593
26,55,0.321751
26,68,2.356194
26,78,0.321751
27,27,0.321751
27,44,-1.892547
27,68,3.141593
27,78,-0.785398
28,6,0.321751
28,20,0.785398
28,27,-0.785398
28,30,-2.819842
28,35,-2.819842
28,39,0.785398
28,55,-0.321751
28,59,-1.570796
29,6,-0.785398
29,22,1.570796
29,23,2.356194
29,29,-1.892547
29,39,-0.785398
29,41,-1.892547
29,46,1.249046
29,47,2.356194
29,48,-0.785398
29,49,-1.892547
29,78,2.356194
30,13,0.785398
30,19,0.321751
30,24,-2.356194
30,44,1.249046
30,46,-1.892547
30,76,1.249046
30,78,3.141593
31,13,0.000000
31,19,-0.785398
31,21,-2.356194
31,37,3.141593
31,42,1.249046
31,44,-1.892547
31,57,0.785398
31,58,2.356194
31,75,0.321751
31,87,3.141593
32,13,-0.785398
32,20,0.000000
32,25,-0.785398
32,30,0.000000
32,31,-1.892547
32,41,0.000000
32,42,-1.892547
32,60,-2.356194
32,65,0.000000
32,66,1.892547
32,70,0.785398
32,79,2.819842
33,14,-0.785398
33,20,-1.570796
33,34,0.000000
33,35,-1.892547
33,62,0.000000
33,66,-1.249046
33,67,3.141593
33,75,-0.321751
33,79,-1.570796
34,44,0.000000
34,64,-2.356194
34,76,-1.570796
34,80,1.570796
35,27,-0.785398
35,50,1.249046
35,51,2.356194
35,54,3.141593
35,59,-2.356194
35,80,-0.785398
35,81,-2.356194
35,82,-0.785398
36,12,2.356194
36,22,2.356194
36,42,3.141593
36,49,-0.785398
36,50,-1.892547
36,62,0.785398
36,67,1.570796
36,78,0.000000
36,79,2.356194
37,16,1.570796
37,19,0.785398
37,30,-0.785398
37,40,-0.785398
37,79,-1.570796
38,11,-1.570796
38,20,-2.356194
38,34,-0.785398
38,45,-0.785398
38,61,1.570796
38,68,-2.356194
38,76,-2.356194
38,80,0.000000
39,15,0.785398
39,54,0.000000
39,56,3.141593
39,65,-2.356194
40,4,0.785398
40,14,-0.785398
40,16,-2.356194
40,19,-1.570796
40,62,-2.356194
40,74,-2.356194
40,81,-0.321751
40,88,0.321751
40,90,2.819842
41,4,-0.321751
41,6,2.356194
41,64,0.785398
41,67,0.785398
41,79,0.785398
41,83,2.819842
41,88,-1.570796
41,90,-2.356194
42,7,2.356194
42,48,0.000000
42,56,3.141593
42,62,1.570796
42,80,-2.356194
42,83,-1.570796
42,87,0.000000
43,4,0.000000
43,5,-1.570796
43,69,-2.356194
43,73,0.785398
43,77,0.785398
44,15,2.356194
44,25,2.356194
44,74,-2.356194
44,81,0.785398
45,14,-0.785398
45,29,2.356194
45,54,1.570796
45,67,-1.570796
46,24,-1.570796
46,28,-0.785398
46,48,0.000000
46,49,3.141593
46,54,-1.570796
46,65,-2.356194
46,75,0.785398
46,88,-1.570796
46,91,-1.570796
47,3,0.785398
47,68,0.785398
47,72,0.785398
47,86,-2.356194
48,3,-0.321751
48,5,2.356194
48,59,1.570796
48,62,0.785398
48,83,-1.570796
49,6,2.356194
49,63,-2.356194
49,77,-2.356194
50,3,0.321751
50,38,2.356194
50,56,0.785398
50,81,-2.356194
51,3,-0.785398
51,33,2.356194
51,37,-0.785398
51,51,2.356194
51,61,-2.356194
51,67,1.570796
52,49,0.000000
52,67,-1.570796
52,78,0.785398
53,31,-0.785398
53,58,-1.570796
53,71,-2.356194
53,79,1.570796
53,84,2.356194
54,54,0.785398
54,79,-0.321751
54,80,2.819842
54,83,-0.785398
55,17,1.570796
55,55,-2.356194
55,74,0.321751
55,76,-2.356194
55,77,3.141593
55,80,-2.356194
55,83,-1.570796
56,29,1.570796
56,42,2.356194
56,51,0.785398
56,61,1.249046
56,62,2.356194
56,74,-0.785398
56,85,2.356194
57,2,0.785398
57,17,-1.570796
57,29,-1.570796
57,41,-0.785398
57,84,0.000000
57,88,0.785398
58,2,-0.321751
58,4,2.356194
58,5,3.141593
58,24,1.570796
58,53,-2.356194
58,59,0.321751
58,73,0.000000
58,80,0.785398
58,83,1.570796
59,24,-1.570796
59,65,0.785398
59,66,2.356194
59,80,-0.321751
59,89,-1.570796
60,27,1.570796
60,59,-2.819842
60,65,-1.570796
60,74,0.785398
61,46,3.141593
61,49,0.000000
61,74,-0.785398
61,75,-2.356194
61,81,2.356194
62,45,-0.785398
62,50,-2.356194
62,56,-0.785398
62,73,-0.785398
62,79,1.249046
63,2,0.785398
63,9,1.570796
63,58,3.141593
63,64,2.356194
63,91,1.570796
64,2,-0.321751
64,3,2.819842
64,9,-1.570796
64,13,2.356194
64,58,-2.356194
64,64,-2.819842
64,79,-1.570796
64,88,1.570796
65,3,-2.356194
65,12,-0.785398
65,25,-1.570796
65,50,2.356194
65,58,0.785398
65,62,0.000000
65,63,-1.892547
65,67,1.570796
65,91,-1.570796
66,38,0.000000
66,40,0.785398
66,45,0.321751
66,47,-2.356194
66,49,-0.785398
66,58,0.000000
67,41,-1.570796
67,45,-0.785398
67,58,-0.785398
67,71,1.570796
67,85,0.785398
68,19,2.356194
68,81,1.570796
68,85,-0.321751
68,86,2.819842
68,89,-1.570796
69,18,-0.785398
69,58,2.356194
69,68,0.000000
69,69,1.892547
69,86,-2.356194
70,43,0.785398
70,44,3.141593
70,56,1.249046
70,58,3.141593
70,69,-1.249046
70,71,-1.570796
70,72,-2.356194
70,74,0.785398
70,86,-1.570796
71,9,2.356194
71,43,-0.785398
71,54,0.000000
71,55,-0.785398
71,56,-1.892547
71,58,-2.356194
71,75,-2.356194
71,79,1.570796
71,82,-1.570796
72,39,1.570796
72,43,0.785398
73,8,2.356194
73,39,0.785398
73,44,2.819842
73,76,1.570796
74,7,0.321751
74,8,-2.819842
74,41,0.785398
74,77,-2.356194
74,88,1.570796
75,11,2.356194
75,15,2.356194
75,19,2.356194
75,38,0.321751
75,45,2.819842
75,88,-1.570796
76,9,2.356194
77,13,1.570796
77,33,1.570796
77,39,3.141593
77,43,0.000000
77,68,0.000000
77,69,3.141593
78,12,0.321751
78,13,-2.819842
78,16,-0.785398
78,40,1.570796
78,45,-1.249046
78,46,-2.356194
78,47,3.141593
78,60,-1.570796
78,85,2.356194
79,4,0.321751
79,12,-1.570796
79,40,0.000000
79,43,-2.819842
80,4,-0.785398
80,10,1.249046
80,11,3.141593
80,40,-0.785398
80,50,1.570796
80,82,0.000000
81,4,0.785398
81,25,0.785398
81,35,0.000000
81,36,3.141593
81,50,-1.570796
81,52,1.570796
81,91,1.570796
82,4,0.000000
82,8,-0.785398
82,9,-1.892547
82,40,0.000000
82,91,-1.570796
83,4,-0.785398
83,39,3.141593
83,42,-2.356194
83,52,-1.570796
83,85,2.356194
84,25,-0.785398
84,67,1.570796
84,80,0.785398
84,84,-0.785398
85,37,0.321751
85,38,-2.819842
86,31,-1.570796
86,42,2.356194
86,64,1.570796
86,81,-1.570796
86,89,0.785398
87,11,2.356194
87,23,1.570796
87,38,3.141593
87,41,0.000000
87,64,-1.570796
87,67,-1.570796
88,10,1.570796
88,47,1.570796
88,78,2.356194
89,10,-2.819842
89,22,-0.785398
89,47,-1.570796
89,77,-0.785398
90,13,1.570796
90,70,0.000000
90,73,3.141593
90,85,1.570796
90,90,0.785398
91,43,1.570796
91,87,1.570796
91,91,2.819842
92,12,3.141593
92,85,-1.570796
92,87,0.785398
92,91,-2.356194
93,33,2.356194
93,42,-0.785398
93,77,1.570796
93,87,0.000000
94,8,2.356194
94,10,-0.785398
94,32,-0.785398
94,77,-1.570796
94,87,-0.785398
94,91,2.356194
95,80,1.570796
95,88,-0.785398
95,91,-2.819842
96,77,1.570796
97,67,1.570796
97,89,-0.785398
98,12,3.141593
98,67,-1.570796
98,77,-1.570796
98,81,-2.356194
