7,22,0.785398
7,23,2.356194
7,38,0.000000
7,61,2.356194
8,23,-1.570796
8,38,2.356194
9,80,2.356194
10,9,1.570796
10,39,2.819842
11,8,0.321751
11,9,-2.819842
12,8,-0.785398
12,37,-1.249046
12,55,-0.785398
12,56,-1.892547
12,76,0.321751
13,27,0.785398
13,32,0.000000
13,33,-1.570796
13,76,-0.785398
14,43,1.249046
14,44,2.356194
14,85,3.141593
15,26,0.000000
15,27,-1.892547
15,42,-0.785398
15,43,-1.892547
17,31,1.249046
17,32,2.356194
17,48,0.000000
18,20,1.249046
18,21,2.356194
18,30,-0.785398
18,31,-1.892547
18,75,1.570796
18,78,0.785398
19,19,0.000000
19,20,-1.892547
19,40,1.249046
19,41,2.356194
20,17,1.249046
20,18,3.141593
20,39,-0.785398
20,40,-1.892547
20,75,-1.249046
20,77,-1.570796
20,80,2.819842
20,88,2.356194
21,6,0.785398
21,16,0.000000
21,17,-1.892547
21,80,-1.570796
21,88,-2.819842
22,6,-0.785398
22,7,3.141593
22,20,1.249046
22,21,2.356194
23,19,0.000000
23,20,-1.892547
23,87,3.141593
24,17,1.249046
24,18,3.141593
24,87,-1.570796
25,16,0.000000
25,17,-1.892547
25,22,1.249046
25,23,3.141593
26,14,1.249046
26,15,3.141593
26,20,1.249046
26,22,-1.892547
26,84,-0.785398
27,19,0.000000
27,20,-1.892547
28,12,0.000000
28,13,-1.892547
28,17,1.249046
28,18,3.141593
28,23,1.249046
28,24,2.356194
28,55,1.249046
28,56,2.356194
29,10,1.249046
29,11,3.141593
29,22,0.000000
29,23,-1.892547
29,54,-0.785398
29,55,-1.892547
29,67,0.785398
29,68,1.892547
30,4,0.785398
30,9,-0.785398
30,10,-1.892547
30,68,-1.249046
30,69,-2.356194
30,70,0.785398
30,71,1.892547
30,80,1.892547
31,4,-0.785398
31,5,-2.356194
31,19,-0.785398
31,25,0.000000
31,57,0.000000
31,71,-1.249046
31,73,1.892547
31,82,1.892547
32,75,2.356194
32,79,-2.356194
32,82,-1.249046
32,84,1.892547
32,89,2.356194
33,11,1.249046
33,13,-1.892547
33,21,2.356194
33,84,-1.249046
33,85,-2.356194
33,86,0.785398
33,87,1.570796
34,3,0.785398
34,18,1.249046
34,19,2.356194
34,28,1.249046
34,29,2.356194
34,72,0.785398
34,73,2.356194
35,3,0.000000
35,5,1.892547
35,8,1.249046
35,10,-1.892547
35,15,1.249046
35,16,2.356194
35,17,-0.785398
35,18,-1.892547
35,25,1.249046
35,26,2.356194
35,27,-0.785398
35,28,-1.892547
35,73,-1.570796
35,81,1.892547
35,86,0.321751
36,7,-0.785398
36,8,-1.892547
36,14,0.000000
36,15,-1.892547
36,22,1.249046
36,23,2.356194
36,24,-0.785398
36,25,-1.892547
36,45,1.249046
36,47,1.570796
36,48,2.356194
36,74,0.000000
36,75,1.892547
36,81,-1.249046
36,82,3.141593
36,90,1.892547
37,3,0.000000
37,5,-1.892547
37,12,1.249046
37,13,3.141593
37,20,1.249046
37,22,-1.892547
37,32,1.249046
37,33,2.356194
37,35,0.785398
37,36,1.570796
37,37,2.356194
37,38,0.785398
37,39,1.570796
37,40,2.356194
37,42,0.785398
37,43,1.570796
37,68,0.785398
37,69,1.892547
37,75,-1.249046
37,85,-0.785398
37,91,2.819842
38,3,-0.785398
38,11,0.000000
38,12,-1.892547
38,19,0.000000
38,20,-1.892547
38,28,1.249046
38,29,2.356194
38,30,0.785398
38,45,-1.249046
38,47,3.141593
38,89,-2.356194
38,91,-2.356194
39,9,1.249046
39,10,3.141593
39,60,0.785398
39,61,1.892547
39,70,-1.249046
39,71,-2.356194
39,72,0.785398
39,73,1.892547
39,78,-1.249046
39,80,1.892547
39,91,2.356194
40,14,1.249046
40,15,2.356194
40,21,0.785398
40,22,1.892547
40,24,1.249046
40,25,3.141593
40,28,-2.356194
40,31,-1.570796
40,48,-2.356194
40,50,3.141593
40,61,-1.249046
40,63,1.892547
40,73,-1.249046
40,74,3.141593
40,82,1.892547
40,91,-2.819842
41,6,1.249046
41,8,-1.892547
41,13,0.000000
41,14,-1.892547
41,20,1.570796
41,63,-1.249046
41,64,3.141593
41,80,-1.570796
41,82,-1.249046
41,83,-2.356194
41,87,-1.570796
42,18,1.249046
42,20,3.141593
42,22,-0.785398
42,24,-1.570796
42,28,-1.570796
42,69,0.000000
42,70,0.785398
42,71,1.892547
42,79,0.000000
43,2,0.785398
43,10,1.249046
43,11,3.141593
43,25,-2.356194
43,47,0.000000
43,48,3.141593
43,55,1.570796
43,71,-1.249046
43,72,3.141593
43,80,1.570796
44,2,0.000000
44,4,-1.892547
44,9,0.000000
44,10,-1.892547
44,15,1.249046
44,20,0.000000
44,39,-1.570796
44,43,-1.570796
44,54,0.321751
44,63,0.785398
44,64,1.892547
44,68,1.570796
44,73,0.000000
44,74,1.892547
44,82,1.892547
45,2,-0.785398
45,7,1.249046
45,8,3.141593
45,14,0.000000
45,15,-1.892547
45,20,-1.570796
45,32,1.570796
45,54,-0.785398
45,64,-1.249046
45,65,-2.356194
45,74,-1.249046
45,75,-2.356194
46,6,0.000000
46,7,-1.892547
46,17,0.000000
46,60,0.785398
46,67,-0.785398
46,68,-1.892547
46,77,0.000000
46,78,1.892547
46,83,-1.249046
46,85,1.892547
47,2,0.785398
47,36,-1.570796
47,40,1.570796
47,44,1.570796
47,61,0.000000
47,62,0.785398
47,63,1.892547
47,79,-2.356194
47,80,3.141593
47,85,-1.249046
47,86,3.141593
47,90,2.356194
48,2,0.000000
48,16,0.000000
48,32,-1.570796
48,40,-1.570796
48,59,1.249046
48,60,3.141593
48,63,-1.249046
48,64,-2.356194
48,65,0.785398
48,66,1.892547
48,77,1.570796
48,90,3.141593
49,2,-0.785398
49,14,0.785398
49,15,2.356194
49,28,1.570796
49,53,-0.785398
49,66,-1.249046
49,68,1.892547
49,76,-0.785398
49,90,-1.570796
50,2,-1.570796
50,7,-0.785398
50,12,0.000000
50,13,0.000000
50,28,-1.570796
50,57,0.321751
50,68,-1.249046
50,70,1.892547
50,91,-2.356194
51,10,2.356194
51,15,3.141593
51,44,-1.570796
51,54,1.570796
51,70,-1.249046
51,85,0.000000
52,9,-0.785398
52,15,-2.356194
52,31,1.570796
52,57,-0.321751
52,66,3.141593
52,72,-2.356194
52,76,0.785398
52,87,0.000000
52,88,1.892547
53,5,3.141593
53,20,2.356194
53,31,-1.570796
53,50,1.570796
53,54,-1.570796
53,60,2.819842
53,68,0.785398
53,89,2.819842
54,2,0.000000
54,19,-0.785398
54,50,-1.570796
54,58,-1.570796
54,60,-1.570796
54,69,1.570796
54,73,0.785398
54,74,2.356194
54,84,0.785398
54,89,-2.356194
55,8,1.249046
55,9,3.141593
55,14,2.356194
55,31,2.356194
55,34,1.570796
55,54,1.570796
55,61,0.785398
55,62,2.356194
55,64,0.785398
55,65,1.892547
55,71,1.892547
55,80,-2.356194
55,85,0.000000
55,86,1.892547
56,6,1.249046
56,8,-1.892547
56,14,-2.819842
56,26,1.570796
56,50,1.570796
56,61,-0.785398
56,65,-1.249046
56,67,1.892547
56,71,-1.249046
56,76,-2.356194
57,5,0.000000
57,6,-1.892547
57,11,0.785398
57,21,1.570796
57,44,1.570796
57,78,0.785398
57,83,0.785398
57,87,-1.249046
57,88,3.141593
58,9,1.249046
58,10,3.141593
58,21,-1.570796
58,44,-1.570796
58,68,-1.249046
58,69,3.141593
58,74,-1.249046
58,76,1.892547
58,79,-2.356194
58,89,1.570796
59,2,-0.785398
59,8,0.000000
59,9,-1.892547
59,12,0.785398
59,16,2.356194
59,25,2.356194
59,33,-1.570796
59,37,2.356194
59,40,1.570796
59,62,0.785398
59,63,2.356194
59,64,0.785398
59,65,1.892547
59,70,-2.356194
59,89,-0.785398
59,90,-2.356194
59,91,3.141593
60,12,0.000000
60,23,0.000000
60,24,-0.785398
60,62,-0.785398
60,72,0.785398
60,87,0.785398
60,88,2.356194
61,4,1.249046
61,5,3.141593
61,66,-1.249046
61,68,1.892547
61,79,2.819842
61,88,-1.570796
62,2,0.000000
62,3,-0.785398
62,4,-1.892547
62,12,3.141593
62,32,1.570796
62,36,2.356194
62,40,2.356194
62,43,1.570796
62,62,0.785398
62,68,-1.249046
62,69,3.141593
62,79,-1.570796
62,89,1.570796
63,12,-2.356194
63,35,0.321751
63,36,-2.819842
63,39,0.321751
63,40,-2.819842
63,62,0.000000
63,64,0.785398
63,65,1.892547
63,70,-2.356194
63,84,0.785398
63,89,-0.321751
63,90,2.819842
64,5,1.249046
64,6,3.141593
64,12,2.356194
64,27,-1.570796
64,35,-0.785398
64,39,-0.785398
64,43,-1.570796
64,50,2.356194
64,62,-0.785398
64,65,-1.249046
64,66,3.141593
64,72,0.785398
64,90,-1.570796
65,4,0.000000
65,5,-1.892547
65,12,3.141593
65,31,-1.570796
65,46,1.570796
65,49,0.321751
65,50,-2.819842
65,91,-2.356194
66,2,0.000000
66,12,-2.356194
66,49,-0.785398
67,7,1.249046
67,8,3.141593
67,25,2.356194
67,61,0.321751
67,63,-2.356194
68,5,0.000000
68,6,-0.785398
68,7,-1.892547
68,24,-0.785398
68,41,0.000000
68,42,3.141593
68,45,2.356194
68,61,-0.785398
69,13,2.819842
69,44,0.321751
69,45,-2.819842
69,61,0.785398
69,67,0.000000
69,68,1.892547
69,86,-2.356194
70,9,1.249046
70,11,-1.892547
70,13,-2.356194
70,44,-0.785398
70,61,-0.785398
70,62,-2.356194
70,68,-1.249046
70,69,3.141593
70,78,-2.356194
71,8,0.000000
71,9,-1.892547
71,21,3.141593
71,30,0.000000
71,36,-1.570796
71,88,1.570796
71,91,-1.570796
72,13,2.356194
72,19,-0.785398
72,34,1.570796
72,39,2.356194
72,65,0.000000
72,66,1.892547
72,71,-2.356194
72,81,0.785398
73,5,0.000000
73,11,1.249046
73,23,1.570796
73,28,1.570796
73,34,-1.570796
73,38,1.570796
73,59,0.321751
73,61,3.141593
73,66,-1.249046
73,67,3.141593
73,82,-2.356194
74,10,0.000000
74,11,-1.892547
74,28,-1.570796
74,37,0.000000
74,59,-0.785398
74,62,0.000000
74,63,1.892547
75,22,3.141593
75,54,0.785398
75,64,2.819842
75,73,0.785398
75,80,-2.356194
76,14,3.141593
76,16,1.570796
76,21,-1.570796
76,49,1.570796
76,54,-0.785398
76,55,3.141593
76,60,3.141593
76,64,-1.570796
76,88,-2.356194
76,91,-1.570796
77,11,1.249046
77,12,3.141593
77,19,1.249046
77,20,3.141593
77,30,2.356194
77,48,0.321751
77,49,-2.819842
77,53,0.785398
77,56,0.785398
77,58,-1.892547
77,65,-2.356194
77,68,0.785398
77,81,0.785398
78,17,0.000000
78,28,1.249046
78,29,3.141593
78,39,3.141593
78,43,1.570796
78,48,-1.570796
78,53,0.000000
78,62,-2.356194
78,73,-2.356194
78,76,-2.356194
78,82,-2.356194
78,89,0.785398
79,4,0.000000
79,14,2.356194
79,27,0.000000
79,28,-1.892547
79,33,3.141593
79,38,-1.570796
79,43,-2.819842
79,66,0.785398
79,70,-2.356194
79,90,-2.356194
80,21,2.356194
80,32,-1.570796
80,46,1.570796
80,67,-2.356194
80,74,0.785398
80,77,0.785398
80,87,0.785398
81,17,0.000000
81,18,-1.570796
81,19,-2.356194
81,30,1.249046
81,31,3.141593
81,40,0.321751
81,45,0.321751
81,46,-2.819842
81,56,-1.570796
81,75,-2.356194
81,88,-2.356194
82,6,0.321751
82,23,1.249046
82,24,3.141593
82,29,0.000000
82,30,-1.892547
82,40,-1.570796
82,45,-1.570796
82,61,0.785398
83,6,-1.570796
83,10,1.570796
83,14,1.249046
83,15,3.141593
83,22,-0.785398
83,23,-1.892547
83,39,3.141593
83,49,1.249046
83,62,-2.356194
83,89,0.785398
84,10,-2.819842
84,13,0.321751
84,18,1.249046
84,19,3.141593
84,32,1.249046
84,33,3.141593
84,44,0.785398
84,52,2.819842
84,59,-2.356194
84,80,-2.356194
85,13,-1.570796
85,17,0.321751
85,23,1.249046
85,24,2.356194
85,38,-2.356194
85,44,-0.785398
85,45,-2.356194
85,49,-2.356194
85,52,-1.570796
86,7,0.321751
86,12,1.570796
86,17,-1.570796
86,22,0.000000
86,23,-1.892547
86,40,2.356194
86,42,0.785398
86,43,2.356194
86,60,0.785398
86,84,0.785398
86,91,-1.570796
87,7,-1.570796
87,12,-2.819842
87,21,1.570796
87,38,-0.785398
87,39,-1.892547
87,43,-2.356194
88,2,-1.570796
88,10,0.321751
88,15,1.570796
88,21,-2.819842
88,26,1.570796
88,43,0.785398
88,58,-2.356194
88,82,0.785398
89,6,2.356194
89,10,-1.570796
89,15,-2.819842
89,24,1.249046
89,31,-0.785398
89,32,-1.892547
89,36,-1.249046
89,37,3.141593
89,43,-0.321751
89,44,2.819842
89,62,-2.356194
89,65,0.785398
89,83,-2.356194
90,5,0.321751
90,8,1.249046
90,9,3.141593
90,13,0.321751
90,44,-1.570796
90,56,-2.356194
91,13,-1.570796
91,22,0.321751
91,28,-0.785398
91,66,-1.570796
91,84,1.570796
91,87,1.570796
91,90,0.785398
92,22,-1.570796
92,50,1.570796
92,78,1.570796
92,87,-0.321751
92,88,2.819842
93,3,0.785398
93,15,0.321751
93,21,1.570796
93,30,-0.785398
93,35,3.141593
93,67,1.570796
93,78,-1.570796
93,91,-1.570796
94,2,-0.785398
94,7,-2.819842
94,38,0.000000
94,47,-1.570796
94,61,1.570796
94,64,1.570796
94,67,-1.570796
94,88,-0.321751
95,11,0.785398
95,15,-2.819842
95,19,0.321751
95,24,1.249046
95,40,1.570796
95,79,1.570796
95,83,1.570796
95,90,2.819842
96,5,-0.785398
96,11,0.000000
96,19,-0.785398
96,26,-2.356194
96,40,-0.321751
96,41,2.819842
96,48,1.570796
96,61,-1.570796
96,68,1.570796
96,71,0.785398
96,90,-2.356194
97,11,-0.785398
97,19,-1.570796
97,24,-1.249046
97,25,-2.356194
97,29,0.000000
97,41,-2.356194
97,51,-1.570796
97,59,1.570796
97,79,-1.570796
98,4,-0.785398
98,12,-0.785398
98,38,-2.356194
98,41,-1.570796
98,45,-2.356194
98,48,-1.570796
98,55,-1.570796
98,59,-1.570796
98,65,-1.570796
98,69,-2.356194
98,72,-1.570796
98,84,-1.570796
98,87,-1.570796
98,90,-1.570796
