5,27,1.249046
5,28,2.356194
6,19,1.249046
6,20,2.356194
7,27,-2.356194
7,35,0.000000
8,47,2.356194
8,56,0.785398
8,57,1.570796
8,58,2.356194
9,34,0.321751
9,36,2.819842
9,73,2.356194
10,46,-2.356194
11,12,3.141593
11,16,-1.570796
11,33,0.321751
12,11,-0.785398
12,21,1.249046
12,23,1.892547
12,54,1.249046
12,59,2.356194
12,69,0.321751
13,40,0.000000
13,41,-1.892547
13,53,0.321751
13,69,-1.570796
13,81,2.356194
14,11,2.356194
14,37,1.892547
14,39,1.570796
14,53,-0.785398
14,56,-0.321751
14,58,-2.819842
15,28,0.000000
15,39,3.141593
15,47,3.141593
15,53,2.356194
16,24,1.570796
16,25,2.356194
16,26,0.785398
16,27,2.356194
16,31,-0.785398
16,39,-1.570796
16,51,0.785398
16,53,-2.819842
16,69,2.819842
17,8,0.321751
17,27,-1.570796
17,41,2.356194
17,43,-0.785398
17,44,-1.892547
17,65,0.785398
17,69,-2.356194
18,8,-1.570796
18,23,0.321751
18,29,2.356194
18,30,0.785398
18,31,1.570796
19,23,-0.785398
19,28,-1.892547
19,37,-1.892547
19,40,-1.570796
19,51,0.000000
19,52,-1.570796
19,53,3.141593
19,57,0.785398
20,43,2.356194
20,47,1.249046
20,48,2.356194
20,54,1.570796
20,60,1.570796
20,61,2.356194
21,16,2.819842
21,26,-1.570796
21,34,-2.356194
21,39,2.356194
21,40,-0.785398
21,54,0.000000
21,68,-2.356194
21,69,0.785398
21,70,1.892547
21,73,0.000000
21,74,-1.892547
22,13,0.321751
22,72,2.356194
23,13,-0.785398
23,18,2.356194
23,20,0.785398
23,21,1.570796
23,32,2.356194
23,33,-0.785398
23,38,-1.570796
23,39,-2.356194
23,40,0.785398
23,43,-2.356194
23,48,1.249046
23,49,2.356194
23,53,-0.785398
24,10,1.249046
24,11,2.356194
24,55,-1.249046
24,56,-2.356194
24,59,3.141593
24,64,0.785398
24,65,2.356194
24,73,2.819842
24,84,3.141593
25,25,-1.570796
25,41,0.785398
25,59,-2.356194
25,65,-1.570796
26,17,2.356194
26,33,0.000000
26,34,-1.892547
26,37,0.785398
26,45,-0.785398
26,46,-1.570796
26,66,0.000000
26,67,1.892547
26,72,0.321751
26,74,-2.356194
26,78,0.785398
26,79,1.570796
26,81,-1.892547
27,6,1.249046
27,17,3.141593
27,20,1.249046
27,22,-2.356194
27,32,1.570796
27,39,0.785398
27,50,1.570796
27,52,1.570796
27,53,2.356194
27,55,0.785398
27,72,-1.570796
28,5,0.321751
28,13,-0.785398
28,17,-1.570796
28,25,-1.892547
28,36,0.000000
28,37,-1.892547
28,56,-2.356194
28,70,0.000000
28,79,-2.819842
29,5,-1.570796
29,28,0.000000
29,29,-1.892547
29,47,-0.785398
29,52,-2.356194
29,67,3.141593
29,71,-1.249046
29,72,3.141593
30,8,0.321751
30,12,1.570796
30,16,1.249046
30,20,-2.356194
30,21,-0.785398
30,22,-1.892547
30,26,1.249046
30,27,3.141593
30,31,0.321751
30,53,0.000000
30,54,1.570796
30,59,0.785398
30,60,1.892547
30,74,0.785398
30,75,1.570796
31,8,-0.785398
31,25,0.000000
31,26,-1.892547
31,31,-1.570796
31,49,3.141593
31,60,-1.249046
31,62,1.892547
31,67,0.000000
31,77,-2.356194
32,4,0.785398
32,14,-0.785398
32,15,-1.892547
32,18,2.356194
32,24,0.785398
32,51,1.249046
32,62,-1.249046
32,64,1.892547
32,67,-1.570796
32,75,-0.321751
33,4,0.000000
33,18,-2.819842
33,23,1.570796
33,35,1.249046
33,36,3.141593
33,58,2.356194
33,71,0.000000
33,85,2.356194
34,4,-0.785398
34,12,-2.819842
34,27,3.141593
34,45,0.785398
34,46,1.570796
34,47,2.356194
34,48,-0.785398
34,49,-1.892547
34,51,-1.249046
34,62,0.785398
34,72,-1.570796
34,77,-1.249046
34,78,-2.356194
34,85,3.141593
35,25,-0.785398
35,26,-1.892547
35,31,0.785398
35,32,2.356194
35,69,3.141593
35,73,0.000000
35,74,1.892547
35,85,-2.356194
36,9,0.321751
36,30,1.570796
36,32,-1.570796
36,35,0.000000
36,46,0.785398
36,57,-2.356194
36,58,0.785398
36,59,1.892547
36,63,-0.785398
36,64,-2.356194
36,65,0.785398
37,9,-1.570796
37,12,0.785398
37,14,-1.892547
37,17,1.249046
37,18,3.141593
37,23,-2.819842
37,28,0.785398
37,53,0.785398
37,59,-1.249046
38,4,2.356194
38,12,-1.570796
38,27,1.570796
38,33,-1.570796
38,41,1.249046
38,42,2.356194
38,45,-0.785398
38,46,-1.892547
39,3,0.321751
39,4,-2.819842
39,9,3.141593
39,11,1.570796
39,25,1.249046
39,27,-2.356194
39,37,2.356194
39,40,-0.785398
39,41,-1.892547
39,59,0.785398
39,85,2.356194
40,3,-1.570796
40,11,-2.819842
40,24,0.000000
40,25,-1.892547
40,28,1.570796
40,66,1.892547
40,70,-2.356194
40,73,0.785398
40,74,1.892547
40,78,-1.249046
40,79,-2.356194
40,85,3.141593
41,28,-0.785398
41,29,-2.356194
41,31,3.141593
41,43,1.570796
41,45,1.570796
41,47,1.570796
41,48,2.356194
41,61,-1.249046
41,85,-2.356194
42,3,0.785398
42,5,-1.892547
42,26,1.249046
42,27,3.141593
42,33,1.249046
43,3,-0.785398
43,21,1.570796
43,31,-0.321751
43,39,0.785398
43,41,-2.819842
43,63,-1.570796
43,66,-2.356194
43,70,0.000000
44,20,0.000000
44,47,-1.249046
44,48,-2.356194
44,49,0.785398
44,50,1.570796
44,51,2.356194
44,53,0.785398
44,61,0.000000
44,71,-1.249046
44,72,3.141593
44,77,-1.249046
44,79,1.570796
44,81,1.892547
44,85,2.356194
45,3,2.356194
45,6,0.321751
45,19,1.570796
45,30,1.249046
45,32,-1.570796
45,34,-1.892547
45,42,1.892547
45,62,-1.249046
45,73,0.000000
45,83,0.785398
46,2,0.321751
46,3,-2.819842
46,38,-0.785398
46,39,-1.892547
46,44,0.000000
46,50,0.785398
46,54,2.356194
46,74,-1.570796
46,81,-1.892547
46,86,2.819842
47,2,-0.785398
47,6,-2.819842
47,8,0.321751
47,9,-2.819842
47,17,-1.570796
47,41,0.000000
47,42,-1.892547
47,51,-2.356194
47,53,-0.785398
47,54,-2.356194
47,60,0.000000
47,61,1.892547
47,86,-2.356194
48,2,0.785398
48,8,-1.570796
48,11,0.321751
48,15,1.249046
48,16,3.141593
48,24,0.000000
48,25,0.785398
48,26,1.570796
48,40,-0.785398
48,61,-1.249046
48,67,1.892547
48,76,1.570796
49,2,-0.321751
49,7,1.570796
49,11,-1.570796
49,14,0.321751
49,19,0.000000
49,20,-1.892547
49,76,-0.321751
49,81,-0.785398
49,82,-1.892547
50,7,-2.819842
50,10,1.570796
50,14,-1.570796
50,26,0.000000
50,59,0.000000
50,60,1.892547
50,64,-1.570796
50,73,1.570796
51,10,-2.819842
51,13,1.570796
51,26,-0.785398
51,53,0.000000
51,54,0.785398
51,55,1.892547
51,65,1.570796
51,70,2.819842
51,73,-0.321751
51,78,-1.570796
52,2,0.321751
52,3,-2.819842
52,5,-0.785398
52,8,0.321751
52,13,-2.819842
52,21,2.356194
52,26,-1.570796
52,55,-1.249046
52,57,1.892547
52,66,3.141593
52,75,2.819842
52,79,1.570796
53,2,-0.785398
53,5,0.785398
53,11,0.321751
53,15,1.570796
53,19,1.249046
53,20,3.141593
53,47,-1.570796
53,48,-2.356194
53,57,-1.249046
53,58,3.141593
53,70,-0.321751
53,75,-1.570796
53,79,-0.321751
53,86,2.356194
54,15,-2.819842
54,18,0.321751
54,45,-0.785398
54,50,0.785398
54,51,2.356194
54,64,2.819842
54,72,2.819842
54,80,-1.249046
54,81,-2.356194
54,86,3.141593
55,3,0.785398
55,4,3.141593
55,11,-2.356194
55,26,1.570796
55,45,-1.570796
55,50,-1.570796
55,54,0.785398
55,55,1.892547
55,60,1.570796
55,86,-2.356194
56,3,-1.570796
56,17,0.000000
56,18,-2.356194
56,33,1.570796
56,49,-0.785398
56,60,-0.321751
56,61,2.819842
56,64,-0.321751
56,72,-0.321751
56,73,2.819842
57,6,0.785398
57,9,-2.819842
57,12,-0.785398
57,56,-1.249046
57,57,3.141593
57,61,-1.570796
57,66,2.819842
57,73,-1.570796
57,82,1.892547
57,86,2.356194
58,6,-0.321751
58,62,1.570796
58,86,3.141593
59,11,1.570796
59,40,1.249046
59,41,2.356194
59,62,-0.321751
59,66,-0.321751
59,67,2.819842
59,82,-1.892547
59,86,-2.356194
60,11,-2.819842
60,20,-2.356194
60,34,1.570796
60,39,0.000000
60,40,-1.892547
60,64,2.819842
60,67,-1.570796
60,78,0.785398
61,5,0.000000
61,17,0.321751
61,23,2.356194
61,24,-0.785398
61,27,2.356194
61,36,0.785398
61,37,1.570796
61,38,3.141593
61,49,0.000000
61,56,1.570796
61,64,-2.356194
61,78,-0.321751
61,79,2.819842
62,7,-1.249046
62,15,3.141593
62,21,0.000000
62,22,-1.892547
62,31,0.785398
62,32,2.356194
62,33,-0.785398
62,34,-1.892547
62,56,-1.570796
62,75,0.785398
63,9,-2.356194
63,17,-2.819842
63,20,1.570796
63,31,-1.570796
63,49,0.321751
63,50,-2.819842
63,75,-0.321751
63,76,2.819842
63,79,-0.321751
63,82,1.892547
63,86,2.356194
64,11,0.000000
64,12,-1.892547
64,16,-1.570796
64,19,0.321751
64,20,-2.819842
64,37,-1.570796
64,49,-0.785398
64,61,0.785398
64,84,0.785398
64,86,-2.819842
65,4,0.785398
65,7,1.249046
65,19,-0.785398
65,49,-1.570796
65,58,1.570796
65,61,-0.321751
65,62,2.819842
65,76,0.000000
65,79,-0.785398
65,80,-1.570796
65,82,-1.892547
66,4,0.000000
66,6,-0.785398
66,7,-1.892547
66,10,-2.356194
66,58,0.785398
66,62,-2.356194
66,76,-0.785398
67,4,-0.785398
67,58,0.000000
67,62,2.356194
68,10,0.785398
68,21,1.570796
68,58,-0.785398
68,61,-0.785398
68,62,-2.356194
69,5,3.141593
69,10,0.000000
69,13,1.570796
69,21,2.356194
69,33,0.785398
69,77,0.785398
70,2,0.321751
70,6,1.570796
70,13,-2.819842
70,20,0.321751
70,21,-2.819842
70,24,1.570796
70,54,1.570796
70,77,-0.321751
71,2,-0.785398
71,6,-0.321751
71,8,2.356194
71,9,-0.785398
72,23,1.570796
72,27,2.356194
72,60,1.570796
72,78,0.000000
72,80,3.141593
73,2,-1.570796
73,19,0.321751
73,23,-2.819842
73,36,0.785398
73,47,1.570796
73,50,1.570796
73,85,2.356194
74,7,0.785398
74,37,-1.570796
74,47,2.356194
74,85,-2.819842
75,7,-0.321751
75,18,0.321751
75,38,2.356194
75,43,0.785398
75,45,1.249046
75,57,2.356194
75,75,0.785398
75,80,-1.249046
75,81,-2.356194
75,82,0.785398
76,14,3.141593
76,38,3.141593
76,56,0.321751
76,57,-2.819842
77,3,1.249046
77,4,2.356194
77,17,0.321751
77,18,-2.819842
77,21,0.000000
77,25,2.356194
77,32,1.570796
77,36,-1.570796
77,38,-2.356194
77,56,-0.785398
77,59,0.785398
77,63,2.356194
77,75,-0.321751
78,2,0.321751
78,13,-2.356194
78,17,-1.570796
78,21,-0.785398
78,25,-2.819842
78,42,-0.785398
78,45,-2.356194
78,59,0.000000
78,63,3.141593
78,76,-1.249046
79,2,-0.785398
79,7,0.321751
79,9,2.819842
79,24,-0.785398
79,28,2.356194
79,59,-0.785398
79,63,-2.356194
80,14,3.141593
80,31,0.321751
80,33,3.141593
80,35,2.356194
81,7,0.000000
81,15,-0.785398
81,18,2.356194
81,20,2.356194
81,27,0.785398
81,35,-2.819842
82,9,-1.249046
82,20,-2.819842
82,31,-2.819842
82,49,2.356194
83,3,0.000000
83,4,1.570796
83,7,-2.819842
83,23,0.321751
83,25,-2.356194
83,34,-2.819842
83,48,0.321751
83,49,-2.819842
84,11,-0.785398
84,14,0.000000
84,23,-1.570796
84,48,-0.785398
85,4,-0.321751
85,6,-2.819842
85,20,2.356194
85,27,-0.785398
85,52,2.356194
86,11,0.785398
86,15,0.000000
86,17,-1.892547
86,23,2.819842
86,33,-2.819842
86,51,0.321751
86,52,-2.819842
87,11,0.000000
87,19,0.785398
87,25,0.785398
87,26,2.356194
87,30,0.000000
87,51,-0.785398
88,5,0.785398
88,21,-2.819842
88,23,0.000000
88,26,-2.356194
88,35,0.785398
88,36,2.356194
89,5,0.000000
89,10,-0.785398
89,11,-1.570796
89,23,-1.570796
89,32,-0.785398
89,82,1.570796
90,5,-0.785398
90,26,2.356194
90,35,0.321751
90,37,2.819842
90,82,-2.819842
91,20,0.321751
91,25,0.321751
91,26,-2.819842
92,12,0.321751
92,16,-2.356194
92,25,-0.785398
92,31,0.321751
92,40,2.356194
92,47,0.785398
92,60,0.321751
93,22,-2.819842
93,31,-0.785398
93,40,-2.819842
93,47,0.000000
93,50,2.356194
93,60,-0.785398
93,63,-2.356194
94,11,0.321751
94,16,0.785398
94,34,0.000000
94,50,-2.819842
94,63,2.356194
94,72,1.570796
94,77,-0.785398
94,78,-1.892547
95,16,-0.785398
95,17,-2.356194
95,24,1.570796
95,31,0.785398
95,34,-1.570796
95,39,3.141593
95,46,0.321751
95,62,0.321751
95,63,-2.819842
95,72,-0.785398
95,73,-2.356194
96,10,-0.785398
96,11,-1.570796
96,15,2.356194
96,19,-1.249046
96,21,-1.570796
96,22,-2.356194
96,27,2.356194
96,36,-0.785398
96,46,-0.785398
96,49,-2.356194
96,59,0.785398
96,71,-0.785398
97,24,-1.249046
97,25,-2.356194
97,26,-0.785398
97,27,-2.356194
97,40,-2.356194
97,49,-1.570796
97,53,0.785398
97,56,2.356194
97,60,-2.356194
97,61,-0.785398
98,29,-0.785398
98,30,-1.892547
98,36,-1.570796
98,46,-1.570796
98,54,-2.356194
98,55,-0.785398
98,65,-1.570796
