9,40,1.249046
9,41,2.356194
10,35,0.785398
10,36,1.570796
10,37,2.356194
10,39,-0.785398
10,59,2.356194
11,24,1.249046
11,25,3.141593
12,15,2.356194
12,23,-0.785398
12,73,2.356194
13,55,0.321751
14,12,1.249046
14,14,-2.356194
14,55,-0.785398
15,11,0.321751
15,55,2.356194
16,11,-1.570796
16,53,1.570796
16,55,3.141593
17,29,0.785398
17,30,2.356194
17,45,1.892547
17,79,2.356194
18,10,2.356194
18,29,-0.785398
18,47,2.356194
18,50,-0.785398
18,51,-1.570796
18,53,-1.570796
19,9,0.321751
19,10,-2.819842
20,9,-0.785398
20,29,0.785398
21,29,0.000000
21,34,2.356194
21,35,0.785398
21,43,-1.570796
21,44,-2.356194
21,45,-0.785398
21,48,2.356194
22,41,-1.892547
22,62,-0.785398
22,63,-1.892547
23,9,2.356194
23,22,0.785398
23,39,-1.892547
23,73,0.321751
24,22,0.000000
24,24,1.570796
24,25,2.356194
24,27,-0.785398
24,28,-1.892547
24,35,1.249046
24,37,-1.892547
24,46,-0.785398
24,47,-1.570796
24,48,-2.356194
24,55,3.141593
24,73,-0.785398
25,7,0.321751
25,22,-0.785398
25,32,-0.785398
25,33,-2.356194
25,34,-0.785398
25,73,2.356194
26,7,-0.785398
26,24,-2.819842
26,38,3.141593
26,57,0.785398
26,67,0.785398
26,68,1.570796
26,70,1.570796
27,22,0.000000
27,23,-1.892547
27,43,1.249046
27,44,2.356194
27,74,2.819842
28,13,0.785398
28,14,2.356194
28,20,1.249046
28,21,3.141593
28,26,1.249046
28,27,3.141593
28,34,0.000000
28,35,-1.892547
28,39,0.785398
28,40,1.570796
28,41,2.356194
28,42,-0.785398
28,43,-1.892547
28,60,0.785398
28,61,2.356194
28,67,-0.785398
28,68,-1.570796
28,70,-1.570796
29,13,-0.785398
29,19,0.000000
29,20,-1.892547
29,24,1.249046
29,26,-1.892547
29,32,1.249046
29,33,3.141593
30,7,2.356194
30,16,0.785398
30,17,2.356194
30,23,0.000000
30,24,-1.892547
30,31,-0.785398
30,32,-1.892547
30,42,2.356194
30,58,-1.249046
30,60,-1.570796
30,61,-2.356194
30,72,-0.785398
30,85,2.356194
31,6,0.321751
31,21,1.249046
31,22,3.141593
31,37,0.000000
31,40,-0.785398
31,41,-1.892547
31,67,0.785398
31,68,1.892547
31,72,2.356194
32,6,-0.785398
32,19,1.249046
32,21,-1.892547
32,26,1.249046
32,27,3.141593
32,68,-1.249046
32,69,-2.356194
32,71,-0.785398
32,72,-2.356194
33,18,0.000000
33,19,-1.892547
33,24,0.000000
33,25,-0.785398
33,26,-1.892547
33,33,3.141593
33,74,0.785398
33,75,1.892547
34,66,0.785398
34,67,1.892547
34,75,-1.249046
34,76,-2.356194
34,81,-0.785398
34,82,-1.892547
35,21,2.356194
35,27,1.249046
35,28,3.141593
35,36,0.000000
35,50,0.000000
35,67,-1.249046
35,68,-2.356194
36,14,1.249046
36,15,3.141593
36,19,1.249046
36,20,3.141593
36,25,1.249046
36,27,-1.892547
36,47,2.356194
36,74,0.785398
36,75,1.892547
37,18,0.000000
37,19,-1.892547
37,23,1.249046
37,25,-1.892547
37,29,1.249046
37,30,2.356194
37,32,3.141593
38,17,-0.785398
38,22,0.000000
38,23,-1.892547
38,27,0.000000
38,28,-0.785398
38,29,-1.892547
38,39,0.000000
38,71,0.785398
38,72,1.892547
38,76,-1.249046
39,15,2.356194
39,20,0.000000
39,21,0.000000
39,34,1.570796
39,72,-1.249046
39,74,1.892547
40,5,2.356194
40,10,0.321751
40,14,0.000000
40,18,2.356194
40,22,0.000000
40,23,3.141593
40,54,0.785398
40,74,-1.249046
40,75,-2.356194
40,77,-0.785398
40,78,-1.570796
40,79,-2.356194
40,85,-0.785398
40,87,2.819842
41,4,0.321751
41,10,-1.570796
41,16,2.356194
41,21,-0.785398
41,43,0.000000
41,55,-1.249046
41,56,-2.356194
41,58,3.141593
41,87,-2.356194
42,4,-0.785398
42,14,0.000000
42,15,-1.892547
42,19,2.356194
42,35,-1.570796
42,61,0.000000
43,12,1.249046
43,13,3.141593
43,18,-0.785398
43,25,-0.785398
43,31,1.570796
43,83,0.785398
43,84,1.892547
43,87,2.356194
44,11,0.000000
44,12,-1.892547
44,21,2.356194
44,26,-0.785398
44,31,-1.570796
44,40,0.000000
44,42,3.141593
44,46,2.356194
44,57,3.141593
44,59,0.000000
44,60,0.785398
44,61,1.892547
44,81,0.785398
44,87,-2.356194
45,36,2.356194
45,45,-0.785398
45,61,-1.249046
45,62,-2.356194
45,64,3.141593
46,8,1.249046
46,9,3.141593
46,14,3.141593
46,18,0.000000
46,35,3.141593
46,66,0.000000
46,76,0.785398
46,77,1.892547
46,83,-1.249046
47,3,0.785398
47,11,1.249046
47,12,3.141593
47,34,-0.785398
47,47,3.141593
47,51,0.000000
47,70,0.785398
47,71,1.892547
47,77,-1.249046
47,78,3.141593
48,3,0.000000
48,6,-0.785398
48,7,-1.892547
48,16,3.141593
48,39,0.000000
48,40,3.141593
48,63,0.785398
48,64,1.892547
48,71,-1.249046
48,72,-2.356194
48,79,0.000000
48,80,1.892547
49,3,-0.785398
49,13,1.249046
49,14,3.141593
49,35,-2.356194
49,64,-1.249046
49,65,-2.356194
49,80,-1.249046
49,81,-2.356194
49,88,2.356194
50,10,-1.570796
50,17,2.356194
50,23,-1.570796
50,25,-1.570796
50,47,0.000000
50,49,3.141593
50,76,0.000000
50,77,1.892547
50,88,3.141593
51,3,0.785398
51,12,-1.892547
51,42,0.000000
51,44,3.141593
51,57,-0.785398
51,62,3.141593
52,3,0.000000
52,21,1.570796
52,64,0.000000
52,79,-2.356194
52,81,0.785398
52,82,1.892547
53,3,-0.785398
53,9,3.141593
53,19,0.785398
53,21,-2.819842
53,30,0.000000
53,31,3.141593
53,34,1.570796
53,69,3.141593
53,82,-1.249046
53,83,-2.356194
53,86,-0.785398
53,87,-1.892547
54,3,0.785398
54,8,-1.570796
54,13,-0.785398
54,18,0.785398
54,26,-1.570796
54,51,2.356194
54,61,0.785398
54,72,0.000000
54,79,0.785398
55,3,0.000000
55,5,0.785398
55,6,1.570796
55,7,3.141593
55,17,0.000000
55,20,-2.819842
55,50,-0.785398
55,66,3.141593
55,75,3.141593
55,82,3.141593
56,3,-0.785398
56,10,0.000000
56,11,3.141593
56,15,3.141593
56,34,2.356194
56,54,0.000000
56,55,3.141593
56,68,0.000000
56,70,3.141593
56,77,0.785398
57,7,2.356194
57,14,-1.570796
57,18,-1.570796
57,33,0.321751
57,34,-2.819842
57,59,0.000000
57,72,0.000000
57,85,0.785398
57,89,2.356194
58,3,0.785398
58,7,-2.819842
58,24,0.000000
58,33,-0.785398
58,40,3.141593
58,68,3.141593
58,75,-2.356194
58,89,3.141593
59,3,0.000000
59,5,-0.785398
59,6,-1.892547
59,9,2.356194
59,12,3.141593
59,70,0.000000
59,71,3.141593
59,77,0.785398
59,89,-2.356194
60,3,-1.570796
60,8,0.785398
60,11,-1.570796
60,38,-1.570796
60,73,0.785398
60,84,0.000000
60,85,1.892547
60,89,2.356194
61,9,0.785398
61,10,3.141593
61,14,-0.785398
61,24,1.249046
61,25,3.141593
61,33,2.356194
61,45,1.570796
61,50,0.785398
61,68,-2.356194
61,81,0.785398
61,82,1.892547
61,85,-1.249046
61,86,-2.356194
61,89,3.141593
62,9,-0.785398
62,23,0.000000
62,24,-1.892547
62,32,0.000000
62,51,-2.356194
62,55,0.000000
62,64,-1.570796
62,89,-2.356194
63,6,0.000000
63,12,2.356194
63,17,3.141593
63,31,1.570796
63,45,0.785398
63,73,0.785398
63,78,0.000000
63,79,1.892547
63,83,-1.249046
63,84,3.141593
64,23,-2.356194
64,30,0.000000
64,45,-0.321751
64,57,0.785398
64,62,3.141593
64,79,-1.249046
64,80,3.141593
64,89,2.356194
65,46,-1.249046
65,47,-2.356194
65,57,-0.321751
65,76,0.000000
65,77,1.892547
65,89,3.141593
66,9,0.000000
66,34,0.000000
66,50,3.141593
66,73,0.785398
66,77,-1.249046
66,78,3.141593
66,82,0.000000
66,83,1.892547
66,89,-2.356194
67,3,0.785398
67,4,2.356194
67,5,-0.785398
67,6,-2.356194
67,12,1.570796
67,27,-0.785398
67,41,-2.356194
67,61,-1.249046
67,62,3.141593
67,74,-2.356194
67,83,-1.249046
67,84,3.141593
68,3,-0.785398
68,7,0.785398
68,8,3.141593
68,12,-2.819842
68,19,2.356194
68,58,2.356194
68,63,-2.356194
68,76,0.785398
68,85,1.570796
68,89,2.356194
69,7,-0.785398
69,10,0.321751
69,14,1.249046
69,15,2.356194
69,17,1.249046
69,18,3.141593
69,57,0.321751
69,58,-2.819842
69,86,-2.356194
69,89,3.141593
70,13,0.321751
70,16,-0.785398
70,17,-1.892547
70,34,1.570796
70,57,-1.570796
70,72,0.000000
70,82,0.000000
70,83,1.892547
70,89,-2.356194
71,6,1.570796
71,10,3.141593
71,13,-0.785398
71,24,3.141593
71,39,1.570796
71,55,2.356194
71,68,0.000000
71,69,0.785398
71,70,1.892547
72,3,0.785398
72,13,-1.570796
72,18,1.570796
72,22,3.141593
72,54,-1.570796
72,70,-1.249046
72,71,3.141593
72,84,-1.249046
72,85,3.141593
72,89,2.356194
73,3,-0.321751
73,11,2.356194
73,18,2.356194
73,21,-1.570796
73,35,-2.356194
73,49,0.000000
73,50,3.141593
73,59,2.356194
73,89,3.141593
74,7,-1.892547
74,10,-0.785398
74,11,-2.356194
74,20,1.570796
74,62,0.000000
74,63,3.141593
74,73,0.000000
74,74,1.892547
74,78,0.000000
74,79,1.892547
74,89,-2.356194
75,4,-0.785398
75,12,2.356194
75,16,0.000000
75,17,-1.892547
75,19,-0.785398
75,53,-1.570796
75,80,2.819842
76,11,0.321751
76,12,-2.819842
76,23,1.570796
76,38,-1.570796
76,58,-1.570796
76,75,-1.249046
76,76,3.141593
76,80,-1.570796
76,89,2.356194
77,4,0.785398
77,11,-0.785398
77,31,1.570796
77,67,0.785398
77,71,0.000000
77,72,3.141593
77,89,3.141593
78,4,0.000000
78,11,0.000000
78,24,0.000000
78,31,-1.570796
78,42,0.000000
78,45,3.141593
78,63,1.570796
78,68,-2.356194
78,82,1.570796
78,89,-2.356194
79,4,-0.785398
79,9,0.785398
79,10,3.141593
79,25,-2.356194
79,63,-1.570796
79,70,0.785398
79,75,0.785398
79,83,3.141593
79,89,2.356194
80,9,-0.785398
80,16,2.356194
80,80,1.570796
80,84,1.570796
80,89,3.141593
81,12,2.356194
81,20,0.000000
81,22,3.141593
81,25,0.785398
81,67,0.785398
81,77,1.570796
81,81,3.141593
81,84,-0.321751
81,89,-2.356194
82,4,0.785398
82,9,2.356194
82,25,0.000000
82,30,0.785398
82,53,3.141593
82,73,0.000000
82,74,1.892547
82,78,3.141593
82,85,-1.570796
83,4,-0.321751
83,6,2.356194
83,8,-0.785398
83,9,-2.356194
83,14,-1.570796
83,17,1.570796
83,25,-1.570796
83,31,-2.356194
83,42,3.141593
83,48,0.000000
83,75,2.819842
84,10,0.000000
84,17,-1.570796
84,24,-0.785398
84,30,-0.785398
84,40,-0.785398
84,71,-2.356194
84,75,-1.570796
84,84,0.785398
84,88,3.141593
85,10,2.356194
85,13,2.356194
85,62,0.785398
85,76,0.000000
85,77,1.892547
86,10,-2.819842
86,38,2.356194
86,53,0.000000
86,56,3.141593
86,68,0.785398
86,73,0.785398
86,82,1.570796
86,87,3.141593
87,15,1.570796
87,37,-0.785398
87,41,1.570796
87,59,0.785398
87,65,-2.356194
87,69,0.000000
87,70,1.892547
87,74,0.000000
87,75,1.892547
87,82,-0.321751
87,83,2.819842
88,5,0.785398
88,12,2.356194
88,15,2.356194
88,17,1.570796
88,76,2.819842
88,83,-1.570796
88,87,3.141593
89,5,-0.321751
89,12,-2.819842
89,14,0.321751
89,17,0.000000
89,22,0.000000
89,23,3.141593
89,25,1.570796
89,33,2.356194
89,40,-0.785398
89,51,0.000000
89,53,3.141593
89,62,-2.356194
89,76,-1.570796
89,84,0.000000
90,10,0.321751
90,14,-0.785398
90,16,0.000000
90,18,-2.356194
90,25,-1.570796
90,32,-0.785398
90,49,2.356194
90,68,0.785398
90,82,2.819842
90,85,-1.249046
90,88,2.819842
91,37,1.570796
91,69,1.570796
91,82,-1.570796
91,88,-2.356194
92,6,0.785398
92,13,2.356194
92,21,1.570796
92,28,3.141593
92,31,1.570796
92,37,-1.570796
92,60,0.785398
92,65,0.785398
92,70,3.141593
92,79,1.570796
93,7,-2.356194
93,24,0.000000
93,25,0.785398
93,26,2.356194
93,39,1.570796
93,47,-0.785398
93,66,0.000000
93,79,-0.321751
94,18,1.570796
94,21,-1.570796
94,26,-2.356194
94,31,-1.570796
94,36,1.570796
94,62,0.000000
94,67,-1.570796
94,88,2.356194
95,10,-0.785398
95,15,1.570796
95,23,1.570796
95,26,-1.570796
95,33,1.570796
95,43,1.570796
95,55,0.000000
95,63,-1.570796
95,72,-1.570796
95,78,2.819842
96,14,0.000000
96,23,-1.570796
96,30,1.570796
96,51,0.785398
96,64,1.570796
96,78,-1.570796
96,82,-1.249046
96,83,-2.356194
96,85,-0.785398
96,86,-1.892547
97,25,1.570796
97,39,-1.570796
97,46,1.570796
97,52,-2.356194
97,65,3.141593
97,79,1.570796
98,17,-0.785398
98,20,0.000000
98,21,3.141593
98,25,-1.570796
98,30,-1.570796
98,33,-1.570796
98,36,-1.570796
98,43,-1.570796
98,46,-1.570796
98,56,0.000000
98,57,3.141593
98,61,-2.356194
98,67,3.141593
98,70,-1.570796
98,80,-2.356194
98,81,3.141593
