4,45,1.249046
4,46,2.356194
4,49,0.785398
4,50,1.570796
4,51,2.356194
5,32,0.785398
5,33,1.570796
5,34,2.356194
5,37,0.785398
5,38,1.570796
5,39,2.356194
5,41,0.785398
5,42,1.570796
5,43,2.356194
5,58,0.000000
5,59,1.892547
5,61,1.249046
5,62,2.356194
6,24,0.785398
6,25,2.356194
6,67,2.356194
7,20,0.785398
7,21,2.356194
7,25,-1.570796
7,32,0.321751
7,34,2.819842
7,45,0.000000
7,47,1.892547
7,64,0.321751
7,79,2.356194
8,14,1.249046
8,15,3.141593
8,21,-1.570796
8,45,-0.785398
8,47,-1.249046
9,11,1.249046
9,12,2.356194
9,13,-0.785398
9,32,0.000000
9,49,-1.249046
9,50,3.141593
9,84,2.356194
10,9,1.249046
10,28,1.570796
10,35,-1.249046
10,41,0.321751
10,51,0.785398
10,52,2.356194
10,56,-0.785398
10,57,-1.892547
10,75,0.321751
11,8,0.321751
11,28,0.000000
11,31,-0.785398
11,33,2.819842
11,37,-1.249046
11,39,1.892547
11,47,1.892547
11,75,-0.785398
12,8,-0.785398
12,25,1.570796
12,28,-1.570796
12,33,-1.570796
12,41,-1.570796
13,27,2.356194
13,43,-1.249046
13,69,0.785398
13,70,1.892547
14,8,2.356194
14,37,0.785398
14,45,-1.249046
14,51,-1.570796
14,70,-1.249046
14,71,-2.356194
14,77,0.785398
14,78,1.570796
14,80,-1.892547
15,7,0.321751
15,29,1.570796
15,31,1.570796
15,32,2.356194
15,73,-0.785398
15,74,-1.570796
16,7,-0.785398
16,22,0.785398
16,23,2.356194
16,25,0.785398
16,42,2.356194
16,50,-1.570796
16,52,1.892547
16,76,-1.249046
17,29,-0.321751
17,36,2.356194
17,37,-0.785398
17,46,0.785398
17,52,-1.249046
17,53,-2.356194
17,87,3.141593
18,7,2.356194
18,18,0.785398
18,22,-0.785398
18,33,-0.785398
19,6,0.321751
19,18,-0.785398
19,26,3.141593
19,30,-1.570796
19,41,3.141593
19,47,-1.570796
19,74,2.356194
20,6,-0.785398
20,13,0.000000
20,14,1.570796
20,15,2.356194
20,16,0.785398
20,22,-2.356194
20,23,-0.785398
20,24,-1.892547
20,36,-2.356194
20,37,-0.785398
20,38,-1.892547
20,42,0.000000
20,43,1.570796
20,44,2.356194
20,45,0.785398
20,49,-1.570796
20,66,0.785398
20,67,1.892547
20,81,0.785398
21,17,-1.249046
21,30,-2.356194
21,46,-1.249046
21,67,-1.249046
21,68,-2.356194
21,73,-2.356194
22,14,2.356194
22,19,-1.249046
22,21,1.892547
22,34,0.785398
22,35,1.892547
22,48,-1.249046
22,49,3.141593
22,83,1.570796
23,11,0.000000
23,12,1.570796
23,14,-2.356194
23,21,-1.249046
23,22,-2.356194
23,23,0.785398
23,24,1.570796
23,25,2.356194
23,27,-0.785398
23,40,0.785398
23,41,1.892547
23,43,2.356194
23,50,0.785398
23,51,2.356194
23,72,-1.249046
23,73,-2.356194
23,76,3.141593
23,84,-2.356194
23,87,-0.785398
23,89,2.819842
24,15,0.000000
24,16,1.570796
24,17,2.356194
24,43,-2.356194
24,50,-0.785398
24,64,0.785398
24,65,2.356194
24,89,-2.356194
25,23,-0.785398
25,29,-1.570796
25,41,-1.570796
25,50,2.356194
25,56,0.000000
25,57,1.570796
25,58,2.356194
25,64,-0.785398
25,68,0.785398
25,69,2.356194
26,5,0.321751
26,7,-2.356194
26,11,-0.785398
26,25,-1.249046
26,26,-2.356194
26,27,0.785398
26,37,2.356194
26,39,0.785398
26,49,-0.785398
26,50,-2.356194
26,64,2.356194
26,68,-0.785398
26,73,0.785398
26,74,1.570796
26,75,2.356194
27,5,-0.785398
27,15,-1.249046
27,16,-2.356194
27,30,2.356194
27,40,-1.249046
27,41,3.141593
27,68,2.356194
27,83,0.785398
27,84,1.892547
28,32,0.000000
28,33,1.892547
28,55,-0.785398
28,56,-1.570796
28,57,3.141593
28,65,-2.356194
28,67,-0.785398
28,68,-2.356194
28,74,2.356194
28,84,-1.249046
28,85,3.141593
29,9,2.356194
29,12,-0.785398
29,13,-1.570796
29,15,1.892547
29,23,0.785398
29,24,2.356194
29,63,-0.785398
29,87,0.785398
29,90,2.819842
30,5,0.785398
30,15,-1.249046
30,17,1.892547
30,23,-1.570796
30,28,-0.785398
30,29,-1.570796
30,30,-2.356194
30,32,-0.785398
30,33,-1.892547
30,48,0.785398
30,49,2.356194
30,59,0.785398
30,60,2.356194
30,74,-1.249046
30,75,3.141593
31,5,0.000000
31,10,1.892547
31,17,-1.249046
31,18,-2.356194
31,21,0.785398
31,53,0.785398
31,54,1.892547
31,59,-1.570796
31,61,0.000000
31,64,-2.356194
31,90,-2.356194
32,5,-0.785398
32,11,-2.356194
32,14,3.141593
32,23,2.819842
32,29,0.785398
32,30,1.892547
32,54,-1.249046
32,55,-2.356194
32,57,0.785398
32,91,-2.356194
33,8,-0.321751
33,16,0.000000
33,17,0.785398
33,18,1.892547
33,26,1.249046
33,27,3.141593
33,30,-1.249046
33,31,-2.356194
33,34,-0.785398
33,35,-1.570796
33,36,-2.356194
33,48,-1.249046
33,50,1.892547
33,58,-1.249046
33,60,1.892547
33,62,2.356194
34,9,-1.249046
34,10,-2.356194
34,11,0.785398
34,12,1.892547
34,19,-2.356194
34,22,-0.785398
34,23,-1.570796
34,24,-2.356194
34,50,-1.249046
34,51,-2.356194
34,52,0.785398
34,53,1.892547
35,12,-1.249046
35,13,-2.356194
35,15,0.785398
35,16,1.570796
35,17,3.141593
35,53,-1.249046
35,55,1.892547
35,64,0.785398
35,65,1.892547
36,5,0.785398
36,27,-2.356194
36,48,0.785398
36,49,1.892547
36,59,0.785398
36,65,-1.249046
36,66,-2.356194
36,67,0.785398
36,68,1.892547
36,90,3.141593
37,5,0.000000
37,38,0.785398
37,39,1.892547
37,49,-1.249046
37,50,-2.356194
37,68,-1.249046
37,69,-2.356194
38,5,-0.785398
38,15,-0.785398
38,16,-1.570796
38,17,-2.356194
38,39,-1.249046
38,40,-2.356194
38,42,0.785398
38,43,1.892547
38,54,-0.785398
38,55,-2.356194
38,85,0.785398
38,86,1.892547
39,60,3.141593
39,66,3.141593
39,86,-1.249046
39,88,1.892547
40,5,0.785398
40,43,-1.570796
40,49,0.785398
40,50,1.892547
40,88,-1.249046
40,89,-2.356194
40,90,3.141593
41,5,0.000000
41,41,0.785398
41,50,-1.249046
41,51,-2.356194
41,64,0.785398
41,65,1.892547
42,5,-0.785398
42,42,-1.249046
42,43,-2.356194
42,67,3.141593
43,33,0.785398
43,34,1.892547
43,60,-2.356194
43,74,0.000000
43,75,1.892547
43,89,3.141593
44,38,0.785398
44,39,1.892547
44,76,-2.356194
45,4,0.321751
45,6,-2.356194
45,34,-0.785398
45,39,-1.249046
45,40,-2.356194
45,41,0.785398
45,42,1.570796
45,43,2.356194
45,53,1.570796
45,58,1.249046
45,62,1.570796
45,63,2.356194
45,65,-0.785398
45,66,-1.570796
45,67,3.141593
45,74,1.570796
46,4,-0.785398
46,46,0.785398
46,55,2.356194
46,68,0.000000
46,72,0.785398
46,74,-2.819842
47,33,-0.785398
47,34,-1.570796
47,35,-2.356194
47,42,2.356194
47,47,-1.570796
47,58,-1.570796
47,62,-2.819842
47,90,3.141593
48,4,0.785398
48,41,-0.785398
48,42,-2.356194
48,49,2.356194
48,51,-0.785398
48,52,-1.570796
48,59,0.000000
48,60,-0.785398
48,61,-1.892547
48,67,-1.570796
48,75,0.785398
48,76,1.892547
49,4,0.000000
49,10,0.785398
49,11,1.570796
49,12,2.356194
49,81,1.570796
50,4,-0.785398
50,56,0.000000
50,70,2.356194
50,81,0.000000
50,85,0.785398
50,86,1.892547
51,54,2.356194
51,69,-0.785398
51,75,0.000000
51,76,-2.356194
52,53,-0.785398
52,67,2.356194
52,73,1.249046
52,74,3.141593
52,77,1.570796
52,79,1.249046
52,81,-2.356194
52,86,-0.785398
52,91,3.141593
53,42,0.785398
53,44,-1.892547
53,50,3.141593
53,65,1.249046
53,66,3.141593
53,72,-0.785398
53,73,-1.892547
53,77,0.000000
53,79,-1.892547
54,4,0.785398
54,11,-0.785398
54,12,-1.570796
54,13,-2.356194
54,21,0.785398
54,22,2.356194
54,64,-0.785398
54,65,-1.892547
54,77,-1.570796
54,85,1.570796
55,4,-0.321751
55,6,2.356194
55,40,0.785398
55,53,3.141593
55,68,1.249046
55,69,3.141593
55,74,1.249046
55,75,2.356194
55,81,0.000000
55,82,-1.570796
56,22,-0.785398
56,23,-2.356194
56,28,3.141593
56,49,0.000000
56,66,1.249046
56,68,-1.892547
56,79,1.249046
56,80,3.141593
56,87,1.570796
56,88,2.356194
57,41,-1.570796
57,46,3.141593
57,65,0.000000
57,66,-1.892547
57,72,0.000000
57,73,-1.892547
57,78,0.000000
57,79,-1.892547
57,91,3.141593
58,10,1.249046
58,11,2.356194
58,33,3.141593
58,35,0.000000
58,39,0.785398
58,40,2.356194
58,87,-2.819842
59,27,0.785398
59,40,-2.356194
59,60,1.249046
59,61,2.356194
59,67,1.249046
59,68,2.356194
59,81,0.000000
59,82,-1.892547
59,86,-0.785398
60,10,-2.356194
60,22,1.249046
60,23,2.356194
60,28,-1.249046
60,29,-2.356194
60,32,3.141593
60,40,0.785398
60,59,0.000000
60,60,-1.892547
60,66,0.000000
60,67,-1.892547
60,86,0.000000
61,17,1.249046
61,18,2.356194
61,21,-0.785398
61,22,-1.892547
61,34,0.000000
61,40,0.000000
61,56,1.249046
61,57,2.356194
61,78,1.570796
61,87,0.785398
61,88,2.356194
62,6,0.785398
62,10,-2.356194
62,38,1.570796
62,54,1.249046
62,56,-1.892547
62,76,1.249046
62,78,-2.356194
62,87,-0.785398
62,90,3.141593
63,6,-0.785398
63,40,-2.356194
63,53,-0.785398
63,54,-1.892547
63,60,-0.785398
63,68,-0.785398
63,75,0.000000
63,76,-1.892547
64,6,0.785398
64,19,0.000000
64,36,0.000000
64,45,1.249046
64,46,2.356194
64,86,0.785398
65,6,-0.321751
65,8,2.356194
65,18,-2.356194
65,57,2.356194
65,65,1.570796
65,86,0.000000
66,15,3.141593
66,26,1.249046
66,27,2.356194
66,37,3.141593
66,44,-0.785398
66,65,0.785398
66,69,0.785398
66,70,2.356194
66,86,-0.785398
66,89,0.000000
66,90,1.892547
67,25,-0.785398
67,26,-1.892547
67,65,-0.785398
67,66,-2.356194
67,75,2.356194
67,86,2.356194
67,91,2.819842
68,16,0.785398
68,17,1.570796
68,18,2.356194
68,36,0.000000
68,38,2.819842
68,46,0.785398
68,47,2.356194
68,70,0.000000
68,86,3.141593
68,91,-2.356194
69,6,0.321751
69,8,-2.356194
69,46,-1.570796
69,70,-1.570796
69,91,2.356194
70,6,-0.785398
70,16,0.000000
70,37,0.321751
70,39,-2.356194
70,43,0.785398
70,44,1.570796
70,45,3.141593
70,86,0.000000
70,89,0.785398
70,91,-2.819842
71,6,0.785398
71,19,1.249046
71,20,3.141593
71,64,1.249046
71,65,2.356194
71,86,-0.785398
72,6,-0.321751
72,8,2.356194
72,18,0.000000
72,19,-1.892547
72,37,3.141593
72,45,-2.356194
72,63,-0.785398
72,64,-1.892547
73,17,-0.785398
73,37,-1.570796
73,39,1.249046
73,40,2.356194
73,42,3.141593
73,56,1.249046
73,57,2.356194
74,50,0.000000
74,86,0.785398
74,91,2.356194
75,7,0.785398
75,16,2.356194
75,19,0.000000
75,48,3.141593
75,62,2.356194
75,64,0.000000
75,76,1.249046
75,77,2.356194
75,89,1.570796
76,7,0.000000
76,31,0.000000
76,57,-2.356194
76,75,-0.785398
76,76,-1.892547
77,7,-0.785398
77,29,3.141593
77,53,3.141593
77,89,-2.819842
78,24,1.249046
78,25,2.356194
78,37,0.000000
78,39,2.819842
79,22,1.249046
79,24,-1.892547
79,39,-1.570796
79,60,0.000000
80,21,0.000000
80,22,-1.892547
80,29,1.249046
80,30,2.356194
80,40,0.000000
80,58,3.141593
80,86,-0.321751
80,88,-2.819842
81,16,1.249046
81,17,2.356194
81,28,-0.785398
81,29,-1.892547
81,40,2.356194
81,72,0.785398
81,73,2.356194
82,24,1.249046
82,25,3.141593
82,39,-0.785398
82,40,-2.356194
82,63,0.000000
82,73,-2.356194
82,87,2.356194
83,22,1.249046
83,24,-1.892547
83,41,1.570796
83,45,1.249046
83,46,2.356194
83,59,3.141593
83,87,3.141593
84,20,1.249046
84,22,-1.892547
84,28,1.249046
84,29,2.356194
84,71,1.249046
84,73,-1.570796
84,74,-2.356194
85,18,1.249046
85,20,-1.892547
85,26,1.249046
85,28,-1.892547
85,39,0.000000
85,40,-0.785398
85,41,-1.892547
85,50,2.356194
85,64,1.249046
85,65,2.356194
85,67,0.785398
85,68,1.570796
85,84,-0.785398
85,85,-1.570796
85,87,3.141593
86,17,0.321751
86,24,0.000000
86,25,-0.785398
86,26,-1.892547
86,63,-0.785398
86,64,-1.892547
86,78,3.141593
86,87,-2.356194
87,32,3.141593
87,47,-1.570796
87,55,1.249046
87,56,2.356194
87,70,3.141593
87,73,1.249046
87,75,1.570796
88,15,1.249046
88,17,-1.570796
88,18,-2.356194
88,21,3.141593
88,28,1.249046
88,29,2.356194
88,43,-0.785398
88,44,-1.892547
88,52,1.249046
88,53,2.356194
88,54,-0.785398
88,55,-1.892547
89,9,-0.785398
89,26,0.000000
89,27,-0.785398
89,28,-1.892547
89,35,0.000000
89,65,1.249046
89,75,-2.819842
90,33,2.356194
90,52,-1.249046
90,53,3.141593
90,61,0.785398
90,62,1.570796
90,72,-1.249046
90,87,2.356194
91,28,1.249046
91,29,2.356194
91,48,-0.785398
91,49,-1.892547
91,54,0.785398
91,55,2.356194
91,87,3.141593
92,13,-1.570796
92,36,0.000000
92,37,3.141593
92,54,-0.785398
92,62,-0.321751
92,74,-0.321751
92,87,-2.356194
93,21,1.249046
93,22,2.356194
93,26,-0.785398
93,27,-1.892547
93,33,3.141593
93,54,2.356194
93,75,-1.249046
93,77,1.892547
94,31,-0.785398
94,39,0.000000
94,49,1.249046
94,50,2.356194
94,51,0.785398
94,54,-2.819842
94,59,0.000000
94,61,3.141593
94,65,1.892547
94,86,1.570796
95,19,-0.785398
95,37,3.141593
95,48,-0.785398
95,65,-1.249046
95,66,-2.356194
95,67,3.141593
95,70,0.000000
95,81,1.570796
95,85,0.000000
96,28,3.141593
96,54,3.141593
97,31,1.249046
97,32,2.356194
97,39,1.249046
97,40,2.356194
97,49,0.000000
97,50,-1.892547
97,58,3.141593
97,60,0.000000
97,77,-1.249046
97,78,-2.356194
97,80,-0.785398
97,81,-1.892547
98,29,0.000000
98,30,-0.785398
98,31,-1.892547
98,37,0.000000
98,38,-0.785398
98,39,-1.892547
98,47,0.000000
98,70,3.141593
