13,46,1.249046
13,47,2.356194
13,65,0.785398
13,66,1.892547
14,28,1.249046
14,29,2.356194
15,46,-2.356194
15,66,-0.785398
16,19,2.356194
16,26,-0.785398
16,66,2.356194
17,18,-1.570796
17,64,1.249046
17,66,3.141593
18,66,-2.356194
18,80,2.356194
20,18,3.141593
20,46,0.785398
20,61,0.321751
21,46,0.000000
21,61,-1.570796
22,14,0.321751
22,46,-0.785398
23,14,-0.785398
23,60,2.356194
24,74,0.321751
25,14,2.356194
26,13,0.321751
26,37,1.570796
26,56,1.249046
26,62,-2.356194
26,70,1.249046
26,74,-2.819842
27,13,-0.785398
27,37,0.000000
27,39,1.892547
27,46,2.356194
27,55,-0.785398
27,56,-1.892547
28,41,1.570796
28,43,1.570796
28,44,2.356194
28,67,0.000000
29,13,2.356194
29,36,0.321751
29,39,-1.892547
29,61,-1.249046
29,62,3.141593
29,68,-1.249046
29,73,-1.892547
29,75,-2.356194
30,36,-0.785398
30,42,-2.356194
30,46,-0.785398
30,53,0.785398
30,54,1.570796
30,55,2.356194
30,86,3.141593
31,30,1.249046
31,64,0.000000
31,65,1.892547
32,10,0.321751
32,27,0.321751
32,56,-1.570796
32,58,1.570796
32,72,3.141593
33,10,-1.570796
33,32,-1.570796
33,33,-2.356194
33,45,-0.785398
33,46,-1.570796
33,47,-2.356194
33,49,0.785398
33,73,0.000000
33,78,1.892547
34,50,-1.570796
34,70,-2.356194
34,79,-2.356194
34,82,-2.356194
35,35,0.000000
35,36,-2.356194
36,24,0.000000
36,25,1.892547
36,31,2.356194
36,32,0.785398
36,54,0.785398
36,56,1.892547
36,71,0.785398
36,72,2.356194
37,20,0.785398
37,21,2.356194
37,35,-2.356194
37,36,-0.785398
37,37,-1.570796
37,39,1.570796
37,40,2.356194
37,58,2.356194
37,59,0.785398
37,71,-0.785398
37,77,1.570796
37,82,0.785398
37,88,2.356194
38,20,-0.785398
38,54,0.000000
38,68,0.785398
38,77,-0.321751
38,82,0.000000
38,86,0.785398
38,88,-2.819842
39,25,-0.785398
39,26,-1.570796
39,28,-1.570796
39,30,-1.570796
39,31,-2.356194
39,32,-0.785398
39,33,-1.570796
39,34,-2.356194
39,35,0.785398
39,36,1.892547
39,47,0.785398
39,54,-1.570796
39,60,-0.785398
39,69,-2.356194
39,82,-1.570796
40,36,-1.249046
40,47,-0.785398
40,48,-2.356194
40,50,3.141593
40,53,-0.785398
40,60,-1.570796
40,63,-1.570796
40,73,0.785398
40,76,1.249046
40,77,3.141593
40,81,3.141593
40,86,0.321751
40,89,2.356194
41,39,2.356194
41,40,0.785398
41,41,1.570796
41,42,2.356194
41,46,1.570796
41,66,-1.570796
41,69,-1.570796
41,74,-2.356194
42,10,3.141593
42,20,0.785398
42,37,-0.785398
42,38,-1.892547
42,44,0.785398
42,46,-2.356194
42,57,-1.570796
42,60,1.570796
42,76,-2.356194
42,86,0.000000
43,7,0.321751
43,20,-0.785398
43,21,-2.356194
43,41,0.785398
43,51,2.356194
43,66,0.785398
43,81,0.785398
43,86,-0.785398
44,7,-0.785398
44,15,1.249046
44,16,2.356194
44,41,-0.785398
44,44,-2.819842
44,67,-2.356194
44,69,1.570796
44,81,-0.785398
45,13,0.000000
45,36,0.785398
45,54,1.570796
46,40,2.356194
46,50,-1.570796
46,57,1.570796
46,64,1.570796
46,69,-1.570796
46,76,-1.570796
46,85,2.356194
46,86,-0.785398
46,88,2.819842
47,7,2.356194
47,37,0.000000
47,40,3.141593
47,57,0.785398
47,82,-0.785398
47,88,-1.570796
47,91,-1.570796
48,6,0.321751
48,16,-1.892547
48,29,1.249046
48,30,2.356194
48,34,0.785398
48,35,1.892547
48,40,-1.570796
48,57,-0.321751
48,58,2.819842
48,64,-1.570796
48,84,-2.356194
49,6,-0.785398
49,23,1.249046
49,24,2.356194
49,28,-0.785398
49,29,-1.892547
49,37,3.141593
49,47,0.785398
49,51,1.570796
49,58,-2.356194
49,61,-1.570796
49,73,1.570796
49,84,0.785398
50,22,-0.785398
50,23,-1.892547
50,41,2.356194
50,47,-0.321751
50,48,2.819842
50,73,-1.570796
50,84,-0.321751
51,6,2.356194
51,33,0.785398
51,35,-2.819842
51,37,-0.321751
51,39,2.356194
51,41,3.141593
51,48,-2.356194
51,58,-1.570796
51,77,1.570796
51,86,2.819842
52,5,0.321751
52,12,0.785398
52,13,1.570796
52,14,3.141593
52,23,1.249046
52,24,2.356194
52,30,3.141593
52,41,-2.356194
52,65,1.570796
52,74,1.570796
52,84,0.785398
52,90,2.356194
53,5,-1.570796
53,17,1.249046
53,18,2.356194
53,22,-0.785398
53,23,-1.892547
53,34,3.141593
53,84,-0.321751
53,86,-2.819842
53,90,3.141593
54,14,-2.356194
54,16,-0.785398
54,17,-1.892547
54,34,-2.356194
54,51,0.785398
54,55,0.785398
54,62,1.570796
54,65,-1.570796
54,74,-1.570796
54,77,-1.570796
54,81,1.570796
55,11,-0.785398
55,12,-1.892547
55,34,2.356194
55,51,-0.321751
55,52,2.819842
55,55,-0.321751
55,56,2.819842
55,81,-1.570796
56,32,0.785398
56,34,-2.819842
56,52,-2.356194
56,56,-2.356194
56,69,1.570796
57,14,1.249046
57,15,2.356194
57,66,1.570796
57,69,-1.570796
58,13,-0.785398
58,14,-1.892547
58,34,3.141593
58,60,1.570796
58,63,0.785398
59,8,1.249046
59,9,2.356194
59,19,0.000000
59,38,0.785398
59,56,0.785398
59,63,-0.321751
59,64,2.819842
59,88,0.785398
60,3,0.321751
60,5,-2.356194
60,7,-0.785398
60,8,-1.892547
60,32,-2.356194
60,38,-0.321751
60,39,2.819842
60,56,-0.321751
60,57,2.819842
60,60,0.785398
60,64,-2.356194
60,70,0.785398
60,88,0.000000
61,3,-0.785398
61,13,1.249046
61,14,2.356194
61,15,3.141593
61,22,0.000000
61,35,0.000000
61,39,-2.356194
61,57,-2.356194
61,60,-0.321751
61,61,2.819842
61,64,-1.570796
61,77,1.570796
61,83,0.785398
61,88,-0.785398
61,90,0.000000
62,12,-0.785398
62,13,-1.892547
62,19,1.570796
62,30,0.000000
62,33,-2.356194
62,57,0.785398
62,61,-2.356194
62,68,-1.570796
62,71,0.785398
62,74,0.785398
62,77,-1.570796
62,84,-2.356194
62,91,-2.356194
63,3,0.785398
63,7,1.249046
63,8,2.356194
63,25,1.249046
63,26,2.356194
63,49,2.356194
63,57,-0.321751
63,58,2.819842
63,61,0.785398
63,65,1.570796
63,71,-0.321751
63,72,2.819842
63,88,0.785398
63,91,2.356194
64,3,0.000000
64,6,-0.785398
64,7,-1.892547
64,18,-0.785398
64,19,-1.570796
64,20,-2.356194
64,24,-0.785398
64,25,-1.892547
64,46,0.000000
64,47,1.570796
64,49,-2.356194
64,58,-2.356194
64,61,-0.321751
64,62,2.819842
64,69,1.570796
64,72,-1.570796
64,88,0.000000
64,90,-0.785398
65,3,-0.785398
65,82,0.785398
65,88,-0.785398
66,3,0.785398
66,28,3.141593
66,31,-0.785398
66,33,-2.356194
66,62,-0.321751
66,63,2.819842
66,73,-1.570796
66,76,-1.570796
66,83,-2.356194
67,3,-0.785398
67,4,-2.356194
67,33,2.356194
67,40,0.785398
67,43,2.356194
67,63,-2.356194
67,67,-2.356194
68,2,-0.785398
68,12,1.249046
68,13,2.356194
68,40,-0.321751
68,43,-2.356194
68,55,0.785398
68,59,0.785398
68,63,0.785398
68,70,-1.570796
68,74,1.570796
68,77,0.785398
68,84,0.785398
69,7,1.249046
69,8,2.356194
69,11,-0.785398
69,12,-1.892547
69,30,0.000000
69,31,-0.785398
69,35,-0.785398
69,37,2.819842
69,55,-0.321751
69,56,2.819842
69,59,-0.321751
69,63,-0.321751
69,64,2.819842
69,68,1.570796
69,78,-2.356194
69,87,-0.785398
70,5,1.249046
70,7,-1.892547
70,14,1.249046
70,15,2.356194
70,22,0.785398
70,23,1.892547
70,37,-1.570796
70,44,0.785398
70,48,2.356194
70,61,2.819842
70,64,-1.570796
70,75,-2.356194
70,82,0.785398
71,4,0.000000
71,5,-1.892547
71,13,-0.785398
71,14,-1.892547
71,23,-1.249046
71,24,-2.356194
71,32,-0.785398
71,34,2.819842
71,44,-0.321751
71,46,2.356194
71,48,3.141593
71,56,-0.321751
71,57,2.819842
71,68,-1.570796
72,34,-2.356194
72,57,-2.356194
72,61,-0.321751
72,86,0.785398
73,2,-0.785398
73,6,1.249046
73,7,2.356194
73,45,0.785398
73,49,2.819842
73,63,2.819842
73,77,0.785398
73,81,0.785398
74,5,0.000000
74,6,-1.892547
74,12,1.249046
74,13,2.356194
74,38,2.356194
74,45,0.000000
74,47,2.356194
74,49,-2.356194
74,63,-1.570796
74,67,-2.356194
74,74,1.570796
74,78,1.570796
75,3,0.000000
75,9,1.249046
75,10,2.356194
75,11,-0.785398
75,12,-1.892547
75,33,-0.785398
75,36,2.356194
75,37,-0.785398
75,38,-2.356194
75,45,-1.570796
75,47,-2.356194
75,49,0.785398
75,54,1.570796
75,72,1.570796
75,79,3.141593
75,83,-2.356194
76,8,0.000000
76,9,-1.892547
76,43,0.785398
76,44,3.141593
76,47,0.785398
76,50,2.819842
76,54,-0.321751
76,55,2.819842
76,58,0.785398
76,64,-1.570796
76,75,0.000000
77,14,1.249046
77,15,2.356194
77,24,3.141593
77,26,0.000000
77,30,3.141593
77,39,0.785398
77,47,0.000000
77,50,-1.570796
77,58,-0.321751
77,62,0.785398
77,76,-1.570796
77,80,-1.570796
78,4,1.249046
78,5,3.141593
78,10,1.249046
78,11,2.356194
78,13,-0.785398
78,14,-1.892547
78,36,0.785398
78,43,3.141593
78,47,-0.785398
78,51,1.570796
78,55,-0.321751
78,56,2.819842
78,60,2.819842
78,63,1.570796
78,71,0.321751
78,77,0.000000
78,86,0.785398
78,91,-1.570796
79,3,0.000000
79,4,-1.892547
79,37,-2.356194
79,43,-1.570796
79,51,-0.321751
79,52,2.819842
79,56,-1.570796
79,64,3.141593
79,71,-0.785398
79,78,-1.570796
79,82,0.785398
79,88,0.785398
80,7,1.249046
80,9,-1.892547
80,29,3.141593
80,60,-0.321751
80,65,1.570796
80,74,-1.249046
80,79,0.000000
80,80,1.892547
80,84,2.356194
81,2,-1.570796
81,6,0.000000
81,7,-1.892547
81,14,1.249046
81,15,2.356194
81,32,0.785398
81,38,0.321751
81,40,2.819842
81,52,-0.321751
81,57,0.785398
81,62,2.819842
81,65,-0.321751
81,66,2.819842
81,72,-2.356194
81,76,-1.570796
81,80,-1.249046
81,86,-2.356194
81,89,-0.321751
81,90,2.819842
82,4,0.000000
82,10,1.249046
82,11,2.356194
82,13,-0.785398
82,14,-1.892547
82,38,-1.570796
82,40,-1.570796
82,49,1.570796
82,54,2.819842
82,57,-0.321751
82,66,-1.570796
82,77,1.570796
82,86,0.785398
82,90,-2.356194
83,8,1.249046
83,10,-1.892547
83,24,0.000000
83,29,3.141593
83,36,0.785398
83,49,-0.321751
83,50,2.819842
83,61,0.000000
83,62,-1.570796
83,63,3.141593
83,67,0.000000
83,77,-0.321751
83,82,2.356194
83,86,-0.321751
83,87,2.819842
84,17,0.000000
84,41,0.785398
84,54,-0.321751
84,64,1.570796
84,71,0.000000
84,72,3.141593
84,81,0.000000
84,82,-2.356194
84,87,-2.356194
85,6,0.000000
85,7,-1.892547
85,13,0.000000
85,14,3.141593
85,42,2.819842
85,50,-0.785398
85,51,3.141593
85,56,2.819842
85,60,-1.570796
85,64,-0.321751
85,65,2.819842
85,68,-0.321751
85,69,2.819842
85,77,0.785398
85,83,0.000000
86,5,1.570796
86,11,3.141593
86,27,3.141593
86,35,0.785398
86,39,-1.249046
86,48,1.249046
86,49,3.141593
86,56,-1.570796
86,61,1.570796
86,69,-1.570796
86,77,0.000000
86,84,-2.356194
87,5,-2.819842
87,17,0.000000
87,20,3.141593
87,29,0.000000
87,30,3.141593
87,36,-2.356194
87,41,-0.785398
87,42,-1.570796
87,43,-2.356194
87,45,-0.785398
87,46,-1.570796
87,61,-0.321751
87,65,-0.321751
87,66,2.819842
88,3,0.000000
88,4,-1.892547
88,13,0.000000
88,15,3.141593
88,48,-2.356194
88,58,1.570796
88,63,2.819842
88,77,3.141593
88,91,-1.570796
89,2,-0.785398
89,25,3.141593
89,39,1.570796
89,48,0.785398
89,53,2.356194
89,58,-0.321751
89,59,2.819842
89,63,-2.356194
89,77,-1.570796
89,85,0.785398
90,6,1.570796
90,17,3.141593
90,19,0.000000
90,39,-1.570796
90,48,-0.321751
90,50,2.356194
90,69,0.785398
90,73,1.570796
90,75,-2.356194
90,86,2.819842
91,5,0.321751
91,6,-2.819842
91,13,1.249046
91,14,2.356194
91,44,0.785398
91,55,0.785398
91,56,1.570796
91,57,2.356194
91,58,-0.785398
91,61,2.356194
91,62,-0.785398
91,82,0.785398
91,86,-2.356194
92,5,-1.570796
92,12,-0.785398
92,13,-1.892547
92,53,-0.785398
92,67,-2.356194
92,70,0.785398
92,86,-1.570796
92,89,2.356194
93,22,3.141593
93,24,0.000000
93,33,0.785398
93,60,0.785398
93,67,0.785398
93,70,-0.321751
93,71,2.819842
93,80,0.785398
93,89,-2.819842
94,3,0.785398
94,34,-2.356194
94,42,0.785398
94,46,-1.570796
94,50,-2.356194
94,53,-1.570796
94,60,-0.321751
94,61,2.819842
94,67,-0.321751
94,68,2.819842
94,71,-2.356194
94,80,-0.785398
94,83,-2.356194
94,87,0.321751
95,3,-0.785398
95,4,-2.356194
95,30,0.000000
95,31,1.892547
95,61,-2.356194
95,64,-1.570796
95,68,-2.356194
95,74,-1.570796
95,87,-0.785398
96,2,-0.785398
96,24,0.000000
96,32,2.819842
96,36,0.785398
96,61,-1.570796
97,27,3.141593
97,32,-1.570796
97,52,1.570796
97,58,-1.570796
97,65,0.000000
97,66,3.141593
97,75,1.570796
97,81,-2.356194
98,11,-1.570796
98,18,0.000000
98,20,3.141593
98,33,-2.356194
98,37,-1.570796
98,44,-1.570796
98,52,-1.570796
98,70,-2.356194
98,72,-1.570796
98,75,-1.570796
98,78,-1.570796
98,84,-1.570796
98,88,-2.356194
