5,40,0.785398
5,41,1.570796
5,42,2.356194
5,45,0.785398
5,46,1.892547
5,49,1.249046
5,50,2.356194
5,58,0.785398
5,59,1.570796
5,60,2.356194
6,16,1.249046
6,17,2.356194
6,35,1.249046
6,36,3.141593
7,50,2.819842
8,14,-0.785398
8,29,1.570796
8,32,1.249046
8,50,-2.356194
8,75,1.249046
8,76,2.356194
9,27,1.892547
9,37,1.892547
9,42,1.570796
9,50,0.785398
10,25,-1.570796
10,39,2.356194
10,47,0.785398
10,52,0.785398
10,53,1.570796
10,55,1.570796
10,57,1.892547
10,62,1.249046
10,63,2.356194
10,84,2.356194
11,24,1.570796
11,27,-0.785398
11,49,-0.785398
11,50,-1.892547
11,73,-1.249046
11,75,3.141593
12,7,0.321751
12,9,3.141593
12,18,0.785398
12,24,-2.819842
12,46,0.000000
12,47,-1.892547
12,55,-1.570796
13,7,-1.570796
13,18,0.000000
13,20,1.570796
13,21,2.356194
13,43,-1.570796
13,44,-2.356194
13,58,-1.570796
13,63,-2.356194
13,70,-2.356194
13,75,-2.819842
13,85,2.356194
14,18,-0.785398
14,23,-1.249046
14,24,3.141593
14,27,1.249046
14,50,1.249046
14,51,3.141593
14,61,-1.892547
14,72,0.785398
15,12,1.570796
15,48,1.249046
15,55,2.356194
15,57,0.785398
15,83,0.321751
16,12,0.000000
16,21,2.819842
16,24,0.000000
16,33,-2.356194
16,36,-1.570796
16,39,-0.785398
16,52,-0.785398
16,68,2.356194
17,12,-0.785398
17,18,1.570796
17,23,1.570796
17,26,1.570796
17,33,0.785398
17,35,1.570796
17,43,2.356194
17,54,-1.570796
17,63,1.249046
17,71,0.785398
17,75,2.356194
17,77,-0.785398
17,78,-1.892547
17,83,3.141593
18,17,-0.785398
18,18,-2.356194
18,23,3.141593
18,26,0.000000
18,28,-0.785398
18,56,2.356194
19,6,0.785398
19,19,0.785398
19,21,-1.892547
19,23,-1.570796
19,37,2.356194
19,42,-2.819842
19,52,1.249046
19,53,2.356194
19,67,-1.570796
19,68,-2.356194
20,6,0.000000
20,14,3.141593
20,24,0.785398
20,26,-2.356194
20,46,0.785398
20,50,-2.356194
20,55,-1.570796
20,76,2.356194
21,6,-0.785398
21,17,1.249046
21,19,3.141593
21,56,1.570796
21,60,1.249046
21,61,2.356194
21,63,-0.785398
21,64,-2.356194
21,90,2.356194
22,14,0.000000
22,19,-2.356194
22,24,-2.356194
22,42,2.356194
22,50,2.356194
22,65,0.785398
22,66,2.356194
22,74,-0.785398
22,87,0.785398
22,88,2.356194
22,90,3.141593
23,11,2.356194
23,17,-1.570796
23,25,0.785398
23,26,2.356194
23,39,0.000000
23,41,-1.892547
23,47,-0.785398
23,76,-1.249046
23,77,-2.356194
23,78,0.785398
23,79,1.570796
23,90,-2.356194
24,46,0.000000
24,58,-0.785398
24,59,-1.570796
24,61,1.570796
24,62,2.356194
24,64,-0.785398
24,65,-1.570796
24,66,3.141593
24,90,2.356194
25,10,0.000000
25,12,-1.892547
25,16,2.356194
25,17,-0.785398
25,18,-1.892547
25,25,3.141593
25,33,-1.570796
25,38,3.141593
25,40,1.570796
25,47,1.570796
25,51,-0.785398
25,52,-1.892547
25,56,-1.892547
25,67,0.785398
25,68,2.356194
25,71,-0.785398
25,72,-1.570796
25,73,-2.356194
25,77,0.785398
25,90,3.141593
26,7,1.570796
26,20,-0.321751
26,25,-1.570796
26,31,-2.356194
26,42,3.141593
26,80,-2.356194
26,90,-2.356194
27,28,-2.819842
27,31,0.785398
27,45,1.249046
27,53,0.000000
27,54,-2.356194
27,60,-0.785398
27,61,-1.570796
27,62,-2.356194
27,78,-0.785398
27,84,2.356194
27,85,0.785398
27,87,-2.819842
28,6,0.321751
28,14,1.570796
28,19,1.249046
28,21,-2.356194
28,31,-0.785398
28,50,2.356194
28,67,-1.249046
28,68,-2.356194
28,69,0.785398
28,70,1.570796
28,71,2.356194
28,73,0.785398
28,74,1.892547
28,90,2.356194
29,6,-0.785398
29,18,0.000000
29,22,0.785398
29,23,2.356194
29,29,2.356194
29,35,-0.785398
29,42,-1.892547
29,77,-0.785398
29,78,-1.570796
29,79,3.141593
29,86,-0.785398
29,87,-2.356194
29,90,3.141593
30,11,-1.892547
30,17,2.356194
30,20,1.570796
30,38,0.785398
30,47,-0.785398
30,48,-1.892547
30,54,1.249046
30,55,2.356194
30,56,0.785398
30,57,1.570796
30,58,2.356194
30,68,0.785398
30,82,-0.785398
30,83,-1.570796
30,85,2.356194
30,90,-2.356194
31,17,-1.570796
31,20,0.000000
31,27,-0.785398
31,28,-2.356194
31,33,-2.819842
31,38,-1.570796
31,40,-1.570796
31,52,1.249046
31,69,-1.249046
31,70,-2.356194
31,73,-0.785398
31,74,-1.570796
31,75,3.141593
31,85,-1.570796
32,15,2.356194
32,18,1.570796
32,29,1.570796
32,36,1.249046
32,37,3.141593
32,49,1.249046
32,50,2.356194
32,78,0.785398
32,79,1.892547
32,87,0.785398
33,6,0.785398
33,8,1.249046
33,9,2.356194
33,15,3.141593
33,18,0.000000
33,20,3.141593
33,29,-0.785398
33,46,1.249046
33,47,2.356194
33,56,-0.785398
33,57,-1.570796
33,58,-2.356194
33,79,-1.249046
33,80,-2.356194
33,90,3.141593
34,11,2.356194
34,18,-1.570796
34,54,-1.892547
34,84,0.785398
34,85,1.892547
34,88,-1.570796
35,5,0.321751
35,17,2.356194
35,20,0.000000
35,25,1.249046
35,26,3.141593
35,41,0.000000
35,42,-0.785398
35,49,-1.570796
35,50,-2.356194
35,75,0.785398
35,76,1.892547
36,5,-0.785398
36,7,-1.249046
36,9,-1.892547
36,17,-1.570796
36,20,-0.785398
36,25,-1.892547
36,36,3.141593
36,40,3.141593
36,47,-1.892547
36,57,1.249046
36,58,2.356194
36,77,-2.356194
36,91,2.356194
37,18,1.570796
37,38,0.000000
37,39,-1.892547
37,44,0.000000
37,45,-1.892547
37,54,0.785398
37,55,1.570796
37,57,-1.892547
37,70,0.785398
37,71,1.892547
37,75,1.570796
38,5,0.785398
38,18,0.000000
38,20,-1.570796
38,28,-0.785398
38,34,-0.785398
38,35,-1.570796
38,36,-2.356194
38,41,1.249046
38,42,2.356194
38,51,-0.785398
38,52,-1.892547
38,75,3.141593
39,7,2.356194
39,11,1.570796
39,13,-1.570796
39,25,0.785398
39,26,2.356194
39,32,2.356194
39,39,0.785398
39,59,0.000000
39,62,3.141593
39,71,-0.785398
39,75,-1.570796
39,83,0.321751
39,85,-2.356194
39,87,0.785398
39,88,2.356194
40,4,0.321751
40,9,2.356194
40,14,0.000000
40,18,3.141593
40,26,-1.570796
40,32,-2.356194
40,37,1.249046
40,38,3.141593
40,45,1.249046
40,46,2.356194
40,55,2.356194
40,71,0.785398
40,83,-0.785398
40,88,-1.570796
41,4,-0.785398
41,6,-1.249046
41,18,-1.570796
41,21,0.000000
41,22,-1.892547
41,29,-1.892547
41,32,0.785398
41,36,-0.785398
41,42,1.570796
41,43,2.356194
41,55,3.141593
41,72,-2.356194
41,75,-0.785398
41,76,-1.570796
41,77,-2.356194
41,91,3.141593
42,20,3.141593
42,38,0.785398
42,61,3.141593
42,63,0.000000
42,64,3.141593
42,84,-2.356194
42,85,0.785398
42,86,1.892547
43,12,-1.570796
43,16,0.785398
43,17,2.356194
43,18,-0.785398
43,19,-1.892547
43,38,-1.570796
43,40,-2.356194
43,43,1.570796
43,53,1.249046
43,55,-1.570796
43,56,-2.356194
43,80,0.000000
43,81,-0.785398
43,86,-1.249046
43,87,3.141593
44,14,0.785398
44,24,0.000000
44,25,-1.892547
44,36,2.356194
44,40,0.785398
44,43,-0.785398
44,51,1.249046
44,60,0.000000
44,62,3.141593
45,3,0.785398
45,22,1.249046
45,23,3.141593
45,28,1.249046
45,30,-1.892547
45,47,1.249046
45,49,1.570796
45,51,-1.892547
45,55,3.141593
45,91,3.141593
46,3,-0.321751
46,5,2.356194
46,8,0.000000
46,9,-1.892547
46,14,-1.892547
46,21,0.000000
46,22,-1.892547
46,27,0.000000
46,28,-1.892547
46,33,1.249046
46,35,3.141593
46,45,-0.785398
46,47,-1.892547
46,80,1.570796
47,7,3.141593
47,26,1.570796
47,31,1.249046
47,33,-1.892547
47,35,-1.570796
47,37,1.249046
47,38,3.141593
47,42,1.249046
47,44,2.356194
47,49,-0.785398
47,50,-2.356194
47,52,3.141593
47,81,3.141593
47,89,3.141593
48,3,0.321751
48,6,-1.892547
48,37,-1.892547
48,42,-1.892547
48,47,1.249046
48,48,3.141593
48,61,0.000000
48,65,3.141593
49,3,-1.570796
49,24,0.000000
49,34,1.249046
49,35,3.141593
49,47,-1.892547
49,85,0.785398
49,86,1.892547
50,43,0.000000
50,52,3.141593
51,8,1.570796
51,20,1.249046
51,21,3.141593
51,32,0.321751
51,47,2.356194
51,59,0.000000
51,60,0.785398
51,61,1.892547
51,89,1.892547
52,7,0.000000
52,8,-2.356194
52,20,-1.892547
52,24,1.249046
52,25,2.356194
52,26,-0.785398
52,35,0.785398
52,39,2.356194
52,45,0.000000
52,46,-1.892547
52,63,1.892547
52,83,1.249046
52,90,-2.356194
52,91,3.141593
53,2,0.785398
53,9,0.000000
53,10,1.570796
53,11,2.356194
53,23,0.000000
53,24,-1.892547
53,32,3.141593
53,35,-0.785398
53,36,-2.356194
53,50,1.249046
53,51,2.356194
53,52,3.141593
53,80,0.000000
54,2,0.000000
54,16,1.249046
54,18,3.141593
54,22,1.570796
54,29,-1.570796
54,32,-1.570796
54,34,1.570796
54,41,1.570796
54,49,-0.785398
54,50,-1.892547
54,63,-1.892547
54,67,1.570796
55,2,-0.785398
55,9,0.000000
55,15,0.000000
55,16,-1.892547
55,18,-1.570796
55,22,-2.819842
55,34,-2.819842
55,38,0.000000
55,40,-0.785398
55,46,1.249046
55,47,3.141593
55,67,0.000000
55,89,-1.249046
55,90,3.141593
56,13,1.249046
56,14,3.141593
56,19,0.785398
56,21,-1.892547
56,26,0.785398
56,27,2.356194
56,31,1.249046
56,33,-1.892547
56,38,-1.570796
56,45,-0.785398
56,46,-1.892547
56,51,2.356194
56,67,-1.570796
56,73,0.000000
56,74,1.570796
56,75,2.356194
56,80,1.249046
56,82,1.892547
56,87,1.892547
56,91,-2.356194
57,7,1.570796
57,27,-2.356194
57,30,0.321751
57,36,1.249046
57,37,3.141593
57,48,1.249046
57,49,2.356194
57,87,-1.249046
57,88,3.141593
58,2,-1.570796
58,17,1.249046
58,19,-2.356194
58,30,-1.570796
58,35,0.000000
58,36,-1.892547
58,40,1.249046
58,41,3.141593
58,90,3.141593
59,5,0.000000
59,6,-1.892547
59,8,0.785398
59,9,2.356194
59,10,-0.785398
59,11,-1.892547
59,20,0.785398
59,21,3.141593
59,74,0.785398
59,85,-1.249046
59,86,3.141593
60,4,3.141593
60,8,-0.785398
60,20,-1.570796
60,24,3.141593
60,33,1.570796
60,38,0.000000
60,39,-1.892547
60,43,1.249046
60,44,3.141593
60,50,2.356194
60,74,0.000000
60,76,-0.785398
60,77,-1.570796
61,3,-1.570796
61,8,2.356194
61,13,1.249046
61,15,-1.892547
61,18,1.249046
61,19,3.141593
61,23,-1.570796
61,27,1.570796
61,32,-0.785398
61,47,0.000000
61,74,-0.785398
62,2,-0.785398
62,8,-2.819842
62,12,0.321751
62,27,-2.819842
62,36,1.570796
62,40,1.249046
62,42,-1.892547
62,47,-1.570796
62,74,0.785398
62,81,-1.570796
62,85,0.000000
62,86,1.892547
62,91,3.141593
63,6,0.000000
63,7,-1.892547
63,12,-1.570796
63,16,0.321751
63,35,0.000000
63,36,-2.356194
63,45,1.249046
63,46,3.141593
63,74,-0.785398
63,75,-2.356194
63,86,-1.249046
63,87,3.141593
64,5,1.570796
64,10,1.249046
64,11,3.141593
64,16,-1.570796
64,20,1.570796
64,29,1.570796
64,34,3.141593
64,39,-1.892547
64,44,-0.785398
64,45,-1.892547
64,50,2.356194
64,73,1.570796
64,89,3.141593
65,5,-2.819842
65,14,1.249046
65,15,3.141593
65,19,0.000000
65,29,-2.819842
65,33,-1.570796
65,36,0.321751
65,72,-0.785398
65,73,-2.356194
65,84,1.570796
66,4,-1.892547
66,13,0.000000
66,14,-1.892547
66,47,-0.785398
67,2,-0.785398
67,12,1.570796
67,17,1.570796
67,21,0.321751
67,83,-0.785398
67,84,-1.892547
68,11,0.321751
68,12,-2.819842
68,17,-2.819842
68,21,-1.570796
68,25,0.321751
68,34,-1.570796
68,44,2.356194
68,75,-2.356194
69,4,0.000000
69,11,-1.570796
69,20,3.141593
69,25,-1.570796
69,29,1.570796
69,38,1.570796
69,43,3.141593
69,90,-2.356194
70,2,0.785398
70,24,3.141593
70,29,-2.819842
70,37,-0.785398
70,87,0.785398
71,3,0.785398
71,9,1.570796
71,13,0.321751
71,18,0.000000
71,23,-1.570796
71,35,1.570796
71,41,0.000000
71,46,2.356194
71,88,-2.356194
72,8,0.321751
72,9,-2.819842
72,17,1.570796
72,22,1.570796
72,26,0.321751
72,35,-2.819842
73,2,0.321751
73,3,-2.819842
73,13,-2.819842
73,16,0.321751
73,17,-2.819842
73,22,-2.819842
73,29,-0.785398
73,45,2.356194
73,49,1.570796
73,90,0.785398
74,2,-0.785398
74,11,0.321751
74,16,-1.570796
74,26,-2.819842
74,33,-1.892547
74,45,3.141593
74,49,2.356194
74,87,0.785398
74,91,-2.356194
75,2,-1.570796
75,11,-0.785398
75,24,0.321751
75,31,-1.570796
75,36,1.249046
75,37,3.141593
75,42,1.570796
75,45,-1.570796
75,47,1.249046
76,18,0.321751
77,4,1.570796
77,7,2.819842
77,29,3.141593
77,46,-1.570796
78,3,0.321751
78,4,-2.819842
78,7,-2.356194
78,18,-2.819842
78,28,-1.570796
78,33,0.000000
78,34,-1.892547
78,39,0.000000
78,44,1.249046
78,45,3.141593
78,91,-2.356194
79,3,-1.570796
79,12,1.570796
79,26,0.785398
79,27,3.141593
79,32,3.141593
79,38,3.141593
80,2,-0.785398
80,6,0.000000
80,11,0.321751
80,12,-2.819842
80,15,0.321751
80,20,0.321751
80,31,-1.570796
80,37,-1.570796
80,48,2.356194
80,88,0.785398
81,7,0.000000
81,11,-1.570796
81,20,-1.570796
81,25,0.000000
81,36,3.141593
81,41,0.321751
81,46,1.249046
81,47,3.141593
82,10,-0.785398
82,15,-2.819842
82,19,3.141593
82,24,1.570796
82,45,0.321751
83,13,0.321751
83,18,-1.570796
83,23,0.321751
83,24,-2.819842
83,34,0.321751
83,35,-2.819842
83,40,0.000000
83,41,-2.356194
83,45,-1.570796
83,51,2.356194
83,84,1.570796
83,87,1.570796
84,4,-1.570796
84,6,0.785398
84,17,1.570796
84,23,-1.570796
84,34,-1.570796
84,38,1.249046
84,39,3.141593
84,42,0.000000
84,43,1.570796
84,44,3.141593
84,91,-1.570796
85,6,0.000000
85,8,0.785398
85,9,1.892547
85,12,0.000000
85,13,-1.570796
85,15,1.570796
85,21,1.249046
85,28,3.141593
85,37,0.321751
85,50,0.785398
85,84,0.000000
86,6,-1.570796
86,20,0.321751
86,37,-0.785398
86,43,2.356194
86,51,3.141593
86,64,1.249046
86,65,2.356194
86,72,0.785398
86,73,2.356194
86,74,0.785398
86,75,1.570796
86,81,1.249046
86,82,2.356194
87,5,3.141593
87,9,-0.785398
87,20,-0.785398
87,25,0.785398
87,43,-2.819842
87,53,2.356194
87,54,0.785398
87,55,1.570796
87,56,2.356194
87,58,0.785398
87,59,1.570796
87,60,2.356194
87,85,0.785398
87,89,-1.570796
88,4,-1.570796
88,9,2.356194
88,25,-0.785398
88,31,1.570796
88,41,0.321751
88,47,2.356194
88,51,0.321751
88,64,-2.356194
88,70,1.249046
88,72,3.141593
88,75,0.000000
88,86,3.141593
89,3,1.570796
89,9,-2.819842
89,20,-1.570796
89,31,-2.819842
89,35,1.570796
89,41,-1.570796
89,46,-0.785398
89,51,-1.570796
89,64,2.356194
89,69,0.321751
89,72,-2.356194
89,87,-2.356194
90,2,0.321751
90,3,-2.819842
90,7,0.321751
90,24,1.570796
90,34,0.321751
90,35,-2.819842
90,55,2.356194
90,69,-0.785398
90,79,2.819842
90,82,0.785398
91,2,-0.785398
91,7,-1.570796
91,24,-2.819842
91,28,0.321751
91,34,-1.570796
91,55,-2.819842
91,62,0.321751
91,79,-2.356194
91,82,-0.785398
92,6,1.570796
92,16,1.570796
92,28,-1.570796
92,33,1.570796
92,38,1.570796
92,49,-0.785398
92,53,0.321751
92,62,-0.785398
92,69,0.785398
92,77,2.356194
92,79,0.785398
92,84,-0.321751
92,89,1.570796
93,2,-1.570796
93,5,0.321751
93,6,-2.819842
93,33,-2.819842
93,37,0.321751
93,38,-2.819842
93,44,3.141593
93,69,0.000000
93,72,-0.785398
93,73,-1.570796
93,75,1.570796
93,77,3.141593
93,79,-0.321751
93,80,2.819842
93,86,2.819842
93,89,0.785398
94,5,-1.570796
94,15,1.570796
94,26,3.141593
94,31,0.000000
94,32,-1.892547
94,37,-0.785398
94,48,2.356194
94,52,0.321751
94,53,-2.819842
94,58,-1.570796
94,69,-0.785398
94,80,-2.356194
94,86,-2.356194
94,89,-0.321751
94,90,2.819842
95,10,-1.570796
95,15,-2.819842
95,19,0.321751
95,37,-1.570796
95,52,-1.570796
95,80,2.356194
95,90,-1.570796
96,4,-1.570796
96,13,0.321751
96,19,-1.570796
96,25,-2.819842
96,77,-1.249046
96,78,-2.356194
96,80,3.141593
97,13,-0.785398
97,17,0.000000
97,23,0.000000
97,24,-1.892547
97,28,0.000000
97,46,-1.570796
97,51,-1.570796
97,80,-2.356194
98,13,-1.570796
98,22,-0.785398
98,40,-1.570796
98,62,-1.570796
98,66,-1.570796
98,69,-1.570796
98,80,-1.570796
98,85,3.141593
98,88,-2.356194
98,91,-1.570796
