5,37,0.785398
5,38,1.570796
5,39,2.356194
5,41,0.785398
5,42,1.570796
5,43,2.356194
5,55,1.249046
5,56,2.356194
5,57,0.785398
5,58,1.892547
5,62,1.249046
5,63,2.356194
5,64,0.785398
5,65,1.892547
6,29,0.785398
6,30,2.356194
6,49,0.785398
6,50,2.356194
7,24,1.249046
7,25,3.141593
7,30,-1.570796
7,55,-2.356194
7,58,-0.785398
7,62,-2.356194
7,65,-0.785398
8,19,1.249046
8,20,2.356194
8,23,-0.785398
8,37,0.321751
8,39,2.819842
8,47,1.249046
8,72,1.570796
8,75,1.570796
9,46,0.321751
9,70,1.892547
9,75,3.141593
10,13,2.356194
10,19,-1.570796
10,33,1.570796
10,36,0.000000
10,46,-0.785398
11,33,-0.321751
11,41,-1.249046
11,42,3.141593
11,46,2.356194
11,56,1.570796
11,64,3.141593
11,73,-1.249046
12,12,-2.356194
12,37,2.356194
12,46,3.141593
12,51,-1.249046
12,52,3.141593
12,71,-2.356194
12,87,2.819842
13,10,-1.570796
13,34,-1.570796
13,46,-2.356194
13,87,-2.356194
14,31,0.785398
14,39,2.356194
14,59,-0.785398
14,75,0.321751
14,79,2.819842
15,35,1.570796
15,43,1.249046
15,44,2.356194
15,57,1.892547
15,59,2.356194
15,67,-0.321751
15,79,-1.570796
15,86,0.321751
16,51,2.356194
16,63,0.785398
16,73,1.249046
16,82,-1.892547
16,89,2.819842
17,30,0.785398
17,32,-2.819842
17,38,-2.356194
17,44,-2.356194
17,45,-0.785398
17,46,-2.356194
17,63,-0.785398
17,64,-2.356194
17,71,-1.570796
17,79,-0.785398
17,80,-1.892547
17,86,-0.321751
18,34,1.249046
18,36,-1.892547
18,49,-1.892547
18,54,-1.249046
18,56,-1.892547
18,66,0.000000
18,67,1.570796
18,69,-1.892547
18,73,-1.249046
19,34,-1.892547
19,38,1.249046
19,40,-1.892547
19,58,-0.785398
19,60,1.570796
19,86,0.000000
19,87,-1.892547
20,20,0.785398
20,21,2.356194
20,24,0.785398
20,25,1.892547
20,30,1.249046
20,36,1.249046
20,38,-1.892547
20,49,3.141593
20,57,0.000000
20,62,-1.249046
20,63,-2.356194
20,66,-0.785398
20,74,-0.785398
20,75,-1.892547
20,82,1.249046
20,84,1.570796
20,85,3.141593
20,91,-2.356194
21,8,0.321751
21,10,3.141593
21,20,-0.785398
21,25,-1.249046
21,26,-2.356194
21,29,-0.785398
21,34,1.570796
21,42,0.785398
21,45,-2.356194
21,46,-0.785398
21,47,-1.892547
21,54,0.000000
21,88,0.000000
22,8,-0.785398
22,38,2.356194
22,50,2.356194
22,55,0.000000
22,67,-0.785398
22,68,-1.892547
22,76,3.141593
22,82,-1.249046
22,84,-1.570796
22,86,1.570796
22,87,3.141593
22,90,-2.356194
23,29,1.249046
23,37,-1.892547
23,41,1.249046
23,43,-2.356194
23,53,0.000000
23,54,0.000000
23,58,-2.356194
23,65,0.000000
23,71,0.785398
23,72,1.892547
24,13,0.000000
24,14,1.570796
24,16,1.570796
24,17,2.356194
24,19,-0.785398
24,20,-1.570796
24,21,-2.356194
24,28,-0.785398
24,35,-1.892547
24,40,-0.785398
24,44,0.000000
24,46,0.785398
24,47,1.570796
24,51,3.141593
24,61,0.000000
24,62,0.000000
24,66,0.000000
24,68,0.785398
24,69,2.356194
24,75,-2.356194
24,80,1.249046
24,81,2.356194
25,31,2.356194
25,32,-0.785398
25,38,0.000000
25,42,0.000000
25,53,0.000000
25,57,-1.570796
25,58,-2.356194
25,63,0.000000
25,69,-2.356194
25,76,0.000000
25,77,1.570796
25,83,0.000000
26,8,2.356194
26,34,0.785398
26,35,2.356194
26,36,0.000000
26,40,2.356194
26,45,1.249046
26,47,-2.356194
26,60,0.785398
26,61,2.356194
26,62,0.000000
26,67,0.000000
26,68,0.000000
26,86,0.785398
27,7,0.321751
27,19,2.356194
27,26,1.249046
27,27,2.356194
27,39,-1.892547
27,43,0.000000
27,48,-2.356194
27,52,0.000000
27,53,0.785398
27,63,0.000000
27,64,3.141593
27,70,2.356194
27,71,-0.785398
27,72,-1.570796
27,73,-2.356194
27,75,0.785398
27,81,2.356194
27,86,-0.785398
27,87,-2.356194
28,7,-1.570796
28,23,0.785398
28,24,1.570796
28,31,1.892547
28,41,2.356194
28,45,-2.356194
28,50,0.000000
28,51,0.000000
28,56,3.141593
28,60,0.000000
28,67,1.249046
28,69,-1.892547
28,89,0.000000
28,90,2.356194
29,10,0.785398
29,11,2.356194
29,18,3.141593
29,27,0.000000
29,40,0.785398
29,43,0.785398
29,44,2.356194
29,60,-0.785398
29,66,0.321751
29,80,2.356194
29,84,-0.785398
29,90,-1.570796
30,10,-0.785398
30,18,-1.570796
30,26,0.000000
30,30,0.000000
30,31,-1.892547
30,34,-1.570796
30,37,-2.356194
30,42,0.000000
30,55,2.819842
30,60,0.785398
30,70,1.570796
30,71,2.356194
30,74,0.785398
30,77,-2.356194
30,79,-0.785398
30,80,-2.356194
30,91,-2.356194
31,20,2.356194
31,21,0.785398
31,22,1.570796
31,28,1.570796
31,29,3.141593
31,39,0.000000
31,55,-2.356194
31,62,2.356194
31,68,-1.892547
31,81,1.570796
32,15,1.249046
32,16,2.356194
32,18,-0.785398
32,19,-1.892547
32,25,0.000000
32,26,0.000000
32,33,0.000000
32,34,0.000000
32,38,0.000000
32,41,0.000000
32,42,0.000000
32,58,1.249046
32,81,-0.785398
32,82,3.141593
33,23,0.000000
33,35,0.000000
33,36,0.000000
33,40,3.141593
33,47,2.356194
33,51,0.785398
33,55,0.785398
33,69,0.000000
33,70,-1.570796
33,72,1.570796
33,77,2.356194
33,79,0.785398
33,80,2.356194
33,88,0.000000
34,26,-0.785398
34,33,0.785398
34,37,0.000000
34,38,-0.785398
34,39,-1.892547
34,47,3.141593
34,49,0.785398
34,52,1.570796
34,63,1.570796
34,64,2.356194
34,65,-0.785398
34,66,-1.570796
34,67,-2.356194
34,80,-2.356194
35,32,0.000000
35,36,3.141593
35,43,0.785398
35,47,-1.570796
35,50,1.570796
35,55,-1.892547
35,57,-1.249046
35,58,-2.356194
35,59,-0.785398
35,60,-1.892547
35,77,2.819842
35,80,0.785398
35,84,0.785398
35,90,2.819842
36,5,0.321751
36,8,2.356194
36,14,-0.785398
36,15,-1.892547
36,23,2.356194
36,30,0.000000
36,43,-0.785398
36,45,-2.356194
36,48,1.570796
36,67,1.249046
36,68,2.356194
36,70,-0.785398
36,71,-1.892547
36,80,-0.785398
36,82,1.892547
36,86,1.892547
36,90,-1.570796
37,5,-0.785398
37,22,-0.785398
37,31,0.000000
37,32,0.000000
37,38,0.785398
37,41,0.000000
37,53,-2.819842
37,62,0.000000
37,63,-1.570796
37,64,-2.356194
37,65,0.785398
37,77,-0.785398
37,79,2.356194
38,19,2.356194
38,25,-1.892547
38,29,-2.356194
38,39,-2.356194
38,61,3.141593
39,13,1.249046
39,14,2.356194
39,18,0.000000
39,22,0.321751
39,27,-1.570796
39,41,1.249046
39,43,1.570796
39,44,3.141593
39,48,-1.249046
39,49,-2.356194
39,51,-0.785398
39,52,-1.570796
39,53,-2.356194
39,55,0.785398
39,56,1.892547
39,65,0.321751
39,68,1.570796
39,69,2.356194
39,71,0.785398
39,87,0.000000
39,89,0.785398
39,90,2.356194
40,11,0.000000
40,25,1.249046
40,26,3.141593
40,36,3.141593
40,40,-0.785398
40,46,2.356194
40,58,2.356194
40,59,-0.785398
40,60,-1.570796
40,61,-2.356194
40,87,-1.570796
41,18,0.000000
41,22,-1.570796
41,23,-2.356194
41,44,-2.356194
41,45,-0.785398
41,53,0.000000
41,55,-0.785398
41,75,-0.321751
41,85,0.000000
41,86,2.356194
41,90,-0.321751
41,91,2.819842
42,4,0.785398
42,32,0.000000
42,33,-1.570796
42,35,-1.570796
42,37,1.570796
42,38,2.356194
42,40,0.785398
42,49,1.249046
42,50,2.356194
42,51,3.141593
42,65,-1.249046
42,66,-2.356194
42,68,-0.785398
42,69,-1.892547
42,71,-1.249046
42,72,-2.356194
42,73,3.141593
42,82,2.356194
42,86,-1.570796
42,91,-2.356194
43,4,-0.785398
43,5,3.141593
43,11,-0.785398
43,14,2.356194
43,20,-2.819842
43,24,0.000000
43,25,-1.892547
43,30,0.785398
43,31,2.356194
43,44,2.356194
43,47,0.785398
43,53,1.249046
43,54,2.356194
43,56,-0.785398
43,57,-1.570796
43,58,3.141593
43,79,3.141593
43,87,1.570796
43,91,-1.570796
44,17,1.249046
44,39,2.356194
44,40,-0.785398
44,41,-1.892547
44,51,1.249046
44,53,-1.892547
44,59,0.000000
44,61,3.141593
44,83,3.141593
45,13,0.785398
45,15,1.249046
45,20,0.000000
45,25,0.785398
45,33,1.570796
45,34,2.356194
45,35,-0.785398
45,36,-1.892547
45,46,1.892547
45,57,0.785398
45,58,2.356194
45,71,0.785398
45,72,1.892547
45,84,1.570796
45,86,0.785398
45,89,3.141593
46,15,-1.892547
46,19,3.141593
46,23,0.785398
46,28,-2.356194
46,29,-0.785398
46,30,-1.892547
46,42,0.785398
46,48,-1.892547
46,51,-1.249046
46,52,-2.356194
46,72,-1.249046
46,73,3.141593
46,84,-0.321751
47,12,-0.785398
47,13,-1.892547
47,17,0.000000
47,18,-1.892547
47,33,0.000000
47,35,0.785398
47,36,1.570796
47,38,-1.892547
47,56,1.249046
47,58,-1.570796
47,59,-2.356194
47,90,2.356194
48,33,-0.785398
48,45,-1.892547
48,55,-0.785398
48,56,-1.892547
48,70,0.785398
48,71,1.892547
48,75,0.000000
48,76,1.892547
48,90,-2.819842
49,4,0.000000
49,14,-0.785398
49,19,1.249046
49,20,3.141593
49,26,-2.356194
49,30,0.785398
49,31,1.892547
49,40,0.785398
49,48,1.249046
49,49,2.356194
49,59,1.249046
49,60,2.356194
49,76,-1.249046
49,77,3.141593
49,86,-0.785398
50,12,2.356194
50,17,2.356194
50,35,3.141593
50,45,2.356194
50,47,-0.785398
50,48,-1.892547
50,54,1.249046
50,55,2.356194
50,58,-0.785398
50,59,-1.892547
50,66,1.249046
50,68,1.892547
50,72,-1.249046
50,73,3.141593
50,78,1.570796
50,90,-2.356194
50,91,3.141593
51,10,1.249046
51,11,3.141593
51,25,3.141593
51,28,1.249046
51,29,2.356194
51,40,0.000000
51,44,-1.892547
51,51,0.785398
51,52,1.570796
51,54,-1.892547
51,61,1.249046
51,62,2.356194
51,65,-0.785398
51,66,-1.892547
51,70,1.892547
51,74,1.570796
51,78,-0.321751
51,79,2.819842
51,84,1.570796
52,9,0.000000
52,15,0.000000
52,16,-1.570796
52,17,-2.356194
52,18,-0.785398
52,19,-1.892547
52,27,-0.785398
52,28,-1.892547
52,33,-1.249046
52,34,3.141593
52,39,-0.785398
52,57,1.249046
52,58,2.356194
52,60,-0.785398
52,61,-1.892547
52,68,-1.570796
52,79,-1.570796
52,84,-0.321751
52,86,3.141593
53,6,1.570796
53,7,2.356194
53,8,0.000000
53,14,1.570796
53,22,0.000000
53,30,0.321751
53,31,-2.819842
53,35,0.785398
53,36,2.356194
53,53,-2.356194
53,56,-0.785398
53,64,1.249046
53,71,-1.249046
53,73,2.356194
53,88,-0.785398
53,89,3.141593
54,2,0.321751
54,9,0.000000
54,12,-2.356194
54,13,-0.785398
54,35,-0.785398
54,38,0.785398
54,39,2.356194
54,59,2.356194
54,61,0.785398
54,62,1.570796
54,68,3.141593
54,77,2.819842
54,81,1.570796
54,85,0.000000
54,87,2.356194
55,2,-0.785398
55,5,0.321751
55,18,3.141593
55,29,0.000000
55,30,-1.570796
55,31,3.141593
55,38,-0.785398
55,45,1.249046
55,46,2.356194
55,48,0.785398
55,55,1.249046
55,56,2.356194
55,57,-0.785398
55,58,-1.892547
55,74,3.141593
55,85,-1.570796
55,91,-2.356194
56,2,0.785398
56,9,-0.785398
56,32,1.570796
56,44,-0.785398
56,45,-1.892547
56,52,1.249046
56,53,2.356194
56,54,-0.785398
56,62,-0.785398
56,63,-2.356194
56,70,0.000000
56,71,1.892547
56,75,0.000000
56,79,1.570796
56,80,3.141593
56,82,-1.249046
56,84,2.356194
56,87,-0.321751
56,88,2.819842
57,2,-0.321751
57,34,-0.785398
57,35,-1.570796
57,36,-2.356194
57,40,0.785398
57,41,2.356194
57,65,-1.249046
57,66,-2.356194
57,71,-1.249046
57,73,1.892547
57,84,-1.570796
57,88,-1.570796
58,15,0.785398
58,31,-0.785398
58,32,-1.892547
58,68,1.570796
58,73,-1.249046
58,75,2.356194
58,89,0.000000
58,90,1.892547
59,3,0.785398
59,8,2.356194
59,39,-2.356194
59,40,-0.785398
59,41,-1.570796
59,42,-2.356194
59,52,-0.321751
59,70,1.892547
59,75,-1.570796
59,85,0.785398
59,91,2.819842
60,3,-0.785398
60,4,-2.356194
60,6,-0.785398
60,7,-1.892547
60,54,2.819842
60,58,0.785398
60,76,0.000000
60,77,1.892547
60,82,1.570796
60,85,-0.785398
60,86,3.141593
60,91,-2.356194
61,13,1.249046
61,14,2.356194
61,15,-0.785398
61,16,-1.570796
61,17,-2.356194
61,35,0.785398
61,36,1.892547
61,49,-2.356194
61,50,0.785398
61,51,1.892547
61,58,-0.321751
61,65,0.000000
61,66,1.892547
61,78,2.819842
61,84,2.356194
61,87,0.000000
61,91,-1.570796
62,9,1.249046
62,10,2.356194
62,12,-0.785398
62,13,-1.892547
62,36,-1.249046
62,37,-2.356194
62,39,3.141593
62,42,0.000000
62,51,-1.249046
62,52,-2.356194
62,61,1.892547
62,68,1.892547
62,74,1.892547
62,78,-1.570796
62,84,-2.356194
62,88,-1.570796
63,2,0.785398
63,6,1.249046
63,7,2.356194
63,23,2.356194
63,47,0.785398
63,48,1.892547
63,54,-1.249046
63,56,1.892547
63,59,-1.570796
63,61,-1.249046
63,63,1.892547
63,68,-1.249046
63,69,3.141593
63,72,-1.570796
63,79,0.000000
63,80,1.892547
63,84,0.785398
64,2,0.000000
64,5,-0.785398
64,6,-1.892547
64,41,3.141593
64,48,-1.249046
64,50,1.892547
64,56,-1.249046
64,57,-2.356194
64,58,0.000000
64,63,-1.249046
64,64,-2.356194
64,66,3.141593
64,70,0.000000
64,84,-0.321751
65,2,-0.785398
65,11,3.141593
65,21,-0.785398
65,22,-1.570796
65,23,-2.356194
65,44,2.356194
65,52,0.785398
65,53,1.892547
65,59,0.000000
65,60,1.892547
65,66,-2.356194
66,53,-1.249046
66,54,-2.356194
66,60,-1.249046
66,61,3.141593
66,66,0.785398
67,2,0.785398
67,5,1.249046
67,6,2.356194
67,7,-0.785398
67,42,-0.785398
67,43,-2.356194
67,48,0.000000
67,62,0.000000
67,63,1.892547
67,66,-0.785398
67,67,-2.356194
67,68,0.785398
67,69,1.892547
67,73,-1.249046
68,2,0.000000
68,4,-0.785398
68,5,-1.892547
68,25,3.141593
68,30,0.000000
68,44,0.785398
68,45,2.356194
68,50,-1.249046
68,52,1.892547
68,58,0.785398
68,59,1.892547
68,69,-1.249046
68,70,3.141593
68,89,2.819842
69,2,-0.785398
69,11,-1.570796
69,16,2.356194
69,27,2.356194
69,71,0.000000
69,72,1.892547
69,75,0.000000
69,89,-1.570796
70,7,0.000000
70,8,-1.892547
70,13,2.356194
70,14,-0.785398
70,15,-1.892547
70,37,0.785398
70,38,1.570796
70,39,2.356194
70,41,0.785398
70,42,1.570796
70,53,-1.249046
70,54,-2.356194
70,60,-1.249046
70,61,-2.356194
70,63,3.141593
70,75,-1.570796
70,91,3.141593
71,6,3.141593
71,11,0.000000
71,12,-1.892547
71,29,1.249046
71,30,2.356194
71,32,0.785398
71,33,2.356194
71,47,2.356194
71,67,-1.249046
71,68,3.141593
71,78,0.000000
71,79,1.892547
71,86,-0.321751
72,2,0.785398
72,10,3.141593
72,18,1.249046
72,19,2.356194
72,28,-0.785398
72,29,-1.892547
72,52,0.785398
72,53,1.892547
72,64,3.141593
73,2,0.000000
73,9,-1.570796
73,17,0.000000
73,18,-1.892547
73,34,-2.356194
73,37,-0.785398
73,38,-1.570796
73,39,-2.356194
73,42,-1.249046
73,43,-2.356194
73,45,-0.785398
73,46,-2.356194
73,53,-1.249046
73,54,3.141593
73,60,0.000000
73,61,1.892547
73,65,0.000000
73,66,1.892547
73,71,1.570796
73,75,-1.249046
73,76,3.141593
73,85,2.819842
73,89,2.819842
74,2,-0.785398
74,21,1.249046
74,22,3.141593
74,29,1.249046
74,30,2.356194
74,31,3.141593
74,73,1.892547
74,77,0.000000
74,78,1.892547
74,85,-1.570796
74,89,-1.570796
75,5,-1.570796
75,20,0.000000
75,27,0.785398
75,40,0.000000
75,42,3.141593
75,62,-1.249046
75,63,3.141593
75,67,-1.249046
75,68,3.141593
75,79,2.819842
75,83,2.819842
76,3,0.785398
76,4,3.141593
76,22,2.356194
76,24,0.000000
76,32,0.000000
76,34,3.141593
76,44,0.000000
76,45,3.141593
76,53,0.000000
76,54,1.892547
76,64,0.000000
76,65,1.892547
76,69,0.000000
76,70,1.892547
76,83,-1.570796
77,3,-1.570796
77,21,0.000000
77,61,3.141593
77,79,0.000000
77,81,1.892547
77,91,-2.356194
78,2,-0.785398
78,15,1.249046
78,16,3.141593
78,20,-0.785398
78,29,2.356194
78,48,0.000000
78,49,0.785398
78,50,1.892547
78,71,-1.249046
78,72,3.141593
78,81,-1.249046
78,82,-2.356194
78,87,1.570796
79,6,1.249046
79,7,3.141593
79,14,0.000000
79,15,-1.892547
79,23,3.141593
79,28,0.000000
79,41,0.000000
79,42,3.141593
79,44,0.000000
79,50,-1.249046
79,51,-2.356194
79,57,-2.356194
79,64,1.570796
79,73,1.570796
79,79,-2.356194
79,87,-0.321751
79,88,2.819842
80,5,0.000000
80,6,-1.892547
80,11,1.249046
80,12,2.356194
80,17,2.356194
80,21,1.570796
80,26,0.000000
80,35,2.356194
80,47,-2.356194
80,60,1.570796
80,69,3.141593
80,73,-0.321751
80,77,-0.785398
80,88,-1.570796
81,9,1.249046
81,11,-1.892547
81,16,-0.785398
81,20,-0.785398
81,21,-2.356194
81,33,0.000000
81,55,-1.249046
81,56,3.141593
81,66,0.785398
81,67,2.356194
81,70,1.570796
81,75,2.819842
81,89,1.570796
82,3,-0.785398
82,22,2.356194
82,31,3.141593
82,38,0.000000
82,39,3.141593
82,41,0.000000
82,44,3.141593
82,51,0.785398
82,52,1.892547
82,57,1.570796
82,61,0.000000
82,62,1.892547
82,67,-2.356194
82,70,-0.321751
82,75,-1.570796
82,86,1.570796
82,89,-0.321751
82,90,2.819842
83,7,0.000000
83,8,-1.892547
83,22,-2.819842
83,26,1.249046
83,27,2.356194
83,36,3.141593
83,46,0.000000
83,47,3.141593
83,52,-1.249046
83,53,3.141593
83,57,-0.321751
83,67,0.785398
83,78,0.785398
84,6,1.570796
84,11,2.356194
84,49,-0.785398
84,78,-0.785398
84,79,3.141593
84,90,-0.321751
84,91,2.819842
85,6,-2.819842
85,10,1.570796
85,19,0.000000
85,20,-1.892547
85,31,-0.785398
85,38,0.000000
85,39,3.141593
85,41,0.000000
85,43,3.141593
85,59,-1.249046
85,60,-2.356194
85,61,3.141593
85,64,-1.249046
85,66,2.356194
85,74,2.819842
85,77,0.000000
85,83,0.785398
85,91,-2.356194
86,4,0.321751
86,10,-2.819842
86,18,3.141593
86,23,0.000000
86,24,-1.892547
86,29,3.141593
86,56,-2.356194
86,74,-1.570796
86,83,-0.321751
86,84,2.819842
86,91,-1.570796
87,4,-1.570796
87,12,1.570796
87,17,-1.570796
87,21,1.249046
87,22,3.141593
87,26,1.249046
87,27,3.141593
87,49,0.785398
87,66,-0.321751
87,67,2.819842
88,7,0.321751
88,12,-2.819842
88,16,3.141593
88,20,0.321751
88,25,0.321751
88,50,-2.356194
88,57,0.785398
88,67,-1.570796
88,74,0.000000
88,76,2.819842
88,78,-1.570796
88,84,-0.321751
88,85,2.819842
89,3,-1.570796
89,7,-1.570796
89,10,0.321751
89,20,-1.570796
89,25,-1.570796
89,38,2.356194
89,46,0.785398
89,64,1.570796
89,68,1.570796
89,76,-1.570796
89,85,-2.356194
89,89,0.785398
90,15,-2.819842
90,19,1.570796
90,24,1.570796
90,68,-0.321751
90,69,2.819842
90,73,-2.356194
90,89,-0.321751
90,90,2.819842
91,5,1.570796
91,9,0.321751
91,10,-2.819842
91,13,0.321751
91,18,0.321751
91,19,-2.819842
91,29,3.141593
91,35,0.000000
91,48,0.000000
91,49,1.892547
91,86,1.570796
91,90,-1.570796
92,4,0.321751
92,5,-2.819842
92,13,-1.570796
92,18,-1.570796
92,22,-1.570796
92,26,1.570796
92,60,0.785398
92,65,0.785398
92,69,-0.321751
92,74,1.570796
92,78,1.570796
92,86,-0.321751
93,9,-2.819842
93,17,3.141593
93,21,1.570796
93,25,0.321751
93,26,-2.819842
93,37,0.000000
93,38,3.141593
93,56,0.000000
93,60,-0.785398
93,61,3.141593
93,65,-0.321751
93,71,2.819842
93,74,-0.321751
93,75,2.819842
93,78,-0.321751
93,79,2.819842
93,88,2.819842
94,3,0.321751
94,4,-2.819842
94,7,0.321751
94,16,-1.570796
94,21,-2.819842
94,25,-1.570796
94,28,1.570796
94,52,2.819842
94,58,0.785398
94,59,3.141593
94,62,1.570796
94,71,-2.356194
94,75,-2.356194
94,79,-2.356194
95,3,-1.570796
95,7,-1.570796
95,11,0.785398
95,15,1.570796
95,19,0.321751
95,32,2.356194
95,58,-0.785398
95,62,-0.321751
95,63,2.819842
95,68,2.819842
95,88,-0.321751
95,89,2.819842
95,91,-1.570796
96,2,-0.785398
96,12,3.141593
96,15,3.141593
96,19,-0.785398
96,24,-1.570796
96,46,0.000000
96,48,3.141593
96,52,-0.321751
96,53,2.819842
96,63,-1.570796
96,68,-2.356194
96,86,1.570796
96,89,-2.356194
97,15,-2.356194
97,19,-1.570796
97,31,-1.570796
97,53,-2.356194
97,58,-1.570796
97,76,-1.570796
97,80,-2.356194
98,5,-0.785398
98,14,-2.356194
98,26,-0.785398
98,40,0.000000
98,45,3.141593
98,53,-1.570796
98,64,-1.570796
98,68,-1.570796
98,72,-1.570796
98,83,-1.570796
98,86,-1.570796
98,89,-1.570796
