13,54,1.249046
13,55,2.356194
13,74,0.785398
13,75,1.892547
14,22,1.249046
14,23,2.356194
14,43,0.785398
14,44,1.570796
14,45,2.356194
14,53,-0.785398
16,19,2.356194
16,20,-0.785398
17,18,-1.570796
19,81,3.141593
21,44,0.785398
21,57,2.356194
21,68,0.321751
22,18,3.141593
22,44,-0.321751
22,47,1.570796
22,55,1.570796
22,57,3.141593
23,15,0.321751
23,68,3.141593
23,75,0.321751
24,15,-0.785398
24,62,-2.819842
25,38,0.000000
25,43,1.570796
25,50,2.819842
25,64,1.249046
25,73,1.249046
25,75,3.141593
26,38,-0.785398
26,59,-1.892547
26,61,-1.249046
26,62,-2.356194
27,50,-1.570796
27,51,3.141593
27,64,-1.249046
27,73,-1.249046
27,76,2.819842
27,85,2.356194
28,34,0.785398
28,35,1.570796
28,36,2.356194
28,37,-0.785398
28,38,-1.570796
28,39,-2.356194
28,40,-0.785398
28,41,-1.570796
28,43,-1.892547
28,53,-0.785398
28,57,-2.356194
28,69,0.785398
28,76,-2.356194
29,47,-2.356194
29,59,0.785398
29,60,2.356194
29,73,1.892547
30,55,2.356194
30,59,-0.785398
30,68,0.785398
30,79,1.249046
30,81,1.570796
30,83,-1.892547
31,27,1.570796
31,44,-0.785398
31,69,-1.249046
31,70,-2.356194
31,71,0.785398
32,27,0.000000
32,29,1.570796
32,30,2.356194
32,32,0.785398
32,33,1.570796
32,34,2.356194
32,35,-0.785398
32,36,-1.570796
32,37,-2.356194
32,41,0.785398
32,42,2.356194
32,55,-1.249046
32,56,-2.356194
32,58,-0.785398
32,59,-1.570796
32,60,-2.356194
32,81,-2.819842
33,42,-2.356194
33,62,0.000000
33,73,-1.249046
33,75,1.892547
34,30,2.819842
34,75,-1.249046
34,76,-2.356194
35,30,-2.356194
35,42,2.356194
35,46,-1.570796
35,62,0.321751
35,63,-2.819842
35,70,0.000000
35,71,0.785398
35,72,1.892547
35,78,0.000000
36,26,1.892547
36,33,-0.785398
36,34,-1.570796
36,35,-2.356194
36,41,-0.785398
36,62,-0.785398
36,72,-1.249046
36,73,-2.356194
36,79,-1.249046
36,81,1.892547
36,84,0.785398
36,85,1.892547
36,87,2.356194
37,29,-0.785398
37,30,-1.570796
37,31,-2.356194
37,81,-1.249046
38,15,2.356194
38,24,-0.321751
38,70,0.785398
38,77,0.000000
38,78,1.892547
38,83,-1.249046
39,27,2.819842
39,37,1.249046
39,38,2.356194
39,41,3.141593
39,46,0.000000
39,72,0.785398
39,73,1.892547
39,80,0.785398
39,81,1.892547
40,13,0.321751
40,34,1.249046
40,35,2.356194
40,36,-0.785398
40,37,-1.892547
40,49,0.785398
40,50,1.892547
40,73,-1.249046
40,74,-2.356194
40,76,0.785398
40,81,-1.249046
40,82,3.141593
41,13,-0.785398
41,27,-1.570796
41,28,-2.356194
41,83,0.000000
41,86,-2.356194
42,13,2.356194
42,34,-1.570796
42,48,0.785398
42,77,0.000000
43,21,0.321751
43,26,2.819842
43,36,2.356194
43,39,0.785398
43,40,1.570796
43,42,2.356194
43,44,0.000000
43,45,1.570796
43,46,3.141593
43,49,-1.249046
43,51,-1.892547
43,57,1.249046
43,58,2.356194
43,80,0.000000
43,81,1.892547
43,90,2.356194
44,11,0.321751
44,30,1.249046
44,31,2.356194
44,42,-2.356194
44,56,-0.785398
44,75,2.356194
44,78,1.570796
44,83,1.892547
44,90,3.141593
45,11,-1.570796
45,21,0.000000
45,28,1.249046
45,35,-2.356194
45,40,0.785398
45,45,2.356194
45,74,-1.570796
45,78,-0.321751
45,80,3.141593
45,83,-1.249046
45,84,3.141593
46,21,-0.785398
46,23,-1.249046
46,42,-1.570796
46,45,-2.819842
46,73,-0.785398
47,34,-0.785398
47,37,2.356194
47,38,3.141593
47,79,2.356194
47,87,0.000000
48,32,3.141593
48,43,0.000000
48,44,-1.570796
48,45,3.141593
48,78,-0.785398
49,37,-2.356194
49,39,0.000000
49,76,1.570796
49,90,3.141593
50,46,0.785398
50,75,0.000000
50,86,0.785398
51,20,0.785398
51,46,-0.785398
51,47,-2.356194
51,73,0.785398
51,74,2.356194
51,91,2.819842
52,20,0.000000
52,25,1.570796
52,30,-0.785398
52,31,-1.570796
52,32,-2.356194
52,33,0.785398
52,34,1.570796
52,35,2.356194
52,39,3.141593
52,42,0.000000
52,66,0.785398
52,67,2.356194
52,74,-2.356194
53,20,-0.785398
53,66,-0.785398
53,91,3.141593
54,50,2.356194
54,74,0.785398
54,81,0.000000
54,91,-2.356194
55,10,0.785398
55,25,-1.570796
55,49,-0.785398
55,61,1.570796
55,75,-2.356194
55,88,-0.321751
55,91,2.356194
56,10,0.000000
56,26,1.570796
56,34,-0.785398
56,35,-1.570796
56,36,-2.356194
56,39,0.785398
56,40,1.570796
56,41,2.356194
56,85,0.785398
56,86,1.892547
56,89,-1.249046
56,91,3.141593
57,10,-0.785398
57,20,-1.570796
57,23,0.785398
57,61,-1.570796
57,67,-1.570796
57,87,2.819842
57,91,-2.356194
58,21,1.570796
58,23,-0.785398
58,24,-2.356194
58,81,0.000000
58,82,1.892547
58,87,-1.570796
59,10,0.785398
59,21,-0.785398
59,22,-2.356194
59,26,-1.570796
59,39,-0.785398
59,40,-1.570796
59,41,-2.356194
59,44,0.785398
59,45,1.892547
59,91,2.356194
60,10,0.000000
60,35,1.249046
60,36,3.141593
60,47,1.892547
60,65,1.570796
60,83,-1.249046
60,85,1.892547
60,89,0.000000
60,91,-2.819842
61,10,-0.785398
61,26,0.000000
61,27,-1.570796
61,28,-2.356194
61,30,0.785398
61,31,1.570796
61,33,1.570796
61,80,0.785398
62,44,-0.785398
62,45,-1.570796
62,47,-1.892547
62,49,-2.356194
62,64,-0.785398
62,81,1.570796
62,87,2.819842
63,10,0.785398
63,16,1.249046
63,17,2.356194
63,21,1.249046
63,22,2.356194
63,33,-1.570796
63,82,3.141593
63,87,-1.570796
64,10,0.000000
64,20,0.000000
64,21,-1.892547
64,49,2.356194
64,77,0.785398
64,83,1.570796
64,90,2.356194
65,10,-0.785398
65,16,-1.249046
65,18,-1.570796
65,19,-2.356194
65,46,0.000000
65,49,3.141593
65,78,0.000000
65,79,1.892547
65,83,-0.785398
65,90,-2.819842
66,24,1.249046
66,25,3.141593
66,30,-1.570796
66,49,-1.570796
66,75,1.570796
66,79,-1.249046
66,81,1.570796
66,82,3.141593
66,85,-1.570796
67,23,0.000000
67,24,-1.892547
67,32,2.356194
67,34,-0.785398
67,35,-1.570796
67,36,-2.356194
67,42,3.141593
67,51,3.141593
67,86,0.000000
68,16,1.249046
68,17,2.356194
68,30,0.000000
68,31,-1.892547
68,82,3.141593
68,87,-1.249046
68,89,3.141593
69,15,0.321751
69,19,2.356194
69,58,0.321751
69,89,-2.356194
70,46,3.141593
70,72,0.000000
70,89,2.356194
71,10,0.785398
71,23,2.356194
71,32,0.785398
71,33,1.570796
71,34,3.141593
71,59,3.141593
71,87,0.785398
71,89,-2.819842
72,10,0.000000
72,14,-0.785398
72,22,-1.570796
72,48,0.785398
72,54,1.570796
72,60,1.570796
73,7,1.892547
73,35,2.356194
73,46,3.141593
73,50,3.141593
74,10,3.141593
74,19,2.356194
74,33,-0.785398
74,34,-1.892547
74,41,0.000000
74,54,0.785398
74,58,1.249046
74,73,0.000000
74,75,3.141593
74,88,2.356194
75,7,-1.892547
75,10,-2.356194
75,18,-1.892547
75,38,1.249046
75,39,2.356194
75,46,0.000000
75,51,3.141593
75,55,-2.356194
75,57,-0.785398
75,58,-1.892547
75,61,-1.249046
75,85,2.356194
75,88,3.141593
76,35,1.249046
76,36,2.356194
76,37,-0.785398
76,38,-1.892547
76,42,0.000000
76,43,3.141593
76,63,-1.249046
76,64,-2.356194
76,71,0.000000
76,72,3.141593
76,81,0.785398
76,82,1.892547
76,84,-1.570796
76,88,-2.356194
77,28,0.785398
77,34,0.000000
77,35,-1.892547
77,51,0.000000
77,57,3.141593
77,88,2.356194
78,20,1.249046
78,21,3.141593
78,28,-0.785398
78,29,-2.356194
78,42,0.000000
78,43,3.141593
78,46,0.000000
78,47,3.141593
78,84,-2.356194
78,88,3.141593
79,6,1.892547
79,10,2.356194
79,18,1.249046
79,20,-1.892547
79,26,1.249046
79,27,3.141593
79,64,0.785398
79,70,0.000000
79,71,1.892547
79,80,0.000000
79,81,2.356194
79,88,-2.356194
80,10,3.141593
80,35,3.141593
80,46,0.000000
80,49,3.141593
80,51,0.000000
80,52,3.141593
80,72,3.141593
81,6,-1.892547
81,10,-2.356194
81,23,3.141593
81,26,-1.570796
81,44,3.141593
81,67,0.785398
81,68,2.356194
81,69,0.785398
81,81,-0.321751
81,82,2.819842
81,88,0.785398
82,16,-0.321751
82,35,1.249046
82,36,2.356194
82,71,2.819842
82,74,1.570796
82,82,-1.570796
82,88,0.000000
83,22,-2.356194
83,34,-0.785398
83,35,-1.892547
83,47,0.000000
83,49,3.141593
83,67,-0.321751
83,71,-1.570796
83,75,3.141593
84,23,1.570796
84,25,0.000000
84,26,-1.570796
84,28,3.141593
84,54,0.000000
84,76,-2.356194
84,79,0.000000
84,88,-0.785398
85,28,-1.570796
85,39,3.141593
85,58,3.141593
85,70,2.819842
85,73,1.570796
85,87,1.570796
86,23,-1.892547
86,29,2.356194
86,49,0.000000
86,50,3.141593
86,53,0.785398
86,70,-1.570796
86,73,-0.321751
86,74,2.819842
86,87,-2.819842
87,14,1.249046
87,16,1.892547
87,28,0.321751
87,29,-2.819842
87,55,3.141593
87,74,-1.570796
87,81,-0.785398
87,82,-1.570796
87,83,3.141593
87,86,-0.785398
88,10,1.249046
88,28,-1.570796
88,32,2.356194
88,42,0.000000
88,44,3.141593
88,61,0.000000
88,69,1.570796
88,72,1.570796
88,75,1.570796
88,86,2.356194
89,14,-1.249046
89,22,1.892547
89,24,2.356194
89,27,1.570796
89,63,-2.356194
89,72,-0.321751
89,73,2.819842
89,75,-0.321751
89,86,-2.819842
90,17,-1.249046
90,27,-2.819842
90,30,0.000000
90,67,1.570796
90,70,1.570796
90,73,-1.570796
90,85,-0.785398
91,5,1.570796
91,6,2.356194
91,7,-0.785398
91,8,-1.570796
91,10,-1.892547
91,20,-1.249046
91,47,3.141593
91,54,0.000000
91,70,-0.321751
91,71,2.819842
91,74,1.570796
91,77,-2.356194
92,44,-0.785398
92,49,2.356194
92,74,-0.321751
92,77,2.356194
93,25,-2.356194
93,36,1.570796
93,46,1.570796
93,48,-0.785398
93,61,0.000000
93,66,1.570796
93,71,-0.321751
93,75,-1.249046
93,77,3.141593
94,23,0.000000
94,28,2.356194
94,46,-1.570796
94,59,1.570796
94,69,0.785398
94,73,2.819842
95,26,1.249046
95,28,3.141593
95,30,1.570796
95,35,1.570796
95,59,-0.321751
95,60,2.819842
95,69,-0.321751
95,70,2.819842
95,81,-0.785398
95,82,-1.570796
95,84,-1.892547
95,89,2.819842
96,24,-2.356194
96,35,-2.819842
96,60,-2.356194
96,66,-1.570796
96,76,-0.785398
96,77,-1.892547
97,26,-1.249046
97,28,-1.570796
97,38,0.000000
97,39,3.141593
97,71,-2.356194
97,72,-0.785398
97,73,-1.892547
98,31,-1.249046
98,33,-1.892547
98,61,-2.356194
98,64,-1.570796
