14,27,1.249046
14,28,2.356194
14,54,0.785398
14,55,1.892547
16,25,-0.785398
16,54,0.321751
16,75,2.356194
18,17,3.141593
18,52,1.249046
18,54,3.141593
19,54,-2.356194
20,13,0.321751
21,13,-1.570796
23,47,0.321751
24,47,-1.570796
25,64,1.249046
26,33,0.321751
26,53,0.321751
26,66,-2.356194
27,11,0.321751
27,13,3.141593
27,56,2.819842
27,62,0.321751
27,80,3.141593
28,11,-1.570796
28,41,0.785398
28,42,1.570796
28,43,2.356194
28,48,2.819842
28,53,-0.321751
28,62,-1.570796
29,24,0.321751
29,56,-2.356194
30,38,0.785398
30,42,2.356194
30,50,2.356194
30,52,0.785398
30,57,1.570796
31,29,-1.570796
31,40,0.785398
31,42,-2.819842
31,58,-2.356194
31,60,-0.785398
32,27,-1.570796
32,31,2.356194
32,33,0.785398
32,34,1.570796
32,35,2.356194
32,37,-0.785398
32,38,-1.892547
32,53,0.000000
32,62,-1.249046
33,19,0.000000
33,20,1.570796
33,44,1.249046
33,46,-1.570796
33,48,-1.570796
33,49,-2.356194
33,51,0.785398
33,66,-2.356194
33,69,0.785398
33,70,1.570796
33,71,2.356194
33,72,-0.785398
33,73,-1.892547
34,10,0.785398
34,27,0.000000
34,28,-1.892547
34,30,-1.570796
34,36,2.356194
34,40,-0.785398
34,41,-1.570796
34,42,-2.356194
34,43,-0.785398
34,44,-1.892547
34,52,-1.249046
35,10,-0.785398
35,11,3.141593
35,24,2.356194
35,34,-0.785398
35,35,-1.892547
35,57,0.785398
35,58,1.570796
35,59,2.356194
35,61,0.785398
35,62,1.570796
35,70,3.141593
36,55,-1.570796
36,64,-1.249046
36,65,-2.356194
36,67,0.785398
37,68,-1.249046
38,15,0.785398
38,16,1.570796
38,18,1.892547
38,24,-2.356194
38,53,-0.785398
38,54,-1.570796
38,55,3.141593
38,60,-0.785398
38,61,-1.570796
38,62,-2.356194
39,21,-0.785398
39,22,-1.892547
39,64,0.000000
39,65,1.570796
39,66,2.356194
39,82,2.356194
40,16,-0.321751
40,45,0.785398
40,46,1.892547
40,82,3.141593
41,9,0.785398
41,24,0.785398
41,25,1.570796
41,26,3.141593
41,62,0.785398
41,82,-2.356194
42,9,-0.785398
42,10,3.141593
42,21,1.249046
42,22,2.356194
42,46,-0.785398
43,12,0.785398
43,13,1.570796
43,15,1.892547
43,19,2.356194
43,20,-0.785398
43,63,-1.570796
44,23,2.356194
44,24,-0.785398
44,25,-1.892547
44,45,-0.785398
44,46,-1.570796
44,47,-2.356194
44,50,3.141593
45,20,2.356194
45,21,-0.785398
45,22,-1.892547
45,60,0.000000
45,63,3.141593
45,81,-0.785398
45,83,2.819842
46,17,0.000000
46,18,-0.785398
46,25,1.249046
46,26,2.356194
46,34,0.785398
46,35,1.570796
46,36,2.356194
46,42,3.141593
46,54,1.570796
46,64,0.785398
46,65,2.356194
46,83,-2.356194
47,22,1.570796
47,23,2.356194
47,24,-0.785398
47,54,-1.570796
47,61,0.785398
47,64,-1.570796
47,66,0.000000
47,67,1.570796
47,68,2.356194
47,83,2.356194
48,8,0.785398
48,13,1.249046
48,14,2.356194
48,18,1.249046
48,20,-1.892547
48,35,-2.819842
48,61,0.000000
48,63,0.000000
48,75,0.785398
49,8,-0.321751
49,11,1.570796
49,16,2.356194
49,17,-0.785398
49,24,2.356194
49,25,-0.785398
49,26,-1.570796
49,27,-2.356194
49,30,0.785398
49,31,1.570796
49,32,2.356194
49,33,-0.785398
49,34,-1.892547
49,47,1.570796
49,57,1.570796
49,61,-1.570796
49,64,1.570796
49,72,0.785398
50,13,-1.249046
50,15,-1.892547
50,20,2.356194
50,22,-0.785398
50,23,-1.892547
50,43,1.570796
50,64,-0.785398
50,72,-1.570796
50,74,-1.249046
50,78,2.356194
50,80,-0.785398
50,81,-1.892547
51,9,-0.321751
51,11,-2.819842
51,18,0.000000
51,19,-1.892547
51,29,0.785398
51,31,-2.819842
51,43,-1.570796
51,70,0.785398
51,71,2.356194
52,16,1.249046
52,17,3.141593
52,49,2.356194
52,71,-1.570796
52,77,3.141593
53,14,1.249046
53,16,-1.892547
53,20,0.000000
53,45,-0.785398
53,48,-0.785398
53,56,-1.570796
53,72,0.785398
53,73,2.356194
53,74,0.785398
54,9,0.321751
54,26,0.785398
54,31,2.356194
54,66,-1.570796
54,72,-1.570796
54,75,-1.249046
55,16,1.249046
55,17,2.356194
55,30,-2.356194
55,62,1.570796
56,19,0.000000
56,29,-0.785398
56,33,-2.356194
56,55,3.141593
56,58,1.570796
56,61,0.321751
56,62,-2.819842
56,65,2.356194
56,68,-0.785398
57,18,3.141593
57,23,1.249046
57,30,-2.356194
57,58,-2.819842
57,61,-1.570796
57,68,2.356194
57,70,-0.785398
57,77,0.785398
57,78,1.892547
57,84,2.356194
58,13,-1.892547
58,16,0.000000
58,20,1.249046
58,21,2.356194
58,22,-0.785398
58,56,0.000000
58,57,-1.892547
58,60,1.570796
58,67,0.321751
58,70,2.356194
58,73,-1.249046
58,74,3.141593
58,84,3.141593
59,26,-1.570796
59,52,-0.785398
59,60,-2.819842
59,70,-2.819842
59,75,-0.785398
59,76,-1.570796
59,78,-1.892547
59,84,-2.356194
60,21,0.000000
60,22,0.785398
60,24,-2.819842
60,27,-2.356194
60,84,2.356194
61,12,3.141593
61,16,0.000000
61,57,0.000000
61,61,3.141593
61,65,0.000000
61,70,3.141593
62,52,-0.785398
62,64,-0.785398
62,77,0.785398
62,78,1.892547
62,82,-0.785398
62,83,-1.892547
63,13,3.141593
63,17,0.000000
63,22,1.570796
63,44,0.000000
63,46,3.141593
63,50,2.356194
64,5,-1.570796
64,7,-1.249046
64,16,3.141593
64,22,3.141593
64,58,0.000000
64,59,-2.356194
64,66,0.000000
64,67,-2.356194
64,73,0.000000
64,75,-0.785398
64,76,-1.570796
64,78,-1.892547
65,15,-1.570796
65,18,0.000000
65,48,-0.785398
65,57,-0.785398
65,60,2.356194
65,73,-1.570796
66,14,3.141593
66,22,-2.819842
66,41,0.000000
66,42,3.141593
66,51,-0.785398
66,59,0.000000
66,70,-0.785398
66,71,-1.570796
67,9,-0.785398
67,53,2.356194
67,58,1.570796
67,62,1.249046
67,63,3.141593
67,73,2.356194
68,15,3.141593
68,58,3.141593
68,61,0.000000
68,65,1.570796
69,6,1.249046
69,7,2.356194
69,19,-1.892547
69,21,1.570796
69,40,0.000000
69,41,3.141593
69,49,2.356194
69,51,-0.785398
69,65,-2.819842
69,75,2.356194
70,10,-2.356194
70,17,-1.570796
70,26,3.141593
70,46,2.356194
70,48,-0.785398
70,53,-0.785398
70,62,0.000000
70,85,2.356194
71,15,1.249046
71,16,3.141593
71,21,-1.892547
71,43,0.000000
71,66,3.141593
71,83,0.785398
71,85,-2.819842
72,5,0.321751
72,19,-1.570796
72,63,1.249046
73,5,-1.570796
73,25,0.785398
73,26,1.892547
73,33,2.356194
73,36,0.000000
73,38,3.141593
73,55,0.000000
73,56,-1.892547
73,59,0.000000
73,66,0.785398
73,68,-1.892547
73,71,1.570796
73,74,1.570796
74,14,0.000000
74,17,1.570796
74,26,-1.249046
74,27,-2.356194
74,29,3.141593
74,32,-0.785398
74,62,-1.892547
74,71,3.141593
74,84,2.356194
75,10,0.000000
75,13,-2.356194
75,15,0.785398
75,20,1.570796
75,47,0.000000
75,53,-0.785398
75,57,1.249046
75,58,2.356194
75,59,-0.785398
75,60,-1.892547
75,65,-0.785398
75,66,-2.356194
75,76,-2.356194
75,84,3.141593
76,15,-1.570796
76,19,0.321751
76,20,-2.819842
76,24,2.356194
76,27,3.141593
76,32,1.570796
76,35,0.000000
76,36,3.141593
76,51,-1.570796
76,55,1.249046
76,57,-1.892547
76,62,1.249046
76,63,3.141593
76,71,-0.785398
76,84,-2.356194
77,6,1.249046
77,7,2.356194
77,9,1.570796
77,12,0.000000
77,19,-1.570796
77,23,-1.570796
77,32,-1.570796
77,53,0.000000
77,54,-0.785398
77,55,-1.892547
77,61,-0.785398
77,62,-1.892547
77,70,1.570796
78,11,1.570796
78,13,0.000000
78,22,1.570796
78,44,-2.356194
78,46,-0.785398
78,58,0.785398
78,59,2.356194
78,66,-1.892547
78,70,-2.819842
78,73,-0.785398
78,74,3.141593
79,15,2.356194
79,21,0.321751
79,35,3.141593
79,37,-0.785398
79,56,-0.785398
79,59,-2.356194
79,64,-1.570796
79,72,1.570796
80,5,0.321751
80,10,-1.570796
80,12,-0.785398
80,17,-0.785398
80,21,-0.785398
80,23,0.785398
80,24,2.356194
80,45,2.356194
80,47,-0.785398
80,53,2.356194
80,62,1.249046
80,63,3.141593
80,67,0.785398
80,72,-2.819842
81,5,-0.785398
81,7,-1.249046
81,8,-2.356194
81,14,-2.356194
81,42,3.141593
81,44,-0.785398
81,56,1.249046
81,60,1.249046
81,65,1.249046
81,66,3.141593
81,68,0.000000
81,76,1.570796
81,84,2.356194
82,11,2.356194
82,13,-0.785398
82,23,-2.819842
82,35,1.249046
82,36,2.356194
82,55,0.000000
82,60,-1.892547
82,77,-2.356194
82,84,3.141593
83,15,2.356194
83,22,-0.785398
83,34,-0.785398
83,35,-1.892547
83,44,0.000000
83,58,-1.892547
83,62,0.000000
83,84,-2.356194
84,5,0.785398
84,7,1.249046
84,8,2.356194
84,17,1.570796
84,26,2.356194
84,41,3.141593
84,49,1.249046
84,50,2.356194
84,74,1.570796
84,84,2.356194
85,5,0.000000
85,22,-1.570796
85,37,1.249046
85,38,2.356194
85,46,1.249046
85,47,2.356194
85,48,-0.785398
85,49,-1.892547
85,54,1.249046
85,55,3.141593
85,59,1.249046
85,64,0.321751
85,67,2.819842
85,71,2.819842
85,74,-0.321751
85,84,3.141593
86,5,-0.785398
86,7,-1.249046
86,9,3.141593
86,16,-0.785398
86,24,0.321751
86,25,-2.819842
86,28,0.785398
86,29,1.570796
86,30,2.356194
86,36,-0.785398
86,37,-1.892547
86,45,-0.785398
86,46,-1.892547
86,53,-0.785398
86,58,0.000000
86,61,2.356194
86,64,-0.785398
86,71,-1.570796
86,84,-2.356194
87,9,-1.570796
87,21,2.356194
87,24,-0.785398
87,27,-0.785398
87,50,0.000000
87,55,0.785398
87,56,2.356194
87,67,-0.321751
88,20,-0.785398
88,40,-0.785398
88,46,1.249046
88,47,2.356194
88,48,3.141593
88,55,-1.570796
88,59,-0.785398
88,69,2.819842
88,77,3.141593
89,7,1.249046
89,8,2.356194
89,17,2.356194
89,23,-0.785398
89,26,1.570796
89,37,3.141593
89,44,1.249046
89,46,-1.892547
89,65,1.570796
89,69,-1.570796
90,14,1.570796
90,33,0.000000
90,43,-0.785398
90,44,-1.892547
90,50,1.249046
90,51,2.356194
90,58,2.356194
90,65,-0.321751
90,66,2.819842
90,70,1.570796
90,74,1.570796
90,79,2.356194
91,5,0.321751
91,9,-1.892547
91,11,-2.356194
91,49,-0.785398
91,50,-1.892547
91,66,-2.356194
91,70,-0.321751
91,71,2.819842
91,75,-2.356194
91,78,-0.785398
91,79,-2.356194
91,84,2.356194
92,5,-0.785398
92,13,1.570796
92,16,-1.570796
92,18,1.570796
92,36,2.356194
92,55,-0.785398
92,71,-1.570796
92,81,2.356194
92,83,-0.785398
93,5,0.785398
93,13,-2.819842
93,35,-0.785398
93,42,0.000000
93,52,1.570796
93,59,1.570796
94,5,-0.321751
94,7,2.356194
94,9,-0.785398
94,15,1.570796
94,20,1.570796
94,26,2.356194
94,55,0.000000
94,56,3.141593
94,63,1.570796
94,69,1.570796
95,25,0.321751
95,26,-2.819842
95,29,-1.570796
95,35,2.356194
95,41,2.356194
95,63,0.785398
95,69,0.785398
96,20,-1.570796
96,22,1.570796
96,25,-0.785398
96,33,0.000000
96,34,-0.785398
96,40,-0.785398
96,56,2.356194
96,63,0.000000
96,66,2.356194
96,69,-0.321751
96,70,2.819842
96,76,-0.785398
96,77,-1.892547
97,17,2.356194
97,25,-1.570796
97,52,-1.570796
97,59,-1.570796
97,70,-2.356194
98,11,-1.249046
98,13,-1.892547
98,16,-0.785398
98,22,-1.570796
98,55,-1.570796
98,64,-2.356194
98,70,-1.570796
