5,39,1.249046
5,40,2.356194
6,50,2.356194
6,59,0.785398
6,60,1.570796
6,61,2.356194
6,65,0.785398
6,66,1.892547
7,24,1.249046
7,25,2.356194
7,31,0.785398
7,32,1.892547
7,34,1.249046
7,35,2.356194
7,37,-0.785398
7,72,0.785398
7,73,1.892547
8,39,1.570796
8,60,2.356194
8,66,-0.785398
9,31,0.321751
9,46,0.321751
10,19,1.249046
10,20,2.356194
10,21,-0.785398
10,34,-2.819842
10,46,-1.570796
10,83,-2.356194
11,33,-1.892547
11,37,0.321751
11,42,-1.570796
11,43,-2.356194
11,44,0.785398
11,45,2.356194
11,57,0.321751
11,70,0.321751
12,37,-0.785398
12,40,-0.785398
12,45,-2.356194
12,57,-0.785398
12,70,-1.570796
13,14,2.356194
13,16,-0.785398
13,37,2.356194
13,57,2.356194
13,69,1.570796
14,18,1.570796
14,37,3.141593
14,41,0.785398
14,46,-2.356194
14,50,0.785398
14,51,1.570796
14,52,2.356194
14,66,-2.356194
14,69,3.141593
15,11,1.249046
15,13,3.141593
15,18,0.000000
15,28,0.785398
15,29,1.570796
15,30,2.356194
15,57,-1.249046
15,58,-2.356194
16,10,0.321751
16,13,-2.356194
16,18,-0.785398
16,44,-1.570796
16,62,-1.249046
16,64,3.141593
17,10,-0.785398
17,36,0.000000
17,37,-1.892547
17,41,-1.570796
17,45,0.785398
17,46,2.356194
17,48,0.785398
17,49,1.570796
17,51,-1.570796
17,53,1.570796
17,54,2.356194
17,71,0.785398
17,72,1.570796
17,74,-1.892547
18,10,2.356194
18,22,0.785398
18,24,1.892547
18,31,1.570796
18,34,0.785398
18,35,2.356194
18,42,1.570796
18,63,0.321751
18,65,-2.356194
18,66,-0.785398
18,83,0.000000
19,8,1.249046
19,10,3.141593
19,26,1.570796
19,27,2.356194
19,35,-1.570796
19,42,-0.785398
19,43,-2.356194
19,49,2.356194
19,58,0.000000
19,59,1.892547
19,63,-0.785398
19,72,0.785398
19,82,2.356194
20,6,1.249046
20,22,-0.321751
20,29,2.356194
20,30,-0.785398
20,31,-1.892547
20,36,0.785398
20,37,2.356194
20,47,2.356194
20,49,3.141593
20,61,1.892547
20,63,2.356194
20,68,0.000000
20,72,-0.785398
20,73,-2.356194
20,74,0.785398
21,5,0.321751
21,8,-1.249046
21,28,-1.892547
21,36,-1.570796
21,49,-1.570796
21,68,-1.570796
21,75,-1.249046
21,77,3.141593
21,82,3.141593
22,5,-0.785398
22,24,-2.356194
22,25,-0.785398
22,26,-1.892547
22,50,0.785398
22,51,2.356194
22,52,-0.785398
22,53,-1.570796
22,55,1.892547
22,65,1.892547
22,67,1.570796
22,77,-1.570796
23,12,0.321751
23,14,2.819842
23,17,0.321751
23,19,2.819842
23,32,1.249046
23,33,3.141593
23,60,-1.570796
23,81,0.321751
23,83,2.819842
24,17,-0.785398
24,44,1.249046
24,46,-1.570796
24,48,1.570796
24,50,3.141593
24,55,-1.570796
24,74,1.570796
24,75,2.356194
25,12,-0.321751
25,14,-2.819842
25,20,3.141593
25,50,-2.356194
25,62,-0.785398
25,65,-1.249046
25,84,2.819842
26,18,-1.570796
26,32,0.000000
26,35,0.785398
26,36,1.570796
26,37,2.356194
26,41,0.785398
26,49,0.000000
26,84,-2.356194
27,12,0.321751
27,16,1.249046
27,17,3.141593
27,22,0.785398
27,23,2.356194
27,32,-1.570796
27,58,-1.570796
27,66,0.321751
27,73,-2.356194
27,84,0.785398
28,22,-1.570796
28,49,-1.570796
28,66,-0.785398
28,69,-0.321751
28,76,0.321751
28,84,-0.321751
28,89,2.356194
29,8,1.249046
29,10,1.570796
29,14,-1.892547
29,28,1.249046
29,29,3.141593
29,52,-0.785398
29,79,-0.785398
29,85,-1.249046
29,87,1.570796
29,89,3.141593
30,4,0.321751
30,6,-2.356194
30,16,0.000000
30,27,0.000000
30,41,-0.785398
30,60,-0.785398
30,72,-0.785398
30,78,2.356194
31,4,-0.785398
31,24,1.249046
31,25,2.356194
31,31,1.249046
31,33,1.570796
31,34,2.356194
31,51,1.570796
31,55,1.570796
31,65,-1.570796
31,69,0.321751
31,81,-0.785398
31,82,-2.356194
31,87,0.000000
31,89,-2.356194
32,7,0.321751
32,41,2.356194
32,43,1.570796
32,47,1.570796
32,69,-1.570796
32,74,-0.321751
32,78,-0.785398
32,80,2.356194
33,7,-0.785398
33,14,-1.892547
33,20,1.249046
33,21,3.141593
33,24,-2.356194
33,54,-0.785398
33,58,1.570796
33,63,2.356194
33,80,-1.570796
33,85,0.000000
33,87,-2.819842
34,24,2.356194
34,31,-0.785398
34,58,-1.570796
34,68,-1.570796
34,73,1.249046
35,3,0.785398
35,18,0.000000
35,19,-1.892547
35,22,1.249046
35,24,-2.356194
35,27,1.249046
35,29,1.892547
35,31,2.356194
35,37,1.570796
35,50,-1.570796
35,53,1.570796
35,72,0.000000
35,73,-1.892547
35,75,-2.356194
35,82,0.000000
35,83,1.570796
35,84,2.356194
35,85,-0.785398
35,86,-2.356194
36,3,0.000000
36,12,-2.819842
36,25,0.785398
36,31,-2.356194
36,40,-1.570796
36,87,0.000000
36,88,1.892547
37,3,-0.785398
37,11,-1.570796
37,16,1.570796
37,37,-1.570796
37,76,0.785398
37,77,2.356194
37,79,0.785398
37,80,1.892547
38,10,0.785398
38,24,1.570796
38,27,-0.785398
38,56,1.570796
38,76,-0.785398
38,89,-1.570796
39,4,-1.570796
39,14,-1.570796
39,19,-1.892547
39,23,0.000000
39,29,-2.356194
39,37,2.356194
39,39,1.570796
39,66,2.356194
39,84,-1.570796
39,85,3.141593
40,13,3.141593
40,21,1.249046
40,22,3.141593
40,29,2.356194
40,65,1.570796
40,69,-0.785398
41,2,-0.785398
41,7,1.570796
41,11,0.321751
41,16,0.000000
41,20,0.321751
41,25,1.249046
41,26,2.356194
41,29,3.141593
41,56,-1.570796
41,64,0.321751
41,65,-2.819842
41,82,-0.321751
41,87,1.570796
41,91,-2.356194
42,7,-2.819842
42,11,-1.570796
42,20,-1.570796
42,33,2.356194
42,48,1.570796
42,60,-1.570796
42,64,-0.785398
42,84,2.819842
42,87,-0.321751
42,88,2.819842
43,10,1.570796
43,14,1.570796
43,28,0.321751
43,30,-2.356194
43,33,3.141593
43,45,-1.570796
43,55,1.570796
44,14,-2.819842
44,28,-0.785398
44,33,-2.356194
44,71,0.785398
44,73,1.249046
44,74,2.356194
44,76,-0.785398
44,84,-0.321751
44,88,-0.321751
45,11,0.785398
45,13,-1.892547
45,20,1.570796
45,22,-1.892547
45,36,-1.570796
45,55,0.785398
45,68,1.570796
45,72,-0.785398
45,73,-1.892547
45,81,0.785398
45,86,2.819842
45,90,2.819842
46,2,0.321751
46,27,1.570796
46,45,2.356194
46,55,-0.321751
46,56,2.819842
46,60,1.570796
46,78,-0.785398
46,86,-2.356194
46,90,-2.356194
47,2,-0.785398
47,11,-2.819842
47,20,-2.819842
47,24,1.249046
47,25,2.356194
47,27,3.141593
47,56,-2.356194
47,72,3.141593
47,82,-0.321751
47,83,2.819842
48,2,-1.570796
48,5,0.321751
48,14,0.000000
48,15,-1.892547
48,18,0.321751
48,27,-1.570796
48,33,0.785398
48,56,-1.570796
48,61,-2.356194
48,83,-2.356194
48,87,1.570796
48,91,-2.356194
49,5,-1.570796
49,18,-1.570796
49,33,0.000000
49,35,0.785398
49,48,0.785398
49,87,-0.321751
49,88,2.819842
50,7,0.321751
50,33,-0.785398
50,36,-2.356194
50,48,-0.321751
50,49,2.819842
50,67,3.141593
50,78,2.356194
50,84,1.570796
50,88,-1.570796
51,11,1.570796
51,16,1.570796
51,20,0.321751
51,39,2.356194
51,49,-2.356194
51,53,-2.356194
51,58,0.000000
51,70,0.000000
51,84,-0.321751
51,85,2.819842
52,7,-2.819842
52,10,0.321751
52,11,-2.819842
52,15,0.321751
52,16,-2.819842
52,25,3.141593
52,33,0.785398
52,37,0.000000
52,39,-2.819842
52,60,0.000000
52,61,1.892547
52,81,0.785398
52,85,-1.570796
53,3,-1.570796
53,5,0.321751
53,20,-2.819842
53,24,-1.570796
53,28,-0.321751
53,33,-0.321751
53,34,2.819842
53,61,-1.249046
53,62,-2.356194
53,82,-1.570796
54,5,-0.785398
54,15,-2.819842
54,18,0.321751
54,31,2.819842
54,34,-2.356194
54,46,1.570796
54,56,1.570796
54,65,3.141593
54,78,3.141593
55,5,-1.570796
55,11,-2.356194
55,13,0.321751
55,18,-1.570796
55,22,1.570796
55,46,-0.321751
55,47,2.819842
55,68,0.000000
55,78,-2.356194
56,7,0.321751
56,17,1.570796
56,21,0.321751
56,22,-2.819842
56,28,-0.785398
56,47,-1.570796
56,52,1.570796
56,57,-2.356194
56,59,0.785398
56,78,2.356194
57,7,-0.785398
57,13,-2.819842
57,21,-1.570796
57,48,1.570796
57,53,3.141593
57,77,0.321751
58,15,0.321751
58,18,1.570796
58,20,1.570796
58,44,1.570796
58,48,-0.321751
58,64,3.141593
58,77,-1.570796
58,79,0.000000
58,80,1.892547
58,88,1.570796
58,91,-1.570796
59,10,0.321751
59,18,0.000000
59,34,-2.356194
59,37,2.819842
59,40,0.785398
59,44,-0.321751
59,45,2.819842
59,67,0.000000
59,70,0.785398
59,71,1.570796
59,72,2.356194
59,76,1.570796
59,81,2.819842
59,88,-0.321751
59,89,2.819842
60,5,3.141593
60,10,-1.570796
60,14,0.321751
60,15,-2.819842
60,18,-0.785398
60,23,1.570796
60,27,0.321751
60,32,-0.785398
60,37,-2.356194
60,40,0.000000
60,45,-1.570796
60,50,-1.249046
60,52,1.892547
60,57,0.000000
60,58,1.892547
60,81,-2.356194
60,89,-1.570796
61,9,1.570796
61,14,-1.570796
61,22,0.321751
61,23,-2.819842
61,25,0.785398
61,27,-1.570796
61,37,0.785398
61,40,-1.570796
61,42,1.570796
61,46,1.570796
61,52,-1.249046
61,53,-2.356194
61,54,3.141593
61,58,-1.249046
61,59,-2.356194
61,81,0.785398
62,3,0.000000
62,8,0.321751
62,9,-2.819842
62,22,-1.570796
62,37,-0.785398
62,39,2.356194
62,42,-0.321751
62,46,-0.321751
62,70,-0.785398
62,73,2.356194
62,81,-0.321751
62,82,2.819842
63,21,1.570796
63,25,0.321751
63,26,-2.819842
63,30,0.785398
63,34,1.570796
63,35,2.356194
63,47,-1.249046
63,49,1.892547
63,75,-2.356194
63,78,1.570796
63,82,-2.356194
64,7,0.321751
64,8,-2.819842
64,12,2.356194
64,20,0.321751
64,21,-2.819842
64,39,-0.321751
64,40,2.819842
64,50,-2.356194
64,78,-0.321751
64,79,2.819842
65,11,0.000000
65,20,-0.785398
65,24,0.321751
65,25,-2.819842
65,40,-2.356194
65,48,1.570796
65,72,2.356194
65,75,0.785398
65,79,-2.356194
66,6,0.321751
66,7,-2.819842
66,10,0.785398
66,15,1.570796
66,20,2.356194
66,24,-0.785398
66,29,-0.785398
66,35,1.570796
66,46,-1.249046
66,48,-2.356194
66,68,0.785398
66,69,1.570796
66,70,2.356194
66,72,3.141593
66,75,-0.321751
66,76,2.819842
67,6,-1.570796
67,12,3.141593
67,14,0.321751
67,15,-2.819842
67,20,-2.819842
67,35,0.000000
67,39,1.570796
67,50,0.785398
67,51,1.892547
67,72,-2.356194
67,76,-2.356194
67,91,-1.570796
68,5,1.570796
68,9,0.321751
68,18,0.321751
68,23,1.570796
68,28,2.356194
68,35,-1.570796
68,43,0.785398
68,44,1.892547
68,51,-1.249046
68,52,-2.356194
68,72,0.785398
69,3,0.785398
69,9,-1.570796
69,13,0.321751
69,14,-2.819842
69,18,-0.785398
69,22,0.321751
69,23,-2.819842
69,39,-1.249046
69,40,3.141593
69,45,2.819842
69,72,-0.321751
69,73,2.819842
69,76,0.785398
70,3,-0.785398
70,27,2.356194
70,32,3.141593
70,65,2.356194
70,67,0.785398
70,68,2.356194
70,73,-2.356194
70,76,-0.321751
70,77,2.819842
70,79,-1.570796
70,82,1.570796
71,3,0.785398
71,12,0.321751
71,13,-2.819842
71,17,1.570796
71,21,0.321751
71,22,-2.819842
71,26,0.321751
71,27,-2.819842
71,31,-0.785398
71,40,0.321751
71,47,1.570796
71,49,1.892547
71,68,-1.570796
71,77,-2.356194
72,4,3.141593
72,7,1.570796
72,12,-1.570796
72,16,0.321751
72,17,-2.819842
72,26,-1.570796
72,36,1.570796
72,40,-1.570796
72,51,0.785398
72,52,1.892547
72,60,1.249046
72,62,-1.892547
72,64,-1.570796
72,69,-2.356194
72,80,1.570796
73,5,0.785398
73,20,0.321751
73,21,-2.819842
73,30,1.570796
73,47,0.000000
73,49,-1.892547
73,55,0.785398
73,56,1.570796
73,57,2.356194
74,5,-0.785398
74,16,-2.819842
74,25,2.356194
74,29,0.321751
74,30,-2.819842
74,47,-0.785398
74,52,-0.785398
74,60,-2.356194
75,10,1.570796
75,14,0.321751
75,19,0.321751
75,20,-2.819842
75,68,1.570796
75,74,0.785398
76,9,0.321751
76,10,-2.819842
76,14,-0.785398
76,19,-1.570796
76,23,-0.785398
76,28,0.321751
76,29,-2.819842
76,74,-0.321751
76,75,2.819842
77,9,-1.570796
77,28,-1.570796
77,33,1.570796
77,38,1.570796
77,52,2.356194
77,75,-2.356194
77,87,0.785398
77,88,2.356194
77,89,-0.785398
77,91,2.819842
78,13,1.570796
78,27,1.570796
78,32,0.321751
78,33,-2.819842
78,37,0.321751
78,38,-2.819842
78,51,0.321751
78,52,-2.819842
78,72,1.570796
78,87,-0.785398
78,91,-2.356194
79,12,0.321751
79,13,-2.819842
79,22,1.570796
79,26,0.321751
79,27,-2.819842
79,32,-0.785398
79,37,-0.785398
79,51,-0.785398
80,12,-1.570796
80,21,0.321751
80,22,-2.819842
80,26,-0.785398
80,51,-1.570796
81,26,2.356194
81,36,1.570796
81,55,2.356194
81,60,2.356194
82,20,0.321751
82,21,-2.819842
82,25,0.321751
82,26,-2.819842
82,35,0.321751
82,36,-2.819842
82,41,-1.570796
82,54,0.321751
82,55,-2.819842
82,59,0.321751
82,60,-2.819842
82,78,0.785398
83,15,1.570796
83,20,-0.785398
83,35,-1.570796
83,49,1.570796
83,54,-0.785398
83,59,-0.785398
83,78,-0.321751
83,79,2.819842
83,88,0.785398
84,2,0.785398
84,14,0.321751
84,15,-2.819842
84,24,0.321751
84,25,-2.819842
84,40,2.356194
84,49,2.356194
84,79,-2.356194
84,85,0.785398
84,90,3.141593
85,2,-0.321751
85,4,3.141593
85,14,-1.570796
85,18,1.249046
85,19,3.141593
85,24,-1.570796
85,34,2.356194
85,48,0.321751
85,49,-2.819842
85,53,1.570796
85,82,0.785398
85,85,-0.321751
86,17,0.321751
86,33,0.321751
86,34,-2.819842
86,48,-0.785398
86,52,0.321751
86,53,-2.819842
86,82,-0.321751
86,83,2.819842
86,89,-2.356194
87,17,-0.785398
87,28,2.356194
87,33,-1.570796
87,52,-0.785398
87,63,2.356194
87,83,-2.356194
87,86,0.785398
88,3,0.785398
88,12,2.356194
88,27,0.321751
88,28,-2.819842
88,32,1.570796
88,47,1.570796
88,52,-1.570796
88,62,0.321751
88,63,-2.819842
88,83,2.356194
88,86,-0.321751
88,90,2.819842
89,3,0.000000
89,11,0.000000
89,12,-2.356194
89,27,-0.785398
89,31,0.321751
89,32,-2.819842
89,42,1.570796
89,47,-2.819842
89,62,-0.785398
89,79,0.785398
89,90,-1.570796
90,10,1.570796
90,36,1.570796
90,41,0.321751
90,42,-2.819842
90,45,0.321751
90,55,1.570796
90,58,1.570796
90,79,0.000000
90,87,3.141593
91,3,0.000000
91,7,3.141593
91,10,-2.819842
91,26,1.570796
91,30,0.321751
91,31,-2.819842
91,36,-2.819842
91,41,-1.570796
91,45,-1.570796
91,50,2.356194
91,55,-2.819842
91,70,0.785398
91,79,-0.785398
91,83,-0.785398
91,87,-1.570796
92,3,-0.785398
92,15,2.356194
92,25,0.321751
92,26,-2.819842
92,30,-1.570796
92,44,1.570796
92,49,1.570796
92,53,0.321751
92,58,2.356194
92,66,2.356194
92,70,0.000000
92,76,2.819842
92,83,0.785398
93,8,-0.785398
93,11,-0.785398
93,14,0.321751
93,15,-2.819842
93,25,-1.570796
93,29,-0.785398
93,32,1.249046
93,34,-1.892547
93,39,1.570796
93,43,0.321751
93,44,-2.819842
93,48,0.321751
93,49,-2.819842
93,57,0.321751
93,58,-2.819842
93,65,0.321751
93,66,-2.819842
93,76,-2.356194
93,80,0.785398
93,81,2.356194
93,91,2.356194
94,8,2.356194
94,24,1.570796
94,39,-2.819842
94,43,-0.785398
94,48,-0.785398
94,52,0.321751
94,53,-2.819842
94,57,-1.570796
94,61,2.356194
94,69,0.321751
94,73,-0.785398
94,80,-0.785398
94,85,-2.356194
94,88,0.785398
94,91,-2.819842
95,3,0.785398
95,8,-2.819842
95,14,-2.819842
95,24,-2.819842
95,29,0.000000
95,30,-0.785398
95,31,-1.892547
95,37,0.321751
95,52,-0.785398
95,60,0.321751
95,61,-2.819842
95,64,0.321751
95,65,-2.819842
95,73,2.356194
95,76,0.785398
95,82,-0.785398
95,90,-1.892547
96,4,-2.356194
96,22,0.321751
96,34,2.356194
96,37,-1.570796
96,47,1.570796
96,52,-1.570796
96,60,-1.570796
96,64,-0.785398
96,68,0.321751
96,69,-2.819842
96,73,-2.819842
96,76,-0.321751
96,79,2.356194
96,86,0.000000
96,87,-0.785398
96,88,-1.892547
97,7,-1.570796
97,11,0.000000
97,12,-1.892547
97,22,-1.570796
97,36,-0.785398
97,42,0.000000
97,43,-1.570796
97,44,-2.356194
97,46,-0.785398
97,55,-0.785398
97,64,-1.570796
97,68,-0.785398
97,72,-0.785398
97,83,0.785398
98,16,-0.785398
98,21,-0.785398
98,31,0.000000
98,41,-0.785398
98,59,-1.570796
98,68,-1.570796
98,72,-1.570796
98,78,-0.785398
98,84,-2.356194
