8,37,1.249046
8,38,2.356194
9,26,0.785398
9,27,1.570796
9,28,2.356194
9,52,1.249046
9,54,1.892547
9,58,1.249046
9,60,1.892547
9,68,1.570796
9,69,2.356194
9,70,0.785398
9,71,1.892547
10,14,1.249046
10,15,3.141593
10,62,1.892547
11,13,0.321751
11,48,0.785398
11,60,-1.892547
11,64,1.892547
12,13,-1.570796
12,44,1.892547
12,62,-0.785398
12,73,3.141593
13,33,1.249046
13,39,-2.819842
13,59,2.819842
14,42,-0.321751
14,55,0.321751
14,72,0.321751
14,74,2.819842
14,83,1.570796
14,84,2.356194
15,26,0.321751
15,28,2.819842
15,31,-0.785398
15,33,-1.249046
15,35,3.141593
15,47,-2.819842
15,50,-0.321751
15,55,-0.785398
15,59,-1.570796
15,60,-2.356194
15,61,0.785398
15,62,1.570796
16,26,-0.785398
16,28,-1.570796
16,39,0.785398
16,41,1.249046
16,46,-1.892547
16,53,2.819842
16,72,-0.321751
16,78,1.249046
17,36,2.819842
17,62,-0.321751
17,67,2.819842
17,76,1.570796
18,53,-1.570796
18,55,1.570796
18,80,-2.819842
19,25,2.356194
20,11,0.321751
20,13,3.141593
20,25,-2.819842
20,30,-0.785398
20,34,-0.785398
20,45,0.785398
20,46,1.570796
21,11,-1.570796
21,15,0.785398
21,16,1.570796
21,18,-1.570796
21,34,2.356194
21,37,-0.321751
21,60,0.321751
21,79,2.356194
22,32,0.785398
22,42,-2.819842
22,46,-0.321751
22,77,1.570796
22,79,3.141593
23,17,1.570796
23,52,1.249046
23,69,-1.892547
23,87,2.356194
24,17,0.000000
24,26,1.249046
24,30,-2.819842
24,33,-0.321751
24,82,1.570796
25,24,0.785398
25,39,-2.819842
25,43,0.000000
25,44,1.570796
25,59,-2.356194
25,68,2.819842
25,73,-2.356194
25,74,-0.785398
26,17,-0.321751
26,28,-1.892547
26,30,1.570796
26,34,0.000000
26,48,-1.892547
26,60,1.570796
26,87,-1.892547
27,18,-1.249046
27,30,-0.321751
27,32,2.356194
27,35,0.785398
27,36,2.356194
27,38,3.141593
27,57,2.819842
27,60,0.000000
27,71,-0.785398
27,72,3.141593
28,9,0.321751
28,11,3.141593
28,25,0.000000
28,35,-0.785398
28,38,-1.570796
28,49,1.249046
28,57,-1.570796
28,60,-0.785398
28,74,0.785398
28,79,-2.356194
29,9,-0.785398
29,32,2.819842
29,60,2.356194
29,83,-2.356194
29,84,-0.785398
29,89,2.356194
30,24,0.321751
30,27,-1.570796
30,28,-2.356194
30,40,-0.785398
30,41,-1.570796
30,46,-1.892547
30,56,2.356194
30,69,-0.785398
30,71,2.819842
30,74,0.321751
30,76,-2.356194
30,77,0.785398
31,17,1.249046
31,30,-1.249046
31,55,-1.892547
31,66,-0.785398
31,71,-1.570796
31,85,0.321751
31,90,2.819842
32,34,-0.785398
32,44,2.819842
32,63,-1.570796
32,66,2.356194
32,72,0.785398
32,74,3.141593
33,17,-1.249046
33,40,0.785398
33,49,0.000000
33,50,-1.570796
33,52,3.141593
33,82,0.785398
33,83,1.892547
33,90,-2.819842
34,30,1.249046
34,32,3.141593
34,36,-0.785398
34,44,-1.570796
34,45,-2.356194
34,46,0.785398
34,47,1.570796
34,48,3.141593
34,55,1.249046
34,62,0.785398
34,69,1.249046
35,18,0.321751
35,25,-1.249046
35,27,-1.570796
35,28,-2.356194
35,40,0.321751
35,67,-1.570796
36,21,-2.819842
36,30,-1.249046
36,32,3.141593
36,47,0.785398
36,79,-1.570796
36,80,-2.356194
36,81,0.785398
36,85,-2.356194
37,9,0.785398
37,36,0.785398
37,43,2.819842
37,47,-0.785398
37,48,-2.356194
37,54,0.000000
37,56,1.892547
37,63,-1.892547
37,66,1.570796
37,86,0.000000
37,87,1.570796
37,90,2.819842
38,9,0.000000
38,11,1.892547
38,13,1.249046
38,15,1.892547
38,22,1.570796
38,23,2.356194
38,24,0.785398
38,25,1.570796
38,33,3.141593
38,50,-2.356194
38,58,-0.785398
38,66,0.000000
38,82,0.000000
38,90,-2.356194
39,29,1.249046
39,34,0.000000
39,43,-2.819842
39,50,0.785398
39,83,2.356194
40,11,-1.892547
40,20,-1.249046
40,37,-1.249046
40,50,0.000000
40,63,1.249046
40,64,2.356194
40,75,-2.356194
40,80,-0.785398
40,81,-1.570796
41,33,2.356194
41,34,-0.785398
41,68,0.785398
41,85,1.570796
41,87,-1.570796
41,88,3.141593
41,90,2.356194
42,22,-0.785398
42,90,-2.819842
43,16,2.819842
43,25,0.000000
43,26,1.570796
43,36,1.249046
43,57,1.892547
43,59,1.249046
43,66,-2.819842
43,89,-0.785398
44,11,1.570796
44,12,2.356194
44,13,-0.785398
44,31,2.356194
44,34,0.785398
44,75,-1.892547
44,89,0.000000
45,20,1.249046
45,31,-2.819842
45,38,-2.819842
46,9,-1.570796
46,34,-2.819842
46,42,-0.321751
46,61,-1.249046
46,63,-1.892547
46,67,0.321751
47,7,-0.785398
47,23,2.356194
47,37,0.000000
47,74,0.785398
47,75,1.570796
47,77,-1.570796
47,78,-2.356194
47,90,2.356194
48,21,2.356194
48,22,-0.785398
48,42,0.000000
48,47,-2.819842
48,51,0.785398
48,57,-1.570796
48,68,-2.356194
48,88,0.785398
48,90,-2.819842
49,33,-2.356194
49,34,0.785398
49,35,1.570796
49,37,-1.570796
49,51,-0.785398
49,52,3.141593
49,62,1.892547
49,64,1.249046
49,72,-2.356194
49,75,0.000000
49,77,0.785398
49,78,1.892547
49,86,-0.785398
50,7,0.785398
50,10,1.249046
50,11,2.356194
50,12,-0.785398
50,13,-1.892547
50,20,3.141593
50,24,0.321751
50,44,0.000000
50,49,0.785398
50,50,2.356194
50,53,1.570796
50,80,0.785398
50,81,1.892547
50,89,2.356194
51,15,0.321751
51,20,-1.570796
51,24,-1.570796
51,53,0.000000
51,57,2.356194
51,59,-0.785398
51,66,-1.570796
51,67,-2.356194
51,78,-0.785398
51,89,3.141593
52,6,0.321751
52,21,1.570796
52,23,1.570796
52,26,0.321751
52,28,-2.356194
52,29,0.785398
52,89,-2.356194
53,17,-1.892547
53,26,-0.785398
53,47,0.000000
53,56,2.356194
53,60,0.321751
53,79,-2.356194
54,5,0.321751
54,23,-1.249046
54,24,3.141593
54,26,2.356194
54,29,0.000000
54,42,-2.819842
54,45,0.785398
54,56,-2.819842
54,60,-1.570796
54,89,2.356194
55,5,-0.785398
55,8,-1.570796
55,74,0.785398
55,89,3.141593
56,43,1.249046
56,63,-1.570796
56,65,-1.249046
56,67,-1.570796
56,74,-0.785398
56,75,-2.356194
56,76,-0.785398
56,77,-1.570796
56,79,1.570796
56,87,-1.570796
56,89,-2.356194
57,10,0.000000
57,17,0.000000
57,24,-1.892547
57,41,-2.356194
57,54,0.321751
57,56,2.819842
57,62,1.570796
57,73,3.141593
57,89,2.356194
58,5,0.785398
58,14,2.819842
58,26,-0.785398
58,28,-1.249046
58,43,-2.356194
58,46,-0.785398
58,60,-2.356194
58,79,2.356194
58,82,-0.785398
58,87,-2.356194
59,5,-0.785398
59,6,-2.356194
59,7,0.785398
59,8,1.570796
59,9,2.356194
59,10,-0.785398
59,30,-2.356194
59,39,-2.356194
59,52,2.356194
59,53,-0.785398
59,54,-1.570796
59,65,1.892547
59,74,2.356194
59,75,0.785398
59,76,1.892547
59,90,2.819842
60,43,0.785398
60,80,0.000000
60,90,-2.356194
61,19,-1.892547
61,29,0.000000
61,30,-1.570796
61,39,2.356194
61,43,0.000000
61,48,-0.785398
61,71,-1.249046
61,73,-2.356194
62,8,0.785398
62,10,1.249046
62,22,0.785398
62,23,3.141593
62,28,3.141593
62,39,3.141593
62,43,-1.570796
62,52,0.000000
62,53,1.570796
62,55,-1.892547
62,60,1.570796
62,62,-2.356194
62,83,-1.570796
62,84,3.141593
62,90,2.356194
63,8,-0.321751
63,31,0.321751
63,42,1.570796
63,46,0.785398
63,64,-2.819842
63,85,0.000000
63,86,1.570796
63,87,2.356194
63,88,0.785398
63,90,-2.819842
64,4,0.785398
64,17,1.892547
64,21,0.000000
64,22,-2.356194
64,26,0.321751
64,28,3.141593
64,31,-1.570796
64,35,-1.249046
64,36,3.141593
64,39,0.000000
64,53,0.785398
64,56,1.249046
64,60,-2.819842
64,63,-0.785398
65,4,0.000000
65,7,0.785398
65,20,2.356194
65,29,0.785398
65,33,2.356194
65,37,1.570796
65,44,1.570796
65,49,3.141593
65,68,0.321751
65,70,-2.356194
65,72,0.785398
65,73,1.570796
65,80,-1.570796
65,81,3.141593
65,86,2.356194
66,4,-1.570796
66,15,-0.321751
66,31,0.000000
66,37,0.000000
66,41,-1.892547
66,60,0.000000
66,61,1.570796
66,63,-1.570796
66,68,-0.785398
67,7,0.321751
67,29,-2.819842
67,34,3.141593
67,49,0.000000
67,50,2.356194
67,58,-2.819842
67,68,0.785398
67,88,-0.785398
67,89,-1.570796
67,90,3.141593
68,46,0.000000
68,50,-2.356194
68,61,2.356194
68,64,0.321751
68,75,-0.785398
68,79,3.141593
68,86,-0.785398
69,7,-0.321751
69,23,-1.570796
69,30,2.356194
69,31,-0.785398
69,41,0.785398
69,42,1.570796
69,80,0.785398
69,81,2.356194
70,19,2.819842
70,25,-0.321751
70,38,-2.819842
70,52,1.249046
70,54,-2.356194
70,64,-1.570796
70,66,-1.892547
70,77,2.356194
70,80,-0.785398
70,84,1.570796
70,91,2.356194
71,34,0.000000
71,35,-1.570796
71,49,0.321751
71,56,3.141593
71,71,2.356194
71,72,-0.785398
71,75,2.356194
71,88,2.356194
71,90,-0.785398
72,15,-1.892547
72,17,-1.249046
72,45,-1.892547
72,56,-1.570796
72,67,0.321751
72,70,-1.892547
72,81,-2.356194
72,82,0.785398
73,5,0.785398
73,6,2.356194
73,29,-2.356194
73,33,0.000000
73,39,1.570796
73,51,-1.570796
73,52,-2.356194
73,64,2.356194
73,67,-0.785398
74,5,-0.785398
74,22,3.141593
74,29,0.785398
74,31,1.249046
74,32,3.141593
74,34,0.000000
74,41,-1.249046
74,43,3.141593
74,55,0.785398
74,67,2.356194
74,73,0.000000
74,74,-1.570796
74,75,-2.356194
74,76,-0.785398
74,77,-1.570796
75,16,2.356194
75,22,-2.356194
75,26,0.785398
75,29,-0.785398
75,43,-1.570796
75,64,-1.249046
75,65,-2.356194
75,67,3.141593
75,71,2.356194
75,79,-1.249046
75,80,-2.356194
75,88,-1.249046
76,22,0.785398
76,31,-2.356194
76,49,2.356194
76,55,0.321751
76,60,-1.570796
76,82,1.570796
76,90,-2.356194
77,5,0.785398
77,13,-0.785398
77,18,0.000000
77,19,1.892547
77,34,0.321751
77,37,2.356194
77,38,0.000000
77,45,0.785398
77,49,-2.819842
77,67,0.000000
77,71,-2.356194
77,72,0.785398
77,73,1.570796
77,74,2.356194
78,5,0.000000
78,7,1.892547
78,11,2.819842
78,15,-2.819842
78,39,0.000000
78,40,1.892547
78,53,1.249046
78,59,3.141593
78,76,0.785398
78,78,1.570796
78,79,2.356194
78,80,0.785398
78,87,0.785398
78,88,1.892547
78,90,2.356194
79,13,0.000000
79,18,0.321751
79,23,-1.249046
79,25,3.141593
79,28,1.249046
79,42,1.570796
79,43,2.356194
79,44,-0.785398
79,45,-1.570796
79,67,-0.321751
79,73,2.356194
79,81,-1.249046
79,90,-2.356194
80,18,-1.570796
80,34,-1.892547
80,53,-1.249046
80,58,2.819842
80,70,-1.570796
80,71,-2.356194
80,91,-2.356194
81,38,0.000000
81,39,-1.892547
81,62,0.000000
81,63,1.570796
81,64,2.356194
81,65,0.785398
81,66,1.570796
81,83,0.321751
81,85,-2.356194
81,88,3.141593
82,5,-0.785398
82,12,1.570796
82,18,2.819842
82,25,-1.892547
82,27,-2.356194
82,35,1.249046
82,37,2.356194
82,56,0.000000
82,58,-2.356194
82,78,-1.570796
82,88,-2.356194
83,12,0.000000
83,21,-0.785398
83,56,-1.570796
83,68,-1.570796
83,69,-2.356194
83,82,3.141593
84,23,-2.356194
84,35,-1.249046
84,78,-2.356194
84,79,0.785398
84,84,0.785398
85,23,0.785398
85,33,-1.570796
85,55,0.000000
85,60,0.785398
85,84,0.000000
85,87,0.785398
85,90,2.819842
86,19,-1.570796
86,20,3.141593
86,23,-0.785398
86,24,3.141593
86,31,-2.356194
86,47,0.000000
86,48,-1.570796
86,49,-2.356194
86,52,0.785398
86,53,1.570796
86,54,3.141593
86,60,0.000000
86,67,2.356194
86,70,0.785398
86,71,1.570796
86,73,-1.570796
86,81,2.819842
86,84,-0.785398
87,11,0.000000
87,15,2.356194
87,21,0.000000
87,22,2.356194
87,25,0.785398
87,26,2.356194
87,35,0.785398
87,36,2.356194
87,45,1.249046
87,46,3.141593
87,57,1.570796
87,60,-1.570796
87,77,0.785398
87,84,2.356194
87,90,3.141593
88,17,-2.356194
88,28,-2.356194
88,35,-0.785398
88,44,-0.785398
88,57,0.000000
88,71,2.356194
88,75,-0.785398
88,81,0.000000
88,90,-1.570796
89,17,0.785398
89,21,0.321751
89,53,0.785398
89,61,1.249046
89,63,-1.892547
89,69,0.785398
89,88,-2.819842
90,17,-0.785398
90,18,-2.356194
90,28,0.785398
90,31,2.356194
90,47,1.570796
90,55,2.356194
90,65,0.000000
90,67,1.570796
90,68,3.141593
90,73,1.570796
90,75,-1.570796
90,76,-2.356194
90,80,-0.785398
90,81,-1.570796
91,9,3.141593
91,15,2.356194
91,16,0.000000
91,31,-2.819842
91,39,1.249046
91,43,2.819842
91,47,0.000000
91,49,1.892547
91,70,-0.785398
91,83,-2.356194
91,91,2.356194
92,26,1.570796
92,43,-2.356194
92,47,-0.785398
92,57,-1.570796
92,60,-2.356194
92,70,2.356194
92,88,-2.356194
92,89,0.785398
92,91,-2.819842
93,18,0.000000
93,28,-1.249046
93,32,0.785398
93,33,1.570796
93,35,-1.570796
93,41,0.785398
93,43,2.356194
93,47,0.000000
93,60,0.785398
93,81,0.785398
94,15,3.141593
94,43,-2.819842
94,46,0.785398
94,60,-0.785398
94,62,2.356194
94,72,-0.785398
94,73,-1.570796
94,79,-1.570796
95,27,-2.356194
95,30,2.356194
95,36,0.321751
95,39,1.570796
95,48,-1.570796
95,53,-0.785398
95,59,0.000000
95,85,-1.570796
95,87,1.892547
96,44,1.570796
96,46,-1.892547
96,51,1.570796
96,57,-1.892547
96,60,1.570796
96,64,-0.785398
96,65,-1.570796
96,67,-1.570796
96,68,-2.356194
96,70,3.141593
96,89,2.356194
97,13,3.141593
97,20,-1.892547
97,23,-1.249046
97,25,-2.356194
97,31,-2.356194
97,32,-0.785398
97,33,-1.570796
97,34,-2.356194
97,35,-0.785398
97,52,-2.356194
97,53,-0.785398
97,54,-1.892547
97,60,-0.785398
97,62,-1.892547
97,70,-1.570796
97,77,-1.892547
97,87,-1.570796
98,10,-0.785398
98,11,-1.892547
98,17,-1.249046
98,18,-2.356194
98,27,-0.785398
98,28,-1.892547
98,43,-0.785398
98,59,-0.785398
98,71,-2.356194
98,81,-1.249046
98,83,-1.892547
98,90,-2.356194
98,91,3.141593
