11,43,1.249046
11,44,2.356194
13,70,2.356194
13,76,0.785398
13,77,1.892547
14,28,1.249046
14,29,3.141593
14,42,-1.570796
15,18,1.249046
15,19,2.356194
15,27,-0.785398
15,77,-0.785398
16,17,-0.785398
17,45,0.785398
17,46,2.356194
17,65,0.321751
18,45,-0.785398
18,65,-1.570796
20,49,0.785398
20,50,2.356194
21,49,-0.785398
22,52,0.000000
22,53,1.570796
22,54,2.356194
22,56,0.785398
22,57,1.570796
22,59,1.892547
23,49,0.785398
23,61,1.570796
24,36,0.785398
24,49,0.000000
24,67,-2.356194
24,76,0.785398
25,16,3.141593
25,45,0.785398
25,54,-2.356194
25,57,-0.785398
25,58,-1.892547
25,67,2.356194
26,47,2.356194
26,48,-0.785398
26,49,-1.570796
26,64,-1.249046
26,65,-2.356194
26,72,1.249046
26,74,1.570796
26,78,-2.356194
27,12,0.321751
27,34,-0.785398
27,40,3.141593
27,67,-1.249046
27,68,-2.356194
27,88,3.141593
28,12,-0.785398
28,38,-1.892547
28,42,2.356194
28,51,0.000000
28,52,-1.570796
28,53,-2.356194
28,72,-1.249046
28,74,-2.356194
28,77,-1.249046
28,79,1.892547
28,85,0.321751
29,36,3.141593
29,47,0.000000
29,49,1.249046
29,50,3.141593
29,67,0.785398
29,68,1.892547
29,79,-1.249046
29,80,3.141593
29,85,-0.785398
30,21,0.785398
30,22,2.356194
30,32,1.570796
30,68,-1.249046
30,69,-2.356194
30,81,0.000000
30,82,1.892547
31,21,-0.785398
31,27,0.000000
31,34,-1.892547
31,37,1.249046
31,39,-1.892547
31,43,1.249046
31,44,2.356194
31,45,-0.785398
31,53,3.141593
31,57,0.000000
31,63,3.141593
31,74,-0.785398
31,75,-1.570796
31,76,3.141593
31,82,-1.249046
31,89,2.356194
32,28,-1.570796
32,36,0.000000
32,37,-1.892547
32,42,0.000000
32,43,-1.892547
32,65,0.000000
32,68,0.785398
32,69,1.892547
32,77,0.000000
32,78,1.892547
32,84,-1.249046
32,85,-2.356194
32,88,-0.785398
32,89,-2.356194
33,23,1.570796
33,25,1.249046
33,26,2.356194
33,34,0.785398
33,35,2.356194
33,40,1.249046
33,41,3.141593
33,48,0.000000
33,58,0.785398
33,59,1.570796
33,60,2.356194
33,69,-1.249046
33,70,-2.356194
33,78,-1.249046
33,79,-2.356194
34,23,0.000000
34,33,3.141593
34,37,1.249046
34,38,2.356194
34,39,-0.785398
34,44,1.249046
34,45,2.356194
34,63,3.141593
34,73,-2.356194
34,83,3.141593
35,32,-1.892547
35,42,2.356194
35,43,-0.785398
35,44,-1.892547
35,67,0.000000
35,68,3.141593
35,76,0.000000
35,77,0.785398
35,78,1.892547
35,91,-2.356194
36,23,-0.321751
36,29,0.785398
36,30,3.141593
36,34,0.000000
36,35,-1.892547
36,39,1.249046
36,41,-1.892547
36,58,-0.785398
36,59,-1.570796
36,60,-2.356194
36,63,3.141593
36,78,-1.249046
36,79,-2.356194
36,80,3.141593
36,86,0.785398
37,32,1.249046
37,33,3.141593
37,39,-1.892547
37,65,0.000000
37,68,3.141593
37,71,0.000000
38,24,-0.785398
38,31,0.000000
38,32,-1.892547
38,35,1.249046
38,37,-1.892547
38,56,3.141593
38,59,0.000000
38,61,0.785398
38,62,1.892547
38,83,0.785398
39,12,2.356194
39,34,0.000000
39,35,-1.892547
39,62,-1.249046
39,63,-2.356194
39,65,3.141593
39,79,0.785398
39,80,1.892547
39,85,0.785398
39,86,1.892547
40,21,2.356194
40,29,-1.892547
40,44,1.249046
40,45,2.356194
40,71,0.000000
40,74,0.785398
40,75,1.892547
40,80,-1.249046
40,82,1.892547
40,86,-1.249046
40,87,3.141593
40,91,-2.356194
41,10,0.321751
41,25,-2.356194
41,42,1.249046
41,44,-1.892547
41,77,2.356194
41,82,-1.249046
41,83,3.141593
42,10,-0.785398
42,27,-2.819842
42,41,-0.785398
42,42,-1.892547
42,64,3.141593
42,84,-2.356194
42,90,3.141593
43,18,0.785398
43,32,3.141593
43,37,1.249046
43,38,3.141593
43,44,1.249046
43,45,2.356194
43,53,1.249046
43,54,2.356194
43,56,3.141593
43,74,0.000000
43,75,-0.785398
43,76,-2.356194
43,86,0.785398
44,35,1.249046
44,37,-1.892547
44,43,-0.785398
44,44,-1.892547
44,49,0.000000
44,52,-0.785398
44,53,-1.892547
44,58,0.000000
44,60,3.141593
44,87,0.000000
44,88,1.892547
45,30,-0.785398
45,33,1.249046
45,35,-1.892547
45,47,3.141593
45,72,0.000000
45,73,3.141593
45,88,-1.249046
45,89,3.141593
46,19,0.000000
46,21,-1.892547
46,23,-1.570796
46,33,-1.892547
46,44,1.249046
46,45,3.141593
46,51,0.000000
46,57,3.141593
46,81,3.141593
46,90,-2.356194
47,31,-1.892547
47,43,-0.785398
47,44,-1.892547
47,78,1.570796
48,19,0.000000
48,34,1.249046
48,35,3.141593
48,47,3.141593
48,72,2.356194
48,78,-1.570796
48,84,0.785398
49,19,-0.785398
49,29,-2.356194
49,39,0.000000
49,58,0.000000
49,61,3.141593
49,71,-0.785398
49,74,1.570796
49,85,-2.356194
49,90,0.785398
50,28,-2.356194
50,32,0.000000
50,33,-1.892547
50,37,2.356194
50,47,1.249046
50,48,2.356194
50,49,3.141593
50,74,0.000000
50,78,3.141593
50,91,-2.356194
51,31,1.570796
51,41,-0.785398
51,45,0.000000
51,46,-0.785398
51,47,-1.892547
51,57,0.000000
51,61,3.141593
51,86,0.321751
51,89,1.892547
52,19,0.000000
52,20,-1.570796
52,21,3.141593
52,24,-1.570796
52,31,-2.819842
52,34,1.249046
52,35,3.141593
52,64,0.000000
52,65,0.785398
52,66,1.570796
52,67,2.356194
52,70,-0.785398
52,71,-1.570796
52,72,-2.356194
52,73,-0.785398
52,86,-0.785398
52,89,-1.249046
52,90,3.141593
53,10,0.785398
53,18,1.570796
53,48,2.356194
53,91,-2.356194
54,10,0.000000
54,17,-0.785398
54,18,-2.356194
54,45,0.000000
54,66,0.785398
54,84,0.785398
55,10,-0.785398
55,22,-1.570796
55,24,0.785398
55,26,-1.892547
55,49,0.000000
55,51,3.141593
55,66,-0.321751
55,67,2.819842
55,85,0.000000
55,86,1.892547
55,90,3.141593
56,21,2.356194
56,28,-1.570796
56,61,1.570796
56,67,-2.356194
56,86,-1.249046
56,87,3.141593
57,19,1.570796
57,21,-2.356194
57,24,0.000000
57,30,-1.570796
57,61,-1.570796
57,67,-1.570796
57,80,0.785398
57,84,0.785398
58,21,0.000000
58,29,1.570796
58,32,1.570796
58,37,0.000000
58,39,2.356194
58,45,2.356194
58,81,-2.356194
59,22,0.785398
59,29,-2.819842
59,32,2.356194
59,35,1.570796
59,44,1.570796
60,16,0.321751
60,41,2.356194
60,43,-0.785398
60,44,-2.356194
60,80,0.785398
60,87,0.000000
60,88,1.892547
61,24,0.000000
61,49,0.785398
61,65,2.356194
61,81,2.356194
61,88,-1.249046
61,90,2.356194
62,16,-0.321751
62,29,0.321751
62,33,-1.570796
62,40,-2.356194
62,50,-2.356194
62,64,-0.785398
62,86,0.785398
62,90,-2.356194
63,23,-2.819842
63,25,0.321751
63,26,-2.819842
63,32,1.570796
63,39,-2.356194
63,90,0.000000
64,16,0.321751
64,28,0.321751
64,29,-2.819842
64,31,0.321751
64,32,-2.819842
64,35,-1.570796
64,38,-2.356194
64,73,1.570796
64,77,0.785398
64,88,0.000000
65,24,0.321751
65,25,-2.819842
65,31,-1.570796
65,34,-0.785398
66,11,0.000000
66,28,-2.819842
66,30,-0.785398
66,37,-1.570796
66,50,-2.356194
66,75,3.141593
66,79,0.000000
66,80,1.892547
66,86,-1.570796
66,91,2.819842
67,20,2.356194
67,24,-2.819842
67,26,0.321751
67,60,1.570796
67,81,2.819842
67,84,1.570796
67,91,-2.356194
68,20,-2.356194
68,81,-1.570796
68,84,-0.321751
68,90,-0.785398
69,16,-0.321751
69,25,0.321751
69,26,-2.819842
69,59,0.321751
69,61,2.819842
69,75,3.141593
69,82,1.570796
69,86,2.819842
69,88,0.785398
70,25,-1.570796
70,31,1.570796
70,73,-0.785398
70,82,-0.321751
70,86,-1.570796
70,91,2.356194
71,18,-2.356194
71,21,-2.356194
71,28,2.356194
71,30,0.321751
71,59,-0.321751
71,61,-2.819842
71,84,2.819842
71,87,1.570796
71,90,0.000000
72,30,-1.570796
72,32,-0.785398
72,33,-1.570796
72,34,-2.356194
72,36,3.141593
72,81,0.785398
72,84,-1.570796
72,87,-0.321751
72,90,0.000000
73,10,0.785398
73,20,1.570796
73,60,-2.819842
73,74,0.000000
73,79,0.785398
74,10,0.000000
74,18,0.785398
74,23,1.570796
74,29,-1.570796
74,38,0.785398
74,49,2.356194
74,80,-2.356194
74,86,1.570796
75,10,-0.785398
75,23,-2.356194
75,26,2.356194
75,42,0.785398
75,48,-1.570796
75,53,0.785398
75,54,1.570796
75,55,2.356194
75,57,-0.785398
75,58,-1.892547
75,77,-1.570796
75,86,-0.321751
75,87,2.819842
76,28,1.570796
76,31,2.356194
76,43,-1.570796
76,74,-0.785398
76,81,0.785398
76,87,-1.570796
76,90,-0.321751
76,91,2.819842
77,10,0.785398
77,23,0.321751
77,45,3.141593
77,64,0.785398
77,79,1.570796
77,82,1.570796
77,85,1.570796
77,91,-2.356194
78,10,0.000000
78,19,-0.785398
78,23,-1.570796
78,26,1.249046
78,27,3.141593
78,32,1.570796
78,79,-0.321751
78,80,2.819842
78,82,-0.321751
78,83,2.819842
78,85,-0.321751
78,86,2.819842
78,88,0.785398
79,10,-0.785398
79,22,1.570796
79,32,2.356194
79,80,-2.356194
79,83,-1.570796
79,86,-1.570796
80,21,0.321751
80,22,-2.819842
80,24,0.321751
80,31,0.321751
80,32,-2.819842
80,41,0.321751
80,84,-2.356194
81,10,0.785398
81,24,-1.570796
81,31,-1.570796
81,35,2.356194
81,87,-0.321751
82,10,-0.321751
82,12,2.356194
82,20,-0.785398
82,21,-2.356194
82,23,1.570796
82,30,1.570796
82,41,-2.819842
82,48,1.570796
82,73,1.570796
82,81,-1.570796
82,91,2.819842
83,23,-2.819842
83,25,0.321751
83,30,-2.819842
83,33,0.321751
83,34,-2.819842
83,39,-0.785398
83,40,-1.892547
83,73,-1.570796
83,85,1.570796
83,88,-0.321751
83,91,-2.356194
84,11,0.785398
84,22,-1.570796
84,25,-1.570796
84,43,0.000000
84,44,3.141593
84,48,-1.570796
84,85,-1.570796
84,89,-1.570796
85,11,0.000000
85,27,2.356194
85,32,0.321751
85,33,-2.819842
85,35,1.570796
85,38,1.570796
85,41,1.570796
85,53,0.785398
85,70,-1.570796
85,83,1.570796
86,11,-0.785398
86,26,0.321751
86,27,-2.819842
86,32,-0.785398
86,35,2.356194
86,53,0.000000
86,63,2.356194
86,80,1.570796
86,83,-1.570796
86,88,0.785398
87,26,-0.785398
87,34,0.321751
87,35,-2.819842
87,53,-0.785398
87,62,-1.570796
88,34,-0.785398
88,65,-1.570796
88,84,1.570796
89,44,1.570796
89,61,-1.570796
89,73,0.000000
89,74,3.141593
90,23,0.785398
90,25,1.570796
90,40,1.570796
90,47,0.785398
91,25,-2.819842
91,34,0.785398
91,48,-2.356194
91,53,-1.570796
91,77,1.570796
91,80,-1.570796
91,85,0.785398
91,87,0.785398
92,20,1.249046
92,21,2.356194
92,22,-0.785398
92,28,2.356194
92,31,2.356194
92,34,0.000000
92,61,0.785398
92,64,0.000000
92,71,1.570796
92,72,2.356194
92,77,0.785398
92,85,-0.321751
93,27,-0.785398
93,28,-2.356194
93,31,-2.819842
93,34,-0.785398
93,38,-2.356194
93,45,1.570796
93,69,-1.570796
93,77,-0.321751
93,83,1.570796
93,88,-2.356194
94,20,-1.570796
94,45,-0.321751
94,46,2.819842
94,50,1.570796
94,53,0.000000
94,54,0.785398
94,63,1.570796
94,67,0.000000
94,72,-0.785398
94,73,-1.570796
94,74,3.141593
94,78,-1.249046
94,86,-0.785398
94,91,-1.570796
95,43,1.570796
95,46,-1.570796
95,55,-2.356194
95,63,-0.321751
95,68,-1.249046
95,69,3.141593
95,80,-2.356194
96,28,1.570796
96,33,-0.785398
96,34,-1.570796
96,35,-2.356194
96,37,-0.785398
96,38,-1.570796
96,39,-2.356194
96,40,3.141593
96,64,-1.249046
96,65,3.141593
96,70,1.570796
96,89,0.785398
97,28,-2.819842
97,52,-2.356194
97,60,-1.570796
97,71,3.141593
97,80,-1.570796
97,91,3.141593
98,26,-0.785398
98,27,-1.892547
98,44,-2.356194
98,47,-1.570796
98,56,-1.570796
98,67,-2.356194
98,72,-2.356194
98,77,-1.570796
98,83,-1.570796
98,88,-0.785398
98,89,-1.892547
