4,36,0.785398
4,37,1.892547
5,31,1.249046
5,32,3.141593
5,43,0.785398
5,46,2.356194
5,50,0.785398
5,51,1.570796
5,52,2.356194
5,58,1.249046
5,59,2.356194
6,37,-0.785398
6,70,0.785398
6,71,1.570796
6,72,2.356194
7,20,1.249046
7,21,2.356194
7,29,-0.785398
7,43,0.321751
7,56,0.321751
7,81,2.356194
8,31,1.570796
8,43,-0.785398
9,33,2.356194
9,36,1.570796
9,58,-2.819842
10,12,2.356194
10,17,-0.785398
10,30,0.321751
10,46,0.321751
10,54,0.000000
10,55,-1.892547
10,70,0.321751
10,72,2.819842
10,77,0.321751
11,11,-0.785398
11,32,-2.356194
11,36,-1.249046
11,37,-2.356194
11,43,2.356194
11,46,-1.570796
11,53,1.570796
11,59,1.892547
11,85,2.356194
12,11,2.356194
12,45,1.570796
12,51,-1.570796
12,53,3.141593
12,61,1.892547
12,75,1.249046
12,77,3.141593
13,10,0.321751
13,28,0.000000
13,29,-1.892547
13,31,-1.570796
13,53,-1.570796
13,59,-1.570796
13,61,-1.249046
13,63,1.892547
13,72,-1.249046
13,73,-2.356194
13,77,-2.356194
14,10,-1.570796
14,22,0.785398
14,23,2.356194
14,34,0.785398
14,35,1.892547
14,46,3.141593
14,49,-2.819842
14,58,1.570796
14,63,-1.249046
14,64,-2.356194
14,79,0.785398
14,80,1.570796
14,81,2.356194
14,82,-0.785398
14,83,-1.892547
15,22,-0.785398
15,35,-1.249046
15,36,-2.356194
15,44,-1.570796
16,43,1.570796
16,48,-1.249046
16,49,-2.356194
16,50,0.785398
16,51,1.892547
16,58,-1.249046
16,59,3.141593
16,80,3.141593
17,29,1.249046
17,30,2.356194
17,32,0.785398
17,33,1.892547
17,40,0.785398
17,41,2.356194
17,42,-0.785398
17,43,-2.356194
17,51,-1.249046
17,53,1.892547
17,75,-0.785398
17,76,-1.570796
17,78,-1.892547
17,80,-2.356194
18,28,-0.785398
18,33,-1.249046
18,40,-0.785398
18,44,0.785398
18,45,2.356194
18,87,2.356194
19,8,0.321751
19,10,3.141593
19,30,1.570796
19,44,-0.785398
19,53,-1.570796
19,55,1.570796
19,84,0.785398
19,85,1.570796
19,87,-2.356194
20,8,-0.785398
20,31,-2.356194
20,32,0.785398
20,33,1.570796
20,36,2.819842
20,55,0.000000
20,58,0.785398
20,59,1.892547
20,82,0.785398
21,36,-1.570796
21,55,-0.785398
21,72,0.785398
21,73,1.892547
21,83,-1.249046
22,33,2.356194
22,44,2.356194
22,59,-0.785398
22,73,-1.249046
22,75,1.892547
23,29,0.785398
23,30,2.356194
23,33,3.141593
23,40,0.785398
23,43,0.000000
23,44,-2.356194
23,64,0.785398
23,66,1.892547
23,75,-1.249046
23,76,3.141593
24,29,-0.785398
24,33,-2.356194
24,40,-0.321751
24,42,3.141593
24,64,-1.570796
24,66,-1.249046
24,67,-2.356194
24,78,0.785398
24,79,1.892547
25,29,2.356194
26,25,0.785398
26,26,1.570796
26,27,2.356194
26,28,-0.785398
26,29,-2.356194
26,64,1.570796
26,72,0.785398
26,80,-1.249046
26,81,-2.356194
26,88,0.321751
26,90,3.141593
27,34,0.785398
27,64,-0.321751
27,65,2.819842
27,67,1.570796
27,88,-1.570796
27,91,-2.356194
28,8,0.785398
28,34,-0.321751
28,38,2.819842
28,45,0.785398
28,65,-2.356194
28,67,0.785398
28,73,-0.785398
28,74,-2.356194
28,86,0.785398
28,87,2.356194
29,38,-2.356194
29,45,-0.321751
29,46,2.819842
29,57,0.785398
29,61,0.785398
29,77,1.570796
30,7,0.000000
30,26,0.785398
30,46,-2.356194
30,57,-0.321751
30,58,2.819842
30,61,-0.321751
30,62,2.819842
30,65,0.785398
30,69,-1.570796
30,72,2.356194
30,77,-0.785398
30,78,-2.356194
30,79,0.785398
30,80,1.892547
30,87,-0.321751
31,21,0.321751
31,23,2.819842
31,26,-0.321751
31,27,2.819842
31,62,-2.356194
31,65,-0.321751
31,66,2.819842
31,70,0.000000
31,80,-1.249046
31,82,1.892547
32,27,-2.356194
32,58,-0.321751
32,59,2.819842
32,66,-2.356194
32,73,-2.356194
32,74,0.785398
32,75,2.356194
32,82,-1.249046
32,84,1.892547
32,88,-0.785398
32,91,-2.356194
33,23,3.141593
33,27,0.785398
33,35,0.785398
33,59,-2.356194
33,66,0.785398
33,71,-0.785398
33,88,2.356194
34,20,-0.785398
34,21,-1.892547
34,23,-2.356194
34,29,1.570796
34,32,2.819842
34,35,-0.321751
34,36,2.819842
34,59,0.785398
34,66,-0.321751
34,67,2.819842
34,74,0.321751
34,78,1.892547
34,85,-1.249046
34,86,-2.356194
34,88,3.141593
35,32,-2.356194
35,36,-2.356194
35,59,-0.321751
35,60,2.819842
35,72,-2.356194
35,78,-1.249046
35,79,3.141593
35,88,-1.570796
36,60,-2.356194
36,67,-0.321751
36,68,2.819842
36,74,0.000000
36,80,1.570796
36,89,0.785398
36,90,2.356194
37,27,1.570796
37,33,1.570796
37,36,2.356194
37,48,0.785398
37,68,-2.356194
37,74,-0.785398
37,80,0.000000
37,89,-1.570796
38,6,0.785398
38,33,0.000000
38,35,-0.785398
38,36,-2.356194
38,40,0.785398
38,48,-0.321751
38,49,2.819842
38,68,0.785398
38,71,0.785398
38,74,0.785398
38,80,-0.785398
38,86,0.785398
38,87,1.570796
38,88,3.141593
39,6,0.000000
39,33,-0.785398
39,40,-0.321751
39,41,2.819842
39,49,-2.356194
39,69,2.819842
39,74,-0.785398
39,75,-2.356194
39,76,0.785398
39,77,1.892547
39,80,2.356194
39,91,2.356194
40,6,-0.785398
40,41,-2.356194
40,66,0.000000
40,67,2.356194
40,69,-1.570796
40,79,-0.785398
40,80,-2.356194
40,90,-0.785398
41,31,0.785398
41,34,2.819842
41,67,-2.356194
41,77,-1.570796
42,6,0.785398
42,31,-0.785398
42,34,-2.356194
43,6,0.000000
43,18,1.570796
43,20,2.356194
43,27,0.785398
43,31,2.356194
44,6,-0.785398
44,18,0.000000
44,20,3.141593
44,27,-0.321751
44,29,2.356194
44,31,3.141593
44,35,1.570796
44,55,0.785398
44,73,1.570796
44,78,2.356194
45,18,-0.785398
45,20,-2.356194
45,31,-1.570796
45,35,0.000000
45,37,-1.570796
45,38,3.141593
45,51,0.000000
45,55,-0.785398
45,56,3.141593
45,65,1.570796
45,90,-2.356194
46,6,0.785398
46,18,2.356194
46,24,0.785398
46,28,2.356194
46,35,-0.785398
46,53,0.000000
46,54,2.356194
46,65,-0.321751
46,66,2.819842
46,77,2.356194
47,6,0.000000
47,17,-0.785398
47,24,-0.321751
47,26,2.356194
47,28,3.141593
47,32,0.785398
47,75,0.000000
48,6,-0.785398
48,20,0.785398
48,28,-1.570796
48,32,-0.321751
48,36,2.819842
48,39,0.785398
48,54,-0.321751
48,55,2.819842
48,62,1.570796
48,66,-0.321751
48,67,2.819842
48,75,-0.785398
48,77,-1.249046
48,79,1.892547
48,88,0.785398
48,89,1.892547
49,20,-0.321751
49,21,2.819842
49,40,2.819842
49,55,-2.356194
49,63,3.141593
49,67,-1.570796
49,89,-1.249046
49,90,3.141593
50,6,0.785398
50,21,-2.356194
50,29,0.785398
50,38,3.141593
50,40,-2.356194
50,73,1.570796
50,75,2.356194
50,79,-1.570796
50,91,-2.356194
51,8,2.356194
51,29,-0.321751
51,31,2.356194
51,32,-0.785398
51,35,3.141593
51,64,0.785398
51,78,1.570796
52,18,-2.356194
52,37,0.785398
52,40,2.356194
52,64,-0.321751
52,65,2.819842
52,78,3.141593
52,86,0.785398
52,87,1.892547
53,30,0.785398
53,33,0.000000
53,34,-2.356194
53,37,-0.785398
53,38,-2.356194
53,40,3.141593
53,45,2.356194
53,65,-1.570796
53,75,-0.785398
53,87,-1.249046
53,88,-2.356194
54,30,-0.321751
54,32,3.141593
54,35,0.785398
54,36,3.141593
54,45,3.141593
54,75,0.785398
54,78,-0.785398
54,79,-2.356194
54,90,-2.356194
55,19,3.141593
55,35,-0.785398
55,40,-0.321751
55,42,2.356194
55,45,-1.570796
55,58,1.570796
55,77,3.141593
56,22,0.785398
56,50,0.785398
56,58,-0.321751
56,59,2.819842
56,70,0.000000
56,71,-1.570796
56,73,1.570796
57,22,-0.321751
57,23,2.819842
57,46,0.785398
57,50,-0.321751
57,51,2.819842
57,59,-1.570796
57,68,0.000000
57,69,2.356194
58,20,3.141593
58,23,-2.356194
58,46,-0.321751
58,47,2.819842
58,51,-1.570796
58,64,1.570796
58,77,-1.249046
58,78,-2.356194
59,5,0.785398
59,32,2.356194
59,47,-2.356194
59,64,0.000000
59,69,-0.321751
59,70,2.819842
60,5,-0.321751
60,7,2.356194
60,28,0.785398
60,32,3.141593
60,37,1.570796
60,47,0.785398
60,52,0.785398
60,64,-1.570796
60,70,-1.570796
60,82,0.000000
60,83,1.892547
60,91,-2.356194
61,28,-0.321751
61,30,3.141593
61,32,-2.356194
61,37,-0.321751
61,38,2.819842
61,47,-0.321751
61,58,2.819842
61,62,0.000000
61,63,2.356194
61,66,0.785398
61,75,-2.356194
61,83,-1.249046
61,84,-2.356194
62,6,0.785398
62,22,-0.785398
62,23,-1.570796
62,24,3.141593
62,38,-1.570796
62,49,2.819842
62,58,-1.570796
62,63,-1.570796
62,66,0.000000
62,86,0.000000
62,87,1.892547
63,6,0.000000
63,33,1.570796
63,44,2.356194
63,54,0.785398
63,64,1.570796
63,66,-1.570796
63,68,1.570796
63,73,-2.356194
63,87,-1.249046
63,89,1.892547
64,6,-0.785398
64,33,-0.321751
64,34,2.819842
64,49,-0.321751
64,50,2.819842
64,54,-0.321751
64,55,2.819842
65,25,2.356194
65,34,-2.356194
65,38,0.321751
65,40,-2.356194
65,41,0.785398
65,45,3.141593
65,55,-1.570796
65,63,0.000000
65,67,0.000000
65,74,0.000000
65,75,1.892547
65,89,-1.570796
65,91,-2.356194
66,24,-0.785398
66,25,-2.356194
66,38,-0.785398
66,50,-0.321751
66,61,0.000000
66,62,2.356194
66,66,0.000000
66,75,-1.249046
66,77,1.892547
66,88,1.570796
67,30,2.356194
67,42,-0.785398
67,52,2.819842
67,62,-2.356194
67,77,-1.249046
67,78,3.141593
68,13,3.141593
68,30,3.141593
68,46,0.785398
68,52,-2.356194
68,73,1.892547
68,88,-1.249046
68,89,3.141593
69,46,-0.785398
69,62,0.785398
69,64,1.249046
69,66,-1.570796
69,68,1.892547
69,71,-1.570796
69,73,-1.249046
69,75,1.892547
69,90,-2.356194
70,8,1.249046
70,9,2.356194
70,11,-0.785398
70,12,-1.570796
70,13,-2.356194
70,26,-0.785398
70,44,0.785398
70,45,3.141593
70,48,-1.570796
70,59,1.570796
71,40,0.785398
71,49,1.570796
71,54,3.141593
71,59,0.000000
71,61,-0.785398
71,62,-1.892547
71,67,1.570796
71,70,-1.249046
71,71,3.141593
72,40,-0.321751
72,41,2.819842
72,44,-0.321751
72,45,2.819842
72,50,-2.356194
72,51,-0.785398
72,52,-1.892547
72,55,1.570796
72,64,-0.785398
72,65,-2.356194
72,67,3.141593
72,72,0.000000
72,73,1.892547
72,79,2.356194
73,6,0.321751
73,36,2.356194
73,41,-1.570796
73,45,-2.356194
73,55,-0.785398
73,56,-2.356194
73,58,-0.785398
73,67,-1.570796
73,80,2.356194
74,54,0.785398
74,83,0.000000
74,84,0.785398
74,85,1.892547
74,91,-2.356194
75,6,-0.321751
75,36,-1.249046
75,37,3.141593
75,44,-0.785398
75,45,-1.570796
75,46,3.141593
75,56,1.892547
75,64,1.892547
75,70,0.000000
75,71,1.892547
75,85,-1.249046
75,86,3.141593
76,38,-2.356194
76,48,0.785398
76,49,1.892547
76,61,1.570796
76,64,-1.249046
76,66,1.892547
76,87,0.000000
76,88,1.892547
77,7,0.785398
77,49,-1.249046
77,50,-2.356194
77,55,0.000000
77,56,-1.892547
77,58,-1.249046
77,59,-2.356194
77,61,3.141593
77,72,-1.249046
77,73,3.141593
77,82,-1.249046
77,83,3.141593
78,7,0.000000
78,35,0.785398
78,36,1.570796
78,37,2.356194
78,53,0.785398
78,61,-1.570796
78,67,-1.249046
78,68,3.141593
78,74,-2.356194
78,89,-1.249046
78,90,3.141593
79,54,-1.249046
79,56,1.892547
79,69,0.000000
79,70,1.892547
79,85,0.000000
79,86,1.892547
79,91,-2.356194
80,8,2.819842
80,56,-1.249046
80,58,1.892547
80,64,0.000000
80,65,1.892547
80,70,-1.249046
80,72,1.892547
80,76,0.785398
80,80,-1.249046
80,81,3.141593
81,15,0.785398
81,31,3.141593
81,33,0.000000
81,35,-0.785398
81,36,-1.570796
81,37,-2.356194
81,44,3.141593
81,52,0.785398
81,53,1.892547
81,58,-1.249046
81,60,1.892547
81,65,-1.249046
81,66,3.141593
81,77,0.000000
81,82,0.000000
81,83,1.892547
81,87,-1.249046
82,8,-2.819842
82,46,0.000000
82,53,-1.249046
82,54,3.141593
82,60,-1.249046
82,62,1.892547
82,68,0.785398
82,69,1.892547
82,73,-1.249046
82,74,3.141593
82,78,-1.570796
82,89,-1.570796
83,4,0.000000
83,69,-1.249046
83,70,3.141593
83,79,0.000000
83,80,1.892547
84,7,-2.819842
84,31,3.141593
84,35,0.000000
84,43,3.141593
84,57,0.000000
84,58,1.892547
84,63,-1.249046
84,64,3.141593
84,72,3.141593
84,76,0.000000
84,91,-2.356194
85,4,0.000000
85,45,0.000000
85,47,3.141593
85,77,-1.570796
85,81,-1.249046
85,82,3.141593
85,86,-1.249046
85,87,-2.356194
85,88,3.141593
86,32,2.356194
86,34,0.000000
86,37,3.141593
86,49,0.785398
86,54,0.000000
86,55,1.892547
86,59,-1.249046
86,65,-1.570796
86,78,0.000000
86,79,1.892547
86,83,1.570796
87,6,-2.356194
87,40,0.000000
87,42,3.141593
87,55,-1.249046
87,56,3.141593
87,61,-1.570796
87,75,0.785398
87,79,-1.249046
87,80,3.141593
87,84,3.141593
88,7,0.785398
88,8,2.356194
88,20,1.249046
88,21,2.356194
88,44,0.000000
88,45,3.141593
88,52,0.000000
88,53,1.892547
88,62,0.000000
88,63,1.892547
88,76,0.000000
88,77,1.892547
88,81,1.570796
88,85,0.000000
88,86,1.892547
89,7,-0.785398
89,18,1.249046
89,20,-1.892547
89,32,0.000000
89,33,3.141593
89,48,0.785398
89,53,-1.249046
89,54,3.141593
89,58,0.000000
89,59,1.892547
89,78,2.819842
89,81,-0.321751
90,17,-0.785398
90,18,-1.892547
90,26,2.356194
90,39,0.000000
90,41,3.141593
90,78,-1.570796
91,7,0.785398
91,9,1.249046
91,10,2.356194
91,15,-0.785398
91,23,0.000000
91,60,-1.249046
91,61,3.141593
91,65,-1.249046
91,66,3.141593
91,70,0.785398
91,79,0.000000
91,80,1.892547
91,84,2.819842
92,11,2.356194
92,46,0.000000
92,47,3.141593
92,67,-2.356194
92,76,0.785398
92,84,-1.570796
93,25,0.000000
93,27,3.141593
93,36,0.000000
93,39,3.141593
93,54,-2.356194
93,58,0.000000
93,82,2.819842
93,85,0.000000
93,86,1.892547
93,91,2.819842
94,17,3.141593
94,33,0.000000
94,34,3.141593
94,51,0.785398
94,59,-1.570796
94,68,1.570796
94,71,-1.570796
94,82,-1.570796
94,87,2.819842
94,91,-2.356194
95,10,0.000000
95,29,0.000000
95,30,3.141593
95,52,-2.356194
95,87,-1.570796
95,91,-1.570796
96,13,1.249046
96,14,3.141593
96,25,0.000000
96,27,3.141593
96,69,-2.356194
96,72,0.785398
96,79,-1.570796
96,83,-1.570796
96,88,-2.356194
97,11,-2.356194
97,12,-0.785398
97,13,-1.892547
97,34,0.000000
97,35,3.141593
98,22,0.000000
98,23,3.141593
98,29,0.000000
98,30,3.141593
98,63,-2.356194
98,66,-1.570796
98,73,-1.570796
