4,54,1.249046
4,55,2.356194
5,37,2.356194
5,62,1.570796
6,25,1.249046
6,26,3.141593
6,34,1.570796
6,50,1.249046
6,51,2.356194
6,52,-0.785398
6,64,0.785398
7,36,3.141593
7,61,0.321751
8,61,-0.785398
8,64,0.321751
8,67,2.356194
8,71,0.785398
8,72,1.892547
9,48,-1.249046
9,56,0.000000
9,57,1.892547
9,61,2.356194
10,32,0.000000
10,34,-1.892547
10,59,1.570796
10,61,3.141593
10,64,-0.321751
10,72,-0.785398
11,67,2.819842
11,72,2.356194
11,83,3.141593
12,24,1.249046
12,29,-1.570796
12,33,2.819842
12,39,1.249046
12,40,3.141593
12,43,-2.356194
12,54,1.570796
12,55,2.356194
12,56,-0.785398
12,57,-1.570796
12,59,-1.570796
12,72,3.141593
12,79,1.249046
13,12,1.249046
13,13,2.356194
13,37,0.785398
13,43,0.785398
13,64,-0.785398
13,65,-1.570796
13,81,-2.356194
14,27,2.819842
14,46,1.570796
14,47,2.356194
14,62,-0.785398
14,72,-2.819842
15,27,-1.570796
15,51,-1.570796
15,52,-2.356194
15,58,0.785398
15,59,1.892547
16,9,0.321751
16,28,0.000000
16,29,1.570796
16,31,-1.892547
16,33,-1.570796
16,38,-0.321751
16,46,-2.819842
16,49,-0.785398
16,63,-2.356194
16,71,-2.356194
16,75,0.321751
17,9,-0.785398
17,21,3.141593
17,34,1.570796
17,75,-0.785398
18,19,-1.892547
18,21,-2.356194
18,29,3.141593
18,34,-0.785398
18,35,-2.356194
18,48,-0.785398
18,52,2.356194
18,56,2.356194
18,71,3.141593
18,75,2.356194
19,26,1.570796
19,45,-1.892547
19,78,0.785398
19,79,1.892547
19,81,2.356194
19,88,2.356194
20,15,-0.321751
20,17,-2.819842
20,22,0.785398
20,24,-1.570796
20,37,0.785398
20,48,1.249046
20,52,-2.356194
20,53,-0.785398
20,67,0.785398
20,75,-1.249046
20,86,0.785398
21,9,2.356194
21,22,-1.570796
21,28,-0.785398
21,29,-1.892547
21,44,2.356194
21,47,-0.785398
21,48,-1.892547
21,77,-1.249046
22,16,0.000000
22,26,-0.785398
22,34,1.249046
22,68,-1.570796
22,70,-1.249046
22,71,3.141593
23,7,0.321751
23,16,-0.785398
23,19,2.356194
23,32,1.249046
23,43,-1.570796
23,48,1.249046
23,49,2.356194
23,52,0.785398
23,53,1.570796
23,55,-1.892547
23,58,-1.249046
23,59,-2.356194
23,60,-0.785398
23,61,-1.570796
23,62,-2.356194
23,63,0.785398
23,64,1.892547
23,67,1.570796
23,72,0.785398
23,73,2.356194
23,80,-1.249046
23,86,-1.249046
23,89,2.819842
24,7,-0.785398
24,12,0.785398
24,13,1.570796
24,14,2.356194
24,31,0.000000
24,32,-1.892547
24,34,-1.570796
24,38,2.356194
24,41,-1.570796
24,45,2.356194
24,47,-0.785398
24,48,-1.892547
24,72,-1.570796
24,83,-2.356194
24,89,-2.356194
25,42,0.785398
25,44,-1.892547
25,64,-1.570796
25,68,-2.356194
25,71,1.570796
25,89,2.356194
26,58,1.249046
26,59,2.356194
26,60,0.785398
26,61,1.892547
26,71,3.141593
26,89,3.141593
27,20,1.249046
27,21,3.141593
27,33,0.785398
27,34,2.356194
27,36,-1.570796
27,42,3.141593
27,46,0.785398
27,51,2.356194
27,52,-0.785398
27,55,2.356194
27,63,-1.570796
27,64,-2.356194
27,66,3.141593
27,84,0.785398
28,20,-1.892547
28,34,-1.570796
28,38,2.356194
28,58,-2.356194
28,61,-0.785398
28,66,-1.570796
28,70,0.321751
28,72,2.819842
28,89,3.141593
29,23,1.249046
29,24,3.141593
29,35,0.785398
29,37,-1.892547
29,43,-2.356194
29,44,-0.785398
29,45,-1.570796
29,89,-1.570796
30,21,1.249046
30,35,-1.570796
30,52,0.785398
30,56,1.570796
30,58,-1.570796
30,59,-2.356194
30,60,-0.785398
30,63,2.356194
30,72,-2.819842
31,15,1.249046
31,21,-1.892547
31,24,0.785398
31,26,1.570796
31,27,3.141593
31,50,-1.892547
31,67,-0.785398
31,68,-1.570796
31,75,1.249046
31,76,2.356194
31,87,-2.819842
32,39,3.141593
32,45,1.249046
32,46,2.356194
32,47,-0.785398
32,48,-1.892547
32,54,-2.356194
32,55,-0.785398
32,62,2.356194
32,90,2.356194
33,23,0.000000
33,24,-1.570796
33,25,-2.356194
33,36,1.249046
33,37,3.141593
33,44,-0.785398
33,45,-1.892547
33,59,0.000000
33,62,3.141593
33,72,-2.356194
33,81,1.570796
33,88,1.570796
33,90,3.141593
34,7,0.785398
34,36,-1.892547
34,42,-0.785398
34,62,-1.570796
34,74,-2.356194
34,81,-0.785398
34,83,1.892547
35,7,0.000000
35,11,-0.785398
35,12,-1.570796
35,13,-2.356194
35,14,-0.785398
35,15,-1.892547
35,34,-1.570796
35,68,-0.785398
35,69,-1.892547
35,79,1.249046
35,80,3.141593
35,90,3.141593
36,7,-0.785398
36,19,-2.819842
36,25,1.249046
36,26,3.141593
36,31,1.249046
36,32,2.356194
36,38,2.356194
36,84,-1.249046
36,85,3.141593
36,90,-2.356194
37,18,-1.570796
37,24,0.000000
37,25,-1.892547
37,30,0.000000
37,31,-1.892547
37,75,1.570796
38,7,0.785398
38,11,1.249046
38,12,2.356194
38,34,1.570796
38,87,1.570796
39,7,0.000000
39,14,2.356194
39,21,1.249046
39,22,3.141593
39,33,0.000000
39,77,-1.570796
39,89,2.356194
40,7,-0.785398
40,11,-1.249046
40,13,-1.892547
40,20,0.000000
40,21,-1.892547
41,24,0.785398
41,25,2.356194
41,30,1.249046
41,31,3.141593
41,79,0.000000
41,80,1.892547
42,23,0.785398
42,25,-2.356194
42,29,0.321751
42,80,-1.249046
42,82,1.570796
42,83,2.356194
42,86,0.785398
42,87,1.570796
42,89,-1.892547
43,16,1.249046
43,17,3.141593
43,23,-0.785398
43,24,-2.356194
43,29,-1.570796
44,22,3.141593
44,26,0.785398
44,28,-2.356194
44,31,0.785398
44,87,0.785398
44,91,-1.570796
45,10,1.249046
45,12,1.892547
45,14,0.785398
45,16,-2.356194
45,21,-1.570796
45,26,-0.785398
45,27,-2.356194
45,87,-0.785398
46,6,0.321751
46,29,0.321751
46,32,-1.570796
46,33,-2.356194
46,37,0.785398
46,83,0.785398
46,86,1.570796
46,89,-1.570796
47,6,-0.785398
47,29,-1.570796
47,38,-1.570796
47,83,0.000000
48,13,-2.356194
48,17,0.785398
48,18,2.356194
48,27,1.249046
48,28,3.141593
48,39,0.000000
48,83,-0.785398
48,90,2.356194
49,16,0.785398
49,22,2.356194
49,26,0.321751
49,40,-2.356194
49,87,-1.249046
49,88,-2.356194
49,90,3.141593
50,22,-2.819842
50,26,-1.570796
50,84,0.000000
50,90,-2.356194
51,5,0.321751
51,8,1.570796
51,9,2.356194
51,11,2.356194
51,41,3.141593
51,85,-2.356194
52,5,-0.785398
52,11,-2.819842
52,14,0.785398
52,16,-2.356194
52,42,0.785398
52,43,2.356194
52,45,0.785398
52,46,1.570796
52,47,2.356194
52,62,3.141593
53,10,-1.892547
53,14,-0.785398
53,15,-2.356194
53,18,0.321751
53,37,0.321751
53,42,-0.785398
53,50,-2.356194
53,61,-1.570796
53,66,1.570796
54,37,-1.570796
54,60,0.785398
54,68,0.785398
54,69,1.570796
54,70,2.356194
54,81,-0.785398
54,87,3.141593
54,91,2.356194
55,18,-2.819842
55,34,0.000000
55,35,0.785398
55,36,2.356194
55,50,3.141593
55,61,-2.356194
55,74,1.570796
55,82,-0.785398
55,89,0.785398
55,91,-2.819842
56,20,1.570796
56,36,-2.356194
56,66,-2.356194
56,75,3.141593
57,11,1.570796
57,20,-2.819842
57,23,1.570796
57,76,0.785398
57,83,0.321751
57,90,2.356194
58,11,-2.819842
58,27,2.356194
58,42,2.356194
58,56,0.000000
58,86,0.785398
58,87,1.570796
58,88,2.356194
58,89,-0.785398
58,90,-2.356194
59,13,0.321751
59,17,0.321751
59,22,3.141593
59,30,1.570796
59,41,0.000000
59,51,2.356194
59,60,-1.570796
59,69,-1.570796
59,76,-0.321751
59,81,1.570796
59,83,3.141593
60,4,0.785398
60,8,0.000000
60,9,-1.892547
60,13,-1.570796
60,17,-1.570796
60,21,-1.570796
60,26,-1.570796
60,40,1.570796
60,49,0.000000
60,66,-1.570796
60,83,-1.570796
60,87,-0.321751
60,88,2.819842
61,4,-0.321751
61,6,2.356194
61,12,1.570796
61,29,-0.785398
61,39,0.000000
61,88,-1.570796
61,91,-1.570796
62,12,-2.819842
62,19,1.570796
62,60,0.785398
62,81,0.785398
62,85,1.570796
62,89,1.570796
63,5,0.785398
63,14,1.570796
63,18,0.321751
63,19,-2.819842
63,28,2.356194
63,61,-2.356194
63,81,-0.321751
63,82,2.819842
63,86,2.819842
63,89,-0.321751
64,5,0.000000
64,9,-0.785398
64,10,-1.892547
64,14,-2.819842
64,26,0.000000
64,31,-1.570796
64,36,-0.785398
64,84,1.570796
64,86,-1.570796
64,91,2.819842
65,5,-0.785398
65,12,0.321751
65,18,-2.819842
65,45,0.000000
65,46,3.141593
65,84,3.141593
65,91,-2.356194
66,16,0.321751
66,20,1.570796
66,84,-1.570796
66,91,-1.570796
67,11,0.321751
67,12,-2.819842
67,16,-1.570796
67,88,-1.570796
68,11,-0.785398
68,19,1.570796
69,5,0.785398
69,19,-2.819842
70,5,0.000000
70,17,0.321751
70,21,0.785398
70,91,1.570796
71,5,-0.785398
71,13,2.356194
71,17,-1.570796
71,22,-2.356194
71,67,1.570796
72,13,-2.819842
72,16,1.570796
72,45,0.000000
72,46,3.141593
72,67,-1.570796
72,89,-2.356194
72,91,-1.570796
73,15,0.321751
73,16,-2.819842
73,21,2.356194
74,15,-1.570796
74,90,1.570796
75,5,0.785398
75,9,0.000000
75,10,-1.892547
75,14,1.570796
76,5,-0.321751
76,8,2.356194
76,13,0.321751
76,14,-2.819842
76,19,1.570796
76,31,2.356194
76,90,2.356194
77,13,-1.570796
77,18,0.321751
77,19,-2.819842
77,22,0.000000
77,23,3.141593
77,26,1.570796
77,30,-0.785398
78,5,0.321751
78,18,-0.785398
78,88,-0.785398
79,5,-0.785398
79,18,-1.570796
79,29,2.356194
79,80,1.570796
80,12,2.356194
80,25,-1.570796
80,68,0.785398
81,11,0.000000
81,89,0.785398
82,10,1.570796
82,27,-0.785398
82,70,1.570796
82,81,0.000000
82,89,-0.321751
82,90,2.819842
83,9,0.321751
83,10,-2.819842
83,70,-0.321751
83,71,2.819842
83,79,1.249046
83,80,3.141593
83,90,-2.356194
84,5,0.785398
84,15,2.356194
84,39,2.356194
84,71,-2.356194
84,77,2.356194
84,82,0.785398
85,5,0.000000
85,8,-0.785398
85,9,-1.570796
85,10,3.141593
85,38,-0.785398
85,71,-1.570796
85,83,2.819842
85,87,1.570796
86,5,-0.785398
86,11,0.785398
86,12,2.356194
86,25,2.356194
86,75,0.321751
86,81,2.356194
86,83,-1.570796
86,87,0.785398
87,61,0.000000
87,62,3.141593
87,77,-0.785398
87,81,-2.356194
87,87,-0.321751
87,88,2.819842
88,5,0.785398
88,10,0.000000
88,23,-0.785398
88,75,-2.819842
88,78,0.000000
88,81,2.356194
88,84,0.785398
88,91,2.356194
89,5,-0.321751
89,7,2.356194
89,66,0.785398
89,70,0.785398
89,80,0.000000
89,81,-2.356194
89,84,-0.321751
89,85,2.819842
89,91,-2.819842
90,67,1.570796
90,73,-1.892547
90,79,0.000000
90,82,-2.356194
90,85,-1.570796
91,14,1.570796
91,67,-0.321751
91,69,2.356194
91,70,-0.785398
91,71,-1.892547
91,79,0.785398
92,54,0.785398
92,65,1.570796
92,79,-0.321751
92,80,2.819842
92,83,1.570796
92,86,0.785398
92,90,2.356194
93,11,1.249046
93,12,2.356194
93,55,-2.356194
93,80,-2.356194
93,83,-1.570796
93,86,-0.321751
93,90,3.141593
94,41,0.785398
94,62,0.785398
94,66,-2.356194
95,81,1.570796
95,84,0.785398
96,10,-1.570796
96,14,2.356194
96,42,-1.570796
96,81,-0.321751
96,82,2.819842
97,45,0.785398
97,50,0.785398
97,74,0.785398
97,78,0.000000
97,79,3.141593
97,82,-1.570796
97,88,-2.819842
98,25,0.000000
98,26,3.141593
98,46,-2.356194
98,51,-2.356194
98,65,-2.356194
98,71,-1.570796
98,75,-2.356194
98,84,-0.785398
98,85,-1.570796
98,87,-1.892547
