9,30,0.785398
9,31,1.892547
10,20,1.249046
10,21,3.141593
10,35,0.785398
10,36,1.570796
10,37,2.356194
10,49,1.249046
10,50,2.356194
11,17,1.249046
11,18,2.356194
11,19,-0.785398
11,31,-0.785398
11,47,2.356194
12,16,-0.785398
12,45,0.321751
12,49,-1.570796
13,45,-0.785398
13,70,2.356194
13,79,0.785398
14,45,2.356194
14,80,-2.356194
15,80,2.356194
16,12,3.141593
16,46,2.819842
16,52,0.785398
16,69,2.356194
17,9,0.321751
17,36,2.356194
17,41,0.321751
17,69,3.141593
18,9,-1.570796
18,31,2.356194
18,36,3.141593
18,47,2.819842
18,62,0.321751
19,29,0.785398
19,41,0.000000
19,43,-0.785398
19,44,-1.892547
19,47,-2.356194
19,62,-1.570796
19,67,0.000000
20,32,-2.356194
20,33,-0.785398
20,34,-1.570796
20,61,1.570796
20,67,-0.785398
21,25,0.785398
21,37,-1.249046
21,38,-2.356194
21,46,2.356194
21,58,0.785398
21,59,1.570796
22,7,0.321751
22,9,3.141593
22,28,0.785398
22,43,2.356194
22,54,-2.356194
22,55,-0.785398
22,56,-1.892547
22,62,2.819842
22,72,1.249046
23,7,-1.570796
23,33,0.000000
23,37,0.785398
23,38,1.892547
23,71,0.321751
23,74,-2.356194
24,40,0.785398
24,42,-2.819842
24,46,-0.785398
24,57,0.785398
24,71,-1.570796
25,19,0.785398
25,25,-1.570796
25,27,1.892547
25,33,-2.356194
25,35,0.785398
25,36,1.570796
25,38,-1.892547
25,46,2.356194
25,52,0.785398
25,53,2.356194
25,54,0.785398
26,13,1.570796
26,21,-0.785398
26,42,-2.356194
26,45,-0.785398
26,46,-2.356194
26,66,0.785398
26,70,0.000000
27,13,0.000000
27,16,0.785398
27,17,1.570796
27,19,-1.892547
27,23,1.570796
27,34,1.570796
27,47,0.785398
27,48,2.356194
27,49,0.785398
27,50,1.570796
27,68,1.570796
27,69,3.141593
27,71,1.570796
27,81,1.249046
28,13,-0.785398
28,23,0.000000
28,25,1.570796
28,38,2.356194
28,52,-1.249046
28,53,-2.356194
28,54,-0.785398
28,61,1.570796
28,63,1.570796
28,71,0.000000
29,30,-2.356194
29,31,-0.785398
29,34,-2.819842
29,50,2.356194
29,71,-1.570796
29,73,-1.249046
29,74,-2.356194
29,75,0.785398
29,76,1.892547
29,78,1.249046
30,6,0.785398
30,10,1.249046
30,14,-2.356194
30,16,-0.785398
30,20,1.892547
30,23,-0.785398
30,25,-1.570796
30,26,-2.356194
30,47,-1.249046
30,48,-2.356194
30,49,-0.785398
30,50,-2.356194
31,8,1.570796
31,22,2.356194
31,28,-1.570796
31,39,2.356194
31,51,0.000000
31,52,1.570796
31,53,2.356194
31,76,-1.570796
31,80,3.141593
32,5,0.321751
32,56,-1.249046
32,67,-1.249046
32,69,-1.892547
32,74,0.785398
32,78,-1.570796
32,80,-2.356194
33,5,-1.570796
33,8,0.000000
33,10,-1.892547
33,12,-1.249046
33,13,-2.356194
33,18,-0.785398
33,22,-1.570796
33,23,-2.356194
33,27,0.785398
33,36,-1.570796
33,38,-2.356194
33,47,0.785398
33,48,1.570796
33,49,2.356194
33,50,0.785398
33,64,-2.819842
33,75,-1.249046
33,88,0.785398
34,8,-0.785398
34,41,0.785398
34,42,1.892547
34,51,-1.249046
34,52,-2.356194
34,53,0.785398
34,54,1.892547
34,88,0.000000
35,44,0.785398
35,45,1.892547
35,48,2.356194
35,54,-1.249046
35,55,-2.356194
35,62,0.321751
35,65,2.356194
35,67,0.785398
35,68,1.892547
35,77,-0.785398
36,9,1.570796
36,14,1.249046
36,15,2.356194
36,27,-0.785398
36,31,-2.356194
36,33,0.785398
36,34,1.892547
36,36,1.249046
36,37,2.356194
36,40,0.785398
36,45,-1.249046
36,46,-2.356194
36,58,-1.249046
36,59,-2.356194
36,70,1.570796
36,71,2.356194
36,86,0.785398
36,90,3.141593
37,4,0.785398
37,43,2.819842
37,51,1.570796
37,52,2.356194
37,64,-1.570796
37,65,3.141593
37,68,-1.570796
37,79,3.141593
37,90,-2.356194
38,4,-0.785398
38,5,-2.356194
38,6,0.785398
38,7,1.570796
38,9,-1.892547
38,14,-1.570796
38,25,0.785398
38,26,1.570796
38,27,2.356194
38,28,-0.785398
38,29,-1.570796
38,30,-2.356194
38,37,2.356194
38,41,-0.785398
38,45,1.249046
38,46,2.356194
38,53,0.000000
38,66,0.000000
38,83,-1.570796
39,16,2.356194
39,19,-0.785398
39,20,-1.570796
39,21,-2.356194
39,22,0.785398
39,23,2.356194
39,57,0.785398
39,58,2.356194
39,60,-0.785398
39,64,2.356194
39,70,0.000000
39,73,0.000000
40,14,0.000000
40,15,-1.892547
40,45,-1.570796
40,48,-0.785398
40,57,-1.570796
41,2,0.321751
41,7,0.785398
41,26,-0.785398
41,29,2.356194
41,30,0.785398
41,31,1.892547
41,38,0.000000
41,39,0.000000
41,42,-2.356194
41,47,3.141593
41,51,0.000000
41,52,0.000000
41,61,0.000000
41,66,1.570796
41,70,0.785398
41,74,0.000000
41,77,0.000000
41,79,0.785398
41,83,-1.570796
41,85,-1.570796
42,2,-0.785398
42,4,-1.249046
42,5,3.141593
42,19,1.249046
42,20,2.356194
42,22,-0.785398
42,41,3.141593
42,45,0.000000
42,54,3.141593
42,62,0.000000
42,66,3.141593
42,75,0.000000
42,76,0.000000
43,16,1.249046
43,17,2.356194
43,18,-0.785398
43,24,1.570796
43,40,-1.892547
43,47,0.000000
43,52,0.000000
43,61,-0.785398
43,66,-1.570796
43,69,0.000000
43,70,-1.892547
43,73,0.000000
43,74,0.000000
43,77,2.356194
43,80,2.356194
43,87,-0.785398
43,91,-2.356194
44,5,-0.785398
44,6,-1.892547
44,13,1.249046
44,14,2.356194
44,15,-0.785398
44,16,-1.892547
44,20,1.570796
44,24,-0.785398
44,25,-2.356194
44,33,-1.570796
44,38,-1.892547
44,42,-0.785398
44,46,-0.785398
44,51,0.000000
44,54,0.000000
44,63,0.000000
44,64,-2.356194
44,68,0.000000
44,80,-2.819842
45,3,0.000000
45,11,1.249046
45,13,-1.892547
45,22,0.785398
45,23,2.356194
45,27,-2.356194
45,31,0.000000
45,40,2.356194
45,44,2.356194
45,52,0.000000
45,61,1.249046
45,65,-2.356194
45,69,0.000000
45,82,1.249046
45,84,1.892547
45,88,3.141593
46,10,0.000000
46,11,-1.892547
46,38,1.249046
46,39,3.141593
46,42,1.249046
46,43,3.141593
46,51,3.141593
46,71,0.000000
46,90,3.141593
47,18,-0.785398
47,19,-1.892547
47,23,-0.321751
47,25,2.356194
47,26,-0.785398
47,27,-1.570796
47,28,-2.356194
47,32,1.249046
47,38,-1.892547
47,41,0.000000
47,42,-1.892547
47,59,-0.785398
47,66,0.785398
47,74,-1.892547
47,82,-1.249046
47,84,-1.892547
48,8,1.570796
48,31,0.000000
48,36,-1.892547
48,44,-0.785398
48,50,-2.356194
48,64,0.785398
48,72,-1.892547
48,79,-2.356194
48,86,0.000000
49,24,3.141593
49,42,3.141593
49,49,-2.356194
49,52,2.356194
49,86,-0.785398
49,88,0.000000
50,18,1.249046
50,19,2.356194
50,55,0.785398
50,72,1.249046
50,73,2.356194
50,74,-0.785398
50,75,-1.892547
50,86,0.785398
51,4,0.785398
51,6,-1.570796
51,17,0.000000
51,18,-1.892547
51,31,0.000000
51,32,-1.892547
51,36,0.000000
51,42,2.356194
51,46,2.356194
51,49,0.000000
51,53,-0.785398
51,56,-2.356194
51,79,-0.785398
51,80,-1.570796
51,81,3.141593
51,86,-0.321751
52,4,-0.785398
52,8,-1.570796
52,16,1.570796
52,23,0.000000
52,24,-1.892547
52,29,1.249046
52,30,3.141593
52,37,0.000000
52,38,0.000000
52,44,1.249046
52,45,3.141593
52,55,-0.785398
52,64,2.819842
52,75,2.356194
52,76,0.785398
52,77,2.356194
52,82,0.000000
52,83,1.892547
53,13,1.249046
53,14,2.356194
53,15,-0.785398
53,16,-2.356194
53,21,1.249046
53,22,3.141593
53,32,1.249046
53,33,3.141593
53,42,-2.356194
53,43,-0.785398
53,47,0.785398
53,50,2.356194
53,53,2.356194
53,71,0.000000
53,72,-0.785398
54,9,0.785398
54,11,1.249046
54,19,1.249046
54,21,-1.892547
54,31,0.000000
54,35,-0.785398
54,38,0.785398
54,55,1.249046
54,62,-1.570796
54,66,-0.785398
54,67,-1.570796
54,68,-2.356194
54,75,0.000000
54,76,-0.785398
54,88,-2.356194
55,3,0.321751
55,5,2.819842
55,11,-1.892547
55,13,-2.356194
55,25,1.249046
55,30,3.141593
55,40,-1.570796
55,41,3.141593
55,51,3.141593
55,54,0.000000
55,80,1.570796
55,82,1.892547
55,91,-2.356194
56,13,0.785398
56,16,0.785398
56,37,0.000000
56,38,-1.892547
56,46,-1.570796
56,50,-1.892547
56,62,1.249046
56,64,-1.570796
56,65,3.141593
56,84,-1.570796
57,3,-0.321751
57,13,0.000000
57,22,0.785398
57,31,3.141593
57,35,0.785398
57,36,2.356194
57,48,0.785398
57,54,0.000000
57,60,2.356194
57,67,2.356194
57,68,0.000000
57,82,-0.785398
57,86,-1.249046
57,87,3.141593
58,4,-1.249046
58,20,-2.356194
58,33,0.785398
58,36,-2.356194
58,40,0.000000
58,47,0.785398
58,50,2.356194
58,52,0.785398
58,53,2.356194
58,88,0.000000
59,13,3.141593
59,35,3.141593
59,39,-0.785398
59,53,-2.356194
59,60,0.000000
59,61,-0.785398
59,62,-1.570796
59,63,-2.356194
59,71,1.249046
59,72,2.356194
59,73,0.000000
59,78,-1.570796
59,80,0.785398
59,89,-2.356194
60,5,0.321751
60,10,3.141593
60,13,-1.570796
60,17,0.000000
60,27,0.000000
60,34,-1.892547
60,41,0.785398
60,53,-1.570796
60,58,0.785398
60,59,2.356194
60,75,2.356194
60,76,0.785398
60,77,2.356194
60,80,-1.570796
61,5,-0.785398
61,14,1.570796
61,16,1.570796
61,30,-1.892547
61,49,-2.819842
61,57,1.570796
61,59,-1.570796
61,73,-0.785398
61,74,-1.892547
61,77,-1.570796
61,79,1.570796
61,83,-1.570796
61,87,0.785398
61,88,2.356194
62,5,0.785398
62,10,-2.356194
62,14,-0.785398
62,16,3.141593
62,21,0.000000
62,22,-1.892547
62,56,0.000000
62,57,-2.356194
62,64,1.249046
62,66,-2.356194
62,69,-0.785398
62,71,-1.892547
62,82,1.570796
63,5,0.000000
63,7,1.570796
63,8,2.356194
63,12,1.249046
63,13,3.141593
63,16,-1.570796
63,19,1.249046
63,20,3.141593
63,30,1.249046
63,31,3.141593
63,44,-1.892547
63,49,0.000000
63,50,3.141593
63,54,0.785398
63,55,2.356194
63,62,0.000000
63,63,-0.785398
63,67,0.000000
63,81,-0.785398
63,82,-2.356194
63,88,0.000000
64,12,-1.892547
64,22,2.356194
64,26,3.141593
64,29,0.321751
64,33,0.785398
64,41,-1.249046
64,42,-2.356194
64,47,0.000000
64,48,0.000000
64,61,0.000000
64,70,0.000000
64,71,3.141593
64,73,0.000000
64,84,0.785398
64,85,1.892547
64,91,-2.356194
65,5,-0.321751
65,34,0.000000
65,49,1.570796
65,57,-1.570796
65,58,-2.356194
65,62,0.000000
65,63,0.785398
65,68,3.141593
65,77,-1.249046
65,85,-1.249046
65,86,-2.356194
65,88,3.141593
66,11,2.356194
66,15,-0.785398
66,19,0.785398
66,20,3.141593
66,28,-0.785398
66,29,-2.356194
66,37,-2.356194
66,38,0.000000
66,43,1.570796
66,50,-2.356194
66,61,-0.785398
66,66,-1.892547
66,80,-1.249046
66,82,1.892547
67,17,1.570796
67,26,1.570796
67,35,3.141593
67,39,0.000000
67,40,0.785398
67,41,1.570796
67,63,-0.785398
67,73,1.249046
67,74,2.356194
67,82,-1.249046
67,84,1.892547
67,89,2.819842
68,25,0.000000
68,26,-2.356194
68,38,0.000000
68,51,-0.785398
68,52,-1.892547
68,57,0.785398
68,58,1.570796
68,59,2.356194
68,68,0.785398
68,69,1.570796
68,70,2.356194
68,76,0.785398
68,77,1.892547
68,86,0.785398
69,24,3.141593
69,27,0.785398
69,35,-2.356194
69,36,0.000000
69,39,0.000000
69,40,-0.785398
69,49,-0.785398
69,55,0.000000
69,73,-2.356194
69,77,-1.249046
69,79,1.892547
69,84,-1.570796
70,12,-0.785398
70,16,-1.892547
70,19,0.000000
70,33,-1.570796
70,37,0.000000
70,46,3.141593
70,64,-2.356194
70,69,3.141593
70,82,0.785398
71,31,0.000000
71,36,-0.785398
71,44,-0.785398
71,51,0.785398
71,54,-2.356194
71,62,0.785398
71,69,-2.356194
71,74,0.785398
71,75,2.356194
71,83,-1.249046
71,84,-2.356194
71,85,0.785398
71,91,3.141593
72,11,1.249046
72,26,-0.785398
72,30,2.356194
72,50,0.785398
72,60,0.785398
72,63,0.000000
72,64,3.141593
72,74,-1.570796
72,76,0.785398
72,77,2.356194
72,88,3.141593
73,3,-0.785398
73,6,-1.249046
73,13,-1.570796
73,20,0.785398
73,24,3.141593
73,39,0.785398
73,44,0.785398
73,48,0.785398
73,56,-0.785398
73,57,-2.356194
73,62,0.000000
73,72,0.785398
73,76,-1.570796
73,79,-1.249046
73,80,-2.356194
73,86,-1.570796
74,30,-0.321751
74,33,1.892547
74,35,1.249046
74,36,2.356194
74,40,-2.356194
74,45,-2.356194
74,50,-1.892547
74,59,-2.356194
74,73,-1.249046
74,84,0.785398
74,88,-0.785398
74,89,-2.356194
74,90,3.141593
75,13,-0.785398
75,14,-1.892547
75,52,0.000000
75,53,0.000000
75,61,0.000000
75,62,0.000000
75,67,1.570796
75,75,-1.249046
75,76,-2.356194
75,77,0.785398
75,78,1.892547
75,85,-1.249046
75,87,2.356194
76,50,2.356194
76,55,1.892547
76,63,-2.356194
76,67,2.356194
76,71,0.000000
76,80,0.785398
76,81,1.892547
76,87,-1.570796
77,44,1.249046
77,49,0.000000
77,56,-2.356194
77,60,0.785398
77,61,2.356194
77,66,-0.785398
77,67,-2.356194
77,75,0.785398
77,76,1.892547
77,81,-1.249046
77,82,3.141593
77,88,0.000000
77,89,1.892547
78,3,0.321751
78,13,1.570796
78,36,1.570796
78,37,2.356194
78,38,0.785398
78,41,-2.356194
78,51,2.356194
78,52,-0.785398
78,64,3.141593
78,68,0.000000
78,69,1.570796
78,70,2.356194
78,78,-2.356194
78,90,2.819842
79,9,-1.570796
79,24,1.570796
79,26,1.249046
79,30,0.785398
79,31,2.356194
79,33,-0.785398
79,34,-1.892547
79,48,2.356194
79,49,-0.785398
79,50,-1.892547
79,54,-1.249046
79,55,-2.356194
79,59,-0.785398
79,60,-1.570796
79,73,0.785398
79,74,1.892547
79,79,0.000000
79,80,1.892547
79,90,-2.356194
80,3,0.000000
80,5,3.141593
80,10,0.785398
80,12,-1.892547
80,14,0.000000
80,15,1.570796
80,24,0.000000
80,26,-1.892547
80,45,-2.356194
80,46,-0.785398
80,47,-1.892547
80,63,-1.249046
80,64,-2.356194
80,74,-1.249046
80,76,-2.356194
80,87,0.785398
80,89,2.356194
81,30,-2.819842
81,36,2.356194
81,40,0.785398
81,41,2.356194
81,42,-0.785398
81,43,-1.892547
81,69,-1.249046
81,70,3.141593
81,83,0.785398
81,84,1.892547
81,87,-1.570796
81,89,-1.570796
82,3,-0.321751
82,9,-0.785398
82,13,1.249046
82,14,3.141593
82,20,-1.570796
82,35,-0.785398
82,36,-2.356194
82,40,-1.570796
82,72,0.785398
82,73,1.892547
82,90,-2.356194
83,18,-2.819842
83,21,0.785398
83,22,3.141593
83,27,1.570796
83,32,1.249046
83,33,3.141593
83,37,0.785398
83,38,2.356194
83,46,1.249046
83,47,2.356194
83,64,0.785398
83,65,2.356194
83,82,1.892547
84,4,0.000000
84,16,0.000000
84,17,-1.892547
84,21,-1.570796
84,32,-1.892547
84,44,1.249046
84,46,-1.892547
84,69,0.785398
84,70,1.892547
84,76,0.785398
84,77,1.892547
84,82,-1.249046
85,7,-2.819842
85,15,1.570796
85,20,1.570796
85,25,-1.570796
85,30,-1.570796
85,35,1.249046
85,43,-0.785398
85,44,-1.892547
85,58,1.249046
85,59,2.356194
85,62,0.785398
85,70,-1.249046
85,72,-1.570796
85,84,-1.249046
85,89,3.141593
86,4,-0.321751
86,10,0.321751
86,11,-2.819842
86,20,-2.819842
86,40,1.249046
86,41,3.141593
86,49,3.141593
86,54,0.000000
86,57,-0.785398
86,58,-1.892547
86,65,-2.356194
86,75,1.570796
86,90,2.356194
87,10,-1.570796
87,30,1.570796
87,39,0.000000
87,40,-1.892547
87,46,2.356194
87,63,-0.785398
87,76,-2.356194
87,82,1.570796
87,87,-1.249046
87,90,-2.819842
88,4,0.321751
88,6,2.819842
88,18,-1.892547
88,23,2.356194
88,30,0.000000
88,32,-0.785398
88,33,-1.892547
88,45,-1.570796
88,51,3.141593
88,82,-0.785398
88,83,-2.356194
88,84,0.785398
88,85,1.892547
89,8,1.570796
89,12,0.321751
89,21,1.249046
89,23,-2.356194
89,57,3.141593
89,61,2.356194
89,62,-0.785398
89,65,2.356194
89,85,-1.249046
89,86,-2.356194
89,87,0.785398
89,88,2.356194
90,4,0.000000
90,20,0.000000
90,21,-1.892547
90,24,0.785398
90,25,2.356194
90,26,3.141593
90,29,0.321751
90,30,-2.819842
90,35,1.570796
90,41,1.570796
90,52,1.249046
90,53,2.356194
90,69,1.570796
90,78,-0.785398
90,79,-1.892547
90,88,-1.570796
91,10,1.570796
91,12,-1.570796
91,13,3.141593
91,16,-2.819842
91,19,-0.785398
91,24,-0.785398
91,34,0.000000
91,40,0.000000
91,51,0.321751
91,62,1.570796
91,64,-1.570796
91,65,3.141593
91,82,-1.249046
91,83,3.141593
92,4,0.000000
92,28,0.321751
92,29,-2.819842
92,39,1.570796
92,51,-0.785398
92,57,3.141593
92,66,0.785398
92,67,2.356194
92,68,-0.785398
92,69,-1.892547
93,4,-0.785398
93,10,-2.819842
93,16,3.141593
93,19,0.785398
93,37,1.249046
93,39,-2.356194
93,51,0.785398
93,53,1.249046
93,54,2.356194
93,62,0.785398
93,85,0.000000
93,86,1.892547
93,91,-2.356194
94,9,-0.785398
94,17,0.000000
94,20,-2.356194
94,23,1.570796
94,27,0.321751
94,28,-2.819842
94,40,1.570796
94,43,1.570796
94,53,-1.892547
94,62,0.000000
94,65,-0.785398
94,66,-2.356194
94,87,2.819842
95,13,0.321751
95,17,0.785398
95,22,0.000000
95,27,-1.570796
95,31,2.356194
95,35,0.321751
95,41,-2.356194
95,43,3.141593
95,58,3.141593
95,87,-1.570796
96,13,-1.570796
96,19,-0.785398
96,20,-1.570796
96,21,-2.356194
96,30,0.321751
96,31,-2.819842
96,35,-1.570796
96,43,-2.356194
96,46,1.570796
96,55,0.000000
96,61,0.000000
97,12,1.570796
97,16,-0.785398
97,17,-1.892547
97,26,-1.570796
97,30,-0.785398
97,59,0.000000
97,90,-2.356194
98,7,-0.785398
98,8,-1.570796
98,9,-2.356194
98,11,-0.785398
98,30,-1.570796
98,34,-1.570796
98,42,-1.570796
98,46,-1.570796
98,66,0.000000
98,71,3.141593
98,80,3.141593
98,85,-2.356194
