14,41,1.249046
14,42,2.356194
15,28,0.785398
15,29,1.570796
15,30,2.356194
15,38,0.785398
15,39,1.570796
15,70,2.356194
16,14,1.249046
16,15,3.141593
16,77,2.356194
20,10,0.321751
21,10,-0.785398
21,30,3.141593
21,46,0.785398
22,46,0.000000
23,26,0.321751
24,26,-1.570796
24,46,3.141593
24,60,0.321751
24,79,2.819842
25,10,2.356194
25,33,0.785398
25,79,-2.356194
26,9,0.321751
26,58,1.249046
26,60,3.141593
27,9,-1.570796
27,32,0.321751
27,51,0.785398
27,60,-2.356194
27,80,3.141593
28,25,0.785398
28,32,-0.785398
28,34,-1.249046
28,51,0.000000
28,53,1.892547
28,56,0.000000
28,57,-1.892547
29,39,0.785398
29,48,-2.819842
30,15,0.785398
30,16,1.570796
30,17,2.356194
30,20,-0.321751
30,31,0.321751
30,43,0.785398
30,53,-1.892547
31,36,0.785398
31,49,0.785398
31,64,-2.356194
31,81,2.356194
32,66,1.249046
32,68,1.570796
32,70,-1.892547
33,8,0.785398
33,10,1.249046
33,40,2.356194
33,42,-0.785398
33,43,-1.892547
33,53,0.785398
33,54,1.570796
33,55,2.356194
33,63,-1.249046
33,64,-2.356194
34,30,-1.892547
34,32,-1.570796
34,37,-0.785398
34,59,-2.356194
35,10,-1.249046
35,36,1.570796
35,39,-1.570796
36,6,-1.570796
36,8,-1.570796
36,19,-2.356194
36,22,0.785398
36,32,0.000000
36,33,-1.570796
36,41,2.356194
36,55,-2.356194
37,37,-2.356194
37,52,-0.785398
37,53,-1.892547
37,65,-1.249046
37,66,-2.356194
37,68,-0.785398
37,69,-1.892547
38,13,0.785398
38,40,-1.570796
38,47,1.249046
38,49,-1.892547
39,18,2.356194
39,25,-1.892547
39,35,3.141593
39,42,2.356194
39,46,-0.785398
39,47,-1.892547
40,5,0.785398
40,40,0.000000
40,41,-1.892547
40,58,-0.785398
40,59,-1.570796
40,60,-2.356194
40,72,-0.785398
40,73,-1.892547
41,5,0.000000
41,14,0.000000
41,15,-1.892547
41,17,-1.570796
41,20,0.000000
41,27,1.249046
41,28,2.356194
41,48,1.249046
41,49,2.356194
42,5,-0.785398
42,27,-1.892547
42,34,-0.785398
42,35,-1.892547
42,45,1.249046
42,46,2.356194
42,47,-0.785398
42,48,-1.892547
43,10,0.785398
43,11,2.356194
43,25,-1.892547
43,59,0.785398
43,60,1.570796
43,61,2.356194
43,66,0.785398
43,67,1.892547
43,82,2.356194
44,21,-2.356194
44,67,-1.249046
44,68,-2.356194
44,73,0.785398
45,9,0.321751
45,15,0.785398
45,16,1.570796
45,27,1.249046
45,28,3.141593
45,79,0.785398
46,5,0.785398
46,12,2.356194
46,23,-0.321751
46,25,2.356194
46,26,-0.785398
46,44,-0.785398
46,45,-1.892547
46,59,-0.785398
46,60,-1.570796
46,61,3.141593
46,76,2.356194
47,5,0.000000
47,11,-1.892547
47,18,-1.892547
47,28,0.785398
47,29,2.356194
47,80,-2.819842
48,5,-0.785398
48,15,0.000000
48,16,-1.892547
48,28,-1.570796
48,47,1.249046
48,48,2.356194
48,73,-1.249046
49,9,0.000000
49,27,2.356194
49,34,2.356194
50,9,-0.785398
50,13,3.141593
50,21,-1.570796
50,27,-1.570796
50,47,-1.570796
50,65,3.141593
50,71,1.892547
51,18,1.570796
51,29,2.356194
51,31,0.785398
51,48,-2.356194
51,50,-0.785398
51,72,-2.356194
51,74,0.785398
52,9,0.321751
52,12,-1.570796
52,16,0.785398
52,26,0.785398
52,28,-1.892547
52,35,2.356194
52,54,1.570796
52,59,1.249046
52,60,2.356194
52,63,2.356194
52,67,0.785398
52,70,-2.356194
52,85,2.356194
53,5,0.785398
53,13,0.785398
53,14,2.356194
53,26,-1.570796
53,34,-1.892547
53,45,0.785398
53,46,1.892547
53,48,0.785398
53,49,1.892547
53,61,0.000000
54,5,0.000000
54,7,0.785398
54,40,1.249046
54,50,3.141593
54,57,0.000000
54,58,-1.892547
54,64,0.785398
54,73,0.785398
55,17,0.000000
55,28,1.570796
55,29,3.141593
55,36,2.356194
55,39,0.000000
55,48,0.000000
55,51,0.785398
55,52,3.141593
55,63,1.570796
55,68,0.000000
56,51,-1.570796
56,55,-0.785398
56,62,0.000000
56,67,3.141593
56,75,-1.249046
56,76,-2.356194
56,81,-0.785398
56,82,-1.892547
57,9,-1.892547
57,28,-2.819842
57,31,0.000000
57,60,1.249046
57,61,3.141593
57,65,0.000000
57,70,0.785398
57,71,1.892547
58,3,0.321751
58,13,-1.570796
58,24,-2.356194
58,34,-2.819842
58,59,0.000000
58,64,0.000000
58,67,0.000000
58,71,-1.249046
58,72,-2.356194
59,9,0.785398
59,30,-1.570796
59,32,0.321751
59,36,2.356194
59,39,-1.570796
59,42,1.249046
59,61,0.000000
59,65,0.000000
59,74,0.785398
59,76,1.892547
59,86,2.356194
60,3,0.000000
60,10,1.570796
60,12,2.356194
60,15,1.249046
60,20,0.000000
60,25,0.785398
60,32,-1.570796
60,44,-2.356194
60,60,0.785398
60,64,-0.785398
60,68,0.000000
60,69,0.785398
60,70,1.892547
60,76,-1.249046
60,77,-2.356194
60,81,0.785398
60,82,1.570796
60,83,2.356194
60,85,-0.785398
60,86,-2.356194
61,3,-0.785398
61,17,-1.570796
61,26,-2.356194
61,37,1.570796
61,43,0.000000
61,61,2.356194
61,72,2.356194
61,79,0.000000
62,3,0.785398
62,7,0.785398
62,8,2.356194
62,18,-2.356194
62,22,-1.570796
62,25,0.000000
62,37,-2.819842
62,39,0.321751
62,61,-2.356194
62,64,2.356194
62,74,-1.249046
62,75,-2.356194
63,3,0.000000
63,20,0.785398
63,21,2.356194
63,25,0.000000
63,27,0.785398
63,29,-2.356194
63,35,0.321751
63,39,-1.570796
63,62,0.000000
63,68,0.000000
63,70,-0.785398
63,79,-0.785398
63,80,-1.892547
64,21,-2.356194
64,28,0.000000
64,35,-1.570796
64,38,1.570796
64,61,3.141593
64,66,3.141593
64,72,-1.249046
64,73,-2.356194
65,3,0.000000
65,5,-1.892547
65,10,0.321751
65,14,1.249046
65,15,3.141593
65,18,1.570796
65,21,0.000000
65,26,-2.819842
65,28,-1.570796
65,31,1.570796
65,34,1.570796
65,38,-2.819842
65,50,0.785398
65,64,0.000000
66,3,-0.785398
66,13,0.321751
66,17,0.321751
66,20,0.785398
66,30,0.321751
66,31,-2.819842
66,33,0.321751
66,34,-2.819842
66,36,0.321751
66,40,1.570796
66,49,1.570796
66,53,0.000000
66,54,0.000000
66,58,-1.892547
66,61,0.000000
66,62,0.000000
66,65,0.000000
66,70,0.785398
66,71,1.892547
67,10,-2.356194
67,13,-0.785398
67,19,-2.356194
67,25,-2.819842
67,30,-1.570796
67,33,-1.570796
67,39,0.321751
67,40,-2.819842
67,48,0.321751
67,56,3.141593
67,60,0.785398
67,63,0.000000
67,71,-1.249046
67,72,-2.356194
67,73,0.785398
67,74,1.892547
67,80,0.000000
67,81,1.892547
68,8,-1.570796
68,13,2.356194
68,18,0.000000
68,29,1.570796
68,35,0.321751
68,36,-2.819842
68,54,0.000000
68,58,2.356194
68,60,0.000000
68,74,-1.249046
68,76,1.892547
68,83,0.785398
68,84,1.892547
69,15,1.570796
69,20,0.321751
69,23,0.000000
69,26,2.356194
69,28,0.321751
69,29,-2.819842
69,38,0.321751
69,39,-2.819842
69,49,-2.356194
69,53,0.000000
69,57,0.000000
69,60,-0.785398
69,66,0.000000
69,81,-1.570796
69,86,0.000000
70,10,1.249046
70,20,-1.570796
70,31,1.570796
70,35,-2.819842
70,38,-1.570796
70,51,-0.785398
70,58,-2.356194
70,79,0.785398
71,16,0.000000
71,22,1.570796
71,27,0.321751
71,28,-2.819842
71,30,0.321751
71,31,-2.819842
71,33,0.321751
71,46,-2.356194
71,49,2.356194
71,56,2.356194
71,60,-0.785398
71,64,0.000000
71,65,0.785398
71,66,1.892547
72,3,0.785398
72,4,3.141593
72,12,0.321751
72,16,0.000000
72,18,1.570796
72,21,0.321751
72,22,-2.819842
72,42,-1.570796
72,51,1.249046
72,55,-0.785398
72,58,2.356194
72,62,2.356194
72,66,-1.249046
72,71,0.785398
72,76,-0.785398
72,77,-1.570796
73,7,0.321751
73,12,-1.570796
73,15,-0.785398
73,18,-2.819842
73,21,-1.570796
73,26,0.321751
73,30,-2.819842
73,32,0.321751
73,33,-2.819842
73,39,1.570796
73,50,0.000000
73,57,-0.785398
73,73,3.141593
74,2,0.321751
74,3,-2.819842
74,7,-1.570796
74,26,-1.570796
74,36,0.321751
74,45,0.000000
74,48,0.000000
74,49,0.000000
74,52,-2.356194
74,62,0.000000
74,66,0.785398
74,67,2.356194
74,69,0.000000
74,70,1.892547
74,81,2.819842
75,2,-0.785398
75,14,2.356194
75,16,0.321751
75,17,-2.819842
75,22,1.570796
75,28,-1.570796
75,31,0.321751
75,47,-2.356194
75,50,0.000000
75,51,0.000000
75,57,2.356194
75,60,-0.785398
75,71,-2.356194
75,76,0.000000
75,77,0.785398
75,78,1.892547
76,21,0.321751
76,22,-2.819842
76,27,-0.785398
76,42,0.000000
76,43,0.000000
76,46,0.785398
76,56,-0.785398
76,62,0.000000
76,64,0.785398
76,65,1.570796
76,67,-1.570796
76,78,-1.249046
76,79,-2.356194
76,81,3.141593
77,2,0.785398
77,13,0.000000
77,21,-1.570796
77,31,-0.321751
77,38,3.141593
77,41,-2.356194
77,44,0.000000
77,45,0.000000
77,61,3.141593
77,69,-1.249046
77,70,3.141593
77,75,0.785398
77,76,1.892547
77,88,2.356194
78,2,-0.321751
78,4,3.141593
78,12,1.570796
78,17,0.000000
78,20,-0.785398
78,23,-0.785398
78,26,2.356194
78,40,0.785398
78,59,0.000000
78,65,0.785398
78,82,-2.356194
78,88,3.141593
79,8,3.141593
79,11,0.321751
79,35,-2.356194
79,38,0.000000
79,39,0.000000
79,41,0.000000
79,48,-2.356194
79,58,0.000000
79,65,-0.321751
79,68,1.892547
79,77,-1.249046
79,78,3.141593
79,88,-2.356194
80,16,-0.785398
80,22,2.356194
80,30,-1.570796
80,47,0.785398
80,68,-1.249046
80,69,3.141593
80,79,0.000000
80,80,1.892547
81,7,-2.819842
81,21,-0.785398
81,26,0.000000
81,28,1.249046
81,29,3.141593
81,34,-2.356194
81,42,1.249046
81,46,-0.785398
81,48,0.785398
81,49,3.141593
81,60,-2.356194
81,70,0.000000
81,71,1.892547
81,76,0.000000
81,77,1.892547
81,80,-1.249046
81,81,3.141593
82,5,0.321751
82,15,2.356194
82,35,-2.356194
82,38,2.356194
82,41,0.000000
82,48,-1.570796
82,66,-1.249046
82,67,3.141593
82,71,-1.249046
82,73,1.892547
82,82,0.000000
82,83,1.892547
82,88,2.356194
83,2,0.785398
83,8,0.321751
83,12,-1.570796
83,15,-2.819842
83,22,-0.785398
83,31,1.570796
83,37,-0.785398
83,40,0.785398
83,43,-2.356194
83,47,0.000000
83,61,0.785398
83,62,1.892547
83,78,-1.249046
83,79,3.141593
83,83,-1.249046
83,84,-2.356194
83,88,3.141593
84,3,-2.356194
84,4,-0.785398
84,14,-0.785398
84,42,3.141593
84,48,0.000000
84,59,-0.785398
84,62,-1.249046
84,63,-2.356194
84,64,0.785398
84,65,1.892547
84,69,0.000000
84,70,1.892547
84,74,-1.249046
84,75,3.141593
84,88,-2.356194
85,7,0.321751
85,8,-2.819842
85,23,1.570796
85,27,2.356194
85,41,-1.892547
85,53,3.141593
85,57,3.141593
85,70,-1.249046
85,71,3.141593
85,81,0.000000
85,82,1.892547
85,88,2.356194
86,7,-1.570796
86,21,0.785398
86,23,-2.819842
86,26,-2.356194
86,55,-0.785398
86,66,-1.249046
86,72,0.000000
86,73,1.892547
86,77,0.000000
86,78,1.892547
86,85,1.249046
86,88,-2.819842
87,15,2.356194
87,20,0.785398
87,25,0.785398
87,35,2.356194
87,48,1.249046
87,49,3.141593
87,58,0.000000
87,62,0.785398
87,63,1.892547
87,68,-1.570796
87,83,-1.249046
88,17,1.249046
88,18,2.356194
88,19,0.000000
88,21,-2.356194
88,26,2.356194
88,28,0.000000
88,41,-0.785398
88,44,3.141593
88,47,0.000000
88,48,-1.892547
88,51,2.356194
88,63,-1.249046
88,64,-2.356194
88,69,0.000000
88,85,-1.249046
88,88,2.819842
89,16,0.321751
89,20,-2.356194
89,27,-2.356194
89,30,-2.356194
89,36,-0.785398
89,43,-1.892547
89,66,0.000000
89,70,-2.356194
89,72,0.785398
89,75,-1.249046
89,76,3.141593
89,88,-2.356194
90,8,2.356194
90,11,0.000000
90,13,0.785398
90,16,-1.570796
90,22,0.785398
90,26,-2.356194
90,41,0.785398
90,53,2.356194
90,63,0.785398
90,67,-1.570796
90,77,0.000000
91,3,0.785398
91,7,0.321751
91,10,1.570796
91,12,0.000000
91,14,0.785398
91,15,3.141593
91,18,0.785398
91,23,-2.356194
91,25,-0.785398
91,31,1.570796
91,34,1.570796
91,41,-0.785398
91,42,-2.356194
91,44,0.000000
91,52,-0.785398
91,55,0.000000
91,57,0.785398
91,58,1.892547
92,12,0.000000
92,17,-0.785398
92,22,-2.356194
92,29,0.785398
92,31,-2.356194
92,34,0.000000
92,40,1.570796
92,45,0.785398
92,46,2.356194
92,59,-2.356194
92,65,1.570796
92,75,1.570796
92,78,-0.321751
92,83,-1.249046
92,84,3.141593
92,88,2.356194
93,2,0.321751
93,7,-2.356194
93,14,-2.356194
93,32,0.785398
93,33,3.141593
93,40,-2.819842
93,57,-0.785398
93,65,-0.321751
93,66,2.819842
93,69,1.570796
93,75,-0.321751
93,76,2.819842
93,88,3.141593
94,2,-0.785398
94,12,-2.356194
94,18,0.785398
94,24,1.249046
94,25,3.141593
94,29,-2.819842
94,32,-0.785398
94,36,1.570796
94,45,-2.819842
94,66,-1.570796
94,69,-0.321751
94,70,2.819842
94,73,1.570796
94,76,-1.570796
94,81,2.819842
94,88,-2.356194
95,4,-0.785398
95,11,-2.356194
95,14,0.785398
95,19,0.785398
95,21,-1.570796
95,27,0.321751
95,32,2.356194
95,36,0.000000
95,38,-1.892547
95,43,0.321751
95,55,-2.356194
95,57,0.000000
95,70,-1.570796
95,73,-0.321751
95,74,2.819842
95,88,2.356194
96,2,0.785398
96,4,2.356194
96,14,-0.785398
96,15,-2.356194
96,19,-0.785398
96,27,-0.785398
96,32,3.141593
96,36,-0.785398
96,74,-2.356194
96,81,-0.321751
96,88,-2.819842
97,27,-1.570796
97,32,-2.356194
97,36,-1.570796
97,41,0.000000
97,42,-0.785398
97,61,3.141593
97,68,-1.570796
97,74,-1.570796
97,82,-1.249046
97,83,-2.356194
97,86,-0.785398
97,87,-1.892547
98,13,-1.570796
98,18,-0.785398
98,22,-0.785398
98,30,-1.570796
98,32,-1.570796
98,46,-0.785398
98,65,-1.570796
98,71,-1.570796
98,78,-1.570796
