7,50,1.249046
7,51,2.356194
7,62,0.785398
7,63,1.892547
8,33,1.249046
8,34,2.356194
8,46,0.785398
8,47,1.892547
8,71,0.785398
8,72,1.892547
10,82,2.356194
11,21,1.249046
11,22,2.356194
11,30,-0.785398
11,45,0.321751
12,59,0.321751
13,45,3.141593
13,51,0.785398
13,53,1.249046
13,55,1.892547
14,20,-1.570796
14,34,1.570796
14,43,-0.785398
14,51,0.000000
14,58,-0.785398
15,34,0.000000
15,45,-2.819842
15,66,0.321751
16,42,1.249046
16,44,-1.892547
16,53,-1.892547
16,63,2.356194
16,66,-0.785398
17,41,0.321751
17,47,1.570796
17,56,-2.356194
17,62,-0.785398
17,66,-1.570796
18,45,0.785398
18,47,-2.819842
18,74,0.000000
19,13,2.356194
19,43,2.356194
19,53,1.249046
19,55,1.570796
19,56,2.356194
19,59,-1.570796
19,71,2.356194
19,74,-0.785398
20,37,2.819842
20,48,0.785398
20,49,1.570796
20,50,2.356194
20,51,0.785398
20,68,2.356194
21,24,0.321751
21,26,2.819842
21,39,1.249046
21,46,-1.892547
21,54,-2.356194
21,60,0.785398
21,64,0.000000
21,65,3.141593
21,71,-2.356194
22,53,0.000000
22,61,1.570796
22,75,-1.570796
22,87,2.356194
23,46,0.785398
23,58,-2.356194
23,61,-0.321751
23,62,2.819842
23,65,1.570796
24,8,0.321751
24,30,1.249046
24,47,-2.356194
24,62,-1.570796
24,65,-1.570796
24,88,2.819842
25,8,-0.785398
25,26,-0.321751
25,44,-2.356194
25,50,-1.570796
25,77,0.000000
25,78,3.141593
25,86,-1.892547
25,88,-2.356194
26,32,-2.819842
26,44,2.356194
26,54,-2.356194
26,63,-1.570796
26,88,0.785398
27,22,1.249046
27,31,-1.892547
27,34,0.321751
27,43,0.000000
27,44,-2.356194
27,48,-1.570796
27,51,1.570796
27,72,3.141593
27,75,0.785398
27,88,0.000000
28,20,2.356194
28,37,-2.819842
28,42,2.356194
28,51,-1.570796
28,82,0.785398
28,88,-0.785398
29,16,0.321751
29,42,-1.570796
29,45,-1.570796
29,69,1.570796
29,73,0.785398
29,78,-2.356194
29,84,3.141593
30,31,0.785398
30,33,-1.892547
30,39,-1.892547
30,43,2.356194
30,74,0.000000
30,75,1.892547
31,16,-0.321751
31,20,2.819842
31,23,0.000000
31,35,1.249046
31,37,-1.892547
31,42,-0.785398
31,43,-2.356194
31,49,1.570796
31,52,1.570796
31,59,1.570796
31,80,0.000000
31,83,3.141593
31,87,0.000000
31,88,-1.570796
31,89,-2.356194
32,23,-0.785398
32,26,0.785398
32,28,-2.356194
32,31,-2.819842
32,40,0.000000
32,59,-1.570796
32,71,1.570796
32,76,-1.249046
32,78,1.892547
33,20,-2.819842
33,26,-1.570796
33,37,1.249046
33,38,3.141593
33,41,2.356194
33,49,-1.570796
33,53,-2.356194
33,68,1.570796
33,72,3.141593
33,78,-1.249046
33,79,3.141593
34,13,1.249046
34,14,2.356194
34,15,-0.785398
34,16,-1.892547
34,36,0.000000
34,37,-1.892547
34,41,3.141593
34,57,0.785398
34,68,-1.570796
34,85,-0.785398
34,86,-1.570796
34,87,-2.356194
35,11,1.249046
35,22,0.785398
35,24,1.570796
35,35,3.141593
35,41,-2.356194
35,44,0.785398
35,51,1.570796
35,58,-2.356194
35,75,0.785398
35,76,1.892547
35,89,1.570796
36,17,0.321751
36,18,-2.819842
36,26,0.321751
36,44,-0.321751
36,45,2.819842
36,51,-1.570796
36,54,0.785398
36,62,0.785398
36,67,0.785398
36,70,0.000000
36,76,-1.249046
36,77,-2.356194
36,89,-0.785398
36,90,-2.356194
36,91,3.141593
37,6,0.321751
37,13,-2.819842
37,22,-1.892547
37,26,-1.570796
37,40,0.000000
37,42,2.819842
37,55,-2.356194
37,68,-2.356194
37,79,-2.356194
37,85,0.000000
38,6,-1.570796
38,17,-2.819842
38,20,-1.570796
38,28,1.570796
38,30,0.785398
38,32,-1.892547
38,35,1.249046
38,36,3.141593
38,46,2.819842
38,49,1.570796
39,15,0.321751
39,19,1.570796
39,39,2.356194
39,42,-0.321751
39,44,3.141593
39,46,-2.356194
39,56,0.000000
39,57,3.141593
39,66,-2.356194
39,69,0.000000
39,75,-2.356194
39,77,0.785398
40,15,-1.570796
40,19,-2.819842
40,23,1.570796
40,26,0.321751
40,30,-2.819842
40,37,1.249046
40,62,0.785398
40,71,0.000000
40,72,1.892547
40,82,3.141593
41,13,0.785398
41,14,3.141593
41,17,0.321751
41,21,1.249046
41,23,-2.356194
41,43,-0.321751
41,44,2.819842
41,58,0.785398
41,72,-1.249046
41,73,3.141593
42,13,-0.785398
42,38,0.000000
42,41,2.819842
42,47,0.785398
42,53,0.785398
42,65,-2.356194
42,75,3.141593
42,85,0.000000
42,88,3.141593
43,17,-2.819842
43,19,0.321751
43,44,-0.321751
43,45,2.819842
43,47,-0.321751
43,48,2.819842
43,50,-1.570796
43,54,-2.356194
43,61,-2.356194
43,77,0.000000
43,83,3.141593
44,15,0.321751
44,22,0.321751
44,33,0.000000
44,38,2.356194
44,42,2.819842
44,45,-2.356194
44,89,0.785398
45,18,0.321751
45,19,-2.819842
45,22,-0.785398
45,25,1.570796
45,35,0.785398
45,36,2.356194
45,45,2.356194
45,48,-0.321751
45,49,2.819842
45,52,0.785398
45,68,0.000000
45,90,-1.570796
46,5,0.785398
46,10,0.000000
46,15,-2.819842
46,25,-2.819842
46,27,0.321751
46,35,-1.570796
46,43,-2.356194
46,44,-0.785398
46,45,-2.356194
46,49,-1.570796
46,53,-2.356194
46,78,0.000000
46,91,-2.356194
47,5,0.000000
47,20,1.249046
47,27,-1.570796
47,50,1.570796
47,61,0.000000
47,76,-2.356194
48,5,-0.785398
48,26,-0.785398
48,39,0.000000
48,42,1.570796
48,50,-0.321751
48,51,2.819842
48,55,1.570796
48,68,0.000000
48,84,0.000000
49,12,-1.570796
49,15,0.321751
49,22,0.321751
49,23,-2.819842
49,39,2.356194
49,42,-0.321751
49,43,2.819842
49,47,1.570796
49,51,-2.356194
49,55,-1.570796
49,60,0.785398
49,90,0.000000
49,91,3.141593
50,5,0.785398
50,10,1.249046
50,11,3.141593
50,18,0.321751
50,19,-2.819842
50,25,2.356194
50,34,0.321751
50,39,3.141593
50,43,-1.570796
50,47,-0.321751
50,51,-1.570796
50,80,3.141593
50,89,1.570796
51,5,0.000000
51,9,-0.785398
51,10,-1.892547
51,14,0.321751
51,15,-2.819842
51,18,-1.570796
51,22,-2.819842
51,30,1.570796
51,49,2.819842
51,68,-2.356194
51,83,0.000000
51,86,0.785398
51,87,1.570796
51,89,3.141593
52,5,-0.785398
52,14,-1.570796
52,20,0.321751
52,24,0.000000
52,26,1.570796
52,29,0.321751
52,30,-2.819842
52,34,-2.819842
52,36,-0.785398
52,44,0.785398
52,64,-2.356194
52,89,-1.570796
53,13,1.570796
53,17,2.356194
53,20,-1.570796
53,23,1.570796
53,41,2.819842
53,44,-0.785398
53,49,-0.321751
53,50,2.819842
53,60,0.785398
53,67,0.000000
53,75,3.141593
53,79,0.000000
53,81,3.141593
53,84,2.356194
53,91,3.141593
54,12,0.321751
54,13,-2.819842
54,17,-2.819842
54,22,0.321751
54,28,0.000000
54,32,-1.892547
54,36,1.249046
54,37,3.141593
54,41,-1.570796
54,43,1.570796
54,69,-2.356194
54,71,-0.785398
55,12,-0.785398
55,15,0.321751
55,22,-1.570796
55,24,0.000000
55,43,-2.819842
55,51,2.819842
55,54,0.785398
55,58,0.785398
55,88,1.570796
56,18,1.570796
56,21,1.570796
56,24,-1.570796
56,27,-2.356194
56,30,2.356194
56,39,1.249046
56,40,2.356194
56,49,3.141593
56,55,1.570796
56,59,0.000000
56,60,1.892547
56,68,0.785398
56,69,1.892547
56,81,0.000000
56,83,-0.785398
57,10,1.249046
57,17,0.321751
57,18,-2.819842
57,20,0.321751
57,21,-2.819842
57,29,0.321751
57,30,-2.819842
57,38,0.000000
57,39,-1.892547
57,44,-0.785398
57,52,2.819842
57,55,-0.321751
57,60,-1.249046
57,61,-2.356194
57,62,0.785398
57,63,1.892547
57,69,-1.249046
57,70,-2.356194
57,72,3.141593
57,90,-1.570796
58,20,-1.570796
58,23,2.356194
58,42,-1.570796
58,57,3.141593
58,63,-1.249046
58,64,3.141593
58,80,2.356194
58,81,0.785398
58,82,1.892547
58,91,-2.356194
59,17,-2.819842
59,22,0.785398
59,25,-0.785398
59,40,1.249046
59,41,3.141593
59,54,1.249046
59,55,3.141593
59,58,0.000000
59,59,1.570796
59,60,2.356194
59,87,-1.249046
59,89,1.892547
60,12,0.321751
60,16,-1.892547
60,19,2.356194
60,22,0.000000
60,27,0.321751
60,35,1.570796
60,39,0.000000
60,40,-1.892547
60,61,0.000000
60,67,0.000000
60,68,1.892547
60,72,0.000000
60,78,-0.785398
60,79,-1.570796
60,80,-2.356194
60,89,-1.249046
60,90,3.141593
61,18,0.321751
61,27,-1.570796
61,30,-0.785398
61,35,-2.819842
61,60,-0.785398
61,68,-1.249046
61,69,3.141593
61,85,2.819842
61,91,-2.356194
62,6,-0.785398
62,11,0.321751
62,20,0.785398
62,33,0.321751
62,72,0.785398
62,85,-1.570796
63,17,0.321751
63,18,-2.819842
63,20,-0.785398
63,23,-2.356194
63,29,1.570796
63,33,-1.570796
63,40,1.570796
63,63,-0.785398
63,64,-1.570796
63,65,3.141593
63,73,-2.356194
63,78,1.570796
63,79,3.141593
63,86,0.000000
64,8,1.249046
64,9,2.356194
64,10,-0.785398
64,11,-1.570796
64,12,3.141593
64,17,-1.570796
64,20,2.356194
64,28,0.321751
64,29,-2.819842
64,39,0.321751
64,40,-2.819842
64,52,-1.249046
64,58,-1.249046
64,59,3.141593
64,68,3.141593
64,70,0.785398
64,83,1.570796
64,87,-1.570796
64,90,0.785398
65,16,0.785398
65,19,0.321751
65,20,-2.819842
65,28,-1.570796
65,35,1.570796
65,39,-1.570796
65,45,0.000000
65,61,0.785398
65,62,1.892547
65,76,3.141593
65,79,2.356194
65,83,-0.785398
65,84,3.141593
65,91,-2.356194
66,7,-0.785398
66,14,1.570796
66,34,0.321751
66,35,-2.819842
66,48,0.000000
66,49,-1.892547
66,51,0.785398
66,52,2.356194
66,79,3.141593
66,82,-0.785398
67,7,0.785398
67,11,1.249046
67,12,2.356194
67,19,-2.819842
67,24,2.356194
67,27,2.356194
67,30,1.570796
67,34,-1.570796
67,43,1.570796
67,53,-0.785398
67,62,-0.785398
67,66,0.785398
67,71,1.249046
67,73,3.141593
67,79,-2.356194
67,86,1.570796
68,7,0.000000
68,23,0.321751
68,30,-2.819842
68,33,1.570796
68,43,0.000000
68,50,0.000000
68,51,-2.356194
68,69,1.249046
68,73,-1.570796
68,78,-0.785398
68,86,-0.321751
69,7,-0.785398
69,11,-1.249046
69,17,0.321751
69,18,-2.819842
69,23,-0.785398
69,32,0.321751
69,33,-2.819842
69,39,1.570796
69,42,0.785398
69,44,0.000000
69,49,1.570796
69,52,0.785398
69,61,-0.785398
69,71,-2.356194
69,79,0.000000
69,88,2.819842
69,91,-2.356194
70,32,-1.570796
70,38,0.321751
70,39,-2.819842
70,41,-0.785398
70,48,0.000000
70,49,-2.356194
70,52,-1.570796
70,55,-1.570796
70,80,-1.570796
70,85,1.570796
70,88,-1.570796
71,14,-1.249046
71,17,-2.819842
71,22,1.570796
71,25,-1.570796
71,28,-2.819842
71,35,-1.570796
71,38,-1.570796
71,47,-0.785398
71,51,3.141593
71,57,2.356194
71,62,-0.785398
71,63,-1.570796
71,71,0.000000
71,72,1.892547
72,19,2.356194
72,21,0.321751
72,24,1.570796
72,30,0.321751
72,32,2.819842
72,49,0.321751
72,67,-1.249046
72,68,-2.356194
72,72,-1.249046
72,73,3.141593
72,78,0.000000
72,90,-2.356194
73,15,0.321751
73,21,-0.785398
73,24,-2.819842
73,26,0.321751
73,27,-2.819842
73,30,-1.570796
73,32,-2.356194
73,35,2.356194
73,41,1.570796
73,49,-1.570796
73,54,-0.785398
73,55,-1.892547
73,79,-1.570796
73,87,1.570796
74,15,-1.570796
74,21,0.000000
74,32,-1.570796
74,52,1.570796
74,64,3.141593
74,75,0.000000
74,76,1.892547
74,87,-0.321751
74,88,2.819842
75,14,1.570796
75,23,-2.819842
75,25,0.321751
75,26,-2.819842
75,51,0.000000
75,56,1.249046
75,57,2.356194
75,66,0.000000
75,68,3.141593
75,77,2.819842
75,88,-1.570796
76,7,0.785398
76,13,0.000000
76,20,-2.819842
76,22,-0.785398
76,50,-0.785398
76,55,0.000000
76,56,-1.892547
76,70,0.000000
76,77,-1.570796
76,81,-2.356194
77,7,0.000000
77,16,0.321751
77,19,-1.892547
77,24,0.321751
77,25,-2.819842
77,31,2.356194
77,42,1.570796
77,46,1.570796
78,7,-0.785398
78,24,-0.785398
78,30,-0.785398
78,32,0.000000
78,42,-1.570796
78,46,-2.819842
78,49,2.356194
78,57,0.000000
78,66,3.141593
78,79,-2.356194
78,87,-2.356194
79,16,-2.819842
79,44,0.321751
79,68,0.000000
79,91,-2.356194
80,18,1.570796
80,38,2.356194
80,41,1.570796
80,44,-0.785398
80,51,-0.785398
80,80,0.785398
80,83,1.570796
80,85,0.785398
81,18,2.356194
81,29,2.356194
81,37,0.321751
81,38,-2.819842
81,44,-1.570796
81,54,1.570796
81,64,3.141593
81,86,-2.356194
81,89,1.570796
82,12,0.321751
82,17,0.321751
82,20,2.356194
82,28,0.321751
82,29,-2.819842
82,37,-0.785398
82,66,0.000000
82,81,-1.570796
82,89,0.000000
83,20,-2.819842
83,28,-0.785398
83,40,-1.570796
83,50,2.356194
83,53,-0.785398
83,90,1.570796
84,13,-2.356194
84,16,-0.785398
84,17,-2.356194
84,49,-0.785398
84,76,-2.356194
84,79,-2.356194
84,90,-0.321751
84,91,2.819842
85,19,-2.819842
85,21,0.321751
85,24,2.356194
85,39,1.570796
85,52,1.570796
85,73,-2.356194
85,85,-1.570796
85,91,-2.356194
86,8,0.000000
86,24,-2.356194
86,30,2.356194
86,46,-1.570796
86,52,-1.570796
86,66,3.141593
86,77,0.785398
86,83,1.570796
86,91,-1.570796
87,17,0.000000
87,20,0.321751
87,21,-2.819842
87,29,0.321751
87,30,-2.819842
87,38,-0.785398
87,55,-1.570796
87,62,-0.785398
87,68,0.785398
87,78,-2.356194
87,83,-1.570796
88,9,0.000000
88,20,-0.785398
88,29,-0.785398
88,43,1.570796
88,48,1.570796
88,51,1.570796
88,69,1.570796
89,9,-0.785398
89,20,2.356194
89,26,2.356194
89,35,2.356194
89,38,2.356194
89,43,-1.570796
89,45,1.570796
89,54,1.570796
89,69,-0.321751
89,73,0.785398
89,81,1.570796
89,84,1.570796
90,19,0.321751
90,20,-2.819842
90,25,0.321751
90,26,-2.819842
90,34,0.321751
90,35,-2.819842
90,40,1.570796
90,54,-1.570796
90,65,0.000000
90,71,2.819842
90,77,0.785398
90,81,0.785398
90,87,1.570796
91,19,-0.785398
91,25,-0.785398
91,34,-0.785398
91,51,-1.570796
91,60,2.356194
91,78,1.570796
91,81,-0.321751
91,82,2.819842
92,19,2.356194
92,40,-1.570796
92,42,1.570796
92,47,-0.785398
92,71,-0.321751
92,72,2.819842
92,75,0.785398
92,78,-0.321751
92,79,2.819842
92,85,2.356194
93,18,0.321751
93,19,-2.819842
93,28,2.356194
93,45,-1.570796
93,50,1.570796
93,56,1.570796
93,62,1.570796
93,65,1.570796
93,68,1.570796
93,72,-2.356194
93,75,-0.321751
93,76,2.819842
93,79,-2.356194
93,82,-0.321751
93,85,-2.356194
93,88,0.785398
93,90,2.356194
94,15,1.249046
94,16,2.356194
94,27,0.321751
94,28,-2.819842
94,31,2.356194
94,34,2.356194
94,47,1.570796
94,53,1.570796
94,68,-0.321751
94,69,2.819842
94,72,0.785398
94,76,-2.356194
94,79,-1.570796
95,18,-2.819842
95,25,2.356194
95,27,-0.785398
95,30,0.321751
95,31,-2.819842
95,33,0.321751
95,34,-2.819842
95,42,2.356194
95,44,1.570796
95,65,0.785398
95,69,-2.356194
95,72,-0.321751
95,73,2.819842
95,76,-1.570796
95,87,-0.785398
95,88,-1.892547
96,15,-1.249046
96,22,1.249046
96,27,2.356194
96,30,-0.785398
96,33,-0.785398
96,36,0.785398
96,39,1.249046
96,40,2.356194
96,41,-0.785398
96,65,-0.321751
96,66,2.819842
96,73,-2.356194
97,17,-1.249046
97,18,-2.356194
97,19,-0.785398
97,20,-1.570796
97,26,-0.785398
97,37,-2.356194
97,38,-0.785398
97,39,-1.892547
97,66,-2.356194
97,69,-1.570796
97,73,-1.570796
97,77,1.570796
97,83,-1.570796
98,22,-1.249046
98,30,-1.570796
98,33,-1.570796
98,44,-1.570796
98,47,-1.570796
98,50,-1.570796
98,53,-1.570796
98,56,-1.570796
98,59,-1.570796
98,62,-1.570796
98,66,-1.570796
98,77,-1.570796
