17,49,1.249046
17,50,2.356194
17,60,0.785398
17,61,1.892547
18,29,1.249046
18,30,2.356194
18,66,0.785398
18,67,1.570796
18,68,2.356194
19,19,2.356194
19,28,-0.785398
19,49,-2.356194
19,61,-0.785398
20,18,-0.785398
26,18,3.141593
28,81,3.141593
29,13,0.321751
30,13,-0.785398
33,66,0.321751
33,68,2.819842
34,40,0.785398
34,42,1.249046
34,68,-2.356194
35,38,1.892547
35,61,0.000000
35,71,1.249046
36,13,2.356194
36,28,1.570796
36,36,-0.785398
36,44,-1.570796
36,45,-2.356194
36,46,-0.785398
36,47,-1.570796
36,49,-1.570796
36,51,-1.570796
36,52,-2.356194
36,56,0.785398
36,57,1.570796
36,58,2.356194
36,62,1.570796
36,69,0.785398
37,42,-1.892547
37,64,1.892547
38,11,0.321751
38,27,0.321751
38,58,-2.356194
38,64,-1.249046
38,65,-2.356194
38,70,-1.570796
39,11,-0.785398
39,27,-0.785398
39,29,-1.249046
39,36,-0.785398
39,37,-1.892547
39,53,0.785398
39,54,1.892547
39,60,0.000000
39,61,3.141593
39,68,0.785398
40,54,-1.249046
40,55,-2.356194
40,56,0.785398
40,57,1.892547
40,69,-1.249046
40,70,-2.356194
40,71,0.785398
40,72,1.892547
41,27,0.785398
41,31,-2.819842
41,57,-1.249046
41,58,-2.356194
41,60,3.141593
41,63,0.000000
41,65,0.785398
41,66,1.892547
41,72,-1.249046
41,74,1.892547
42,29,-0.785398
42,36,3.141593
42,50,0.785398
42,51,1.892547
42,66,-1.249046
42,67,-2.356194
42,68,0.785398
42,69,1.892547
42,74,-1.249046
42,75,-2.356194
43,32,2.356194
43,39,0.785398
43,42,1.249046
43,43,2.356194
43,51,-1.249046
43,52,-2.356194
43,69,-1.249046
43,70,-2.356194
44,20,0.785398
44,21,2.356194
44,25,-0.785398
44,26,-1.892547
44,30,0.000000
44,31,-1.892547
44,40,0.000000
44,41,-0.785398
44,42,-1.892547
44,58,1.570796
44,60,1.249046
44,61,2.356194
44,72,0.000000
44,73,1.892547
44,80,0.785398
44,81,1.892547
44,84,0.785398
44,85,1.892547
44,87,2.356194
45,20,-0.785398
45,29,1.570796
45,36,3.141593
45,39,-0.785398
45,65,1.249046
45,66,2.356194
45,73,-1.249046
45,75,1.892547
45,81,-1.249046
46,11,2.356194
46,26,1.249046
46,27,2.356194
46,29,3.141593
46,33,0.000000
46,46,0.785398
46,47,1.892547
46,57,-0.785398
46,58,-1.892547
46,60,-1.249046
46,62,-1.570796
46,63,-2.356194
46,69,0.000000
46,70,1.892547
46,75,-1.249046
46,77,1.892547
46,88,2.819842
47,22,1.570796
47,25,0.000000
47,26,-1.892547
47,29,-2.356194
47,43,0.785398
47,49,1.570796
47,50,2.356194
47,52,0.785398
47,53,2.356194
47,65,-1.249046
47,67,1.892547
47,77,-1.249046
47,78,-2.356194
47,79,3.141593
47,84,-1.249046
48,9,0.321751
48,22,0.000000
48,35,0.000000
48,67,-1.249046
48,68,-2.356194
48,74,0.000000
48,75,1.892547
48,88,-1.570796
48,89,3.141593
49,9,-1.570796
49,19,2.356194
49,22,-0.785398
49,27,1.249046
49,28,3.141593
49,43,0.000000
49,44,-1.892547
49,49,-2.819842
49,52,0.321751
49,53,-2.819842
49,76,3.141593
49,82,0.000000
49,86,-1.570796
50,22,2.356194
50,26,0.000000
50,27,-1.892547
50,32,2.356194
50,41,2.356194
50,52,-1.570796
50,55,2.356194
50,70,0.000000
50,72,1.892547
50,77,0.000000
50,84,0.000000
51,36,2.356194
51,40,-0.785398
51,54,-0.785398
51,70,-0.785398
51,90,2.356194
52,23,-2.356194
52,45,-0.785398
52,46,-1.892547
52,50,3.141593
52,76,-1.249046
52,77,3.141593
52,86,-1.249046
52,88,1.570796
52,90,3.141593
53,17,0.321751
53,27,-0.785398
53,42,0.000000
53,49,-1.570796
53,53,2.356194
53,71,-0.785398
53,74,1.570796
53,90,-2.356194
54,20,-1.892547
54,36,0.785398
54,40,2.356194
54,48,-0.785398
54,74,-0.321751
54,76,2.356194
54,80,-2.356194
54,84,0.000000
54,85,1.570796
54,86,2.356194
54,90,2.356194
55,18,-2.356194
55,29,3.141593
55,34,0.000000
55,37,0.000000
55,38,-0.785398
55,39,-1.892547
55,51,-0.785398
55,71,-1.570796
55,88,-1.249046
55,90,3.141593
56,20,2.356194
56,54,2.356194
56,73,1.570796
56,79,0.000000
56,90,-1.570796
57,30,0.000000
57,31,3.141593
57,53,-0.785398
57,73,-1.570796
57,86,0.000000
57,87,1.892547
57,91,-2.356194
58,17,1.249046
58,18,3.141593
58,34,1.249046
58,77,1.570796
58,83,1.570796
59,8,0.785398
59,20,1.249046
59,21,3.141593
59,83,-0.321751
60,8,-0.785398
60,9,3.141593
60,19,0.000000
60,25,3.141593
60,30,0.000000
60,78,1.570796
60,89,-1.249046
60,90,3.141593
61,18,3.141593
61,22,1.570796
61,23,3.141593
61,78,0.000000
61,91,-2.356194
62,12,0.785398
62,26,3.141593
62,31,0.785398
62,35,-2.356194
62,80,0.000000
62,81,0.785398
62,82,1.892547
62,86,-1.249046
62,87,-2.356194
62,88,3.141593
63,19,2.356194
63,23,0.000000
63,30,0.785398
63,78,0.000000
64,15,-1.892547
64,29,0.000000
64,32,-2.819842
64,54,2.356194
64,83,-1.249046
64,85,1.892547
65,25,1.249046
65,26,2.356194
65,78,-0.321751
65,80,2.356194
65,85,-1.249046
65,86,3.141593
66,18,0.000000
66,19,-1.892547
66,24,0.000000
66,25,-1.892547
66,31,-2.356194
66,81,0.000000
66,82,1.892547
67,13,1.892547
67,22,0.000000
67,37,0.000000
67,38,3.141593
67,51,-0.785398
67,82,-1.249046
67,83,3.141593
67,89,3.141593
68,15,0.000000
68,26,2.356194
68,30,1.570796
69,11,0.000000
69,13,-1.892547
69,16,1.570796
69,20,3.141593
69,30,3.141593
70,27,1.249046
70,53,1.570796
71,20,1.249046
71,21,3.141593
71,25,1.249046
71,27,-1.892547
71,30,3.141593
71,53,-1.570796
72,24,0.000000
72,25,-1.892547
72,65,2.356194
73,18,-0.785398
73,19,-1.892547
73,22,1.249046
73,23,3.141593
73,27,1.249046
73,28,2.356194
73,30,3.141593
73,64,-0.785398
73,87,0.785398
74,10,0.321751
74,15,0.785398
74,16,3.141593
74,21,0.000000
74,22,-1.892547
74,26,0.000000
74,27,-1.892547
74,30,-2.356194
74,58,2.356194
74,91,-1.570796
75,12,-2.356194
75,15,-1.570796
75,19,1.249046
75,20,3.141593
75,24,1.249046
75,25,3.141593
75,61,2.356194
75,78,0.321751
75,81,1.892547
75,85,0.785398
76,10,-0.321751
76,29,-0.785398
76,31,2.819842
76,55,0.000000
76,78,-0.785398
76,86,-2.356194
77,22,0.000000
77,23,-1.892547
77,31,-2.356194
77,59,-0.785398
77,82,-1.249046
77,83,3.141593
78,20,1.249046
78,21,3.141593
78,25,-0.785398
78,31,2.356194
78,46,3.141593
78,62,2.356194
79,11,0.000000
79,15,0.000000
79,19,0.000000
79,20,-1.892547
79,28,1.249046
79,29,2.356194
79,44,-0.785398
79,86,3.141593
79,91,-1.570796
80,14,3.141593
80,17,0.000000
80,23,3.141593
80,27,0.000000
80,28,-1.892547
80,60,-0.785398
80,75,0.785398
80,78,2.356194
81,9,1.249046
81,20,1.249046
81,21,3.141593
81,25,1.249046
81,26,3.141593
81,31,-1.570796
81,33,-2.356194
81,46,0.000000
81,47,3.141593
81,76,0.000000
81,78,3.141593
82,19,0.000000
82,20,-1.892547
82,29,1.249046
82,30,3.141593
82,62,2.356194
82,72,2.356194
82,78,-1.570796
82,90,1.570796
83,7,0.321751
83,17,1.249046
83,18,3.141593
83,23,0.000000
83,24,-1.892547
83,28,0.000000
83,29,-1.892547
83,32,0.000000
83,33,-1.570796
83,34,3.141593
83,61,-0.785398
83,79,0.000000
83,80,1.892547
83,84,0.000000
83,90,0.785398
84,7,-0.785398
84,11,0.000000
84,21,1.249046
84,22,3.141593
84,27,-0.785398
84,48,3.141593
84,86,1.570796
84,90,-0.321751
84,91,2.819842
85,20,0.000000
85,21,-1.892547
85,30,-0.785398
85,36,1.570796
85,45,-0.785398
85,63,2.356194
85,76,3.141593
85,81,-1.249046
85,82,3.141593
85,86,-0.321751
85,91,-2.356194
86,12,-2.356194
86,14,-0.785398
86,15,-1.892547
86,19,1.570796
86,71,0.785398
86,72,1.570796
86,74,-1.892547
86,87,-1.249046
86,88,3.141593
86,91,-1.570796
87,17,1.249046
87,27,2.356194
87,35,0.000000
87,36,-1.892547
87,49,3.141593
87,58,0.000000
87,65,1.249046
87,66,3.141593
87,78,0.000000
87,79,1.892547
87,89,1.570796
88,21,1.249046
88,22,2.356194
88,45,1.249046
88,46,3.141593
88,55,3.141593
88,64,0.000000
88,65,-1.892547
88,72,2.356194
88,89,-0.321751
88,90,2.819842
89,15,0.000000
89,16,-1.892547
89,25,3.141593
89,28,2.356194
89,37,0.000000
89,38,-1.892547
89,40,0.000000
89,41,1.892547
89,51,2.356194
89,69,0.000000
89,70,-1.570796
89,72,3.141593
89,80,-1.249046
89,81,3.141593
89,90,-1.570796
90,7,0.785398
90,13,1.249046
90,14,3.141593
90,20,-1.892547
90,23,0.000000
90,24,-1.892547
90,30,1.249046
90,31,3.141593
90,41,-1.249046
90,42,-2.356194
90,50,-0.785398
90,61,-0.785398
90,72,-1.570796
91,7,0.000000
91,18,-1.570796
91,45,0.000000
91,48,3.141593
91,54,2.356194
91,57,0.785398
91,77,0.000000
91,83,0.000000
92,7,-0.785398
92,13,-1.570796
92,17,1.570796
92,33,-0.785398
92,38,2.356194
92,53,-0.785398
92,54,-2.356194
92,58,0.000000
92,59,3.141593
92,62,0.000000
92,79,0.000000
92,80,1.892547
92,84,-1.570796
92,91,-1.570796
93,14,0.785398
93,15,2.356194
93,16,-0.785398
93,17,-2.356194
93,27,0.000000
93,28,-1.892547
93,46,-2.356194
93,71,0.785398
93,75,0.000000
93,89,1.570796
94,35,0.000000
94,41,0.000000
94,42,3.141593
94,67,0.785398
94,72,0.000000
94,76,-1.570796
94,86,1.570796
94,89,-0.321751
95,21,1.249046
95,22,3.141593
95,30,3.141593
95,33,2.356194
95,49,0.000000
95,50,3.141593
95,73,-1.570796
95,78,3.141593
95,83,2.819842
95,86,-0.321751
95,87,2.819842
95,91,2.819842
96,17,-1.892547
96,20,-0.785398
96,21,-1.892547
96,37,2.356194
96,44,0.000000
96,47,3.141593
96,53,0.000000
96,54,3.141593
96,83,-1.570796
96,87,-1.570796
96,91,-2.356194
97,13,-1.249046
97,24,-1.570796
97,41,0.000000
97,42,3.141593
98,17,3.141593
98,26,-0.785398
98,30,-0.785398
98,33,0.000000
98,49,0.000000
98,54,3.141593
98,72,-2.356194
98,76,-2.356194
98,84,-1.570796
98,88,-1.570796
98,91,-1.570796
