6,36,1.249046
6,37,2.356194
7,48,0.785398
7,49,2.356194
7,50,0.785398
7,51,1.892547
8,17,1.249046
8,18,2.356194
8,32,0.785398
8,33,1.570796
8,48,-1.570796
9,13,1.249046
9,14,2.356194
9,16,-0.785398
9,35,-1.570796
9,51,-0.785398
9,62,2.356194
10,11,2.356194
10,12,-0.785398
10,72,1.570796
11,10,-0.785398
11,48,2.819842
11,59,0.321751
11,80,0.785398
12,38,1.570796
12,48,-2.356194
12,59,-0.785398
12,81,-2.356194
13,38,0.000000
13,40,1.570796
13,41,2.356194
13,43,-0.785398
13,44,-2.356194
14,34,2.819842
14,45,-2.356194
15,23,1.570796
15,38,-0.321751
15,41,2.819842
15,59,2.356194
15,68,0.321751
16,23,0.000000
16,34,-2.356194
16,41,-1.570796
16,48,2.356194
16,59,3.141593
16,68,-0.785398
17,68,2.356194
18,20,0.785398
18,21,2.356194
18,47,-1.570796
18,52,0.000000
18,53,1.892547
18,59,-2.819842
18,66,1.249046
18,68,3.141593
19,25,1.570796
19,33,-1.249046
19,34,3.141593
19,65,0.000000
19,66,-1.892547
19,68,-2.356194
20,13,1.249046
20,15,1.570796
20,16,2.356194
20,18,0.785398
20,35,0.000000
20,36,1.892547
20,41,0.000000
20,43,2.819842
20,51,2.356194
20,61,1.249046
20,62,2.356194
20,63,0.785398
20,64,2.356194
21,10,0.785398
21,43,-2.356194
21,50,-1.570796
21,53,-0.785398
22,16,3.141593
22,34,0.785398
22,41,1.570796
22,48,0.785398
22,68,2.356194
22,85,2.356194
23,35,-1.249046
23,36,-2.356194
23,37,-0.785398
23,38,-1.892547
23,41,0.000000
23,45,1.892547
23,47,0.785398
23,51,1.892547
23,60,-1.570796
23,61,-2.356194
23,67,-0.785398
23,68,-2.356194
24,17,-1.892547
24,25,2.819842
24,58,-1.570796
24,64,-2.356194
25,37,3.141593
25,42,-2.356194
25,51,-1.570796
25,54,0.785398
25,55,2.356194
25,57,0.000000
26,28,-0.785398
26,29,-1.892547
26,45,0.000000
26,46,-1.570796
26,47,-2.356194
26,48,-0.785398
26,49,-1.570796
26,50,-2.356194
26,54,-0.785398
26,65,1.570796
27,16,2.356194
27,18,-0.785398
27,22,2.356194
27,24,-0.785398
27,25,-1.892547
27,36,0.785398
27,38,0.000000
27,39,-1.892547
27,44,1.570796
27,65,0.000000
27,67,1.570796
27,68,2.356194
28,4,0.321751
28,7,-2.819842
28,32,0.000000
28,33,0.785398
28,44,-2.819842
28,55,1.570796
28,59,2.819842
28,79,0.321751
29,4,-1.570796
29,9,1.570796
29,18,1.249046
29,20,-1.892547
29,25,1.249046
29,26,2.356194
29,29,3.141593
29,34,-2.356194
29,40,1.249046
29,41,2.356194
29,55,0.000000
29,64,-0.785398
29,65,-1.570796
29,67,-1.570796
29,68,3.141593
30,7,-2.356194
30,11,1.570796
30,18,-1.892547
30,23,0.785398
30,37,1.249046
30,38,2.356194
30,39,-0.785398
30,48,1.570796
30,49,2.356194
30,57,-1.249046
30,59,-1.570796
30,61,1.570796
30,62,3.141593
30,77,0.000000
30,82,0.785398
30,83,1.892547
30,86,2.356194
31,13,0.000000
31,15,-0.785398
31,16,-1.892547
31,21,1.249046
31,22,3.141593
31,28,1.249046
31,29,2.356194
31,33,-0.785398
31,34,-1.570796
31,35,-2.356194
31,41,0.785398
31,46,-1.570796
31,54,-0.785398
31,71,2.356194
31,85,-0.785398
31,86,-2.356194
32,20,-0.785398
32,27,-0.785398
32,28,-1.892547
32,37,-1.570796
32,41,-1.570796
32,79,-0.785398
33,13,-2.819842
33,24,-1.892547
33,33,2.356194
33,39,2.356194
33,80,-0.785398
33,84,2.819842
34,2,0.785398
34,6,0.000000
34,7,-1.892547
34,10,1.249046
34,15,1.249046
34,16,3.141593
34,20,1.249046
34,22,-1.892547
34,31,0.785398
34,37,0.000000
34,38,-1.892547
34,54,2.356194
34,58,3.141593
34,61,0.000000
34,64,2.356194
35,2,-0.321751
35,4,2.356194
35,9,0.000000
35,10,-1.892547
35,13,0.000000
35,14,-0.785398
35,18,1.249046
35,20,-1.892547
35,25,1.249046
35,26,3.141593
35,32,-1.249046
35,33,-2.356194
35,43,2.356194
35,60,-0.785398
35,75,-2.356194
35,76,3.141593
35,78,0.785398
35,82,-1.249046
36,16,0.000000
36,17,-0.785398
36,22,1.249046
36,23,2.356194
36,24,-0.785398
36,25,-1.892547
36,51,2.356194
36,57,0.000000
36,58,3.141593
37,3,0.000000
37,11,0.000000
37,20,2.356194
37,21,-0.785398
37,22,-1.892547
37,56,-0.785398
37,69,1.249046
37,73,-1.570796
37,77,0.785398
38,6,3.141593
38,9,0.785398
38,12,0.000000
38,17,1.249046
38,19,-1.892547
38,39,2.356194
38,54,2.356194
38,58,2.356194
38,68,0.000000
38,69,-1.892547
38,71,1.570796
38,75,3.141593
38,78,-2.356194
38,88,2.356194
39,3,-0.785398
39,5,-1.892547
39,9,-0.785398
39,10,-2.356194
39,16,-0.785398
39,17,-1.892547
39,23,3.141593
39,36,0.785398
39,38,-2.356194
39,41,0.785398
39,44,0.785398
39,53,0.000000
39,54,-2.356194
39,72,3.141593
39,83,0.000000
39,84,1.892547
39,86,0.785398
39,88,-2.819842
40,7,1.249046
40,8,3.141593
40,13,1.249046
40,14,3.141593
40,35,0.785398
40,37,-2.356194
40,40,0.785398
40,52,-0.785398
40,55,-2.356194
40,61,0.000000
40,77,0.785398
40,80,0.000000
41,2,0.785398
41,6,0.321751
41,11,1.249046
41,13,-1.892547
41,34,-0.785398
41,39,0.785398
41,44,-2.356194
41,47,0.000000
41,60,-2.356194
41,85,-1.249046
42,2,0.000000
42,20,1.249046
42,21,2.356194
42,22,0.785398
42,40,-2.356194
42,43,-2.356194
42,49,-2.356194
42,57,0.000000
43,2,-0.785398
43,6,-2.356194
43,8,1.249046
43,10,-1.892547
43,13,1.249046
43,14,3.141593
43,19,-0.785398
43,30,-1.570796
43,32,0.785398
43,34,0.785398
43,39,-2.356194
43,51,2.356194
43,69,1.570796
43,72,0.000000
43,73,3.141593
43,80,-2.356194
43,87,0.000000
43,88,-1.892547
44,17,1.570796
44,24,2.356194
44,28,3.141593
44,44,0.785398
44,47,0.785398
44,69,-1.570796
44,82,1.570796
44,85,0.000000
44,86,2.356194
45,10,1.249046
45,12,-1.892547
45,15,1.249046
45,17,-2.356194
45,24,3.141593
45,26,-0.785398
45,37,-2.356194
45,39,0.785398
45,40,3.141593
45,45,0.785398
45,46,3.141593
45,48,0.785398
45,49,3.141593
45,52,1.570796
45,61,2.356194
45,71,0.785398
45,75,0.785398
45,82,-1.570796
45,86,-1.570796
45,90,2.356194
46,14,0.000000
46,15,-1.892547
46,18,0.000000
46,19,-0.785398
46,24,-2.356194
46,29,0.785398
46,36,-2.356194
46,39,-1.570796
46,42,0.785398
46,48,-1.570796
46,52,-2.819842
46,60,-0.785398
46,66,2.356194
46,68,0.785398
46,84,0.785398
46,87,0.000000
46,88,1.570796
46,90,3.141593
47,2,0.785398
47,12,1.249046
47,13,3.141593
47,28,0.785398
47,35,-2.356194
47,43,0.785398
47,47,3.141593
47,50,0.000000
47,51,-1.892547
47,64,0.000000
47,69,-2.356194
47,90,-2.356194
48,2,0.000000
48,15,1.249046
48,16,3.141593
48,19,2.356194
48,27,0.785398
48,40,1.570796
48,43,-1.570796
48,49,-0.785398
48,57,3.141593
48,62,3.141593
48,71,0.785398
48,74,-2.356194
48,86,0.000000
48,87,2.356194
48,90,0.785398
49,2,-0.785398
49,4,-1.570796
49,18,1.570796
49,26,0.785398
49,28,-2.356194
49,36,1.570796
49,39,0.000000
49,40,-2.356194
49,45,-1.570796
49,54,0.000000
49,59,0.000000
49,91,2.819842
50,25,0.785398
50,27,-2.356194
50,38,1.570796
50,50,2.356194
50,73,-2.356194
50,84,1.570796
50,89,2.356194
50,91,-2.356194
51,2,0.785398
51,16,0.000000
51,17,-1.892547
51,19,0.785398
51,20,2.356194
51,22,0.785398
51,24,-2.356194
51,26,0.000000
51,43,1.570796
51,46,1.570796
51,66,0.785398
51,71,0.785398
51,81,0.000000
51,82,1.892547
51,84,-0.785398
51,85,3.141593
51,89,-1.570796
51,91,2.356194
52,2,0.000000
52,4,-1.892547
52,21,-2.356194
52,26,0.000000
52,28,1.570796
52,42,-0.785398
52,46,-1.570796
52,49,-1.570796
52,76,0.785398
52,86,-2.356194
52,90,-0.785398
53,2,-0.785398
53,6,0.321751
53,14,1.570796
53,18,0.785398
53,25,0.785398
53,30,1.570796
53,36,-1.570796
53,39,-1.570796
53,73,-2.356194
53,77,-2.356194
53,88,0.785398
54,9,0.321751
54,14,-2.819842
54,17,3.141593
54,22,2.356194
54,24,0.785398
54,65,0.785398
55,6,-2.819842
55,9,-1.570796
55,16,-1.570796
55,34,1.570796
55,60,0.000000
55,61,3.141593
55,66,0.000000
55,67,1.892547
55,71,-2.356194
55,75,0.000000
55,80,0.000000
55,90,0.000000
56,11,0.321751
56,15,1.570796
56,33,-0.785398
56,39,2.356194
56,63,0.785398
56,64,1.892547
56,67,-1.249046
56,68,3.141593
56,82,1.570796
56,91,-2.356194
57,9,3.141593
57,15,-2.819842
57,17,-0.785398
57,24,0.000000
57,44,-0.785398
57,47,0.000000
57,48,3.141593
57,61,0.000000
57,64,-1.249046
57,65,3.141593
57,70,3.141593
57,73,0.000000
57,78,0.000000
57,79,1.892547
57,83,3.141593
57,87,-1.249046
57,88,3.141593
58,11,-2.819842
58,13,0.321751
58,19,-0.785398
58,21,0.000000
58,26,0.321751
58,27,-2.819842
58,29,0.321751
58,30,-2.819842
58,37,0.000000
58,42,3.141593
58,79,-1.249046
58,80,3.141593
58,89,0.000000
58,90,2.356194
59,13,-1.570796
59,16,2.356194
59,29,-0.785398
59,36,-0.785398
59,45,-0.785398
59,49,0.000000
59,50,3.141593
59,62,0.000000
59,72,0.785398
59,76,0.000000
59,77,1.892547
59,81,1.570796
59,90,-1.570796
60,3,0.321751
60,6,-1.892547
60,18,2.356194
60,25,0.321751
60,26,-2.819842
60,31,0.000000
60,32,3.141593
60,38,1.249046
60,39,3.141593
60,43,2.356194
60,81,-0.321751
61,3,-0.785398
61,9,2.356194
61,15,-1.570796
61,25,-1.570796
61,37,0.000000
61,57,0.000000
61,58,3.141593
61,61,0.785398
61,65,0.000000
61,66,1.892547
61,74,0.000000
61,75,1.892547
61,87,0.000000
62,8,0.321751
62,11,1.570796
62,27,-0.785398
62,36,-0.785398
62,39,0.000000
62,40,3.141593
62,83,-1.249046
62,84,3.141593
62,91,2.356194
63,11,-2.819842
63,16,-0.785398
63,38,-0.785398
63,42,-0.785398
63,67,-1.249046
63,68,3.141593
63,72,-2.356194
63,91,-2.819842
64,29,3.141593
64,36,2.356194
64,69,0.000000
64,70,1.892547
64,85,0.785398
65,6,0.321751
65,15,1.570796
65,23,0.785398
65,25,1.249046
65,26,3.141593
65,35,-0.785398
65,38,0.000000
65,39,3.141593
65,62,0.785398
65,70,-1.249046
65,71,3.141593
65,75,0.785398
65,85,-0.785398
65,87,1.892547
66,20,-1.570796
66,23,0.000000
66,25,-1.892547
66,33,2.356194
66,67,0.000000
66,68,1.892547
66,72,1.570796
66,76,1.570796
66,90,2.356194
67,3,0.785398
67,6,-2.819842
67,9,-0.785398
67,57,2.356194
67,59,0.000000
67,68,-1.249046
67,69,3.141593
67,72,-0.321751
67,76,-0.321751
67,88,-1.249046
67,90,3.141593
68,3,-0.321751
68,9,2.356194
68,21,1.249046
68,31,-0.785398
68,55,0.000000
68,70,1.570796
68,73,-1.249046
68,74,3.141593
68,78,2.819842
68,83,-1.570796
68,90,-2.356194
69,8,0.321751
69,35,2.356194
69,38,2.356194
69,62,0.000000
69,63,1.892547
69,71,3.141593
69,90,-1.570796
70,4,0.785398
70,10,0.000000
70,13,1.570796
70,16,-1.570796
70,31,0.785398
70,37,-0.785398
70,78,-0.785398
71,4,0.000000
71,7,-0.785398
71,8,-2.356194
71,10,2.356194
71,12,0.321751
71,13,-2.819842
71,21,2.356194
71,32,-2.356194
71,54,3.141593
71,64,-1.249046
71,65,3.141593
71,80,-0.785398
72,4,-0.785398
72,10,-2.819842
72,12,-0.785398
72,20,-0.785398
72,34,-0.785398
72,43,2.356194
72,61,0.000000
72,75,3.141593
72,77,-0.785398
72,78,3.141593
72,81,-2.356194
72,84,2.819842
72,87,-0.785398
72,89,2.819842
73,9,-0.785398
73,17,-1.892547
73,42,-0.785398
73,67,0.000000
73,68,2.356194
73,73,-0.785398
73,79,0.000000
73,80,2.356194
73,84,-1.570796
73,89,-1.570796
74,6,1.249046
74,7,2.356194
74,9,2.356194
74,15,-1.570796
74,33,2.356194
74,36,2.356194
74,44,2.356194
74,47,2.356194
74,52,0.785398
74,59,-2.356194
74,68,-1.570796
74,73,0.785398
74,76,-0.321751
74,77,2.819842
74,80,-1.570796
74,85,1.570796
75,11,1.570796
75,35,-0.785398
75,46,-0.785398
75,53,-1.249046
75,55,1.892547
75,65,0.000000
75,66,1.892547
75,69,0.000000
75,70,1.892547
75,73,-0.321751
75,77,-1.570796
75,81,1.570796
75,85,-0.321751
76,14,-1.570796
76,55,-1.249046
76,56,-2.356194
76,67,2.819842
76,81,-0.785398
76,82,3.141593
76,87,2.819842
77,8,-1.249046
77,9,-2.356194
77,18,1.570796
77,20,1.570796
77,23,0.000000
77,29,0.785398
77,30,1.892547
77,35,2.356194
77,39,0.785398
77,42,0.000000
77,43,-1.570796
77,44,-2.356194
77,67,-1.570796
77,76,2.819842
77,79,0.000000
77,80,2.356194
77,87,-1.570796
77,91,-1.570796
78,20,-1.570796
78,32,-1.570796
78,33,-2.356194
78,41,3.141593
78,69,3.141593
78,76,-1.570796
78,84,1.570796
79,15,1.570796
79,18,-1.570796
79,30,-0.785398
79,38,1.249046
79,40,-1.892547
79,61,0.000000
79,62,1.892547
79,65,0.000000
79,80,-0.321751
79,84,-0.321751
80,24,1.570796
80,57,-2.356194
80,62,-1.249046
80,63,3.141593
80,67,1.570796
80,71,0.785398
80,82,2.819842
80,86,2.819842
80,90,0.000000
81,21,1.570796
81,26,1.570796
81,36,0.321751
81,43,0.000000
81,52,3.141593
81,59,0.785398
81,68,3.141593
81,72,1.570796
81,79,0.000000
81,80,2.356194
81,86,-1.570796
81,91,-2.356194
82,12,1.570796
82,18,1.249046
82,19,2.356194
82,29,2.356194
82,32,1.570796
82,36,-1.570796
82,56,0.785398
82,64,-1.570796
82,69,1.570796
82,72,-0.321751
82,80,-1.570796
82,82,-0.785398
82,83,3.141593
82,87,1.570796
82,91,-1.570796
83,12,2.356194
83,17,0.321751
83,20,0.000000
83,28,0.321751
83,29,-2.819842
83,39,2.356194
83,40,3.141593
83,69,-0.321751
83,74,2.819842
83,88,3.141593
84,12,-2.819842
84,17,-0.785398
84,28,-0.785398
84,38,-1.570796
84,46,3.141593
84,63,-2.356194
84,66,0.000000
84,84,0.785398
84,89,1.570796
85,34,2.356194
85,49,0.000000
85,71,-1.249046
85,72,3.141593
85,74,-0.785398
85,76,1.892547
85,79,-1.249046
85,80,3.141593
85,84,-0.321751
85,90,3.141593
86,14,2.356194
86,20,-1.570796
86,28,2.356194
86,33,0.321751
86,34,-2.819842
86,37,2.356194
86,41,1.249046
86,42,3.141593
86,61,-2.356194
86,68,-1.570796
86,77,2.819842
86,87,1.892547
86,91,-2.356194
87,6,0.785398
87,14,-2.819842
87,27,0.321751
87,28,-2.819842
87,33,-0.785398
87,36,0.321751
87,37,-2.819842
87,40,0.321751
87,55,-1.570796
87,73,-0.321751
87,77,-1.570796
87,82,1.570796
87,85,-0.785398
88,6,-0.321751
88,27,-0.785398
88,36,-0.785398
88,40,-0.785398
88,46,2.356194
88,75,2.819842
88,82,-0.321751
88,83,2.819842
88,86,0.000000
88,88,-1.249046
88,89,3.141593
89,30,-1.570796
89,40,2.356194
89,45,-0.785398
89,49,0.000000
89,65,0.785398
89,75,-1.570796
89,86,0.785398
90,39,0.321751
90,40,-2.819842
90,73,1.570796
90,83,-0.321751
90,90,2.356194
91,15,0.000000
91,29,0.000000
91,30,3.141593
91,36,-1.570796
91,39,-0.785398
91,57,3.141593
91,70,0.785398
91,77,1.570796
91,81,1.570796
91,88,-2.356194
91,90,3.141593
92,8,-0.785398
92,41,1.570796
92,48,1.570796
92,59,0.785398
92,63,0.000000
92,71,-2.356194
92,77,-0.321751
92,81,-0.321751
92,82,2.819842
92,90,-2.356194
93,14,-0.785398
93,17,-2.819842
93,32,0.785398
93,60,0.000000
93,69,1.570796
93,79,2.819842
94,33,2.819842
94,41,-1.570796
94,54,1.570796
94,58,1.570796
94,61,-1.570796
94,66,0.000000
94,69,-0.321751
94,70,2.819842
94,79,-1.570796
94,82,-0.785398
94,84,1.892547
94,90,2.356194
95,29,0.785398
95,35,1.570796
95,39,0.785398
95,44,0.000000
95,51,1.570796
95,62,0.000000
95,63,1.892547
95,70,-2.356194
95,80,0.000000
95,81,2.356194
96,33,-2.819842
96,39,-0.321751
96,40,2.819842
96,60,3.141593
96,64,2.819842
96,69,2.356194
96,76,0.785398
97,21,-0.785398
97,22,-1.570796
97,24,-1.570796
97,25,-2.356194
97,35,-1.570796
97,40,-2.356194
97,43,1.570796
97,64,-1.570796
97,69,-2.356194
97,73,0.785398
97,80,0.000000
97,81,-2.356194
97,86,-2.356194
97,87,-0.785398
98,40,-1.570796
98,43,-1.570796
98,46,-1.570796
98,49,-1.570796
98,53,-2.356194
98,56,-1.570796
98,65,-2.356194
98,69,-1.570796
98,75,-0.785398
98,76,-1.892547
98,82,-2.356194
