11,45,1.249046
11,46,3.141593
12,66,1.249046
12,67,2.356194
12,80,0.785398
13,81,-2.356194
14,23,1.249046
14,24,2.356194
15,43,-2.356194
15,82,3.141593
16,15,1.249046
16,16,2.356194
16,21,-0.785398
17,63,1.249046
18,44,2.819842
18,48,1.249046
18,50,1.892547
18,55,-0.785398
19,41,0.321751
19,47,0.321751
19,53,1.892547
19,76,0.321751
20,11,0.321751
20,69,1.570796
20,84,2.356194
21,11,-1.570796
21,39,1.892547
21,76,3.141593
22,53,-1.570796
23,28,1.249046
23,37,0.000000
23,39,-1.892547
23,47,-1.892547
23,51,-1.570796
23,74,0.000000
24,23,1.892547
24,37,-0.785398
24,54,-1.892547
24,80,0.321751
25,11,3.141593
25,33,1.892547
25,38,1.570796
25,56,0.321751
26,8,0.321751
26,20,0.321751
26,39,3.141593
26,47,2.356194
26,48,0.785398
26,49,2.356194
26,52,-2.356194
26,56,-0.785398
26,58,-1.570796
26,78,1.249046
26,80,3.141593
27,8,-1.570796
27,20,-0.785398
28,23,-0.785398
28,35,0.785398
28,39,0.000000
28,49,-0.321751
28,52,-1.570796
28,54,1.570796
28,56,-1.570796
28,61,-1.570796
28,81,2.819842
28,87,2.356194
29,38,3.141593
29,84,1.249046
30,32,-0.785398
30,51,1.570796
30,65,-1.249046
30,77,-1.570796
30,80,0.321751
30,82,-2.356194
30,83,-0.785398
30,84,-1.892547
31,16,0.785398
31,42,-0.321751
31,43,2.819842
31,47,1.570796
31,51,-0.321751
31,56,0.000000
31,59,-2.356194
31,63,-1.570796
31,71,-1.892547
31,74,0.785398
32,16,0.000000
32,18,1.892547
32,21,0.000000
32,26,2.356194
32,30,-0.785398
32,34,-0.785398
32,43,-1.570796
32,47,-0.785398
32,48,3.141593
32,53,2.819842
32,61,-1.570796
32,65,2.356194
32,66,0.785398
32,88,-1.570796
32,90,3.141593
33,20,2.356194
33,26,-2.819842
33,39,1.570796
33,44,0.000000
33,45,1.570796
33,46,3.141593
33,53,-1.570796
33,58,1.570796
33,73,0.000000
33,74,-1.892547
33,81,-2.356194
33,90,-2.356194
34,16,0.000000
34,18,-1.892547
34,20,-1.570796
34,35,1.570796
34,39,-0.321751
34,50,1.570796
34,54,0.000000
34,55,1.892547
34,58,-0.321751
34,71,0.785398
34,72,2.356194
34,86,-2.356194
35,12,2.356194
35,21,1.570796
35,36,3.141593
35,42,2.356194
35,47,3.141593
35,50,-0.321751
35,59,-1.249046
35,64,0.000000
35,65,1.570796
35,80,-2.356194
36,7,0.785398
36,14,2.356194
36,16,3.141593
36,21,-0.785398
36,22,3.141593
36,67,-2.356194
36,74,0.785398
36,75,1.570796
36,76,2.356194
36,85,-0.785398
36,86,-1.570796
36,88,1.892547
36,90,2.356194
37,10,-0.785398
37,16,-1.570796
37,20,3.141593
37,45,1.892547
37,62,-1.249046
37,67,0.000000
37,71,-0.785398
37,72,-1.892547
37,78,-2.356194
37,90,3.141593
38,6,0.321751
38,17,1.570796
38,42,-0.785398
38,49,0.785398
38,58,-1.249046
38,59,3.141593
38,64,-1.249046
38,69,3.141593
39,6,-0.785398
39,11,0.321751
39,29,0.785398
39,43,1.570796
39,46,-1.249046
39,48,2.356194
39,54,-1.249046
39,55,3.141593
39,60,0.000000
39,61,1.892547
39,74,0.000000
39,75,-1.570796
39,76,-2.356194
39,77,-0.785398
39,78,-1.570796
39,79,-2.356194
39,84,0.785398
39,85,1.570796
39,86,2.356194
39,87,-0.785398
39,88,-1.570796
39,90,3.141593
40,29,-0.785398
40,31,1.892547
40,43,-0.321751
40,48,-1.570796
40,52,1.892547
40,56,0.000000
40,57,1.892547
40,61,-1.249046
40,63,1.892547
40,90,-2.356194
41,13,-1.892547
41,21,-1.249046
41,26,-1.249046
41,28,2.356194
41,32,2.819842
41,41,1.570796
41,44,-1.249046
41,45,3.141593
41,53,2.819842
41,57,-1.249046
41,59,1.892547
41,69,0.000000
41,70,1.570796
41,71,3.141593
41,85,2.356194
42,18,3.141593
42,28,-2.356194
42,32,-1.570796
42,41,-0.321751
42,46,1.570796
42,64,-1.249046
42,84,-0.785398
42,85,-2.356194
42,90,2.356194
43,24,2.819842
43,28,0.785398
43,33,0.000000
43,48,3.141593
43,50,-1.249046
43,51,3.141593
43,55,0.785398
43,56,1.892547
43,60,-1.249046
43,62,1.892547
43,72,2.356194
43,73,0.785398
43,74,2.356194
43,86,0.000000
43,87,1.570796
43,88,2.356194
43,89,-0.785398
44,18,0.000000
44,21,0.785398
44,28,-0.785398
44,29,3.141593
44,39,1.570796
44,52,-0.785398
44,56,-1.249046
44,57,3.141593
44,62,-1.249046
44,63,-2.356194
44,64,0.785398
44,65,2.356194
44,69,-1.249046
44,71,-1.892547
45,25,-2.356194
45,26,0.785398
45,27,2.356194
45,31,0.785398
45,36,1.892547
45,47,3.141593
45,54,1.570796
45,74,-0.321751
45,76,2.356194
46,13,0.785398
46,14,1.570796
46,16,1.570796
46,27,-1.570796
46,36,-1.249046
46,47,-1.570796
46,54,-0.321751
46,65,-0.785398
46,67,1.892547
46,85,-0.785398
46,86,-1.570796
46,87,-2.356194
47,10,3.141593
47,28,0.000000
47,29,1.892547
47,32,-1.570796
47,34,1.570796
47,38,-1.249046
47,44,2.819842
47,48,0.000000
47,49,1.892547
47,62,0.000000
47,63,1.570796
47,64,3.141593
47,67,-1.249046
47,69,1.892547
47,75,2.356194
47,91,3.141593
48,21,0.785398
48,34,-0.321751
48,44,-1.570796
48,49,-1.249046
48,50,-2.356194
48,57,0.000000
48,58,1.892547
48,69,-1.249046
48,70,-2.356194
48,71,0.785398
48,72,1.570796
48,73,2.356194
48,74,-0.785398
48,75,-2.356194
49,6,0.785398
49,10,2.819842
49,24,2.356194
49,35,-1.249046
49,60,1.892547
49,63,-0.785398
49,64,-2.356194
49,66,0.785398
49,67,1.892547
50,6,0.000000
50,12,1.249046
50,21,0.321751
50,27,0.785398
50,54,-1.249046
50,55,-2.356194
50,56,0.785398
50,57,2.356194
50,60,-1.249046
50,67,-1.249046
50,69,1.892547
50,86,0.785398
50,87,2.356194
51,6,-0.785398
51,8,-1.249046
51,10,-1.570796
51,27,-1.570796
51,33,0.000000
51,34,1.892547
51,37,-0.785398
51,39,1.570796
51,40,2.356194
51,50,0.785398
51,51,1.892547
51,57,-1.570796
51,62,-1.249046
51,64,1.892547
51,69,-1.249046
51,70,-2.356194
51,71,-0.785398
51,73,2.819842
51,86,-0.785398
51,91,-2.356194
52,25,0.000000
52,29,-1.570796
52,52,3.141593
52,64,-1.249046
52,66,1.892547
52,73,-1.570796
52,75,1.249046
52,76,2.356194
52,86,2.356194
53,12,0.000000
53,14,-0.785398
53,15,-1.892547
53,26,-1.249046
53,31,-0.321751
53,37,-2.356194
53,39,3.141593
53,53,0.000000
53,54,1.892547
53,60,1.570796
53,66,-1.249046
53,67,-2.356194
53,85,-0.785398
53,86,-2.356194
54,6,0.785398
54,12,-0.785398
54,56,1.892547
54,62,2.356194
54,74,-0.785398
54,87,0.000000
54,88,1.570796
54,89,2.356194
55,6,-0.321751
55,9,1.892547
55,20,0.785398
55,25,1.892547
55,30,3.141593
55,39,-0.785398
55,41,1.892547
55,46,-0.321751
55,51,-1.249046
55,57,-2.356194
55,58,0.785398
55,71,1.570796
56,11,-0.785398
56,26,-2.356194
56,27,0.785398
56,31,1.570796
56,35,0.000000
56,36,1.892547
56,42,-2.356194
56,47,-1.249046
56,49,1.892547
56,53,-1.249046
56,59,-1.249046
56,61,3.141593
56,75,-2.356194
56,78,0.785398
56,79,1.570796
56,80,2.356194
56,88,2.356194
57,7,-0.321751
57,24,2.356194
57,38,-1.570796
57,40,2.356194
57,44,0.000000
57,45,1.892547
57,61,-2.356194
57,87,-0.785398
57,88,-2.356194
57,91,2.356194
58,13,-1.570796
58,17,0.321751
58,46,2.819842
58,56,-1.249046
58,57,-2.356194
58,58,3.141593
58,61,0.785398
58,71,-1.249046
58,73,3.141593
58,90,-0.785398
59,11,2.356194
59,31,-1.249046
59,37,2.819842
59,42,1.892547
59,53,0.785398
59,54,1.892547
59,61,0.000000
59,63,1.570796
59,64,2.356194
60,17,3.141593
60,46,-2.819842
60,78,-0.785398
60,79,-1.570796
60,80,-2.356194
61,6,-1.570796
61,17,-1.570796
61,24,-1.570796
61,37,-1.570796
61,38,-2.356194
61,49,1.249046
61,60,-0.785398
61,71,0.785398
61,87,0.785398
61,88,1.892547
62,12,2.356194
62,22,3.141593
62,30,-2.356194
62,46,-2.356194
62,52,-2.356194
62,62,-1.570796
63,22,-1.570796
63,34,-1.570796
63,56,2.356194
63,64,0.785398
63,65,1.892547
63,80,0.000000
63,88,-0.785398
64,11,-1.570796
64,15,1.249046
64,16,3.141593
64,20,-2.819842
64,23,0.000000
64,24,1.892547
64,50,-1.249046
64,51,3.141593
64,57,0.785398
64,58,2.356194
64,67,0.785398
64,68,1.892547
64,91,2.356194
65,12,0.785398
65,13,2.356194
65,14,-0.785398
65,15,-1.892547
65,31,1.892547
65,47,0.785398
65,48,1.892547
65,53,0.785398
65,57,-1.570796
65,59,0.000000
65,60,1.892547
65,70,-1.570796
65,86,0.000000
65,89,-2.356194
65,90,-0.785398
66,12,-1.570796
66,20,0.000000
66,21,1.892547
66,27,-0.785398
66,32,-2.356194
66,40,0.000000
66,43,-2.356194
66,54,-1.249046
66,62,2.356194
66,63,0.785398
66,68,-1.570796
66,80,0.000000
66,81,1.570796
66,82,2.356194
67,5,0.785398
67,10,1.249046
67,11,3.141593
67,22,-2.356194
67,23,0.785398
67,45,-1.570796
67,67,2.356194
67,71,0.321751
67,73,3.141593
67,83,0.000000
67,84,1.892547
68,5,0.000000
68,9,-0.785398
68,18,-1.249046
68,20,2.356194
68,36,0.000000
68,37,1.892547
68,41,0.000000
68,46,1.570796
68,59,0.785398
68,67,-1.570796
68,85,-2.356194
68,86,-0.785398
69,5,-0.785398
69,11,1.570796
69,24,-1.570796
69,27,2.819842
69,30,0.000000
69,32,1.892547
69,37,-1.249046
69,39,1.892547
69,43,0.000000
69,44,1.892547
69,46,-0.785398
69,47,-2.356194
69,54,0.785398
69,62,-2.356194
69,68,1.570796
69,79,0.785398
69,81,-1.570796
70,11,-0.321751
70,13,3.141593
70,19,0.000000
70,20,-1.570796
70,21,3.141593
70,23,1.570796
70,33,-2.356194
70,34,0.785398
70,35,1.892547
70,60,-1.570796
70,64,-1.249046
70,65,3.141593
70,68,-0.785398
70,79,-0.785398
70,83,-1.249046
70,84,3.141593
70,90,-2.356194
71,17,1.249046
71,18,3.141593
71,23,-2.819842
71,27,0.000000
71,50,-1.249046
71,51,3.141593
71,58,0.785398
71,59,2.356194
71,66,0.000000
71,67,2.356194
71,70,-1.249046
71,72,-1.570796
71,73,-2.356194
71,90,2.356194
72,5,0.785398
72,11,-0.785398
72,12,-2.356194
72,31,-1.249046
72,32,3.141593
72,37,-2.356194
72,46,2.356194
72,52,0.000000
72,53,1.570796
72,67,-2.356194
72,78,-0.785398
72,79,-1.570796
72,80,3.141593
72,90,-2.819842
73,5,0.000000
73,13,0.785398
73,14,2.356194
73,15,-0.785398
73,16,-1.892547
73,21,0.000000
73,22,-1.570796
73,23,-2.356194
73,34,0.785398
73,35,2.356194
73,39,-1.249046
73,40,-2.356194
73,46,-2.356194
73,55,-1.249046
73,56,-2.356194
73,61,0.785398
74,5,-0.785398
74,13,-0.785398
74,42,-1.249046
74,49,0.785398
74,50,1.892547
74,53,2.356194
74,58,-0.785398
74,59,-1.892547
74,74,0.000000
74,75,3.141593
74,84,0.785398
74,85,2.356194
74,89,2.356194
75,18,0.785398
75,19,2.356194
75,37,0.785398
75,38,1.892547
75,62,0.000000
75,64,1.570796
75,65,2.356194
75,66,-0.785398
75,67,-1.570796
75,68,-2.356194
75,70,0.785398
75,71,1.892547
75,84,-0.785398
75,88,-0.785398
75,89,-2.356194
76,12,0.000000
76,19,-1.570796
76,23,0.000000
76,24,-1.892547
76,46,2.356194
76,50,-1.570796
76,71,-1.249046
76,72,-2.356194
77,5,0.785398
77,10,1.249046
77,11,3.141593
77,20,0.785398
77,21,2.356194
77,38,-0.785398
77,48,0.785398
77,49,2.356194
77,53,-0.785398
77,83,0.000000
77,90,2.356194
78,5,0.000000
78,20,-0.785398
78,34,-1.249046
78,35,-2.356194
78,38,2.356194
78,43,-1.249046
78,45,3.141593
78,49,-1.570796
78,53,2.356194
78,60,0.321751
78,64,-1.249046
78,65,-2.356194
78,88,0.785398
78,90,-2.819842
79,5,-0.785398
79,10,-1.570796
79,14,-2.819842
79,25,0.785398
79,26,1.570796
79,38,-2.819842
79,45,-2.356194
79,53,-2.819842
80,11,0.785398
80,13,-1.892547
80,31,3.141593
81,5,0.785398
81,11,-1.570796
81,31,-2.356194
81,35,0.785398
81,57,-0.785398
81,58,-1.892547
81,63,2.356194
81,87,0.785398
82,5,-0.321751
82,8,1.892547
82,15,0.785398
82,16,2.356194
82,26,0.321751
82,31,0.785398
82,35,-0.321751
82,45,0.785398
82,52,-2.356194
82,62,-1.892547
82,69,0.785398
82,70,1.570796
82,71,2.356194
82,88,-1.249046
82,89,-2.356194
83,10,-1.570796
83,11,3.141593
83,16,-2.356194
83,33,1.892547
83,38,-2.356194
83,91,-2.356194
84,5,0.321751
84,8,-1.892547
84,12,0.785398
84,14,-1.570796
84,15,-2.356194
84,24,1.249046
84,26,-2.356194
84,29,1.249046
84,40,0.785398
84,41,2.356194
84,50,-2.356194
84,70,2.356194
84,80,0.785398
84,81,1.570796
84,82,2.356194
85,5,-0.785398
85,12,-0.785398
85,18,0.785398
85,27,0.785398
85,29,-1.892547
85,40,-0.785398
85,45,-2.356194
85,64,0.785398
85,65,1.570796
85,66,2.356194
85,86,0.785398
85,87,1.892547
86,12,2.356194
86,17,3.141593
86,22,1.570796
86,24,-1.570796
86,31,0.321751
86,36,-2.819842
86,55,1.249046
86,56,2.356194
86,70,-1.249046
86,71,-2.356194
86,72,0.785398
86,73,1.570796
86,74,2.356194
86,87,-1.249046
86,88,-2.356194
86,90,3.141593
87,10,1.249046
87,12,-2.356194
87,16,-1.570796
87,20,0.785398
87,22,3.141593
87,27,-2.356194
87,35,-1.570796
87,44,0.321751
87,46,2.819842
87,52,2.356194
87,54,-0.785398
87,55,-1.892547
87,65,0.000000
87,80,-0.785398
87,81,-1.570796
87,82,3.141593
88,5,0.785398
88,13,1.570796
88,15,1.570796
88,22,-1.570796
88,28,0.785398
88,29,2.356194
88,30,-0.785398
88,31,-2.356194
88,33,1.249046
88,34,3.141593
88,39,2.356194
88,46,-1.570796
88,50,0.000000
88,51,-1.892547
88,63,0.785398
88,67,2.356194
88,84,0.785398
88,85,1.892547
89,5,0.000000
89,10,-1.570796
89,15,-2.356194
89,20,-2.819842
89,42,1.249046
89,48,2.356194
89,64,-1.249046
89,66,-1.892547
89,71,0.785398
89,74,-2.356194
89,87,0.785398
89,88,1.892547
90,5,-0.785398
90,11,0.785398
90,16,0.000000
90,17,1.570796
90,19,-1.892547
90,22,0.321751
90,27,0.000000
90,28,-2.356194
90,31,0.321751
90,37,-0.785398
90,42,-1.892547
90,77,0.000000
90,78,1.570796
90,79,2.356194
91,13,-2.356194
91,26,1.570796
91,29,1.570796
91,31,-1.570796
91,51,1.249046
91,52,2.356194
91,80,0.000000
91,81,1.570796
91,82,2.356194
91,90,-2.356194
92,5,0.785398
92,10,0.000000
92,11,-1.570796
92,12,-2.356194
92,20,1.249046
92,22,-2.356194
92,43,1.249046
92,45,-1.892547
92,50,-0.785398
92,51,-1.892547
92,62,3.141593
92,65,0.000000
92,71,-0.785398
92,72,-1.570796
92,73,-2.356194
92,87,-0.785398
93,5,-0.321751
93,7,2.356194
93,15,0.321751
93,18,0.785398
93,20,-1.892547
93,23,0.785398
93,34,2.356194
93,47,1.249046
93,48,3.141593
93,76,-0.785398
93,77,-1.570796
93,78,3.141593
93,81,2.356194
93,90,2.819842
94,29,-1.570796
94,46,0.000000
94,47,-1.892547
94,79,0.000000
94,83,0.000000
94,84,-0.785398
94,90,-2.356194
95,18,3.141593
95,22,0.000000
95,23,-2.356194
95,26,-1.570796
95,30,0.000000
95,31,2.356194
95,36,-1.892547
95,39,0.000000
95,40,-0.785398
95,41,-1.892547
95,86,-1.249046
95,88,1.892547
95,90,2.356194
96,12,1.570796
96,18,-1.570796
96,24,0.785398
96,34,-1.570796
96,57,0.785398
96,58,2.356194
96,78,0.785398
96,90,-2.819842
97,15,2.356194
97,24,-0.785398
97,30,-0.785398
97,31,-1.570796
97,32,-2.356194
97,42,1.249046
97,43,3.141593
97,48,-0.785398
97,55,1.249046
97,56,3.141593
97,58,-1.570796
97,62,1.249046
97,63,2.356194
97,84,0.000000
97,85,0.785398
97,86,1.892547
98,12,-1.249046
98,13,-2.356194
98,14,-0.785398
98,24,-1.570796
98,40,0.000000
98,41,-0.785398
98,42,-1.892547
98,52,0.000000
98,54,-0.785398
98,55,-1.892547
98,61,-0.785398
98,62,-1.892547
98,75,3.141593
98,80,-1.249046
98,81,-2.356194
98,86,-1.249046
98,87,-2.356194
