15,34,1.249046
15,35,3.141593
15,67,2.356194
16,24,1.249046
16,25,2.356194
16,33,-0.785398
16,73,1.570796
17,20,2.356194
17,23,-0.785398
18,19,-1.570796
21,78,2.356194
24,17,0.321751
24,19,3.141593
25,17,-1.570796
25,80,2.356194
26,43,0.785398
27,43,0.000000
27,45,1.892547
28,53,0.321751
29,45,-1.892547
29,47,-2.356194
29,53,-1.570796
31,46,-0.785398
31,47,-1.570796
31,48,-2.356194
31,56,1.249046
31,57,2.356194
31,59,-0.785398
31,60,-1.570796
31,62,3.141593
32,16,2.356194
32,42,1.249046
32,43,3.141593
32,52,0.000000
32,55,-0.785398
32,56,-1.892547
32,62,-2.356194
33,15,0.321751
33,41,-0.785398
33,59,0.785398
33,72,0.321751
34,15,-0.785398
34,39,-2.356194
34,46,1.570796
34,61,-0.785398
34,62,-1.570796
34,63,-2.356194
34,65,-0.785398
34,66,-1.892547
34,72,-0.785398
34,84,2.819842
35,37,1.249046
35,38,3.141593
35,52,0.000000
35,72,2.356194
35,84,-1.570796
36,31,0.785398
36,32,2.356194
36,36,-0.785398
36,37,-1.892547
36,41,0.000000
36,42,-1.570796
36,43,3.141593
36,46,0.785398
36,70,1.249046
36,72,3.141593
37,31,-0.785398
37,48,3.141593
37,65,0.785398
37,66,1.892547
37,72,-1.570796
38,52,0.000000
38,53,0.785398
38,54,1.570796
38,55,2.356194
38,67,-2.356194
38,68,-0.785398
38,69,-1.892547
38,73,1.570796
39,42,-0.785398
39,62,0.785398
39,63,1.570796
39,74,-2.356194
39,77,-0.785398
39,78,-1.892547
39,85,2.356194
40,34,0.785398
40,35,2.356194
40,40,-0.785398
40,45,3.141593
40,54,0.785398
40,65,-1.249046
40,67,1.892547
41,34,-1.570796
41,45,-2.356194
41,55,-2.356194
41,63,2.356194
41,67,-1.249046
41,68,-2.356194
42,71,0.785398
42,72,1.892547
43,27,0.785398
43,28,1.570796
43,29,2.356194
43,36,2.356194
43,63,-1.249046
43,64,-2.356194
43,65,0.785398
43,66,1.892547
43,72,-1.249046
43,73,-2.356194
44,31,3.141593
44,40,0.000000
44,52,3.141593
44,54,0.000000
44,59,0.785398
44,60,1.892547
44,66,-1.249046
44,67,-2.356194
44,80,-0.785398
44,81,-1.892547
45,30,-1.892547
45,34,1.570796
45,44,0.785398
45,47,-2.356194
45,70,0.000000
45,71,1.892547
46,34,3.141593
46,52,0.000000
46,59,-0.785398
46,60,-1.892547
47,34,-2.356194
47,72,-1.249046
47,73,-2.356194
48,34,0.785398
48,56,0.000000
48,59,0.785398
48,60,1.892547
48,68,0.000000
48,69,1.570796
48,70,2.356194
49,30,-0.785398
49,35,3.141593
49,46,0.785398
49,53,0.000000
49,54,3.141593
49,60,-1.249046
49,61,-2.356194
49,65,3.141593
49,71,2.356194
49,86,-0.785398
49,88,2.819842
50,40,0.000000
50,73,0.785398
50,74,1.892547
50,88,-2.356194
51,35,3.141593
51,45,-0.785398
51,46,-1.892547
51,49,1.570796
51,55,0.000000
51,74,-1.249046
51,75,-2.356194
51,76,0.785398
51,77,1.892547
51,88,2.356194
52,50,3.141593
52,77,-1.249046
52,78,-2.356194
53,14,0.785398
53,33,-0.785398
53,34,-2.356194
53,86,-0.785398
53,87,-1.892547
54,14,0.000000
54,58,0.000000
54,76,0.785398
54,77,1.892547
55,14,-0.785398
55,35,2.356194
55,45,0.000000
55,50,-0.785398
55,51,-1.570796
55,52,-2.356194
55,55,3.141593
55,64,0.785398
55,65,1.892547
55,77,-1.249046
55,78,-2.356194
56,65,-1.249046
56,66,-2.356194
56,70,0.785398
56,71,1.892547
56,82,0.785398
56,83,1.892547
56,89,2.356194
57,33,-0.785398
57,71,-1.249046
57,72,-2.356194
57,75,3.141593
57,88,-0.785398
57,89,-2.356194
58,56,0.000000
58,58,3.141593
58,61,0.000000
58,62,3.141593
58,78,0.000000
59,64,0.000000
59,82,-0.785398
59,83,-2.356194
60,84,0.000000
60,85,1.892547
60,90,2.356194
61,14,0.785398
61,24,1.249046
61,26,1.570796
61,27,2.356194
61,28,3.141593
61,45,1.570796
61,75,0.000000
61,76,1.570796
61,77,2.356194
61,87,2.356194
61,90,3.141593
62,14,0.000000
62,31,1.249046
62,32,3.141593
62,51,2.356194
62,66,3.141593
62,81,0.785398
62,82,1.892547
62,90,-2.356194
63,14,-0.785398
63,24,-1.249046
63,45,0.785398
63,50,-1.570796
63,68,-0.785398
63,71,3.141593
63,84,0.785398
63,85,2.356194
64,46,3.141593
64,49,1.570796
64,81,-0.785398
64,82,-1.892547
65,14,0.785398
65,67,3.141593
65,86,3.141593
65,90,2.356194
66,14,0.000000
66,27,-0.785398
66,28,-1.892547
66,41,3.141593
66,49,-1.249046
66,50,-2.356194
66,52,3.141593
66,54,0.000000
66,60,0.785398
66,61,1.892547
66,70,0.000000
66,75,3.141593
66,77,0.000000
66,78,0.785398
66,79,1.892547
66,90,3.141593
67,14,-0.785398
67,35,1.570796
67,61,-1.249046
67,62,-2.356194
67,63,-0.785398
67,64,-1.570796
67,65,-2.356194
67,79,-1.249046
67,80,-2.356194
67,82,0.785398
67,83,1.892547
67,90,-1.570796
68,34,0.000000
68,69,3.141593
68,83,-1.249046
68,84,-2.356194
68,85,3.141593
69,55,1.249046
69,56,2.356194
69,61,3.141593
69,71,0.000000
69,72,3.141593
69,74,0.000000
69,91,2.356194
70,52,0.000000
70,54,-0.785398
70,55,-1.892547
70,65,0.000000
70,66,3.141593
70,82,3.141593
70,88,0.000000
70,91,3.141593
71,39,1.570796
71,69,0.000000
71,73,3.141593
71,91,-2.356194
72,50,3.141593
72,62,3.141593
72,86,0.785398
73,14,0.785398
73,35,-2.356194
73,48,-0.785398
73,64,0.000000
73,68,3.141593
73,71,1.570796
73,80,0.000000
73,91,2.356194
74,14,0.000000
74,23,-0.785398
74,24,-1.570796
74,29,2.356194
74,71,-1.570796
74,91,3.141593
75,14,-0.785398
75,26,-1.249046
75,27,-2.356194
75,51,-0.785398
75,58,0.000000
75,65,3.141593
75,76,0.000000
75,77,3.141593
75,86,3.141593
75,91,-2.356194
76,31,1.570796
76,38,-1.570796
76,55,2.356194
76,67,0.000000
76,70,3.141593
76,80,0.000000
76,81,0.785398
76,82,1.892547
77,31,-1.570796
77,53,1.249046
77,54,3.141593
77,72,0.000000
77,82,-1.249046
77,83,3.141593
78,42,0.000000
78,43,3.141593
78,51,0.000000
78,52,-0.785398
78,53,-1.892547
78,57,1.249046
78,58,2.356194
78,61,3.141593
78,66,0.000000
78,67,3.141593
78,69,0.785398
78,78,3.141593
79,56,0.000000
79,57,-1.892547
79,70,-2.356194
79,80,0.000000
79,86,-2.356194
80,32,2.356194
80,55,3.141593
80,73,0.000000
80,82,-2.356194
81,29,1.249046
81,30,2.356194
81,54,-1.570796
81,58,0.000000
81,61,3.141593
81,65,0.000000
81,76,-2.356194
82,71,3.141593
83,42,1.570796
83,52,-0.785398
84,14,0.785398
84,17,1.249046
84,19,1.892547
84,21,1.249046
84,22,2.356194
84,25,-0.785398
84,26,-1.570796
84,61,3.141593
84,66,0.000000
84,67,3.141593
84,75,0.000000
85,15,-2.356194
85,21,-1.892547
85,78,-2.356194
86,41,-1.570796
86,62,0.000000
86,65,3.141593
87,68,0.000000
87,69,3.141593
87,76,0.785398
88,42,0.000000
88,43,3.141593
88,51,2.356194
88,57,-0.785398
88,77,-2.356194
89,26,1.249046
89,61,0.000000
89,64,3.141593
90,21,0.000000
90,22,1.570796
90,23,2.356194
90,49,0.000000
90,55,1.570796
91,26,-1.249046
91,77,0.000000
91,78,3.141593
92,47,-1.570796
92,57,1.570796
92,62,1.570796
93,54,-0.785398
93,57,2.356194
93,62,0.785398
93,65,3.141593
93,88,0.785398
93,90,2.356194
94,25,1.570796
94,56,0.321751
94,57,-2.819842
94,63,-2.356194
94,77,0.785398
94,90,-2.819842
95,27,2.356194
95,56,-0.785398
95,60,1.570796
95,73,0.785398
95,78,-2.356194
95,89,-0.785398
96,24,0.321751
96,33,3.141593
96,60,-1.570796
96,64,0.000000
96,67,3.141593
97,49,-1.570796
97,55,-0.785398
97,71,0.785398
97,87,1.249046
97,88,3.141593
98,72,-2.356194
98,76,-1.570796
98,85,0.000000
98,86,-0.785398
98,87,-1.892547
