15,21,1.249046
15,22,2.356194
15,39,0.785398
15,40,1.570796
15,41,2.356194
15,45,0.785398
15,46,1.570796
15,47,2.356194
16,15,1.249046
16,16,2.356194
16,20,-0.785398
16,64,2.356194
17,14,0.321751
17,71,2.356194
18,14,-1.570796
18,74,0.000000
19,75,-2.356194
23,14,3.141593
23,76,3.141593
26,9,0.321751
27,9,-0.785398
27,31,0.785398
27,52,0.321751
28,31,0.000000
28,52,-0.785398
29,46,0.785398
29,52,2.356194
30,21,0.785398
30,23,1.892547
30,33,-2.356194
30,40,-1.570796
30,47,-2.356194
30,49,0.785398
30,50,1.570796
30,52,3.141593
31,9,2.356194
31,24,2.819842
31,52,-2.356194
32,8,0.321751
32,21,-0.321751
32,50,-0.321751
32,55,0.321751
32,65,0.321751
32,79,3.141593
33,8,-1.570796
33,22,-1.249046
33,24,-1.570796
33,25,-2.356194
33,31,0.785398
33,32,1.892547
33,44,0.785398
33,45,1.892547
33,51,-1.249046
33,52,3.141593
33,65,-1.570796
34,32,-1.249046
34,33,-2.356194
34,36,3.141593
34,45,-1.249046
34,46,3.141593
34,64,1.570796
35,12,0.000000
35,13,1.570796
35,38,0.000000
36,7,0.785398
36,33,3.141593
36,57,2.819842
36,65,2.819842
37,7,-0.785398
37,8,3.141593
37,13,-0.321751
37,17,2.356194
37,35,0.000000
37,36,3.141593
37,57,-1.570796
37,62,-0.321751
37,65,-2.356194
38,14,-1.249046
38,16,-1.892547
38,38,0.000000
38,54,-2.356194
39,6,0.785398
39,27,0.000000
39,29,0.785398
39,30,1.892547
39,48,-2.356194
39,56,0.785398
39,59,2.356194
40,6,-0.785398
40,7,3.141593
40,11,0.000000
40,25,3.141593
40,30,-1.249046
40,31,-2.356194
40,45,3.141593
40,52,0.785398
40,65,-2.356194
40,66,0.785398
40,67,1.570796
40,81,2.819842
41,12,-1.570796
41,17,1.249046
41,18,2.356194
41,37,0.785398
41,38,1.892547
41,59,-1.249046
41,61,1.892547
41,81,-2.356194
42,14,2.356194
42,16,-0.785398
42,17,-1.892547
42,38,-1.249046
42,39,-2.356194
42,40,0.785398
42,41,1.892547
42,48,0.000000
43,12,-0.785398
43,13,-1.892547
43,30,0.785398
43,31,1.892547
43,50,0.000000
43,51,1.892547
43,57,0.785398
43,62,-1.249046
43,63,3.141593
44,31,-1.249046
44,32,3.141593
44,51,-1.249046
44,52,3.141593
44,58,-1.570796
45,15,1.249046
45,16,2.356194
45,35,1.570796
45,36,2.356194
45,39,0.000000
45,40,1.570796
45,42,-1.892547
45,46,1.570796
45,53,0.000000
45,54,1.892547
45,65,0.000000
45,66,1.892547
46,12,1.249046
46,13,2.356194
46,14,-0.785398
46,15,-1.892547
46,46,0.000000
46,50,0.785398
46,51,1.892547
46,55,3.141593
46,66,-1.249046
46,68,1.892547
47,10,1.249046
47,12,-1.892547
47,22,0.000000
47,26,0.785398
47,27,1.570796
47,28,2.356194
47,34,-2.356194
47,46,-1.570796
47,57,1.892547
47,62,0.000000
47,63,1.892547
47,68,-1.249046
47,69,-2.356194
47,72,-0.785398
47,73,-1.892547
48,4,0.321751
48,6,-2.356194
48,9,-0.785398
48,10,-1.892547
48,19,3.141593
48,32,-1.249046
48,33,-2.356194
48,38,1.249046
48,39,3.141593
48,44,1.249046
48,45,3.141593
48,57,-1.249046
48,58,3.141593
49,4,-0.785398
49,14,1.249046
49,15,2.356194
49,37,0.000000
49,38,-1.892547
49,43,0.000000
49,44,-1.892547
49,51,-2.819842
49,65,2.819842
50,13,-0.785398
50,14,-1.892547
50,25,1.249046
50,26,3.141593
50,36,-0.785398
50,41,0.000000
50,49,0.000000
50,50,-1.892547
50,56,3.141593
50,65,-1.570796
51,21,0.000000
51,29,2.356194
51,57,1.570796
51,66,0.000000
52,4,0.785398
52,8,1.249046
52,9,3.141593
52,17,1.249046
52,18,2.356194
52,19,3.141593
52,39,2.356194
52,45,1.249046
52,46,3.141593
52,52,0.000000
52,53,-1.892547
52,57,-0.785398
52,65,1.570796
52,68,0.000000
52,69,1.892547
53,6,1.570796
53,14,1.249046
53,15,2.356194
53,16,-0.785398
53,17,-1.892547
53,22,0.321751
53,44,0.000000
53,45,-1.892547
53,55,1.249046
53,56,3.141593
53,82,2.356194
54,3,0.321751
54,8,-1.570796
54,11,1.249046
54,12,2.356194
54,13,-0.785398
54,14,-1.892547
54,31,2.356194
54,49,1.249046
54,50,3.141593
54,70,-1.249046
54,71,-2.356194
54,82,3.141593
55,3,-0.785398
55,11,-1.892547
55,22,-2.819842
55,35,0.000000
55,48,0.000000
55,49,-1.892547
55,53,0.000000
55,54,-1.892547
55,58,0.000000
55,59,-1.892547
55,65,-1.249046
55,66,3.141593
55,82,-2.356194
56,3,0.785398
56,9,-1.892547
56,15,1.249046
56,40,0.000000
56,52,1.570796
56,57,1.570796
56,67,0.000000
56,68,1.892547
57,3,-0.321751
57,5,2.356194
57,6,-0.785398
57,7,-1.892547
57,14,0.000000
57,15,-1.892547
57,17,-1.570796
57,24,-0.785398
57,51,0.000000
57,56,0.000000
57,63,3.141593
58,11,1.249046
58,12,2.356194
58,50,-0.785398
58,63,-1.570796
59,4,0.785398
59,9,1.249046
59,11,-1.892547
59,53,0.000000
59,58,1.249046
59,59,3.141593
59,64,2.356194
59,82,2.356194
60,4,0.000000
60,8,-0.785398
60,9,-1.892547
60,15,0.785398
60,16,1.570796
60,26,1.570796
60,57,0.000000
60,58,-1.892547
60,63,0.000000
60,64,-2.356194
60,71,-1.249046
60,72,-2.356194
60,82,3.141593
61,21,2.356194
61,25,0.321751
61,26,-2.819842
61,41,3.141593
61,61,1.249046
61,62,3.141593
61,65,0.785398
61,66,2.356194
61,67,0.785398
61,82,-2.356194
62,4,-0.785398
62,5,3.141593
62,9,1.249046
62,10,2.356194
62,20,1.570796
62,25,-1.570796
62,40,-1.570796
62,59,1.249046
62,61,-1.892547
62,65,-0.785398
63,8,-0.785398
63,9,-1.892547
63,19,-0.785398
63,24,-0.785398
63,28,1.570796
63,39,-0.785398
63,65,2.356194
64,12,1.249046
64,13,2.356194
64,14,-0.785398
64,37,2.356194
64,43,2.356194
64,52,-0.785398
64,57,0.000000
64,58,-1.892547
64,64,-0.785398
64,65,-2.356194
64,71,1.892547
64,82,2.356194
65,10,1.249046
65,12,-1.892547
65,23,2.356194
65,36,1.570796
65,55,1.249046
65,56,3.141593
65,68,-2.356194
65,71,-1.249046
65,72,-2.356194
65,82,3.141593
66,8,1.249046
66,10,-1.892547
66,27,-1.570796
66,31,2.356194
66,35,0.321751
66,36,-2.819842
66,54,0.000000
66,55,-1.892547
66,60,-0.785398
66,66,-0.785398
66,82,-2.356194
67,35,-1.570796
67,40,3.141593
67,46,0.000000
67,47,3.141593
67,58,2.356194
67,66,2.356194
68,3,0.785398
68,12,1.249046
68,13,2.356194
68,14,0.785398
68,15,2.356194
68,39,-1.570796
68,57,-0.785398
69,3,0.000000
69,5,-0.785398
69,6,-1.892547
69,12,-1.892547
69,15,-2.356194
69,33,1.570796
69,44,2.356194
69,55,2.356194
69,82,2.356194
70,3,-0.785398
70,24,1.570796
70,32,0.321751
70,33,-2.819842
70,42,1.249046
70,43,3.141593
70,80,0.785398
70,82,-2.819842
71,3,0.785398
71,8,0.000000
71,9,-1.892547
71,15,2.356194
71,20,-1.570796
71,32,-1.570796
71,36,1.570796
71,58,1.570796
71,65,-0.785398
71,67,2.819842
72,3,0.000000
72,12,1.249046
72,13,2.356194
72,15,3.141593
72,35,0.321751
72,36,-2.819842
72,56,1.249046
72,67,-2.356194
73,3,-0.785398
73,15,-2.356194
73,31,-1.570796
73,35,-0.785398
73,39,0.321751
73,45,0.000000
73,55,0.321751
73,67,0.785398
73,81,2.356194
74,9,1.249046
74,11,-1.892547
74,15,2.356194
74,23,-1.570796
74,35,-1.570796
74,39,-1.570796
74,55,-1.570796
74,60,3.141593
74,67,-0.785398
74,68,-2.356194
74,81,3.141593
75,14,0.000000
75,15,-2.356194
75,53,1.249046
75,54,3.141593
75,59,-1.570796
75,81,-2.356194
76,3,0.785398
76,12,1.249046
76,13,3.141593
76,26,-0.785398
76,38,-1.570796
76,52,0.321751
76,57,0.000000
76,66,2.356194
77,3,-0.321751
77,5,2.356194
77,6,-0.785398
77,7,-1.892547
77,11,0.000000
77,12,-1.892547
77,33,1.570796
77,52,-1.570796
77,61,0.000000
77,64,0.785398
78,16,2.356194
78,22,1.570796
78,29,1.570796
78,51,3.141593
79,16,3.141593
79,33,-1.570796
79,36,1.570796
79,81,2.356194
80,4,0.785398
80,16,-2.356194
80,19,1.570796
80,49,0.321751
80,50,-2.819842
80,53,1.570796
80,79,0.785398
80,81,-2.819842
81,4,0.000000
81,16,0.785398
81,19,2.356194
81,49,-1.570796
81,53,2.356194
82,4,-0.785398
82,19,3.141593
82,22,-1.570796
82,26,1.570796
82,52,0.321751
82,53,-2.819842
82,56,1.570796
83,19,-2.356194
83,33,1.570796
83,40,1.570796
83,56,2.356194
83,62,0.785398
83,63,1.570796
83,65,-1.570796
83,66,-2.356194
84,19,0.785398
84,22,0.785398
84,51,0.321751
84,52,-2.819842
84,55,0.321751
84,56,-2.819842
84,61,0.785398
85,7,1.249046
85,8,3.141593
85,20,2.819842
85,26,-1.570796
85,29,-1.570796
85,51,-0.785398
85,55,-0.785398
85,60,0.785398
85,64,3.141593
86,36,-1.570796
86,60,-0.321751
87,17,-0.785398
87,18,-1.570796
87,27,1.570796
87,30,1.570796
87,55,-1.570796
87,80,2.356194
88,10,0.000000
88,11,-1.892547
88,23,2.356194
88,33,-1.570796
88,37,1.570796
88,44,-1.570796
88,52,-1.570796
88,60,-0.785398
88,80,-2.819842
89,5,-0.321751
89,7,2.356194
89,30,-1.570796
89,48,0.785398
89,63,2.819842
90,16,3.141593
90,24,2.819842
90,27,-1.570796
90,37,-1.570796
90,45,1.570796
90,48,-0.321751
90,49,2.819842
90,63,-1.570796
90,74,1.570796
90,77,0.000000
90,78,-1.892547
91,17,0.785398
91,18,2.356194
91,24,-1.570796
91,49,-2.356194
91,53,0.000000
92,12,0.785398
92,17,-0.785398
92,25,2.356194
92,28,1.570796
92,38,1.570796
92,41,0.785398
92,45,0.785398
92,49,0.785398
92,72,2.356194
92,73,-0.785398
92,74,-1.892547
93,12,-0.321751
93,23,2.356194
93,24,-0.785398
93,25,-2.356194
93,31,1.570796
93,35,1.570796
93,41,-0.321751
93,42,2.819842
93,45,-0.321751
93,46,2.819842
93,49,-0.321751
93,50,2.819842
93,57,-2.356194
93,61,2.819842
94,16,3.141593
94,26,1.570796
94,28,2.356194
94,42,-2.356194
94,46,-2.356194
94,50,-2.356194
94,57,0.785398
94,61,-1.570796
94,68,2.356194
94,69,-0.785398
94,70,-1.892547
95,12,-0.785398
95,21,-0.785398
95,26,-0.321751
95,31,0.000000
95,54,1.570796
95,57,-0.321751
95,58,2.819842
95,62,1.570796
95,66,0.000000
95,67,-1.892547
96,29,0.000000
96,58,-1.570796
96,62,-0.785398
96,63,-2.356194
97,28,-2.356194
97,35,0.785398
97,37,2.356194
97,39,-1.570796
97,43,-1.570796
97,48,-2.356194
97,51,-2.356194
98,23,0.000000
98,25,3.141593
98,31,0.000000
98,36,-2.356194
98,55,-2.356194
