7,21,0.785398
7,22,1.892547
7,24,1.249046
7,26,1.892547
8,13,1.249046
8,14,3.141593
8,28,1.892547
8,32,1.249046
8,33,3.141593
8,59,1.249046
8,60,3.141593
9,22,-0.785398
9,24,-1.249046
9,26,-1.892547
9,30,1.570796
9,44,1.570796
9,45,2.356194
9,56,1.249046
9,57,2.356194
10,11,0.321751
10,59,-1.570796
11,21,0.321751
11,23,2.819842
11,28,0.000000
11,34,-2.356194
11,52,0.321751
12,21,-0.785398
12,39,-0.321751
12,41,-2.819842
12,61,0.785398
13,9,0.321751
13,16,1.249046
13,34,2.356194
13,52,-0.321751
13,63,-2.356194
14,9,-0.785398
14,13,0.785398
14,24,-2.356194
14,26,-0.785398
14,27,-1.892547
14,32,0.785398
14,34,-2.819842
14,40,-2.819842
14,43,0.321751
14,45,2.819842
14,61,0.000000
15,18,-2.819842
15,61,-0.785398
16,15,-1.892547
16,21,0.321751
16,27,1.249046
16,28,2.356194
16,39,-2.819842
16,43,-0.321751
16,46,2.819842
16,61,0.785398
17,18,3.141593
17,25,1.249046
17,54,2.819842
17,61,-0.321751
17,64,1.570796
17,66,1.570796
17,68,1.892547
17,78,2.356194
18,6,1.249046
18,19,0.785398
18,36,-1.249046
18,38,-1.570796
18,40,1.570796
18,41,2.356194
18,42,0.785398
18,50,1.249046
19,5,0.321751
19,52,-1.249046
19,55,2.819842
19,62,-1.570796
19,70,2.819842
20,5,-0.785398
20,8,-0.321751
20,39,0.321751
20,55,-1.570796
20,60,-0.785398
20,64,0.000000
21,12,-2.819842
21,70,-1.570796
21,71,-2.356194
21,74,-0.785398
21,75,-1.892547
22,9,-0.785398
22,35,0.785398
22,36,1.570796
22,37,2.356194
22,38,-0.785398
22,41,-2.819842
22,44,-0.785398
22,45,3.141593
22,52,1.892547
22,64,0.785398
23,10,-0.785398
23,13,2.356194
23,24,2.819842
23,29,-1.570796
23,30,-2.356194
23,43,1.570796
23,53,-2.356194
23,55,0.785398
23,68,2.819842
24,5,2.356194
24,33,-1.249046
24,41,0.785398
24,50,-0.321751
25,4,0.321751
25,19,2.356194
25,25,2.819842
25,45,2.356194
25,48,1.570796
25,51,-1.570796
25,56,-0.785398
26,4,-1.570796
26,7,0.785398
26,8,1.570796
26,9,2.356194
26,14,1.570796
26,28,1.249046
26,29,2.356194
26,52,1.570796
26,65,2.819842
26,81,2.356194
27,18,-2.819842
27,21,-0.785398
27,26,-2.356194
27,35,3.141593
27,43,-2.356194
27,50,2.819842
27,52,-0.321751
27,59,-1.570796
28,8,0.000000
28,12,-0.321751
28,21,2.356194
28,28,-1.570796
28,35,-1.570796
28,50,-1.570796
29,24,2.356194
29,30,2.356194
29,36,-0.785398
29,48,-1.570796
29,51,1.570796
29,54,-1.570796
29,57,0.000000
29,68,-1.249046
29,70,-1.892547
30,28,0.000000
30,29,-1.892547
30,46,3.141593
30,55,0.000000
30,66,1.570796
31,27,1.570796
31,34,0.000000
31,35,1.892547
31,39,-1.570796
31,43,2.819842
31,58,-1.570796
31,60,2.356194
31,66,-0.321751
31,67,2.819842
31,74,1.570796
31,75,2.356194
31,76,-0.785398
31,77,-1.892547
32,10,-1.249046
32,27,-2.356194
32,43,-1.570796
32,67,-2.356194
33,6,1.249046
33,8,3.141593
33,15,-2.819842
33,17,0.000000
33,19,3.141593
33,22,2.356194
33,28,0.785398
33,29,2.356194
33,36,-1.249046
33,41,1.570796
33,44,1.570796
33,49,0.000000
33,51,-1.570796
33,60,-0.785398
33,61,3.141593
34,3,0.785398
34,8,-2.356194
34,11,0.321751
34,17,-1.570796
34,19,-2.356194
34,21,0.321751
34,22,-2.819842
34,24,0.321751
34,25,-2.819842
34,28,-1.570796
34,33,0.000000
34,34,1.892547
34,38,-1.570796
34,41,-0.321751
34,47,1.892547
34,49,0.000000
34,57,-2.356194
34,58,0.785398
34,59,2.356194
34,65,-1.249046
35,3,-0.321751
35,11,-0.785398
35,14,-2.356194
35,21,-0.785398
35,24,-0.785398
35,39,1.570796
35,62,0.785398
35,72,-2.356194
36,8,2.356194
36,14,2.356194
36,27,2.356194
36,40,2.819842
36,43,-2.356194
36,46,0.000000
36,48,-1.570796
36,51,-2.356194
36,67,2.356194
36,72,2.356194
37,4,0.000000
37,8,3.141593
37,13,0.321751
37,21,-1.570796
37,26,0.321751
37,27,-2.819842
37,30,-0.785398
37,36,-1.249046
37,63,-1.249046
37,64,-2.356194
37,70,0.785398
38,4,-0.785398
38,8,-2.356194
38,13,-0.785398
38,15,0.000000
38,26,-0.785398
38,34,1.570796
38,47,1.570796
38,49,0.000000
38,55,-0.321751
39,8,2.356194
39,34,-0.321751
39,35,2.819842
39,38,-0.785398
39,50,2.356194
39,58,-1.249046
39,62,2.819842
39,71,-1.892547
40,4,0.785398
40,8,-2.819842
40,35,-2.356194
40,45,0.785398
40,56,0.785398
41,4,0.000000
41,10,-1.570796
41,18,0.785398
41,35,0.785398
41,43,-2.356194
41,45,-0.785398
41,56,-0.321751
41,57,2.819842
41,69,-2.356194
41,74,0.321751
41,77,2.356194
41,83,-0.785398
41,85,2.819842
42,4,-0.785398
42,8,2.819842
42,18,0.000000
42,23,-1.570796
42,30,2.356194
42,37,1.570796
42,40,2.819842
42,49,-1.570796
42,57,-2.356194
42,59,0.321751
42,85,-2.356194
43,8,-2.356194
43,18,-0.785398
43,31,2.356194
43,40,-2.356194
43,45,-1.570796
43,54,-2.356194
43,59,-0.785398
43,62,1.570796
43,65,2.356194
43,72,1.249046
43,74,-1.570796
44,24,1.570796
44,29,-0.321751
44,31,-2.819842
44,38,-2.356194
44,51,2.356194
44,67,1.570796
44,71,-0.785398
44,72,-1.892547
45,24,0.785398
45,26,2.356194
45,50,-0.785398
45,58,1.570796
45,66,0.321751
46,4,0.785398
46,18,0.785398
46,26,3.141593
46,31,1.570796
46,41,3.141593
46,47,-1.570796
46,52,2.356194
46,57,0.321751
46,58,-2.819842
47,4,0.000000
47,18,-0.321751
47,19,2.819842
47,32,-2.356194
47,36,3.141593
47,38,-0.785398
47,49,0.785398
47,57,-1.570796
47,66,0.000000
47,68,-1.570796
47,69,-2.356194
48,19,-2.356194
48,25,0.321751
48,27,3.141593
48,56,-0.785398
48,63,0.785398
48,74,-0.785398
48,75,-1.570796
48,77,-2.356194
49,4,0.000000
49,11,1.570796
49,13,-1.570796
49,22,0.785398
49,25,-0.785398
49,28,1.570796
49,40,0.000000
49,41,3.141593
49,52,-0.785398
49,63,0.000000
50,4,-0.785398
50,9,-1.570796
50,22,-0.321751
50,23,2.819842
50,25,0.785398
50,28,-0.321751
50,59,1.570796
50,63,-1.570796
51,11,0.000000
51,14,1.570796
51,23,-2.356194
51,25,-0.321751
51,26,2.819842
51,29,-1.249046
51,30,-2.356194
51,33,3.141593
51,50,0.785398
51,61,1.570796
51,67,-1.249046
51,68,-2.356194
51,75,0.785398
51,76,1.892547
52,10,0.785398
52,12,2.356194
52,14,-1.570796
52,20,0.785398
52,37,0.000000
52,38,3.141593
52,51,0.785398
52,52,2.356194
52,70,0.000000
52,71,1.892547
52,84,0.000000
53,10,-0.785398
53,12,3.141593
53,20,-0.321751
53,21,2.819842
53,26,-0.321751
53,27,2.819842
53,51,-0.785398
53,56,1.249046
53,57,3.141593
53,59,-1.249046
53,61,3.141593
53,64,1.570796
53,71,-1.249046
53,72,-2.356194
53,73,-0.785398
53,74,-1.570796
53,76,-1.892547
54,12,-2.356194
54,21,-2.356194
54,24,0.785398
54,51,0.000000
54,61,-1.570796
54,80,-2.819842
55,18,0.785398
55,21,0.785398
55,24,-0.321751
55,25,2.819842
55,27,0.000000
55,33,3.141593
55,46,0.785398
55,57,2.356194
55,63,-0.785398
55,64,-1.892547
55,68,0.785398
55,69,1.892547
56,13,0.785398
56,18,-0.321751
56,19,2.819842
56,21,-0.321751
56,22,2.819842
56,27,-1.570796
56,42,0.000000
56,43,3.141593
56,48,3.141593
56,55,-1.249046
56,57,-2.356194
56,70,-2.356194
56,74,0.785398
56,75,1.570796
57,13,-0.785398
57,15,-1.570796
57,19,-2.356194
57,45,2.356194
58,22,-0.321751
58,44,1.570796
58,50,0.000000
58,51,-2.356194
58,61,0.785398
58,68,0.785398
58,75,-0.321751
58,77,-2.819842
59,26,-1.570796
59,43,0.321751
59,44,-2.819842
59,48,1.249046
59,49,3.141593
59,69,-2.356194
60,14,-1.570796
60,17,1.570796
60,20,0.785398
60,24,-2.356194
60,43,-0.785398
60,62,0.000000
60,72,1.570796
60,85,2.356194
61,12,0.785398
61,17,-0.321751
61,18,2.819842
61,20,-0.321751
61,21,2.819842
61,24,0.785398
61,27,2.356194
61,62,-1.570796
61,72,-0.321751
61,73,2.819842
61,85,3.141593
62,15,1.570796
62,21,-1.570796
62,25,-2.356194
62,41,1.570796
62,48,0.000000
62,49,1.570796
62,50,2.356194
62,51,3.141593
62,60,0.785398
62,68,0.785398
62,69,1.892547
62,85,-2.356194
63,10,-1.570796
63,18,-0.321751
63,19,2.819842
63,22,1.570796
63,27,-1.249046
63,28,-2.356194
63,31,3.141593
63,46,2.356194
63,53,0.785398
63,61,-1.249046
63,62,3.141593
63,69,-1.249046
63,70,3.141593
63,73,-0.785398
64,22,-0.321751
64,23,2.819842
64,33,0.000000
64,34,3.141593
64,46,3.141593
64,71,0.000000
64,72,2.356194
64,75,-1.570796
65,19,-0.321751
65,20,2.819842
65,23,-1.570796
65,36,1.249046
65,37,2.356194
65,38,-0.785398
65,55,0.785398
65,56,2.356194
65,65,1.570796
65,76,0.000000
66,11,0.785398
66,14,-1.570796
66,20,-1.570796
66,26,3.141593
66,32,0.000000
66,33,0.785398
66,34,1.570796
66,55,-1.570796
66,67,1.570796
66,68,2.356194
66,72,-0.321751
66,77,-1.570796
66,85,2.356194
67,36,-1.570796
67,42,1.570796
67,61,1.570796
67,70,-2.356194
67,85,3.141593
68,15,0.785398
68,38,3.141593
68,43,3.141593
68,85,-2.356194
69,12,0.785398
69,16,2.356194
69,19,-2.356194
69,22,-2.356194
69,32,0.785398
69,48,-1.570796
69,76,2.819842
70,12,0.000000
70,31,3.141593
70,33,0.000000
70,40,1.570796
70,62,0.321751
70,64,-2.356194
70,65,0.785398
70,68,-2.356194
70,69,0.785398
70,70,1.570796
70,76,-1.570796
71,40,-1.570796
71,45,0.000000
71,62,-0.785398
72,9,1.249046
72,10,2.356194
72,11,-0.785398
72,27,1.249046
72,28,2.356194
72,29,-0.785398
72,35,3.141593
72,42,1.570796
72,62,2.356194
72,70,-0.321751
73,7,0.000000
73,13,-1.249046
73,14,-2.356194
73,26,0.000000
73,27,-1.892547
73,46,-0.785398
73,47,3.141593
73,52,0.785398
73,59,-1.570796
73,60,-2.356194
73,73,-2.356194
74,21,3.141593
74,39,1.570796
74,48,1.570796
74,50,1.249046
74,51,3.141593
74,66,2.356194
74,75,0.000000
74,76,1.570796
74,77,2.356194
74,78,-0.785398
74,79,-1.570796
74,80,3.141593
75,36,-1.570796
75,48,0.000000
75,62,-1.570796
75,66,-2.819842
75,69,-0.785398
76,45,2.819842
76,53,-0.321751
76,72,0.785398
76,75,1.570796
77,19,0.000000
77,38,1.570796
77,50,3.141593
77,65,0.000000
77,67,0.785398
77,68,2.356194
77,72,-0.321751
77,83,0.000000
77,84,2.356194
78,5,1.892547
78,8,2.356194
78,20,-1.570796
78,36,0.000000
78,43,-1.249046
78,46,2.819842
78,50,-2.356194
78,52,0.000000
78,53,-0.785398
78,54,-2.356194
78,58,0.000000
78,68,-2.356194
78,84,-2.356194
79,8,3.141593
79,15,1.249046
79,16,2.356194
79,21,-0.785398
79,25,-2.356194
79,46,-2.356194
79,60,-2.356194
79,65,-2.819842
79,68,0.785398
80,5,-1.892547
80,8,-2.356194
80,14,0.321751
80,17,0.000000
80,52,1.570796
80,53,2.356194
80,54,-0.785398
80,55,-1.892547
80,68,-0.785398
80,69,-2.356194
80,70,0.785398
81,31,0.785398
81,35,-0.785398
81,38,-1.249046
81,39,-2.356194
81,45,-0.785398
81,46,-1.570796
81,47,-2.356194
81,48,-0.785398
81,49,-1.892547
81,61,0.000000
81,67,-0.785398
82,12,1.249046
82,14,-1.570796
82,19,0.785398
82,24,2.356194
82,32,-2.356194
82,36,-2.356194
82,55,1.570796
82,56,2.356194
82,64,-2.356194
82,77,3.141593
83,19,-0.321751
83,22,1.570796
83,24,3.141593
83,42,0.000000
83,47,0.785398
83,48,1.570796
83,49,2.356194
83,51,-0.785398
83,70,-0.785398
83,77,-1.570796
84,36,2.356194
84,38,0.785398
84,58,0.785398
84,59,1.570796
84,60,2.356194
84,62,0.785398
84,63,1.570796
84,64,2.356194
85,21,-2.356194
85,25,2.819842
85,29,0.000000
85,42,1.570796
85,48,0.000000
85,51,0.785398
85,52,1.570796
85,74,-2.819842
86,9,-0.785398
86,23,0.785398
86,32,-2.356194
86,35,0.785398
86,39,-1.570796
86,42,0.785398
86,59,0.785398
86,65,1.892547
86,69,1.249046
86,71,-1.570796
86,73,-1.892547
86,84,2.819842
87,9,0.785398
87,23,0.000000
87,25,-1.570796
87,26,-2.356194
87,36,-2.356194
87,37,3.141593
87,44,1.892547
87,49,-2.356194
87,51,-0.785398
87,52,-1.570796
87,60,-2.356194
87,61,-0.785398
87,62,-1.892547
87,67,0.785398
88,9,0.000000
88,30,0.785398
88,31,1.892547
88,46,-0.785398
88,47,-1.892547
88,65,-0.785398
89,23,-2.819842
89,65,0.785398
89,67,0.000000
89,68,-1.570796
89,69,-2.356194
89,71,0.785398
90,11,-1.570796
90,12,-2.356194
90,31,-1.570796
90,38,0.785398
90,44,0.000000
90,47,0.785398
90,48,1.570796
90,49,2.356194
90,51,3.141593
90,55,2.356194
90,61,3.141593
90,65,-0.321751
91,15,-1.570796
91,29,1.249046
91,30,3.141593
91,39,-2.356194
91,54,-0.785398
91,66,-1.570796
92,19,-0.785398
92,44,0.000000
92,67,0.785398
92,68,2.356194
92,77,-0.785398
92,78,-1.892547
93,35,2.356194
93,38,-0.785398
93,39,-1.570796
93,40,-2.356194
93,41,3.141593
93,44,-0.785398
93,46,0.000000
93,47,-0.785398
93,48,-1.570796
93,49,-2.356194
93,50,0.785398
93,51,1.570796
93,52,2.356194
93,72,-1.892547
94,34,-0.785398
94,45,-0.785398
94,69,-1.892547
95,27,-1.570796
95,46,1.570796
95,50,0.321751
95,57,2.356194
96,33,-0.785398
96,34,-1.570796
96,35,-2.356194
96,48,1.892547
96,66,0.000000
97,50,-1.570796
97,52,-1.892547
97,54,-1.249046
97,56,-1.570796
97,57,-2.356194
97,58,-0.785398
97,59,-1.570796
97,60,-2.356194
98,46,-1.249046
98,48,-1.892547
