11,38,1.249046
11,39,2.356194
12,28,1.249046
12,29,2.356194
12,47,0.000000
12,48,1.570796
12,49,2.356194
12,61,0.785398
12,62,1.570796
12,63,2.356194
12,66,0.785398
12,67,1.892547
13,25,0.785398
13,26,1.570796
13,38,-2.356194
13,79,0.785398
14,28,-1.570796
14,67,-0.785398
14,80,-2.356194
16,13,2.356194
18,48,0.785398
18,81,3.141593
19,32,0.785398
19,48,-0.321751
20,9,0.321751
21,9,-1.570796
21,17,0.785398
21,18,2.356194
21,55,2.819842
21,62,2.356194
22,17,-0.785398
22,35,-2.819842
22,62,3.141593
23,30,0.000000
23,40,1.570796
23,51,0.785398
23,52,1.570796
23,53,2.356194
23,74,0.321751
24,30,-0.785398
24,35,-2.356194
24,45,-1.570796
24,47,-1.570796
24,49,-1.892547
24,57,1.570796
24,58,2.356194
24,59,-0.785398
24,60,-1.570796
24,67,2.356194
24,74,-0.785398
24,85,2.819842
25,42,-0.785398
25,43,-1.892547
25,67,3.141593
25,70,0.785398
25,71,1.892547
25,74,2.356194
25,85,-1.570796
26,9,3.141593
26,23,1.570796
26,26,2.356194
26,39,-0.785398
26,40,-1.892547
26,51,-0.785398
26,52,-1.570796
26,53,-2.356194
26,54,-0.785398
27,6,0.321751
27,23,0.000000
27,25,-0.785398
27,36,0.000000
27,37,-1.892547
27,44,1.249046
27,45,2.356194
27,58,-2.356194
27,66,0.321751
27,75,2.819842
28,6,-0.785398
28,11,0.785398
28,12,2.356194
28,23,-0.785398
28,29,0.000000
28,30,-1.892547
28,41,1.249046
28,42,2.356194
28,43,-0.785398
28,44,-1.892547
29,11,-0.785398
29,17,2.356194
29,23,-1.570796
29,27,1.249046
29,28,3.141593
29,40,-0.785398
29,41,-1.892547
29,52,0.785398
29,53,1.570796
29,54,2.356194
29,66,-1.570796
29,73,-1.249046
29,75,3.141593
29,78,0.321751
29,87,2.819842
30,14,0.785398
30,15,2.356194
30,16,-0.785398
30,43,1.249046
30,44,2.356194
30,75,-1.570796
30,78,-0.785398
30,87,-2.356194
31,5,0.785398
31,14,-0.785398
31,25,0.000000
31,26,-1.892547
31,29,1.249046
31,30,3.141593
31,41,0.785398
31,53,2.356194
31,56,-0.785398
31,71,1.892547
31,76,1.570796
31,78,2.356194
32,5,-0.785398
32,6,3.141593
32,14,2.356194
32,23,1.249046
32,24,3.141593
32,28,0.000000
32,29,-1.892547
32,52,-0.785398
32,53,-2.356194
32,56,2.356194
32,64,-1.249046
32,65,-2.356194
32,67,0.785398
32,68,2.356194
32,71,-1.249046
32,73,1.892547
32,76,0.000000
32,82,0.000000
32,83,-1.892547
32,88,3.141593
33,14,-2.819842
33,22,0.000000
33,23,-1.892547
33,31,-0.785398
33,44,2.356194
33,54,0.785398
33,56,-2.356194
33,68,-1.570796
33,73,-1.249046
33,74,3.141593
33,85,0.321751
34,21,-0.785398
34,42,-0.785398
34,43,-1.892547
34,60,0.785398
34,61,1.892547
34,76,3.141593
34,85,-0.785398
34,89,2.356194
35,28,1.570796
35,32,-0.785398
35,38,1.249046
35,39,2.356194
35,47,1.249046
35,48,2.356194
35,61,-1.249046
35,62,-2.356194
35,63,3.141593
35,66,0.785398
35,71,1.570796
35,79,-1.570796
35,81,0.000000
35,82,1.892547
36,24,-0.785398
36,36,1.249046
36,38,-1.892547
36,44,1.249046
36,45,2.356194
36,46,-0.785398
36,56,0.785398
36,57,1.892547
36,71,-0.785398
36,72,-2.356194
36,84,2.356194
36,87,0.321751
37,6,1.249046
37,7,2.356194
37,34,1.249046
37,36,-1.892547
37,43,-0.785398
37,44,-1.892547
37,49,3.141593
37,57,-1.249046
37,58,-2.356194
37,69,0.785398
37,78,-1.249046
37,80,1.892547
37,82,-1.570796
37,87,-0.785398
37,90,2.356194
38,33,-0.785398
38,34,-1.892547
38,51,0.000000
38,53,-0.785398
38,61,-2.356194
38,66,0.785398
38,70,-1.249046
38,72,1.892547
38,85,3.141593
39,8,-1.892547
39,10,-2.356194
39,29,1.249046
39,30,3.141593
39,48,3.141593
39,67,0.785398
39,68,2.356194
39,73,2.819842
39,76,0.000000
39,86,-0.785398
39,91,2.819842
40,28,0.000000
40,29,-1.892547
40,43,-0.785398
40,57,3.141593
40,69,-2.356194
40,73,-1.570796
40,76,-1.570796
40,83,2.819842
41,65,1.249046
41,67,-2.356194
41,75,0.000000
41,79,-2.356194
41,91,-2.819842
42,3,0.321751
42,6,-1.892547
42,14,1.570796
42,30,1.249046
42,31,2.356194
42,47,2.356194
42,49,3.141593
42,53,-0.785398
42,59,0.000000
42,76,-2.356194
42,84,3.141593
43,3,-0.785398
43,9,-2.356194
43,29,0.000000
43,30,-1.892547
43,37,2.356194
43,46,-0.785398
43,69,-2.356194
43,73,0.785398
44,22,0.000000
44,46,0.785398
44,66,3.141593
44,83,2.356194
44,86,1.570796
45,2,0.321751
45,4,3.141593
45,32,0.000000
45,43,0.785398
45,46,-0.785398
45,47,-2.356194
45,49,3.141593
45,71,1.249046
45,72,2.356194
45,86,-0.321751
45,91,-1.570796
46,2,-0.785398
46,7,2.356194
46,38,3.141593
46,69,0.000000
46,78,0.000000
46,79,3.141593
46,83,-2.356194
47,6,-2.356194
47,35,1.249046
47,36,3.141593
48,2,-1.570796
48,5,1.570796
48,19,2.356194
48,34,-0.785398
48,35,-1.892547
48,57,0.785398
48,89,-1.249046
48,90,3.141593
49,5,-2.819842
49,14,-0.785398
49,22,-0.785398
49,69,1.570796
49,77,1.570796
49,91,-2.356194
50,3,0.000000
50,4,-1.892547
50,36,2.356194
50,44,3.141593
50,46,-0.785398
50,58,-1.570796
50,68,-0.785398
50,69,-2.356194
51,7,1.570796
51,12,1.570796
51,20,1.570796
51,28,0.000000
51,42,-0.785398
51,47,-0.785398
51,49,2.819842
51,66,-0.785398
51,75,1.570796
52,6,0.321751
52,7,-2.819842
52,16,-0.785398
52,49,-1.570796
53,2,-1.570796
53,6,-1.570796
53,19,-0.785398
53,31,-0.785398
53,80,1.570796
53,89,0.000000
54,35,2.356194
54,51,0.000000
54,76,-1.570796
54,82,1.892547
54,91,-2.356194
55,9,-0.785398
55,22,2.356194
55,34,1.570796
55,46,0.000000
55,54,-2.356194
55,73,0.785398
55,86,0.785398
55,87,1.892547
56,2,0.785398
56,4,1.570796
56,17,2.356194
56,33,0.321751
56,34,-2.819842
56,78,0.785398
56,85,3.141593
57,4,-2.819842
57,8,2.356194
57,16,-0.785398
57,20,-0.785398
57,25,2.356194
57,33,-0.785398
57,36,2.356194
57,61,3.141593
57,91,2.356194
58,3,-0.785398
58,40,3.141593
58,66,1.249046
58,67,2.356194
58,80,1.570796
58,84,-0.321751
59,3,-1.570796
59,23,-0.785398
59,28,2.356194
59,65,0.321751
59,73,-0.785398
59,80,-0.321751
59,90,-1.570796
60,18,2.356194
60,27,-0.785398
60,38,2.356194
60,65,-0.785398
60,87,2.819842
60,91,-2.356194
61,36,0.000000
61,37,-0.785398
61,45,1.570796
61,50,0.000000
61,59,-1.570796
61,75,-2.356194
61,83,2.819842
61,87,-1.570796
62,4,1.570796
62,25,2.356194
62,64,-0.785398
62,79,1.570796
62,83,-1.570796
63,3,0.321751
63,4,-2.819842
63,16,-0.785398
63,73,1.570796
63,88,-1.570796
64,3,-1.570796
64,19,2.356194
64,23,-0.785398
64,30,2.356194
64,31,3.141593
64,46,1.570796
64,57,0.785398
64,73,-1.570796
64,80,-2.356194
64,85,1.570796
65,6,2.356194
65,18,-0.785398
65,29,-1.570796
65,46,-0.321751
65,57,-0.321751
65,68,2.356194
65,85,-0.321751
66,2,-1.570796
66,5,-0.785398
66,28,-0.785398
66,37,-0.785398
66,50,3.141593
66,87,2.819842
67,41,0.000000
67,46,-0.785398
67,47,-1.892547
67,58,-0.785398
67,63,-2.356194
67,87,-1.570796
68,4,1.570796
68,24,2.356194
68,34,2.356194
68,58,2.356194
68,67,0.785398
68,77,2.356194
68,81,1.570796
69,4,-1.570796
69,23,-0.785398
69,38,-0.785398
69,57,0.000000
69,68,-2.356194
69,85,1.570796
69,89,-2.356194
70,56,1.570796
70,70,0.000000
70,71,1.570796
70,72,2.356194
71,35,2.356194
71,54,0.000000
71,55,-0.785398
71,79,1.570796
71,82,-1.570796
71,86,-2.356194
71,90,0.785398
72,21,2.356194
73,20,-0.785398
73,33,-0.785398
73,59,2.356194
73,72,-2.356194
73,88,1.570796
73,91,-1.570796
74,75,1.570796
75,27,-0.785398
75,81,-2.356194
75,89,-2.356194
76,58,-1.570796
76,75,-1.570796
76,86,1.570796
77,2,0.000000
77,3,3.141593
77,54,1.570796
77,63,1.570796
77,70,1.570796
77,82,0.785398
77,90,0.785398
78,48,3.141593
78,54,-1.570796
78,83,1.570796
78,91,-2.356194
79,44,-0.785398
79,51,0.785398
79,79,0.785398
79,83,-0.321751
79,84,2.819842
79,88,-2.356194
80,27,2.356194
80,84,-1.570796
81,26,-0.785398
81,68,1.570796
81,70,0.785398
81,75,1.570796
81,85,-2.356194
82,3,1.570796
82,53,-1.570796
82,68,0.785398
82,70,-0.785398
82,71,-2.356194
82,72,0.785398
83,3,2.356194
83,6,2.356194
83,60,1.570796
83,64,-2.356194
83,69,-2.356194
83,73,-2.356194
83,78,3.141593
83,86,0.785398
83,90,0.785398
84,2,0.321751
84,3,-2.819842
84,42,0.000000
84,44,3.141593
84,73,-1.570796
84,82,-1.570796
84,87,-2.356194
84,91,-2.356194
85,2,-0.785398
85,5,-1.570796
85,40,3.141593
86,2,0.785398
86,38,-0.785398
86,80,1.570796
86,84,0.785398
87,2,-0.321751
87,3,2.819842
87,62,-2.356194
87,80,-1.570796
87,89,1.570796
88,3,-2.356194
88,47,0.785398
88,71,0.785398
88,76,0.785398
89,48,-2.356194
89,72,-1.570796
90,65,0.785398
90,73,1.570796
90,83,1.570796
90,87,1.570796
91,70,-2.356194
91,73,-0.321751
91,74,2.819842
91,87,-0.321751
91,88,2.819842
92,66,-1.570796
92,74,-1.570796
92,88,-2.356194
93,75,-2.356194
93,84,1.570796
93,88,-1.570796
94,9,2.356194
94,80,1.570796
94,84,-0.321751
94,85,2.819842
95,80,-0.321751
95,81,2.819842
95,89,0.785398
95,91,2.356194
96,3,-1.570796
96,46,1.570796
96,68,0.785398
96,81,-2.356194
96,85,-0.321751
96,86,2.819842
96,91,3.141593
97,46,-1.570796
97,69,-2.356194
97,73,1.570796
97,81,-1.570796
97,86,-1.570796
97,91,-2.356194
98,8,-1.570796
98,73,-1.570796
98,87,-2.356194
98,91,-1.570796
