6,46,1.249046
6,47,2.356194
6,52,0.785398
6,53,1.570796
6,54,2.356194
6,57,0.785398
6,58,1.570796
6,59,2.356194
7,68,2.356194
8,38,0.785398
8,39,2.356194
8,46,-1.570796
9,24,0.785398
9,25,2.356194
9,39,-2.356194
10,18,1.249046
10,19,3.141593
10,25,-1.570796
10,77,2.356194
11,39,0.785398
11,46,0.321751
12,39,-0.321751
12,50,1.892547
12,52,1.570796
12,62,0.321751
12,74,0.321751
13,14,2.356194
13,15,-0.785398
13,42,-2.356194
13,74,-1.570796
14,13,-0.785398
14,53,-2.356194
14,62,3.141593
14,72,1.570796
14,73,3.141593
15,62,-1.570796
16,42,1.892547
17,13,2.356194
17,31,1.570796
17,36,-0.785398
17,37,-1.892547
17,44,0.785398
17,52,-2.356194
17,53,3.141593
17,58,0.000000
17,59,1.892547
17,65,1.570796
18,31,0.000000
18,40,-0.321751
18,59,-1.249046
18,60,3.141593
18,66,3.141593
18,75,-2.356194
19,31,-1.570796
19,49,3.141593
19,73,0.000000
19,86,2.819842
20,15,0.785398
20,16,2.356194
20,26,1.249046
20,27,2.356194
20,29,0.785398
20,41,0.785398
20,47,-1.892547
20,62,0.000000
20,63,1.892547
20,73,-0.785398
20,86,-1.570796
21,15,-0.785398
21,24,0.785398
21,30,-1.249046
21,31,3.141593
21,42,-2.356194
21,43,0.785398
21,57,0.000000
22,8,0.321751
22,18,0.785398
22,32,-2.356194
22,53,0.785398
22,59,0.000000
22,60,1.892547
23,8,-1.570796
23,54,1.570796
23,71,1.570796
24,18,0.000000
24,20,3.141593
24,26,-1.249046
24,27,-2.356194
24,54,0.000000
24,56,0.785398
24,57,1.892547
24,61,-1.249046
24,62,3.141593
24,72,3.141593
24,77,0.000000
24,78,1.570796
24,80,-1.892547
24,87,2.356194
25,54,-1.570796
25,63,1.570796
26,53,1.570796
26,58,-1.249046
26,63,-0.321751
26,74,1.570796
26,79,1.570796
27,52,-0.785398
27,53,-2.356194
27,64,-1.249046
27,65,3.141593
27,69,-1.249046
27,70,3.141593
27,74,-0.321751
27,79,-0.321751
27,84,-0.321751
28,21,-0.785398
28,45,0.000000
28,61,3.141593
28,66,1.570796
28,71,1.570796
28,85,-1.249046
28,87,-1.892547
28,89,-1.570796
29,21,2.356194
29,37,1.570796
29,55,0.785398
29,56,2.356194
29,57,0.785398
29,58,1.892547
29,62,1.570796
29,66,-0.321751
29,71,-0.321751
30,7,0.785398
30,37,0.000000
30,55,-0.785398
30,62,-0.321751
30,77,-1.249046
30,78,3.141593
31,7,0.000000
31,14,-0.785398
31,15,-1.570796
31,16,-2.356194
31,18,0.785398
31,22,-2.356194
31,33,0.785398
31,56,-2.356194
31,60,2.819842
31,68,-1.249046
31,69,3.141593
31,79,1.570796
32,7,-0.785398
32,34,-2.356194
32,36,-0.785398
32,60,-1.570796
32,79,-0.321751
32,84,-1.249046
33,61,1.570796
33,65,-1.249046
33,67,1.892547
33,76,2.819842
33,86,-1.570796
33,90,2.356194
34,61,-0.321751
34,82,2.819842
34,90,3.141593
35,5,0.321751
35,18,-0.785398
35,20,2.819842
35,57,0.785398
35,76,-0.321751
35,82,-1.570796
35,90,-1.570796
36,5,-0.785398
36,12,-2.356194
36,20,-2.356194
36,58,0.000000
36,59,1.892547
36,63,-1.249046
36,65,1.892547
36,91,-2.356194
37,10,-1.892547
37,20,0.785398
37,70,-1.249046
37,71,3.141593
37,79,2.819842
37,85,1.570796
38,20,-0.321751
38,22,2.356194
38,23,3.141593
38,55,0.785398
38,56,1.892547
38,74,2.356194
38,79,-1.570796
38,86,3.141593
39,40,1.570796
39,61,-1.249046
39,63,1.892547
39,73,-0.785398
39,74,-2.356194
39,81,3.141593
39,89,3.141593
40,5,0.785398
40,53,2.356194
40,57,-1.249046
40,59,1.892547
40,63,-1.249046
40,64,3.141593
40,68,-1.249046
40,69,3.141593
41,5,0.000000
41,7,1.892547
41,9,1.249046
41,10,2.356194
41,11,0.785398
41,12,1.570796
41,48,0.000000
41,50,0.785398
41,51,1.570796
41,70,0.000000
41,76,1.570796
42,16,1.249046
42,17,3.141593
42,40,2.356194
42,54,-2.356194
42,71,-1.570796
42,76,-0.321751
42,82,1.570796
43,4,0.000000
43,14,-1.570796
43,51,-0.321751
43,56,0.000000
43,57,1.892547
43,61,-1.249046
43,62,3.141593
43,72,1.570796
43,78,2.819842
43,88,1.570796
44,40,-1.249046
44,41,-2.356194
44,43,0.785398
44,44,1.570796
44,45,2.356194
44,52,-1.570796
44,57,-1.249046
44,58,3.141593
44,73,3.141593
44,88,0.785398
45,18,-2.356194
45,29,3.141593
45,48,0.000000
45,49,1.892547
45,53,0.000000
45,69,1.570796
45,74,1.570796
45,78,-0.321751
45,79,2.819842
45,84,1.570796
45,88,-0.321751
46,2,0.321751
46,4,3.141593
46,17,-2.356194
46,28,-1.570796
46,54,-1.570796
46,60,0.000000
46,69,-0.321751
46,70,2.819842
46,74,-0.321751
46,75,2.819842
46,79,-1.570796
46,84,-0.321751
46,85,2.819842
47,2,-0.785398
47,5,0.785398
47,7,-1.892547
47,11,-1.892547
47,13,-2.356194
47,27,1.570796
47,51,2.819842
47,61,-1.570796
47,70,-1.570796
47,75,-1.570796
47,80,1.570796
47,85,-1.570796
47,91,2.819842
48,23,0.000000
48,27,3.141593
48,45,0.785398
48,46,2.356194
48,51,-1.570796
48,76,1.570796
48,80,-0.321751
48,86,1.570796
48,91,-2.356194
49,2,0.785398
49,9,-2.819842
49,16,2.356194
49,17,3.141593
49,27,-2.356194
49,45,-0.785398
49,55,0.785398
49,68,1.570796
49,76,-0.321751
49,77,2.819842
49,86,-0.321751
49,87,2.819842
49,91,-1.570796
50,2,0.000000
50,8,-1.892547
50,13,0.000000
50,27,2.356194
50,49,1.570796
50,68,-0.321751
50,69,2.819842
50,73,1.570796
50,83,2.819842
50,87,-1.570796
51,2,-0.785398
51,11,1.249046
51,12,3.141593
51,24,0.000000
51,26,-0.785398
51,27,-2.356194
51,42,0.785398
51,49,-0.321751
51,50,2.819842
51,61,1.570796
51,65,0.000000
51,69,-1.570796
51,73,-0.321751
51,74,2.819842
51,77,-0.321751
51,83,-1.570796
51,88,1.570796
52,5,-1.570796
52,9,1.249046
52,11,-1.892547
52,18,3.141593
52,29,0.785398
52,30,1.892547
52,47,-2.356194
52,50,-1.570796
52,61,-0.321751
52,66,-1.570796
52,70,1.570796
52,74,-1.570796
52,84,1.570796
52,88,-0.321751
52,89,2.819842
53,4,1.570796
53,30,-1.249046
53,31,-2.356194
53,51,1.570796
53,55,1.570796
53,70,-0.321751
53,71,2.819842
53,75,1.570796
53,84,-0.321751
53,89,-1.570796
54,12,1.249046
54,14,-1.892547
54,20,1.249046
54,21,2.356194
54,34,0.000000
54,35,1.892547
54,41,0.785398
54,46,0.000000
54,47,1.892547
54,51,-0.321751
54,55,-0.321751
54,56,2.819842
54,64,2.819842
54,71,-1.570796
54,75,-0.321751
54,86,2.819842
55,2,0.321751
55,7,-1.892547
55,11,0.000000
55,12,-1.892547
55,19,-0.785398
55,20,-1.892547
55,28,0.785398
55,29,1.892547
55,35,-1.249046
55,37,1.892547
55,42,0.000000
55,43,1.892547
55,47,-1.249046
55,48,3.141593
55,56,-1.570796
55,64,-1.570796
55,72,1.570796
55,77,2.819842
55,82,2.819842
55,90,-1.570796
56,9,1.249046
56,10,3.141593
56,29,-1.249046
56,31,1.892547
56,54,2.819842
56,72,-0.321751
56,77,-1.570796
56,86,-0.321751
56,87,2.819842
57,2,0.000000
57,4,-1.892547
57,13,1.249046
57,14,3.141593
57,27,3.141593
57,31,-1.249046
57,32,3.141593
57,38,-1.249046
57,40,1.892547
57,44,-1.249046
57,45,3.141593
57,54,-1.570796
57,74,2.819842
57,78,1.570796
57,82,-0.321751
57,83,2.819842
57,87,-1.570796
58,2,-0.785398
58,8,-1.892547
58,12,0.000000
58,13,-1.892547
58,18,1.249046
58,19,2.356194
58,34,0.785398
58,35,1.892547
58,40,-1.249046
58,41,3.141593
58,46,0.000000
58,70,1.570796
58,74,-1.570796
58,78,-0.321751
58,83,-1.570796
59,2,-1.570796
59,6,-0.785398
59,11,1.570796
59,17,-0.785398
59,18,-1.892547
59,35,-1.249046
59,37,1.892547
59,47,-1.570796
59,52,1.570796
59,64,-2.356194
59,70,-0.321751
59,71,2.819842
59,75,1.570796
59,80,2.819842
60,10,0.000000
60,15,1.570796
60,22,1.249046
60,23,2.356194
60,28,0.785398
60,29,1.892547
60,37,-1.249046
60,38,3.141593
60,52,-0.321751
60,57,1.570796
60,61,1.570796
60,71,-1.570796
60,75,-0.321751
60,76,2.819842
61,4,1.249046
61,8,2.356194
61,13,1.249046
61,15,-2.356194
61,21,-0.785398
61,22,-1.892547
61,29,-1.249046
61,30,-2.356194
61,39,0.000000
61,40,1.892547
61,54,2.819842
61,57,-0.321751
61,58,2.819842
61,62,3.141593
61,72,1.570796
61,76,-1.570796
61,80,-0.321751
61,81,2.819842
61,85,1.570796
62,3,0.000000
62,12,0.000000
62,13,-1.892547
62,16,0.785398
62,17,2.356194
62,40,-1.249046
62,41,3.141593
62,45,-2.356194
62,54,-1.570796
62,58,-1.570796
62,72,-0.321751
62,73,2.819842
62,77,1.570796
62,85,-0.321751
62,86,2.819842
63,5,0.000000
63,11,1.570796
63,16,-1.570796
63,36,0.000000
63,37,1.892547
63,69,1.570796
63,73,-1.570796
63,77,-0.321751
63,78,2.819842
63,81,-0.321751
63,82,2.819842
64,8,3.141593
64,11,-2.819842
64,37,-1.249046
64,38,3.141593
64,48,1.570796
64,56,1.570796
64,65,1.570796
64,69,-0.321751
64,70,2.819842
64,74,1.570796
64,78,-1.570796
64,86,-0.321751
64,87,2.819842
64,90,-1.570796
65,2,0.785398
65,19,1.249046
65,20,3.141593
65,33,0.785398
65,34,1.892547
65,53,1.570796
65,57,3.141593
65,61,0.000000
65,65,-0.321751
65,70,-1.570796
65,74,-0.321751
65,75,2.819842
65,82,-0.321751
65,83,2.819842
65,87,-2.356194
66,9,-1.570796
66,13,1.570796
66,17,1.249046
66,19,-1.892547
66,34,-1.249046
66,36,1.892547
66,45,0.000000
66,53,-0.321751
66,54,2.819842
66,58,1.570796
66,62,-1.570796
66,67,2.819842
66,71,1.570796
66,75,-1.570796
67,8,1.570796
67,13,-2.819842
67,16,0.000000
67,17,-1.892547
67,28,0.785398
67,29,1.892547
67,36,-1.249046
67,37,3.141593
67,46,-1.570796
67,54,-1.570796
67,58,-0.321751
67,67,-1.570796
67,71,-0.321751
67,72,2.819842
67,76,1.570796
67,83,-0.321751
67,84,2.819842
68,3,0.321751
68,4,-2.819842
68,7,0.321751
68,8,-2.819842
68,21,1.249046
68,22,2.356194
68,29,-1.249046
68,30,-2.356194
68,64,1.570796
68,72,-1.570796
68,76,-0.321751
68,77,2.819842
68,80,-1.570796
68,84,-2.356194
68,88,0.785398
69,3,-1.570796
69,10,0.321751
69,15,-1.570796
69,19,0.785398
69,34,0.785398
69,35,1.892547
69,44,-2.356194
69,61,2.819842
69,64,-0.321751
69,65,2.819842
69,77,-1.570796
69,84,0.785398
69,88,-0.321751
69,89,2.819842
70,6,0.321751
70,7,-2.819842
70,10,-0.785398
70,17,-0.785398
70,35,-1.249046
70,36,3.141593
70,61,-1.570796
70,65,-1.570796
70,74,1.570796
70,84,-0.321751
70,85,2.819842
70,89,-2.356194
71,13,1.570796
71,70,1.570796
71,74,-0.321751
71,85,-1.570796
72,2,-1.570796
72,5,0.321751
72,6,-2.819842
72,9,1.570796
72,22,1.249046
72,23,2.356194
72,55,1.570796
72,63,-2.356194
72,70,-0.321751
72,76,2.819842
72,81,1.570796
73,8,0.321751
73,9,-2.819842
73,21,0.000000
73,22,-1.892547
73,45,-2.356194
73,55,-0.321751
73,56,2.819842
73,60,1.570796
73,72,2.819842
73,76,-1.570796
73,81,-0.321751
73,82,2.819842
74,4,0.321751
74,5,-2.819842
74,12,2.356194
74,16,1.570796
74,56,-1.570796
74,60,-0.321751
74,61,2.819842
74,64,0.785398
74,72,-1.570796
74,77,1.570796
75,4,-1.570796
75,7,0.321751
75,8,-2.819842
75,11,0.321751
75,12,-2.819842
75,16,-2.819842
75,30,3.141593
75,61,-1.570796
75,65,-2.356194
75,73,1.570796
75,77,-0.321751
75,78,2.819842
75,82,-0.321751
75,83,2.819842
76,7,-0.785398
76,11,-1.570796
76,14,0.321751
76,18,1.570796
76,22,1.249046
76,23,2.356194
76,32,0.000000
76,33,3.141593
76,39,-2.356194
76,44,-2.356194
76,49,0.000000
76,58,-2.356194
76,73,-0.321751
76,74,2.819842
76,91,-1.570796
77,7,2.356194
77,17,0.321751
77,18,-2.819842
77,41,0.785398
77,55,-2.356194
77,69,0.785398
77,78,-0.321751
77,79,2.819842
77,83,-0.321751
77,84,2.819842
78,3,2.356194
78,6,0.321751
78,7,-2.819842
78,10,2.356194
78,13,0.321751
78,14,-2.819842
78,17,-1.570796
78,20,0.321751
78,29,3.141593
78,52,-2.356194
78,60,0.785398
78,69,-0.321751
78,74,-0.321751
78,75,2.819842
78,79,-1.570796
78,88,-1.570796
79,2,0.321751
79,3,-2.819842
79,6,-0.785398
79,9,0.321751
79,10,-2.819842
79,13,-0.785398
79,20,-1.570796
79,24,1.249046
79,25,2.356194
79,31,0.000000
79,32,3.141593
79,61,-2.356194
79,71,2.819842
79,75,-1.570796
79,80,1.570796
79,84,-0.321751
79,85,2.819842
80,2,-0.785398
80,6,2.356194
80,9,-0.785398
80,13,2.356194
80,16,-1.570796
80,23,0.000000
80,24,-1.892547
80,34,0.000000
80,53,0.785398
80,57,0.785398
80,71,-1.570796
80,76,1.570796
80,80,-0.321751
80,81,2.819842
80,85,-2.356194
80,89,1.570796
81,5,0.321751
81,6,-2.819842
81,12,0.321751
81,13,-2.819842
81,22,1.570796
81,36,-2.356194
81,41,0.785398
81,67,1.570796
81,72,1.570796
81,76,-0.321751
81,77,2.819842
82,5,-0.785398
82,12,-0.785398
82,18,-1.570796
82,21,0.321751
82,22,-2.819842
82,30,3.141593
82,63,0.785398
82,67,-0.321751
82,72,-0.321751
82,73,2.819842
82,77,-1.570796
82,81,-0.321751
82,82,2.819842
83,2,0.785398
83,21,-1.570796
83,52,1.570796
83,69,2.819842
83,73,-1.570796
83,82,-2.356194
83,86,0.785398
84,3,3.141593
84,5,2.356194
84,25,-1.570796
84,65,1.570796
84,69,-1.570796
84,74,1.570796
84,86,-0.321751
84,87,2.819842
84,90,0.785398
85,5,-2.819842
85,32,0.000000
85,65,-0.321751
85,66,2.819842
85,70,1.570796
85,74,-0.321751
85,75,2.819842
85,87,-2.356194
85,90,-0.321751
85,91,2.819842
86,4,-0.785398
86,14,1.570796
86,28,2.356194
86,50,-2.356194
86,54,-2.356194
86,58,1.570796
86,66,-1.570796
86,70,-0.321751
86,71,2.819842
86,79,0.785398
86,83,0.785398
86,91,-2.356194
87,4,0.785398
87,9,3.141593
87,11,2.356194
87,26,1.249046
87,27,3.141593
87,47,-2.356194
87,58,-0.321751
87,59,2.819842
87,63,1.570796
87,75,-0.321751
87,76,2.819842
87,79,-0.321751
87,80,2.819842
87,83,-0.321751
87,84,2.819842
88,4,-0.785398
88,5,-2.356194
88,11,-2.819842
88,14,2.356194
88,21,1.570796
88,25,0.321751
88,36,-2.356194
88,51,0.785398
88,55,0.785398
88,59,-1.570796
88,63,-0.321751
88,64,2.819842
88,71,-0.321751
88,72,2.819842
88,76,-2.356194
88,84,-2.356194
89,7,-2.356194
89,10,-0.785398
89,13,0.321751
89,14,-2.819842
89,48,0.785398
89,64,-1.570796
89,72,-1.570796
89,80,-0.321751
89,81,2.819842
89,91,-1.570796
90,13,-0.785398
90,24,0.321751
90,25,-2.819842
90,28,1.570796
90,34,0.785398
90,81,-2.356194
91,24,-0.785398
91,28,2.356194
91,50,-2.356194
91,81,-1.570796
91,88,0.785398
92,10,2.356194
92,24,2.356194
92,27,0.321751
92,28,-2.819842
92,36,-2.356194
93,9,0.321751
93,10,-2.819842
93,23,0.321751
93,24,-2.819842
93,27,-0.785398
93,33,0.785398
93,42,0.785398
93,47,0.785398
93,51,0.785398
93,55,-2.356194
93,74,0.785398
93,82,1.570796
93,90,-2.356194
94,9,-0.785398
94,23,-0.785398
94,34,-2.356194
94,63,1.570796
94,74,-0.321751
94,75,2.819842
94,78,0.785398
95,31,0.785398
95,44,-2.356194
95,56,0.785398
95,63,-0.321751
95,64,2.819842
95,67,0.785398
95,75,-2.356194
95,78,-0.321751
95,79,2.819842
96,26,-1.570796
96,29,1.570796
96,35,0.785398
96,40,0.785398
96,64,-2.356194
96,67,-0.321751
96,68,2.819842
96,79,-2.356194
96,86,0.785398
97,3,0.785398
97,6,2.356194
97,9,-1.570796
97,20,-1.570796
97,29,-1.570796
97,45,0.785398
97,57,-1.570796
97,68,-2.356194
97,75,-1.570796
97,87,-2.356194
98,4,-2.356194
98,5,-0.785398
98,13,-1.570796
98,16,-1.570796
98,23,-1.570796
98,33,-2.356194
98,37,-2.356194
98,42,-2.356194
98,46,-2.356194
98,50,-2.356194
98,54,-2.356194
98,61,-2.356194
98,64,-1.570796
98,68,-1.570796
98,72,-1.570796
98,79,-1.570796
98,83,-1.570796
