10,50,0.785398
10,51,1.570796
10,52,2.356194
11,12,1.249046
11,13,2.356194
11,26,0.785398
11,27,1.892547
11,38,1.249046
11,39,3.141593
12,11,0.321751
12,33,0.785398
12,34,1.570796
12,35,2.356194
12,37,-0.785398
13,11,-0.785398
13,27,-0.785398
15,40,0.785398
16,40,0.000000
16,70,1.570796
17,12,3.141593
17,34,2.356194
17,40,-0.785398
18,13,0.785398
18,14,2.356194
18,43,0.785398
19,13,-0.785398
20,27,0.785398
20,33,-1.892547
20,45,3.141593
21,6,0.321751
21,17,0.785398
21,27,0.000000
21,35,0.000000
21,47,1.249046
21,48,2.356194
21,49,0.785398
21,53,1.570796
21,58,-2.819842
22,6,-0.785398
22,22,1.249046
22,24,1.892547
22,45,0.000000
22,64,1.570796
22,66,-1.892547
23,13,0.785398
23,19,-1.570796
23,35,3.141593
23,59,1.892547
24,13,0.000000
24,45,-0.321751
24,49,1.570796
24,64,-2.819842
25,13,-0.785398
25,22,0.785398
25,29,2.356194
25,37,1.570796
25,57,-1.249046
25,59,-1.892547
26,22,-0.785398
26,31,1.249046
26,32,2.356194
26,33,0.785398
26,42,1.570796
26,43,2.356194
26,55,3.141593
26,65,1.892547
27,6,0.785398
27,13,2.356194
27,61,-0.321751
28,6,0.000000
28,10,0.785398
28,11,1.570796
28,13,3.141593
28,23,-2.356194
28,24,-0.785398
28,56,-2.356194
29,17,0.785398
29,18,1.570796
29,44,0.785398
29,49,-0.785398
29,51,1.570796
29,52,2.356194
29,58,0.000000
29,62,-1.570796
29,65,-1.249046
29,67,3.141593
30,5,0.321751
30,14,-2.356194
30,38,0.785398
30,47,-2.356194
30,48,0.000000
30,53,0.000000
30,54,1.892547
30,59,-1.570796
31,5,-1.570796
31,12,-0.785398
31,24,-0.785398
31,25,-1.892547
31,55,-2.356194
31,66,0.321751
31,67,-2.819842
31,81,2.356194
32,8,0.785398
32,10,1.892547
32,16,2.356194
32,17,-0.785398
32,29,-1.570796
32,32,-1.249046
32,34,-1.570796
32,35,3.141593
32,42,-1.249046
32,43,-2.356194
32,44,-0.785398
32,45,-2.356194
32,51,-1.249046
32,52,-2.356194
32,53,0.000000
32,58,0.000000
32,66,-1.570796
33,8,-0.785398
33,24,0.785398
33,25,1.570796
33,26,2.356194
33,27,0.785398
33,55,0.785398
33,56,1.892547
33,62,-1.892547
33,64,0.000000
34,5,2.819842
34,16,-2.356194
34,19,-0.785398
34,22,-2.356194
34,28,-1.249046
34,30,1.570796
34,32,1.892547
34,39,-1.249046
34,40,-2.356194
34,50,0.785398
34,51,1.892547
34,65,-1.249046
34,66,3.141593
35,2,0.321751
35,34,1.570796
35,35,2.356194
35,36,0.785398
35,37,1.892547
35,52,-2.356194
35,53,0.785398
35,54,1.570796
35,60,-1.249046
35,62,1.892547
35,71,0.785398
35,72,1.892547
36,6,-2.356194
36,16,1.249046
36,17,2.356194
36,22,0.785398
36,23,1.570796
36,29,-0.785398
36,38,-2.356194
36,39,0.785398
36,49,0.785398
36,62,-1.249046
36,63,3.141593
36,67,0.785398
36,76,0.000000
36,77,-1.892547
37,4,-1.892547
37,16,-1.892547
37,31,-1.249046
37,40,-2.356194
37,50,-1.249046
37,51,-2.356194
37,52,0.785398
37,59,1.892547
37,64,1.570796
37,75,3.141593
38,22,0.000000
38,38,2.356194
38,59,-1.249046
38,61,1.892547
38,71,-1.249046
39,6,1.249046
39,7,2.356194
39,16,0.785398
39,17,1.570796
39,19,1.570796
39,21,2.356194
39,27,1.892547
39,29,1.249046
39,30,2.356194
39,32,-0.785398
39,33,-1.892547
39,46,0.785398
39,47,1.892547
39,75,2.819842
40,4,1.249046
40,38,-2.356194
40,49,3.141593
40,55,-0.785398
40,56,-1.892547
40,58,-2.356194
41,2,0.000000
41,3,-0.785398
41,4,-1.892547
41,9,-1.892547
41,19,-1.570796
41,21,-1.570796
41,22,-2.356194
41,23,-0.785398
41,24,-1.570796
41,25,-2.356194
41,26,0.000000
41,61,0.000000
41,65,-1.249046
41,66,-2.356194
41,71,2.356194
41,72,-0.785398
41,73,-1.570796
42,11,-0.785398
42,27,-2.356194
42,30,-2.356194
42,44,2.356194
42,45,-0.785398
42,56,0.000000
42,57,3.141593
42,59,0.000000
42,68,1.570796
43,4,1.249046
43,6,-1.892547
43,10,-0.785398
43,15,0.000000
43,16,-1.892547
43,43,-1.570796
43,48,3.141593
43,68,0.000000
44,3,0.321751
44,8,2.356194
44,13,0.785398
44,45,2.356194
44,65,0.785398
44,66,1.892547
44,72,2.356194
44,84,2.356194
45,3,-0.785398
45,6,1.249046
45,10,0.785398
45,36,2.356194
45,44,-0.785398
45,49,0.000000
45,50,3.141593
45,55,0.000000
45,77,2.356194
45,84,3.141593
46,4,0.000000
46,8,0.000000
46,9,0.000000
46,13,-0.785398
46,14,-1.892547
46,20,1.249046
46,21,2.356194
46,23,3.141593
46,32,0.785398
46,46,0.000000
46,47,3.141593
46,84,-2.356194
47,2,0.000000
47,17,0.000000
47,19,-0.785398
47,20,-1.892547
47,30,2.356194
47,44,3.141593
47,57,0.000000
47,60,0.785398
47,61,1.892547
47,69,1.570796
47,70,2.356194
47,71,-0.785398
47,72,-1.570796
48,5,0.000000
48,9,0.000000
48,10,-1.892547
48,15,3.141593
48,26,0.785398
48,35,1.249046
48,36,2.356194
48,37,3.141593
49,7,0.000000
49,19,0.000000
49,27,-2.356194
49,33,0.000000
49,34,-0.785398
49,35,-1.892547
49,60,0.000000
49,61,-1.892547
49,69,2.356194
49,73,0.000000
49,74,-2.356194
50,3,3.141593
50,6,-0.785398
50,10,0.000000
50,11,0.000000
50,17,3.141593
50,25,-2.356194
50,41,2.356194
50,67,0.000000
50,68,-0.785398
50,72,-0.785398
51,2,-0.785398
51,8,2.356194
51,12,0.000000
51,21,3.141593
51,30,-0.785398
51,39,0.000000
51,45,0.000000
51,46,3.141593
51,50,-0.785398
51,56,0.000000
51,57,0.000000
51,64,0.000000
51,65,-1.570796
51,75,0.785398
51,83,-0.785398
51,85,2.819842
52,2,-1.570796
52,6,0.785398
52,7,2.356194
52,25,2.356194
52,63,0.000000
52,67,0.000000
52,69,3.141593
52,85,-2.356194
53,4,1.249046
53,5,3.141593
53,9,1.249046
53,10,3.141593
53,15,0.000000
53,21,0.785398
53,24,-0.785398
53,56,-2.356194
53,57,-0.785398
53,58,-1.570796
53,59,-2.356194
53,64,0.000000
53,65,1.570796
53,66,3.141593
53,72,0.000000
53,73,0.785398
54,7,-0.785398
54,13,3.141593
54,37,0.000000
54,38,3.141593
55,2,-0.785398
55,6,3.141593
55,11,3.141593
55,23,0.000000
55,24,3.141593
55,51,1.249046
55,64,-0.785398
55,65,-1.570796
55,66,-2.356194
55,67,0.785398
55,68,1.570796
55,69,2.356194
55,75,0.000000
56,26,0.785398
56,49,0.785398
56,71,1.570796
56,76,-1.570796
56,85,2.356194
57,2,0.000000
57,11,0.000000
57,13,0.000000
57,18,-1.570796
57,21,-0.785398
57,27,-2.356194
57,53,-1.892547
57,64,0.000000
57,65,3.141593
57,68,0.785398
57,71,-0.785398
57,72,3.141593
57,85,3.141593
58,10,3.141593
58,44,1.249046
58,45,2.356194
58,46,-0.785398
58,47,-1.570796
58,48,-2.356194
58,49,-0.785398
58,50,-1.892547
58,56,1.249046
58,57,2.356194
58,60,3.141593
58,68,0.000000
58,70,2.356194
58,85,-2.356194
59,4,0.000000
59,5,-1.892547
59,8,0.000000
59,9,-1.892547
59,43,-0.785398
59,44,-1.892547
59,53,1.249046
59,54,2.356194
59,55,-0.785398
59,56,-1.892547
59,70,-2.356194
59,74,0.000000
59,75,1.892547
60,11,0.785398
60,18,0.785398
60,34,2.356194
60,41,1.570796
60,49,1.249046
60,51,1.570796
60,53,-1.892547
60,60,0.000000
60,64,3.141593
60,68,-0.321751
60,72,1.570796
60,85,2.356194
61,2,-0.785398
61,7,0.785398
61,20,3.141593
61,33,-0.785398
61,41,-2.819842
61,46,0.000000
61,48,-0.785398
61,55,0.000000
61,57,3.141593
61,72,0.000000
61,77,2.819842
62,7,0.000000
62,37,1.249046
62,50,-0.785398
62,51,-1.570796
62,52,-2.356194
62,53,3.141593
62,63,3.141593
62,73,2.356194
62,77,-1.570796
63,3,2.356194
63,7,-1.570796
63,15,3.141593
63,18,0.785398
63,27,2.356194
63,30,2.356194
63,82,-0.785398
63,83,-1.892547
64,2,-0.785398
64,5,1.249046
64,6,3.141593
64,22,2.356194
64,29,-0.785398
64,38,-2.356194
64,52,0.000000
64,53,0.785398
64,61,0.000000
64,64,0.785398
64,65,1.892547
64,69,1.570796
64,72,-2.356194
64,75,1.570796
65,11,1.249046
65,12,3.141593
65,34,-0.785398
65,44,3.141593
65,48,0.000000
65,49,3.141593
65,56,-2.356194
65,59,3.141593
65,76,3.141593
66,3,0.321751
66,7,1.570796
66,31,1.249046
66,32,3.141593
66,51,0.000000
66,53,-0.785398
66,54,-1.892547
66,67,2.819842
66,70,0.000000
66,73,3.141593
67,3,-1.570796
67,7,-2.819842
67,9,0.321751
67,27,0.785398
67,31,-1.892547
67,36,-0.321751
67,39,2.356194
67,57,0.000000
67,58,3.141593
67,61,0.000000
67,67,-1.570796
67,74,1.570796
68,2,-0.785398
68,9,-1.570796
68,12,2.356194
68,18,-0.785398
68,27,0.000000
68,29,-1.892547
68,37,-1.249046
68,38,-2.356194
68,54,3.141593
68,68,-2.356194
68,71,-0.321751
68,72,2.819842
68,74,-0.321751
68,78,1.570796
69,4,0.321751
69,14,-0.785398
69,20,-0.785398
69,47,0.000000
69,48,0.785398
69,49,1.570796
69,50,2.356194
69,76,2.819842
69,78,-0.321751
69,86,2.356194
70,7,-0.785398
70,24,1.249046
70,27,-2.819842
70,53,0.000000
70,54,3.141593
70,63,1.570796
70,72,-0.321751
70,73,2.819842
70,79,-1.249046
70,80,-2.356194
70,84,0.785398
70,86,-2.819842
71,3,0.321751
71,4,-2.819842
71,15,2.356194
71,32,3.141593
71,49,-1.570796
71,70,1.570796
71,76,-0.321751
71,77,2.819842
72,3,-0.785398
72,11,1.570796
72,19,1.570796
72,21,-0.785398
72,30,-0.785398
72,38,3.141593
72,43,2.356194
72,57,0.000000
72,60,0.785398
72,61,1.892547
72,64,-2.356194
72,73,-0.321751
73,8,-1.570796
73,26,0.000000
73,27,3.141593
73,36,-0.785398
73,49,0.000000
73,50,3.141593
73,62,2.819842
73,71,1.570796
73,75,2.819842
73,77,-0.321751
74,13,-0.785398
74,44,3.141593
74,62,-1.570796
74,65,0.785398
74,71,-0.321751
74,72,2.819842
74,75,-2.356194
74,79,2.819842
75,2,-1.570796
75,4,1.570796
75,7,1.570796
75,16,1.249046
75,17,2.356194
75,19,0.000000
75,48,0.000000
75,49,3.141593
75,54,0.000000
75,58,3.141593
75,72,-2.356194
76,7,-1.570796
76,60,0.785398
76,66,-1.570796
76,69,0.785398
76,76,0.000000
76,77,1.570796
77,17,0.000000
77,64,-2.356194
77,69,-0.321751
77,70,2.819842
77,73,1.570796
78,16,-2.356194
78,23,0.785398
78,24,2.356194
78,27,3.141593
78,31,0.785398
78,45,0.785398
78,46,1.570796
78,47,2.356194
78,48,0.785398
78,49,1.892547
78,52,1.249046
78,53,2.356194
78,54,0.785398
78,55,1.570796
78,56,2.356194
78,57,0.785398
78,58,1.892547
78,62,1.570796
78,70,-1.570796
78,73,-0.321751
78,79,-1.892547
78,85,2.356194
79,14,-2.356194
79,23,-1.570796
79,32,-2.356194
79,37,0.785398
79,38,2.356194
79,59,2.819842
79,62,-0.321751
79,63,2.819842
79,76,-0.785398
79,77,-1.892547
79,85,-2.819842
80,10,0.000000
80,11,-0.785398
80,12,-1.892547
80,20,0.785398
80,38,-2.356194
80,46,0.785398
80,49,-0.785398
80,56,1.570796
80,59,-1.570796
80,63,-2.356194
80,74,-0.785398
80,84,-0.785398
81,5,1.570796
81,21,-2.356194
81,46,-0.321751
81,47,2.819842
81,56,-0.321751
81,57,2.819842
81,60,1.570796
81,67,1.570796
82,2,0.785398
82,5,-1.570796
82,23,1.570796
82,26,0.000000
82,27,3.141593
82,34,0.000000
82,35,1.892547
82,37,0.000000
82,38,-1.570796
82,47,-2.356194
82,50,0.000000
82,51,2.356194
82,54,2.819842
82,57,-1.570796
82,60,-0.321751
82,61,2.819842
83,2,0.000000
83,7,0.321751
83,9,3.141593
83,23,-1.570796
83,31,0.785398
83,35,-1.249046
83,36,-2.356194
83,40,-1.570796
83,54,-1.570796
83,58,1.570796
83,61,-1.570796
83,64,0.785398
83,68,0.000000
83,72,1.570796
84,2,-0.785398
84,7,-0.785398
84,28,1.570796
84,38,1.570796
84,45,1.570796
84,51,-0.321751
84,52,2.819842
84,55,-2.356194
84,58,-0.321751
84,59,2.819842
84,62,1.570796
84,64,-0.785398
84,65,3.141593
84,69,-2.356194
84,72,-0.321751
85,19,1.570796
85,22,1.570796
85,25,1.570796
85,52,-1.570796
85,59,-1.570796
85,62,-0.321751
85,66,1.570796
85,78,2.356194
86,14,1.570796
86,33,1.570796
86,39,-2.356194
86,56,1.570796
86,60,-2.356194
86,63,-1.570796
86,66,-0.321751
86,67,2.819842
86,70,1.570796
86,78,3.141593
87,9,-0.785398
87,25,-1.570796
87,33,-0.785398
87,34,3.141593
87,46,-2.356194
87,70,-0.321751
87,71,2.819842
87,74,-0.785398
88,28,-1.570796
88,61,0.785398
88,67,-0.321751
88,68,2.819842
88,71,-1.570796
88,75,1.570796
89,14,-1.570796
89,19,-1.570796
89,40,0.000000
89,41,3.141593
89,47,1.570796
89,59,0.785398
89,62,-2.356194
89,72,1.570796
89,75,-0.321751
89,84,2.356194
90,22,-1.570796
90,36,1.570796
90,49,2.356194
90,52,1.570796
90,57,-1.570796
90,68,-0.321751
90,72,-0.321751
90,73,2.819842
90,76,-1.249046
90,84,-2.819842
91,17,1.570796
91,20,1.570796
91,30,0.785398
91,36,-0.321751
91,49,3.141593
91,63,0.785398
91,70,2.819842
91,73,-2.356194
91,83,-0.785398
92,10,1.570796
92,14,0.785398
92,26,1.570796
92,38,2.819842
92,49,-2.356194
92,55,-1.570796
92,70,-2.356194
92,83,2.356194
93,20,-1.570796
93,23,0.785398
93,59,1.570796
93,61,0.785398
93,67,0.785398
93,80,1.249046
94,2,0.785398
94,4,2.356194
94,27,1.570796
94,29,2.356194
94,31,0.785398
94,38,-0.321751
94,43,1.570796
94,53,0.785398
94,62,2.819842
94,67,-0.321751
94,68,2.819842
94,84,2.819842
95,18,0.785398
95,20,0.785398
95,27,-0.321751
95,31,-0.321751
95,32,2.819842
95,40,2.819842
95,53,-0.321751
95,54,2.819842
95,57,1.570796
95,60,0.000000
95,62,-1.570796
95,71,0.785398
95,77,2.356194
95,78,-0.785398
95,79,-1.892547
96,19,-2.356194
96,21,-2.356194
96,40,-2.356194
96,54,-2.356194
96,66,1.570796
96,75,0.000000
96,76,-1.892547
97,7,-1.570796
97,15,-1.570796
97,21,-1.570796
97,28,-0.321751
97,31,0.000000
97,40,-1.570796
97,47,-1.570796
97,54,-1.570796
97,60,-1.570796
97,66,-0.321751
98,11,-1.570796
98,25,-1.570796
98,29,-1.249046
98,30,-2.356194
98,36,-1.570796
98,44,-1.570796
98,51,-1.570796
98,58,-2.356194
98,64,-2.356194
98,67,-1.249046
98,72,-1.892547
