8,57,0.785398
8,58,1.570796
8,59,2.356194
8,63,0.785398
8,64,1.892547
8,67,1.249046
8,68,2.356194
8,71,0.785398
8,72,1.570796
8,73,2.356194
9,45,0.785398
9,46,2.356194
10,41,0.785398
10,42,2.356194
10,46,-1.570796
10,64,-0.785398
10,67,-2.356194
11,31,1.249046
11,32,2.356194
11,42,-1.570796
12,27,1.249046
12,28,2.356194
12,30,-0.785398
12,84,3.141593
13,26,-0.785398
13,57,0.321751
13,59,2.819842
14,21,1.249046
14,22,3.141593
15,20,-0.785398
15,45,0.785398
15,57,0.000000
15,78,1.249046
16,17,3.141593
16,45,0.000000
16,57,-1.570796
16,63,1.570796
16,80,-2.356194
16,87,2.356194
17,16,-1.570796
17,51,0.785398
17,59,-0.785398
17,69,2.356194
17,71,-0.785398
17,72,-1.570796
17,74,1.570796
17,75,2.356194
17,76,-0.785398
17,77,-1.892547
18,45,0.000000
18,47,-1.570796
18,48,3.141593
18,67,0.321751
19,45,-0.785398
19,49,0.785398
19,51,-1.892547
19,53,0.785398
19,54,3.141593
19,74,0.785398
19,80,2.356194
20,45,2.356194
20,49,-0.785398
20,53,-1.570796
20,58,0.000000
20,59,-1.892547
20,67,-0.785398
20,68,-2.356194
20,69,3.141593
20,74,-0.321751
20,76,2.356194
20,88,2.356194
21,44,0.321751
21,45,-2.819842
21,52,1.570796
21,56,1.249046
21,57,3.141593
21,80,-1.249046
21,81,-2.356194
21,82,-0.785398
21,83,-1.892547
22,36,1.570796
22,44,-1.570796
22,48,3.141593
22,51,0.000000
22,75,2.356194
23,37,3.141593
23,39,2.356194
23,43,1.570796
23,47,-0.785398
23,50,-0.785398
23,54,0.000000
23,55,-1.892547
23,68,0.785398
23,69,1.570796
23,70,2.356194
23,71,3.141593
23,74,0.321751
24,39,-2.819842
24,43,-2.819842
24,52,1.249046
24,53,3.141593
24,57,1.249046
24,58,3.141593
24,63,1.249046
24,64,2.356194
24,74,-1.570796
24,81,0.785398
24,82,1.892547
24,88,-2.356194
25,14,0.321751
25,16,3.141593
25,61,1.249046
25,63,-1.892547
25,69,-0.785398
25,70,-2.356194
25,82,-1.249046
25,83,-2.356194
25,86,0.785398
26,14,-1.570796
26,37,0.000000
26,38,-2.356194
26,44,1.249046
26,45,3.141593
26,50,0.000000
26,51,-1.892547
26,55,0.000000
26,56,-1.892547
26,60,0.000000
26,61,-1.892547
26,66,0.000000
26,77,0.785398
26,78,1.892547
26,87,-1.249046
26,89,1.892547
26,91,2.356194
27,43,0.321751
27,53,1.249046
27,54,3.141593
27,58,1.249046
27,59,3.141593
27,80,2.356194
28,43,-1.570796
28,47,1.249046
28,48,3.141593
28,57,0.000000
28,58,-1.892547
28,73,0.785398
28,83,0.785398
28,84,2.356194
28,88,-0.785398
28,89,-1.892547
29,37,0.000000
29,38,-1.892547
29,51,0.000000
29,52,-1.892547
29,74,-1.249046
29,75,-2.356194
29,78,-0.785398
29,79,-1.570796
29,80,3.141593
30,50,3.141593
30,82,-0.785398
30,83,-1.570796
30,84,-2.356194
31,44,0.000000
31,45,-1.892547
31,49,-1.570796
31,53,1.249046
31,54,3.141593
31,57,0.000000
31,65,3.141593
31,67,0.000000
31,75,0.785398
31,76,1.892547
31,87,3.141593
32,32,1.249046
32,33,3.141593
32,37,1.249046
32,38,3.141593
32,43,1.570796
32,52,0.000000
32,53,-1.892547
32,76,-1.249046
32,77,-2.356194
32,82,0.785398
32,83,1.892547
32,90,2.356194
33,27,1.249046
33,28,2.356194
33,42,0.000000
33,51,3.141593
33,59,-0.785398
33,68,0.000000
33,70,3.141593
33,84,-2.356194
34,25,0.000000
34,31,-1.892547
34,50,-0.785398
34,54,0.000000
34,57,-2.356194
34,73,0.000000
34,78,3.141593
34,80,0.785398
35,39,1.249046
35,40,3.141593
35,51,-2.356194
35,81,-0.785398
35,82,-1.570796
35,83,-2.356194
35,84,0.785398
35,85,1.892547
36,28,-1.892547
36,38,0.000000
36,39,-1.892547
36,64,0.000000
36,69,1.249046
36,70,2.356194
36,87,2.356194
36,90,3.141593
37,31,1.249046
37,33,-1.892547
37,36,1.249046
37,37,3.141593
37,55,0.000000
37,56,3.141593
37,68,-0.785398
37,79,3.141593
38,50,1.570796
38,70,1.570796
38,82,0.000000
39,30,-1.892547
39,40,-1.570796
39,50,-1.570796
39,61,0.785398
39,71,-2.356194
39,86,-1.249046
39,87,-2.356194
40,28,-1.570796
40,33,0.000000
40,34,-1.892547
40,38,3.141593
40,48,0.785398
40,62,-2.356194
40,74,0.785398
40,75,1.570796
40,76,2.356194
40,91,-2.356194
41,26,1.249046
41,27,3.141593
41,31,1.249046
41,32,3.141593
41,49,-2.356194
41,84,3.141593
42,12,0.785398
42,87,0.000000
43,12,0.000000
43,24,-0.785398
43,25,-1.892547
43,76,0.000000
43,77,1.570796
43,78,2.356194
43,91,-2.356194
44,12,-0.785398
44,55,0.000000
45,27,0.000000
45,28,-1.892547
45,31,1.249046
45,32,3.141593
45,57,-2.356194
45,77,-0.321751
46,78,-1.249046
46,79,3.141593
46,91,-2.356194
47,20,1.249046
47,21,2.356194
47,24,1.249046
47,25,3.141593
47,33,0.785398
47,46,0.785398
47,53,0.785398
47,80,0.785398
47,81,2.356194
47,84,3.141593
48,11,0.321751
48,13,-2.356194
48,24,-1.892547
48,34,-2.356194
48,47,-2.356194
48,56,3.141593
48,80,-0.785398
48,86,0.000000
49,11,-0.785398
49,20,-1.249046
49,22,-1.892547
49,80,0.785398
49,91,-2.356194
50,25,1.249046
50,27,-1.892547
50,31,2.356194
50,80,-0.321751
50,82,2.356194
50,84,3.141593
51,33,-2.356194
51,52,0.000000
51,54,3.141593
51,86,0.000000
52,11,0.785398
52,28,1.249046
52,30,-2.356194
52,42,0.000000
52,43,3.141593
52,66,0.000000
52,67,3.141593
52,81,0.785398
52,91,3.141593
53,11,0.000000
53,22,-0.785398
53,23,-1.892547
53,31,-2.356194
53,45,0.000000
53,78,1.570796
53,81,0.000000
54,11,-0.785398
54,38,0.000000
54,40,3.141593
54,49,-2.356194
54,81,-0.785398
55,30,2.356194
55,64,0.000000
55,65,3.141593
55,78,-1.570796
55,81,-1.570796
55,90,3.141593
56,11,0.785398
56,23,1.249046
56,25,-1.892547
56,29,1.570796
56,83,0.000000
57,11,0.000000
57,22,-0.785398
57,23,-1.892547
57,29,-2.819842
57,38,0.785398
57,86,3.141593
58,11,-0.785398
58,31,0.000000
58,32,0.785398
58,33,1.892547
58,39,0.000000
58,40,1.892547
58,51,0.000000
58,53,3.141593
58,61,0.000000
58,63,3.141593
58,69,0.000000
58,70,3.141593
58,74,0.000000
58,75,3.141593
58,81,0.000000
58,82,3.141593
58,88,0.000000
59,25,1.249046
59,27,-1.892547
59,40,-1.249046
59,41,-2.356194
59,42,3.141593
59,85,3.141593
59,91,-2.356194
60,24,0.000000
60,25,-1.892547
60,34,-1.249046
60,35,3.141593
60,44,0.000000
60,45,3.141593
60,83,-0.785398
60,87,0.785398
61,10,0.321751
61,12,-2.356194
61,30,0.785398
61,31,1.892547
61,49,0.000000
61,51,3.141593
61,64,0.000000
61,67,3.141593
61,90,3.141593
62,10,-0.785398
62,31,-1.249046
62,32,3.141593
62,37,-2.356194
62,40,0.785398
62,77,1.249046
62,78,2.356194
62,82,3.141593
63,26,1.249046
63,27,3.141593
63,41,-2.356194
63,74,0.000000
63,76,-0.785398
63,77,-1.892547
64,24,1.249046
64,26,-1.892547
64,57,0.000000
64,59,3.141593
64,70,0.000000
64,71,3.141593
64,84,0.785398
65,23,-0.785398
65,81,0.785398
65,91,3.141593
66,20,1.249046
66,21,3.141593
66,28,1.570796
66,39,3.141593
66,77,0.000000
66,82,-1.570796
67,19,0.321751
67,32,0.000000
67,51,0.000000
67,52,3.141593
67,62,0.000000
67,64,3.141593
67,67,0.000000
67,69,3.141593
67,87,0.785398
67,88,1.892547
68,41,0.000000
68,43,3.141593
68,88,-1.249046
68,89,-2.356194
68,91,3.141593
69,19,0.000000
69,34,-1.570796
69,37,0.785398
69,76,0.000000
70,24,1.249046
70,25,3.141593
70,30,3.141593
70,67,0.000000
70,68,3.141593
70,84,3.141593
71,19,0.000000
71,24,-1.892547
71,40,-2.356194
71,57,0.000000
71,60,3.141593
71,89,0.000000
72,22,-1.570796
72,33,3.141593
72,35,0.785398
72,78,0.000000
72,91,-2.356194
73,18,0.321751
73,20,-2.356194
73,36,0.000000
73,38,3.141593
73,69,0.000000
73,73,3.141593
73,83,0.785398
73,84,1.892547
74,24,1.249046
74,25,3.141593
74,41,0.000000
74,42,3.141593
74,84,-1.249046
74,85,-2.356194
74,87,3.141593
75,13,2.356194
75,16,0.785398
75,19,2.819842
75,33,1.249046
75,34,3.141593
75,89,0.000000
75,91,3.141593
76,21,1.249046
76,23,-1.892547
76,32,0.000000
76,33,-1.892547
76,37,0.785398
76,67,0.000000
76,68,3.141593
76,78,0.000000
76,81,3.141593
77,19,-1.570796
77,21,-1.892547
77,31,-0.785398
77,38,-2.356194
77,40,0.000000
77,41,3.141593
77,56,0.000000
77,60,3.141593
77,84,0.000000
77,85,3.141593
78,26,-0.785398
78,51,3.141593
78,73,0.000000
78,75,3.141593
78,87,0.000000
78,88,3.141593
79,40,2.356194
79,47,-0.785398
79,66,0.000000
79,68,3.141593
79,90,0.785398
80,39,-0.785398
80,59,3.141593
80,80,0.000000
80,91,-2.356194
81,5,1.570796
81,7,-1.892547
81,14,0.785398
81,26,2.356194
81,47,0.000000
81,49,0.785398
81,50,1.892547
81,52,2.356194
81,54,0.000000
81,84,-2.356194
82,16,2.356194
82,30,2.356194
82,50,-1.249046
82,51,-2.356194
82,64,0.000000
83,3,-0.321751
83,5,-2.819842
83,55,0.000000
83,56,3.141593
83,59,0.000000
83,68,-2.356194
83,70,0.000000
83,79,3.141593
84,11,1.249046
84,27,-0.785398
84,51,0.000000
84,52,3.141593
84,81,0.000000
84,84,3.141593
85,9,1.249046
86,8,0.321751
86,13,-2.819842
86,59,-0.785398
87,76,0.000000
87,80,3.141593
88,3,0.785398
88,21,0.785398
88,22,1.570796
89,3,0.000000
89,5,1.570796
89,6,2.356194
89,9,-1.249046
89,33,0.000000
89,34,3.141593
91,3,0.000000
92,17,-2.819842
92,48,2.356194
93,7,0.000000
93,14,-0.321751
93,24,0.000000
93,28,3.141593
95,10,2.356194
95,18,0.785398
95,19,1.570796
95,21,1.892547
95,73,0.000000
95,74,3.141593
96,3,-0.321751
96,14,0.000000
96,15,-1.892547
96,32,2.356194
96,43,0.000000
96,44,-0.785398
96,46,2.819842
96,65,0.000000
96,67,3.141593
96,82,0.000000
96,83,3.141593
96,91,1.570796
97,11,-2.356194
97,26,0.785398
97,27,1.892547
97,31,-0.785398
97,36,2.356194
97,46,-2.356194
98,6,-1.570796
98,8,-1.892547
98,22,-1.249046
98,24,-1.892547
98,27,-1.249046
98,28,-2.356194
98,29,3.141593
98,35,-0.785398
98,46,-1.570796
98,61,0.000000
98,62,3.141593
98,85,0.000000
98,86,3.141593
98,91,-1.570796
