10,24,1.249046
10,25,2.356194
10,37,0.785398
10,38,1.570796
10,39,2.356194
10,50,0.785398
10,51,1.570796
10,52,2.356194
12,16,1.249046
12,17,3.141593
12,24,-1.570796
12,69,2.356194
12,79,0.785398
13,15,0.321751
13,38,2.356194
13,80,-2.356194
14,66,0.321751
15,13,1.249046
15,15,-2.356194
15,66,-1.570796
16,35,-0.321751
16,49,1.892547
16,51,2.356194
17,28,0.785398
17,51,3.141593
17,81,3.141593
18,28,0.000000
18,35,0.321751
18,47,-0.321751
19,28,-0.785398
19,38,-2.356194
19,44,1.570796
19,56,3.141593
19,65,0.785398
20,8,0.321751
20,31,0.785398
20,32,2.356194
20,33,0.785398
20,35,-2.819842
20,38,2.356194
20,44,0.000000
21,8,-0.785398
21,31,-0.785398
21,38,-2.819842
21,75,0.321751
22,23,1.249046
22,25,1.570796
22,26,2.356194
22,28,2.356194
22,68,-2.819842
23,8,2.356194
23,63,-0.321751
23,73,1.249046
23,75,3.141593
24,7,0.321751
24,30,3.141593
24,33,0.321751
24,70,0.785398
24,71,1.570796
24,73,-1.892547
24,75,-2.356194
25,7,-0.785398
25,33,-1.570796
25,42,-0.785398
26,7,2.356194
26,10,0.785398
26,11,2.356194
26,15,-0.785398
26,29,-2.819842
26,32,1.570796
26,40,-1.892547
26,71,-2.819842
26,74,0.321751
26,76,2.819842
26,85,2.819842
27,5,1.249046
27,7,3.141593
27,10,-0.785398
27,28,-1.570796
27,32,-2.819842
27,34,0.321751
27,37,-0.785398
27,38,-1.892547
27,52,-1.570796
27,76,-2.356194
27,85,-2.356194
28,4,0.321751
28,7,-2.356194
28,15,2.356194
28,18,-0.785398
28,27,1.570796
28,40,1.249046
28,41,2.356194
28,53,1.570796
28,66,-0.785398
28,78,0.785398
28,79,1.570796
28,80,2.356194
28,81,-0.785398
28,82,-1.892547
29,4,-0.785398
29,10,0.785398
29,15,-2.819842
29,18,2.356194
29,21,0.000000
29,23,1.570796
29,26,0.321751
29,27,-2.819842
29,29,0.321751
29,34,-2.819842
29,38,1.249046
29,40,-1.892547
29,46,-1.249046
29,47,3.141593
29,77,0.785398
30,10,0.000000
30,14,-0.785398
30,17,0.321751
30,23,-2.819842
30,26,-1.570796
30,29,-1.570796
30,32,0.321751
30,36,1.249046
30,38,-1.892547
30,63,2.356194
30,66,2.819842
30,79,-2.819842
31,14,2.356194
31,17,-1.570796
31,19,0.000000
31,22,-0.785398
31,25,1.570796
31,28,1.570796
31,32,-1.570796
31,41,1.249046
31,42,2.356194
31,46,3.141593
31,49,1.570796
31,78,-1.570796
31,86,3.141593
32,16,1.570796
32,24,0.321751
32,25,-2.819842
32,27,0.321751
32,28,-2.819842
32,34,0.000000
32,40,-0.785398
32,41,-1.892547
32,49,-0.321751
32,50,2.819842
32,53,-1.570796
32,57,2.819842
32,63,-0.321751
32,64,2.819842
32,68,2.356194
33,8,0.321751
33,16,-2.819842
33,27,-1.570796
33,30,1.570796
33,36,0.785398
33,50,-1.570796
33,57,-1.570796
33,60,-0.321751
33,61,2.819842
33,68,-2.356194
33,77,-1.570796
33,81,0.785398
34,8,-1.570796
34,15,-0.785398
34,18,2.356194
34,21,0.000000
34,24,-2.819842
34,29,0.321751
34,30,-2.819842
34,36,-1.570796
34,38,-2.356194
34,43,1.570796
34,45,0.785398
34,48,0.785398
34,51,1.570796
34,64,-0.321751
34,68,0.785398
34,71,-0.321751
34,87,2.356194
35,7,1.570796
35,10,-1.570796
35,12,0.000000
35,17,0.321751
35,18,-2.819842
35,35,1.570796
35,51,-0.321751
35,52,2.819842
35,58,0.785398
35,61,-0.321751
35,66,2.819842
35,68,-0.321751
35,69,2.819842
35,81,0.000000
36,6,0.321751
36,7,-2.819842
36,22,-0.785398
36,28,0.321751
36,29,-2.819842
36,34,0.321751
36,35,-2.819842
36,37,1.570796
36,49,-1.570796
36,52,-2.356194
36,58,-0.321751
36,59,2.819842
36,69,-1.570796
37,6,-0.785398
37,16,0.321751
37,17,-2.819842
37,28,-1.570796
37,31,1.570796
37,34,-0.785398
37,44,1.570796
37,52,0.785398
37,59,-2.356194
37,64,2.819842
37,66,-0.321751
37,67,2.819842
37,70,1.570796
37,73,-0.321751
37,74,2.819842
38,8,1.570796
38,16,-0.785398
38,19,2.356194
38,30,0.321751
38,31,-2.819842
38,50,1.570796
38,52,-0.321751
38,53,2.819842
38,56,1.570796
38,70,-0.321751
38,71,2.819842
38,77,-0.321751
38,83,0.000000
38,84,-1.892547
39,4,1.249046
39,6,-1.570796
39,8,3.141593
39,13,2.356194
39,18,0.321751
39,19,-2.819842
39,27,2.356194
39,30,-0.785398
39,39,1.570796
39,47,-1.570796
39,53,-1.570796
39,56,-0.321751
39,57,2.819842
39,59,-1.570796
39,62,1.570796
39,64,-0.321751
39,65,2.819842
39,67,-0.321751
39,68,2.819842
40,10,0.000000
40,13,-2.819842
40,18,-0.785398
40,26,0.321751
40,27,-2.819842
40,37,-1.570796
40,39,-1.570796
40,57,-2.356194
40,62,-1.570796
40,65,-2.356194
40,71,-0.321751
40,73,3.141593
40,76,2.819842
40,79,-2.356194
40,88,2.356194
41,4,-2.356194
41,8,0.000000
41,21,-1.570796
41,26,-0.785398
41,48,1.570796
41,50,-1.570796
41,60,1.570796
41,68,-0.321751
41,69,2.819842
41,76,-2.356194
41,82,-0.321751
41,84,2.356194
41,88,3.141593
42,4,2.356194
42,11,-0.785398
42,15,2.356194
42,18,2.356194
42,39,1.570796
42,63,1.570796
42,69,-1.570796
42,88,-2.356194
43,3,0.321751
43,7,0.321751
43,8,-2.819842
43,14,0.321751
43,15,-2.819842
43,17,0.321751
43,18,-2.819842
43,20,1.570796
43,34,1.570796
43,53,1.570796
43,63,-1.570796
43,77,1.570796
43,83,0.785398
44,3,-0.785398
44,11,2.356194
44,14,-0.785398
44,17,-0.785398
44,53,-1.570796
44,77,-0.321751
44,78,2.819842
44,81,1.570796
44,88,2.356194
45,7,-2.819842
45,10,0.321751
45,11,-2.819842
45,36,1.570796
45,51,1.570796
45,64,1.570796
45,74,0.785398
45,78,-2.356194
45,81,0.000000
45,88,3.141593
46,6,-0.785398
46,28,-1.570796
46,74,-0.321751
46,75,2.819842
46,81,-0.785398
46,84,-1.570796
46,88,-2.356194
47,6,2.356194
47,9,0.321751
47,10,-2.819842
47,56,0.785398
47,72,1.570796
47,82,0.000000
47,83,2.356194
48,2,-1.570796
48,5,0.321751
48,6,-2.819842
48,9,-0.785398
48,56,-0.321751
48,57,2.819842
48,67,-1.570796
48,72,-0.321751
48,76,2.819842
48,83,-2.356194
49,27,1.570796
49,57,-2.356194
49,76,-2.356194
49,83,0.785398
50,4,0.321751
50,5,-2.819842
50,54,1.570796
50,70,1.570796
50,83,-0.321751
50,87,-0.785398
50,89,2.819842
51,8,2.356194
51,68,1.570796
51,70,0.785398
51,89,-2.356194
52,3,0.321751
52,4,-2.819842
52,7,0.321751
52,8,-2.819842
52,11,2.356194
52,39,-1.570796
52,70,-0.321751
52,71,2.819842
52,84,-0.785398
53,3,-0.785398
53,10,0.321751
53,11,-2.819842
53,35,-1.570796
53,45,-1.570796
53,68,-1.570796
53,71,-2.356194
54,3,-1.570796
54,6,0.321751
54,7,-2.819842
54,10,-0.785398
54,57,-1.570796
55,6,-1.570796
55,17,2.356194
55,34,1.570796
55,69,1.570796
55,71,0.785398
55,88,3.141593
56,5,1.570796
56,9,1.570796
56,16,0.321751
56,17,-2.819842
56,20,1.570796
56,29,-1.570796
56,34,2.356194
56,43,1.570796
56,51,2.356194
56,58,1.570796
56,66,-1.570796
56,71,-0.321751
56,72,2.819842
56,75,0.785398
56,79,1.570796
57,2,0.785398
57,5,-2.819842
57,8,0.321751
57,9,-2.819842
57,19,0.321751
57,20,-2.819842
57,23,2.356194
57,31,0.000000
57,33,0.000000
57,50,0.321751
57,51,-2.819842
57,72,-2.356194
57,75,-0.321751
57,76,2.819842
57,79,-0.321751
57,82,-1.570796
57,84,2.356194
58,12,1.570796
58,15,0.321751
58,16,-2.819842
58,22,0.321751
58,23,-2.819842
58,28,1.570796
58,30,-0.785398
58,36,1.570796
58,45,1.570796
58,50,-0.785398
58,58,-1.570796
58,65,1.570796
58,67,1.570796
58,76,-2.356194
58,86,0.000000
58,87,-1.892547
59,3,-1.570796
59,8,-2.819842
59,12,-2.819842
59,15,-1.570796
59,18,0.321751
59,19,-2.819842
59,22,-0.785398
59,36,0.785398
59,40,0.000000
59,45,0.785398
59,47,2.356194
59,84,-0.321751
60,2,-0.785398
60,6,0.321751
60,10,0.321751
60,22,2.356194
60,37,-2.356194
60,42,-1.570796
60,50,2.356194
60,59,1.570796
60,65,-1.570796
60,76,0.785398
60,89,2.356194
61,6,-0.785398
61,17,0.321751
61,18,-2.819842
61,21,0.321751
61,22,-2.819842
61,24,0.785398
61,44,-0.785398
61,45,-1.892547
61,47,-1.249046
61,48,-2.356194
61,50,3.141593
61,55,1.570796
61,67,-1.570796
61,73,0.785398
61,76,0.000000
61,86,-2.356194
61,89,3.141593
62,6,-1.570796
62,10,-2.819842
62,13,1.570796
62,21,-1.570796
62,25,-2.356194
62,31,1.570796
62,50,-2.356194
62,53,-1.570796
62,55,-1.570796
62,73,-0.321751
62,74,2.819842
62,76,-0.785398
62,82,1.570796
62,89,-2.356194
63,12,0.321751
63,13,-2.819842
63,16,0.321751
63,17,-2.819842
63,59,2.356194
63,63,-1.570796
63,74,-2.356194
63,78,-0.321751
63,79,2.819842
63,82,-0.321751
63,83,2.819842
64,7,0.321751
64,12,-1.570796
64,16,-1.570796
64,28,0.000000
64,50,-1.570796
64,53,1.570796
64,58,0.321751
64,59,-2.819842
64,68,1.570796
64,71,-1.570796
64,76,0.785398
64,83,-2.356194
65,7,-1.570796
65,11,1.570796
65,53,-1.570796
65,61,2.356194
65,76,-0.321751
65,77,2.819842
65,79,-0.321751
65,80,2.819842
66,6,1.570796
66,11,-2.819842
66,14,1.570796
66,27,1.570796
66,58,-0.321751
66,61,3.141593
66,66,1.570796
66,68,-1.570796
66,77,-2.356194
66,80,-1.570796
67,5,0.000000
67,27,-1.570796
67,63,1.570796
67,74,0.000000
67,89,2.356194
68,4,3.141593
68,18,2.356194
68,61,-2.819842
68,66,-1.570796
68,71,1.570796
68,78,1.570796
68,87,0.785398
68,89,-2.819842
69,3,-1.570796
69,16,-2.356194
69,17,-0.785398
69,58,0.321751
69,63,-1.570796
69,78,-0.321751
69,79,2.819842
69,82,1.570796
70,13,-0.785398
70,14,-1.892547
70,82,-0.321751
70,88,2.356194
71,2,0.785398
71,4,1.249046
71,6,-1.892547
71,9,0.000000
71,10,-1.892547
71,33,0.785398
71,58,-0.321751
71,60,-2.819842
71,71,-1.570796
71,74,1.570796
71,76,2.356194
71,79,-0.321751
71,80,2.819842
71,83,-1.249046
71,84,-2.356194
71,88,3.141593
72,2,0.000000
72,4,-1.892547
72,21,1.570796
72,25,0.000000
72,27,3.141593
72,34,0.000000
72,35,1.892547
72,74,0.000000
72,88,-2.356194
73,2,-0.785398
73,6,1.249046
73,7,3.141593
73,21,-1.570796
73,35,-1.249046
73,36,3.141593
73,61,2.356194
73,62,3.141593
73,78,0.785398
73,79,2.356194
74,2,0.785398
74,5,0.000000
74,6,-1.892547
74,37,0.000000
74,38,1.892547
74,49,1.249046
74,51,1.892547
74,58,-0.785398
74,72,2.356194
74,74,3.141593
74,82,1.570796
75,2,0.000000
75,9,3.141593
75,38,-1.249046
75,39,3.141593
75,53,0.785398
75,54,1.570796
75,55,2.356194
75,71,-0.785398
75,74,-2.356194
75,79,-0.321751
75,80,2.819842
75,82,-0.321751
75,85,0.785398
75,86,1.892547
75,88,2.356194
76,2,-0.785398
76,43,0.785398
76,44,1.570796
76,45,2.356194
76,49,-1.249046
76,51,-1.892547
76,62,1.570796
76,80,-2.356194
76,88,3.141593
77,5,2.356194
77,6,0.000000
77,63,-2.356194
77,70,1.570796
77,74,2.356194
77,84,-1.249046
77,86,-1.892547
77,88,-2.356194
78,2,0.321751
78,7,0.000000
78,69,0.000000
78,73,0.321751
78,74,-2.819842
78,77,0.785398
79,2,-0.785398
79,6,3.141593
79,10,0.000000
79,11,3.141593
79,43,0.321751
79,45,3.141593
79,67,0.785398
79,68,2.356194
79,73,-1.570796
79,79,-0.785398
79,80,-1.570796
79,82,1.892547
80,4,-0.785398
80,5,-1.892547
80,43,-0.785398
80,68,-2.356194
80,72,3.141593
80,76,0.000000
80,77,-1.892547
80,82,-1.249046
80,84,1.892547
80,88,2.356194
81,12,2.356194
81,84,-1.249046
81,85,-2.356194
81,88,3.141593
82,10,0.000000
82,33,1.249046
82,34,2.356194
82,35,0.785398
82,36,1.570796
82,37,2.356194
82,42,-0.785398
82,48,1.570796
82,53,1.570796
82,69,0.000000
82,72,-2.356194
82,88,-2.356194
83,4,1.249046
83,5,2.356194
83,38,2.356194
83,49,-2.356194
83,53,3.141593
83,76,1.249046
83,77,2.356194
84,2,0.000000
84,3,-0.785398
84,4,-1.892547
84,17,0.785398
84,18,2.356194
84,33,-1.249046
84,34,3.141593
84,53,-2.356194
84,75,-0.785398
84,76,-1.892547
85,31,-2.356194
85,72,2.356194
85,81,0.785398
85,82,1.892547
86,26,2.356194
86,27,-0.785398
86,28,-1.892547
86,31,0.785398
86,78,1.249046
86,79,2.356194
86,87,2.356194
87,4,1.570796
87,13,0.000000
87,20,-2.356194
87,22,3.141593
87,32,-2.356194
87,35,-0.785398
87,53,2.356194
87,62,1.570796
87,68,0.000000
87,69,-0.785398
87,75,0.000000
87,77,-0.785398
87,78,-1.892547
87,87,-2.356194
88,2,0.000000
88,4,3.141593
88,10,2.356194
88,28,3.141593
88,53,3.141593
89,4,-1.570796
89,7,1.249046
89,8,2.356194
89,9,0.000000
89,14,0.000000
89,16,-0.785398
89,17,-1.892547
89,21,1.249046
89,22,2.356194
89,24,-0.785398
89,25,-1.892547
89,31,0.000000
89,33,3.141593
89,36,0.000000
89,50,-0.785398
89,63,3.141593
90,7,-1.892547
90,10,-2.356194
90,20,-0.785398
90,21,-1.892547
90,43,2.356194
90,44,3.141593
90,55,3.141593
90,60,0.000000
90,61,-1.892547
90,64,1.570796
90,70,0.785398
90,73,1.249046
90,74,2.356194
90,81,-1.570796
91,28,3.141593
91,35,0.000000
91,36,3.141593
91,39,2.356194
91,41,-0.785398
91,52,-0.785398
91,53,-1.892547
91,59,-0.785398
91,64,-0.785398
91,65,-2.356194
91,72,-0.785398
91,73,-1.892547
91,82,0.000000
92,3,0.321751
92,9,1.249046
92,10,2.356194
92,38,-0.785398
92,44,2.356194
92,50,0.000000
93,6,1.249046
93,7,2.356194
93,8,-0.785398
93,9,-1.892547
93,39,0.000000
93,42,-0.785398
93,43,-1.892547
93,56,1.570796
93,61,3.141593
93,82,-0.785398
93,83,-1.570796
93,85,1.892547
94,3,-0.321751
94,6,-1.892547
94,16,1.249046
94,17,2.356194
94,19,-0.785398
94,20,-1.570796
94,21,-2.356194
94,49,0.000000
94,50,-0.785398
94,52,2.819842
94,60,-0.785398
95,40,0.000000
95,44,3.141593
95,47,1.570796
95,62,2.356194
96,5,-2.356194
96,30,0.785398
96,31,1.892547
96,51,0.000000
96,52,-1.570796
96,53,-2.356194
96,55,-0.785398
96,56,-1.570796
96,57,-2.356194
96,60,-0.785398
96,61,-1.892547
96,71,1.249046
96,72,2.356194
96,83,-0.785398
96,84,-1.892547
97,17,-2.356194
97,31,-1.249046
97,32,-2.356194
97,42,1.249046
97,43,2.356194
97,46,-0.785398
97,47,-1.570796
97,48,-2.356194
97,70,-0.785398
97,71,-1.892547
98,9,0.000000
98,14,-0.785398
98,15,-1.892547
98,41,-0.785398
98,42,-1.892547
98,54,0.000000
98,55,3.141593
98,61,0.000000
