9,49,1.249046
9,50,2.356194
10,37,1.249046
10,38,2.356194
11,29,1.249046
11,30,2.356194
11,36,-0.785398
11,49,-2.356194
14,67,1.570796
15,49,0.785398
15,67,0.000000
16,49,0.000000
16,67,-1.570796
17,40,0.321751
17,43,2.356194
17,49,-0.785398
18,64,1.892547
18,66,2.356194
19,40,-0.321751
19,42,-2.819842
19,45,1.570796
19,49,2.356194
19,52,0.785398
19,58,1.249046
19,60,1.892547
20,19,1.249046
21,68,2.819842
22,37,1.249046
22,38,2.356194
22,39,0.785398
22,42,-2.356194
22,46,-0.785398
22,50,-1.892547
22,52,-1.249046
22,65,-0.785398
23,33,1.249046
23,35,1.570796
23,55,-1.892547
23,70,1.892547
24,31,1.249046
24,37,-1.570796
24,43,2.356194
24,47,-0.785398
24,48,-1.570796
24,49,-2.356194
24,52,0.785398
24,60,-1.249046
25,53,-1.249046
25,54,-2.356194
25,56,0.000000
25,62,0.000000
26,47,0.785398
26,50,2.356194
26,51,3.141593
26,58,-1.570796
26,59,3.141593
26,68,3.141593
27,24,0.321751
27,41,-0.785398
27,54,0.000000
27,56,0.000000
27,62,0.000000
28,43,0.000000
28,47,-0.785398
28,48,-1.892547
28,52,3.141593
28,57,0.000000
28,58,3.141593
28,63,-2.356194
28,67,3.141593
28,75,-2.356194
29,10,0.321751
29,24,-0.321751
29,40,0.000000
29,41,0.785398
29,42,2.356194
29,61,2.356194
29,65,-0.785398
29,68,0.000000
29,72,-0.785398
30,10,-0.785398
30,38,0.000000
30,44,1.249046
30,45,2.356194
30,49,0.785398
30,50,1.892547
30,62,2.356194
30,66,2.356194
30,69,-1.249046
30,70,3.141593
30,76,0.000000
30,77,1.892547
31,37,3.141593
31,41,0.000000
31,53,-0.785398
31,54,-1.570796
31,56,-1.892547
31,62,-2.356194
31,67,2.356194
32,20,1.249046
32,39,1.249046
32,63,0.000000
32,69,2.356194
32,75,0.000000
33,19,0.321751
33,41,0.000000
33,45,1.570796
33,46,2.356194
33,49,-0.785398
33,50,-1.570796
33,51,3.141593
33,59,-2.356194
33,70,2.356194
34,33,-2.356194
34,56,-0.785398
34,57,-1.570796
34,58,-2.356194
34,68,-1.249046
34,69,-2.356194
34,71,1.570796
34,84,0.000000
35,19,0.000000
35,21,-1.892547
35,29,0.000000
35,71,-0.321751
35,78,-0.321751
35,83,3.141593
36,28,3.141593
36,30,0.785398
36,31,3.141593
36,34,0.000000
36,38,-1.892547
36,53,0.000000
36,55,3.141593
37,20,3.141593
37,23,-2.819842
37,27,-1.892547
37,30,-1.570796
37,36,-2.356194
37,77,2.356194
37,82,-2.819842
38,10,2.356194
38,39,0.321751
38,41,-2.356194
38,43,0.000000
38,64,0.000000
38,74,-1.570796
38,76,0.785398
38,78,2.356194
39,9,0.321751
39,25,-2.819842
39,28,1.570796
39,44,-2.356194
39,53,0.000000
39,54,3.141593
39,67,0.000000
39,68,1.892547
39,71,0.000000
40,9,-0.785398
40,18,2.356194
40,27,0.000000
40,28,-2.356194
40,30,1.570796
40,37,1.249046
40,44,-1.570796
40,68,-1.249046
40,69,3.141593
40,73,1.570796
40,75,-0.785398
40,76,-2.356194
40,78,-0.785398
40,81,-2.819842
41,23,-1.570796
41,26,1.570796
41,30,-2.819842
41,33,3.141593
41,36,0.000000
41,73,-0.321751
42,15,0.785398
42,25,0.321751
42,26,-2.819842
42,29,-1.570796
42,32,-1.570796
42,38,0.000000
42,39,3.141593
42,53,0.000000
42,54,3.141593
42,79,-0.785398
43,22,2.356194
43,25,-1.570796
43,31,1.570796
43,34,1.570796
43,37,-0.785398
43,72,1.570796
43,77,-1.570796
43,80,0.785398
43,81,2.356194
43,85,-0.785398
43,87,2.819842
44,24,1.570796
44,30,0.321751
44,31,-2.819842
44,33,0.321751
44,34,-2.819842
44,42,3.141593
44,47,0.000000
44,48,3.141593
44,72,-0.321751
44,73,2.819842
44,75,0.785398
44,87,-2.356194
45,20,0.321751
45,24,-2.819842
45,30,-1.570796
45,33,-1.570796
45,70,1.570796
45,73,-2.356194
45,75,-0.321751
45,76,2.819842
45,80,-0.321751
45,81,2.819842
45,87,2.356194
46,9,2.356194
46,23,-0.785398
46,26,1.570796
46,32,0.785398
46,36,0.000000
46,76,-2.356194
46,81,-2.356194
46,85,1.570796
47,8,0.321751
47,19,0.321751
47,20,-2.819842
47,25,0.321751
47,26,-2.819842
47,59,0.000000
47,61,3.141593
47,70,-1.570796
47,73,-1.570796
47,76,-1.570796
47,78,-1.570796
47,83,-0.785398
48,8,-0.785398
48,29,2.356194
48,33,2.356194
48,54,0.000000
48,55,3.141593
48,85,3.141593
49,18,0.321751
49,19,-2.819842
49,22,-1.570796
49,24,0.321751
49,25,-2.819842
49,28,0.000000
49,29,-2.356194
49,33,-2.819842
49,36,0.000000
49,37,3.141593
49,79,2.356194
50,13,0.785398
50,14,1.570796
50,15,2.356194
50,30,0.000000
50,59,0.000000
50,60,3.141593
50,65,0.785398
50,78,-0.785398
51,18,-2.819842
51,23,0.321751
51,24,-2.819842
51,56,0.000000
51,57,3.141593
51,66,-2.356194
51,76,1.570796
51,81,-1.570796
51,83,0.785398
52,15,3.141593
52,31,3.141593
52,36,0.000000
52,37,3.141593
52,53,0.000000
52,54,3.141593
52,73,1.570796
52,83,0.000000
52,85,3.141593
53,17,-2.819842
53,19,1.570796
53,22,0.321751
53,23,-2.819842
53,29,1.570796
53,31,-2.356194
53,60,2.356194
53,69,2.356194
54,19,2.356194
54,22,-0.785398
54,28,0.321751
54,31,2.356194
54,58,0.000000
54,72,1.570796
54,78,1.570796
54,82,0.321751
54,85,3.141593
55,16,-2.819842
55,18,0.321751
55,19,-2.819842
55,22,2.356194
55,28,-0.785398
55,31,-2.819842
55,55,0.000000
55,56,3.141593
55,65,1.570796
55,71,0.321751
55,72,-2.819842
55,85,-2.356194
56,8,0.785398
56,13,1.249046
56,21,0.321751
56,22,-2.819842
56,25,2.356194
56,33,2.356194
56,39,3.141593
56,71,-0.785398
56,75,2.356194
56,81,0.321751
56,82,-2.819842
57,8,0.000000
57,15,-2.356194
57,17,0.321751
57,18,-2.819842
57,24,0.321751
57,25,-2.819842
57,37,-0.785398
57,44,3.141593
57,74,0.000000
57,75,-2.356194
57,77,1.570796
57,81,-1.570796
57,89,2.356194
58,8,-0.785398
58,13,-1.249046
58,14,-2.356194
58,17,-0.785398
58,20,0.321751
58,21,-2.819842
58,29,0.321751
58,35,2.356194
58,48,2.356194
58,67,-1.570796
58,77,-2.819842
58,80,1.570796
58,89,3.141593
59,17,2.356194
59,20,-0.785398
59,23,0.321751
59,24,-2.819842
59,29,-0.785398
59,33,0.000000
59,47,-0.785398
59,57,3.141593
59,62,-0.785398
59,76,-1.570796
59,79,0.321751
59,80,-2.819842
59,89,-2.356194
60,17,-2.819842
60,23,-0.785398
60,53,0.000000
60,65,2.356194
60,72,-0.785398
60,79,-1.570796
60,85,0.785398
61,8,0.785398
61,13,1.249046
62,8,-0.785398
62,9,-2.356194
62,25,1.570796
62,57,2.356194
62,88,2.356194
63,15,-2.819842
63,29,0.785398
63,38,3.141593
63,61,0.000000
63,73,-0.785398
63,85,-0.785398
63,86,-1.892547
63,88,-2.356194
64,29,0.000000
64,41,2.356194
64,53,0.000000
64,76,-0.785398
65,15,0.000000
65,29,-0.785398
65,34,0.000000
65,58,2.356194
65,72,2.356194
65,79,-0.785398
65,83,2.356194
66,16,-2.356194
66,19,2.356194
66,29,-1.570796
66,44,3.141593
66,56,0.000000
66,64,-0.785398
66,71,1.570796
66,82,-0.785398
66,88,2.356194
67,18,0.321751
67,19,-2.819842
67,36,1.570796
67,67,2.356194
67,70,0.321751
67,71,-2.819842
67,86,0.785398
67,88,-2.819842
68,18,-0.785398
68,35,0.000000
68,70,-1.570796
68,73,1.570796
68,85,0.785398
69,34,3.141593
69,39,-0.785398
69,88,2.819842
70,30,1.570796
70,37,2.356194
70,43,3.141593
70,64,-0.785398
70,88,-2.356194
71,30,0.785398
71,35,1.249046
71,36,3.141593
71,40,1.249046
71,41,3.141593
71,58,2.356194
71,83,1.570796
72,24,-1.570796
72,30,-0.321751
72,39,0.000000
72,40,-1.892547
72,56,0.000000
72,70,-0.785398
73,44,3.141593
73,61,3.141593
73,82,0.321751
73,88,2.356194
74,15,2.356194
74,31,-0.785398
74,41,1.249046
74,42,3.141593
74,52,0.000000
74,53,3.141593
74,63,1.249046
74,64,3.141593
74,71,2.356194
74,88,3.141593
75,15,3.141593
75,24,1.570796
75,40,-0.785398
75,41,-1.892547
75,45,1.570796
75,62,0.000000
75,63,-1.892547
75,67,2.356194
75,82,0.000000
75,84,-1.892547
75,88,-2.356194
76,24,0.785398
76,31,-1.570796
76,37,0.785398
76,38,3.141593
76,45,-1.570796
76,54,0.000000
76,75,0.000000
76,82,-0.785398
77,11,1.249046
77,13,-1.570796
77,25,3.141593
77,37,-0.785398
77,47,2.356194
77,52,3.141593
77,64,1.249046
77,65,3.141593
77,77,0.785398
77,82,0.785398
78,32,1.570796
78,50,-0.785398
78,56,0.000000
78,62,0.000000
78,63,-0.785398
78,64,-1.892547
78,67,-0.785398
78,73,2.356194
78,77,-1.570796
78,82,-0.321751
78,83,2.819842
79,35,0.785398
79,38,0.785398
79,39,2.356194
79,40,3.141593
79,53,0.000000
79,54,3.141593
79,72,-0.785398
79,75,0.785398
79,76,2.356194
79,79,-0.321751
79,80,2.819842
80,24,1.570796
80,38,-1.570796
80,42,1.249046
80,43,2.356194
80,59,3.141593
80,65,2.356194
80,70,3.141593
80,80,-2.356194
80,83,-0.321751
80,88,2.356194
81,8,-0.785398
81,21,-1.570796
81,37,0.000000
81,63,1.249046
81,64,3.141593
81,68,0.785398
81,84,-1.249046
81,85,-2.356194
81,88,3.141593
82,30,-1.570796
82,37,-1.570796
82,39,-0.785398
82,46,1.249046
82,47,2.356194
82,48,3.141593
82,60,0.785398
82,61,1.570796
82,63,-1.892547
82,66,1.249046
82,71,0.785398
82,88,-2.356194
83,22,1.570796
83,42,0.000000
83,44,0.785398
83,79,2.819842
83,82,1.570796
83,88,2.356194
84,20,1.570796
84,22,-1.570796
84,38,0.785398
84,40,2.356194
84,42,-0.785398
84,47,-2.356194
84,48,0.785398
84,49,2.356194
84,54,1.249046
84,55,2.356194
84,67,-0.785398
84,68,-1.892547
84,73,-1.570796
84,76,-2.356194
84,83,-2.356194
84,88,3.141593
85,25,0.785398
85,31,1.570796
85,36,1.570796
85,39,0.000000
85,45,-0.785398
85,58,1.249046
85,59,2.356194
85,76,2.356194
85,79,-0.321751
85,88,-2.356194
86,25,-0.321751
86,26,2.819842
86,50,-2.356194
86,56,2.356194
86,57,-0.785398
86,70,-0.321751
86,75,-0.785398
86,76,-2.356194
87,20,0.000000
87,23,1.570796
87,26,-2.356194
87,59,0.000000
87,64,0.000000
87,65,2.356194
87,67,0.000000
87,68,1.892547
88,19,-2.356194
88,53,-0.785398
88,61,2.819842
88,65,-2.356194
88,68,-1.249046
88,69,3.141593
88,72,-1.249046
88,73,3.141593
88,78,0.000000
88,79,1.892547
88,83,2.819842
89,31,0.785398
89,50,1.570796
89,57,-2.356194
89,61,-1.570796
89,74,0.000000
89,75,1.892547
90,31,-0.321751
90,32,2.819842
90,35,0.785398
90,38,1.570796
90,66,0.000000
90,67,1.892547
90,71,1.570796
90,84,2.819842
91,21,-1.570796
91,32,-1.570796
91,35,-0.321751
91,36,2.819842
91,38,-0.321751
91,39,2.819842
91,59,0.785398
91,67,-1.249046
91,68,3.141593
91,71,-0.785398
91,72,3.141593
91,87,1.570796
92,36,-2.356194
92,39,-1.570796
92,46,1.570796
92,69,0.000000
92,73,0.000000
92,74,1.892547
92,82,-1.249046
92,84,-1.570796
92,87,-2.819842
93,14,-1.570796
93,22,1.570796
93,24,0.785398
93,27,0.785398
93,30,0.785398
93,40,1.570796
93,46,-0.321751
93,47,2.819842
93,57,0.000000
93,66,0.000000
93,67,1.892547
93,70,-1.249046
93,71,3.141593
93,75,2.819842
93,78,-1.249046
93,80,1.892547
94,25,2.819842
94,27,-0.321751
94,28,2.819842
94,30,-0.321751
94,31,2.819842
94,37,1.570796
94,40,-0.321751
94,41,2.819842
94,47,-1.570796
94,58,-1.570796
94,67,-1.249046
94,68,3.141593
94,80,-1.249046
94,81,3.141593
94,86,-2.819842
95,25,-2.356194
95,37,-0.321751
95,38,2.819842
95,41,-1.570796
95,63,0.000000
95,64,1.892547
95,73,0.000000
95,74,0.000000
95,82,0.785398
95,83,2.356194
95,84,-0.785398
95,85,-1.892547
96,25,0.000000
96,28,-0.321751
96,29,2.819842
96,31,-0.321751
96,32,2.819842
96,38,-2.356194
96,52,1.570796
96,64,-1.249046
96,65,-2.356194
96,66,3.141593
96,75,-0.785398
96,76,-1.570796
96,77,-2.356194
96,78,0.785398
96,79,1.892547
97,21,-1.249046
97,23,-1.570796
97,24,-2.356194
97,29,-2.356194
97,32,-2.356194
97,38,-1.570796
97,53,3.141593
97,68,0.000000
97,79,-1.249046
97,80,-2.356194
97,81,-0.785398
98,26,-1.570796
98,29,-1.570796
98,32,-1.570796
98,35,-1.570796
98,43,-2.356194
98,46,-1.570796
98,50,-2.356194
98,54,-2.356194
98,59,3.141593
98,62,-2.356194
98,64,0.000000
98,66,3.141593
98,70,-2.356194
