8,61,2.356194
9,44,1.570796
10,49,1.249046
10,58,0.785398
10,61,2.819842
11,36,-0.321751
12,31,1.249046
12,33,1.892547
12,40,1.570796
12,49,-1.249046
13,28,1.249046
13,36,-0.785398
13,52,-1.249046
13,76,2.356194
14,25,1.249046
14,40,-2.819842
14,45,-1.570796
15,57,1.892547
15,66,1.892547
15,73,0.321751
16,73,-0.785398
17,55,-0.321751
18,26,-0.321751
18,29,2.819842
18,53,1.892547
18,69,-2.819842
18,72,0.785398
20,17,2.819842
20,43,1.892547
20,45,1.249046
20,70,1.570796
21,17,-2.356194
21,53,-1.249046
21,72,-1.249046
22,32,-2.819842
22,37,0.321751
22,45,-1.249046
23,49,1.570796
23,59,0.785398
23,60,1.892547
23,81,0.785398
24,22,-2.819842
24,37,-0.321751
24,55,-0.321751
24,81,-0.785398
24,82,3.141593
25,69,1.249046
25,70,2.356194
25,72,0.785398
25,73,1.892547
25,80,1.570796
26,23,1.570796
26,54,1.892547
27,13,1.249046
27,15,1.892547
27,18,1.249046
27,38,0.000000
27,49,0.000000
27,81,2.819842
28,11,1.249046
28,26,2.819842
28,31,-2.356194
28,38,-0.785398
28,46,2.819842
28,62,-0.785398
28,73,-0.321751
29,10,0.321751
29,31,2.356194
29,42,0.321751
29,49,0.000000
29,56,-0.321751
29,65,1.249046
29,66,3.141593
29,81,3.141593
30,5,0.321751
30,25,0.321751
30,28,2.356194
30,31,3.141593
30,35,0.321751
30,39,2.819842
30,42,-0.785398
30,53,3.141593
30,63,-2.356194
30,64,-0.785398
30,70,-1.249046
30,71,-2.356194
30,72,0.785398
31,5,-0.785398
31,10,-0.321751
31,67,-0.785398
31,81,3.141593
32,32,-2.356194
32,33,0.785398
32,39,-1.570796
32,40,-2.356194
32,41,-0.785398
32,42,-1.570796
32,43,-2.356194
32,44,-0.785398
32,51,-1.249046
32,77,0.000000
32,81,-2.356194
33,11,-0.321751
33,46,-1.249046
33,53,-1.249046
33,54,-2.356194
33,55,-0.785398
33,56,-1.892547
33,75,-2.356194
34,59,0.321751
34,61,2.819842
34,75,0.785398
34,82,0.785398
34,83,1.892547
34,86,0.000000
35,59,-0.785398
35,80,-0.321751
35,85,3.141593
36,4,0.321751
36,6,-2.356194
36,8,0.785398
36,9,1.570796
36,30,3.141593
36,60,-0.785398
36,62,2.819842
36,72,0.785398
37,4,-0.785398
37,26,1.249046
37,28,2.356194
37,62,-2.356194
37,71,0.785398
37,77,-2.356194
37,79,0.785398
38,15,2.356194
38,16,0.785398
38,24,-0.321751
38,62,0.785398
38,71,-0.321751
39,9,0.321751
39,22,2.356194
39,62,0.000000
39,72,-1.249046
40,33,2.356194
40,40,1.570796
40,77,2.819842
41,6,1.249046
41,11,-1.892547
41,13,-1.570796
41,30,2.356194
41,33,3.141593
41,74,-0.321751
41,79,1.570796
41,85,1.892547
41,87,2.356194
42,17,0.785398
42,46,1.249046
42,47,2.356194
42,48,0.785398
42,49,1.570796
42,50,2.356194
42,52,0.785398
42,53,1.892547
42,87,3.141593
43,17,-1.570796
43,53,-1.249046
43,54,3.141593
43,56,1.249046
43,57,2.356194
43,81,3.141593
43,85,-1.892547
43,87,-2.356194
44,3,0.321751
44,23,0.000000
44,28,2.356194
44,29,-0.785398
44,33,-1.892547
44,39,-0.785398
44,40,-1.570796
44,41,-2.356194
44,43,0.785398
44,61,-2.356194
44,74,3.141593
44,83,-1.570796
45,17,-2.356194
45,18,0.000000
45,25,0.785398
45,27,-1.892547
45,46,-2.356194
45,56,-1.570796
45,76,-1.570796
45,82,2.356194
46,3,0.000000
46,5,-1.892547
46,21,-1.892547
46,32,2.819842
46,44,-0.785398
46,73,-0.785398
46,75,2.356194
46,78,-0.321751
47,3,-0.785398
47,7,0.321751
47,16,0.785398
47,32,-2.356194
47,58,0.785398
47,59,2.356194
47,63,0.000000
47,70,0.000000
47,71,0.785398
47,72,2.356194
47,82,-0.321751
47,87,2.356194
48,21,1.249046
48,22,3.141593
48,39,0.000000
48,40,3.141593
48,60,0.000000
48,64,-1.570796
48,72,-2.356194
48,75,-0.321751
48,76,2.819842
48,79,0.785398
48,87,3.141593
49,10,0.000000
49,11,-1.892547
49,15,0.000000
49,19,0.785398
49,34,0.000000
49,35,3.141593
49,45,0.785398
49,65,2.356194
49,72,0.785398
49,81,2.356194
49,82,-0.785398
49,83,-1.892547
49,87,-2.356194
50,4,0.000000
50,13,1.249046
50,14,3.141593
50,21,-1.570796
50,28,1.249046
50,30,-1.570796
50,31,-2.356194
50,32,3.141593
50,45,-0.321751
50,63,0.000000
50,66,2.356194
50,72,-0.785398
50,73,3.141593
51,27,-0.785398
51,28,-1.892547
51,69,0.785398
51,70,1.570796
51,71,3.141593
51,74,0.000000
52,12,-1.892547
52,16,1.249046
52,25,3.141593
52,33,1.249046
52,34,2.356194
52,35,3.141593
52,46,-0.785398
52,48,0.000000
52,58,1.570796
52,61,-1.249046
52,63,2.356194
52,68,3.141593
53,14,1.249046
53,28,1.249046
53,29,2.356194
53,32,-0.785398
53,33,-1.892547
53,46,2.356194
53,63,-1.570796
53,70,-0.785398
53,71,3.141593
53,75,-0.785398
53,78,-0.785398
53,86,1.570796
54,2,0.321751
54,17,0.785398
54,19,-1.892547
54,26,1.249046
54,28,-1.892547
54,43,0.000000
54,51,1.892547
54,64,1.570796
54,67,0.000000
54,69,2.356194
54,75,0.785398
54,82,-0.321751
55,2,-0.785398
55,17,-1.570796
55,21,0.000000
55,26,-1.892547
55,35,1.249046
55,36,2.356194
55,38,3.141593
55,46,-1.249046
55,47,-2.356194
55,53,1.892547
55,64,-0.321751
55,67,-1.570796
55,69,-2.356194
55,79,0.785398
56,12,-1.892547
56,15,1.249046
56,16,3.141593
56,30,1.249046
56,31,2.356194
56,34,-0.785398
56,35,-1.892547
56,40,0.000000
56,58,1.570796
56,62,2.819842
56,73,0.785398
56,74,3.141593
57,19,1.570796
57,22,-0.785398
57,26,2.356194
57,29,-0.785398
57,30,-1.892547
57,54,-1.249046
57,55,3.141593
57,58,-0.321751
57,66,-1.570796
58,2,0.321751
58,10,-2.819842
58,13,0.000000
58,14,-1.892547
58,17,1.249046
58,35,0.000000
58,46,0.000000
58,47,1.892547
58,51,-1.249046
58,52,3.141593
58,56,1.570796
59,2,-0.785398
59,12,1.570796
59,16,0.321751
59,22,1.249046
59,24,-1.892547
59,33,3.141593
59,42,0.785398
59,43,1.892547
59,56,-0.785398
59,57,3.141593
59,71,0.000000
59,72,2.356194
59,76,2.356194
59,82,-1.249046
59,84,-1.892547
59,86,-2.356194
60,10,0.785398
60,20,1.249046
60,22,-1.892547
60,43,-1.249046
60,45,1.892547
60,49,2.819842
60,54,0.000000
60,55,2.356194
60,58,1.570796
60,61,-2.356194
60,65,2.819842
60,68,1.570796
60,72,-2.356194
60,78,-1.570796
61,14,1.249046
61,16,-2.356194
61,18,1.249046
61,20,-1.892547
61,25,1.249046
61,26,2.356194
61,33,0.000000
61,39,0.785398
61,40,1.892547
61,46,2.819842
61,49,-1.570796
61,52,0.785398
61,55,-1.570796
61,59,2.819842
61,68,-0.321751
61,72,2.356194
61,75,-0.321751
61,76,2.819842
61,79,1.570796
62,10,-2.819842
62,24,0.000000
62,25,-1.892547
62,40,-1.249046
62,41,-2.356194
62,42,3.141593
62,46,-1.570796
62,50,1.570796
62,53,1.570796
62,56,0.000000
62,57,2.356194
62,59,-1.570796
62,66,2.819842
62,81,1.570796
62,83,1.892547
62,86,2.356194
63,3,0.000000
63,5,-1.892547
63,8,0.321751
63,21,1.249046
63,22,2.356194
63,29,1.249046
63,30,2.356194
63,50,-0.321751
63,51,2.819842
63,53,-0.321751
63,54,2.819842
63,57,-2.356194
63,63,0.000000
63,64,2.356194
63,73,2.819842
63,76,-0.321751
63,77,2.819842
63,86,3.141593
64,3,-0.785398
64,8,-1.570796
64,27,1.249046
64,29,-1.892547
64,36,-2.356194
64,44,0.785398
64,51,-1.570796
64,54,-1.570796
64,64,-2.356194
64,66,-0.321751
64,67,2.819842
64,70,-0.321751
64,77,-2.356194
64,83,-1.892547
64,86,-2.356194
65,3,0.785398
65,10,0.321751
65,20,-1.892547
65,24,1.249046
65,25,2.356194
65,26,-0.785398
65,27,-1.892547
65,38,0.000000
65,64,0.785398
65,74,2.819842
66,3,0.000000
66,64,-0.321751
66,65,2.819842
66,67,-0.321751
66,68,2.819842
66,71,-0.785398
66,74,-1.570796
66,77,0.785398
67,14,-2.819842
67,34,0.000000
67,35,0.785398
67,36,1.892547
67,41,-2.356194
67,46,-2.356194
67,62,2.356194
67,65,-2.356194
67,75,1.570796
67,78,2.819842
68,3,0.000000
68,5,-1.892547
68,12,0.321751
68,17,-2.819842
68,29,3.141593
68,36,-1.249046
68,37,-2.356194
68,43,1.570796
68,59,0.785398
68,61,0.000000
68,65,0.785398
68,68,-0.321751
68,69,2.819842
68,75,0.000000
68,78,-2.356194
69,3,-0.785398
69,7,-0.785398
69,15,0.321751
69,25,1.249046
69,26,3.141593
69,39,1.570796
69,59,0.000000
69,65,-0.321751
69,66,2.819842
69,69,-2.356194
69,75,-0.785398
70,3,0.785398
70,12,-2.819842
70,35,0.000000
70,40,3.141593
70,59,-0.785398
70,63,1.570796
70,69,2.356194
70,72,0.785398
70,76,1.570796
70,79,2.356194
71,3,0.000000
71,7,2.356194
71,10,0.321751
71,14,0.321751
71,15,-2.819842
71,18,0.321751
71,33,1.570796
71,37,-2.356194
71,48,1.570796
71,60,1.570796
71,66,-0.321751
71,72,-0.321751
71,76,-0.321751
71,79,3.141593
72,7,-2.356194
72,10,-1.570796
72,14,-1.570796
72,18,-1.570796
72,23,-1.892547
72,33,-1.570796
72,57,-1.570796
72,61,2.819842
72,70,2.819842
72,74,2.819842
73,3,0.000000
73,5,-1.892547
73,8,0.785398
73,9,3.141593
73,13,1.570796
73,21,-1.570796
73,26,2.356194
73,39,1.570796
73,45,0.785398
73,55,0.785398
73,59,0.785398
73,63,0.785398
73,67,0.785398
73,70,-1.570796
73,79,-1.570796
73,80,-2.356194
74,3,-0.785398
74,13,-2.819842
74,16,1.570796
74,20,1.570796
74,39,0.785398
74,45,-0.321751
74,46,2.819842
74,50,0.785398
74,55,-0.321751
74,56,2.819842
74,67,-0.321751
74,68,2.819842
74,71,1.570796
74,74,-0.321751
74,75,2.819842
74,85,1.570796
75,7,0.321751
75,8,-2.819842
75,11,0.321751
75,15,0.321751
75,16,-2.819842
75,19,0.321751
75,20,-2.819842
75,23,0.000000
75,24,0.000000
75,32,0.785398
75,39,-0.321751
75,40,2.819842
75,46,-2.356194
75,48,-1.570796
75,51,-2.356194
75,56,-2.356194
75,71,-0.321751
75,72,2.819842
75,75,-2.356194
75,83,0.000000
75,85,-2.819842
76,11,-1.570796
76,15,-1.570796
76,19,-1.570796
76,25,2.356194
76,40,-2.356194
76,53,-1.570796
76,66,2.819842
76,68,-0.321751
76,69,2.819842
77,6,0.321751
77,10,1.570796
77,18,1.570796
77,25,-2.819842
77,29,2.356194
77,34,-2.356194
77,37,0.785398
77,43,0.785398
77,49,1.570796
77,51,1.570796
77,56,0.785398
77,59,0.000000
77,61,-1.570796
77,64,1.570796
77,69,-1.570796
77,73,3.141593
77,76,2.356194
78,10,-2.819842
78,17,0.321751
78,18,-2.819842
78,23,0.321751
78,27,1.249046
78,28,3.141593
78,43,-0.321751
78,44,2.819842
78,46,-1.570796
78,51,-1.570796
78,54,1.570796
78,56,-0.321751
78,57,2.819842
78,62,0.785398
78,64,3.141593
78,66,-0.321751
78,67,2.819842
78,74,0.000000
78,76,-2.819842
79,17,-0.785398
79,23,-1.570796
79,35,0.785398
79,38,-1.570796
79,44,-2.356194
79,57,-2.356194
79,62,-0.785398
79,67,-2.356194
79,70,0.785398
80,9,-1.249046
80,11,1.570796
80,12,3.141593
80,22,3.141593
80,25,0.321751
80,33,3.141593
80,49,-1.570796
80,52,1.570796
80,54,-1.570796
80,57,-1.570796
80,64,-0.321751
80,65,2.819842
80,70,-0.321751
80,73,0.785398
80,75,-2.819842
81,7,-2.819842
81,16,3.141593
81,21,-1.570796
81,25,-1.570796
81,41,-1.570796
81,47,1.570796
81,62,-1.570796
81,65,-2.356194
82,4,0.321751
82,15,-1.570796
82,24,1.570796
82,28,3.141593
82,50,1.570796
82,52,-1.570796
82,58,1.570796
82,60,-1.570796
82,65,0.785398
82,68,0.785398
82,75,2.819842
82,83,1.570796
83,4,-0.785398
83,7,0.000000
83,8,1.892547
83,10,1.570796
83,27,-1.570796
83,30,1.249046
83,31,2.356194
83,44,-1.570796
83,66,2.819842
83,68,-0.321751
83,69,2.819842
83,71,-0.785398
83,83,-2.819842
84,4,0.785398
84,10,-2.819842
84,18,1.570796
84,25,0.785398
84,26,3.141593
84,29,0.321751
84,32,2.356194
84,34,1.570796
84,50,-1.570796
84,58,-1.570796
84,61,1.570796
84,66,-2.356194
84,71,2.356194
85,4,-0.321751
85,6,2.356194
85,13,1.570796
85,18,-2.819842
85,21,0.321751
85,29,-1.570796
85,32,-2.819842
85,52,1.570796
85,54,1.570796
85,56,1.570796
85,69,0.000000
85,71,-2.356194
85,77,1.570796
85,78,2.356194
86,9,-2.356194
86,13,-2.819842
86,21,-1.570796
86,24,0.321751
86,25,-2.819842
86,56,-1.570796
86,64,0.785398
86,66,2.356194
86,69,-0.785398
86,72,1.570796
86,81,-2.356194
87,5,0.000000
87,7,-1.892547
87,10,0.785398
87,12,-1.892547
87,15,0.321751
87,20,1.570796
87,24,-1.570796
87,30,0.321751
87,31,-2.819842
87,34,2.356194
87,45,1.570796
87,47,-1.570796
87,50,1.570796
87,59,1.570796
87,62,1.570796
87,72,-0.321751
88,5,-0.785398
88,10,-0.785398
88,15,-1.570796
88,20,-2.819842
88,23,1.570796
88,26,1.570796
88,30,-0.785398
88,33,0.321751
88,34,-2.819842
88,37,-1.570796
88,54,-1.570796
88,70,1.570796
88,75,-1.892547
88,80,1.570796
89,5,0.785398
89,10,2.356194
89,18,0.321751
89,22,0.321751
89,23,-2.819842
89,25,0.321751
89,26,-2.819842
89,30,2.356194
89,33,-1.570796
89,67,2.819842
89,70,-0.321751
89,80,-2.819842
90,5,0.000000
90,9,-0.785398
90,10,-2.356194
90,14,2.356194
90,18,-1.570796
90,25,-0.785398
90,28,1.249046
90,30,-2.356194
90,32,1.570796
90,54,1.570796
90,57,1.570796
90,63,0.000000
90,67,-2.356194
91,5,-0.785398
91,11,0.000000
91,12,1.570796
91,14,-2.356194
91,21,0.321751
91,22,-2.819842
91,28,-1.892547
91,32,-2.819842
91,36,1.570796
91,50,-1.570796
91,52,-1.570796
91,54,-1.570796
91,65,-2.356194
91,67,0.785398
92,15,0.785398
92,16,3.141593
92,21,-1.570796
92,25,0.000000
92,26,-1.892547
92,39,1.570796
92,62,0.785398
92,65,0.785398
92,67,-0.785398
92,68,3.141593
92,70,0.000000
92,71,-1.892547
93,12,-2.356194
93,24,1.570796
93,29,0.000000
93,30,-1.892547
93,45,-1.570796
93,50,1.570796
93,57,-1.570796
93,60,-1.570796
93,62,-0.321751
93,63,2.819842
93,65,-0.321751
93,69,0.000000
94,13,0.000000
94,15,-2.819842
94,23,0.321751
94,24,-2.819842
94,28,1.570796
94,38,-0.785398
94,50,-1.570796
94,63,-2.356194
94,66,-2.356194
95,19,2.356194
95,23,-1.570796
95,27,0.321751
95,28,-2.819842
95,31,1.570796
95,55,1.570796
95,69,0.785398
95,73,0.000000
95,74,-1.892547
96,16,1.570796
96,17,2.356194
96,18,-0.785398
96,27,-1.570796
96,38,2.356194
96,52,1.570796
96,66,0.785398
97,12,-1.892547
97,34,-1.570796
97,41,2.356194
97,47,2.356194
97,57,0.000000
97,60,3.141593
97,68,-0.785398
97,69,-1.892547
98,21,-0.785398
98,25,-0.785398
98,30,-1.570796
98,37,-1.570796
98,40,-0.785398
98,46,-0.785398
98,52,-1.570796
98,55,-1.570796
98,65,-0.785398
98,66,-1.892547
