13,52,0.785398
13,53,1.570796
13,54,2.356194
14,27,0.785398
14,28,2.356194
14,73,2.356194
15,28,-1.570796
17,80,2.356194
21,64,1.249046
21,82,2.356194
22,66,-2.356194
26,33,0.321751
26,35,2.819842
26,58,1.249046
26,60,-1.892547
27,43,2.356194
27,55,2.356194
27,57,-0.785398
27,58,-1.892547
28,11,3.141593
28,33,-0.785398
28,40,1.249046
28,41,2.356194
28,48,1.249046
28,49,2.356194
28,51,-0.785398
28,52,-1.892547
28,85,3.141593
29,39,-0.785398
29,40,-1.892547
29,63,0.000000
29,65,-0.785398
29,66,-1.570796
29,74,0.321751
30,7,0.321751
30,36,0.000000
30,57,3.141593
30,74,-0.785398
31,7,-1.570796
31,34,3.141593
31,41,3.141593
31,45,0.000000
31,47,-1.570796
31,48,-2.356194
31,53,3.141593
31,60,0.000000
31,65,3.141593
31,68,0.785398
31,74,2.356194
32,15,1.570796
32,25,0.000000
32,37,0.000000
32,69,-2.356194
33,29,1.249046
33,30,3.141593
33,43,0.000000
33,44,-0.785398
33,54,0.000000
33,56,3.141593
33,74,-1.249046
33,75,-2.356194
33,78,-0.785398
33,79,-1.892547
34,28,-0.785398
34,29,-1.892547
34,40,0.000000
34,41,3.141593
35,13,0.321751
35,17,-2.819842
35,32,2.356194
35,38,2.356194
35,46,1.570796
35,70,1.570796
35,88,2.819842
36,13,-0.785398
36,19,1.570796
36,23,1.249046
36,24,2.356194
36,29,1.249046
36,30,2.356194
36,37,-0.785398
36,41,0.000000
36,70,-1.570796
36,72,0.000000
36,78,0.785398
36,79,1.892547
36,88,-2.356194
37,6,0.785398
37,19,0.785398
37,22,0.000000
37,23,-1.892547
37,27,1.249046
37,29,-1.892547
37,44,0.000000
37,52,0.785398
37,79,-1.249046
37,80,-2.356194
37,84,-0.785398
37,85,-1.892547
38,6,-0.785398
38,7,3.141593
38,19,-0.785398
38,20,-2.356194
38,26,-0.785398
38,27,-1.892547
38,45,-1.249046
38,46,-2.356194
38,48,3.141593
38,54,3.141593
38,88,2.356194
39,12,-0.785398
39,13,-1.892547
39,17,1.249046
39,18,3.141593
39,40,0.000000
39,41,3.141593
39,65,0.000000
39,74,3.141593
39,76,0.000000
39,78,3.141593
39,86,0.785398
40,16,0.000000
40,17,-1.892547
40,33,0.000000
40,35,3.141593
40,80,0.000000
40,84,0.785398
40,89,2.819842
41,15,1.570796
41,20,1.249046
41,21,3.141593
41,44,0.000000
41,46,3.141593
41,61,0.000000
41,63,3.141593
41,66,0.785398
41,85,-1.249046
41,87,-1.892547
41,89,-2.356194
42,14,0.000000
42,19,0.000000
42,20,-1.892547
42,68,3.141593
42,77,0.000000
42,78,3.141593
43,81,0.000000
44,11,1.249046
44,12,3.141593
44,16,0.000000
44,31,0.785398
44,44,0.000000
44,45,3.141593
44,88,-0.785398
44,90,2.819842
45,32,1.570796
45,76,0.000000
45,78,3.141593
45,90,-1.570796
46,4,0.785398
46,6,1.249046
46,7,2.356194
46,21,1.570796
46,33,-2.356194
46,34,3.141593
46,81,0.000000
47,4,0.000000
47,12,1.570796
47,21,0.785398
47,91,2.356194
48,4,-1.570796
48,6,-1.249046
48,8,-1.892547
48,22,3.141593
48,90,-0.785398
49,82,0.000000
49,83,3.141593
50,10,3.141593
50,14,1.570796
50,25,0.000000
50,85,0.000000
51,9,-1.570796
51,26,-2.356194
51,74,0.000000
51,76,3.141593
52,3,0.785398
52,7,1.249046
52,8,3.141593
52,13,0.000000
52,14,-1.570796
52,15,-2.356194
52,16,3.141593
52,44,0.000000
52,45,3.141593
52,90,3.141593
53,3,-0.321751
53,5,2.356194
53,6,-0.785398
53,7,-1.892547
53,10,0.000000
53,22,3.141593
53,30,0.000000
53,31,3.141593
53,34,1.570796
54,26,-1.570796
54,73,0.000000
54,76,3.141593
55,82,0.000000
55,83,3.141593
55,89,0.785398
56,12,3.141593
56,18,1.570796
56,34,2.356194
56,91,3.141593
57,4,0.785398
57,18,-2.819842
57,33,0.321751
57,34,-2.819842
57,72,0.000000
57,73,3.141593
57,75,0.000000
57,76,3.141593
58,4,0.000000
58,33,-0.785398
59,4,-0.785398
59,17,-2.356194
60,9,1.249046
60,10,3.141593
60,74,0.000000
60,75,3.141593
60,91,1.570796
61,4,0.785398
61,24,1.570796
61,91,-1.570796
62,4,0.000000
62,7,-0.785398
62,8,-1.892547
62,18,-1.570796
63,4,-0.785398
63,31,1.570796
63,90,0.785398
64,23,-1.570796
64,30,0.000000
64,44,0.000000
64,46,3.141593
64,91,-2.356194
65,4,0.785398
66,4,0.000000
66,8,3.141593
66,12,2.356194
66,34,0.000000
66,39,0.785398
66,40,1.892547
67,4,-0.785398
67,27,-0.785398
67,40,-1.249046
67,41,-2.356194
67,42,3.141593
67,50,0.000000
67,51,3.141593
68,75,0.000000
68,76,3.141593
69,4,0.785398
69,22,2.356194
69,33,1.570796
70,4,0.000000
70,12,1.249046
70,13,3.141593
70,18,3.141593
70,90,0.785398
71,4,-0.785398
71,24,0.000000
71,25,3.141593
71,39,1.570796
71,91,-2.356194
72,10,0.000000
72,11,-1.892547
72,21,-1.570796
72,27,1.570796
72,56,3.141593
73,4,0.785398
73,14,2.356194
73,18,1.249046
73,19,2.356194
73,35,-2.356194
73,53,-0.785398
74,4,0.000000
74,13,3.141593
74,17,0.000000
74,18,-1.892547
74,20,1.570796
74,27,-1.570796
75,4,-0.785398
75,12,-1.570796
75,21,-2.356194
75,22,3.141593
76,15,1.570796
76,38,-1.570796
77,9,1.249046
77,10,3.141593
77,15,-2.819842
77,24,2.356194
77,31,1.570796
77,59,3.141593
77,61,0.000000
77,64,3.141593
78,23,-0.785398
78,31,-1.570796
78,45,3.141593
78,47,0.785398
78,54,0.000000
79,26,2.356194
79,48,-2.356194
80,10,1.249046
80,12,-1.892547
80,35,2.356194
81,16,0.785398
81,20,1.570796
81,24,0.321751
81,26,2.819842
81,53,2.356194
81,76,0.000000
82,5,-0.785398
82,20,2.356194
82,24,-1.570796
82,26,-1.570796
82,49,0.000000
82,81,3.141593
83,16,1.570796
83,19,0.321751
83,20,-2.819842
83,42,-1.570796
84,16,-2.819842
84,19,-0.785398
84,22,-0.785398
85,6,-0.785398
85,25,2.356194
85,36,1.570796
85,55,0.000000
86,36,-1.570796
86,41,0.000000
86,44,3.141593
86,62,3.141593
87,22,1.249046
87,23,3.141593
88,11,0.321751
89,15,1.249046
89,16,3.141593
89,20,0.000000
89,21,-1.892547
89,25,2.356194
89,52,0.000000
89,53,3.141593
89,71,0.785398
89,91,1.570796
90,12,-2.356194
90,14,-0.785398
90,15,-1.892547
90,24,1.570796
90,48,0.000000
90,49,3.141593
90,72,-2.356194
91,18,1.570796
91,23,0.000000
91,82,0.785398
91,91,2.356194
92,18,-2.819842
92,22,1.570796
92,27,2.356194
92,52,3.141593
92,83,-2.356194
92,90,0.321751
92,91,-2.819842
93,9,-1.570796
93,22,-2.819842
93,30,2.356194
93,44,2.356194
93,90,-0.785398
94,32,1.570796
94,43,-0.785398
95,75,0.785398
95,79,0.785398
96,15,-1.570796
96,18,0.000000
96,19,-1.892547
96,28,-1.570796
96,45,-0.785398
96,50,2.356194
96,80,-2.356194
96,90,-1.570796
97,37,2.356194
97,49,-0.785398
97,58,0.000000
97,59,3.141593
97,67,0.000000
97,68,3.141593
97,77,-2.356194
98,22,-1.570796
98,29,-0.785398
98,36,-0.785398
98,55,0.000000
98,56,3.141593
