20,21,1.249046
20,22,2.356194
20,41,0.785398
20,42,1.570796
20,43,2.356194
20,63,0.785398
20,64,1.892547
21,20,0.321751
22,20,-0.785398
26,21,3.141593
30,15,0.321751
30,78,3.141593
31,15,-0.785398
32,15,2.356194
32,53,0.321751
33,14,0.321751
33,53,-0.785398
34,14,-1.570796
36,13,0.785398
37,13,-0.785398
37,14,3.141593
37,32,1.570796
38,32,0.000000
39,32,-0.785398
40,43,0.000000
40,44,3.141593
40,53,2.356194
41,41,1.249046
41,42,3.141593
41,51,0.000000
41,52,-0.785398
41,83,2.356194
42,36,0.785398
42,57,0.000000
42,58,3.141593
43,36,0.000000
43,38,1.570796
43,40,-1.892547
43,61,0.000000
43,63,-0.785398
43,64,-1.892547
44,36,-0.785398
45,10,0.321751
45,12,3.141593
45,38,3.141593
46,10,-1.570796
46,27,0.000000
46,28,3.141593
46,32,0.785398
47,37,-0.785398
47,38,-1.570796
48,29,0.000000
48,31,-0.785398
48,32,-1.892547
48,40,-1.570796
49,64,1.570796
49,73,0.000000
49,75,-0.785398
49,76,-1.892547
50,9,2.356194
51,8,0.321751
51,18,0.785398
51,64,2.356194
52,8,-1.570796
52,66,1.249046
52,67,2.356194
53,69,-2.356194
54,63,-1.892547
55,65,0.785398
56,65,0.000000
56,72,3.141593
57,19,3.141593
57,65,-0.785398
57,67,0.000000
57,68,1.570796
57,69,3.141593
57,87,2.356194
58,40,-0.785398
59,24,0.000000
59,25,3.141593
59,71,3.141593
59,81,0.000000
59,85,-0.785398
59,86,-1.892547
60,19,0.000000
60,21,3.141593
61,14,0.000000
61,17,3.141593
62,65,-1.570796
63,6,2.356194
63,20,3.141593
64,5,0.321751
65,5,-0.785398
65,68,0.000000
65,69,3.141593
68,49,0.000000
68,50,3.141593
68,71,0.000000
68,75,3.141593
68,77,0.000000
68,78,3.141593
69,17,2.356194
70,16,-0.785398
70,17,-2.356194
71,8,1.249046
71,10,2.356194
71,18,0.000000
71,73,0.000000
71,74,3.141593
72,4,0.321751
72,6,-2.356194
72,10,-1.570796
72,14,-2.819842
72,19,-1.570796
72,81,0.000000
72,83,3.141593
73,4,-0.785398
73,8,-1.570796
73,13,-1.892547
74,4,0.785398
74,11,-1.892547
75,4,0.000000
75,8,-0.785398
75,9,-1.892547
76,4,-0.785398
76,15,1.249046
76,16,2.356194
77,14,-0.785398
77,15,-1.892547
79,3,0.321751
79,5,-2.356194
79,19,0.000000
79,20,3.141593
80,3,-0.785398
80,17,3.141593
81,34,0.000000
81,35,3.141593
82,8,1.249046
82,9,2.356194
82,28,0.785398
83,3,0.785398
83,16,0.000000
83,19,3.141593
83,29,0.000000
84,3,0.000000
84,6,-0.785398
84,7,-1.892547
84,12,0.000000
84,14,3.141593
84,30,-1.570796
84,63,0.000000
84,64,3.141593
85,3,-0.785398
85,9,0.000000
85,10,3.141593
85,41,3.141593
86,21,3.141593
87,13,0.000000
87,72,0.785398
88,3,0.785398
88,11,3.141593
88,24,0.000000
88,26,3.141593
88,74,3.141593
89,3,-0.785398
89,4,-2.356194
89,32,0.000000
89,33,3.141593
90,13,0.000000
90,14,3.141593
90,28,0.000000
90,30,3.141593
91,11,3.141593
91,24,0.000000
91,26,3.141593
92,6,1.249046
92,7,2.356194
92,22,3.141593
93,5,-0.785398
93,6,-1.892547
93,12,1.249046
93,13,2.356194
94,3,0.000000
94,11,-0.785398
94,12,-1.892547
94,26,0.000000
94,28,3.141593
95,8,-0.785398
95,17,0.000000
95,21,3.141593
95,50,0.000000
95,51,3.141593
96,3,0.785398
96,15,3.141593
96,44,0.000000
96,45,3.141593
96,54,0.000000
97,4,-2.356194
97,47,0.000000
97,56,-2.356194
97,89,-1.570796
98,17,0.000000
98,27,3.141593
98,30,0.000000
98,31,3.141593
98,49,-2.356194
98,67,0.000000
98,68,3.141593
