6,37,1.249046
6,38,3.141593
6,50,2.356194
7,18,1.249046
7,19,2.356194
8,34,3.141593
8,37,-1.570796
8,66,0.785398
8,67,1.570796
8,68,3.141593
9,55,0.785398
9,56,3.141593
10,31,0.321751
10,45,0.000000
10,46,-1.892547
10,55,-0.785398
11,16,-1.570796
11,31,-0.785398
11,55,0.785398
11,84,3.141593
12,41,0.000000
12,42,1.892547
12,44,2.356194
12,80,1.570796
12,82,-1.892547
13,44,-2.819842
13,69,1.249046
13,71,1.570796
13,72,2.356194
14,31,2.356194
15,20,0.000000
15,21,1.570796
15,22,2.356194
15,27,0.785398
15,28,1.570796
15,29,2.356194
15,30,-0.785398
15,31,-2.356194
15,47,0.785398
15,63,1.249046
15,65,1.570796
15,70,-2.356194
16,11,2.356194
16,38,0.785398
16,79,2.819842
17,27,0.321751
17,29,2.819842
17,33,0.000000
17,34,1.570796
17,35,2.356194
17,40,-0.785398
17,41,-1.570796
17,43,3.141593
17,51,-0.785398
17,58,-1.892547
17,60,0.785398
17,62,-1.892547
17,65,0.000000
17,69,-2.356194
18,9,0.321751
18,79,-2.819842
19,9,-1.570796
19,14,0.785398
19,15,1.570796
19,23,0.785398
19,25,1.249046
19,27,-1.570796
19,43,-0.321751
19,45,2.356194
19,50,-2.356194
19,54,-1.570796
19,60,-2.819842
19,74,0.000000
19,75,-1.892547
20,23,0.000000
20,37,-2.356194
20,49,1.570796
20,53,1.570796
20,59,-1.892547
20,63,0.000000
20,64,0.000000
20,72,0.785398
20,73,2.356194
20,77,0.000000
20,78,-1.570796
20,79,3.141593
20,81,1.249046
21,15,-0.321751
21,17,-2.819842
21,31,-0.785398
21,33,-1.249046
21,34,3.141593
21,43,0.000000
21,44,-2.356194
21,47,1.249046
21,53,-2.819842
21,70,-1.892547
21,73,-2.356194
21,85,1.570796
22,20,1.249046
22,21,2.356194
22,22,-0.785398
22,23,-1.570796
22,25,-1.570796
22,26,3.141593
22,31,2.356194
22,38,-2.356194
22,42,0.000000
22,45,0.785398
22,47,-1.892547
22,57,-2.819842
22,67,-1.570796
23,17,0.000000
23,18,1.570796
23,27,0.000000
23,28,1.570796
23,29,2.356194
23,31,3.141593
23,34,0.321751
23,43,1.570796
23,65,1.249046
23,66,3.141593
24,43,0.000000
24,49,0.000000
24,50,-1.892547
24,59,2.356194
24,64,0.000000
24,65,-1.892547
24,70,0.000000
24,73,-0.785398
25,17,0.321751
25,20,-1.570796
25,21,-2.356194
25,22,0.785398
25,23,1.570796
25,24,2.356194
25,26,0.785398
25,31,0.000000
25,33,-0.785398
25,36,-2.819842
25,48,1.570796
25,57,1.249046
25,58,3.141593
25,62,0.000000
25,79,2.356194
25,80,-0.785398
25,81,-1.892547
25,86,2.819842
26,7,0.321751
26,9,3.141593
26,17,-0.785398
26,47,0.000000
26,52,0.000000
26,56,0.000000
26,57,-1.892547
26,75,-0.321751
27,7,-1.570796
27,10,0.785398
27,12,1.892547
27,28,-1.249046
27,29,-2.356194
27,39,1.249046
27,40,2.356194
27,46,3.141593
27,51,1.570796
27,59,1.570796
27,76,-1.249046
27,86,-2.819842
28,14,1.570796
28,15,2.356194
28,16,-0.785398
28,17,-1.570796
28,18,3.141593
28,21,1.249046
28,23,-1.570796
28,24,3.141593
28,31,-1.249046
28,32,-2.356194
28,38,-0.785398
28,44,0.321751
28,50,0.000000
28,59,-1.570796
28,79,-1.249046
28,80,-2.356194
28,88,0.000000
28,89,-1.570796
28,90,3.141593
29,12,-1.892547
29,44,-1.570796
29,49,1.570796
29,72,3.141593
29,87,1.570796
30,41,0.785398
30,43,2.356194
30,49,-2.819842
31,17,1.249046
31,19,-1.892547
31,34,0.000000
31,38,1.892547
31,41,-1.570796
31,43,-1.570796
31,47,0.000000
31,48,-1.892547
31,64,3.141593
31,69,-0.785398
31,80,1.570796
31,83,-0.785398
31,88,2.819842
31,91,2.356194
32,14,-1.570796
32,15,-2.356194
32,16,-0.785398
32,17,-1.892547
32,24,0.785398
32,25,1.892547
32,32,0.000000
32,44,0.785398
32,45,2.356194
32,62,-0.785398
32,73,-0.785398
32,91,-2.819842
33,6,0.785398
33,31,1.570796
33,36,0.000000
33,38,-1.892547
33,71,2.356194
33,78,0.000000
33,79,-0.785398
33,80,-1.570796
33,81,-2.356194
34,8,1.892547
34,10,1.249046
34,36,-0.785398
34,58,3.141593
34,77,-0.785398
34,84,0.000000
34,85,-1.892547
35,5,0.321751
35,18,0.785398
35,19,2.356194
35,24,-0.785398
35,32,2.819842
35,49,3.141593
35,75,2.356194
35,87,0.321751
36,10,-1.249046
36,12,-1.892547
36,26,-1.249046
36,27,-2.356194
36,28,0.000000
36,36,2.356194
36,42,-2.819842
36,54,-0.785398
36,79,1.570796
36,82,0.321751
36,84,3.141593
36,87,-1.570796
36,90,2.356194
37,5,-0.321751
37,18,0.321751
37,20,3.141593
37,34,1.249046
37,40,-0.785398
37,41,-1.892547
37,45,1.249046
37,46,3.141593
37,52,2.356194
37,65,0.000000
37,72,-0.785398
37,79,-1.570796
37,82,-0.785398
37,85,0.785398
37,86,3.141593
37,90,3.141593
38,18,-0.785398
38,21,0.000000
38,22,1.892547
38,29,0.000000
38,44,0.000000
38,45,-1.892547
38,50,1.249046
38,51,3.141593
38,58,2.356194
39,7,2.819842
39,14,0.785398
39,15,1.892547
39,24,2.356194
39,26,0.785398
39,27,1.892547
39,42,1.249046
39,43,3.141593
39,49,0.000000
39,50,-1.892547
39,85,-0.785398
40,10,0.785398
40,19,-2.356194
40,20,0.785398
40,27,-1.249046
40,29,3.141593
40,36,-1.570796
40,41,0.321751
40,48,1.570796
40,54,1.249046
40,55,3.141593
40,61,2.356194
40,69,3.141593
40,84,0.000000
41,3,0.000000
41,11,-1.249046
41,12,-2.356194
41,21,-1.249046
41,23,-2.356194
41,29,-2.356194
41,37,1.570796
41,41,-1.570796
41,47,0.000000
41,66,0.000000
41,72,2.356194
41,78,2.356194
42,3,-0.785398
42,7,-1.892547
42,17,-2.819842
42,34,-2.356194
42,37,-0.321751
42,39,2.356194
42,52,0.000000
42,53,-1.892547
42,71,3.141593
42,83,0.000000
42,87,-1.570796
42,88,3.141593
43,27,3.141593
43,44,2.356194
43,51,-0.785398
43,70,-1.570796
43,75,0.000000
44,9,0.785398
44,10,1.570796
44,11,2.356194
44,14,-0.785398
44,15,-1.892547
44,37,0.000000
44,38,-2.356194
44,49,2.356194
44,56,-0.785398
44,69,-0.785398
44,85,0.785398
44,90,3.141593
45,24,0.785398
45,25,1.892547
45,30,0.000000
45,32,0.785398
45,33,1.892547
45,36,1.570796
45,39,0.000000
45,40,1.570796
45,41,2.356194
45,42,-0.785398
45,48,-0.785398
45,54,2.356194
45,79,-0.785398
46,25,-1.249046
46,27,1.892547
46,30,-0.785398
46,53,-0.785398
46,77,2.356194
47,8,-1.892547
47,27,-1.249046
47,28,3.141593
47,30,2.356194
47,40,-2.819842
47,76,-0.785398
48,12,1.249046
48,13,2.356194
48,21,0.785398
48,22,1.892547
48,29,-0.785398
48,30,-2.356194
48,38,0.321751
48,44,1.570796
48,80,0.785398
48,83,0.785398
48,89,0.785398
48,90,2.356194
49,9,0.000000
49,10,0.785398
49,22,-1.249046
49,23,-2.356194
49,33,2.356194
49,38,-1.570796
49,44,2.356194
49,49,2.356194
49,50,3.141593
49,61,0.000000
49,62,3.141593
49,68,2.356194
49,84,-1.570796
49,90,-2.356194
50,3,0.785398
50,5,-2.356194
50,36,1.249046
50,37,3.141593
50,42,1.249046
50,48,-1.570796
50,76,2.356194
50,85,1.570796
51,3,-1.570796
51,6,0.785398
51,7,2.356194
51,18,3.141593
51,29,0.000000
51,40,0.785398
51,46,0.000000
51,75,-0.785398
51,85,-0.321751
52,6,-0.785398
52,13,0.000000
52,22,0.000000
52,30,-0.785398
52,36,-1.570796
52,38,1.249046
52,39,3.141593
52,65,-0.785398
52,87,2.819842
53,2,-1.570796
53,27,3.141593
53,41,2.356194
53,50,2.356194
53,70,2.356194
53,78,1.570796
53,82,0.785398
53,83,1.892547
53,87,-1.570796
53,91,-1.570796
54,5,1.570796
54,33,0.785398
54,37,-1.570796
54,40,0.321751
54,41,-2.819842
54,44,1.570796
54,53,1.570796
54,69,-0.785398
54,76,0.785398
54,84,2.819842
55,5,-2.819842
55,9,2.356194
55,21,0.785398
55,22,1.892547
55,34,3.141593
55,36,1.570796
55,61,2.356194
55,88,-1.570796
56,3,0.321751
56,8,1.570796
56,16,3.141593
56,19,-0.785398
56,22,-1.249046
56,23,-2.356194
56,36,-2.819842
56,40,-2.819842
56,47,-0.785398
56,52,3.141593
56,60,-0.785398
56,65,2.356194
56,79,0.321751
56,81,2.819842
56,84,-0.321751
57,3,-0.785398
57,8,-2.819842
57,14,3.141593
57,28,3.141593
57,35,-0.785398
57,42,1.570796
57,51,-1.570796
57,77,2.356194
57,79,-0.785398
58,3,0.785398
58,6,0.000000
58,7,-1.892547
58,13,-1.570796
58,30,0.785398
58,42,-2.819842
58,46,2.356194
58,50,-0.785398
58,82,1.570796
58,86,-1.249046
58,87,3.141593
59,5,3.141593
59,12,1.570796
59,21,3.141593
59,32,3.141593
59,40,0.321751
59,62,-0.785398
59,77,0.000000
59,78,1.892547
59,82,-0.321751
59,83,2.819842
60,2,0.321751
60,9,1.249046
60,10,2.356194
60,11,-0.785398
60,17,-0.785398
60,37,-1.249046
60,38,3.141593
60,79,2.819842
60,83,-1.570796
61,4,-2.356194
61,46,1.570796
61,51,2.356194
61,55,2.356194
61,76,2.356194
61,79,-1.570796
62,2,0.000000
62,7,0.321751
62,17,0.000000
62,18,3.141593
62,42,3.141593
62,74,0.000000
62,75,0.000000
62,89,0.785398
63,2,-0.785398
63,13,3.141593
63,32,0.000000
63,33,3.141593
63,64,2.356194
63,71,0.785398
63,76,1.570796
63,81,1.570796
63,86,1.570796
63,89,-0.785398
63,90,3.141593
64,3,-2.356194
64,6,0.321751
64,7,-2.819842
64,11,1.570796
64,36,1.570796
64,41,-1.570796
64,44,1.249046
64,45,3.141593
64,76,-0.321751
64,77,2.819842
64,81,-0.321751
64,82,2.819842
64,86,-0.321751
64,88,3.141593
64,91,-2.356194
65,10,0.321751
65,11,-2.819842
65,19,1.570796
65,27,0.000000
65,29,3.141593
65,36,-1.570796
65,72,-1.570796
65,77,-1.570796
66,10,-1.570796
66,14,1.570796
66,78,-2.356194
66,82,-0.321751
67,4,-1.570796
67,66,1.570796
67,84,2.819842
67,89,0.000000
68,43,0.000000
68,54,0.785398
68,55,1.570796
68,56,2.356194
68,58,0.785398
68,59,1.570796
68,60,2.356194
68,62,0.785398
68,70,1.570796
68,80,1.570796
68,90,-1.570796
69,6,1.570796
69,9,-1.570796
69,42,3.141593
69,50,-0.785398
69,67,2.819842
69,71,3.141593
69,84,-0.321751
70,6,2.356194
70,27,3.141593
70,41,-0.785398
70,46,3.141593
70,67,-2.356194
70,76,0.785398
70,81,1.570796
70,85,-1.249046
70,86,3.141593
71,5,0.321751
71,6,-2.819842
71,21,3.141593
71,59,-1.570796
71,77,1.570796
71,81,-0.321751
71,87,1.570796
72,5,-0.785398
72,20,-1.570796
72,43,-2.356194
72,52,-2.356194
72,56,-2.356194
72,77,-0.321751
72,83,2.819842
72,87,-0.321751
73,8,1.570796
73,48,-2.356194
73,64,-1.570796
73,67,-1.570796
73,70,0.785398
73,74,-2.356194
73,79,2.819842
74,11,-1.570796
74,44,0.785398
74,53,0.785398
74,71,-2.356194
74,83,-0.321751
74,89,-1.570796
75,45,-2.356194
75,49,0.785398
75,54,-2.356194
75,58,1.570796
75,62,1.570796
75,65,1.570796
75,68,1.570796
75,76,1.570796
75,79,-0.321751
76,2,-1.570796
76,11,1.570796
76,22,1.570796
76,26,1.249046
76,27,2.356194
76,28,3.141593
76,76,0.785398
76,81,2.819842
76,86,2.819842
76,90,-1.570796
77,25,0.321751
77,46,0.785398
77,62,-1.570796
77,69,-2.356194
77,76,-0.321751
77,77,2.819842
77,86,-1.570796
78,25,-0.785398
78,51,-2.356194
78,59,-1.570796
78,77,-1.570796
78,81,-0.321751
79,22,-1.570796
79,25,-1.570796
79,43,1.570796
79,70,1.570796
80,11,-1.570796
80,52,0.785398
80,60,1.570796
80,66,-1.570796
80,70,-1.570796
80,74,1.570796
80,78,-1.570796
80,84,2.819842
81,22,1.570796
81,26,1.570796
81,60,-1.570796
81,64,1.570796
81,74,-1.570796
82,11,1.570796
82,53,-1.570796
82,57,1.570796
82,71,1.570796
82,85,3.141593
83,14,-1.570796
83,18,-1.570796
83,27,-2.356194
83,49,-2.356194
83,57,-1.570796
83,65,-2.356194
83,71,-1.570796
83,79,1.249046
83,81,1.892547
83,86,1.570796
83,91,-2.356194
84,44,-1.570796
84,54,1.570796
84,76,0.785398
84,86,-0.321751
84,87,2.819842
85,15,1.570796
85,34,0.785398
85,50,1.570796
85,87,-1.570796
86,19,1.570796
86,35,-2.356194
86,41,1.570796
86,44,1.570796
86,50,-1.570796
86,66,1.570796
86,75,0.000000
86,76,2.356194
86,79,-2.356194
86,84,2.819842
86,88,1.570796
87,15,-1.570796
87,19,-1.570796
87,23,-1.570796
87,32,0.785398
87,76,-2.356194
87,88,-0.321751
87,89,2.819842
88,33,-2.356194
88,44,-1.570796
88,76,0.785398
88,84,-0.321751
88,85,2.819842
88,89,-1.570796
89,15,0.785398
89,24,1.570796
89,41,-1.570796
89,67,-1.570796
89,76,0.000000
89,85,-1.570796
90,20,1.570796
90,31,1.570796
90,51,1.570796
90,54,-1.570796
90,71,1.570796
90,76,-0.785398
90,82,1.570796
91,31,0.785398
91,47,1.570796
91,68,1.570796
91,87,1.570796
92,8,2.356194
92,12,0.785398
92,21,-2.356194
92,26,1.570796
92,32,3.141593
92,54,1.570796
92,61,1.570796
92,75,0.321751
92,77,-2.356194
92,81,-0.785398
92,83,2.819842
92,87,-0.321751
92,89,3.141593
93,8,3.141593
93,13,2.819842
93,26,-0.321751
93,27,2.819842
93,34,3.141593
93,36,0.000000
93,38,3.141593
93,47,-1.570796
93,51,-1.570796
93,68,-1.570796
93,71,0.785398
93,75,-1.570796
94,10,1.249046
94,11,3.141593
94,13,-2.356194
94,23,1.570796
94,27,-1.570796
94,42,1.570796
94,71,-0.785398
94,73,1.570796
94,74,3.141593
94,83,-0.321751
94,84,2.819842
94,88,-0.321751
94,89,2.819842
95,5,-0.785398
95,42,-1.570796
95,46,2.356194
95,65,1.570796
95,69,2.356194
95,84,-2.356194
95,89,-1.570796
96,50,2.356194
96,68,-0.785398
96,76,1.570796
96,84,-1.570796
97,9,-1.570796
97,10,-2.356194
97,24,-1.570796
97,33,3.141593
97,37,0.785398
97,44,-0.785398
97,54,-1.570796
97,65,-1.570796
97,91,-2.356194
98,20,-2.356194
98,40,3.141593
98,49,-1.570796
98,61,-1.570796
98,68,-1.570796
98,73,-1.570796
98,77,-2.356194
98,81,-1.570796
