6,37,1.249046
6,38,3.141593
6,50,2.356194
7,18,1.249046
7,19,2.356194
8,34,3.141593
8,37,-1.570796
8,66,0.785398
8,67,1.570796
8,68,3.141593
9,55,0.785398
9,56,3.141593
10,31,0.321751
10,45,0.000000
10,46,-1.892547
10,55,-0.785398
11,16,-1.570796
11,31,-1.570796
11,55,0.785398
11,84,3.141593
12,41,0.000000
12,42,1.892547
12,44,2.356194
12,80,1.570796
12,82,-1.892547
13,44,-2.819842
13,67,0.785398
13,69,1.249046
13,71,1.570796
13,72,2.356194
14,58,3.141593
14,63,1.249046
14,65,1.892547
15,20,0.000000
15,21,1.570796
15,22,2.356194
15,27,0.785398
15,28,1.892547
15,30,2.356194
15,38,0.785398
15,58,-1.570796
15,70,-2.356194
16,11,2.356194
16,38,0.000000
16,53,-1.249046
16,55,3.141593
16,59,1.570796
16,65,-0.785398
16,79,2.819842
17,27,0.321751
17,38,-0.785398
17,43,-2.356194
17,51,-2.819842
17,55,-2.356194
17,61,-1.892547
17,69,-2.356194
18,9,0.321751
18,38,2.356194
18,43,0.785398
18,48,0.321751
18,55,-1.570796
18,58,0.321751
18,69,0.785398
18,79,-2.819842
19,9,-1.570796
19,23,0.785398
19,25,1.249046
19,34,0.785398
19,35,1.570796
19,36,2.356194
19,37,-0.785398
19,38,-2.356194
19,48,-1.570796
19,53,3.141593
19,58,-0.785398
19,66,0.785398
19,67,1.892547
19,74,0.000000
19,75,-1.892547
20,30,2.819842
20,39,1.570796
20,58,-1.570796
20,65,0.785398
20,69,-1.892547
20,72,0.000000
20,73,2.356194
20,77,0.000000
20,78,-1.570796
20,79,3.141593
20,81,1.249046
21,22,0.321751
21,28,-0.785398
21,39,-0.785398
21,40,-2.356194
21,41,-0.785398
21,42,-1.892547
21,65,-0.321751
21,76,1.570796
21,85,1.570796
22,38,-0.785398
22,73,0.000000
22,76,3.141593
23,17,0.000000
23,18,1.570796
23,20,1.892547
23,27,2.356194
23,32,1.249046
23,33,2.356194
23,73,-1.570796
23,76,-1.570796
24,26,-1.892547
24,40,0.000000
24,41,3.141593
24,56,0.000000
24,57,0.785398
24,71,0.000000
24,72,2.356194
25,17,0.321751
25,28,1.249046
25,29,2.356194
25,30,0.000000
25,35,3.141593
25,58,-1.570796
25,63,2.356194
25,72,-1.570796
25,79,1.249046
25,81,-1.892547
25,86,2.819842
26,7,0.321751
26,9,3.141593
26,17,-0.785398
26,26,0.785398
26,33,-2.356194
27,7,-1.570796
27,10,0.785398
27,12,1.892547
27,20,-0.321751
27,25,3.141593
27,30,0.000000
27,31,-1.892547
27,39,0.000000
27,40,3.141593
27,62,3.141593
27,76,0.785398
27,86,-2.819842
28,14,1.570796
28,15,2.356194
28,16,-0.785398
28,17,-1.570796
28,18,3.141593
28,27,-0.785398
28,28,-2.356194
28,33,2.356194
28,35,0.000000
28,36,3.141593
28,70,1.570796
28,88,0.000000
28,89,-1.570796
28,90,3.141593
29,12,-1.892547
29,19,1.570796
29,26,3.141593
29,32,-0.785398
29,43,0.000000
29,44,3.141593
29,47,0.000000
29,48,0.000000
29,51,1.570796
29,55,1.249046
29,56,2.356194
29,64,0.000000
29,65,-1.570796
29,66,3.141593
29,70,-0.785398
29,72,1.892547
29,77,-0.321751
29,87,1.570796
30,24,-0.785398
30,25,-1.892547
30,30,3.141593
30,53,2.356194
30,59,-1.249046
30,63,-2.356194
30,68,0.785398
30,69,2.356194
31,55,-2.356194
31,83,-0.785398
31,88,2.819842
31,91,2.356194
32,14,-1.570796
32,15,-2.356194
32,16,0.785398
32,25,1.249046
32,26,3.141593
32,69,-0.321751
32,91,-2.819842
33,6,0.785398
33,24,0.000000
33,25,-1.892547
33,29,3.141593
33,70,-1.249046
33,71,3.141593
33,75,-1.249046
33,76,3.141593
33,80,0.000000
34,8,2.356194
34,9,0.785398
34,10,1.570796
34,27,-0.785398
34,33,0.000000
34,34,3.141593
34,45,1.249046
34,46,3.141593
34,52,-1.249046
34,54,-1.570796
34,55,-2.356194
34,72,0.000000
34,73,1.892547
34,85,0.321751
35,5,0.321751
35,16,0.785398
35,31,3.141593
35,39,-0.785398
35,50,2.356194
35,87,-2.356194
36,12,-1.892547
36,22,-2.819842
36,49,0.321751
36,50,-2.819842
36,74,-1.249046
36,75,3.141593
36,79,0.000000
36,83,-1.249046
36,90,2.356194
37,4,0.321751
37,21,-1.892547
37,70,1.570796
37,80,-1.570796
37,90,3.141593
38,29,0.000000
38,32,3.141593
38,48,0.000000
38,49,-1.570796
38,50,-2.356194
38,63,3.141593
38,67,0.785398
38,72,1.892547
38,81,0.000000
38,82,1.892547
39,3,0.321751
39,14,0.785398
39,15,1.892547
39,17,1.570796
39,20,0.785398
39,21,2.356194
39,41,-0.785398
39,42,-1.892547
39,72,-1.249046
39,73,3.141593
39,78,1.570796
39,85,-0.785398
40,7,1.892547
40,10,0.785398
40,20,-1.570796
40,65,0.785398
40,70,-1.570796
40,74,0.000000
40,75,1.892547
40,78,0.000000
40,80,1.892547
41,3,0.000000
41,11,-1.249046
41,12,-2.356194
41,14,-0.785398
41,18,-2.356194
41,24,3.141593
41,28,1.570796
41,36,2.356194
41,67,3.141593
41,71,1.570796
41,78,-1.570796
41,80,-1.249046
41,82,2.356194
41,84,-2.356194
42,3,-0.785398
42,7,-1.892547
42,21,1.249046
42,22,3.141593
42,28,-1.570796
42,35,-0.785398
42,56,0.000000
42,72,3.141593
42,88,3.141593
43,19,1.249046
43,21,-1.892547
43,53,3.141593
43,62,0.000000
43,65,1.570796
43,69,0.785398
43,77,-1.249046
43,78,3.141593
44,9,0.785398
44,10,1.570796
44,11,2.356194
44,14,-0.785398
44,19,-1.892547
44,33,0.785398
44,36,-2.356194
44,63,-1.570796
44,79,0.000000
44,80,1.892547
44,90,3.141593
45,21,2.356194
45,27,0.785398
45,64,-0.785398
45,71,1.570796
46,19,1.249046
46,20,3.141593
46,25,3.141593
46,28,0.000000
46,29,2.356194
46,71,-0.321751
46,76,0.000000
46,77,1.892547
47,8,-1.892547
47,29,-2.356194
47,37,1.249046
47,39,1.892547
47,43,1.249046
47,44,2.356194
47,48,3.141593
47,50,0.000000
47,59,3.141593
47,66,1.570796
48,18,-1.892547
48,33,1.249046
48,35,-1.570796
48,42,-0.785398
48,43,-1.892547
48,66,-0.321751
48,84,2.819842
48,89,0.785398
48,90,2.356194
49,9,0.000000
49,10,0.785398
49,29,-1.570796
49,30,-2.356194
49,32,-0.785398
49,33,-1.892547
49,39,-1.892547
49,68,2.819842
49,75,2.819842
49,84,-1.570796
49,90,-2.356194
50,3,0.785398
50,5,-2.356194
50,64,0.785398
50,68,-1.570796
50,75,-1.570796
50,85,1.570796
51,3,-1.570796
51,6,0.785398
51,7,2.356194
51,13,-0.785398
51,14,-1.892547
51,26,-0.785398
51,27,-2.356194
51,40,2.356194
51,43,0.000000
51,45,3.141593
51,47,0.000000
51,49,3.141593
51,52,0.000000
51,54,3.141593
51,56,0.000000
51,60,0.785398
51,61,1.892547
51,82,2.819842
51,85,-0.321751
52,6,-0.785398
52,22,0.321751
52,38,0.000000
52,62,2.819842
52,73,0.785398
52,77,0.000000
52,87,2.819842
53,2,-1.570796
53,15,1.249046
53,16,2.356194
53,35,0.000000
53,36,3.141593
53,62,-1.570796
53,71,-2.356194
53,82,-0.321751
53,87,-1.570796
53,91,-1.570796
54,5,1.570796
54,17,0.000000
54,18,0.785398
54,19,1.570796
54,20,2.356194
54,21,-0.785398
54,24,-2.819842
54,32,3.141593
54,78,-0.321751
54,84,2.819842
55,5,-2.819842
55,9,2.356194
55,13,0.321751
55,41,0.000000
55,51,2.356194
55,54,0.785398
55,55,1.570796
55,56,2.356194
55,88,-1.570796
56,3,0.321751
56,8,1.570796
56,20,3.141593
56,50,-0.785398
56,75,0.785398
56,81,2.819842
56,84,-0.321751
57,3,-0.785398
57,8,-2.819842
57,13,0.000000
57,23,-0.785398
57,28,3.141593
57,51,-2.356194
57,56,0.000000
57,57,1.892547
57,70,-1.570796
57,75,0.000000
57,81,-1.570796
58,3,0.785398
58,6,0.000000
58,7,-1.892547
58,47,3.141593
58,58,2.819842
58,75,-1.570796
58,77,1.570796
58,82,1.570796
58,86,-1.249046
58,87,3.141593
59,5,3.141593
59,13,3.141593
59,18,-0.785398
59,19,-2.356194
59,21,3.141593
59,32,3.141593
59,49,0.785398
59,58,-1.570796
59,77,-0.321751
59,82,-0.321751
59,83,2.819842
60,2,0.321751
60,9,1.249046
60,10,3.141593
60,13,-1.570796
60,79,2.819842
60,83,-1.570796
61,4,-2.356194
61,14,2.356194
61,37,0.785398
61,51,-2.356194
61,69,-1.570796
61,79,-1.570796
62,2,0.000000
62,7,0.321751
62,14,-2.819842
62,17,0.000000
62,18,3.141593
62,38,-2.356194
62,56,0.785398
62,66,1.570796
62,89,0.785398
63,2,-0.785398
63,12,0.000000
63,13,-1.892547
63,32,0.000000
63,33,3.141593
63,45,0.785398
63,49,0.785398
63,53,0.785398
63,57,-1.570796
63,66,-0.321751
63,67,2.819842
63,76,1.570796
63,81,1.570796
63,86,1.570796
63,89,-0.785398
63,90,3.141593
64,3,-2.356194
64,6,0.321751
64,7,-2.819842
64,11,1.570796
64,36,1.570796
64,41,0.785398
64,50,-2.356194
64,54,0.000000
64,76,-0.321751
64,77,2.819842
64,81,-0.321751
64,82,2.819842
64,86,-0.321751
64,88,3.141593
64,91,-2.356194
65,10,0.321751
65,11,-2.819842
65,19,1.570796
65,27,0.000000
65,29,3.141593
65,36,-1.570796
65,63,-1.570796
65,67,-0.321751
65,68,2.819842
65,72,0.000000
65,73,3.141593
65,77,-1.570796
66,10,-1.570796
66,14,1.570796
66,51,0.785398
66,78,-2.356194
66,82,-0.321751
67,4,-1.570796
67,48,-2.356194
67,56,-2.356194
67,69,3.141593
67,84,2.819842
67,89,0.000000
68,65,0.785398
68,70,1.570796
68,80,1.570796
68,90,-1.570796
69,6,1.570796
69,9,-1.570796
69,41,1.570796
69,45,1.570796
69,50,1.570796
69,54,-2.356194
69,58,0.785398
69,62,1.570796
69,71,3.141593
69,84,-0.321751
70,6,2.356194
70,27,3.141593
70,46,3.141593
70,62,-0.321751
70,63,2.819842
70,76,0.785398
70,81,1.570796
70,85,-1.249046
70,86,3.141593
71,5,0.321751
71,6,-2.819842
71,21,3.141593
71,55,0.785398
71,59,-1.570796
71,63,-1.570796
71,77,1.570796
71,81,-0.321751
71,87,1.570796
72,5,-0.785398
72,20,-1.570796
72,43,-2.356194
72,52,-2.356194
72,56,-2.356194
72,77,-0.321751
72,83,2.819842
72,87,-0.321751
73,8,1.570796
73,48,-2.356194
73,64,-1.570796
73,67,-1.570796
73,70,0.785398
73,74,-2.356194
73,79,2.819842
74,11,-1.570796
74,44,0.785398
74,53,0.785398
74,71,-2.356194
74,83,-0.321751
74,89,-1.570796
75,45,-2.356194
75,49,0.785398
75,54,-2.356194
75,58,1.570796
75,62,1.570796
75,65,1.570796
75,68,1.570796
75,76,1.570796
75,79,-0.321751
76,2,-1.570796
76,11,1.570796
76,22,1.570796
76,26,1.249046
76,27,2.356194
76,28,3.141593
76,76,0.785398
76,81,2.819842
76,86,2.819842
76,90,-1.570796
77,25,0.321751
77,46,0.785398
77,62,-1.570796
77,69,-2.356194
77,76,-0.321751
77,77,2.819842
77,86,-1.570796
78,25,-0.785398
78,51,-2.356194
78,77,-1.570796
78,81,-0.321751
79,22,-1.570796
79,25,-1.570796
79,43,1.570796
79,70,1.570796
80,11,-1.570796
80,52,0.785398
80,66,-1.570796
80,70,-1.570796
80,74,1.570796
80,78,-1.570796
80,84,2.819842
81,22,1.570796
81,26,1.570796
81,60,-1.570796
81,64,1.570796
81,74,-1.570796
82,11,1.570796
82,53,-1.570796
82,57,1.570796
82,71,1.570796
82,85,3.141593
83,14,-1.570796
83,18,-1.570796
83,27,-2.356194
83,49,-2.356194
83,57,-1.570796
83,65,-2.356194
83,71,-1.570796
83,79,1.249046
83,81,1.892547
83,86,1.570796
83,91,-2.356194
84,44,-1.570796
84,54,1.570796
84,76,0.785398
84,86,-0.321751
84,87,2.819842
85,15,1.570796
85,34,0.785398
85,50,1.570796
85,69,1.570796
85,87,-1.570796
86,19,1.570796
86,35,-2.356194
86,41,1.570796
86,44,1.570796
86,50,-1.570796
86,66,1.570796
86,69,-1.570796
86,75,0.000000
86,76,2.356194
86,79,-2.356194
86,84,2.819842
86,88,1.570796
87,15,-1.570796
87,19,-1.570796
87,23,-1.570796
87,32,0.785398
87,76,-2.356194
87,88,-0.321751
87,89,2.819842
88,33,-2.356194
88,44,-1.570796
88,76,0.785398
88,84,-0.321751
88,85,2.819842
88,89,-1.570796
89,15,0.785398
89,24,1.570796
89,41,-1.570796
89,67,-1.570796
89,76,0.000000
89,85,-1.570796
90,20,1.570796
90,31,1.570796
90,51,1.570796
90,54,-1.570796
90,71,1.570796
90,76,-0.785398
90,82,1.570796
91,31,0.785398
91,47,1.570796
91,68,1.570796
91,87,1.570796
92,8,2.356194
92,12,0.785398
92,21,-2.356194
92,26,1.570796
92,32,3.141593
92,54,1.570796
92,61,1.570796
92,75,0.321751
92,77,-2.356194
92,81,-0.785398
92,83,2.819842
92,87,-0.321751
92,89,3.141593
93,8,3.141593
93,13,2.819842
93,26,-0.321751
93,27,2.819842
93,34,3.141593
93,36,0.000000
93,38,3.141593
93,47,-1.570796
93,51,-1.570796
93,68,-1.570796
93,71,0.785398
93,75,-1.570796
94,10,1.249046
94,11,3.141593
94,13,-2.356194
94,23,1.570796
94,27,-1.570796
94,42,1.570796
94,71,-0.785398
94,73,1.570796
94,74,3.141593
94,83,-0.321751
94,84,2.819842
94,88,-0.321751
94,89,2.819842
95,5,-0.785398
95,42,-1.570796
95,46,2.356194
95,65,1.570796
95,69,2.356194
95,84,-2.356194
95,89,-1.570796
96,50,2.356194
96,68,-0.785398
96,76,1.570796
96,84,-1.570796
97,9,-1.570796
97,10,-2.356194
97,24,-1.570796
97,33,3.141593
97,37,0.785398
97,44,-0.785398
97,54,-1.570796
97,65,-1.570796
97,91,-2.356194
98,20,-2.356194
98,40,3.141593
98,49,-1.570796
98,61,-1.570796
98,68,-1.570796
98,73,-1.570796
98,77,-2.356194
98,81,-1.570796
