5,51,0.785398
5,52,1.570796
5,53,2.356194
6,35,1.249046
6,36,3.141593
8,22,1.249046
8,23,2.356194
8,61,0.000000
8,62,1.570796
8,63,3.141593
9,34,-2.356194
10,12,3.141593
10,22,-1.570796
10,34,0.785398
10,36,1.249046
10,47,0.000000
10,50,0.785398
10,56,1.249046
10,58,1.892547
11,34,-0.321751
11,51,-1.249046
11,52,-2.356194
12,10,0.321751
12,23,0.785398
12,40,2.356194
12,41,0.785398
12,42,1.892547
12,56,-1.249046
12,65,-2.356194
12,78,1.570796
13,10,-0.785398
13,23,0.000000
13,25,1.892547
13,32,1.570796
13,42,-1.249046
13,43,-2.356194
13,44,0.785398
13,45,1.570796
13,46,2.356194
13,48,3.141593
13,59,-1.249046
14,50,0.000000
14,54,0.785398
14,55,1.892547
14,62,-1.249046
15,23,0.000000
15,27,-1.570796
15,34,-1.892547
15,40,2.819842
15,45,0.785398
15,55,-1.249046
15,56,-2.356194
15,57,0.785398
15,58,1.892547
16,10,2.356194
16,23,-0.785398
16,25,-1.570796
16,40,-1.570796
16,45,0.000000
16,58,-1.249046
16,59,-2.356194
16,60,0.785398
16,61,1.892547
16,71,2.819842
16,75,0.000000
16,76,-1.892547
17,23,0.785398
17,32,0.785398
17,52,-2.356194
17,61,-1.249046
17,73,1.249046
17,74,3.141593
18,8,0.321751
18,35,-0.785398
18,36,-1.570796
18,37,3.141593
18,45,-2.819842
18,57,0.000000
18,65,-2.356194
18,67,3.141593
19,8,-0.785398
19,19,0.785398
19,20,1.570796
19,21,2.356194
19,22,-0.785398
19,23,-1.892547
19,26,-2.356194
19,39,2.356194
19,40,0.785398
19,60,0.785398
19,61,1.892547
20,28,1.570796
20,44,-1.570796
20,61,-1.249046
20,67,-0.321751
21,8,2.356194
21,31,0.000000
21,36,-0.785398
21,37,-1.892547
21,41,-2.819842
21,45,0.785398
21,46,2.356194
21,52,0.785398
21,63,-1.249046
21,65,1.892547
22,7,0.321751
22,15,0.000000
22,16,1.570796
22,17,2.356194
22,22,2.356194
22,45,-0.785398
22,53,-1.570796
22,65,-1.249046
22,66,-2.356194
22,75,-2.819842
23,7,-0.785398
23,19,2.356194
23,20,-0.785398
23,21,-1.892547
23,30,-0.785398
23,31,-2.356194
23,85,2.356194
24,7,2.356194
24,16,-0.321751
24,36,1.249046
24,38,-1.892547
24,63,0.000000
24,64,0.785398
24,65,1.892547
24,68,-1.570796
24,70,-1.249046
25,6,0.321751
25,33,1.570796
25,35,0.000000
25,36,-1.892547
25,53,1.570796
25,65,-1.249046
25,72,0.000000
26,6,-0.785398
26,12,0.000000
26,19,2.356194
26,53,-2.819842
26,67,-1.249046
26,68,3.141593
26,73,-1.249046
26,75,1.892547
26,79,0.785398
26,80,1.570796
26,81,2.356194
26,82,-0.785398
26,83,-1.892547
27,13,-1.570796
27,16,1.249046
27,18,-1.892547
27,25,1.249046
27,51,-0.785398
27,63,0.785398
27,69,0.785398
27,70,2.356194
27,75,-1.249046
27,76,-2.356194
27,77,0.785398
28,16,-1.892547
28,23,1.249046
28,25,-1.892547
28,30,2.356194
28,31,-0.785398
28,32,-1.892547
28,78,-1.249046
29,13,-0.785398
29,14,-1.892547
29,18,1.249046
29,19,2.356194
29,22,-0.785398
29,27,1.249046
29,29,-1.892547
29,59,-2.356194
29,69,3.141593
29,73,0.000000
29,74,1.892547
30,17,0.000000
30,18,-1.892547
30,25,2.356194
30,26,-0.785398
30,62,0.000000
30,69,-1.570796
30,74,-1.249046
30,75,-2.356194
31,22,1.249046
31,24,-1.892547
31,29,2.356194
31,33,3.141593
31,64,0.000000
31,65,1.892547
31,70,0.000000
31,71,1.892547
32,19,1.249046
32,20,2.356194
32,21,-0.785398
32,27,-0.785398
32,28,-1.892547
32,65,-1.249046
32,66,-2.356194
32,71,-1.249046
32,72,-2.356194
32,73,0.785398
32,74,1.892547
32,78,0.000000
32,79,1.892547
33,5,0.321751
33,7,-2.356194
33,17,1.249046
33,19,-1.892547
33,24,2.356194
33,25,0.000000
33,32,3.141593
33,74,-1.249046
33,75,3.141593
33,79,-1.249046
33,80,-2.356194
33,81,0.785398
34,5,-0.785398
34,16,-0.785398
34,17,-1.892547
34,22,-0.785398
34,28,2.356194
34,63,2.356194
34,86,2.356194
35,13,1.249046
35,14,3.141593
35,62,-0.785398
35,65,-2.356194
35,77,0.000000
35,78,1.892547
35,84,2.356194
35,85,-0.785398
35,86,-2.356194
36,5,0.785398
36,22,1.249046
36,29,2.356194
36,32,3.141593
36,78,-1.249046
37,5,0.000000
37,11,-0.785398
37,21,0.000000
37,22,-1.892547
37,26,2.356194
37,27,-0.785398
37,28,-1.892547
37,75,0.000000
37,76,1.892547
38,5,-0.785398
38,14,3.141593
38,19,1.249046
38,24,0.000000
38,25,-1.892547
38,62,-1.570796
38,72,1.570796
38,76,-1.249046
38,77,3.141593
38,81,-1.249046
39,12,0.000000
39,13,-1.892547
39,17,1.249046
39,22,2.356194
39,35,3.141593
39,72,-1.570796
39,78,0.000000
40,15,1.249046
40,17,-1.892547
40,21,-1.892547
40,79,-1.570796
41,7,1.249046
41,8,2.356194
41,10,0.000000
41,76,0.785398
41,80,1.570796
41,87,2.356194
42,11,0.785398
42,12,2.356194
42,13,-0.785398
42,14,-1.892547
42,17,1.249046
42,18,3.141593
42,21,1.249046
42,22,3.141593
42,29,1.249046
42,30,2.356194
42,37,0.000000
42,38,1.892547
42,42,1.249046
42,43,2.356194
42,62,0.000000
42,68,0.785398
42,80,-0.785398
42,81,-2.356194
42,87,3.141593
43,16,0.000000
43,20,0.000000
43,21,-1.892547
43,27,0.000000
43,28,-0.785398
43,29,-1.892547
43,59,0.785398
43,70,3.141593
43,79,0.000000
43,87,-2.356194
44,15,-0.785398
44,18,0.000000
44,37,-0.785398
44,38,-1.892547
44,42,-1.570796
44,51,3.141593
44,66,-2.356194
44,76,0.785398
45,5,-0.785398
45,7,-1.249046
45,9,-1.892547
45,13,2.356194
45,21,2.356194
45,31,0.000000
45,45,0.785398
45,46,1.892547
45,54,0.000000
45,55,3.141593
45,62,-2.356194
45,68,0.785398
46,16,-0.785398
46,29,3.141593
46,46,-1.249046
46,47,-2.356194
46,49,3.141593
46,69,-2.356194
46,74,0.785398
46,78,1.570796
47,5,0.785398
47,10,1.249046
47,11,3.141593
47,18,1.570796
47,22,2.356194
47,27,-0.785398
47,33,1.249046
47,34,2.356194
47,51,0.000000
47,52,3.141593
47,60,0.785398
47,66,0.000000
47,71,0.785398
47,78,-0.785398
47,79,-2.356194
47,87,2.356194
48,5,0.000000
48,9,-0.785398
48,10,-1.892547
48,13,1.570796
48,17,0.000000
48,18,-2.356194
48,21,0.785398
48,24,2.356194
48,32,-0.785398
48,33,-1.892547
48,47,3.141593
48,54,0.000000
48,68,0.000000
48,72,-2.356194
48,76,0.000000
48,82,-0.785398
48,83,-1.570796
48,84,-2.356194
48,87,3.141593
49,5,-0.785398
49,19,0.000000
49,20,0.000000
49,22,0.000000
49,57,0.785398
49,58,1.892547
49,64,0.000000
49,65,1.892547
49,69,-1.570796
49,87,-2.356194
50,11,1.249046
50,15,-0.785398
50,21,-2.356194
50,26,-0.785398
50,39,3.141593
50,41,0.000000
50,46,3.141593
50,58,-1.249046
50,59,-2.356194
50,78,-1.249046
50,79,3.141593
50,87,2.356194
51,13,2.356194
51,24,2.356194
51,66,-1.249046
51,68,1.892547
51,72,0.000000
51,73,2.356194
51,76,-2.356194
51,87,3.141593
52,9,0.321751
52,13,-2.356194
52,23,-0.785398
52,28,0.000000
52,38,0.000000
52,41,3.141593
52,43,0.000000
52,45,3.141593
52,56,0.000000
52,63,0.000000
52,64,1.892547
52,68,-1.249046
52,69,3.141593
52,73,-1.570796
52,87,-2.356194
53,15,3.141593
53,26,3.141593
53,36,3.141593
53,59,0.785398
53,60,1.892547
53,64,-1.249046
53,65,3.141593
53,75,3.141593
53,78,0.785398
53,81,0.785398
54,9,0.000000
54,11,-2.356194
54,13,0.000000
54,14,-1.892547
54,20,2.356194
54,30,0.000000
54,40,0.000000
54,44,3.141593
54,55,0.785398
54,60,-1.249046
54,61,3.141593
54,66,0.000000
54,67,1.892547
54,71,0.000000
54,79,-2.356194
54,82,1.570796
54,87,2.356194
55,12,-2.356194
55,16,1.570796
55,46,0.000000
55,47,3.141593
55,62,0.000000
55,63,1.892547
55,67,-1.249046
55,68,3.141593
55,72,-1.570796
55,83,-2.356194
55,87,3.141593
56,11,3.141593
56,15,0.000000
56,16,-2.356194
56,34,3.141593
56,36,0.000000
56,43,3.141593
56,50,0.000000
56,58,0.000000
56,59,1.892547
56,63,-1.249046
56,64,3.141593
56,73,0.000000
56,74,1.892547
56,87,-2.356194
57,14,1.570796
57,17,-2.356194
57,20,2.356194
57,23,0.000000
57,24,3.141593
57,30,1.249046
57,31,2.356194
57,45,0.000000
57,46,3.141593
57,54,0.785398
57,55,1.892547
57,59,-1.249046
57,60,3.141593
57,81,0.785398
58,10,-2.819842
58,13,0.000000
58,14,-2.356194
58,48,0.000000
58,61,0.000000
58,62,1.892547
58,66,0.000000
58,67,1.892547
58,71,0.000000
58,72,1.892547
58,75,-1.249046
58,76,3.141593
58,82,1.570796
59,6,0.321751
59,25,0.785398
59,28,0.000000
59,29,-1.892547
59,33,1.249046
59,34,2.356194
59,35,3.141593
59,37,0.000000
59,44,3.141593
59,56,-1.249046
59,57,-2.356194
59,77,1.570796
60,6,-0.785398
60,9,-1.249046
60,10,-2.356194
60,14,0.000000
60,15,-2.356194
60,23,2.356194
60,26,0.000000
60,31,1.249046
60,33,-1.892547
60,46,0.000000
60,53,0.000000
60,54,1.892547
60,63,-1.249046
60,64,3.141593
60,74,2.819842
60,77,-0.321751
60,78,2.819842
60,87,2.356194
61,29,1.249046
61,31,-1.892547
61,39,3.141593
61,54,-1.249046
61,56,1.892547
61,60,0.000000
61,61,1.892547
61,74,-1.570796
61,78,-1.570796
61,81,0.785398
61,87,-2.819842
62,24,1.570796
62,28,0.000000
62,29,-1.892547
62,41,-0.785398
62,45,3.141593
62,70,-1.249046
62,71,3.141593
63,6,0.785398
63,16,0.785398
63,17,2.356194
63,24,-2.819842
63,57,-1.249046
63,59,1.892547
63,62,-1.249046
63,63,3.141593
63,67,0.000000
63,68,1.892547
63,82,-0.321751
64,6,0.000000
64,17,-2.356194
64,19,-0.785398
64,22,0.321751
64,60,2.819842
64,64,0.000000
64,77,1.570796
65,6,-0.785398
65,16,-0.785398
65,22,-1.570796
65,34,3.141593
65,39,0.000000
65,40,3.141593
65,49,0.785398
65,60,-1.570796
65,69,-1.249046
65,70,3.141593
65,74,1.570796
65,77,-0.321751
65,78,2.819842
65,81,0.000000
66,6,0.785398
66,12,1.570796
66,43,0.000000
66,44,3.141593
66,61,0.000000
66,66,3.141593
66,74,-0.321751
66,75,2.819842
66,82,-1.249046
67,6,0.000000
67,11,-0.785398
67,15,2.356194
67,20,1.570796
67,26,-0.785398
67,46,0.000000
67,51,-2.356194
67,62,-1.570796
67,67,1.570796
67,75,-1.570796
67,78,-0.321751
68,6,-0.785398
68,17,2.356194
68,19,0.321751
68,20,-2.819842
68,39,0.000000
68,48,-2.356194
68,59,1.570796
68,67,-0.321751
68,68,2.819842
68,70,0.785398
68,73,-2.356194
69,19,-1.570796
69,25,2.356194
69,31,2.356194
69,36,3.141593
69,44,3.141593
69,50,0.785398
69,56,0.785398
69,59,-0.321751
69,60,2.819842
69,68,-1.570796
69,71,-2.356194
69,81,2.819842
70,13,-1.570796
70,27,-0.785398
70,30,1.570796
70,57,1.570796
70,60,-1.570796
70,87,2.356194
71,29,0.321751
71,30,-2.819842
71,32,-0.785398
71,37,0.000000
71,49,0.785398
71,57,-0.321751
71,58,2.819842
71,78,1.570796
71,82,-2.356194
71,85,0.785398
71,87,-2.819842
72,23,-1.570796
72,26,2.356194
72,29,-1.570796
72,34,1.570796
72,58,-1.570796
72,61,-1.570796
72,67,1.570796
72,79,2.819842
73,25,-0.785398
73,31,2.356194
73,47,3.141593
73,55,-2.356194
73,59,-2.356194
73,64,0.785398
73,67,-0.321751
73,68,2.819842
73,71,-2.356194
74,14,-1.570796
74,22,2.356194
74,36,1.570796
74,39,0.000000
74,42,3.141593
74,68,-1.570796
74,79,-0.321751
74,82,0.785398
74,83,1.892547
74,86,2.356194
75,30,-1.570796
75,36,-1.570796
75,56,1.570796
75,77,0.785398
75,86,3.141593
76,15,1.570796
76,18,2.356194
76,21,-1.570796
76,32,-1.570796
76,60,0.785398
76,66,-2.356194
76,69,-1.570796
76,74,1.570796
76,77,-0.321751
76,78,2.819842
76,81,-1.249046
76,83,-1.892547
76,86,-2.356194
77,14,0.321751
77,15,-2.819842
77,17,0.321751
77,18,-2.819842
77,23,1.570796
77,26,-1.570796
77,37,2.356194
77,42,2.356194
77,57,-2.356194
77,78,-1.570796
78,14,-0.785398
78,17,-0.785398
78,23,-1.570796
78,29,2.356194
78,40,2.356194
78,54,-1.570796
78,67,1.570796
78,75,-2.356194
78,79,1.570796
79,14,2.356194
79,17,2.356194
79,20,1.570796
79,25,1.570796
79,31,1.570796
79,39,-1.570796
79,62,-2.356194
79,67,-1.570796
79,79,-0.321751
80,9,1.249046
80,10,2.356194
80,13,-0.785398
80,16,0.321751
80,17,-2.819842
80,31,-1.570796
80,43,0.785398
80,44,1.892547
80,76,0.785398
80,80,-1.249046
80,81,3.141593
81,16,-0.785398
81,22,1.570796
81,28,-1.570796
81,38,-1.570796
81,44,-1.249046
81,45,3.141593
81,77,-2.356194
82,16,-1.570796
82,25,-1.570796
82,30,1.570796
82,66,0.785398
83,7,-0.785398
83,22,2.356194
83,33,-0.785398
83,37,1.570796
83,61,1.570796
83,86,2.356194
84,21,0.321751
84,22,-2.819842
84,37,-1.570796
84,41,-1.570796
84,47,-2.356194
84,59,1.570796
84,86,-2.819842
85,21,-0.785398
85,25,1.249046
85,33,1.570796
85,65,1.570796
85,68,1.570796
85,85,-0.785398
86,18,2.356194
86,21,-1.570796
86,24,0.321751
86,27,-2.356194
86,33,-1.570796
86,68,-0.321751
86,69,2.819842
87,18,-2.819842
87,24,-0.785398
87,69,-1.570796
88,16,0.321751
88,30,0.785398
88,43,0.785398
88,60,-1.570796
88,73,0.785398
89,8,0.000000
89,30,-0.321751
89,31,2.819842
89,58,1.570796
89,70,0.785398
89,74,1.570796
90,19,1.570796
90,20,2.356194
90,21,3.141593
90,31,-2.356194
90,47,3.141593
90,61,1.570796
90,71,3.141593
90,74,-0.321751
90,75,2.819842
91,15,0.000000
91,28,0.785398
91,31,-1.570796
91,42,0.785398
91,61,-1.570796
91,64,-1.570796
91,72,1.570796
91,75,-1.570796
92,13,0.785398
92,14,2.356194
92,17,-1.249046
92,28,-0.321751
92,29,2.819842
92,39,0.785398
92,44,3.141593
92,68,0.785398
92,72,-0.321751
92,73,2.819842
92,76,1.570796
92,81,1.249046
92,82,2.356194
93,14,-1.570796
93,29,-2.356194
93,36,1.570796
93,61,1.570796
93,65,1.570796
93,68,-0.785398
93,80,-0.785398
93,81,-1.892547
94,29,0.785398
94,36,-1.570796
94,41,1.570796
94,46,0.000000
94,47,3.141593
94,58,-1.570796
94,61,-1.570796
94,71,-2.356194
94,75,-0.785398
94,76,-1.892547
95,29,-0.321751
95,30,2.819842
95,42,-2.356194
95,43,3.141593
95,65,-1.570796
95,68,0.785398
96,25,-2.356194
96,30,-2.356194
96,34,1.570796
96,63,1.570796
96,68,-0.321751
96,73,-2.819842
97,38,0.000000
97,40,3.141593
97,45,0.000000
97,49,3.141593
97,69,-1.249046
97,70,-2.356194
97,71,-0.785398
97,72,-1.892547
98,22,-2.356194
98,30,-1.570796
98,35,-2.356194
98,63,-1.570796
